10/27/2023,240.08,253.06,237.76,248.78,0.0,0.0,496850.0
10/26/2023,238.53,243.09,236.4205,237.43,0.0,0.0,524327.0
10/25/2023,239.31,240.22,235.79,237.15,0.0,0.0,326903.0
10/24/2023,243.77,244.73,240.51,241.55,0.0,0.0,309058.0
10/23/2023,244.69,246.5075,241.45,241.53,0.0,0.0,318761.0
10/20/2023,246.97,247.0154,244.34,246.18,0.0,0.0,278082.0
10/19/2023,255.7,256.985,246.3,246.62,0.0,0.0,377000.0
10/18/2023,261.45,261.45,254.9474,256.72,0.0,0.0,210926.0
10/17/2023,262.29,269.64,262.29,264.75,0.0,0.0,301517.0
10/16/2023,259.6,265.14,258.1464,264.08,0.0,0.0,263149.0
10/13/2023,257.99,261.19,253.94,256.22,0.0,0.0,188552.0
10/12/2023,266.08,266.08,257.31,257.96,0.0,0.0,294760.0
10/11/2023,263.33,267.57,261.87,267.57,0.0,0.0,154156.0
10/10/2023,266.17,267.385,262.45,263.37,0.0,0.0,249345.0
10/09/2023,260.83,264.44,259.29,264.2,0.0,0.0,131993.0
10/06/2023,256.99,264.65,250.99,262.33,0.0,0.0,292722.0
10/05/2023,255.41,259.65,255.05,258.13,0.0,0.0,255817.0
10/04/2023,252.74,255.96,248.315,255.76,0.0,0.0,232009.0
10/03/2023,250.73,253.78,250.07,251.13,0.0,0.0,255848.0
10/02/2023,258.61,260.56,251.1,251.73,0.0,0.0,291503.0
09/29/2023,261.14,263.25,258.58,259.26,0.0,0.0,333891.0
09/28/2023,255.55,261.63,255.55,259.39,0.0,0.0,231808.0
09/27/2023,255.27,255.75,251.69,255.06,0.0,0.0,325138.0
09/26/2023,248.2,255.2,247.67,253.45,0.0,0.0,375567.0
09/25/2023,255.04,257.139,253.24,255.68,0.0,0.0,197290.0
09/22/2023,254.63,256.14,253.73,254.29,0.0,0.0,298609.0
09/21/2023,264.57,264.57,255.75,255.91,0.0,0.0,431867.0
09/20/2023,273.79,275.6099,265.37,266.22,0.0,0.0,242547.0
09/19/2023,270.46,273.32,267.1,271.91,0.0,0.0,288517.0
09/18/2023,269.92,274.77,268.15,270.29,0.0,0.0,626192.0
09/15/2023,272.01,275.14,266.38,269.28,0.0,0.0,1283737.0
09/14/2023,278.63,279.545,272.83,274.38,0.0,0.0,543797.0
09/13/2023,280.06,283.38,275.67,277.53,0.0,0.0,627109.0
09/12/2023,276.4,281.34,273.14,280.68,0.0,0.0,753447.0
09/11/2023,263.02,279.68,261.69,278.37,0.0,0.0,1064690.0
09/08/2023,248.26,253.62,248.25,251.36,0.0,0.0,614727.0
09/07/2023,253.62,254.65,247.86,248.26,0.0,0.0,630483.0
09/06/2023,257.1,259.5,253.471,253.65,0.0,0.0,449606.0
09/05/2023,266.13,266.35,254.94,257.87,0.0,0.0,384646.0
09/01/2023,265.44,269.92,265.44,268.59,0.0,0.0,308353.0
08/31/2023,264.48,266.2992,262.97,263.02,0.0,0.0,347728.0
08/30/2023,267.17,268.12,263.58,264.11,0.0,0.0,273467.0
08/29/2023,262.03,266.59,261.0,266.27,0.0,0.0,183471.0
08/28/2023,260.08,264.13,260.08,262.61,0.0,0.0,191398.0
08/25/2023,260.75,260.89,254.985,259.28,0.0,0.0,302350.0
08/24/2023,260.04,263.0128,258.88,259.76,0.0,0.0,268279.0
08/23/2023,259.59,261.36,257.515,261.24,0.0,0.0,476392.0
08/22/2023,265.35,267.8021,258.96,259.53,0.0,0.0,389166.0
08/21/2023,267.02,267.55,263.4,265.95,0.0,0.0,416546.0
08/18/2023,269.1,269.1,265.13,266.59,0.0,0.0,516162.0
08/17/2023,280.56,282.595,271.47,271.58,0.0,0.0,413812.0
08/16/2023,280.58,283.76,279.97,280.1,0.0,0.0,279635.0
08/15/2023,285.7,286.56,281.75,281.87,0.0,0.0,272457.0
08/14/2023,287.62,287.66,284.84,286.6,0.0,0.0,234390.0
08/11/2023,285.96,288.85,284.88,288.37,0.0,0.0,225390.0
08/10/2023,285.18,289.12,284.48,285.8,0.0,0.0,274704.0
08/09/2023,284.4,288.27,284.32,285.22,0.0,0.0,303091.0
08/08/2023,283.77,286.08,281.62,285.11,0.0,0.0,269197.0
08/07/2023,284.4,288.27,283.48,285.71,0.0,0.0,348968.0
08/04/2023,282.0,286.14,281.8,283.66,0.0,0.0,327299.0
08/03/2023,277.21,281.17,276.185,278.41,0.0,0.0,284763.0
08/02/2023,276.33,278.7,275.185,278.31,0.0,0.0,272766.0
08/01/2023,275.0,278.825,275.0,278.32,0.0,0.0,465259.0
07/31/2023,278.52,280.4,274.49,277.2,0.0,0.0,478457.0
07/28/2023,278.6,280.11,273.935,277.42,0.0,0.0,479541.0
07/27/2023,280.151,282.22,271.4,276.79,0.0,0.0,827525.0
07/26/2023,267.84,276.31,267.84,273.4,0.0,0.0,589853.0
07/25/2023,265.91,271.1,265.735,268.79,0.0,0.0,339911.0
07/24/2023,270.03,272.03,266.14,266.69,0.0,0.0,342994.0
07/21/2023,269.34,271.83,267.98,269.59,0.0,0.0,296321.0
07/20/2023,270.38,270.54,267.75,268.75,0.0,0.0,356645.0
07/19/2023,268.58,270.27,267.75,268.86,0.0,0.0,417692.0
07/18/2023,268.55,272.5,267.94,269.27,0.0,0.0,396640.0
07/17/2023,265.71,269.6,265.71,268.74,0.0,0.0,347869.0
07/14/2023,268.97,269.99,264.82,266.97,0.0,0.0,339493.0
07/13/2023,265.12,269.08,263.86,268.4,0.0,0.0,421906.0
07/12/2023,265.33,266.83,263.47,263.99,0.0,0.0,288324.0
07/11/2023,261.62,264.775,260.47,262.28,0.0,0.0,346107.0
07/10/2023,257.26,262.145,255.98,260.41,0.0,0.0,418834.0
07/07/2023,253.22,258.99,253.22,257.22,0.0,0.0,440478.0
07/06/2023,252.07,253.51,248.0,252.15,0.0,0.0,567808.0
07/05/2023,255.13,256.93,252.65,256.06,0.0,0.0,416465.0
07/03/2023,256.09,259.58,254.57,257.9,0.0,0.0,243229.0
06/30/2023,257.32,259.83,253.82,256.53,0.0,0.0,463953.0
06/29/2023,248.64,256.01,247.4,255.65,0.0,0.0,400386.0
06/28/2023,247.88,248.83,245.87,248.33,0.0,0.0,293599.0
06/27/2023,241.63,248.38,240.26,247.8,0.0,0.0,257874.0
06/26/2023,241.67,243.5597,240.89,241.07,0.0,0.0,240593.0
06/23/2023,238.83,242.4548,237.11,241.66,0.0,0.0,1268621.0
06/22/2023,241.56,241.56,237.965,240.83,0.0,0.0,368138.0
06/21/2023,239.04,242.51,237.77,241.7,0.0,0.0,383955.0
06/20/2023,237.94,241.545,237.35,239.56,0.0,0.0,481810.0
06/16/2023,241.57,242.51,237.4,239.58,0.0,0.0,979992.0
06/15/2023,235.58,240.83,235.58,240.48,0.0,0.0,338996.0
06/14/2023,238.55,240.26,234.85,236.1,0.0,0.0,381570.0
06/13/2023,235.78,239.53,235.78,237.57,0.0,0.0,471135.0
06/12/2023,232.85,237.705,231.76,235.77,0.0,0.0,398915.0
06/09/2023,233.42,235.26,230.0,232.66,0.0,0.0,475061.0
06/08/2023,231.71,234.78,229.44,233.58,0.0,0.0,380356.0
06/07/2023,226.35,231.85,224.92,231.6,0.0,0.0,383118.0
06/06/2023,224.09,228.41,223.93,226.45,0.0,0.0,492171.0
06/05/2023,225.0,226.88,222.59,224.53,0.0,0.0,383470.0
06/02/2023,219.69,227.43,218.755,225.93,0.0,0.0,361234.0
06/01/2023,213.51,216.67,211.445,216.5,0.0,0.0,339686.0
05/31/2023,215.0,215.315,210.89,212.44,0.0,0.0,778123.0
05/30/2023,216.56,219.0,214.87,215.87,0.0,0.0,309331.0
05/26/2023,217.26,217.72,216.68,216.83,0.0,0.0,96880.0
05/25/2023,211.38,216.02,211.38,215.3,0.0,0.0,444608.0
05/24/2023,210.89,212.015,207.91,211.07,0.0,0.0,304722.0
05/23/2023,212.06,215.055,209.66,211.47,0.0,0.0,258072.0
05/22/2023,212.54,214.43,210.815,213.39,0.0,0.0,246791.0
05/19/2023,217.19,217.42,211.9433,212.31,0.0,0.0,304748.0
05/18/2023,210.0,215.93,208.98,215.03,0.0,0.0,269202.0
05/17/2023,207.03,211.235,205.89,210.31,0.0,0.0,291580.0
05/16/2023,211.08,211.5299,205.095,205.75,0.0,0.0,440239.0
05/15/2023,210.73,214.075,209.27,213.45,0.0,0.0,302423.0
05/12/2023,208.82,210.5,206.835,210.07,0.0,0.0,347053.0
05/11/2023,207.03,208.54,206.09,207.64,0.0,0.0,219616.0
05/10/2023,212.52,213.1,207.69,208.39,0.0,0.0,340028.0
05/09/2023,210.9,212.63,210.51,210.81,0.0,0.0,366227.0
05/08/2023,213.64,213.82,210.25,211.92,0.0,0.0,241283.0
05/05/2023,212.56,214.14,210.88,213.58,0.0,0.0,222526.0
05/04/2023,212.53,214.77,209.14,209.75,0.0,0.0,542679.0
05/03/2023,213.18,216.99,211.36,213.12,0.0,0.0,393487.0
05/02/2023,215.06,215.52,208.576,211.93,0.0,0.0,394775.0
05/01/2023,216.1,217.93,214.47,216.44,0.0,0.0,392920.0
04/28/2023,209.02,221.115,208.84,215.85,0.0,0.0,829279.0
04/27/2023,214.49,219.725,213.29,217.65,0.0,0.0,689365.0
04/26/2023,211.84,216.705,211.84,212.57,0.0,0.0,437984.0
04/25/2023,216.75,218.2204,213.19,213.59,0.0,0.0,331343.0
04/24/2023,219.66,220.49,216.89,217.76,0.0,0.0,380623.0
04/21/2023,220.3,220.3,214.85,218.85,0.0,0.0,325300.0
04/20/2023,218.91,220.69,218.18,220.14,-0.63,0.0,378700.0
04/19/2023,216.84,222.0,215.35,220.77,3.21,0.0,594600.0
04/18/2023,216.94,218.61,215.86,217.56,0.69,0.0,374400.0
04/17/2023,211.79,217.49,210.91,216.87,5.99,0.0,437100.0
04/14/2023,210.76,211.87,209.45,210.88,0.09,0.0,322700.0
04/13/2023,210.6,212.97,207.76,210.79,0.19,0.0,317100.0
04/12/2023,213.19,215.13,210.0,210.6,-0.16,0.0,365200.0
04/11/2023,211.07,213.5,209.75,210.76,0.22,0.0,285100.0
04/10/2023,205.6,211.03,205.6,210.54,4.94,0.0,440600.0
04/06/2023,207.15,207.88,204.29,205.6,-1.24,0.0,461400.0
04/05/2023,209.74,209.74,203.66,206.84,-5.39,0.0,727500.0
04/04/2023,226.24,226.88,211.37,212.23,-13.58,0.0,613500.0
04/03/2023,226.07,228.99,225.18,225.81,-0.26,0.0,417200.0
03/31/2023,227.44,228.65,224.86,226.07,1.05,0.0,451200.0
03/30/2023,225.0,227.19,224.25,225.02,2.27,0.0,490700.0
03/29/2023,220.64,223.01,219.38,222.75,3.76,0.0,229100.0
03/28/2023,217.72,220.69,217.55,218.99,1.56,0.0,221200.0
03/27/2023,215.0,218.3,213.5,217.43,5.38,0.0,297500.0
03/24/2023,211.07,213.21,206.75,212.05,-0.91,0.0,573000.0
03/23/2023,218.14,219.8,211.61,212.96,-4.85,0.0,366701.0
03/22/2023,223.3,224.76,217.74,217.81,-5.45,0.0,518600.0
03/21/2023,224.15,226.25,221.05,223.26,2.19,0.0,588910.0
03/20/2023,220.03,222.03,218.93,221.07,2.86,0.0,638700.0
03/17/2023,222.18,222.31,215.7,218.21,-6.11,0.0,1540300.0
03/16/2023,218.21,225.27,215.36,224.32,1.69,0.0,762220.0
03/15/2023,230.76,232.63,220.84,222.63,-14.7,0.0,608900.0
03/14/2023,241.24,243.15,234.7,237.33,0.1,0.0,507500.0
03/13/2023,239.1,241.35,235.39,237.23,-5.87,0.0,495500.0
03/10/2023,255.2,255.2,241.59,243.1,-12.52,0.0,556000.0
03/09/2023,264.21,266.74,255.47,255.62,-8.19,0.0,248700.0
03/08/2023,260.52,265.03,260.36,263.81,3.32,0.0,211700.0
03/07/2023,263.86,265.44,260.08,260.49,-3.79,0.0,281600.0
03/06/2023,265.43,268.05,262.49,264.28,-1.16,0.0,258600.0
03/03/2023,261.98,266.76,259.49,265.44,4.51,0.0,421000.0
03/02/2023,256.66,260.93,254.21,260.93,2.99,0.0,255100.0
03/01/2023,257.64,262.21,257.17,257.94,-0.28,0.0,219000.0
02/28/2023,258.35,262.24,257.63,258.22,-0.8,0.0,365100.0
02/27/2023,259.39,262.42,257.98,259.02,1.51,0.0,201800.0
02/24/2023,254.18,260.04,253.62,257.51,0.82,0.0,379100.0
02/23/2023,257.58,259.15,252.91,256.69,-0.28,0.0,255600.0
02/22/2023,259.93,260.46,255.8,256.97,-2.76,0.0,356300.0
02/21/2023,264.0,264.65,257.34,259.73,-6.46,0.0,555900.0
02/17/2023,259.6,267.14,258.93,266.19,6.34,0.0,484803.0
02/16/2023,257.01,262.04,257.01,259.85,-0.94,0.0,361500.0
02/15/2023,256.42,262.15,256.42,260.79,3.76,0.0,340800.0
02/14/2023,255.8,259.11,254.67,257.03,-0.32,0.0,292910.0
02/13/2023,256.64,258.49,255.59,257.35,1.71,0.0,304800.0
02/10/2023,250.87,255.64,250.81,255.64,1.96,0.0,328200.0
02/09/2023,253.99,263.33,253.63,253.68,2.44,0.0,493802.0
02/08/2023,258.8,264.39,249.74,251.24,0.56,0.0,770400.0
02/07/2023,245.68,250.68,242.35,250.68,3.95,0.0,522300.0
02/06/2023,248.07,249.76,243.01,246.73,-3.75,0.0,445600.0
02/03/2023,254.75,256.95,249.28,250.48,-6.81,0.0,385903.0
02/02/2023,256.5,259.71,255.96,257.29,1.73,0.0,493000.0
02/01/2023,250.29,257.6,249.85,255.56,4.7,0.0,210400.0
01/31/2023,245.5,250.86,244.36,250.86,6.19,0.0,613305.0
01/30/2023,246.83,250.05,244.63,244.67,-3.8,0.0,231000.0
01/27/2023,242.63,251.32,241.26,248.47,5.31,0.0,316000.0
01/26/2023,242.23,245.82,240.47,243.16,2.42,0.0,232800.0
01/25/2023,238.61,241.64,236.93,240.74,0.42,0.0,190100.0
01/24/2023,241.02,243.55,239.69,240.32,0.03,0.0,212700.0
01/23/2023,236.98,242.86,235.51,240.29,4.39,0.0,244500.0
01/20/2023,234.64,236.72,233.23,235.9,1.98,0.0,197700.0
01/19/2023,235.58,237.78,233.37,233.92,-3.09,0.0,266000.0
01/18/2023,237.41,242.6,236.93,237.01,-1.16,0.0,238200.0
01/17/2023,238.62,241.24,236.96,238.17,-1.26,0.0,247700.0
01/13/2023,239.27,241.41,238.34,239.43,-2.5,0.0,245500.0
01/12/2023,246.99,248.3,241.61,241.93,-4.31,0.0,267800.0
01/11/2023,240.0,246.74,239.0,246.24,7.39,0.0,452300.0
01/10/2023,237.38,239.16,235.51,238.85,1.21,0.0,245400.0
01/09/2023,238.0,239.18,236.06,237.64,1.01,0.0,211700.0
01/06/2023,231.09,237.71,230.41,236.63,6.74,0.0,275300.0
01/05/2023,236.97,238.01,229.78,229.89,-8.35,0.0,376700.0
01/04/2023,235.98,238.32,232.52,238.24,3.95,0.0,418300.0
01/03/2023,237.61,238.42,232.64,234.29,0.0,0.0,318300.0
