06/28/2023,45.09,45.53,44.31,45.11,0.0,0.0,28451.0
06/27/2023,44.71,45.3699,44.35,44.76,0.0,0.0,12971.0
06/26/2023,44.78,45.04,44.34,44.61,0.0,0.0,20740.0
06/23/2023,44.74,45.52,43.81,45.0,0.0,0.0,98202.0
06/22/2023,45.92,46.27,44.85,45.2,0.0,0.0,25026.0
06/21/2023,46.41,46.9099,45.6,45.96,0.0,0.0,17830.0
06/20/2023,47.31,47.79,46.29,46.31,0.0,0.0,37613.0
06/16/2023,45.87,47.95,44.68,47.59,0.0,0.0,141829.0
06/15/2023,44.4,45.595,44.03,45.34,0.0,0.0,20253.0
06/14/2023,44.205,44.53,43.5,43.8,0.0,0.0,37551.0
06/13/2023,44.38,44.41,43.73,43.99,0.0,0.0,29650.0
06/12/2023,44.36,44.47,43.65,44.22,0.0,0.0,11592.0
06/09/2023,44.055,44.3602,43.605,44.0,0.0,0.0,13043.0
06/08/2023,44.245,45.55,44.245,44.8,0.0,0.0,20265.0
06/07/2023,43.38,45.2,43.0,45.07,0.0,0.0,33364.0
06/06/2023,42.54,43.56,42.395,43.0,0.0,0.0,44774.0
06/05/2023,44.21,44.21,42.1701,42.19,0.0,0.0,22925.0
06/02/2023,42.13,44.24,41.36,44.21,0.0,0.0,19125.0
06/01/2023,41.91,42.3,41.85,41.97,0.0,0.0,23664.0
05/31/2023,43.0,43.0,41.93,42.33,0.0,0.0,14544.0
05/30/2023,41.9,43.12,41.8,43.0,0.0,0.0,7286.0
05/26/2023,42.9,42.99,42.7,42.93,0.0,0.0,5167.0
05/25/2023,42.71,42.99,42.0,42.52,0.0,0.0,9780.0
05/24/2023,42.5,42.91,41.945,42.7,0.0,0.0,21042.0
05/23/2023,44.166,44.166,42.22,42.55,0.0,0.0,33794.0
05/22/2023,42.16,43.0,42.0,42.52,0.0,0.0,22075.0
05/19/2023,43.37,43.37,41.65,42.0,0.0,0.0,17890.0
05/18/2023,41.86,42.99,41.56,42.86,0.0,0.0,36213.0
05/17/2023,40.43,41.98,40.12,41.64,0.0,0.0,22397.0
05/16/2023,40.44,40.93,40.13,40.75,0.0,0.0,23177.0
05/15/2023,40.5,40.5,39.865,40.11,0.0,0.0,10274.0
05/12/2023,40.0,40.41,39.54,40.21,0.0,0.0,31280.0
05/11/2023,39.75,39.85,39.11,39.5,0.0,0.0,41717.0
05/10/2023,39.71,40.77,39.4119,40.34,0.0,0.0,32929.0
05/09/2023,39.09,39.52,38.435,39.0,0.0,0.0,34280.0
05/08/2023,38.55,39.4265,37.9,39.15,0.0,0.0,101333.0
05/05/2023,37.18,38.64,36.74,38.56,0.0,0.0,28289.0
05/04/2023,37.27,37.27,35.0,36.34,0.0,0.0,26900.0
05/03/2023,37.5,38.69,37.5,37.84,0.0,0.0,22543.0
05/02/2023,38.24,38.95,36.75,37.15,0.0,0.0,21252.0
05/01/2023,38.64,38.885,37.85,38.43,0.0,0.0,24085.0
04/28/2023,38.58,39.2,38.025,38.66,0.0,0.0,38144.0
04/27/2023,38.08,39.1,38.08,38.55,0.0,0.0,14912.0
04/26/2023,37.93,38.8599,37.33,38.08,0.0,0.0,42363.0
04/25/2023,37.29,38.13,37.29,37.79,0.0,0.0,22717.0
04/24/2023,37.65,37.86,36.975,37.05,0.0,0.0,40201.0
04/21/2023,37.24,37.93,36.91,37.55,0.0,0.0,25723.0
04/20/2023,37.32,37.32,36.78,37.16,-0.65,0.0,19600.0
04/19/2023,36.93,38.38,36.93,37.81,0.91,0.0,24300.0
04/18/2023,37.13,37.13,36.31,36.9,-0.16,0.0,19000.0
04/17/2023,36.25,37.06,36.25,37.06,0.76,0.0,13600.0
04/14/2023,37.33,37.33,36.2,36.3,-0.78,0.0,14100.0
04/13/2023,36.67,37.46,36.48,37.08,0.69,0.0,13100.0
04/12/2023,36.15,36.84,36.15,36.39,0.42,0.0,18800.0
04/11/2023,36.07,36.34,35.9,35.97,-0.2,0.0,21500.0
04/10/2023,36.67,36.67,36.05,36.17,-0.86,0.0,26500.0
04/06/2023,37.45,37.75,36.91,37.03,-0.64,0.0,33600.0
04/05/2023,37.62,38.01,37.5,37.67,-0.44,0.0,14300.0
04/04/2023,38.94,38.94,37.75,38.11,-0.86,0.0,40300.0
04/03/2023,39.04,39.07,38.11,38.97,-0.13,0.0,89800.0
03/31/2023,37.95,39.36,37.59,39.1,1.53,0.0,148600.0
03/30/2023,37.49,38.0,37.37,37.57,0.12,0.0,90700.0
03/29/2023,37.34,37.65,37.05,37.45,0.18,0.0,28000.0
03/28/2023,36.86,37.56,36.86,37.27,0.34,0.0,24000.0
03/27/2023,36.09,37.12,35.89,36.93,0.76,0.0,59600.0
03/24/2023,35.11,36.3,35.11,36.17,0.79,0.0,86100.0
03/23/2023,36.58,37.19,35.11,35.38,-1.17,0.0,62400.0
03/22/2023,37.43,38.09,36.4,36.55,-0.85,0.0,32500.0
03/21/2023,37.6,38.25,37.28,37.4,0.54,0.0,40800.0
03/20/2023,37.45,37.63,36.54,36.86,0.36,0.0,28000.0
03/17/2023,38.44,39.39,36.11,36.5,-2.08,0.0,75900.0
03/16/2023,36.94,39.49,36.42,38.58,1.34,0.0,34200.0
03/15/2023,36.54,38.0,36.54,37.24,-0.24,0.0,38600.0
03/14/2023,37.61,40.39,37.23,37.48,1.63,0.0,50600.0
03/13/2023,38.52,38.54,34.75,35.85,-3.45,0.0,91500.0
03/10/2023,40.06,40.68,38.54,39.3,-1.55,0.0,39500.0
03/09/2023,43.43,43.43,39.8,40.85,-2.83,0.0,71200.0
03/08/2023,43.4,44.0,43.27,43.68,-0.11,0.0,23900.0
03/07/2023,44.57,44.64,43.28,43.79,-0.52,0.0,19000.0
03/06/2023,45.11,45.29,44.0,44.31,-0.73,0.0,26400.0
03/03/2023,45.62,45.62,44.79,45.04,-0.31,0.0,17900.0
03/02/2023,45.86,46.02,45.31,45.35,-0.78,0.0,24800.0
03/01/2023,46.23,46.25,45.69,46.13,0.14,0.0,17400.0
02/28/2023,46.34,46.65,45.99,45.99,-0.07,0.0,13800.0
02/27/2023,45.99,46.25,45.29,46.06,0.53,0.0,20800.0
02/24/2023,44.83,45.77,44.8,45.53,0.27,0.0,28100.0
02/23/2023,45.16,45.36,44.99,45.26,0.35,0.0,12400.0
02/22/2023,46.07,46.07,44.63,44.91,-0.94,0.0,16900.0
02/21/2023,45.74,46.08,44.51,45.85,0.25,0.0,15500.0
02/17/2023,45.55,45.92,44.71,45.6,0.07,0.0,16600.0
02/16/2023,45.0,45.77,45.0,45.53,0.28,0.0,18300.0
02/15/2023,44.36,45.5,43.55,45.25,1.1,0.0,15800.0
02/14/2023,45.0,45.2,43.88,44.15,-0.96,0.0,12500.0
02/13/2023,45.08,45.63,44.25,45.11,0.59,0.0,15800.0
02/10/2023,43.76,44.58,43.66,44.52,0.37,0.0,41700.0
02/09/2023,45.97,46.24,44.02,44.15,-1.36,0.0,12400.0
02/08/2023,45.66,46.0,45.17,45.51,-0.35,0.0,21500.0
02/07/2023,44.16,46.05,43.8,45.86,1.9,0.0,42800.0
02/06/2023,45.77,45.77,43.76,43.96,-1.99,0.0,36200.0
02/03/2023,46.34,46.79,45.73,45.95,-0.39,0.0,26700.0
02/02/2023,46.34,46.89,45.92,46.34,0.32,0.0,40300.0
02/01/2023,46.54,46.66,45.57,46.02,-0.52,0.0,20200.0
01/31/2023,45.55,46.59,45.34,46.54,1.85,0.0,20700.0
01/30/2023,44.29,45.63,44.15,44.69,0.68,0.0,12800.0
01/27/2023,43.81,44.45,43.75,44.01,0.01,0.0,65900.0
01/26/2023,45.04,45.57,42.91,44.0,-0.75,0.0,88900.0
01/25/2023,41.94,46.02,41.81,44.75,3.49,0.0,105200.0
01/24/2023,40.85,41.45,40.8,41.26,0.04,0.0,6500.0
01/23/2023,41.19,41.34,40.89,41.22,-0.12,0.0,15800.0
01/20/2023,40.98,41.35,40.6,41.34,0.71,0.0,13800.0
01/19/2023,40.55,40.79,40.55,40.63,-0.08,0.0,12500.0
01/18/2023,41.5,41.6,40.49,40.71,-0.91,0.0,23600.0
01/17/2023,42.69,42.69,41.45,41.62,-1.07,0.0,30400.0
01/13/2023,41.55,43.0,41.55,42.69,0.82,0.0,10000.0
01/12/2023,41.33,42.06,41.05,41.87,0.83,0.0,13300.0
01/11/2023,41.04,41.25,40.5,41.04,0.0,0.0,20100.0
01/10/2023,41.01,41.6,40.97,41.04,-0.3,0.0,18000.0
01/09/2023,41.77,41.77,41.05,41.34,-0.62,0.0,12000.0
01/06/2023,41.26,41.97,40.67,41.96,1.21,0.0,13205.0
01/05/2023,42.15,42.25,40.72,40.75,-1.59,0.0,26300.0
01/04/2023,42.76,43.86,42.33,42.34,-0.51,0.0,32400.0
01/03/2023,43.25,43.27,42.71,42.85,0.0,0.0,20200.0
