05/12/2023,2.3647,2.3647,2.3,2.3,0.0,0.0,2416.0
05/11/2023,2.335,2.355,2.335,2.355,0.0,0.0,612.0
05/10/2023,2.2,2.39,2.2,2.39,0.0,0.0,1031.0
05/09/2023,2.2005,2.2005,2.2,2.2,0.0,0.0,619.0
05/05/2023,2.34,2.369,2.34,2.369,0.0,0.0,651.0
05/04/2023,2.36,2.37,2.2618,2.2618,0.0,0.0,3054.0
05/03/2023,2.57,2.57,2.46,2.46,0.0,0.0,2042.0
05/02/2023,2.4,2.49,2.39,2.41,0.0,0.0,2535.0
05/01/2023,2.3875,2.5,2.3875,2.5,0.0,0.0,3277.0
04/28/2023,2.43,2.43,2.4,2.4,0.0,0.0,466.0
04/27/2023,2.3966,2.43,2.3898,2.43,0.0,0.0,946.0
04/26/2023,2.3901,2.4111,2.3901,2.4,0.0,0.0,1135.0
04/25/2023,2.3901,2.42,2.3901,2.42,0.0,0.0,1643.0
04/24/2023,2.3848,2.3848,2.3848,2.3848,0.0,0.0,742.0
04/21/2023,2.43,2.43,2.3972,2.43,0.0,0.0,739.0
04/20/2023,2.58,2.58,2.44,2.46,-0.08,0.0,600.0
04/19/2023,2.47,2.54,2.47,2.54,0.04,0.0,700.0
04/18/2023,2.48,2.5,2.48,2.5,0.08,0.0,900.0
04/17/2023,2.4,2.42,2.35,2.42,-0.08,0.0,800.0
04/14/2023,2.5,2.5,2.5,2.5,0.05,0.0,200.0
04/13/2023,2.41,2.45,2.41,2.45,0.06,0.0,7300.0
04/12/2023,2.4,2.42,2.39,2.39,0.02,0.0,3700.0
04/11/2023,2.37,2.37,2.37,2.37,-0.13,0.0,200.0
04/10/2023,2.35,2.5,2.3,2.5,0.1,0.0,4000.0
04/06/2023,2.49,2.5,2.34,2.4,0.08,0.0,1300.0
04/05/2023,2.52,2.52,2.32,2.32,-0.2,0.0,500.0
04/04/2023,2.7,2.7,2.52,2.52,-0.16,0.0,3000.0
04/03/2023,2.67,2.69,2.67,2.68,0.06,0.0,700.0
03/31/2023,2.58,2.69,2.57,2.62,-0.08,0.0,4000.0
03/30/2023,2.7,2.7,2.52,2.7,0.09,0.0,4000.0
03/29/2023,2.68,2.84,2.6,2.61,0.12,0.0,6000.0
03/28/2023,2.35,2.5,2.35,2.49,0.14,0.0,4400.0
03/27/2023,2.57,2.58,2.35,2.35,0.2,0.0,5500.0
03/24/2023,2.15,2.22,2.15,2.15,-0.14,0.0,1900.0
03/23/2023,2.29,2.5,2.01,2.29,0.1,0.0,1700.0
03/22/2023,2.23,2.24,2.19,2.19,0.01,0.0,1100.0
03/21/2023,2.09,2.51,2.08,2.18,-0.32,0.0,21500.0
03/20/2023,2.5,2.5,2.5,2.5,0.48,0.0,400.0
03/17/2023,2.7,2.76,2.02,2.02,-0.53,0.0,9500.0
03/15/2023,2.72,2.72,2.55,2.55,-0.19,0.0,900.0
03/14/2023,2.61,2.88,2.61,2.74,0.23,0.0,3800.0
03/13/2023,2.44,2.63,2.44,2.51,-0.06,0.0,2200.0
03/10/2023,2.45,2.63,2.45,2.56,-0.04,0.0,1100.0
03/09/2023,2.52,2.61,2.38,2.61,-0.05,0.0,3800.0
03/08/2023,2.65,2.66,2.65,2.66,0.13,0.0,400.0
03/07/2023,2.61,2.61,2.53,2.53,-0.13,0.0,500.0
03/06/2023,2.66,2.66,2.66,2.66,-0.01,0.0,2800.0
03/02/2023,2.69,2.69,2.65,2.67,-0.02,0.0,600.0
03/01/2023,2.71,2.73,2.69,2.69,-0.04,0.0,5200.0
02/28/2023,2.74,2.75,2.7,2.73,0.18,0.0,1600.0
02/27/2023,2.51,2.6,2.51,2.55,-0.24,0.0,3700.0
02/24/2023,2.73,2.8,2.73,2.79,0.04,0.0,4200.0
02/23/2023,2.56,2.75,2.53,2.75,0.09,0.0,2500.0
02/22/2023,2.66,2.66,2.66,2.66,-0.06,0.0,300.0
02/21/2023,2.75,2.8,2.72,2.72,-0.08,0.0,4100.0
02/17/2023,2.83,2.83,2.78,2.8,0.04,0.0,2400.0
02/16/2023,2.77,2.77,2.76,2.76,-0.04,0.0,400.0
02/15/2023,2.76,2.8,2.76,2.8,0.05,0.0,2000.0
02/14/2023,2.98,2.99,2.75,2.75,-0.18,0.0,24000.0
02/13/2023,2.92,2.93,2.9,2.93,0.08,0.0,2000.0
02/10/2023,2.9,2.9,2.83,2.85,-0.09,0.0,4200.0
02/09/2023,3.0,3.05,2.94,2.94,0.0,0.0,5800.0
02/08/2023,2.9,2.94,2.85,2.94,0.0,0.0,2800.0
02/07/2023,2.83,2.96,2.77,2.94,-0.02,0.0,900.0
02/06/2023,3.11,3.11,2.93,2.96,-0.02,0.0,6500.0
02/03/2023,3.05,3.05,2.96,2.97,-0.03,0.0,3100.0
02/02/2023,2.88,3.0,2.88,3.0,0.13,0.0,6100.0
02/01/2023,3.0,3.0,2.88,2.88,0.12,0.0,1700.0
01/31/2023,2.89,2.9,2.76,2.76,0.05,0.0,2200.0
01/30/2023,2.81,2.96,2.71,2.71,-0.15,0.0,5500.0
01/27/2023,2.88,2.93,2.85,2.85,-0.02,0.0,1900.0
01/26/2023,2.78,2.93,2.78,2.88,0.03,0.0,1900.0
01/25/2023,2.8,2.85,2.76,2.85,0.03,0.0,4200.0
01/24/2023,2.99,3.04,2.82,2.82,-0.03,0.0,8900.0
01/23/2023,2.82,3.18,2.82,2.85,0.0,0.0,17200.0
01/20/2023,3.02,3.02,2.77,2.85,-0.25,0.0,2900.0
01/19/2023,2.75,3.1,2.75,3.1,0.3,0.0,5200.0
01/18/2023,2.79,2.91,2.79,2.8,0.01,0.0,8300.0
01/17/2023,2.89,2.89,2.75,2.79,-0.09,0.0,12900.0
01/13/2023,3.0,3.1,2.88,2.88,-0.07,0.0,10100.0
01/12/2023,3.0,3.0,2.84,2.95,0.19,0.0,2800.0
01/11/2023,2.88,3.0,2.77,2.77,-0.08,0.0,2400.0
01/10/2023,2.86,2.93,2.78,2.85,-0.01,0.0,1900.0
01/09/2023,2.86,2.9,2.77,2.86,-0.04,0.0,3000.0
01/06/2023,2.93,3.0,2.86,2.9,-0.02,0.0,2700.0
01/05/2023,2.88,2.92,2.79,2.92,-0.02,0.0,2200.0
01/04/2023,3.0,3.0,2.86,2.94,0.14,0.0,1600.0
01/03/2023,2.83,2.89,2.76,2.8,0.0,0.0,2300.0
