11/30/2023,45.71,46.3,45.565,45.95,0.0,0.0,260983.0
11/29/2023,45.57,46.01,45.2,45.51,0.0,0.0,369958.0
11/28/2023,45.98,46.02,45.0671,45.37,0.0,0.0,359820.0
11/27/2023,45.87,46.08,45.5794,46.01,0.0,0.0,156025.0
11/24/2023,45.74,46.1,45.73,45.98,0.0,0.0,54101.0
11/22/2023,45.58,45.97,45.45,45.65,0.0,0.0,124526.0
11/21/2023,46.3,46.37,45.34,45.38,0.0,0.0,240352.0
11/20/2023,46.37,46.54,46.0,46.39,0.0,0.0,169078.0
11/17/2023,46.25,46.75,45.92,46.43,0.0,0.0,628757.0
11/16/2023,46.23,46.58,45.67,46.03,0.0,0.0,468393.0
11/15/2023,46.77,47.31,46.23,46.26,0.0,0.0,565698.0
11/14/2023,46.61,46.86,46.15,46.57,0.0,0.0,375005.0
11/13/2023,44.75,45.07,44.25,44.89,0.0,0.0,195323.0
11/10/2023,44.61,44.97,44.37,44.82,0.0,0.0,280939.0
11/09/2023,45.13,45.13,44.02,44.25,0.0,0.0,269965.0
11/08/2023,45.38,45.46,44.2,44.83,0.0,0.0,231019.0
11/07/2023,45.59,45.675,44.82,45.21,0.0,0.0,360215.0
11/06/2023,46.0,46.05,45.01,46.01,0.0,0.0,377724.0
11/03/2023,45.51,46.72,45.51,45.93,0.0,0.0,445760.0
11/02/2023,43.82,44.93,43.5,44.92,0.0,0.0,602836.0
11/01/2023,40.72,43.73,40.31,43.21,0.0,0.0,1145962.0
10/31/2023,37.23,40.67,36.74,40.48,0.0,0.0,1115649.0
10/30/2023,34.64,34.72,33.985,34.31,0.0,0.0,233782.0
10/27/2023,34.35,34.35,33.74,34.27,0.0,0.0,236020.0
10/26/2023,34.16,34.35,33.79,34.1,0.0,0.0,213374.0
10/25/2023,34.54,34.86,33.91,33.97,0.0,0.0,317856.0
10/24/2023,35.21,35.45,34.655,34.73,0.0,0.0,222266.0
10/23/2023,35.31,35.57,34.81,34.89,0.0,0.0,215820.0
10/20/2023,35.23,35.41,35.0,35.3,0.0,0.0,303646.0
10/19/2023,35.86,35.88,34.96,35.06,0.0,0.0,317976.0
10/18/2023,36.78,36.78,35.98,36.0,0.0,0.0,188812.0
10/17/2023,36.57,37.52,36.375,37.11,0.0,0.0,472375.0
10/16/2023,36.85,37.14,36.54,36.75,0.0,0.0,462301.0
10/13/2023,37.62,37.755,36.36,36.42,0.0,0.0,281578.0
10/12/2023,38.76,38.76,37.52,37.56,0.0,0.0,197960.0
10/11/2023,38.62,38.9094,37.33,38.64,0.0,0.0,142624.0
10/10/2023,38.64,39.24,38.6,38.65,0.0,0.0,159115.0
10/09/2023,37.95,38.48,37.765,38.46,0.0,0.0,160310.0
10/06/2023,37.55,38.555,37.4901,38.18,0.0,0.0,213270.0
10/05/2023,37.38,37.775,37.28,37.61,0.0,0.0,239409.0
10/04/2023,36.3,37.55,36.3,37.38,0.0,0.0,332375.0
10/03/2023,37.31,37.48,36.21,36.32,0.0,0.0,361169.0
10/02/2023,37.87,38.06,37.22,37.43,0.0,0.0,329080.0
09/29/2023,38.4,38.4,37.77,38.02,0.0,0.0,294819.0
09/28/2023,37.62,38.49,37.585,38.14,0.0,0.0,501910.0
09/27/2023,36.88,37.94,35.93,37.63,0.0,0.0,1331530.0
09/26/2023,36.94,37.41,36.65,36.7,0.0,0.0,310682.0
09/25/2023,37.1,37.74,36.96,37.1,0.0,0.0,313618.0
09/22/2023,38.21,38.41,37.2,37.25,0.0,0.0,279534.0
09/21/2023,38.51,38.73,38.19,38.25,0.0,0.0,170189.0
09/20/2023,39.34,39.52,38.75,38.8,0.0,0.0,111052.0
09/19/2023,39.14,39.4,38.92,39.11,0.0,0.0,175367.0
09/18/2023,39.28,39.58,39.1,39.12,0.0,0.0,174436.0
09/15/2023,39.3,39.435,38.97,39.11,0.0,0.0,864722.0
09/14/2023,39.24,40.06,39.15,39.46,0.0,0.0,222642.0
09/13/2023,39.07,39.21,38.71,38.81,0.0,0.0,206260.0
09/12/2023,39.66,39.845,39.06,39.15,0.0,0.0,153007.0
09/11/2023,39.91,39.975,39.24,39.51,0.0,0.0,177971.0
09/08/2023,40.13,40.13,39.43,39.72,0.0,0.0,185296.0
09/07/2023,40.38,40.38,39.11,40.0,0.0,0.0,351796.0
09/06/2023,41.0,41.305,40.23,40.45,0.0,0.0,195745.0
09/05/2023,41.92,41.92,40.59,41.05,0.0,0.0,274717.0
09/01/2023,41.5,42.65,41.5,42.36,0.0,0.0,188785.0
08/31/2023,41.16,41.505,41.12,41.29,0.0,0.0,197903.0
08/30/2023,41.35,41.7525,40.96,41.08,0.0,0.0,143114.0
08/29/2023,40.84,41.28,40.57,41.25,0.0,0.0,175654.0
08/28/2023,40.9,41.5,40.74,40.88,0.0,0.0,118356.0
08/25/2023,40.48,40.84,39.89,40.72,0.0,0.0,104665.0
08/24/2023,40.2,40.52,39.78,40.24,0.0,0.0,189442.0
08/23/2023,40.27,40.685,40.16,40.58,0.0,0.0,140693.0
08/22/2023,40.39,40.71,39.99,40.04,0.0,0.0,126317.0
08/21/2023,40.56,40.56,39.93,40.47,0.0,0.0,169075.0
08/18/2023,40.06,40.79,39.93,40.44,0.0,0.0,171607.0
08/17/2023,41.49,41.73,40.3,40.39,0.0,0.0,219171.0
08/16/2023,42.62,42.752,41.49,41.51,0.0,0.0,217531.0
08/15/2023,42.38,42.72,42.2,42.38,0.0,0.0,218936.0
08/14/2023,42.21,42.54,41.54,42.53,0.0,0.0,204042.0
08/11/2023,42.02,42.355,41.55,42.25,0.0,0.0,215455.0
08/10/2023,42.92,43.25,41.48,41.89,0.0,0.0,167351.0
08/09/2023,42.48,43.33,42.26,42.85,0.0,0.0,308486.0
08/08/2023,41.97,42.43,41.5775,42.32,0.0,0.0,248967.0
08/07/2023,41.88,42.4,41.81,42.19,0.0,0.0,161330.0
08/04/2023,41.98,42.45,41.47,42.03,0.0,0.0,239235.0
08/03/2023,41.74,42.18,41.23,42.01,0.0,0.0,223702.0
08/02/2023,41.41,42.04,41.03,41.87,0.0,0.0,208988.0
08/01/2023,40.85,41.65,40.57,41.65,0.0,0.0,247272.0
07/31/2023,40.32,41.24,39.96,40.93,0.0,0.0,263691.0
07/28/2023,41.31,41.64,39.39,40.09,0.0,0.0,533794.0
07/27/2023,42.53,43.1,40.8,41.51,0.0,0.0,865743.0
07/26/2023,42.43,43.5,42.41,43.48,0.0,0.0,744136.0
07/25/2023,42.75,43.07,42.48,42.66,0.0,0.0,376463.0
07/24/2023,42.76,43.17,42.16,42.99,0.0,0.0,417557.0
07/21/2023,43.87,43.87,42.41,42.69,0.0,0.0,715127.0
07/20/2023,43.53,43.92,43.0,43.63,0.0,0.0,317463.0
07/19/2023,42.37,43.7,41.95,43.32,0.0,0.0,715462.0
07/18/2023,41.22,42.23,41.22,42.04,0.0,0.0,216612.0
07/17/2023,40.71,41.348,40.28,41.1,0.0,0.0,266646.0
07/14/2023,41.7,41.7,40.59,40.6,0.0,0.0,196867.0
07/13/2023,41.45,41.659,41.1,41.51,0.0,0.0,229317.0
07/12/2023,41.47,41.67,40.8322,41.48,0.0,0.0,583932.0
07/11/2023,40.45,40.88,40.265,40.81,0.0,0.0,219069.0
07/10/2023,39.2,40.26,39.2,40.25,0.0,0.0,174178.0
07/07/2023,39.0,39.68,38.325,39.34,0.0,0.0,203264.0
07/06/2023,39.16,39.505,38.26,38.86,0.0,0.0,275232.0
07/05/2023,39.78,39.78,39.23,39.41,0.0,0.0,162893.0
07/03/2023,39.49,40.095,39.49,40.05,0.0,0.0,66613.0
06/30/2023,40.43,40.64,39.76,39.78,0.0,0.0,240611.0
06/29/2023,39.45,40.1,39.36,40.07,0.0,0.0,163508.0
06/28/2023,39.76,39.87,39.46,39.74,0.0,0.0,266302.0
06/27/2023,39.21,39.88,39.02,39.67,0.0,0.0,152158.0
06/26/2023,39.46,39.9,38.82,39.13,0.0,0.0,157749.0
06/23/2023,39.95,40.36,39.22,39.28,0.0,0.0,597205.0
06/22/2023,40.38,40.665,40.03,40.3,0.0,0.0,277286.0
06/21/2023,39.25,40.6,39.02,40.38,0.0,0.0,296244.0
06/20/2023,39.44,39.58,39.11,39.32,0.0,0.0,216097.0
06/16/2023,40.38,40.6,39.46,39.78,0.0,0.0,1028970.0
06/15/2023,39.5,40.15,38.86,40.13,0.0,0.0,707934.0
06/14/2023,39.47,39.75,39.14,39.57,0.0,0.0,630342.0
06/13/2023,39.43,40.23,39.2,39.62,0.0,0.0,1007437.0
06/12/2023,39.53,39.77,38.985,39.45,0.0,0.0,581986.0
06/09/2023,40.18,40.19,39.14,39.67,0.0,0.0,579911.0
06/08/2023,40.28,40.7747,39.42,40.33,0.0,0.0,642312.0
06/07/2023,39.49,40.58,39.32,40.54,0.0,0.0,702261.0
06/06/2023,38.53,39.64,38.4,39.32,0.0,0.0,373392.0
06/05/2023,38.38,38.78,37.455,38.66,0.0,0.0,446019.0
06/02/2023,36.96,38.446,36.89,38.38,0.0,0.0,246798.0
06/01/2023,36.33,36.72,36.1301,36.47,0.0,0.0,524553.0
05/31/2023,36.58,36.58,35.705,36.19,0.0,0.0,868037.0
05/30/2023,36.8,37.08,36.61,36.62,0.0,0.0,317158.0
05/26/2023,36.69,36.81,36.625,36.72,0.0,0.0,113607.0
05/25/2023,36.41,36.555,35.62,36.15,0.0,0.0,495206.0
05/24/2023,37.25,37.25,36.18,36.57,0.0,0.0,895877.0
05/23/2023,36.96,37.51,36.45,37.22,0.0,0.0,300179.0
05/22/2023,37.17,37.185,36.47,36.85,0.0,0.0,370002.0
05/19/2023,37.71,37.84,36.69,37.1,0.0,0.0,411049.0
05/18/2023,37.17,37.535,36.9,37.44,0.0,0.0,504917.0
05/17/2023,36.6,37.43,36.57,37.25,0.0,0.0,208007.0
05/16/2023,36.87,36.91,36.36,36.5,0.0,0.0,239026.0
05/15/2023,37.1,37.38,36.82,37.22,0.0,0.0,316495.0
05/12/2023,37.84,38.065,36.47,37.01,0.0,0.0,534873.0
05/11/2023,36.81,37.57,36.68,37.52,0.0,0.0,596002.0
05/10/2023,38.58,38.7274,36.65,37.18,0.0,0.0,356393.0
05/09/2023,35.28,37.98,35.19,37.9,0.0,0.0,3076002.0
05/08/2023,35.92,36.03,35.22,35.48,0.0,0.0,268884.0
05/05/2023,35.69,36.1,35.34,35.83,0.0,0.0,303199.0
05/04/2023,35.39,35.39,34.38,35.13,0.0,0.0,475379.0
05/03/2023,36.73,36.755,35.31,35.45,0.0,0.0,603228.0
05/02/2023,36.18,37.3734,34.86,36.72,0.0,0.0,691396.0
05/01/2023,38.09,39.0199,37.85,38.27,0.0,0.0,371952.0
04/28/2023,37.56,38.31,37.56,38.13,0.0,0.0,179657.0
04/27/2023,37.23,37.72,37.0876,37.69,0.0,0.0,154638.0
04/26/2023,37.18,37.23,36.79,37.05,0.0,0.0,244918.0
04/25/2023,37.71,38.1,37.42,37.61,0.0,0.0,295157.0
04/24/2023,37.85,38.4,37.85,38.15,0.0,0.0,181683.0
04/21/2023,38.3,38.305,37.61,37.77,0.0,0.0,113243.0
04/20/2023,38.33,38.48,38.02,38.38,-0.04,0.0,191000.0
04/19/2023,38.1,38.65,37.79,38.42,0.11,0.0,389100.0
04/18/2023,38.78,38.93,38.04,38.31,-0.43,0.0,153700.0
04/17/2023,38.62,38.98,38.4,38.74,0.14,0.0,254600.0
04/14/2023,38.97,39.41,38.45,38.6,-0.38,0.0,146700.0
04/13/2023,39.21,39.4,38.55,38.98,-0.21,0.0,172000.0
04/12/2023,38.79,39.42,38.52,39.19,0.75,0.0,195800.0
04/11/2023,38.9,39.1,38.4,38.44,-0.28,0.0,244100.0
04/10/2023,38.37,39.13,38.37,38.72,0.17,0.0,499500.0
04/06/2023,39.29,39.29,38.41,38.55,-0.57,0.0,300800.0
04/05/2023,39.37,39.44,38.58,39.12,-0.39,0.0,468400.0
04/04/2023,41.19,41.19,39.19,39.51,-1.7,0.0,368000.0
04/03/2023,41.08,41.87,40.85,41.21,0.13,0.0,733200.0
03/31/2023,40.74,41.18,40.6,41.08,0.58,0.0,1126500.0
03/30/2023,40.71,40.75,39.98,40.5,0.08,0.0,268800.0
03/29/2023,40.8,40.83,40.02,40.42,0.07,0.0,286300.0
03/28/2023,40.14,40.81,40.14,40.35,-0.01,0.0,158700.0
03/27/2023,40.53,40.98,40.25,40.36,0.46,0.0,280200.0
03/24/2023,39.08,40.12,38.96,39.9,0.3,0.0,247700.0
03/23/2023,40.09,40.72,38.84,39.6,-0.59,0.0,301600.0
03/22/2023,40.91,41.0,40.14,40.19,-0.81,0.0,218300.0
03/21/2023,41.48,41.83,40.9,41.0,0.18,0.0,404400.0
03/20/2023,40.57,41.32,40.57,40.82,0.78,0.0,486600.0
03/17/2023,39.83,40.09,39.36,40.04,-0.09,0.0,1289600.0
03/16/2023,39.4,40.79,39.16,40.13,0.13,0.0,432500.0
03/15/2023,39.72,40.0,39.0,40.0,-0.83,0.0,407300.0
03/14/2023,41.5,41.56,40.36,40.83,0.42,0.0,256800.0
03/13/2023,40.11,40.7,39.88,40.41,-0.52,0.0,650700.0
03/10/2023,41.73,41.94,40.37,40.93,-1.09,0.0,412000.0
03/09/2023,42.86,42.9,41.78,42.02,-0.66,0.0,219700.0
03/08/2023,43.01,43.28,42.2,42.68,-0.1,0.0,252200.0
03/07/2023,43.07,43.25,42.4,42.78,-0.18,0.0,215500.0
03/06/2023,43.27,43.63,42.38,42.96,-0.55,0.0,335600.0
03/03/2023,43.36,44.03,42.94,43.51,0.29,0.0,274400.0
03/02/2023,43.85,43.85,43.22,43.22,-0.63,0.0,268400.0
03/01/2023,43.41,44.02,43.15,43.85,0.65,0.0,348900.0
02/28/2023,43.05,43.79,43.05,43.2,0.05,0.0,434600.0
02/27/2023,43.85,44.11,42.93,43.15,-0.49,0.0,316700.0
02/24/2023,42.48,43.97,42.48,43.64,0.51,0.0,327300.0
02/23/2023,42.6,43.33,42.02,43.13,0.99,0.0,373700.0
02/22/2023,42.84,43.04,41.75,42.14,-0.4,0.0,304500.0
02/21/2023,43.6,43.93,41.94,42.54,-1.24,0.0,378000.0
02/17/2023,43.72,44.15,42.77,43.78,0.6,0.0,416400.0
02/16/2023,41.21,43.92,41.21,43.18,1.93,0.0,495100.0
02/15/2023,40.32,41.28,40.18,41.25,0.32,0.0,223400.0
02/14/2023,41.22,41.54,40.59,40.93,-0.57,0.0,202200.0
02/13/2023,41.01,41.62,40.71,41.5,0.5,0.0,151500.0
02/10/2023,41.23,41.28,40.8,41.0,-0.22,0.0,193000.0
02/09/2023,42.62,42.7,40.45,41.22,-1.06,0.0,364000.0
02/08/2023,42.47,42.74,41.84,42.28,-0.47,0.0,303400.0
02/07/2023,42.54,42.95,42.15,42.75,-0.08,0.0,721400.0
02/06/2023,42.93,42.93,42.2,42.83,-0.27,0.0,201600.0
02/03/2023,42.75,43.85,42.24,43.1,0.3,0.0,1129400.0
02/02/2023,41.46,42.81,40.71,42.8,1.38,0.0,385200.0
02/01/2023,42.45,42.88,41.11,41.42,-1.16,0.0,461200.0
01/31/2023,41.32,42.58,41.03,42.58,1.36,0.0,487200.0
01/30/2023,41.23,41.67,41.05,41.22,-0.28,0.0,200600.0
01/27/2023,41.24,41.85,41.1,41.5,0.32,0.0,270200.0
01/26/2023,41.26,41.44,40.83,41.18,0.08,0.0,251700.0
01/25/2023,40.9,41.1,40.43,41.1,0.05,0.0,1141500.0
01/24/2023,40.24,41.18,39.66,41.05,1.13,0.0,515000.0
01/23/2023,39.73,40.25,39.48,39.92,0.25,0.0,281900.0
01/20/2023,39.51,39.74,39.0,39.67,0.43,0.0,458000.0
01/19/2023,39.35,39.35,38.83,39.24,-0.13,0.0,352900.0
01/18/2023,39.1,39.84,38.93,39.37,0.37,0.0,682900.0
01/17/2023,39.0,39.37,38.81,39.0,-0.1,0.0,721100.0
01/13/2023,37.68,39.2,37.34,39.1,1.55,0.0,478300.0
01/12/2023,36.98,37.64,36.68,37.55,0.9,0.0,198100.0
01/11/2023,36.15,36.69,36.13,36.65,0.73,0.0,189200.0
01/10/2023,35.32,35.96,35.11,35.92,0.57,0.0,131800.0
01/09/2023,35.6,36.13,35.14,35.35,-0.13,0.0,184900.0
01/06/2023,34.97,35.56,34.81,35.48,1.0,0.0,145900.0
01/05/2023,34.8,34.84,34.18,34.48,-0.3,0.0,99000.0
01/04/2023,35.08,35.39,34.6,34.78,-0.25,0.0,164900.0
01/03/2023,35.23,35.48,34.56,35.03,0.0,0.0,149500.0
