08/21/2023,10.7499,10.75,10.72,10.75,0.0,0.0,6863.0
08/17/2023,10.54,10.76,10.54,10.76,0.0,0.0,1000.0
08/15/2023,10.59,10.63,10.51,10.63,0.0,0.0,12789.0
08/14/2023,10.53,10.55,10.53,10.53,0.0,0.0,4060.0
08/11/2023,10.6,10.6,10.58,10.5801,0.0,0.0,1105.0
08/09/2023,10.5,10.55,10.5,10.55,0.0,0.0,6287.0
08/08/2023,10.46,10.53,10.46,10.5,0.0,0.0,1206.0
08/04/2023,10.57,10.57,10.46,10.484,0.0,0.0,489.0
08/03/2023,10.4601,10.4601,10.4601,10.4601,0.0,0.0,127.0
08/01/2023,10.7199,10.7199,10.5199,10.5199,0.0,0.0,399.0
07/28/2023,10.6,10.66,10.51,10.62,0.0,0.0,1548.0
07/25/2023,10.84,10.84,10.84,10.84,0.0,0.0,326.0
07/17/2023,10.51,10.62,10.51,10.62,0.0,0.0,400.0
07/14/2023,10.5,10.51,10.5,10.51,0.0,0.0,773.0
07/13/2023,10.5235,10.5235,10.5235,10.5235,0.0,0.0,120.0
07/03/2023,10.88,10.88,10.45,10.45,0.0,0.0,1201.0
06/26/2023,11.02,11.2694,10.46,10.47,0.0,0.0,1321.0
06/23/2023,11.015,11.015,10.445,10.505,0.0,0.0,4417.0
06/22/2023,11.01,11.01,10.5,10.545,0.0,0.0,4983.0
06/16/2023,10.37,10.7388,10.37,10.47,0.0,0.0,3578.0
06/15/2023,10.47,10.48,10.46,10.46,0.0,0.0,6375.0
06/14/2023,10.48,10.5,10.47,10.47,0.0,0.0,1147.0
06/12/2023,10.5,10.5,10.44,10.44,0.0,0.0,435.0
06/05/2023,10.42,10.43,10.42,10.43,0.0,0.0,16173.0
06/01/2023,10.42,10.42,10.42,10.42,0.0,0.0,870.0
05/30/2023,10.3899,10.4,10.3896,10.3896,0.0,0.0,29046.0
05/26/2023,10.3701,10.3701,10.37,10.37,0.0,0.0,1200.0
05/25/2023,10.38,10.39,10.38,10.3898,0.0,0.0,11208.0
05/23/2023,10.41,10.43,10.37,10.37,0.0,0.0,14969.0
05/22/2023,10.43,10.43,10.39,10.41,0.0,0.0,8801.0
05/17/2023,10.39,10.42,10.36,10.42,0.0,0.0,11513.0
05/15/2023,10.36,10.39,10.36,10.39,0.0,0.0,1391.0
05/12/2023,10.37,10.56,10.36,10.39,0.0,0.0,9652.0
05/11/2023,10.38,10.565,10.36,10.39,0.0,0.0,25182.0
05/10/2023,10.48,10.48,10.48,10.48,0.0,0.0,160.0
05/08/2023,10.37,10.55,10.37,10.525,0.0,0.0,3516.0
05/05/2023,10.565,10.565,10.38,10.38,0.0,0.0,11865.0
05/04/2023,10.3899,10.39,10.38,10.385,0.0,0.0,7259.0
05/03/2023,10.39,10.39,10.39,10.39,0.0,0.0,888.0
05/02/2023,10.565,10.565,10.38,10.45,0.0,0.0,12764.0
05/01/2023,10.39,10.56,10.37,10.38,0.0,0.0,17494.0
04/28/2023,10.7722,11.0782,10.38,10.38,0.0,0.0,8703.0
04/27/2023,11.45,11.45,10.37,10.43,0.0,0.0,5644.0
04/26/2023,10.6,10.63,10.37,10.39,-0.01,0.0,9565.0
04/20/2023,10.4,10.4,10.4,10.4,-0.02,0.0,600.0
04/18/2023,10.36,10.42,10.36,10.42,0.05,0.0,1500.0
04/17/2023,10.32,10.41,9.76,10.37,0.04,0.0,3400.0
04/14/2023,10.42,10.42,10.3,10.33,0.03,0.0,2100.0
04/13/2023,10.3,10.3,10.3,10.3,-0.09,0.0,200.0
04/11/2023,10.43,10.43,10.32,10.39,-0.03,0.0,1300.0
04/10/2023,10.59,10.6,10.34,10.42,0.04,0.0,7300.0
04/06/2023,10.62,10.62,10.33,10.38,0.0,0.0,7900.0
04/05/2023,10.38,10.38,10.38,10.38,-0.01,0.0,600.0
04/04/2023,10.39,10.39,10.37,10.39,0.01,0.0,55900.0
04/03/2023,10.45,10.45,10.38,10.38,-0.01,0.0,141900.0
03/31/2023,10.39,10.4,10.38,10.39,0.01,0.0,1007800.0
03/30/2023,10.38,10.38,10.38,10.38,0.0,0.0,22300.0
03/29/2023,10.38,10.38,10.38,10.38,0.0,0.0,23600.0
03/28/2023,10.38,10.4,10.37,10.38,0.0,0.0,549200.0
03/27/2023,10.38,10.39,10.38,10.38,-0.02,0.0,11800.0
03/24/2023,10.38,10.4,10.38,10.4,0.02,0.0,14300.0
03/23/2023,10.38,10.38,10.38,10.38,-0.02,0.0,14500.0
03/22/2023,10.38,10.4,10.38,10.4,0.03,0.0,36100.0
03/21/2023,10.37,10.38,10.37,10.37,0.0,0.0,15600.0
03/20/2023,10.37,10.38,10.37,10.37,-0.01,0.0,464500.0
03/17/2023,10.37,10.38,10.36,10.38,0.01,0.0,5600.0
03/16/2023,10.37,10.37,10.37,10.37,0.0,0.0,6800.0
03/15/2023,10.35,10.37,10.35,10.37,0.01,0.0,107100.0
03/14/2023,10.36,10.36,10.36,10.36,0.01,0.0,8900.0
03/13/2023,10.35,10.36,10.35,10.35,0.0,0.0,3200.0
03/10/2023,10.36,10.36,10.35,10.35,0.0,0.0,2600.0
03/09/2023,10.36,10.36,10.35,10.35,0.0,0.0,2800.0
03/08/2023,10.35,10.35,10.35,10.35,-0.02,0.0,3100.0
03/07/2023,10.33,10.37,10.33,10.37,0.04,0.0,9400.0
03/06/2023,10.32,10.35,10.32,10.33,0.01,0.0,5000.0
03/03/2023,10.32,10.32,10.32,10.32,0.0,0.0,3600.0
03/02/2023,10.36,10.36,10.32,10.32,0.01,0.0,3900.0
03/01/2023,10.32,10.34,10.31,10.31,-0.03,0.0,4200.0
02/28/2023,10.35,10.35,10.31,10.34,0.03,0.0,6600.0
02/27/2023,10.35,10.35,10.31,10.31,0.0,0.0,6800.0
02/24/2023,10.31,10.31,10.31,10.31,-0.02,0.0,5200.0
02/23/2023,10.32,10.33,10.32,10.33,-0.02,0.0,15800.0
02/22/2023,10.32,10.35,10.32,10.35,0.02,0.0,8800.0
02/21/2023,10.32,10.33,10.32,10.33,0.0,0.0,9500.0
02/17/2023,10.31,10.34,10.3,10.33,0.02,0.0,19200.0
02/16/2023,10.34,10.34,10.31,10.31,-0.01,0.0,7200.0
02/15/2023,10.31,10.32,10.31,10.32,0.01,0.0,14300.0
02/14/2023,10.31,10.31,10.31,10.31,0.0,0.0,7700.0
02/13/2023,10.3,10.31,10.3,10.31,0.0,0.0,2800.0
02/10/2023,10.31,10.31,10.31,10.31,0.0,0.0,700.0
02/08/2023,10.3,10.31,10.3,10.31,0.04,0.0,800.0
02/01/2023,10.27,10.27,10.27,10.27,-0.02,0.0,300.0
01/31/2023,10.28,10.29,10.28,10.29,0.03,0.0,1300.0
01/30/2023,10.28,10.28,10.26,10.26,-0.02,0.0,250400.0
01/25/2023,10.28,10.28,10.28,10.28,0.01,0.0,17900.0
01/24/2023,10.27,10.27,10.27,10.27,-0.0,0.0,400.0
01/19/2023,10.27,10.27,10.26,10.27,0.0,0.0,33400.0
01/18/2023,10.27,10.27,10.26,10.27,-0.0,0.0,7900.0
01/17/2023,10.27,10.27,10.26,10.27,0.0,0.0,12200.0
01/13/2023,10.27,10.44,10.26,10.27,0.02,0.0,1034600.0
01/11/2023,10.26,10.29,10.25,10.25,0.0,0.0,662700.0
01/10/2023,10.25,10.27,10.24,10.25,0.02,0.0,6800.0
01/09/2023,10.23,10.23,10.21,10.23,0.01,0.0,12100.0
01/06/2023,10.25,10.25,10.21,10.22,0.0,0.0,68000.0
01/04/2023,10.19,10.22,10.19,10.22,0.04,0.0,15500.0
01/03/2023,10.18,10.18,10.18,10.18,0.0,0.0,25100.0
