12/28/2023,6.98,7.02,6.9531,6.99,0.0,0.0,11553345
12/27/2023,6.99,7.05,6.97,7.04,0.0,0.0,14502908
12/26/2023,6.86,7.01,6.85,6.99,0.0,0.0,16500433
12/22/2023,6.78,6.9,6.77,6.82,0.0,0.0,15472442
12/21/2023,6.72,6.75,6.67,6.72,0.0,0.0,10497903
12/20/2023,6.72,6.73,6.63,6.63,0.0,0.0,12405275
12/19/2023,6.81,6.83,6.75,6.76,0.0,0.0,10393488
12/18/2023,6.64,6.74,6.6,6.72,0.0,0.0,11626182
12/15/2023,6.65,6.655,6.56,6.58,0.0,0.0,14038588
12/14/2023,6.68,6.748,6.6,6.66,0.0,0.0,23782151
12/13/2023,6.44,6.63,6.395,6.62,0.0,0.0,21372288
12/12/2023,6.39,6.4,6.31,6.36,0.0,0.0,10046955
12/11/2023,6.43,6.47,6.41,6.42,0.0,0.0,9209560.0
12/08/2023,6.39,6.528,6.39,6.51,0.0,0.0,17808986
12/07/2023,6.39,6.46,6.34,6.46,0.0,0.0,22606973
12/06/2023,6.48,6.49,6.36,6.4,0.0,0.0,17702169
12/05/2023,6.35,6.485,6.35,6.46,0.0,0.0,11646192
12/04/2023,6.4,6.45,6.33,6.36,0.0,0.0,8130026.0
12/01/2023,6.34,6.45,6.31,6.43,0.0,0.0,11427763
11/30/2023,6.35,6.43,6.305,6.4,0.0,0.0,13642028
11/29/2023,6.33,6.41,6.33,6.37,0.0,0.0,15802175
11/28/2023,6.255,6.39,6.24,6.38,0.0,0.0,21889405
11/27/2023,6.25,6.2875,6.18,6.22,0.0,0.0,12355057
11/24/2023,6.26,6.29,6.18,6.21,0.0,0.0,10702057
11/22/2023,6.325,6.35,6.26,6.3,0.0,0.0,17246436
11/21/2023,6.3,6.33,6.215,6.24,0.0,0.0,13807778
11/20/2023,6.24,6.35,6.23,6.33,0.0,0.0,14501607
11/17/2023,6.17,6.24,6.15,6.21,0.0,0.0,1.13171E+7
11/16/2023,6.14,6.26,6.125,6.2,0.0,0.0,1.589291E+7
11/15/2023,6.17,6.2,6.125,6.15,0.0,0.0,10205403
11/14/2023,6.12,6.15,6.07,6.11,0.0,0.0,14201317
11/13/2023,5.95,5.99,5.92,5.95,0.0,0.0,12350554
11/10/2023,5.97,6.08,5.96,6.04,0.0,0.0,18950267
11/09/2023,5.89,5.99,5.88,5.92,0.0,0.0,19513611
11/08/2023,5.955,5.955,5.86,5.9,0.0,0.0,13111207
11/07/2023,5.87,5.9873,5.87,5.93,0.0,0.0,22771573
11/06/2023,5.71,5.75,5.68,5.72,0.0,0.0,10471656
11/03/2023,5.63,5.75,5.62,5.7,0.0,0.0,13745184
11/02/2023,5.5,5.63,5.47,5.62,0.0,0.0,11424301
11/01/2023,5.35,5.475,5.345,5.43,0.0,0.0,13805966
10/31/2023,5.34,5.375,5.27,5.31,0.0,0.0,14785478
10/30/2023,5.48,5.495,5.33,5.4,0.0,0.0,23303367
10/27/2023,5.6,5.605,5.41,5.43,0.0,0.0,9978454.0
10/26/2023,5.39,5.56,5.39,5.55,0.0,0.0,14437352
10/25/2023,5.42,5.46,5.375,5.38,0.0,0.0,10853037
10/24/2023,5.4,5.455,5.345,5.39,0.0,0.0,9873795.0
10/23/2023,5.32,5.44,5.3,5.36,0.0,0.0,1.185278E+7
10/20/2023,5.34,5.36,5.27,5.34,0.0,0.0,16147232
10/19/2023,5.26,5.4258,5.25,5.34,0.0,0.0,1.348976E+7
10/18/2023,5.34,5.39,5.25,5.27,0.0,0.0,23052721
10/17/2023,5.4,5.49,5.38,5.42,0.0,0.0,14936628
10/16/2023,5.46,5.5,5.42,5.46,0.0,0.0,12747721
10/13/2023,5.46,5.52,5.39,5.41,0.0,0.0,13803427
10/12/2023,5.48,5.53,5.37,5.41,0.0,0.0,8982481.0
10/11/2023,5.47,5.52,5.42,5.51,0.0,0.0,15200415
10/10/2023,5.41,5.49,5.395,5.41,0.0,0.0,21574986
10/09/2023,5.35,5.36,5.275,5.34,0.0,0.0,16678772
10/06/2023,5.24,5.475,5.21,5.39,0.0,0.0,27150041
10/05/2023,5.29,5.37,5.23,5.35,0.0,0.0,35586572
10/04/2023,5.17,5.28,5.14,5.28,0.0,0.0,15410069
10/03/2023,5.23,5.27,5.12,5.14,0.0,0.0,17130445
10/02/2023,5.34,5.355,5.25,5.3,0.0,0.0,1.015317E+7
09/29/2023,5.4,5.43,5.35,5.37,0.0,0.0,15345665
09/28/2023,5.23,5.4,5.22,5.35,0.0,0.0,15239248
09/27/2023,5.34,5.34,5.18,5.22,0.0,0.0,1.806223E+7
09/26/2023,5.35,5.4,5.29,5.3,0.0,0.0,9635250.0
09/25/2023,5.43,5.465,5.39,5.4,0.0,0.0,9726504.0
09/22/2023,5.45,5.5,5.43,5.45,0.0,0.0,17554507
09/21/2023,5.49,5.505,5.43,5.44,0.0,0.0,11469851
09/20/2023,5.61,5.71,5.6023,5.62,0.0,0.0,13690028
09/19/2023,5.59,5.62,5.52,5.53,0.0,0.0,14172171
09/18/2023,5.66,5.6975,5.6,5.62,0.0,0.0,1.129144E+7
09/15/2023,5.67,5.68,5.6,5.63,0.0,0.0,2.172772E+7
09/14/2023,5.64,5.69,5.61,5.64,0.0,0.0,14562746
09/13/2023,5.6,5.68,5.59,5.61,0.0,0.0,15034673
09/12/2023,5.5,5.57,5.485,5.52,0.0,0.0,12125293
09/11/2023,5.45,5.549,5.415,5.52,0.0,0.0,13752743
09/08/2023,5.33,5.42,5.3,5.34,0.0,0.0,11965816
09/07/2023,5.34,5.34,5.27,5.3,0.0,0.0,10468743
09/06/2023,5.38,5.445,5.31,5.33,0.0,0.0,11758564
09/05/2023,5.44,5.5,5.38,5.39,0.0,0.0,18733868
09/01/2023,5.64,5.65,5.555,5.58,0.0,0.0,26467616
08/31/2023,5.54,5.56,5.45,5.5,0.0,0.0,27394466
08/30/2023,5.75,5.76,5.63,5.64,0.0,0.0,19086114
08/29/2023,5.74,5.835,5.715,5.81,0.0,0.0,22933911
08/28/2023,5.44,5.69,5.42,5.67,0.0,0.0,25944905
08/25/2023,5.53,5.535,5.43,5.49,0.0,0.0,17214201
08/24/2023,5.58,5.62,5.53,5.55,0.0,0.0,13534616
08/23/2023,5.51,5.69,5.49,5.67,0.0,0.0,2.493499E+7
08/22/2023,5.43,5.51,5.4001,5.48,0.0,0.0,15620797
08/21/2023,5.36,5.4,5.322,5.36,0.0,0.0,15250336
08/18/2023,5.3,5.45,5.3,5.41,0.0,0.0,13791071
08/17/2023,5.42,5.45,5.33,5.34,0.0,0.0,19411908
08/16/2023,5.44,5.51,5.38,5.4,0.0,0.0,23430981
08/15/2023,5.4,5.435,5.35,5.41,0.0,0.0,2.125472E+7
08/14/2023,5.53,5.53,5.44,5.45,0.0,0.0,10786342
08/11/2023,5.62,5.66,5.565,5.58,0.0,0.0,14239371
08/10/2023,5.63,5.735,5.61,5.61,0.0,0.0,25254063
08/09/2023,5.54,5.58,5.4401,5.55,0.0,0.0,25173328
08/08/2023,5.525,5.67,5.5,5.57,0.0,0.0,27875194
08/07/2023,5.71,5.72,5.61,5.62,0.0,0.0,22474386
08/04/2023,5.765,5.8457,5.67,5.68,0.0,0.0,24664658
08/03/2023,5.88,5.945,5.75,5.75,0.0,0.0,13866264
08/02/2023,5.94,5.96,5.8401,5.92,0.0,0.0,16823285
08/01/2023,5.93,5.97,5.88,5.94,0.0,0.0,1.403227E+7
07/31/2023,6.02,6.07,5.985,6.01,0.0,0.0,12153156
07/28/2023,5.96,6.0,5.91,6.0,0.0,0.0,13535083
07/27/2023,5.98,6.01,5.8846,5.9,0.0,0.0,15554463
07/26/2023,6.005,6.06,5.94,6.05,0.0,0.0,22478899
07/25/2023,6.01,6.04,5.94,6.0,0.0,0.0,23649409
07/24/2023,6.02,6.15,5.96,5.98,0.0,0.0,27349691
07/21/2023,6.01,6.045,5.955,6.03,0.0,0.0,25924951
07/20/2023,5.81,5.9,5.765,5.89,0.0,0.0,34120231
07/19/2023,5.86,5.89,5.77,5.79,0.0,0.0,2.403547E+7
07/18/2023,5.95,5.98,5.83,5.83,0.0,0.0,16882248
07/17/2023,5.83,5.94,5.795,5.94,0.0,0.0,12479668
07/14/2023,5.94,5.96,5.83,5.84,0.0,0.0,18898445
07/13/2023,5.9,5.98,5.87,5.93,0.0,0.0,14927183
07/12/2023,5.87,5.93,5.82,5.82,0.0,0.0,14460377
07/11/2023,5.75,5.84,5.67,5.83,0.0,0.0,19522439
07/10/2023,5.95,5.97,5.865,5.88,0.0,0.0,12443733
07/07/2023,5.88,6.02,5.88,6.0,0.0,0.0,18755109
07/06/2023,5.86,5.89,5.74,5.79,0.0,0.0,15346528
07/05/2023,5.89,6.0,5.865,5.94,0.0,0.0,17544936
07/03/2023,5.94,5.98,5.92,5.96,0.0,0.0,7191214.0
06/30/2023,5.9,5.94,5.86,5.9,0.0,0.0,1.628144E+7
06/29/2023,5.78,5.84,5.765,5.82,0.0,0.0,13010478
06/28/2023,5.79,5.81,5.73,5.74,0.0,0.0,17811596
06/27/2023,5.9,5.935,5.785,5.86,0.0,0.0,20760839
06/26/2023,5.99,6.04,5.915,5.96,0.0,0.0,9015351.0
06/23/2023,5.93,6.005,5.9,5.94,0.0,0.0,16814481
06/22/2023,6.02,6.03,5.945,5.99,0.0,0.0,17966599
06/21/2023,5.97,6.08,5.97,6.06,0.0,0.0,16953303
06/20/2023,5.95,5.99,5.87,5.98,0.0,0.0,21299946
06/16/2023,5.8,5.95,5.79,5.9,0.0,0.0,18296873
06/15/2023,5.82,5.91,5.82,5.9,0.0,0.0,26225337
06/14/2023,5.7,5.81,5.68,5.8,0.0,0.0,3.296028E+7
06/13/2023,5.65,5.71,5.62,5.68,0.0,0.0,22477046
06/12/2023,5.69,5.72,5.59,5.62,0.0,0.0,17722337
06/09/2023,5.56,5.67,5.54,5.67,0.0,0.0,15588214
06/08/2023,5.52,5.59,5.5,5.57,0.0,0.0,8357203.0
06/07/2023,5.56,5.595,5.49,5.51,0.0,0.0,15210456
06/06/2023,5.44,5.56,5.44,5.51,0.0,0.0,16999661
06/05/2023,5.41,5.5,5.41,5.46,0.0,0.0,21578867
06/02/2023,5.43,5.4463,5.37,5.41,0.0,0.0,17928719
06/01/2023,5.2,5.325,5.184,5.29,0.0,0.0,19886482
05/31/2023,5.18,5.21,5.08,5.14,0.0,0.0,19801365
05/30/2023,5.25,5.26,5.135,5.23,0.0,0.0,29040471
05/26/2023,5.375,5.39,5.37,5.38,0.0,0.0,2576682.0
05/25/2023,5.39,5.42,5.3,5.4,0.0,0.0,24244831
05/24/2023,5.32,5.36,5.2701,5.3,0.0,0.0,20968017
05/23/2023,5.32,5.41,5.27,5.27,0.0,0.0,26775178
05/22/2023,5.4,5.4,5.26,5.26,0.0,0.0,20163726
05/19/2023,5.32,5.36,5.29,5.34,0.0,0.0,21464958
05/18/2023,5.41,5.44,5.35,5.43,0.0,0.0,14309835
05/17/2023,5.49,5.5,5.405,5.49,0.0,0.0,18565868
05/16/2023,5.5,5.55,5.405,5.41,0.0,0.0,24789608
05/15/2023,5.45,5.5,5.385,5.49,0.0,0.0,17674185
05/12/2023,5.41,5.48,5.39,5.42,0.0,0.0,1.425078E+7
05/11/2023,5.37,5.5174,5.36,5.45,0.0,0.0,29661204
05/10/2023,5.31,5.44,5.27,5.43,0.0,0.0,22634976
05/09/2023,5.19,5.36,5.18,5.29,0.0,0.0,27907023
05/08/2023,5.21,5.32,5.1784,5.19,0.0,0.0,34936675
05/05/2023,5.025,5.245,4.995,5.22,0.0,0.0,36418255
05/04/2023,4.99,5.01,4.85,4.95,0.0,0.0,35671241
05/03/2023,4.92,4.99,4.8912,4.93,0.0,0.0,19616923
05/02/2023,5.12,5.15,4.9,4.91,0.0,0.0,2.289683E+7
05/01/2023,5.11,5.18,5.11,5.14,0.0,0.0,6168004.0
04/28/2023,5.09,5.165,5.06,5.15,0.0,0.0,17423588
04/27/2023,5.08,5.1475,5.05,5.14,0.0,0.0,17235927
04/26/2023,5.02,5.0582,4.97,4.99,0.0,0.0,12525427
04/25/2023,5.0,5.05,4.96,5.02,0.0,0.0,21134543
04/24/2023,4.99,5.055,4.92,5.0,0.0,0.0,16361481
04/21/2023,5.02,5.03,4.96,5.03,0.0,0.0,5596926.0
04/20/2023,4.97,5.06,4.97,5.02,0.02,0.0,1.55897E+7
04/19/2023,5.09,5.11,4.99,5.0,-0.16,0.0,1.97071E+7
04/18/2023,5.16,5.22,5.11,5.16,-0.05,0.0,2.05462E+7
04/17/2023,5.27,5.3,5.17,5.21,-0.05,0.0,2.18929E+7
04/14/2023,5.12,5.28,5.11,5.26,0.1,0.0,2.69619E+7
04/13/2023,5.18,5.26,5.15,5.16,-0.04,0.0,3.14944E+7
04/12/2023,5.16,5.27,5.12,5.2,0.13,0.0,3.56693E+7
04/11/2023,4.97,5.1,4.96,5.07,0.24,0.0,4.45187E+7
04/10/2023,4.8,4.86,4.78,4.83,0.03,0.0,1.69859E+7
04/06/2023,4.83,4.84,4.75,4.8,-0.02,0.0,1.91711E+7
04/05/2023,4.84,4.89,4.75,4.82,0.0,0.0,2.92403E+7
04/04/2023,4.78,4.83,4.75,4.82,0.11,0.0,2.10855E+7
04/03/2023,4.74,4.78,4.66,4.71,-0.16,0.0,2.48419E+7
03/31/2023,4.87,4.92,4.8,4.87,0.07,0.0,7.10577E+7
03/30/2023,4.8,4.86,4.67,4.8,0.16,0.0,2.83543E+7
03/29/2023,4.56,4.66,4.54,4.64,0.08,0.0,2.2643E+7
03/28/2023,4.55,4.62,4.55,4.56,0.04,0.0,2.56589E+7
03/27/2023,4.47,4.53,4.43,4.52,0.15,0.0,3.3005E+7
03/24/2023,4.28,4.43,4.24,4.37,0.04,0.0,2.81891E+7
03/23/2023,4.56,4.58,4.28,4.33,-0.15,0.0,5.00247E+7
03/22/2023,4.51,4.6,4.48,4.48,-0.03,0.0,3.41146E+7
03/21/2023,4.49,4.58,4.48,4.51,0.11,0.0,2.97325E+7
03/20/2023,4.48,4.5,4.37,4.4,-0.01,0.0,3.01433E+7
03/17/2023,4.51,4.51,4.37,4.41,-0.13,0.0,4.08494E+7
03/16/2023,4.45,4.57,4.4,4.54,0.13,0.0,3.75145E+7
03/15/2023,4.4,4.45,4.3,4.41,-0.07,0.0,6.58131E+7
03/14/2023,4.48,4.54,4.45,4.48,0.0,0.0,4.16243E+7
03/13/2023,4.49,4.59,4.42,4.48,-0.08,0.0,4.50676E+7
03/10/2023,4.63,4.7,4.54,4.56,-0.2,0.0,3.23939E+7
03/09/2023,4.82,4.86,4.73,4.76,-0.1,0.0,3.08398E+7
03/08/2023,4.83,4.92,4.82,4.86,0.11,0.0,2.0885E+7
03/07/2023,4.71,4.76,4.63,4.75,-0.02,0.0,2.61494E+7
03/06/2023,4.61,4.82,4.6,4.77,0.17,0.0,3.21935E+7
03/03/2023,4.64,4.7,4.6,4.6,0.02,0.0,5.97973E+7
03/02/2023,4.76,4.76,4.58,4.58,-0.3,0.0,5.78654E+7
03/01/2023,4.75,4.88,4.67,4.88,0.07,0.0,4.51952E+7
02/28/2023,4.86,4.87,4.78,4.81,-0.02,0.0,2.79214E+7
02/27/2023,4.92,4.93,4.82,4.83,-0.06,0.0,2.10959E+7
02/24/2023,4.97,4.99,4.87,4.89,-0.23,0.0,2.94421E+7
02/23/2023,5.23,5.26,5.09,5.12,0.07,0.0,2.33045E+7
02/22/2023,5.02,5.09,4.99,5.05,0.04,0.0,3.76374E+7
02/21/2023,5.13,5.17,4.99,5.01,-0.14,0.0,2.98861E+7
02/17/2023,5.13,5.2,5.12,5.15,0.02,0.0,2.34962E+7
02/16/2023,5.06,5.16,5.03,5.13,0.0,0.0,2.21347E+7
02/15/2023,5.12,5.18,5.06,5.13,0.08,0.0,4.5988E+7
02/14/2023,5.16,5.19,5.03,5.05,-0.1,0.0,4.73305E+7
02/13/2023,5.03,5.17,5.0,5.15,0.23,0.0,2.71985E+7
02/10/2023,4.87,4.96,4.82,4.92,0.05,0.0,4.47503E+7
02/09/2023,4.99,5.02,4.87,4.87,-0.22,0.0,4.12502E+7
02/08/2023,4.95,5.1,4.94,5.09,0.42,0.0,4.69761E+7
02/07/2023,4.78,4.8,4.64,4.67,-0.2,0.0,2.94661E+7
02/06/2023,4.78,4.88,4.72,4.87,0.0,0.0,3.46225E+7
02/03/2023,4.91,4.95,4.85,4.87,-0.11,0.0,3.31064E+7
02/02/2023,5.07,5.08,4.96,4.98,0.07,0.0,4.17903E+7
02/01/2023,4.95,4.97,4.83,4.91,-0.07,0.0,3.5513E+7
01/31/2023,4.96,5.01,4.95,4.98,0.15,0.0,1.49186E+7
01/30/2023,4.82,4.84,4.77,4.83,-0.02,0.0,2.07855E+7
01/27/2023,4.9,4.93,4.83,4.85,-0.14,0.0,2.319E+7
01/26/2023,5.01,5.02,4.94,4.99,-0.03,0.0,2.13922E+7
01/25/2023,4.89,5.05,4.86,5.02,0.11,0.0,2.5265E+7
01/24/2023,4.95,4.97,4.88,4.91,0.05,0.0,2.69167E+7
01/23/2023,4.88,4.99,4.83,4.86,-0.1,0.0,4.4984E+7
01/20/2023,4.97,5.05,4.96,4.96,-0.14,0.0,2.9759E+7
01/19/2023,5.02,5.12,4.96,5.1,-0.01,0.0,2.87634E+7
01/18/2023,5.18,5.21,5.06,5.11,0.01,0.0,3.19085E+7
01/17/2023,4.99,5.11,4.96,5.1,0.07,0.0,1.9886E+7
01/13/2023,4.99,5.05,4.96,5.03,-0.03,0.0,1.88664E+7
01/12/2023,5.01,5.14,4.92,5.06,-0.01,0.0,4.28516E+7
01/11/2023,5.01,5.08,4.96,5.07,0.1,0.0,2.72646E+7
01/10/2023,4.87,4.97,4.84,4.97,0.15,0.0,2.80251E+7
01/09/2023,4.7,4.84,4.68,4.82,0.04,0.0,2.21314E+7
01/06/2023,4.7,4.8,4.66,4.78,0.18,0.0,3.12434E+7
01/05/2023,4.44,4.62,4.43,4.6,0.23,0.0,3.10197E+7
01/04/2023,4.4,4.42,4.33,4.37,0.03,0.0,4.74363E+7
01/03/2023,4.48,4.53,4.32,4.34,0.0,0.0,3.14669E+7
