12/04/2023,76.91,78.69,76.91,78.67,0.0,0.0,380608.0
12/01/2023,76.78,77.56,76.52,77.22,0.0,0.0,552106.0
11/30/2023,75.88,76.96,75.735,76.75,0.0,0.0,287163.0
11/29/2023,76.64,76.8,75.28,75.54,0.0,0.0,574355.0
11/28/2023,77.52,77.6,75.96,76.21,0.0,0.0,397858.0
11/27/2023,76.99,78.21,76.6,77.54,0.0,0.0,278231.0
11/24/2023,77.37,78.23,77.31,77.35,0.0,0.0,68536.0
11/22/2023,77.17,78.05,77.1,77.24,0.0,0.0,198836.0
11/21/2023,76.95,77.945,76.63,77.33,0.0,0.0,301226.0
11/20/2023,77.78,77.9299,76.7,77.22,0.0,0.0,381238.0
11/17/2023,76.75,77.84,76.37,77.54,0.0,0.0,382161.0
11/16/2023,75.93,76.8,75.47,76.01,0.0,0.0,364563.0
11/15/2023,76.79,77.74,76.07,76.34,0.0,0.0,280521.0
11/14/2023,76.94,77.64,76.03,76.77,0.0,0.0,323475.0
11/13/2023,76.32,76.75,75.71,76.07,0.0,0.0,307661.0
11/10/2023,77.25,77.25,75.765,76.55,0.0,0.0,376079.0
11/09/2023,76.97,77.25,75.86,76.63,0.0,0.0,411417.0
11/08/2023,76.32,77.26,75.71,76.36,0.0,0.0,378619.0
11/07/2023,76.74,77.31,75.76,76.7,0.0,0.0,351348.0
11/06/2023,77.99,77.99,76.16,76.74,0.0,0.0,486344.0
11/03/2023,77.43,78.69,77.11,78.13,0.0,0.0,285285.0
11/02/2023,76.46,77.33,76.01,76.99,0.0,0.0,446355.0
11/01/2023,74.77,76.07,74.22,76.05,0.0,0.0,431586.0
10/31/2023,74.09,74.72,73.525,74.7,0.0,0.0,368902.0
10/30/2023,74.96,75.395,73.32,73.89,0.0,0.0,454257.0
10/27/2023,77.21,77.385,74.55,74.7,0.0,0.0,440590.0
10/26/2023,77.84,78.69,75.07,77.37,0.0,0.0,759873.0
10/25/2023,80.31,81.05,79.13,79.41,0.0,0.0,426020.0
10/24/2023,80.69,81.51,80.37,80.51,0.0,0.0,335231.0
10/23/2023,81.25,81.25,80.25,80.5,0.0,0.0,281869.0
10/20/2023,82.97,83.435,81.24,81.57,0.0,0.0,363967.0
10/19/2023,82.4,83.425,82.1,82.46,0.0,0.0,407344.0
10/18/2023,82.9,83.19,81.97,82.75,0.0,0.0,363723.0
10/17/2023,81.73,83.62,81.73,83.19,0.0,0.0,295040.0
10/16/2023,82.49,82.605,81.59,82.0,0.0,0.0,290646.0
10/13/2023,81.82,82.3,81.22,81.75,0.0,0.0,216817.0
10/12/2023,82.91,82.91,80.3,80.87,0.0,0.0,222520.0
10/11/2023,82.17,82.65,82.0,82.45,0.0,0.0,191823.0
10/10/2023,82.21,83.17,81.95,82.23,0.0,0.0,206679.0
10/09/2023,81.51,82.59,81.31,82.18,0.0,0.0,202765.0
10/06/2023,81.02,81.51,80.205,81.21,0.0,0.0,375122.0
10/05/2023,81.34,82.06,80.75,80.83,0.0,0.0,335009.0
10/04/2023,81.6,82.54,80.95,81.58,0.0,0.0,327014.0
10/03/2023,80.54,82.12,80.18,81.82,0.0,0.0,339183.0
10/02/2023,82.45,82.81,80.895,81.34,0.0,0.0,469900.0
09/29/2023,84.24,84.39,82.379,82.8,0.0,0.0,334005.0
09/28/2023,83.58,84.63,83.43,84.05,0.0,0.0,340071.0
09/27/2023,83.78,84.66,83.28,83.5,0.0,0.0,353001.0
09/26/2023,83.67,84.5,83.35,83.36,0.0,0.0,252469.0
09/25/2023,83.27,84.475,82.52,84.08,0.0,0.0,250759.0
09/22/2023,83.77,84.545,83.1284,83.36,0.0,0.0,377412.0
09/21/2023,83.63,84.56,82.87,83.7,0.0,0.0,340165.0
09/20/2023,83.64,84.89,83.48,83.65,0.0,0.0,396992.0
09/19/2023,84.57,84.98,83.42,83.63,0.0,0.0,562594.0
09/18/2023,85.54,85.89,84.17,84.24,0.0,0.0,623228.0
09/15/2023,85.84,86.07,84.65,84.99,0.0,0.0,758327.0
09/14/2023,86.89,87.5213,85.75,86.19,0.0,0.0,909166.0
09/13/2023,85.03,86.35,84.79,85.79,0.0,0.0,399636.0
09/12/2023,84.6,85.94,84.54,85.12,0.0,0.0,225191.0
09/11/2023,84.78,85.06,83.74,84.83,0.0,0.0,371611.0
09/08/2023,83.22,84.785,83.01,84.2,0.0,0.0,242839.0
09/07/2023,84.02,85.048,83.1,83.59,0.0,0.0,518156.0
09/06/2023,82.63,84.05,82.245,83.99,0.0,0.0,454191.0
09/05/2023,83.37,83.67,81.83,82.63,0.0,0.0,320926.0
09/01/2023,83.56,84.46,82.07,84.15,0.0,0.0,169514.0
08/31/2023,83.14,83.21,82.3,82.83,0.0,0.0,334384.0
08/30/2023,81.54,82.83,81.3,82.79,0.0,0.0,180982.0
08/29/2023,81.31,82.51,80.97,82.1,0.0,0.0,238884.0
08/28/2023,82.09,82.95,81.24,81.29,0.0,0.0,239806.0
08/25/2023,80.99,82.36,80.74,81.92,0.0,0.0,293773.0
08/24/2023,79.64,82.032,79.59,80.72,0.0,0.0,270585.0
08/23/2023,78.53,79.69,77.34,79.68,0.0,0.0,436776.0
08/22/2023,80.27,80.86,78.78,78.93,0.0,0.0,221871.0
08/21/2023,80.01,80.64,79.47,80.35,0.0,0.0,205816.0
08/18/2023,78.87,80.119,78.825,80.02,0.0,0.0,237630.0
08/17/2023,80.72,80.845,79.25,79.44,0.0,0.0,209429.0
08/16/2023,80.45,81.15,80.075,80.27,0.0,0.0,194563.0
08/15/2023,81.95,82.08,80.63,80.77,0.0,0.0,215396.0
08/14/2023,82.68,83.18,82.05,82.69,0.0,0.0,219111.0
08/11/2023,81.93,82.91,81.87,82.88,0.0,0.0,278080.0
08/10/2023,82.38,83.24,81.91,82.22,0.0,0.0,215948.0
08/09/2023,81.47,82.665,81.39,82.34,0.0,0.0,385975.0
08/08/2023,81.87,82.34,81.18,81.28,0.0,0.0,629870.0
08/07/2023,82.03,83.21,81.902,82.87,0.0,0.0,205114.0
08/04/2023,82.29,83.45,81.97,82.09,0.0,0.0,250606.0
08/03/2023,81.17,82.17,80.2,82.02,0.0,0.0,313669.0
08/02/2023,80.88,81.59,80.4807,81.16,0.0,0.0,300788.0
08/01/2023,80.69,81.69,80.69,81.41,0.0,0.0,324667.0
07/31/2023,81.37,81.985,81.02,81.48,0.0,0.0,306623.0
07/28/2023,81.0,81.78,80.38,81.01,0.0,0.0,432699.0
07/27/2023,79.8,80.73,78.395,80.36,0.0,0.0,761921.0
07/26/2023,77.48,78.365,77.31,78.2,0.0,0.0,444427.0
07/25/2023,76.75,78.3,76.75,77.87,0.0,0.0,382454.0
07/24/2023,76.9,77.78,76.46,76.91,0.0,0.0,213149.0
07/21/2023,77.05,77.87,76.89,77.3,0.0,0.0,335212.0
07/20/2023,76.89,76.89,76.125,76.76,0.0,0.0,268460.0
07/19/2023,76.08,76.41,75.405,76.34,0.0,0.0,227658.0
07/18/2023,75.34,76.39,75.34,75.77,0.0,0.0,238020.0
07/17/2023,75.08,75.83,74.74,75.36,0.0,0.0,280256.0
07/14/2023,76.43,76.48,74.855,75.35,0.0,0.0,422573.0
07/13/2023,76.0,76.63,75.63,76.44,0.0,0.0,258530.0
07/12/2023,76.43,76.695,75.785,75.97,0.0,0.0,399079.0
07/11/2023,75.93,76.35,75.15,75.48,0.0,0.0,336160.0
07/10/2023,75.7,76.9,75.17,75.4,0.0,0.0,384650.0
07/07/2023,74.74,76.85,74.74,76.2,0.0,0.0,332015.0
07/06/2023,74.36,75.12,73.76,74.65,0.0,0.0,308139.0
07/05/2023,76.59,76.59,75.26,75.35,0.0,0.0,322248.0
07/03/2023,76.69,77.47,76.4501,77.0,0.0,0.0,161258.0
06/30/2023,75.92,77.29,75.4819,76.95,0.0,0.0,433799.0
06/29/2023,74.73,75.875,74.73,75.49,0.0,0.0,416453.0
06/28/2023,75.24,75.24,73.99,74.62,0.0,0.0,383850.0
06/27/2023,73.98,75.49,73.72,75.07,0.0,0.0,271805.0
06/26/2023,72.83,74.41,72.83,74.2,0.0,0.0,229990.0
06/23/2023,72.45,73.26,72.12,72.85,0.0,0.0,324293.0
06/22/2023,74.03,74.3,73.0,73.35,0.0,0.0,202460.0
06/21/2023,73.13,74.98,73.125,74.51,0.0,0.0,241745.0
06/20/2023,73.96,73.96,72.83,73.58,0.0,0.0,304876.0
06/16/2023,75.31,75.4299,74.3,74.55,0.0,0.0,522813.0
06/15/2023,74.48,75.34,73.98,74.89,0.0,0.0,460309.0
06/14/2023,75.28,76.1032,74.46,74.91,0.0,0.0,303253.0
06/13/2023,75.05,75.655,74.37,74.61,0.0,0.0,429970.0
06/12/2023,74.97,74.97,73.8,74.55,0.0,0.0,253754.0
06/09/2023,76.07,76.07,74.5625,74.97,0.0,0.0,304273.0
06/08/2023,76.31,76.56,75.83,76.04,0.0,0.0,327276.0
06/07/2023,75.4,76.655,75.4,76.41,0.0,0.0,350280.0
06/06/2023,73.93,76.36,73.31,75.2,0.0,0.0,385610.0
06/05/2023,73.77,74.63,73.43,74.4,0.0,0.0,282748.0
06/02/2023,73.97,74.76,73.66,74.62,0.0,0.0,245836.0
06/01/2023,71.81,73.14,71.21,72.83,0.0,0.0,261004.0
05/31/2023,73.21,73.495,71.485,71.56,0.0,0.0,363335.0
05/30/2023,73.57,74.475,73.215,73.82,0.0,0.0,308976.0
05/26/2023,73.375,73.485,73.2,73.29,0.0,0.0,88143.0
05/25/2023,72.27,73.33,71.9,72.8,0.0,0.0,268394.0
05/24/2023,73.27,73.27,71.8,72.42,0.0,0.0,248916.0
05/23/2023,73.58,74.295,73.055,73.35,0.0,0.0,282851.0
05/22/2023,71.78,73.99,71.78,73.59,0.0,0.0,375781.0
05/19/2023,73.28,73.43,71.53,71.78,0.0,0.0,321702.0
05/18/2023,72.26,72.785,71.49,72.53,0.0,0.0,250422.0
05/17/2023,72.05,73.17,71.21,72.61,0.0,0.0,269309.0
05/16/2023,70.39,71.47,70.165,71.13,0.0,0.0,430736.0
05/15/2023,70.14,71.1,69.89,70.86,0.0,0.0,224531.0
05/12/2023,70.24,70.645,69.5,70.06,0.0,0.0,327852.0
05/11/2023,70.04,70.44,69.225,69.78,0.0,0.0,319077.0
05/10/2023,71.78,71.78,70.04,70.5,0.0,0.0,250362.0
05/09/2023,70.94,71.41,69.8,70.99,0.0,0.0,266773.0
05/08/2023,72.32,72.61,71.1,71.49,0.0,0.0,215908.0
05/05/2023,71.77,72.94,71.73,72.1,0.0,0.0,257141.0
05/04/2023,71.6,71.72,69.835,70.76,0.0,0.0,320419.0
05/03/2023,73.01,73.48,71.47,71.59,0.0,0.0,396673.0
05/02/2023,72.49,73.065,71.34,72.57,0.0,0.0,350997.0
05/01/2023,71.54,73.63,71.54,72.65,0.0,0.0,343273.0
04/28/2023,70.49,72.635,70.49,71.84,0.0,0.0,557098.0
04/27/2023,67.5,71.38,67.07,70.5,0.0,0.0,846109.0
04/26/2023,66.89,67.515,66.42,66.6,0.0,0.0,501349.0
04/25/2023,68.03,68.47,67.26,67.43,0.0,0.0,329548.0
04/24/2023,67.85,69.34,67.765,69.13,0.0,0.0,222083.0
04/21/2023,69.7,69.7,68.0,68.12,0.0,0.0,273187.0
04/20/2023,68.13,69.24,67.91,69.21,0.47,0.0,276300.0
04/19/2023,68.21,69.08,67.94,68.74,-0.08,0.0,219100.0
04/18/2023,69.38,69.95,68.69,68.82,-0.55,0.0,261800.0
04/17/2023,69.44,69.91,68.89,69.37,-0.11,0.0,280200.0
04/14/2023,69.75,70.48,69.23,69.48,0.09,0.0,239800.0
04/13/2023,69.68,70.09,69.2,69.39,-0.07,0.0,299100.0
04/12/2023,69.78,70.26,69.28,69.46,0.2,0.0,260700.0
04/11/2023,69.08,69.75,68.93,69.26,0.32,0.0,265200.0
04/10/2023,67.88,69.32,67.28,68.94,1.22,0.0,288700.0
04/06/2023,68.75,68.75,67.14,67.72,-0.95,0.0,231300.0
04/05/2023,67.3,68.76,66.97,68.67,0.78,0.0,370300.0
04/04/2023,70.54,70.54,67.34,67.89,-2.68,0.0,376400.0
04/03/2023,69.65,71.37,69.6,70.57,0.87,0.0,548400.0
03/31/2023,68.55,69.77,68.22,69.7,1.42,0.0,360700.0
03/30/2023,68.76,68.93,68.24,68.28,0.14,0.0,239200.0
03/29/2023,68.84,68.84,67.63,68.14,0.24,0.0,397800.0
03/28/2023,67.62,68.74,67.61,67.9,0.3,0.0,239800.0
03/27/2023,67.6,68.26,66.88,67.6,0.9,0.0,234500.0
03/24/2023,65.86,67.06,65.37,66.7,0.02,0.0,179100.0
03/23/2023,67.61,68.59,66.06,66.68,-0.36,0.0,204000.0
03/22/2023,69.28,69.5,67.04,67.04,-2.08,0.0,171200.0
03/21/2023,69.0,69.39,68.73,69.12,1.76,0.0,249600.0
03/20/2023,65.67,67.94,65.42,67.36,2.31,0.0,529900.0
03/17/2023,67.49,67.63,64.92,65.05,-2.79,0.0,611300.0
03/16/2023,66.6,68.15,66.6,67.84,0.12,0.0,363400.0
03/15/2023,69.14,69.31,66.93,67.72,-3.52,0.0,535800.0
03/14/2023,70.05,72.15,70.05,71.24,2.38,0.0,463400.0
03/13/2023,69.22,70.26,68.02,68.86,-1.78,0.0,324400.0
03/10/2023,72.32,72.36,69.81,70.64,-1.69,0.0,280700.0
03/09/2023,73.44,74.28,72.25,72.33,-0.96,0.0,307200.0
03/08/2023,73.01,73.57,72.36,73.29,0.0,0.0,268100.0
03/07/2023,74.65,74.97,73.23,73.29,-1.7,0.0,241100.0
03/06/2023,75.84,76.34,74.89,74.99,-0.65,0.0,272321.0
03/03/2023,74.17,75.76,74.0,75.64,1.37,0.0,419613.0
03/02/2023,73.05,74.49,72.62,74.27,1.2,0.0,291000.0
03/01/2023,72.47,73.66,72.06,73.07,0.54,0.0,268900.0
02/28/2023,72.9,74.19,72.19,72.53,-0.29,0.0,445300.0
02/27/2023,72.86,73.72,72.38,72.82,0.38,0.0,278400.0
02/24/2023,72.2,73.24,71.56,72.44,-0.33,0.0,420600.0
02/23/2023,72.17,72.99,71.55,72.77,1.35,0.0,225700.0
02/22/2023,71.54,71.81,70.98,71.42,-0.13,0.0,233500.0
02/21/2023,72.61,72.71,70.77,71.55,-1.52,0.0,291500.0
02/17/2023,73.71,73.71,72.67,73.07,-0.66,0.0,222500.0
02/16/2023,72.75,74.46,72.48,73.73,0.07,0.0,353200.0
02/15/2023,72.48,73.73,71.48,73.66,0.59,0.0,207700.0
02/14/2023,72.97,73.36,71.87,73.07,-0.05,0.0,260600.0
02/13/2023,73.0,73.34,72.54,73.12,-0.15,0.0,376400.0
02/10/2023,71.98,73.32,71.74,73.27,1.14,0.0,228200.0
02/09/2023,72.98,73.27,71.85,72.13,-0.8,0.0,314400.0
02/08/2023,73.0,73.4,72.34,72.93,-0.64,0.0,273310.0
02/07/2023,73.76,73.76,72.12,73.57,0.09,0.0,391300.0
02/06/2023,73.97,74.27,72.69,73.48,-0.49,0.0,421400.0
02/03/2023,73.06,74.63,72.96,73.97,0.8,0.0,489300.0
02/02/2023,72.24,73.95,71.76,73.17,1.04,0.0,763800.0
02/01/2023,71.1,74.19,70.53,72.13,1.35,0.0,1153300.0
01/31/2023,67.46,71.28,65.13,70.78,5.89,0.0,864500.0
01/30/2023,65.63,66.69,64.74,64.89,-1.33,0.0,487000.0
01/27/2023,65.04,66.38,64.92,66.22,1.1,0.0,392801.0
01/26/2023,65.49,65.52,64.0,65.12,0.16,0.0,342800.0
01/25/2023,64.0,65.13,63.4,64.96,0.29,0.0,237000.0
01/24/2023,63.47,64.71,63.12,64.67,0.4,0.0,212500.0
01/23/2023,63.95,64.28,62.79,64.27,0.51,0.0,340600.0
01/20/2023,62.63,63.84,62.18,63.76,1.66,0.0,488000.0
01/19/2023,60.22,62.77,60.14,62.1,1.46,0.0,607700.0
01/18/2023,62.94,63.54,60.51,60.64,-2.23,0.0,388700.0
01/17/2023,63.32,64.06,62.7,62.87,-0.55,0.0,325700.0
01/13/2023,63.59,63.94,62.96,63.42,-0.67,0.0,297400.0
01/12/2023,62.6,64.13,61.85,64.09,1.92,0.0,458100.0
01/11/2023,63.31,63.55,61.38,62.17,-0.9,0.0,568100.0
01/10/2023,64.12,64.34,62.41,63.07,-1.15,0.0,340600.0
01/09/2023,64.43,65.52,64.2,64.22,0.31,0.0,274700.0
01/06/2023,62.84,64.27,62.84,63.91,2.06,0.0,295700.0
01/05/2023,62.77,63.38,61.64,61.85,-1.35,0.0,554100.0
01/04/2023,63.22,63.67,62.72,63.2,-0.16,0.0,340200.0
01/03/2023,64.37,64.87,62.48,63.36,0.0,0.0,506300.0
