12/04/2023,15.44,15.99,15.3308,15.82,0.0,0.0,29905.0
12/01/2023,15.42,15.42,15.0701,15.28,0.0,0.0,26212.0
11/30/2023,15.5,15.5,15.06,15.32,0.0,0.0,13385.0
11/29/2023,15.71,15.9231,15.32,15.56,0.0,0.0,11719.0
11/28/2023,15.56,16.1399,15.56,15.72,0.0,0.0,21085.0
11/27/2023,15.75,16.0,15.6001,15.65,0.0,0.0,25818.0
11/24/2023,15.75,16.1499,15.7,15.95,0.0,0.0,18947.0
11/22/2023,15.6,15.85,15.2,15.79,0.0,0.0,20405.0
11/21/2023,15.15,15.5,15.07,15.45,0.0,0.0,57174.0
11/20/2023,15.06,15.42,14.86,15.12,0.0,0.0,26219.0
11/17/2023,15.9,15.9,15.01,15.18,0.0,0.0,11687.0
11/16/2023,15.43,15.43,14.84,14.98,0.0,0.0,19177.0
11/15/2023,14.7,15.23,14.65,14.83,0.0,0.0,11083.0
11/14/2023,14.44,14.69,14.2601,14.5,0.0,0.0,25290.0
11/13/2023,14.25,14.83,14.2266,14.83,0.0,0.0,22167.0
11/10/2023,15.42,15.88,14.72,14.81,0.0,0.0,20125.0
11/09/2023,15.53,15.75,15.36,15.55,0.0,0.0,13073.0
11/08/2023,15.73,15.75,15.3,15.75,0.0,0.0,6484.0
11/07/2023,15.46,15.84,15.2,15.48,0.0,0.0,9274.0
11/06/2023,15.53,15.8655,15.51,15.61,0.0,0.0,7073.0
11/03/2023,15.43,15.8538,15.43,15.6,0.0,0.0,11986.0
11/02/2023,15.2,15.65,15.2,15.52,0.0,0.0,11452.0
11/01/2023,15.31,15.51,15.19,15.36,0.0,0.0,3612.0
10/31/2023,15.13,15.52,14.9008,15.37,0.0,0.0,10767.0
10/30/2023,14.57,15.36,14.57,15.36,0.0,0.0,8918.0
10/27/2023,15.09,15.21,14.81,15.21,0.0,0.0,9974.0
10/26/2023,15.0,15.24,14.76,14.96,0.0,0.0,19902.0
10/25/2023,15.0,15.0,14.5979,15.0,0.0,0.0,7219.0
10/24/2023,14.96,15.2,14.65,15.2,0.0,0.0,11651.0
10/23/2023,14.865,15.25,14.76,14.95,0.0,0.0,8154.0
10/20/2023,14.86,15.19,14.6019,14.95,0.0,0.0,5945.0
10/19/2023,14.83,15.12,14.79,14.79,0.0,0.0,5885.0
10/18/2023,14.5835,15.2799,14.5835,14.92,0.0,0.0,5623.0
10/17/2023,14.73,15.45,14.5,14.5,0.0,0.0,10842.0
10/16/2023,14.9,15.1,14.5,14.56,0.0,0.0,14023.0
10/13/2023,15.2,15.26,15.15,15.18,0.0,0.0,1999.0
10/12/2023,15.08,15.46,15.0151,15.34,0.0,0.0,11899.0
10/11/2023,15.24,15.4,15.11,15.26,0.0,0.0,4491.0
10/10/2023,15.52,15.5799,14.8608,15.46,0.0,0.0,7509.0
10/09/2023,15.05,15.7499,14.9501,15.57,0.0,0.0,12612.0
10/06/2023,14.57,15.7221,14.57,15.25,0.0,0.0,10114.0
10/05/2023,15.6,15.6,14.5112,14.67,0.0,0.0,15694.0
10/04/2023,15.78,16.21,15.05,16.08,0.0,0.0,14435.0
10/03/2023,15.38,15.98,15.3402,15.98,0.0,0.0,6421.0
10/02/2023,16.28,16.5041,14.81,15.37,0.0,0.0,36094.0
09/29/2023,17.06,17.06,16.1,16.69,0.0,0.0,24118.0
09/28/2023,17.4,17.4,16.3549,17.06,0.0,0.0,32672.0
09/27/2023,15.55,19.12,15.5,17.74,0.0,0.0,189421.0
09/26/2023,14.85,15.99,14.85,15.77,0.0,0.0,43989.0
09/25/2023,14.41,15.15,14.41,14.92,0.0,0.0,39369.0
09/22/2023,14.43,15.0,14.43,14.89,0.0,0.0,19507.0
09/21/2023,14.35,14.72,14.3182,14.55,0.0,0.0,19487.0
09/20/2023,14.4,14.6899,14.39,14.46,0.0,0.0,19224.0
09/19/2023,14.05,14.66,14.01,14.5,0.0,0.0,12087.0
09/18/2023,14.08,14.7399,13.65,14.01,0.0,0.0,22400.0
09/15/2023,13.67,14.3199,13.3,13.8,0.0,0.0,20440.0
09/14/2023,14.3,14.345,13.33,13.77,0.0,0.0,39491.0
09/13/2023,15.0,15.12,14.31,14.5,0.0,0.0,21285.0
09/12/2023,15.18,15.2208,14.7874,14.8,0.0,0.0,20675.0
09/11/2023,15.2,15.2,14.5,15.0,0.0,0.0,57146.0
09/08/2023,13.5,15.5889,13.2,14.89,0.0,0.0,184361.0
09/07/2023,12.5,12.7799,12.3,12.62,0.0,0.0,11413.0
09/06/2023,12.56,12.56,12.3,12.3,0.0,0.0,4526.0
09/05/2023,12.8,12.92,12.6,12.7012,0.0,0.0,4614.0
09/01/2023,12.51,13.36,12.51,12.75,0.0,0.0,16695.0
08/31/2023,12.76,13.04,12.4,12.5,0.0,0.0,11120.0
08/30/2023,12.78,13.1359,12.7552,12.8,0.0,0.0,3728.0
08/29/2023,13.43,13.43,12.78,13.0,0.0,0.0,13295.0
08/28/2023,12.5,13.0,12.18,13.0,0.0,0.0,27727.0
08/25/2023,12.2,12.2,11.81,12.15,0.0,0.0,12661.0
08/24/2023,12.07,12.22,11.7901,11.89,0.0,0.0,9347.0
08/23/2023,12.2,12.4337,11.99,12.0,0.0,0.0,14819.0
08/22/2023,12.51,12.62,12.05,12.05,0.0,0.0,6130.0
08/21/2023,12.58,12.6699,12.05,12.372,0.0,0.0,13811.0
08/18/2023,12.13,12.73,12.13,12.73,0.0,0.0,8648.0
08/17/2023,12.3,12.7899,12.01,12.32,0.0,0.0,14623.0
08/16/2023,12.39,12.625,12.2,12.3,0.0,0.0,11643.0
08/15/2023,12.88,12.8999,12.35,12.43,0.0,0.0,9486.0
08/14/2023,12.59,12.7817,12.39,12.7817,0.0,0.0,7152.0
08/11/2023,12.78,12.8,12.31,12.31,0.0,0.0,13755.0
08/10/2023,13.1,13.4501,12.61,12.64,0.0,0.0,16138.0
08/09/2023,12.79,13.24,12.79,13.1399,0.0,0.0,7131.0
08/08/2023,12.96,13.3,12.96,13.11,0.0,0.0,4259.0
08/07/2023,13.07,13.3021,12.76,12.76,0.0,0.0,10385.0
08/04/2023,13.26,13.35,13.0,13.0,0.0,0.0,8799.0
08/03/2023,13.59,13.6,13.09,13.41,0.0,0.0,4990.0
08/02/2023,13.08,13.754,13.08,13.59,0.0,0.0,15016.0
08/01/2023,13.505,13.79,13.0,13.16,0.0,0.0,16612.0
07/31/2023,13.3,13.3199,13.06,13.22,0.0,0.0,7749.0
07/28/2023,13.3769,13.86,12.61,12.86,0.0,0.0,19266.0
07/27/2023,13.5,13.98,13.31,13.66,0.0,0.0,14475.0
07/26/2023,13.75,13.9999,13.5,13.57,0.0,0.0,10158.0
07/25/2023,14.1,14.548,13.61,13.79,0.0,0.0,12246.0
07/24/2023,14.07,14.71,13.78,13.85,0.0,0.0,35622.0
07/21/2023,14.25,14.3999,14.04,14.17,0.0,0.0,14007.0
07/20/2023,13.87,14.46,13.62,14.06,0.0,0.0,5973.0
07/19/2023,14.0,14.31,13.635,13.8,0.0,0.0,11548.0
07/18/2023,13.98,14.2,13.75,14.0,0.0,0.0,10505.0
07/17/2023,13.85,14.245,13.625,13.83,0.0,0.0,7054.0
07/14/2023,14.25,14.25,13.85,13.85,0.0,0.0,9242.0
07/13/2023,14.33,14.61,14.0,14.05,0.0,0.0,8603.0
07/12/2023,14.4,14.625,14.1,14.45,0.0,0.0,11422.0
07/11/2023,14.38,14.89,14.24,14.37,0.0,0.0,9535.0
07/10/2023,14.18,14.4433,13.8676,14.21,0.0,0.0,5921.0
07/07/2023,14.81,14.85,14.18,14.46,0.0,0.0,10580.0
07/06/2023,14.6,14.97,14.5025,14.97,0.0,0.0,6973.0
07/05/2023,14.44,14.8899,13.6063,14.74,0.0,0.0,9984.0
07/03/2023,14.78,14.88,14.19,14.62,0.0,0.0,6341.0
06/30/2023,14.61,15.0,14.4,15.0,0.0,0.0,10499.0
06/29/2023,14.5,14.585,14.16,14.4,0.0,0.0,6923.0
06/28/2023,14.24,14.61,14.2,14.44,0.0,0.0,6884.0
06/27/2023,13.94,14.69,13.745,14.34,0.0,0.0,11903.0
06/26/2023,13.02,13.99,13.02,13.82,0.0,0.0,17102.0
06/23/2023,13.06,13.6193,12.6575,13.01,0.0,0.0,22248.0
06/22/2023,13.37,13.37,12.9,12.9,0.0,0.0,7684.0
06/21/2023,13.53,13.9629,13.15,13.23,0.0,0.0,6601.0
06/20/2023,13.72,14.08,13.6,13.99,0.0,0.0,14838.0
06/16/2023,13.94,14.3,13.6,14.08,0.0,0.0,25937.0
06/15/2023,14.14,14.5,13.71,13.76,0.0,0.0,5948.0
06/14/2023,14.1,14.59,14.1,14.11,0.0,0.0,11632.0
06/13/2023,13.88,14.35,13.88,13.97,0.0,0.0,11283.0
06/12/2023,13.82,14.2699,13.82,14.1,0.0,0.0,8704.0
06/09/2023,14.37,14.8,13.8,14.02,0.0,0.0,16555.0
06/08/2023,14.4,14.85,14.18,14.47,0.0,0.0,11457.0
06/07/2023,14.92,14.92,13.965,14.54,0.0,0.0,12696.0
06/06/2023,14.94,14.95,14.62,14.8,0.0,0.0,4959.0
06/05/2023,14.67,14.86,14.55,14.8,0.0,0.0,9802.0
06/02/2023,14.6,15.01,14.6,14.83,0.0,0.0,12756.0
06/01/2023,14.74,14.83,14.6,14.63,0.0,0.0,5784.0
05/31/2023,14.28,14.87,13.7689,14.84,0.0,0.0,15844.0
05/30/2023,14.51,14.81,14.01,14.01,0.0,0.0,13238.0
05/26/2023,14.7036,14.83,14.7036,14.83,0.0,0.0,789.0
05/25/2023,15.12,15.25,14.8,14.96,0.0,0.0,23793.0
05/24/2023,14.4,15.155,14.4,14.99,0.0,0.0,9163.0
05/23/2023,14.26,14.9,14.26,14.5,0.0,0.0,15482.0
05/22/2023,13.9,14.32,13.9,14.16,0.0,0.0,8677.0
05/19/2023,14.08,14.25,13.63,14.04,0.0,0.0,13861.0
05/18/2023,13.72,14.4,13.72,14.15,0.0,0.0,31087.0
05/17/2023,13.4,13.9899,13.2501,13.94,0.0,0.0,14893.0
05/16/2023,13.0,13.7199,12.32,13.43,0.0,0.0,20606.0
05/15/2023,13.15,14.0,13.07,14.0,0.0,0.0,26282.0
05/12/2023,13.3,13.35,13.0013,13.18,0.0,0.0,11431.0
05/11/2023,13.5,13.5,13.2536,13.44,0.0,0.0,16656.0
05/10/2023,12.57,13.48,12.57,13.34,0.0,0.0,17975.0
05/09/2023,12.16,12.65,12.12,12.58,0.0,0.0,10957.0
05/08/2023,12.25,12.6,12.1501,12.56,0.0,0.0,14151.0
05/05/2023,12.1,12.59,12.1,12.5,0.0,0.0,10999.0
05/04/2023,12.26,12.43,11.99,12.27,0.0,0.0,45864.0
05/03/2023,11.98,12.8,11.92,12.5,0.0,0.0,34115.0
05/02/2023,10.7,11.97,10.7,11.92,0.0,0.0,58669.0
05/01/2023,11.0,11.0368,10.7,10.7,0.0,0.0,13129.0
04/28/2023,10.8,11.0,10.62,11.0,0.0,0.0,11451.0
04/27/2023,10.84,10.945,10.44,10.91,0.0,0.0,12514.0
04/26/2023,10.98,11.16,10.7911,11.05,0.0,0.0,8613.0
04/25/2023,11.15,11.31,10.92,10.97,0.0,0.0,15057.0
04/24/2023,11.49,11.5,11.01,11.03,0.0,0.0,12885.0
04/21/2023,10.73,11.25,10.73,11.22,0.0,0.0,16053.0
04/20/2023,10.62,10.73,10.6,10.73,0.23,0.0,5500.0
04/19/2023,10.43,10.69,10.43,10.5,-0.04,0.0,15700.0
04/18/2023,10.45,10.58,10.4,10.54,0.04,0.0,15000.0
04/17/2023,10.5,10.57,10.37,10.5,-0.01,0.0,12300.0
04/14/2023,10.5,10.57,10.5,10.51,0.01,0.0,4800.0
04/13/2023,10.45,10.58,10.25,10.5,0.15,0.0,11600.0
04/12/2023,10.33,10.46,10.22,10.35,-0.03,0.0,22700.0
04/11/2023,10.3,10.45,10.3,10.38,0.05,0.0,7600.0
04/10/2023,10.38,10.54,10.25,10.33,-0.18,0.0,9300.0
04/06/2023,10.38,10.58,10.38,10.51,0.01,0.0,12900.0
04/05/2023,10.44,10.63,10.3,10.5,0.1,0.0,13800.0
04/04/2023,10.6,10.79,10.26,10.4,-0.22,0.0,15300.0
04/03/2023,10.6,10.64,10.4,10.62,-0.01,0.0,17200.0
03/31/2023,10.4,10.7,10.4,10.63,0.14,0.0,12400.0
03/30/2023,10.6,10.6,10.41,10.49,-0.1,0.0,6900.0
03/29/2023,10.63,10.7,10.4,10.59,-0.19,0.0,15800.0
03/28/2023,10.78,10.88,10.5,10.78,-0.08,0.0,9800.0
03/27/2023,11.01,11.05,10.64,10.86,0.01,0.0,7300.0
03/24/2023,11.05,11.05,10.72,10.85,-0.15,0.0,6400.0
03/23/2023,10.85,11.04,10.67,11.0,0.16,0.0,8100.0
03/22/2023,11.15,11.15,10.01,10.84,-0.36,0.0,24000.0
03/21/2023,11.03,11.2,11.03,11.2,-0.04,0.0,7200.0
03/20/2023,11.07,11.4,11.07,11.24,0.08,0.0,8700.0
03/17/2023,11.05,11.21,11.0,11.16,-0.02,0.0,19900.0
03/16/2023,11.0,11.3,11.0,11.18,0.18,0.0,2000.0
03/15/2023,11.23,11.49,10.95,11.0,-0.13,0.0,16800.0
03/14/2023,11.22,11.41,11.13,11.13,0.07,0.0,5100.0
03/13/2023,11.24,11.25,11.03,11.06,-0.19,0.0,6100.0
03/10/2023,11.69,11.84,11.25,11.25,-0.58,0.0,26800.0
03/09/2023,11.56,12.03,11.56,11.83,0.33,0.0,3500.0
03/08/2023,12.0,12.25,11.5,11.5,-0.5,0.0,16600.0
03/07/2023,12.01,12.34,12.0,12.0,-0.17,0.0,18200.0
03/06/2023,12.17,12.2,12.0,12.17,-0.0,0.0,7200.0
03/03/2023,12.22,12.41,12.17,12.17,0.1,0.0,2400.0
03/02/2023,12.19,12.19,12.0,12.07,-0.02,0.0,3500.0
03/01/2023,12.05,12.36,11.91,12.09,0.01,0.0,10900.0
02/28/2023,12.15,12.25,12.0,12.08,-0.06,0.0,17300.0
02/27/2023,12.18,12.46,11.95,12.14,-0.23,0.0,10500.0
02/24/2023,12.95,12.95,12.35,12.37,0.36,0.0,18000.0
02/23/2023,11.76,12.4,11.76,12.01,0.25,0.0,35800.0
02/22/2023,11.78,12.15,11.6,11.76,0.16,0.0,11000.0
02/21/2023,11.93,11.93,11.55,11.6,-0.16,0.0,7900.0
02/17/2023,11.92,11.98,11.75,11.76,-0.29,0.0,5100.0
02/16/2023,12.16,12.32,11.99,12.05,-0.05,0.0,7600.0
02/15/2023,12.08,12.43,11.8,12.1,0.19,0.0,5200.0
02/14/2023,11.72,12.11,11.72,11.91,-0.06,0.0,4600.0
02/13/2023,12.3,12.85,11.52,11.97,-0.95,0.0,18800.0
02/10/2023,12.92,12.92,12.69,12.92,0.12,0.0,4800.0
02/09/2023,13.2,13.2,12.8,12.8,-0.19,0.0,3600.0
02/08/2023,13.82,13.83,12.89,12.99,0.31,0.0,9000.0
02/07/2023,12.2,12.72,12.2,12.68,0.36,0.0,2900.0
02/06/2023,12.01,12.71,12.01,12.32,-0.18,0.0,6800.0
02/03/2023,12.5,12.73,12.5,12.5,-0.13,0.0,3600.0
02/02/2023,12.73,13.27,12.51,12.63,-0.06,0.0,12400.0
02/01/2023,12.69,13.09,12.69,12.69,-0.04,0.0,7100.0
01/31/2023,12.04,13.44,12.04,12.73,0.43,0.0,17400.0
01/30/2023,13.73,13.92,12.25,12.3,-1.45,0.0,26400.0
01/27/2023,13.37,14.18,13.29,13.75,0.5,0.0,24600.0
01/26/2023,12.46,13.44,12.38,13.25,0.75,0.0,19600.0
01/25/2023,12.81,12.94,12.5,12.5,-0.15,0.0,6100.0
01/24/2023,12.55,12.65,12.5,12.65,0.13,0.0,1100.0
01/23/2023,11.96,12.65,11.96,12.53,0.69,0.0,12500.0
01/20/2023,11.63,12.52,11.63,11.84,0.15,0.0,12300.0
01/19/2023,11.72,11.85,11.6,11.69,0.04,0.0,8900.0
01/18/2023,11.56,11.97,11.56,11.65,-0.34,0.0,6200.0
01/17/2023,11.85,12.3,11.61,11.99,0.2,0.0,20500.0
01/13/2023,11.78,11.98,11.6,11.79,0.03,0.0,6100.0
01/12/2023,11.65,11.94,11.6,11.76,0.16,0.0,16000.0
01/11/2023,11.27,11.93,11.27,11.6,0.24,0.0,5100.0
01/10/2023,11.12,11.58,11.1,11.36,-0.19,0.0,11400.0
01/09/2023,11.22,11.8,11.0,11.55,0.17,0.0,54800.0
01/06/2023,11.67,11.95,11.36,11.38,-0.27,0.0,12400.0
01/05/2023,12.0,12.0,11.55,11.65,-0.36,0.0,15600.0
01/04/2023,11.92,12.38,11.81,12.01,-0.02,0.0,5700.0
01/03/2023,12.0,12.03,11.85,12.03,0.0,0.0,8300.0
