11/21/2023,42.63,44.14,42.155,42.87,0.0,0.0,398695.0
11/20/2023,42.68,44.43,42.31,42.67,0.0,0.0,448681.0
11/17/2023,40.92,43.03,40.315,42.74,0.0,0.0,650370.0
11/16/2023,39.73,41.08,39.3,40.3,0.0,0.0,576751.0
11/15/2023,37.5,40.92,37.345,39.26,0.0,0.0,670337.0
11/14/2023,37.0,38.0384,35.78,37.4,0.0,0.0,859771.0
11/13/2023,37.23,37.765,35.53,36.67,0.0,0.0,485085.0
11/10/2023,37.96,39.039,37.05,37.65,0.0,0.0,793946.0
11/09/2023,40.17,40.17,37.5,37.74,0.0,0.0,605980.0
11/08/2023,42.79,42.79,39.12,40.18,0.0,0.0,972162.0
11/07/2023,37.07,42.92,35.6,42.16,0.0,0.0,2098172.0
11/06/2023,36.55,41.02,35.11,36.35,0.0,0.0,5976918.0
11/03/2023,47.88,53.58,47.39,51.28,0.0,0.0,869626.0
11/02/2023,49.55,49.55,46.91,47.33,0.0,0.0,516234.0
11/01/2023,51.68,51.93,48.08,48.56,0.0,0.0,719817.0
10/31/2023,49.18,52.145,48.78,51.81,0.0,0.0,437218.0
10/30/2023,50.06,50.61,48.92,48.92,0.0,0.0,323132.0
10/27/2023,51.51,52.72,49.94,49.97,0.0,0.0,362772.0
10/26/2023,51.54,52.7631,50.8757,51.55,0.0,0.0,239856.0
10/25/2023,53.21,53.4336,50.82,51.25,0.0,0.0,570920.0
10/24/2023,53.16,55.77,53.13,53.16,0.0,0.0,409604.0
10/23/2023,54.81,55.785,53.03,53.11,0.0,0.0,468046.0
10/20/2023,56.31,57.7799,54.99,54.99,0.0,0.0,496325.0
10/19/2023,60.08,61.0,54.77,56.3,0.0,0.0,682818.0
10/18/2023,57.3,60.8,57.08,59.92,0.0,0.0,780089.0
10/17/2023,59.77,61.44,57.07,57.38,0.0,0.0,480513.0
10/16/2023,59.75,63.25,59.5,60.53,0.0,0.0,1868595.0
10/13/2023,52.58,55.37,50.08,54.67,0.0,0.0,770069.0
10/12/2023,53.2,54.5801,52.455,52.59,0.0,0.0,910251.0
10/11/2023,60.01,61.18,53.02,54.88,0.0,0.0,998282.0
10/10/2023,57.33,59.99,56.92,59.05,0.0,0.0,594280.0
10/09/2023,59.88,60.0,56.66,58.09,0.0,0.0,367310.0
10/06/2023,62.0,62.02,58.65,60.42,0.0,0.0,500317.0
10/05/2023,59.26,62.56,58.94,62.46,0.0,0.0,741168.0
10/04/2023,57.95,58.74,56.88,57.62,0.0,0.0,445409.0
10/03/2023,57.0,58.5,56.34,57.87,0.0,0.0,640371.0
10/02/2023,56.98,57.86,56.37,57.58,0.0,0.0,380874.0
09/29/2023,57.15,57.91,56.095,57.0,0.0,0.0,487391.0
09/28/2023,55.64,57.49,54.77,56.66,0.0,0.0,435177.0
09/27/2023,55.93,56.8119,54.02,55.54,0.0,0.0,367478.0
09/26/2023,52.79,55.52,52.4265,55.5,0.0,0.0,298397.0
09/25/2023,51.56,53.59,51.05,53.1,0.0,0.0,388951.0
09/22/2023,53.38,53.9281,51.89,52.19,0.0,0.0,320744.0
09/21/2023,56.4,56.7,52.9,53.18,0.0,0.0,462089.0
09/20/2023,57.0,58.285,55.89,57.44,0.0,0.0,219548.0
09/19/2023,57.53,58.665,55.995,56.64,0.0,0.0,290548.0
09/18/2023,55.695,58.65,53.85,57.65,0.0,0.0,261463.0
09/15/2023,57.37,57.88,55.59,56.22,0.0,0.0,379563.0
09/14/2023,56.09,57.66,55.8,57.4,0.0,0.0,416787.0
09/13/2023,57.14,60.0,56.77,57.64,0.0,0.0,550215.0
09/12/2023,62.26,62.69,57.545,57.82,0.0,0.0,1649988.0
09/11/2023,51.42,52.92,50.8,52.62,0.0,0.0,546401.0
09/08/2023,51.2,51.665,50.33,51.14,0.0,0.0,242575.0
09/07/2023,49.87,51.615,49.1912,51.24,0.0,0.0,384404.0
09/06/2023,50.61,51.78,49.87,50.0,0.0,0.0,445123.0
09/05/2023,53.81,54.45,49.46,50.5,0.0,0.0,757873.0
09/01/2023,52.55,54.0,51.29,53.93,0.0,0.0,1458470.0
08/31/2023,56.5,57.94,55.54,57.57,0.0,0.0,902615.0
08/30/2023,54.73,56.21,54.02,56.19,0.0,0.0,390575.0
08/29/2023,53.19,55.845,52.59,54.52,0.0,0.0,361070.0
08/28/2023,56.89,58.0,53.0,53.53,0.0,0.0,444711.0
08/25/2023,55.55,58.4594,55.03,56.81,0.0,0.0,461221.0
08/24/2023,56.05,56.96,55.1,55.53,0.0,0.0,307465.0
08/23/2023,56.72,57.0,55.02,55.9,0.0,0.0,404729.0
08/22/2023,57.17,57.5,55.02,56.65,0.0,0.0,385638.0
08/21/2023,58.01,58.62,55.08,56.81,0.0,0.0,461628.0
08/18/2023,55.87,58.25,55.4961,57.63,0.0,0.0,338830.0
08/17/2023,57.99,57.99,55.11,56.22,0.0,0.0,241494.0
08/16/2023,56.98,58.8699,56.28,57.41,0.0,0.0,359129.0
08/15/2023,55.93,56.9,54.765,56.28,0.0,0.0,360434.0
08/14/2023,56.46,58.5499,55.505,56.84,0.0,0.0,336318.0
08/11/2023,54.4,56.98,54.265,56.14,0.0,0.0,318825.0
08/10/2023,54.23,56.11,53.08,54.53,0.0,0.0,233548.0
08/09/2023,54.24,55.155,52.8101,54.23,0.0,0.0,282755.0
08/08/2023,52.51,55.69,51.73,54.24,0.0,0.0,280296.0
08/07/2023,57.71,58.07,53.16,53.18,0.0,0.0,371529.0
08/04/2023,57.82,58.6,55.39,57.29,0.0,0.0,391357.0
08/03/2023,57.57,60.05,57.56,57.82,0.0,0.0,343035.0
08/02/2023,57.85,58.64,56.49,57.83,0.0,0.0,411932.0
08/01/2023,60.81,61.37,57.63,57.85,0.0,0.0,458103.0
07/31/2023,62.38,62.93,60.01,60.81,0.0,0.0,332602.0
07/28/2023,60.22,63.4,58.255,61.26,0.0,0.0,671039.0
07/27/2023,59.62,63.14,58.63,60.22,0.0,0.0,612775.0
07/26/2023,56.25,59.99,56.25,59.015,0.0,0.0,475569.0
07/25/2023,53.99,59.1,53.52,56.25,0.0,0.0,521278.0
07/24/2023,56.53,57.34,52.51,53.98,0.0,0.0,318479.0
07/21/2023,56.07,56.785,54.09,56.64,0.0,0.0,346268.0
07/20/2023,58.48,58.48,54.0,56.18,0.0,0.0,792523.0
07/19/2023,59.03,59.3,57.3117,58.64,0.0,0.0,286699.0
07/18/2023,58.18,58.78,55.83,58.45,0.0,0.0,536195.0
07/17/2023,55.4,60.26,55.3713,57.6,0.0,0.0,1144691.0
07/14/2023,50.09,58.42,49.815,54.27,0.0,0.0,1530130.0
07/13/2023,49.42,51.87,48.86,50.07,0.0,0.0,327400.0
07/12/2023,47.66,49.97,47.33,49.5,0.0,0.0,272842.0
07/11/2023,50.0,50.11,47.74,48.35,0.0,0.0,482853.0
07/10/2023,50.45,53.0,48.02,49.33,0.0,0.0,540210.0
07/07/2023,48.9,51.0,48.47,50.83,0.0,0.0,341763.0
07/06/2023,52.13,52.13,48.89,49.15,0.0,0.0,595264.0
07/05/2023,50.75,52.4,49.37,52.26,0.0,0.0,781695.0
07/03/2023,52.51,53.185,50.57,50.7,0.0,0.0,480407.0
06/30/2023,50.9,51.93,49.87,51.0,0.0,0.0,841969.0
06/29/2023,52.0,52.0,49.75,51.08,0.0,0.0,974481.0
06/28/2023,52.62,55.55,49.01,50.84,0.0,0.0,4228877.0
06/27/2023,47.21,54.6872,44.0,51.79,0.0,0.0,3415095.0
06/26/2023,50.505,52.325,39.06,45.95,0.0,0.0,10435378
06/23/2023,27.76,27.76,25.13,25.88,0.0,0.0,385650.0
06/22/2023,26.21,28.9199,26.015,28.07,0.0,0.0,410743.0
06/21/2023,26.39,26.59,26.04,26.21,0.0,0.0,137049.0
06/20/2023,25.88,26.775,25.745,26.44,0.0,0.0,173870.0
06/16/2023,27.47,27.5382,25.88,26.08,0.0,0.0,201862.0
06/15/2023,26.25,27.84,26.25,27.2,0.0,0.0,172399.0
06/14/2023,25.6,27.02,25.6,26.83,0.0,0.0,253116.0
06/13/2023,25.9,26.715,24.31,25.67,0.0,0.0,764891.0
06/12/2023,29.88,30.3099,26.27,26.37,0.0,0.0,634034.0
06/09/2023,29.31,29.98,29.17,29.26,0.0,0.0,275491.0
06/08/2023,28.1,29.18,27.35,29.18,0.0,0.0,390195.0
06/07/2023,27.95,28.68,27.65,28.15,0.0,0.0,274475.0
06/06/2023,27.6,28.19,27.0501,28.01,0.0,0.0,386469.0
06/05/2023,27.44,28.28,27.2,27.61,0.0,0.0,332194.0
06/02/2023,27.59,27.99,27.35,27.9,0.0,0.0,143713.0
06/01/2023,27.21,27.69,26.31,27.55,0.0,0.0,189000.0
05/31/2023,27.74,28.28,26.9,27.21,0.0,0.0,396118.0
05/30/2023,28.16,28.6,27.01,27.89,0.0,0.0,287612.0
05/26/2023,27.75,27.75,27.18,27.32,0.0,0.0,79289.0
05/25/2023,27.47,29.04,27.38,28.54,0.0,0.0,680400.0
05/24/2023,27.35,28.065,27.0,27.31,0.0,0.0,344360.0
05/23/2023,27.1,27.8338,25.4,27.35,0.0,0.0,2031082.0
05/22/2023,27.78,28.3399,26.7108,27.09,0.0,0.0,960781.0
05/19/2023,27.9,28.96,27.2,27.55,0.0,0.0,364395.0
05/18/2023,28.16,28.7308,27.61,28.09,0.0,0.0,311842.0
05/17/2023,26.9,28.17,26.515,28.16,0.0,0.0,216725.0
05/16/2023,26.53,27.54,25.81,26.96,0.0,0.0,246416.0
05/15/2023,27.97,28.19,26.7,26.76,0.0,0.0,158468.0
05/12/2023,26.34,27.89,25.9707,27.72,0.0,0.0,228971.0
05/11/2023,28.17,29.59,26.395,26.7,0.0,0.0,228344.0
05/10/2023,27.9,28.5,27.31,28.24,0.0,0.0,249600.0
05/09/2023,27.06,27.91,26.7423,27.46,0.0,0.0,309968.0
05/08/2023,27.18,29.05,26.39,27.06,0.0,0.0,470587.0
05/05/2023,25.09,27.21,24.0,26.91,0.0,0.0,471929.0
05/04/2023,22.49,25.2,22.12,24.56,0.0,0.0,742272.0
05/03/2023,20.89,23.715,20.3501,22.65,0.0,0.0,657807.0
05/02/2023,22.58,23.19,20.65,21.06,0.0,0.0,413701.0
05/01/2023,22.43,22.945,21.53,22.7,0.0,0.0,209351.0
04/28/2023,21.19,21.92,20.65,21.3,0.0,0.0,218515.0
04/27/2023,20.8,21.59,20.2889,21.05,0.0,0.0,140234.0
04/26/2023,20.25,21.14,19.8,20.78,0.0,0.0,252400.0
04/25/2023,23.91,24.0239,20.19,20.49,0.0,0.0,522753.0
04/24/2023,22.57,26.2399,22.16,23.86,0.0,0.0,993192.0
04/21/2023,21.3,21.79,19.82,21.675,0.0,0.0,482338.0
04/20/2023,22.54,22.54,20.58,21.29,-0.56,0.0,417400.0
04/19/2023,22.0,22.3,20.18,21.85,0.07,0.0,440900.0
04/18/2023,21.6,22.25,20.46,21.78,0.58,0.0,179100.0
04/17/2023,19.1,21.88,18.43,21.2,2.16,0.0,709500.0
04/14/2023,19.5,20.0,17.82,19.04,-0.36,0.0,607500.0
04/13/2023,19.86,20.36,19.1,19.4,-0.36,0.0,499400.0
04/12/2023,20.5,22.0,19.62,19.76,-1.2,0.0,256200.0
04/11/2023,20.7,22.35,20.19,20.96,0.5,0.0,227500.0
04/10/2023,21.5,21.5,19.9,20.46,-0.62,0.0,122500.0
04/06/2023,20.15,21.6,19.62,21.08,0.77,0.0,81900.0
04/05/2023,18.68,20.71,18.51,20.31,1.3,0.0,90200.0
04/04/2023,20.65,21.02,18.68,19.01,-1.61,0.0,412700.0
04/03/2023,21.48,21.99,20.52,20.62,-0.77,0.0,174900.0
03/31/2023,21.6,22.39,21.13,21.39,-0.46,0.0,427800.0
03/30/2023,22.07,22.47,21.33,21.85,-0.15,0.0,160600.0
03/29/2023,22.69,23.05,21.23,22.0,-0.78,0.0,301000.0
03/28/2023,23.44,23.44,21.88,22.78,-0.39,0.0,137800.0
03/27/2023,21.64,23.26,21.05,23.17,2.15,0.0,181600.0
03/24/2023,22.13,22.18,20.14,21.02,-1.11,0.0,210200.0
03/23/2023,22.0,23.98,21.34,22.13,0.88,0.0,281700.0
03/22/2023,22.82,22.82,20.8,21.25,-0.76,0.0,129000.0
03/21/2023,21.3,22.75,20.37,22.01,0.69,0.0,466500.0
03/20/2023,22.2,22.25,18.12,21.32,-1.82,0.0,1244900.0
03/17/2023,21.69,24.77,21.63,23.14,0.89,0.0,414900.0
03/16/2023,19.97,23.56,19.9,22.25,1.94,0.0,213600.0
03/15/2023,19.85,21.27,19.35,20.31,0.51,0.0,184200.0
03/14/2023,22.22,23.49,19.8,19.8,-2.38,0.0,127000.0
03/13/2023,20.73,23.76,18.81,22.18,0.84,0.0,270100.0
03/10/2023,22.31,23.76,19.77,21.34,-0.85,0.0,281100.0
03/09/2023,24.87,25.32,21.85,22.19,-1.51,0.0,306900.0
03/08/2023,23.0,25.32,22.51,23.7,0.83,0.0,203200.0
03/07/2023,22.35,22.97,21.92,22.87,0.67,0.0,314300.0
03/06/2023,22.41,23.03,21.7,22.2,0.19,0.0,119200.0
03/03/2023,22.51,22.81,21.23,22.01,0.46,0.0,200100.0
03/02/2023,19.99,22.0,19.6,21.55,1.55,0.0,543200.0
03/01/2023,19.51,20.62,19.51,20.0,0.81,0.0,647782.0
02/28/2023,18.25,19.92,18.25,19.19,0.49,0.0,210500.0
02/27/2023,17.96,18.78,17.8,18.7,0.7,0.0,26200.0
02/24/2023,17.49,18.67,17.32,18.0,0.18,0.0,73600.0
02/23/2023,18.85,18.85,17.05,17.82,-0.71,0.0,65700.0
02/22/2023,18.12,18.9,18.0,18.53,0.35,0.0,136700.0
02/21/2023,18.16,18.35,17.59,18.18,0.23,0.0,94400.0
02/17/2023,18.0,18.39,16.9,17.95,-0.06,0.0,297200.0
02/16/2023,16.92,18.71,16.05,18.01,1.22,0.0,422300.0
02/15/2023,17.63,18.5,15.64,16.79,-0.84,0.0,187900.0
02/14/2023,16.69,18.17,16.01,17.63,1.33,0.0,129500.0
02/13/2023,15.0,16.5,14.51,16.3,1.52,0.0,80600.0
02/10/2023,13.71,14.99,13.63,14.78,0.69,0.0,101900.0
02/09/2023,15.19,15.19,13.78,14.09,-0.61,0.0,55100.0
02/08/2023,14.0,16.0,13.15,14.7,0.7,0.0,43500.0
02/07/2023,12.61,14.55,12.45,14.0,1.43,0.0,70900.0
02/06/2023,12.24,12.57,11.94,12.57,0.52,0.0,174600.0
02/03/2023,11.97,12.25,11.7,12.05,0.0,0.0,84600.0
02/02/2023,12.25,12.46,11.78,12.05,-0.16,0.0,89100.0
02/01/2023,11.95,12.25,11.61,12.21,0.26,0.0,68800.0
01/31/2023,11.7,12.2,11.61,11.95,0.0,0.0,42800.0
01/30/2023,11.98,11.98,11.61,11.95,0.0,0.0,209300.0
01/27/2023,11.4,12.1,11.3,11.95,0.41,0.0,24700.0
01/26/2023,11.75,12.5,11.33,11.54,-0.43,0.0,260905.0
01/25/2023,11.75,11.97,11.48,11.97,0.22,0.0,22500.0
01/24/2023,11.43,11.75,11.13,11.75,0.26,0.0,28900.0
01/23/2023,11.23,11.5,10.5,11.49,0.26,0.0,809800.0
01/20/2023,11.5,11.5,10.98,11.23,-0.16,0.0,21500.0
01/19/2023,11.75,11.75,10.95,11.39,-0.34,0.0,76802.0
01/18/2023,12.5,12.5,11.47,11.73,-0.56,0.0,265900.0
01/17/2023,11.8,12.37,11.8,12.29,0.4,0.0,48800.0
01/13/2023,11.61,11.98,11.37,11.89,0.0,0.0,28100.0
01/12/2023,12.0,12.0,11.44,11.89,-0.11,0.0,44000.0
01/11/2023,11.55,12.45,10.95,12.0,0.25,0.0,65800.0
01/10/2023,11.77,11.99,11.3,11.75,-0.34,0.0,54400.0
01/09/2023,12.99,12.99,11.22,12.09,-0.43,0.0,82200.0
01/06/2023,12.1,12.76,12.1,12.52,0.43,0.0,18800.0
01/05/2023,11.64,12.41,11.51,12.09,0.15,0.0,27807.0
01/04/2023,11.16,11.94,10.63,11.94,0.91,0.0,20000.0
01/03/2023,10.6,11.18,10.5,11.03,0.0,0.0,50600.0
