12/29/2023,12.89,12.97,12.715,12.72,0.0,0.0,648914.0
12/28/2023,12.83,12.885,12.82,12.87,0.0,0.0,253139.0
12/27/2023,12.83,12.92,12.74,12.84,0.0,0.0,479495.0
12/26/2023,12.79,12.86,12.76,12.76,0.0,0.0,247952.0
12/22/2023,12.86,12.92,12.781,12.79,0.0,0.0,333250.0
12/21/2023,12.89,12.9042,12.73,12.83,0.0,0.0,552325.0
12/20/2023,13.02,13.11,12.91,12.91,0.0,0.0,672851.0
12/19/2023,13.05,13.175,13.05,13.05,0.0,0.0,1077693.0
12/18/2023,13.02,13.14,12.97,13.05,0.0,0.0,1171337.0
12/15/2023,12.84,12.99,12.77,12.98,0.0,0.0,1866074.0
12/14/2023,13.0,13.08,12.73,12.81,0.0,0.0,705793.0
12/13/2023,12.88,13.23,12.72,13.21,0.0,0.0,971287.0
12/12/2023,12.86,12.91,12.83,12.89,0.0,0.0,345069.0
12/11/2023,12.83,12.8579,12.77,12.84,0.0,0.0,376031.0
12/08/2023,12.83,12.875,12.77,12.85,0.0,0.0,334545.0
12/07/2023,12.74,12.835,12.6501,12.79,0.0,0.0,457056.0
12/06/2023,12.83,12.8599,12.74,12.78,0.0,0.0,269683.0
12/05/2023,12.79,12.83,12.715,12.83,0.0,0.0,222045.0
12/04/2023,12.9,12.9,12.761,12.78,0.0,0.0,395535.0
12/01/2023,12.82,12.89,12.754,12.83,0.0,0.0,355500.0
11/30/2023,12.8,12.86,12.775,12.82,0.0,0.0,313629.0
11/29/2023,12.82,12.87,12.8,12.8,0.0,0.0,195275.0
11/28/2023,12.86,12.8663,12.815,12.82,0.0,0.0,175301.0
11/27/2023,12.87,12.91,12.85,12.87,0.0,0.0,211807.0
11/24/2023,12.9,12.9,12.82,12.87,0.0,0.0,101412.0
11/22/2023,12.85,12.88,12.79,12.82,0.0,0.0,131364.0
11/21/2023,12.77,12.85,12.75,12.81,0.0,0.0,232614.0
11/20/2023,12.75,12.84,12.74,12.82,0.0,0.0,192093.0
11/17/2023,12.78,12.825,12.74,12.76,0.0,0.0,157058.0
11/16/2023,12.84,12.87,12.76,12.76,0.0,0.0,113045.0
11/15/2023,12.83,12.9,12.77,12.83,0.0,0.0,236311.0
11/14/2023,12.69,12.82,12.69,12.78,0.0,0.0,299210.0
11/13/2023,12.61,12.74,12.59,12.69,0.0,0.0,172193.0
11/10/2023,12.6,12.705,12.6,12.66,0.0,0.0,224747.0
11/09/2023,12.67,12.74,12.58,12.61,0.0,0.0,205486.0
11/08/2023,12.64,12.64,12.5401,12.61,0.0,0.0,203261.0
11/07/2023,12.63,12.66,12.52,12.62,0.0,0.0,251584.0
11/06/2023,12.78,12.905,12.53,12.68,0.0,0.0,210684.0
11/03/2023,12.74,12.9,12.56,12.78,0.0,0.0,331885.0
11/02/2023,12.46,12.72,12.46,12.7,0.0,0.0,208988.0
11/01/2023,12.38,12.52,12.38,12.45,0.0,0.0,235103.0
10/31/2023,12.3,12.45,12.3,12.38,0.0,0.0,154668.0
10/30/2023,12.3,12.35,12.235,12.33,0.0,0.0,236175.0
10/27/2023,12.28,12.31,12.185,12.25,0.0,0.0,230771.0
10/26/2023,12.31,12.42,12.26,12.3,0.0,0.0,213670.0
10/25/2023,12.38,12.435,12.285,12.32,0.0,0.0,223221.0
10/24/2023,12.37,12.522,12.3699,12.43,0.0,0.0,226836.0
10/23/2023,12.56,12.63,12.345,12.35,0.0,0.0,299087.0
10/20/2023,12.69,12.72,12.455,12.54,0.0,0.0,483720.0
10/19/2023,12.77,12.775,12.635,12.65,0.0,0.0,231047.0
10/18/2023,12.81,12.88,12.75,12.76,0.0,0.0,206805.0
10/17/2023,12.96,12.995,12.835,12.85,0.0,0.0,214853.0
10/16/2023,12.9,13.07,12.89,12.98,0.0,0.0,300025.0
10/13/2023,12.82,12.8987,12.8,12.84,0.0,0.0,141998.0
10/12/2023,12.83,12.8505,12.7,12.82,0.0,0.0,257722.0
10/11/2023,12.78,12.83,12.75,12.8,0.0,0.0,243886.0
10/10/2023,12.78,12.89,12.75,12.78,0.0,0.0,225042.0
10/09/2023,12.7,12.81,12.7,12.78,0.0,0.0,144792.0
10/06/2023,12.62,12.8,12.6,12.74,0.0,0.0,222691.0
10/05/2023,12.65,12.7,12.56,12.62,0.0,0.0,201389.0
10/04/2023,12.69,12.7276,12.56,12.65,0.0,0.0,332841.0
10/03/2023,12.78,12.8,12.65,12.72,0.0,0.0,406654.0
10/02/2023,13.07,13.1,12.7016,12.8,0.0,0.0,626594.0
09/29/2023,13.05,13.09,12.86,12.95,0.0,0.0,661550.0
09/28/2023,12.85,12.97,12.831,12.94,0.0,0.0,877717.0
09/27/2023,12.75,12.91,12.7,12.85,0.0,0.0,496393.0
09/26/2023,12.77,12.86,12.69,12.71,0.0,0.0,217520.0
09/25/2023,12.82,12.905,12.81,12.83,0.0,0.0,167061.0
09/22/2023,12.76,12.89,12.76,12.85,0.0,0.0,198580.0
09/21/2023,12.83,12.84,12.745,12.77,0.0,0.0,263055.0
09/20/2023,12.89,12.925,12.84,12.84,0.0,0.0,268100.0
09/19/2023,12.82,12.89,12.795,12.89,0.0,0.0,239160.0
09/18/2023,12.81,12.86,12.73,12.8,0.0,0.0,392358.0
09/15/2023,12.52,12.815,12.51,12.81,0.0,0.0,790572.0
09/14/2023,12.55,12.565,12.46,12.55,0.0,0.0,383898.0
09/13/2023,12.87,12.91,12.835,12.86,0.0,0.0,468177.0
09/12/2023,12.79,12.905,12.79,12.84,0.0,0.0,374297.0
09/11/2023,12.8,12.8,12.74,12.8,0.0,0.0,335714.0
09/08/2023,12.68,12.75,12.675,12.74,0.0,0.0,195581.0
09/07/2023,12.67,12.72,12.65,12.68,0.0,0.0,208337.0
09/06/2023,12.7,12.72,12.545,12.65,0.0,0.0,373703.0
09/05/2023,12.86,12.9,12.7,12.74,0.0,0.0,326442.0
09/01/2023,12.78,12.875,12.77,12.82,0.0,0.0,203820.0
08/31/2023,12.85,12.91,12.77,12.77,0.0,0.0,211890.0
08/30/2023,12.78,12.9,12.78,12.84,0.0,0.0,159585.0
08/29/2023,12.83,12.875,12.7562,12.83,0.0,0.0,245649.0
08/28/2023,12.73,12.81,12.73,12.79,0.0,0.0,238059.0
08/25/2023,12.67,12.75,12.655,12.74,0.0,0.0,129218.0
08/24/2023,12.76,12.84,12.645,12.66,0.0,0.0,204942.0
08/23/2023,12.68,12.79,12.675,12.76,0.0,0.0,340293.0
08/22/2023,12.75,12.77,12.65,12.68,0.0,0.0,341562.0
08/21/2023,12.58,12.7725,12.56,12.75,0.0,0.0,667051.0
08/18/2023,12.56,12.735,12.512,12.66,0.0,0.0,308629.0
08/17/2023,12.67,12.69,12.545,12.61,0.0,0.0,545169.0
08/16/2023,12.61,12.74,12.55,12.67,0.0,0.0,299407.0
08/15/2023,12.62,12.77,12.575,12.65,0.0,0.0,399043.0
08/14/2023,12.77,12.9,12.68,12.73,0.0,0.0,668211.0
08/11/2023,12.85,12.915,12.79,12.81,0.0,0.0,261238.0
08/10/2023,13.0,13.04,12.83,12.88,0.0,0.0,301223.0
08/09/2023,12.99,13.1,12.99,13.03,0.0,0.0,173450.0
08/08/2023,13.03,13.05,12.94,13.02,0.0,0.0,197861.0
08/07/2023,13.1,13.2,13.01,13.1,0.0,0.0,316128.0
08/04/2023,12.77,13.19,12.77,13.09,0.0,0.0,664729.0
08/03/2023,12.72,12.805,12.64,12.77,0.0,0.0,274398.0
08/02/2023,12.7,12.76,12.65,12.72,0.0,0.0,210311.0
08/01/2023,12.75,12.75,12.65,12.71,0.0,0.0,311184.0
07/31/2023,12.79,12.865,12.74,12.75,0.0,0.0,145899.0
07/28/2023,12.84,12.86,12.77,12.78,0.0,0.0,224838.0
07/27/2023,12.88,12.88,12.8,12.81,0.0,0.0,177093.0
07/26/2023,12.67,12.92,12.67,12.88,0.0,0.0,211193.0
07/25/2023,12.81,12.845,12.67,12.68,0.0,0.0,212873.0
07/24/2023,12.74,12.86,12.7,12.81,0.0,0.0,277850.0
07/21/2023,12.76,12.775,12.61,12.75,0.0,0.0,276819.0
07/20/2023,12.65,12.71,12.56,12.63,0.0,0.0,312895.0
07/19/2023,12.69,12.835,12.57,12.63,0.0,0.0,980267.0
07/18/2023,12.63,12.8,12.62,12.67,0.0,0.0,403961.0
07/17/2023,12.46,12.65,12.42,12.61,0.0,0.0,342466.0
07/14/2023,12.55,12.56,12.455,12.48,0.0,0.0,183253.0
07/13/2023,12.59,12.6,12.43,12.52,0.0,0.0,323268.0
07/12/2023,12.62,12.655,12.56,12.59,0.0,0.0,435459.0
07/11/2023,12.6,12.63,12.485,12.55,0.0,0.0,399095.0
07/10/2023,12.68,12.68,12.52,12.56,0.0,0.0,351668.0
07/07/2023,12.5,12.6,12.48,12.56,0.0,0.0,226722.0
07/06/2023,12.48,12.5,12.341,12.5,0.0,0.0,181380.0
07/05/2023,12.52,12.565,12.4273,12.55,0.0,0.0,289091.0
07/03/2023,12.44,12.695,12.39,12.56,0.0,0.0,483600.0
06/30/2023,12.55,12.615,12.43,12.44,0.0,0.0,448786.0
06/29/2023,12.32,12.45,12.31,12.4,0.0,0.0,344835.0
06/28/2023,12.13,12.305,12.09,12.28,0.0,0.0,357279.0
06/27/2023,12.13,12.14,11.99,12.13,0.0,0.0,397210.0
06/26/2023,12.05,12.095,11.99,12.01,0.0,0.0,271557.0
06/23/2023,12.05,12.145,12.01,12.03,0.0,0.0,440582.0
06/22/2023,12.26,12.305,12.07,12.08,0.0,0.0,471121.0
06/21/2023,12.28,12.32,12.22,12.28,0.0,0.0,316003.0
06/20/2023,12.22,12.38,12.22,12.31,0.0,0.0,260137.0
06/16/2023,12.35,12.43,12.195,12.26,0.0,0.0,891773.0
06/15/2023,12.29,12.44,12.2589,12.34,0.0,0.0,261973.0
06/14/2023,12.69,12.719,12.575,12.65,0.0,0.0,519820.0
06/13/2023,12.75,12.785,12.6367,12.69,0.0,0.0,308678.0
06/12/2023,12.56,12.82,12.54,12.68,0.0,0.0,489597.0
06/09/2023,12.5,12.589,12.45,12.54,0.0,0.0,254108.0
06/08/2023,12.47,12.52,12.42,12.46,0.0,0.0,218862.0
06/07/2023,12.31,12.59,12.31,12.48,0.0,0.0,319270.0
06/06/2023,12.2,12.3495,12.2,12.32,0.0,0.0,152727.0
06/05/2023,12.15,12.24,12.09,12.19,0.0,0.0,171899.0
06/02/2023,12.1,12.2,12.01,12.11,0.0,0.0,242186.0
06/01/2023,11.96,12.07,11.9,12.07,0.0,0.0,267043.0
05/31/2023,12.02,12.15,11.875,11.97,0.0,0.0,245968.0
05/30/2023,12.09,12.12,12.03,12.07,0.0,0.0,123494.0
05/26/2023,12.105,12.11,12.08,12.09,0.0,0.0,43251.0
05/25/2023,11.98,12.1,11.98,12.07,0.0,0.0,189517.0
05/24/2023,12.17,12.2,12.04,12.06,0.0,0.0,308506.0
05/23/2023,12.23,12.3368,12.19,12.22,0.0,0.0,203502.0
05/22/2023,12.23,12.295,12.205,12.25,0.0,0.0,168570.0
05/19/2023,12.17,12.33,12.145,12.23,0.0,0.0,341038.0
05/18/2023,12.04,12.17,12.0,12.14,0.0,0.0,248026.0
05/17/2023,11.98,12.1075,11.955,12.06,0.0,0.0,223883.0
05/16/2023,11.98,12.085,11.96,11.96,0.0,0.0,282446.0
05/15/2023,11.94,12.0025,11.89,11.97,0.0,0.0,199968.0
05/12/2023,11.97,11.97,11.83,11.91,0.0,0.0,139260.0
05/11/2023,11.86,11.94,11.73,11.93,0.0,0.0,284273.0
05/10/2023,11.79,11.955,11.76,11.9,0.0,0.0,316377.0
05/09/2023,11.81,11.89,11.57,11.67,0.0,0.0,229083.0
05/08/2023,11.6,11.76,11.58,11.67,0.0,0.0,232877.0
05/05/2023,11.91,11.91,11.5,11.61,0.0,0.0,178322.0
05/04/2023,11.6,11.61,11.3801,11.42,0.0,0.0,291045.0
05/03/2023,11.7,11.81,11.67,11.68,0.0,0.0,268380.0
05/02/2023,11.76,11.83,11.59,11.7,0.0,0.0,328712.0
05/01/2023,11.89,11.95,11.795,11.83,0.0,0.0,180978.0
04/28/2023,11.84,11.965,11.8,11.89,0.0,0.0,231911.0
04/27/2023,11.76,11.86,11.72,11.84,0.0,0.0,280857.0
04/26/2023,11.79,11.935,11.73,11.76,0.0,0.0,332413.0
04/25/2023,11.87,11.905,11.785,11.83,0.0,0.0,264709.0
04/24/2023,11.75,12.0,11.75,11.99,0.0,0.0,359888.0
04/21/2023,11.7,11.88,11.64,11.76,0.0,0.0,216457.0
04/20/2023,11.8,11.85,11.67,11.7,-0.12,0.0,255100.0
04/19/2023,11.77,11.86,11.75,11.82,0.05,0.0,199100.0
04/18/2023,11.89,12.06,11.69,11.77,-0.4,0.0,518500.0
04/17/2023,11.99,12.17,11.9,12.17,0.15,0.0,261100.0
04/14/2023,12.08,12.11,11.91,12.02,-0.04,0.0,264700.0
04/13/2023,11.85,12.07,11.85,12.06,0.17,0.0,282700.0
04/12/2023,11.9,12.02,11.84,11.89,0.01,0.0,365800.0
04/11/2023,11.94,12.0,11.85,11.88,-0.06,0.0,282000.0
04/10/2023,12.02,12.1,11.77,11.94,-0.12,0.0,376700.0
04/06/2023,11.99,12.08,11.94,12.06,0.08,0.0,420600.0
04/05/2023,12.14,12.19,11.96,11.98,-0.17,0.0,508000.0
04/04/2023,12.07,12.23,12.07,12.15,-0.1,0.0,422900.0
04/03/2023,11.95,12.35,11.95,12.25,0.08,0.0,535000.0
03/31/2023,12.38,12.44,12.16,12.17,-0.06,0.0,995500.0
03/30/2023,12.27,12.31,12.18,12.23,0.01,0.0,226500.0
03/29/2023,12.22,12.32,12.19,12.22,0.06,0.0,494400.0
03/28/2023,12.04,12.19,12.04,12.16,0.06,0.0,213900.0
03/27/2023,12.13,12.17,12.08,12.1,0.02,0.0,239300.0
03/24/2023,11.85,12.09,11.75,12.08,0.18,0.0,273100.0
03/23/2023,11.98,12.19,11.89,11.9,-0.04,0.0,268200.0
03/22/2023,12.07,12.16,11.94,11.94,-0.1,0.0,294800.0
03/21/2023,11.89,12.07,11.89,12.04,0.28,0.0,427200.0
03/20/2023,11.65,11.87,11.65,11.76,0.02,0.0,651700.0
03/17/2023,11.72,11.8,11.63,11.74,-0.02,0.0,1111900.0
03/16/2023,11.52,11.87,11.41,11.76,-0.15,0.0,569900.0
03/15/2023,11.81,11.94,11.69,11.91,-0.05,0.0,940800.0
03/14/2023,11.85,12.07,11.84,11.96,0.28,0.0,675400.0
03/13/2023,11.52,11.77,11.27,11.68,0.05,0.0,1057400.0
03/10/2023,12.24,12.35,11.6,11.63,-0.69,0.0,904700.0
03/09/2023,12.54,12.7,12.24,12.32,-0.28,0.0,629500.0
03/08/2023,12.66,12.66,12.5,12.6,-0.03,0.0,207500.0
03/07/2023,12.82,12.82,12.55,12.63,-0.14,0.0,237600.0
03/06/2023,12.8,12.9,12.76,12.77,-0.03,0.0,295200.0
03/03/2023,12.76,12.88,12.72,12.8,0.05,0.0,191700.0
03/02/2023,12.77,12.81,12.65,12.75,-0.07,0.0,212500.0
03/01/2023,12.69,12.88,12.67,12.82,0.16,0.0,249000.0
02/28/2023,12.9,12.95,12.29,12.66,-0.22,0.0,552100.0
02/27/2023,12.97,13.04,12.88,12.88,0.0,0.0,223600.0
02/24/2023,12.78,12.9,12.78,12.88,0.02,0.0,143100.0
02/23/2023,12.87,12.97,12.78,12.86,0.04,0.0,207100.0
02/22/2023,12.69,12.86,12.69,12.82,0.11,0.0,155600.0
02/21/2023,12.8,12.89,12.7,12.71,-0.16,0.0,258200.0
02/17/2023,12.83,12.89,12.78,12.87,0.07,0.0,308800.0
02/16/2023,12.84,12.88,12.8,12.8,0.0,0.0,310300.0
02/15/2023,12.7,12.83,12.67,12.8,0.02,0.0,314600.0
02/14/2023,12.84,12.91,12.76,12.78,-0.05,0.0,227900.0
02/13/2023,12.75,12.85,12.73,12.83,0.09,0.0,273200.0
02/10/2023,12.63,12.78,12.63,12.74,0.09,0.0,148600.0
02/09/2023,12.83,12.9,12.63,12.65,-0.17,0.0,251500.0
02/08/2023,13.02,13.02,12.8,12.82,-0.2,0.0,190900.0
02/07/2023,13.01,13.07,12.91,13.02,0.0,0.0,323700.0
02/06/2023,13.06,13.07,12.88,13.02,-0.06,0.0,208800.0
02/03/2023,13.04,13.11,13.02,13.08,-0.03,0.0,230500.0
02/02/2023,13.1,13.12,13.02,13.11,0.08,0.0,233100.0
02/01/2023,12.92,13.13,12.91,13.03,0.11,0.0,383700.0
01/31/2023,12.98,12.98,12.91,12.92,0.01,0.0,216000.0
01/30/2023,13.03,13.04,12.9,12.91,-0.11,0.0,395800.0
01/27/2023,13.0,13.04,12.95,13.02,0.04,0.0,305400.0
01/26/2023,12.89,12.99,12.88,12.98,0.08,0.0,369200.0
01/25/2023,12.85,12.92,12.79,12.9,0.04,0.0,191000.0
01/24/2023,12.85,12.99,12.83,12.86,-0.03,0.0,380400.0
01/23/2023,12.88,12.93,12.84,12.89,0.05,0.0,330500.0
01/20/2023,12.73,12.85,12.68,12.84,0.13,0.0,147900.0
01/19/2023,12.79,12.84,12.7,12.71,-0.09,0.0,144200.0
01/18/2023,12.93,12.97,12.76,12.8,-0.06,0.0,160100.0
01/17/2023,12.85,12.96,12.85,12.86,0.05,0.0,201300.0
01/13/2023,12.78,12.89,12.74,12.81,-0.08,0.0,180400.0
01/12/2023,12.82,12.92,12.82,12.89,0.08,0.0,264900.0
01/11/2023,12.74,12.82,12.74,12.81,0.11,0.0,294400.0
01/10/2023,12.73,12.77,12.62,12.7,0.04,0.0,176700.0
01/09/2023,12.6,12.71,12.6,12.66,0.09,0.0,185900.0
01/06/2023,12.64,12.66,12.53,12.57,0.06,0.0,263300.0
01/05/2023,12.67,12.67,12.5,12.51,-0.16,0.0,210000.0
01/04/2023,12.54,12.67,12.5,12.67,0.17,0.0,269000.0
01/03/2023,12.43,12.52,12.35,12.5,0.0,0.0,467900.0
