12/04/2023,0.165,0.175,0.1639,0.172,0.0,0.0,637520.0
12/01/2023,0.169,0.1698,0.1605,0.1642,0.0,0.0,598136.0
11/30/2023,0.17,0.17,0.1533,0.162,0.0,0.0,940790.0
11/29/2023,0.18,0.2152,0.157,0.173,0.0,0.0,3972355.0
11/28/2023,0.161,0.1799,0.160701,0.173,0.0,0.0,596906.0
11/27/2023,0.1725,0.1725,0.1603,0.1639,0.0,0.0,539266.0
11/24/2023,0.1688,0.175,0.155,0.1705,0.0,0.0,785516.0
11/22/2023,0.158,0.16,0.151,0.154,0.0,0.0,498652.0
11/21/2023,0.1593,0.16,0.15,0.1537,0.0,0.0,893892.0
11/20/2023,0.1608,0.1649,0.1566,0.163,0.0,0.0,618443.0
11/17/2023,0.165,0.17,0.1566,0.165,0.0,0.0,1320113.0
11/16/2023,0.1653,0.1658,0.1521,0.165,0.0,0.0,816174.0
11/15/2023,0.17,0.1717,0.16,0.1615,0.0,0.0,457070.0
11/14/2023,0.1668,0.1699,0.1512,0.1688,0.0,0.0,963048.0
11/13/2023,0.16,0.165,0.1509,0.16,0.0,0.0,1074319.0
11/10/2023,0.1798,0.18,0.1515,0.163,0.0,0.0,2174244.0
11/09/2023,0.2075,0.2075,0.1832,0.1851,0.0,0.0,4649513.0
11/08/2023,0.1925,0.1925,0.181,0.1888,0.0,0.0,270110.0
11/07/2023,0.19,0.1989,0.175,0.1936,0.0,0.0,1016966.0
11/06/2023,0.2,0.204,0.18,0.19,0.0,0.0,797596.0
11/03/2023,0.195,0.2116,0.189,0.189,0.0,0.0,1111523.0
11/02/2023,0.176,0.195,0.176,0.1948,0.0,0.0,847369.0
11/01/2023,0.175,0.1825,0.17,0.179,0.0,0.0,976976.0
10/31/2023,0.1658,0.1925,0.1605,0.1833,0.0,0.0,1770805.0
10/30/2023,0.1925,0.1989,0.1564,0.1658,0.0,0.0,3153194.0
10/27/2023,0.2,0.215,0.191,0.215,0.0,0.0,2491118.0
10/26/2023,0.1896,0.235,0.173,0.235,0.0,0.0,1.143533E+7
10/25/2023,0.2,0.305,0.1849,0.239,0.0,0.0,154154304
10/24/2023,0.1601,0.1638,0.145,0.1482,0.0,0.0,4628543.0
10/23/2023,0.1505,0.166,0.14475,0.1648,0.0,0.0,1637192.0
10/20/2023,0.147,0.1628,0.147,0.1495,0.0,0.0,1083060.0
10/19/2023,0.1779,0.1832,0.1401,0.1472,0.0,0.0,2852064.0
10/18/2023,0.1387,0.2,0.132,0.2,0.0,0.0,15538578
10/17/2023,0.2744,0.33,0.261,0.262,0.0,0.0,2229196.0
10/16/2023,0.3797,0.41,0.3601,0.3908,0.0,0.0,353337.0
10/13/2023,0.3697,0.3744,0.35,0.3571,0.0,0.0,46674.0
10/12/2023,0.4,0.41,0.3509,0.353,0.0,0.0,372292.0
10/11/2023,0.3503,0.3937,0.3501,0.3851,0.0,0.0,147689.0
10/10/2023,0.33,0.3749,0.33,0.3544,0.0,0.0,77231.0
10/09/2023,0.3222,0.3474,0.3151,0.34,0.0,0.0,82295.0
10/06/2023,0.35,0.35,0.33,0.3475,0.0,0.0,281197.0
10/05/2023,0.319,0.3499,0.319,0.3261,0.0,0.0,154294.0
10/04/2023,0.334,0.419,0.3106,0.336,0.0,0.0,873514.0
10/03/2023,0.3517,0.3517,0.3139,0.334,0.0,0.0,109947.0
10/02/2023,0.3497,0.3497,0.3042,0.3447,0.0,0.0,89903.0
09/29/2023,0.33,0.35,0.304,0.339,0.0,0.0,206393.0
09/28/2023,0.3042,0.335,0.304,0.326,0.0,0.0,203864.0
09/27/2023,0.34,0.3476,0.25,0.3136,0.0,0.0,228527.0
09/26/2023,0.36,0.365,0.333,0.335,0.0,0.0,178681.0
09/25/2023,0.3878,0.3878,0.3537,0.359,0.0,0.0,94743.0
09/22/2023,0.385,0.3968,0.35,0.3601,0.0,0.0,254467.0
09/21/2023,0.4,0.409,0.3724,0.38005,0.0,0.0,194475.0
09/20/2023,0.4408,0.4408,0.4,0.4001,0.0,0.0,215884.0
09/19/2023,0.4397,0.4529,0.4149,0.4454,0.0,0.0,184994.0
09/18/2023,0.4365,0.4488,0.4001,0.4401,0.0,0.0,115904.0
09/15/2023,0.406,0.45,0.371,0.45,0.0,0.0,507245.0
09/14/2023,0.4,0.4099,0.385,0.406,0.0,0.0,258762.0
09/13/2023,0.3977,0.4019,0.3801,0.39,0.0,0.0,216023.0
09/12/2023,0.44,0.4599,0.3892,0.3896,0.0,0.0,593930.0
09/11/2023,0.4849,0.4896,0.439,0.439,0.0,0.0,607539.0
09/08/2023,0.4626,0.4849,0.4611,0.4849,0.0,0.0,98639.0
09/07/2023,0.4889,0.4889,0.4622,0.4794,0.0,0.0,106508.0
09/06/2023,0.462,0.4819,0.462,0.4666,0.0,0.0,115788.0
09/05/2023,0.479,0.486799,0.4713,0.4774,0.0,0.0,49786.0
09/01/2023,0.49,0.4986,0.48,0.48,0.0,0.0,107731.0
08/31/2023,0.5194,0.5194,0.489,0.489,0.0,0.0,95932.0
08/30/2023,0.5,0.5197,0.490101,0.5194,0.0,0.0,210532.0
08/29/2023,0.49,0.5179,0.48955,0.504,0.0,0.0,122300.0
08/28/2023,0.488,0.5,0.4801,0.4844,0.0,0.0,66811.0
08/25/2023,0.481,0.5196,0.48,0.489,0.0,0.0,129923.0
08/24/2023,0.4884,0.5197,0.481,0.4986,0.0,0.0,265919.0
08/23/2023,0.53,0.53,0.5042,0.5197,0.0,0.0,145313.0
08/22/2023,0.4859,0.535,0.4859,0.532,0.0,0.0,216595.0
08/21/2023,0.5119,0.5119,0.485,0.4911,0.0,0.0,72862.0
08/18/2023,0.4817,0.53,0.4817,0.4915,0.0,0.0,218788.0
08/17/2023,0.495,0.4957,0.485,0.4897,0.0,0.0,205729.0
08/16/2023,0.51,0.52,0.47,0.4934,0.0,0.0,365684.0
08/15/2023,0.5105,0.529899,0.5019,0.511,0.0,0.0,255160.0
08/14/2023,0.52,0.5345,0.51,0.5344,0.0,0.0,411694.0
08/11/2023,0.575,0.575,0.5013,0.5297,0.0,0.0,783149.0
08/10/2023,0.68,0.68,0.5629,0.57,0.0,0.0,773525.0
08/09/2023,0.6319,0.6377,0.59,0.611,0.0,0.0,326534.0
08/08/2023,0.6445,0.6722,0.6,0.61,0.0,0.0,629746.0
08/07/2023,0.7146,0.7146,0.66,0.7067,0.0,0.0,278138.0
08/04/2023,0.67,0.72,0.667,0.69,0.0,0.0,338094.0
08/03/2023,0.7,0.85,0.655,0.6716,0.0,0.0,1039466.0
08/02/2023,0.63,0.9,0.617,0.711,0.0,0.0,3463053.0
08/01/2023,0.64,0.651,0.6017,0.6313,0.0,0.0,175977.0
07/31/2023,0.595,0.666999,0.58,0.639,0.0,0.0,434584.0
07/28/2023,0.6,0.625,0.58,0.596,0.0,0.0,266312.0
07/27/2023,0.6,0.6297,0.581,0.6,0.0,0.0,270021.0
07/26/2023,0.5988,0.6062,0.5801,0.59,0.0,0.0,116951.0
07/25/2023,0.571,0.62,0.571,0.6,0.0,0.0,257524.0
07/24/2023,0.5984,0.6383,0.57,0.5728,0.0,0.0,550202.0
07/21/2023,0.6201,0.65,0.6,0.6106,0.0,0.0,477836.0
07/20/2023,0.71,0.718999,0.6,0.627,0.0,0.0,569333.0
07/19/2023,0.616,0.6944,0.616,0.6944,0.0,0.0,457377.0
07/18/2023,0.598,0.6397,0.5707,0.617,0.0,0.0,648082.0
07/17/2023,0.6119,0.62,0.56,0.5712,0.0,0.0,310319.0
07/14/2023,0.6284,0.64,0.5801,0.6,0.0,0.0,668172.0
07/13/2023,0.657,0.719,0.6359,0.6399,0.0,0.0,920368.0
07/12/2023,0.719,0.74,0.6402,0.6495,0.0,0.0,1020056.0
07/11/2023,0.7356,0.84,0.6868,0.6868,0.0,0.0,3558860.0
07/10/2023,0.6,0.708,0.5901,0.68,0.0,0.0,1179985.0
07/07/2023,0.5895,0.62,0.58,0.6101,0.0,0.0,351309.0
07/06/2023,0.6068,0.629,0.58,0.5836,0.0,0.0,709940.0
07/05/2023,0.52,0.63,0.52,0.629,0.0,0.0,1280508.0
07/03/2023,0.599,0.62,0.5651,0.5897,0.0,0.0,576921.0
06/30/2023,0.58,0.5963,0.530801,0.595,0.0,0.0,860489.0
06/29/2023,0.55,0.61,0.54,0.594,0.0,0.0,1418972.0
06/28/2023,0.533,0.56,0.5201,0.5313,0.0,0.0,817768.0
06/27/2023,0.52,0.56,0.4901,0.541,0.0,0.0,2152375.0
06/26/2023,0.4601,0.55,0.46,0.5288,0.0,0.0,3070490.0
06/23/2023,0.6198,0.67,0.506,0.51,0.0,0.0,18338232
06/22/2023,0.47,0.476,0.455,0.4553,0.0,0.0,4925509.0
06/21/2023,0.4731,0.4791,0.4612,0.47,0.0,0.0,100262.0
06/20/2023,0.48,0.5102,0.461,0.47,0.0,0.0,241800.0
06/16/2023,0.49,0.5142,0.47,0.47,0.0,0.0,164274.0
06/15/2023,0.51,0.5164,0.4801,0.49,0.0,0.0,200400.0
06/14/2023,0.5,0.51,0.48,0.49,0.0,0.0,140200.0
06/13/2023,0.473,0.5141,0.473,0.4777,0.0,0.0,163417.0
06/12/2023,0.471,0.5188,0.47,0.473,0.0,0.0,269832.0
06/09/2023,0.48,0.4879,0.4601,0.47,0.0,0.0,100084.0
06/08/2023,0.49,0.4975,0.4644,0.47,0.0,0.0,109978.0
06/07/2023,0.4821,0.5,0.467,0.47,0.0,0.0,165755.0
06/06/2023,0.4952,0.5117,0.4777,0.4777,0.0,0.0,226838.0
06/05/2023,0.5775,0.5825,0.4911,0.4952,0.0,0.0,275043.0
06/02/2023,0.5365,0.55,0.5362,0.55,0.0,0.0,86854.0
06/01/2023,0.546,0.55,0.521,0.5301,0.0,0.0,107361.0
05/31/2023,0.533,0.5356,0.501,0.52,0.0,0.0,87503.0
05/30/2023,0.52,0.5297,0.51,0.525,0.0,0.0,54642.0
05/26/2023,0.51,0.5199,0.51,0.5101,0.0,0.0,3513.0
05/25/2023,0.5,0.519,0.49,0.5,0.0,0.0,142603.0
05/24/2023,0.56,0.57,0.490001,0.495,0.0,0.0,254889.0
05/23/2023,0.5,0.56,0.4901,0.5575,0.0,0.0,400720.0
05/22/2023,0.47,0.493899,0.4409,0.4894,0.0,0.0,151345.0
05/19/2023,0.4428,0.4592,0.441,0.4571,0.0,0.0,100331.0
05/18/2023,0.4788,0.479599,0.44,0.4417,0.0,0.0,225969.0
05/17/2023,0.46,0.4798,0.4402,0.46,0.0,0.0,135684.0
05/16/2023,0.4897,0.4897,0.45,0.458,0.0,0.0,336117.0
05/15/2023,0.52,0.52,0.462,0.47535,0.0,0.0,292675.0
05/12/2023,0.52,0.5298,0.4802,0.5078,0.0,0.0,433027.0
05/11/2023,0.52,0.5397,0.5171,0.52,0.0,0.0,353486.0
05/10/2023,0.553,0.5615,0.5145,0.52,0.0,0.0,409623.0
05/09/2023,0.55,0.5525,0.53,0.55,0.0,0.0,146412.0
05/08/2023,0.55,0.5686,0.515,0.5433,0.0,0.0,257430.0
05/05/2023,0.555,0.5721,0.547,0.5599,0.0,0.0,243108.0
05/04/2023,0.55,0.5595,0.544,0.55,0.0,0.0,65462.0
05/03/2023,0.54,0.5559,0.5309,0.5409,0.0,0.0,148005.0
05/02/2023,0.559,0.559,0.531,0.54,0.0,0.0,59864.0
05/01/2023,0.57,0.58,0.5409,0.5475,0.0,0.0,183850.0
04/28/2023,0.56,0.57,0.55,0.55,0.0,0.0,150154.0
04/27/2023,0.54,0.5799,0.54,0.56,0.0,0.0,127753.0
04/26/2023,0.57,0.5832,0.5248,0.55,0.0,0.0,324803.0
04/25/2023,0.595,0.5989,0.5629,0.5832,0.0,0.0,208443.0
04/24/2023,0.5519,0.6389,0.55,0.5969,0.0,0.0,202992.0
04/21/2023,0.64,0.64,0.55,0.5519,0.0,0.0,447350.0
04/20/2023,0.67,0.67,0.62,0.6212,-0.0452,0.0,84700.0
04/19/2023,0.711,0.711,0.64,0.6664,-0.0447,0.0,174300.0
04/18/2023,0.68,0.7291,0.68,0.7111,0.0245,0.0,71800.0
04/17/2023,0.68,0.7141,0.6326,0.6866,-0.0356,0.0,239100.0
04/14/2023,0.8,0.839,0.6809,0.7222,-0.0657,0.0,335800.0
04/13/2023,0.765,0.7999,0.76,0.7879,0.036,0.0,141400.0
04/12/2023,0.8,0.846,0.7285,0.7519,-0.0181,0.0,180000.0
04/11/2023,0.8599,0.8599,0.745,0.77,-0.11,0.0,259100.0
04/10/2023,0.8968,0.9408,0.8409,0.88,-0.0432,0.0,339800.0
04/06/2023,0.88,0.93,0.8304,0.9232,0.0431,0.0,459000.0
04/05/2023,0.71,0.9089,0.7054,0.8801,0.0947,0.0,1055700.0
04/04/2023,0.6,0.85,0.544,0.7854,0.1854,0.0,2007500.0
04/03/2023,0.729,0.729,0.5901,0.6,-0.1,0.0,592500.0
03/31/2023,0.6,0.7497,0.59,0.7,0.1402,0.0,748600.0
03/30/2023,0.54,0.5799,0.5247,0.5598,0.0223,0.0,219200.0
03/29/2023,0.53,0.5599,0.52,0.5375,0.0091,0.0,319100.0
03/28/2023,0.5599,0.5699,0.528,0.5284,-0.0215,0.0,124700.0
03/27/2023,0.5764,0.5783,0.5309,0.5499,0.0099,0.0,202700.0
03/24/2023,0.58,0.5949,0.5276,0.54,-0.0397,0.0,262700.0
03/23/2023,0.5655,0.6184,0.55,0.5797,0.0097,0.0,224800.0
03/22/2023,0.61,0.6271,0.551,0.57,3.0E-4,0.0,390700.0
03/21/2023,0.6,0.6037,0.565,0.5697,-0.0053,0.0,232600.0
03/20/2023,0.5999,0.65,0.551,0.575,-0.0249,0.0,338000.0
03/17/2023,0.64,0.64,0.57,0.5999,-0.0299,0.0,290800.0
03/16/2023,0.65,0.66,0.6,0.6298,0.0027,0.0,219200.0
03/15/2023,0.71,0.7399,0.625,0.6271,-0.0922,0.0,264000.0
03/14/2023,0.672,0.7787,0.6599,0.7193,0.0793,0.0,194200.0
03/13/2023,0.67,0.675,0.611,0.64,-0.03,0.0,254600.0
03/10/2023,0.7,0.7334,0.578,0.67,-0.0623,0.0,676406.0
03/09/2023,0.79,0.7999,0.72,0.7323,-0.0452,0.0,134900.0
03/08/2023,0.81,0.82,0.77,0.7775,-0.0125,0.0,145900.0
03/07/2023,0.96,0.96,0.7715,0.79,-0.15,0.0,493300.0
03/06/2023,0.97,0.9985,0.9091,0.94,-0.03,0.0,117400.0
03/03/2023,0.95,0.99,0.95,0.97,0.0156,0.0,139800.0
03/02/2023,0.99,1.02,0.9319,0.9544,-0.0456,0.0,211200.0
03/01/2023,1.05,1.1,0.999,1.0,-0.04,0.0,136100.0
02/28/2023,0.9911,1.08,0.9911,1.04,0.02,0.0,153300.0
02/27/2023,1.04,1.1099,1.01,1.02,-0.02,0.0,124900.0
02/24/2023,1.08,1.095,0.99,1.04,-0.05,0.0,147400.0
02/23/2023,1.1,1.1399,1.06,1.09,0.01,0.0,91100.0
02/22/2023,1.1,1.1399,1.08,1.08,-0.02,0.0,106600.0
02/21/2023,1.15,1.22,1.1,1.1,-0.06,0.0,189500.0
02/17/2023,1.17,1.17,1.11,1.16,0.02,0.0,101500.0
02/16/2023,1.13,1.25,1.11,1.14,-0.03,0.0,210700.0
02/15/2023,1.14,1.25,1.1,1.17,0.03,0.0,296800.0
02/14/2023,1.08,1.19,1.0761,1.14,0.06,0.0,218000.0
02/13/2023,1.15,1.15,1.08,1.08,-0.06,0.0,138500.0
02/10/2023,1.17,1.1899,1.06,1.14,-0.05,0.0,190900.0
02/09/2023,1.32,1.36,1.17,1.19,-0.08,0.0,397700.0
02/08/2023,1.24,1.34,1.22,1.27,0.07,0.0,269900.0
02/07/2023,1.26,1.28,1.1532,1.2,-0.09,0.0,375000.0
02/06/2023,1.24,1.31,1.24,1.29,-0.01,0.0,192300.0
02/03/2023,1.33,1.43,1.22,1.3,-0.03,0.0,558600.0
02/02/2023,1.3,1.53,1.29,1.33,0.1,0.0,1271000.0
02/01/2023,1.39,1.4501,1.12,1.23,-0.14,0.0,1738000.0
01/31/2023,2.37,2.441,1.31,1.37,-0.93,0.0,3322500.0
01/30/2023,1.96,2.64,1.95,2.3,0.4,0.0,1927700.0
01/27/2023,1.75,2.27,1.75,1.9,0.32,0.0,2124400.0
01/26/2023,1.45,1.59,1.4,1.58,0.25,0.0,341100.0
01/25/2023,1.38,1.38,1.31,1.33,-0.04,0.0,91400.0
01/24/2023,1.42,1.44,1.352,1.37,-0.05,0.0,168800.0
01/23/2023,1.23,1.42,1.23,1.42,0.22,0.0,226100.0
01/20/2023,1.09,1.2,1.09,1.2,0.04,0.0,195700.0
01/19/2023,1.34,1.4,1.12,1.16,-0.27,0.0,547600.0
01/18/2023,1.26,1.55,1.26,1.43,0.22,0.0,922700.0
01/17/2023,1.1,1.25,1.1,1.21,0.12,0.0,395800.0
01/13/2023,0.95,1.09,0.935,1.09,0.14,0.0,365400.0
01/12/2023,0.827,0.95,0.78,0.95,0.1224,0.0,231800.0
01/11/2023,0.9083,0.9083,0.79,0.8276,-0.0225,0.0,319400.0
01/10/2023,0.9187,0.9499,0.8286,0.8501,-0.0699,0.0,162100.0
01/09/2023,0.87,0.93,0.8102,0.92,0.1195,0.0,345100.0
01/06/2023,0.79,0.83,0.7525,0.8005,0.029,0.0,148300.0
01/05/2023,0.8,0.8079,0.765,0.7715,-0.0285,0.0,78500.0
01/04/2023,0.64,0.82,0.62,0.8,0.151,0.0,314000.0
01/03/2023,0.69,0.73,0.64,0.649,0.0,0.0,256200.0
