04/20/2023,1.96,2.01,1.87,1.9,-0.06,0.0,87600.0
04/19/2023,1.99,2.0,1.94,1.96,-0.07,0.0,102700.0
04/18/2023,2.06,2.07,1.93,2.03,-0.02,0.0,117700.0
04/17/2023,1.92,2.07,1.85,2.05,0.15,0.0,349900.0
04/14/2023,1.93,1.96,1.8893,1.9,-0.04,0.0,84000.0
04/13/2023,1.96,2.0155,1.89,1.94,-0.01,0.0,162400.0
04/12/2023,1.9,2.05,1.841,1.95,0.02,0.0,228700.0
04/11/2023,1.86,1.93,1.79,1.93,0.08,0.0,162200.0
04/10/2023,1.85,1.9,1.78,1.85,-0.01,0.0,211600.0
04/06/2023,1.89,1.9,1.781,1.86,-0.02,0.0,105700.0
04/05/2023,1.87,1.9,1.85,1.88,0.03,0.0,77700.0
04/04/2023,2.02,2.02,1.81,1.85,-0.19,0.0,152700.0
04/03/2023,1.93,2.04,1.88,2.04,0.11,0.0,114000.0
03/31/2023,2.01,2.02,1.93,1.93,-0.09,0.0,105100.0
03/30/2023,1.98,2.02,1.91,2.02,0.06,0.0,132400.0
03/29/2023,2.0,2.01,1.86,1.96,-0.04,0.0,107400.0
03/28/2023,1.83,2.03,1.79,2.0,0.18,0.0,135400.0
03/27/2023,1.83,1.84,1.76,1.82,-0.02,0.0,69900.0
03/24/2023,1.68,1.84,1.68,1.84,0.16,0.0,93100.0
03/23/2023,1.68,1.695,1.64,1.68,0.02,0.0,64000.0
03/22/2023,1.69,1.7,1.65,1.66,-0.04,0.0,45400.0
03/21/2023,1.7,1.7,1.65,1.7,0.01,0.0,131500.0
03/20/2023,1.76,1.76,1.58,1.69,-0.04,0.0,228600.0
03/17/2023,1.83,1.88,1.72,1.73,-0.1,0.0,529600.0
03/16/2023,1.73,1.84,1.73,1.83,0.02,0.0,214200.0
03/15/2023,1.77,1.85,1.73,1.81,0.02,0.0,146800.0
03/14/2023,1.78,1.81,1.75,1.79,0.04,0.0,131200.0
03/13/2023,1.71,1.8,1.71,1.75,0.04,0.0,184700.0
03/10/2023,1.74,1.76,1.64,1.71,-0.03,0.0,199900.0
03/09/2023,1.81,1.93,1.68,1.74,-0.16,0.0,300500.0
03/08/2023,1.9,1.93,1.71,1.9,0.04,0.0,502400.0
03/07/2023,1.84,2.06,1.8,1.86,-0.04,0.0,1239100.0
03/06/2023,1.82,1.9,1.76,1.9,0.1,0.0,105100.0
03/03/2023,1.83,1.83,1.71,1.8,-0.04,0.0,57100.0
03/02/2023,1.81,1.85,1.76,1.84,0.02,0.0,19500.0
03/01/2023,1.82,1.87,1.75,1.82,0.02,0.0,76400.0
02/28/2023,1.78,1.8,1.77,1.8,0.01,0.0,42900.0
02/27/2023,1.77,1.79,1.7,1.79,0.06,0.0,85200.0
02/24/2023,1.72,1.79,1.68,1.73,-0.02,0.0,73200.0
02/23/2023,1.71,1.79,1.67,1.75,0.06,0.0,86300.0
02/22/2023,1.67,1.74,1.64,1.69,0.0,0.0,50000.0
02/21/2023,1.77,1.79,1.6,1.69,-0.06,0.0,102200.0
02/17/2023,1.72,1.76,1.66,1.75,0.05,0.0,39600.0
02/16/2023,1.73,1.73,1.65,1.7,-0.02,0.0,50500.0
02/15/2023,1.66,1.765,1.63,1.72,0.09,0.0,64600.0
02/14/2023,1.62,1.675,1.55,1.63,-0.02,0.0,77000.0
02/13/2023,1.67,1.7,1.6,1.65,-0.02,0.0,78400.0
02/10/2023,1.68,1.72,1.65,1.67,-0.01,0.0,65900.0
02/09/2023,1.7099,1.738,1.68,1.68,-0.03,0.0,62500.0
02/08/2023,1.73,1.75,1.68,1.71,-0.01,0.0,95900.0
02/07/2023,1.74,1.76,1.67,1.72,-0.02,0.0,137100.0
02/06/2023,1.77,1.8,1.7,1.74,-0.01,0.0,197200.0
02/03/2023,1.8,1.8799,1.71,1.75,-0.07,0.0,377900.0
02/02/2023,1.82,1.855,1.78,1.82,0.01,0.0,138500.0
02/01/2023,1.81,1.87,1.77,1.81,0.02,0.0,77900.0
01/31/2023,1.75,1.86,1.69,1.79,0.05,0.0,580200.0
01/30/2023,1.76,1.82,1.71,1.74,-0.04,0.0,60600.0
01/27/2023,1.74,1.828,1.72,1.78,0.05,0.0,133700.0
01/26/2023,1.75,1.76,1.65,1.73,-0.01,0.0,72200.0
01/25/2023,1.69,1.77,1.68,1.74,0.04,0.0,73400.0
01/24/2023,1.71,1.7225,1.67,1.7,0.02,0.0,105200.0
01/23/2023,1.73,1.73,1.66,1.68,-0.03,0.0,183500.0
01/20/2023,1.71,1.77,1.68,1.71,-0.01,0.0,71900.0
01/19/2023,1.7,1.76,1.64,1.72,0.01,0.0,151300.0
01/18/2023,1.79,1.82,1.71,1.71,-0.07,0.0,89100.0
01/17/2023,1.8,1.83,1.74,1.78,-0.02,0.0,65900.0
01/13/2023,1.71,1.82,1.69,1.8,0.05,0.0,141200.0
01/12/2023,1.82,1.82,1.71,1.75,-0.04,0.0,203900.0
01/11/2023,1.76,1.84,1.73,1.79,0.01,0.0,84200.0
01/10/2023,1.77,1.82,1.76,1.78,0.03,0.0,143400.0
01/09/2023,1.94,1.945,1.72,1.75,-0.17,0.0,208100.0
01/06/2023,1.83,1.92,1.81,1.92,0.07,0.0,75100.0
01/05/2023,1.91,1.93,1.81,1.85,-0.06,0.0,138900.0
01/04/2023,1.85,1.91,1.78,1.91,0.08,0.0,92600.0
01/03/2023,1.84,1.88,1.74,1.83,0.0,0.0,95400.0
