04/20/2023,2.5,2.52,2.48,2.5,0.02,0.0,6700.0
04/19/2023,2.41,2.54,2.41,2.48,0.01,0.0,23700.0
04/18/2023,2.45,2.49,2.45,2.47,0.0,0.0,7400.0
04/17/2023,2.49,2.49,2.41,2.47,0.01,0.0,19900.0
04/14/2023,2.47,2.54,2.41,2.46,-0.02,0.0,6000.0
04/13/2023,2.42,2.52,2.42,2.48,0.02,0.0,4300.0
04/12/2023,2.43,2.47,2.43,2.46,0.0,0.0,13300.0
04/11/2023,2.47,2.47,2.39,2.46,0.0,0.0,22200.0
04/10/2023,2.57,2.65,2.46,2.46,-0.04,0.0,12600.0
04/06/2023,2.49,2.54,2.49,2.5,0.02,0.0,1100.0
04/05/2023,2.48,2.48,2.48,2.48,0.01,0.0,800.0
04/04/2023,2.5,2.55,2.47,2.47,-0.03,0.0,11000.0
04/03/2023,2.51,2.7,2.43,2.5,0.02,0.0,20400.0
03/31/2023,2.46,2.5,2.46,2.48,-0.03,0.0,26700.0
03/30/2023,2.46,2.51,2.45,2.51,0.05,0.0,13200.0
03/29/2023,2.42,2.48,2.37,2.46,0.02,0.0,28900.0
03/28/2023,2.52,2.54,2.42,2.44,-0.06,0.0,21200.0
03/27/2023,2.62,2.62,2.5,2.5,-0.08,0.0,29300.0
03/24/2023,2.51,2.61,2.45,2.58,-0.09,0.0,106200.0
03/23/2023,2.5,2.77,2.5,2.67,0.22,0.0,114200.0
03/22/2023,2.56,2.56,2.45,2.45,-0.08,0.0,34700.0
03/21/2023,2.43,2.6,2.43,2.53,0.06,0.0,38900.0
03/20/2023,2.52,2.63,2.46,2.47,-0.14,0.0,54500.0
03/17/2023,2.61,2.65,2.53,2.61,-0.04,0.0,30700.0
03/16/2023,2.66,2.66,2.61,2.65,0.01,0.0,9500.0
03/15/2023,2.59,2.73,2.59,2.64,0.0,0.0,24200.0
03/14/2023,2.69,2.8,2.64,2.64,-0.03,0.0,34100.0
03/13/2023,2.67,2.73,2.65,2.67,-0.07,0.0,13800.0
03/10/2023,2.7,2.75,2.7,2.74,-0.01,0.0,9500.0
03/09/2023,2.77,2.86,2.72,2.75,-0.12,0.0,10700.0
03/08/2023,2.78,2.9,2.78,2.87,0.05,0.0,8700.0
03/07/2023,2.92,2.92,2.79,2.82,-0.03,0.0,9100.0
03/06/2023,2.88,2.92,2.83,2.85,-0.06,0.0,13700.0
03/03/2023,2.91,2.97,2.87,2.91,0.07,0.0,10000.0
03/02/2023,2.9,2.99,2.84,2.84,-0.05,0.0,33800.0
03/01/2023,2.88,2.92,2.88,2.89,0.01,0.0,13300.0
02/28/2023,2.9,2.97,2.88,2.88,0.0,0.0,7300.0
02/27/2023,3.05,3.05,2.85,2.88,-0.05,0.0,32200.0
02/24/2023,2.97,2.97,2.93,2.93,-0.03,0.0,24600.0
02/23/2023,3.06,3.11,2.96,2.96,-0.04,0.0,22700.0
02/22/2023,3.07,3.12,3.0,3.0,-0.07,0.0,36000.0
02/21/2023,3.11,3.12,3.05,3.07,-0.09,0.0,30900.0
02/17/2023,3.08,3.18,3.08,3.16,0.04,0.0,6400.0
02/16/2023,3.18,3.24,3.12,3.12,-0.03,0.0,14200.0
02/15/2023,3.24,3.29,3.15,3.15,-0.07,0.0,32500.0
02/14/2023,3.29,3.29,3.1,3.22,-0.06,0.0,42300.0
02/13/2023,3.32,3.32,3.26,3.28,0.02,0.0,17800.0
02/10/2023,3.45,3.45,3.26,3.26,-0.23,0.0,92900.0
02/09/2023,3.5,3.54,3.47,3.49,-0.01,0.0,160400.0
02/08/2023,3.62,3.62,3.5,3.5,-0.12,0.0,7800.0
02/07/2023,3.63,3.65,3.51,3.62,0.07,0.0,14500.0
02/06/2023,3.5,3.65,3.5,3.55,0.04,0.0,11500.0
02/03/2023,3.47,3.67,3.47,3.51,0.01,0.0,6900.0
02/02/2023,3.48,3.5,3.4,3.5,0.05,0.0,13400.0
02/01/2023,3.5,3.5,3.42,3.45,-0.08,0.0,5600.0
01/31/2023,3.55,3.71,3.5,3.53,0.03,0.0,52800.0
01/30/2023,3.39,3.6,3.38,3.5,0.12,0.0,23700.0
01/27/2023,3.4,3.4,3.34,3.38,0.04,0.0,7300.0
01/26/2023,3.35,3.35,3.33,3.34,-0.03,0.0,3000.0
01/25/2023,3.33,3.38,3.3,3.37,0.04,0.0,9100.0
01/24/2023,3.35,3.35,3.26,3.33,0.04,0.0,8800.0
01/23/2023,3.22,3.33,3.21,3.29,0.01,0.0,4800.0
01/20/2023,3.28,3.35,3.28,3.28,-0.08,0.0,3900.0
01/19/2023,3.25,3.39,3.25,3.36,0.08,0.0,10900.0
01/18/2023,3.25,3.42,3.25,3.28,0.03,0.0,35700.0
01/17/2023,3.18,3.39,3.18,3.25,0.09,0.0,48000.0
01/13/2023,3.01,3.2,3.01,3.16,0.18,0.0,15500.0
01/12/2023,2.97,3.01,2.97,2.98,0.04,0.0,3000.0
01/11/2023,3.02,3.02,2.93,2.94,-0.03,0.0,17100.0
01/10/2023,2.97,3.01,2.97,2.97,0.04,0.0,3500.0
01/09/2023,2.99,3.03,2.92,2.93,-0.08,0.0,16200.0
01/06/2023,2.92,3.01,2.92,3.01,-0.01,0.0,7600.0
01/05/2023,3.02,3.03,2.97,3.02,0.05,0.0,3900.0
01/04/2023,3.02,3.02,2.91,2.97,-0.05,0.0,9400.0
01/03/2023,3.01,3.03,2.97,3.02,0.0,0.0,24800.0
