11/22/2023,78.76,79.18,77.75,78.22,0.0,0.0,228181.0
11/21/2023,78.0,78.24,77.32,78.0,0.0,0.0,176845.0
11/20/2023,75.9,78.38,75.25,78.23,0.0,0.0,321458.0
11/17/2023,75.74,76.445,74.955,75.65,0.0,0.0,271895.0
11/16/2023,76.39,76.89,74.69,75.36,0.0,0.0,214241.0
11/15/2023,76.16,77.54,76.16,76.87,0.0,0.0,342208.0
11/14/2023,73.53,76.78,73.015,76.65,0.0,0.0,455047.0
11/13/2023,71.6,72.3,71.4,71.48,0.0,0.0,165833.0
11/10/2023,71.44,72.58,70.75,71.97,0.0,0.0,290743.0
11/09/2023,72.62,72.62,70.29,71.25,0.0,0.0,769860.0
11/08/2023,71.36,72.44,71.03,72.37,0.0,0.0,221716.0
11/07/2023,71.8,72.08,70.99,71.15,0.0,0.0,129611.0
11/06/2023,72.72,72.72,71.65,71.9,0.0,0.0,237673.0
11/03/2023,72.0,73.18,71.99,72.56,0.0,0.0,330628.0
11/02/2023,70.0,71.52,69.82,71.24,0.0,0.0,490435.0
11/01/2023,66.9,69.33,66.59,68.78,0.0,0.0,407211.0
10/31/2023,67.83,69.1,66.959,67.2,0.0,0.0,308892.0
10/30/2023,70.0,70.53,66.98,67.95,0.0,0.0,475035.0
10/27/2023,66.45,69.84,65.35,69.58,0.0,0.0,654674.0
10/26/2023,63.0,65.1,62.75,64.09,0.0,0.0,260935.0
10/25/2023,62.28,63.34,62.15,63.0,0.0,0.0,224490.0
10/24/2023,63.92,64.35,62.91,63.14,0.0,0.0,154068.0
10/23/2023,63.04,64.7,62.93,63.66,0.0,0.0,205781.0
10/20/2023,63.48,63.87,62.68,63.5,0.0,0.0,230957.0
10/19/2023,65.1,65.48,63.02,63.38,0.0,0.0,310008.0
10/18/2023,66.64,66.64,64.8,65.5,0.0,0.0,206638.0
10/17/2023,66.45,68.0,66.45,67.4,0.0,0.0,266074.0
10/16/2023,67.23,67.7895,66.88,67.16,0.0,0.0,171555.0
10/13/2023,66.92,67.01,65.515,66.62,0.0,0.0,167442.0
10/12/2023,68.84,68.84,66.26,66.64,0.0,0.0,183719.0
10/11/2023,68.58,69.77,67.97,68.69,0.0,0.0,159085.0
10/10/2023,67.39,69.48,67.39,68.53,0.0,0.0,313761.0
10/09/2023,65.91,68.14,65.91,67.36,0.0,0.0,169742.0
10/06/2023,65.83,67.21,65.35,66.39,0.0,0.0,197508.0
10/05/2023,65.09,66.6,65.09,66.55,0.0,0.0,234026.0
10/04/2023,63.66,65.9,63.38,65.25,0.0,0.0,232105.0
10/03/2023,65.44,65.44,62.44,63.63,0.0,0.0,454849.0
10/02/2023,67.98,68.065,65.12,65.79,0.0,0.0,187571.0
09/29/2023,66.8,67.7,66.471,66.6,0.0,0.0,163983.0
09/28/2023,66.21,67.36,65.7,66.45,0.0,0.0,111367.0
09/27/2023,66.05,66.92,65.37,65.92,0.0,0.0,191313.0
09/26/2023,66.09,67.01,65.7,65.73,0.0,0.0,186826.0
09/25/2023,66.6,67.34,66.6,66.88,0.0,0.0,95025.0
09/22/2023,66.79,67.47,66.41,66.93,0.0,0.0,136559.0
09/21/2023,67.96,68.035,67.0,67.15,0.0,0.0,185982.0
09/20/2023,68.58,69.613,68.58,68.7,0.0,0.0,242371.0
09/19/2023,68.42,69.37,68.14,68.26,0.0,0.0,165765.0
09/18/2023,69.08,69.385,67.98,68.23,0.0,0.0,223732.0
09/15/2023,69.11,69.74,67.87,68.7,0.0,0.0,489104.0
09/14/2023,69.0,70.13,68.69,69.52,0.0,0.0,274669.0
09/13/2023,70.0,70.18,67.8,68.24,0.0,0.0,385378.0
09/12/2023,70.46,71.1,69.18,69.68,0.0,0.0,274225.0
09/11/2023,69.86,71.755,69.86,71.29,0.0,0.0,218998.0
09/08/2023,70.08,70.15,69.11,69.3,0.0,0.0,120528.0
09/07/2023,70.01,70.42,69.81,70.1,0.0,0.0,184069.0
09/06/2023,71.37,71.59,69.64,70.0,0.0,0.0,136890.0
09/05/2023,72.37,72.92,70.88,71.0,0.0,0.0,260335.0
09/01/2023,72.27,73.25,72.0,72.77,0.0,0.0,203175.0
08/31/2023,70.62,72.49,70.62,71.77,0.0,0.0,372496.0
08/30/2023,69.16,71.09,69.16,70.76,0.0,0.0,162345.0
08/29/2023,68.97,70.615,68.495,69.55,0.0,0.0,239255.0
08/28/2023,69.59,70.36,68.64,69.0,0.0,0.0,252162.0
08/25/2023,69.12,69.29,68.165,68.97,0.0,0.0,142284.0
08/24/2023,69.55,69.8275,68.39,69.02,0.0,0.0,157202.0
08/23/2023,67.24,69.44,67.18,69.42,0.0,0.0,276006.0
08/22/2023,69.05,69.155,67.21,67.24,0.0,0.0,217405.0
08/21/2023,69.45,69.64,67.81,68.67,0.0,0.0,305832.0
08/18/2023,69.29,70.45,68.89,69.32,0.0,0.0,231421.0
08/17/2023,71.87,71.87,69.9,70.07,0.0,0.0,154825.0
08/16/2023,72.49,72.76,71.25,71.27,0.0,0.0,134003.0
08/15/2023,72.37,73.065,71.555,72.58,0.0,0.0,188340.0
08/14/2023,73.5,73.515,72.745,73.21,0.0,0.0,195494.0
08/11/2023,74.27,74.74,73.76,73.94,0.0,0.0,117754.0
08/10/2023,75.74,76.39,74.32,74.48,0.0,0.0,135362.0
08/09/2023,75.53,75.89,74.88,75.33,0.0,0.0,138515.0
08/08/2023,75.95,76.455,75.31,75.79,0.0,0.0,153198.0
08/07/2023,75.7,77.22,75.46,77.14,0.0,0.0,157101.0
08/04/2023,74.28,76.01,74.025,75.48,0.0,0.0,162490.0
08/03/2023,73.78,74.08,72.84,73.76,0.0,0.0,181837.0
08/02/2023,74.25,74.63,73.19,74.31,0.0,0.0,216168.0
08/01/2023,75.41,75.59,73.755,74.76,0.0,0.0,316132.0
07/31/2023,76.27,77.67,74.77,75.23,0.0,0.0,494222.0
07/28/2023,79.41,79.41,74.86,76.1,0.0,0.0,713298.0
07/27/2023,82.43,82.915,79.97,80.2,0.0,0.0,475150.0
07/26/2023,80.53,81.73,80.08,81.71,0.0,0.0,432734.0
07/25/2023,80.81,82.26,80.16,80.22,0.0,0.0,306485.0
07/24/2023,80.17,80.87,79.74,80.53,0.0,0.0,248791.0
07/21/2023,81.44,81.69,79.67,80.02,0.0,0.0,293478.0
07/20/2023,80.93,81.2899,79.815,80.8,0.0,0.0,295901.0
07/19/2023,79.0,81.94,78.705,81.52,0.0,0.0,498899.0
07/18/2023,76.5,78.99,76.4,78.62,0.0,0.0,398820.0
07/17/2023,73.95,76.49,73.74,76.07,0.0,0.0,767787.0
07/14/2023,73.43,73.81,72.445,73.74,0.0,0.0,178337.0
07/13/2023,71.93,73.73,71.81,73.63,0.0,0.0,272626.0
07/12/2023,71.94,72.47,71.31,72.4,0.0,0.0,193276.0
07/11/2023,70.37,70.87,70.14,70.73,0.0,0.0,279307.0
07/10/2023,67.7,69.9775,67.495,69.45,0.0,0.0,240496.0
07/07/2023,66.34,67.6,66.34,67.34,0.0,0.0,227177.0
07/06/2023,66.72,66.93,64.84,66.46,0.0,0.0,609362.0
07/05/2023,69.74,70.295,68.57,68.64,0.0,0.0,187424.0
07/03/2023,70.0,70.82,69.62,70.21,0.0,0.0,119843.0
06/30/2023,71.51,71.725,70.12,70.31,0.0,0.0,309330.0
06/29/2023,71.99,72.27,70.75,71.09,0.0,0.0,303327.0
06/28/2023,70.41,72.0,70.02,71.9,0.0,0.0,255378.0
06/27/2023,67.92,70.93,67.86,70.47,0.0,0.0,477458.0
06/26/2023,67.53,68.59,67.53,67.74,0.0,0.0,177656.0
06/23/2023,67.35,68.26,66.894,67.68,0.0,0.0,504453.0
06/22/2023,68.63,68.93,67.7,67.98,0.0,0.0,205594.0
06/21/2023,68.97,69.8,68.4566,69.39,0.0,0.0,175619.0
06/20/2023,68.23,69.565,67.87,69.12,0.0,0.0,299236.0
06/16/2023,70.4,70.4,68.21,68.38,0.0,0.0,405258.0
06/15/2023,68.76,70.28,68.5,69.93,0.0,0.0,387167.0
06/14/2023,69.45,70.25,68.59,69.37,0.0,0.0,364467.0
06/13/2023,67.47,70.09,67.145,69.43,0.0,0.0,542312.0
06/12/2023,65.26,66.64,64.865,66.53,0.0,0.0,254008.0
06/09/2023,65.33,65.83,64.45,65.58,0.0,0.0,190204.0
06/08/2023,65.05,65.44,64.0,65.32,0.0,0.0,196476.0
06/07/2023,64.46,65.47,64.25,65.1,0.0,0.0,644183.0
06/06/2023,62.67,64.3,62.67,63.93,0.0,0.0,257354.0
06/05/2023,63.41,63.77,62.43,62.96,0.0,0.0,240245.0
06/02/2023,62.36,63.79,62.36,63.76,0.0,0.0,213078.0
06/01/2023,60.99,62.21,60.99,61.79,0.0,0.0,302838.0
05/31/2023,60.95,61.75,60.37,61.04,0.0,0.0,343402.0
05/30/2023,60.94,61.165,60.64,60.93,0.0,0.0,307912.0
05/26/2023,60.15,60.46,60.145,60.4,0.0,0.0,62370.0
05/25/2023,60.57,60.69,58.67,58.94,0.0,0.0,336778.0
05/24/2023,60.87,61.155,59.74,60.64,0.0,0.0,230758.0
05/23/2023,61.25,63.0,61.21,61.27,0.0,0.0,277063.0
05/22/2023,63.22,63.64,61.97,61.99,0.0,0.0,290053.0
05/19/2023,64.98,65.11,62.34,63.23,0.0,0.0,376573.0
05/18/2023,62.27,64.7,62.27,64.68,0.0,0.0,597673.0
05/17/2023,61.69,63.375,61.67,62.59,0.0,0.0,509060.0
05/16/2023,60.58,61.63,60.58,61.09,0.0,0.0,333385.0
05/15/2023,59.59,61.21,59.59,60.85,0.0,0.0,370608.0
05/12/2023,59.15,59.7,59.085,59.54,0.0,0.0,254816.0
05/11/2023,56.87,58.74,56.87,58.66,0.0,0.0,253915.0
05/10/2023,57.39,57.89,56.6,57.33,0.0,0.0,303509.0
05/09/2023,57.3,57.42,56.46,56.59,0.0,0.0,347608.0
05/08/2023,57.45,58.24,56.16,57.62,0.0,0.0,383643.0
05/05/2023,57.93,58.78,57.76,58.48,0.0,0.0,391120.0
05/04/2023,58.38,58.67,57.11,57.2,0.0,0.0,439671.0
05/03/2023,59.98,60.11,58.925,59.02,0.0,0.0,564158.0
05/02/2023,60.51,60.51,58.37,59.85,0.0,0.0,563323.0
05/01/2023,62.56,62.56,60.37,60.74,0.0,0.0,499975.0
04/28/2023,61.31,65.58,59.17,62.49,0.0,0.0,650530.0
04/27/2023,64.44,65.93,64.09,65.92,0.0,0.0,463446.0
04/26/2023,63.54,64.55,63.54,64.01,0.0,0.0,421691.0
04/25/2023,63.25,64.13,63.25,63.88,0.0,0.0,340262.0
04/24/2023,63.47,64.695,63.255,63.98,0.0,0.0,453168.0
04/21/2023,63.45,64.17,63.0,63.6,0.0,0.0,341794.0
04/20/2023,63.03,63.4,62.63,63.33,-0.07,0.0,181000.0
04/19/2023,62.45,63.54,62.16,63.4,0.68,0.0,217700.0
04/18/2023,62.76,63.15,62.14,62.72,0.07,0.0,278400.0
04/17/2023,62.94,63.38,61.9,62.65,-0.62,0.0,436300.0
04/14/2023,63.4,63.96,62.67,63.27,0.24,0.0,470600.0
04/13/2023,61.98,63.1,61.52,63.03,1.32,0.0,253800.0
04/12/2023,62.57,62.73,61.49,61.71,-0.11,0.0,255300.0
04/11/2023,59.82,62.3,59.03,61.82,2.36,0.0,365400.0
04/10/2023,59.28,60.12,59.0,59.46,-0.2,0.0,584500.0
04/06/2023,60.44,60.93,59.52,59.66,-0.72,0.0,345500.0
04/05/2023,59.53,60.84,59.09,60.38,0.38,0.0,249700.0
04/04/2023,60.91,60.91,59.2,60.0,-0.77,0.0,286800.0
04/03/2023,59.34,60.83,59.06,60.77,1.16,0.0,333200.0
03/31/2023,58.62,59.7,58.16,59.61,1.3,0.0,344700.0
03/30/2023,58.47,59.28,57.92,58.31,0.11,0.0,302900.0
03/29/2023,57.6,58.53,56.56,58.2,1.22,0.0,304500.0
03/28/2023,57.29,57.56,56.84,56.98,-0.35,0.0,358500.0
03/27/2023,57.94,58.05,57.02,57.33,-0.07,0.0,314200.0
03/24/2023,55.02,57.96,54.55,57.4,1.58,0.0,471100.0
03/23/2023,56.01,57.4,55.07,55.82,-0.12,0.0,394000.0
03/22/2023,57.74,58.34,55.85,55.94,-1.83,0.0,346600.0
03/21/2023,57.9,59.15,57.61,57.77,1.02,0.0,468500.0
03/20/2023,57.42,58.73,56.69,56.75,0.0,0.0,465100.0
03/17/2023,57.1,57.1,55.76,56.75,-1.22,0.0,870901.0
03/16/2023,55.73,59.27,55.15,57.97,1.57,0.0,512000.0
03/15/2023,56.03,57.07,55.33,56.4,-1.26,0.0,502300.0
03/14/2023,59.6,60.74,57.15,57.66,-0.05,0.0,568000.0
03/13/2023,56.33,58.72,54.0,57.71,-0.11,0.0,861400.0
03/10/2023,59.06,59.67,57.28,57.82,-1.68,0.0,620500.0
03/09/2023,61.36,62.13,59.33,59.5,-2.13,0.0,435700.0
03/08/2023,60.98,61.95,60.15,61.63,0.98,0.0,308500.0
03/07/2023,62.09,62.72,60.59,60.65,-1.53,0.0,300000.0
03/06/2023,63.0,63.83,61.88,62.18,-0.8,0.0,404600.0
03/03/2023,62.18,63.27,61.84,62.98,1.2,0.0,304700.0
03/02/2023,60.27,62.02,60.27,61.78,0.36,0.0,275100.0
03/01/2023,60.36,61.51,60.18,61.42,0.95,0.0,432400.0
02/28/2023,59.04,61.01,59.04,60.47,-0.23,0.0,749300.0
02/27/2023,61.52,61.52,60.22,60.7,-0.04,0.0,322100.0
02/24/2023,60.73,60.94,60.0,60.74,-1.07,0.0,305000.0
02/23/2023,61.5,62.0,61.0,61.81,0.84,0.0,339700.0
02/22/2023,61.89,62.48,60.33,60.97,-0.74,0.0,447300.0
02/21/2023,63.32,63.56,61.6,61.71,-2.72,0.0,323500.0
02/17/2023,65.22,65.3,64.13,64.43,-0.81,0.0,208300.0
02/16/2023,65.43,66.63,64.92,65.24,-1.34,0.0,289200.0
02/15/2023,65.41,66.95,65.39,66.58,0.35,0.0,184500.0
02/14/2023,65.71,66.59,64.97,66.23,0.16,0.0,196700.0
02/13/2023,65.49,66.21,65.02,66.07,0.5,0.0,249300.0
02/10/2023,65.68,66.72,64.64,65.57,-0.4,0.0,548400.0
02/09/2023,67.76,67.89,65.72,65.97,-0.96,0.0,341600.0
02/08/2023,65.88,67.02,65.5,66.93,0.64,0.0,375200.0
02/07/2023,64.14,66.63,63.88,66.29,1.64,0.0,526200.0
02/06/2023,64.8,65.85,64.21,64.65,-1.64,0.0,509200.0
02/03/2023,69.76,69.77,65.84,66.29,-6.26,0.0,1241407.0
02/02/2023,69.7,73.79,69.52,72.55,3.59,0.0,922000.0
02/01/2023,66.97,69.61,66.85,68.96,1.54,0.0,465500.0
01/31/2023,66.42,67.58,66.27,67.42,1.46,0.0,298800.0
01/30/2023,65.64,66.31,65.11,65.96,-0.01,0.0,385600.0
01/27/2023,65.84,66.46,65.33,65.97,0.12,0.0,272500.0
01/26/2023,64.75,65.86,63.84,65.85,1.59,0.0,256000.0
01/25/2023,63.68,64.43,63.35,64.26,0.1,0.0,265100.0
01/24/2023,65.67,65.93,64.11,64.16,-1.42,0.0,233500.0
01/23/2023,64.79,66.02,64.48,65.58,0.82,0.0,231600.0
01/20/2023,62.93,65.39,62.3,64.76,2.17,0.0,529500.0
01/19/2023,62.92,63.55,61.87,62.59,-1.06,0.0,354000.0
01/18/2023,63.97,65.25,63.46,63.65,-0.54,0.0,300100.0
01/17/2023,63.0,64.81,63.0,64.19,1.1,0.0,308800.0
01/13/2023,62.9,63.83,62.53,63.09,-0.43,0.0,209800.0
01/12/2023,63.25,63.82,62.43,63.52,0.85,0.0,364800.0
01/11/2023,60.65,63.67,60.65,62.67,2.52,0.0,645400.0
01/10/2023,59.05,60.34,58.83,60.15,0.8,0.0,262100.0
01/09/2023,58.7,60.38,58.7,59.35,0.66,0.0,284400.0
01/06/2023,57.96,59.01,57.03,58.69,0.14,0.0,298700.0
01/05/2023,58.13,58.7,57.8,58.55,-0.11,0.0,209700.0
01/04/2023,58.51,59.33,58.08,58.66,0.92,0.0,228800.0
01/03/2023,57.56,58.29,56.6,57.74,0.0,0.0,238100.0
