12/07/2023,15.89,16.06,15.51,15.64,0.0,0.0,604581.0
12/06/2023,15.81,16.31,15.615,15.81,0.0,0.0,568108.0
12/05/2023,15.91,16.11,15.59,15.67,0.0,0.0,571690.0
12/04/2023,16.04,16.57,15.94,16.1,0.0,0.0,990956.0
12/01/2023,14.95,16.1,14.38,16.07,0.0,0.0,801268.0
11/30/2023,15.03,15.36,14.9,15.06,0.0,0.0,864830.0
11/29/2023,14.24,14.985,14.24,14.62,0.0,0.0,543423.0
11/28/2023,14.08,14.18,13.67,14.15,0.0,0.0,338677.0
11/27/2023,14.12,14.12,13.495,14.06,0.0,0.0,900864.0
11/24/2023,13.82,14.16,13.8155,14.06,0.0,0.0,163307.0
11/22/2023,14.07,14.2,13.62,13.87,0.0,0.0,443147.0
11/21/2023,13.77,14.1,13.525,13.81,0.0,0.0,466120.0
11/20/2023,14.61,14.875,13.89,13.96,0.0,0.0,571343.0
11/17/2023,14.19,14.81,14.19,14.49,0.0,0.0,540582.0
11/16/2023,14.52,14.57,13.83,14.05,0.0,0.0,527634.0
11/15/2023,14.23,15.25,14.23,14.55,0.0,0.0,682623.0
11/14/2023,13.89,14.55,13.89,14.39,0.0,0.0,914431.0
11/13/2023,13.38,13.58,12.95,13.43,0.0,0.0,484076.0
11/10/2023,13.65,13.75,13.105,13.54,0.0,0.0,842172.0
11/09/2023,16.1,16.1,13.72,13.74,0.0,0.0,834892.0
11/08/2023,16.54,16.95,15.59,16.01,0.0,0.0,1030563.0
11/07/2023,15.79,16.515,15.575,16.45,0.0,0.0,1488119.0
11/06/2023,16.53,16.53,15.35,15.57,0.0,0.0,2067587.0
11/03/2023,16.09,16.76,16.09,16.37,0.0,0.0,1082774.0
11/02/2023,16.22,16.48,15.6,15.75,0.0,0.0,834859.0
11/01/2023,15.84,15.85,15.46,15.82,0.0,0.0,666634.0
10/31/2023,14.85,15.74,14.725,15.71,0.0,0.0,732649.0
10/30/2023,14.49,15.1,14.47,14.95,0.0,0.0,730484.0
10/27/2023,16.01,16.01,14.33,14.33,0.0,0.0,881392.0
10/26/2023,15.66,16.135,15.56,15.92,0.0,0.0,487829.0
10/25/2023,15.69,16.06,15.53,15.66,0.0,0.0,489569.0
10/24/2023,16.33,16.66,15.535,15.87,0.0,0.0,868683.0
10/23/2023,16.04,16.38,15.84,16.18,0.0,0.0,794548.0
10/20/2023,15.69,16.37,15.52,16.12,0.0,0.0,750830.0
10/19/2023,16.14,16.275,15.68,15.76,0.0,0.0,667442.0
10/18/2023,16.42,16.455,16.06,16.16,0.0,0.0,695733.0
10/17/2023,16.24,16.9,16.24,16.49,0.0,0.0,560523.0
10/16/2023,16.12,16.8,16.12,16.35,0.0,0.0,603862.0
10/13/2023,15.91,16.35,15.65,16.12,0.0,0.0,575390.0
10/12/2023,16.39,16.39,15.53,15.82,0.0,0.0,571526.0
10/11/2023,16.62,16.79,16.17,16.35,0.0,0.0,354506.0
10/10/2023,16.36,16.91,16.3,16.64,0.0,0.0,430843.0
10/09/2023,16.56,16.57,16.0,16.41,0.0,0.0,476639.0
10/06/2023,16.1,16.71,16.07,16.71,0.0,0.0,660331.0
10/05/2023,15.69,16.68,15.64,16.38,0.0,0.0,1373157.0
10/04/2023,17.0,17.03,15.75,15.82,0.0,0.0,852684.0
10/03/2023,17.24,17.73,17.0,17.06,0.0,0.0,900891.0
10/02/2023,17.87,17.93,17.01,17.29,0.0,0.0,1004686.0
09/29/2023,18.3,18.48,17.62,17.95,0.0,0.0,877773.0
09/28/2023,18.6,18.6,17.75,18.06,0.0,0.0,1516094.0
09/27/2023,19.01,19.3499,18.51,18.75,0.0,0.0,571455.0
09/26/2023,18.78,19.425,18.71,19.2,0.0,0.0,980019.0
09/25/2023,19.61,19.77,18.48,18.66,0.0,0.0,948644.0
09/22/2023,20.48,20.48,19.7,19.72,0.0,0.0,719739.0
09/21/2023,19.59,20.44,19.5,20.38,0.0,0.0,502861.0
09/20/2023,20.52,20.6,19.76,19.8,0.0,0.0,392097.0
09/19/2023,19.8,20.43,19.8,20.37,0.0,0.0,308654.0
09/18/2023,20.23,20.51,19.755,19.9,0.0,0.0,795373.0
09/15/2023,20.31,20.655,19.98,20.57,0.0,0.0,1176557.0
09/14/2023,20.94,20.94,20.17,20.25,0.0,0.0,374497.0
09/13/2023,21.36,21.605,20.71,20.72,0.0,0.0,371660.0
09/12/2023,20.54,21.34,20.49,21.25,0.0,0.0,484037.0
09/11/2023,21.57,21.785,20.75,20.79,0.0,0.0,464530.0
09/08/2023,21.33,21.54,20.995,21.38,0.0,0.0,706080.0
09/07/2023,22.39,22.39,21.17,21.28,0.0,0.0,870664.0
09/06/2023,22.19,22.68,21.9522,22.5,0.0,0.0,619869.0
09/05/2023,21.0,22.06,20.99,21.99,0.0,0.0,899110.0
09/01/2023,20.96,21.34,20.76,21.2,0.0,0.0,718622.0
08/31/2023,19.98,21.04,19.98,20.5,0.0,0.0,1143326.0
08/30/2023,20.15,20.73,19.99,20.09,0.0,0.0,1350004.0
08/29/2023,21.8,21.91,20.18,20.18,0.0,0.0,1227670.0
08/28/2023,22.85,23.19,21.43,21.76,0.0,0.0,1105484.0
08/25/2023,22.91,23.14,21.34,22.59,0.0,0.0,1154152.0
08/24/2023,23.0,23.56,22.53,22.92,0.0,0.0,1358809.0
08/23/2023,23.22,25.47,22.57,23.03,0.0,0.0,4637934.0
08/22/2023,18.93,19.13,18.42,18.81,0.0,0.0,446591.0
08/21/2023,19.07,19.47,18.61,18.97,0.0,0.0,530243.0
08/18/2023,17.48,19.07,17.48,19.04,0.0,0.0,677426.0
08/17/2023,17.7,17.7,17.25,17.62,0.0,0.0,426398.0
08/16/2023,17.81,18.01,17.58,17.7,0.0,0.0,421106.0
08/15/2023,18.08,18.26,17.9,17.97,0.0,0.0,952587.0
08/14/2023,18.17,18.35,17.65,18.03,0.0,0.0,463242.0
08/11/2023,18.34,18.8207,18.19,18.21,0.0,0.0,420828.0
08/10/2023,17.89,18.48,17.89,18.44,0.0,0.0,494905.0
08/09/2023,18.64,18.76,17.935,18.04,0.0,0.0,661507.0
08/08/2023,18.06,18.55,17.73,18.44,0.0,0.0,993440.0
08/07/2023,19.31,19.355,18.09,18.21,0.0,0.0,669106.0
08/04/2023,19.05,19.32,18.91,19.02,0.0,0.0,472379.0
08/03/2023,19.2,19.37,18.96,19.03,0.0,0.0,432148.0
08/02/2023,19.19,19.34,18.76,19.14,0.0,0.0,603072.0
08/01/2023,19.6,19.715,19.17,19.51,0.0,0.0,539988.0
07/31/2023,19.99,20.17,19.41,19.9,0.0,0.0,439558.0
07/28/2023,19.78,20.64,19.6,19.9,0.0,0.0,818368.0
07/27/2023,19.5,19.9,19.19,19.5,0.0,0.0,812901.0
07/26/2023,19.38,19.97,19.1,19.44,0.0,0.0,912102.0
07/25/2023,19.47,19.72,19.15,19.28,0.0,0.0,1000820.0
07/24/2023,19.81,19.9,19.39,19.5,0.0,0.0,646150.0
07/21/2023,19.81,20.1,19.51,20.04,0.0,0.0,653826.0
07/20/2023,19.8,20.14,19.36,19.64,0.0,0.0,623298.0
07/19/2023,20.24,20.66,19.69,19.77,0.0,0.0,909525.0
07/18/2023,21.85,21.91,20.34,20.41,0.0,0.0,710696.0
07/17/2023,21.95,22.38,21.53,21.73,0.0,0.0,622498.0
07/14/2023,22.64,22.845,21.74,21.9,0.0,0.0,559631.0
07/13/2023,23.7,23.715,22.23,22.68,0.0,0.0,953085.0
07/12/2023,23.08,24.17,22.88,23.54,0.0,0.0,1727184.0
07/11/2023,21.9,23.13,21.9,22.66,0.0,0.0,1366812.0
07/10/2023,20.4,21.9,20.35,21.88,0.0,0.0,950586.0
07/07/2023,20.66,21.0399,20.305,20.37,0.0,0.0,532499.0
07/06/2023,20.27,21.24,20.1129,20.67,0.0,0.0,1689319.0
07/05/2023,20.58,20.88,20.375,20.67,0.0,0.0,658785.0
07/03/2023,20.41,20.95,20.06,20.44,0.0,0.0,423596.0
06/30/2023,19.97,20.8301,19.835,20.31,0.0,0.0,949642.0
06/29/2023,20.3,20.3,19.54,19.71,0.0,0.0,615760.0
06/28/2023,19.35,20.22,18.81,20.1,0.0,0.0,718252.0
06/27/2023,18.8,19.36,18.13,19.26,0.0,0.0,682052.0
06/26/2023,19.3,19.37,18.59,18.73,0.0,0.0,670205.0
06/23/2023,19.18,19.4624,18.845,19.24,0.0,0.0,1478476.0
06/22/2023,19.01,19.48,18.82,19.27,0.0,0.0,771697.0
06/21/2023,18.77,19.02,17.89,18.91,0.0,0.0,1222134.0
06/20/2023,19.46,19.46,18.67,18.95,0.0,0.0,1911426.0
06/16/2023,19.77,19.77,18.865,19.54,0.0,0.0,4395047.0
06/15/2023,19.36,19.87,18.82,19.6,0.0,0.0,1510755.0
06/14/2023,20.47,20.865,19.55,19.6,0.0,0.0,1472927.0
06/13/2023,20.34,21.15,19.93,20.38,0.0,0.0,1143222.0
06/12/2023,21.07,21.07,19.32,20.11,0.0,0.0,1729817.0
06/09/2023,21.8,21.98,20.88,21.1,0.0,0.0,1334815.0
06/08/2023,20.58,21.74,19.74,21.64,0.0,0.0,1004786.0
06/07/2023,20.0,20.79,19.8,20.58,0.0,0.0,996324.0
06/06/2023,20.7,20.7,19.65,20.17,0.0,0.0,1295647.0
06/05/2023,19.93,20.73,18.72,20.54,0.0,0.0,2338486.0
06/02/2023,20.63,21.07,20.16,21.01,0.0,0.0,801194.0
06/01/2023,20.19,20.67,19.75,20.3,0.0,0.0,954245.0
05/31/2023,20.17,20.91,19.61,20.54,0.0,0.0,1388844.0
05/30/2023,21.94,22.01,20.24,20.26,0.0,0.0,1383983.0
05/26/2023,21.795,22.13,21.73,22.03,0.0,0.0,718534.0
05/25/2023,18.0,18.0,16.91,17.5,0.0,0.0,1013911.0
05/24/2023,17.99,18.34,17.72,18.05,0.0,0.0,685492.0
05/23/2023,18.0,18.69,17.83,18.05,0.0,0.0,770071.0
05/22/2023,18.48,18.95,18.012,18.14,0.0,0.0,738928.0
05/19/2023,17.7,18.27,17.575,18.27,0.0,0.0,845980.0
05/18/2023,17.99,18.375,17.38,17.61,0.0,0.0,916560.0
05/17/2023,18.26,18.64,17.68,18.19,0.0,0.0,895013.0
05/16/2023,18.93,19.07,17.78,18.29,0.0,0.0,966899.0
05/15/2023,18.79,20.44,18.53,19.52,0.0,0.0,1283032.0
05/12/2023,18.1,18.55,17.96,18.48,0.0,0.0,589609.0
05/11/2023,18.56,18.86,18.02,18.02,0.0,0.0,699178.0
05/10/2023,19.26,19.91,18.36,18.81,0.0,0.0,1005739.0
05/09/2023,19.7,20.08,19.38,19.4,0.0,0.0,1056326.0
05/08/2023,19.66,19.89,18.96,19.85,0.0,0.0,1186593.0
05/05/2023,19.62,19.825,19.285,19.56,0.0,0.0,729417.0
05/04/2023,18.48,19.55,18.08,19.49,0.0,0.0,874681.0
05/03/2023,17.68,18.69,17.68,18.56,0.0,0.0,1079189.0
05/02/2023,18.35,18.42,17.75,17.84,0.0,0.0,781407.0
05/01/2023,17.75,18.54,17.63,18.44,0.0,0.0,545878.0
04/28/2023,17.42,18.12,17.02,17.85,0.0,0.0,549686.0
04/27/2023,18.12,18.12,17.4,17.51,0.0,0.0,558067.0
04/26/2023,18.42,18.69,17.83,17.99,0.0,0.0,555351.0
04/25/2023,19.12,19.48,18.365,18.44,0.0,0.0,548317.0
04/24/2023,19.82,19.82,18.82,19.31,0.0,0.0,620346.0
04/21/2023,19.25,20.22,18.86,19.99,0.0,0.0,966548.0
04/20/2023,18.99,19.48,18.63,19.16,-0.02,0.0,1066800.0
04/19/2023,18.44,19.59,18.15,19.18,0.5,0.0,1031600.0
04/18/2023,19.08,19.34,18.43,18.68,-0.28,0.0,916100.0
04/17/2023,17.67,19.02,17.54,18.96,1.42,0.0,1419500.0
04/14/2023,18.32,18.38,17.32,17.54,-0.92,0.0,597200.0
04/13/2023,17.06,18.64,17.04,18.46,1.49,0.0,1110800.0
04/12/2023,17.94,17.94,16.94,16.97,-0.73,0.0,536800.0
04/11/2023,17.26,17.89,17.24,17.7,0.34,0.0,647500.0
04/10/2023,17.33,17.86,17.18,17.36,-0.21,0.0,718900.0
04/06/2023,17.95,18.03,17.46,17.57,-0.26,0.0,594300.0
04/05/2023,17.81,18.21,17.6,17.83,-0.06,0.0,436500.0
04/04/2023,18.35,18.47,17.62,17.89,-0.35,0.0,595400.0
04/03/2023,18.18,18.51,17.76,18.24,0.0,0.0,724500.0
03/31/2023,17.55,18.51,17.55,18.24,0.78,0.0,957700.0
03/30/2023,18.05,18.18,17.01,17.46,-0.59,0.0,854200.0
03/29/2023,17.9,18.13,17.57,18.05,0.43,0.0,664600.0
03/28/2023,17.5,17.69,17.42,17.62,-0.03,0.0,551600.0
03/27/2023,17.7,18.17,17.49,17.65,0.03,0.0,761200.0
03/24/2023,16.28,17.8,15.93,17.62,1.26,0.0,1435700.0
03/23/2023,16.16,16.59,16.0,16.36,0.4,0.0,761800.0
03/22/2023,16.82,16.82,15.93,15.96,-0.77,0.0,1019400.0
03/21/2023,16.49,16.96,16.23,16.73,0.19,0.0,1272100.0
03/20/2023,16.38,16.69,16.26,16.54,0.09,0.0,1807900.0
03/17/2023,16.83,16.94,16.1,16.45,-0.51,0.0,5713700.0
03/16/2023,16.81,17.19,16.38,16.96,0.0,0.0,759600.0
03/15/2023,16.76,17.22,16.63,16.96,-0.21,0.0,709400.0
03/14/2023,17.51,17.77,16.84,17.17,0.0,0.0,769900.0
03/13/2023,16.57,17.58,16.57,17.17,0.62,0.0,1198100.0
03/10/2023,16.51,16.6,15.7,16.55,-0.03,0.0,1730500.0
03/09/2023,17.71,17.98,16.48,16.58,-1.2,0.0,1142400.0
03/08/2023,17.65,17.81,17.44,17.78,0.11,0.0,753300.0
03/07/2023,17.79,18.49,17.61,17.67,-0.12,0.0,632600.0
03/06/2023,18.26,18.26,17.45,17.79,-0.46,0.0,1219200.0
03/03/2023,17.89,18.42,17.76,18.25,0.68,0.0,1128000.0
03/02/2023,17.35,17.75,17.28,17.57,0.15,0.0,933900.0
03/01/2023,18.44,18.88,17.26,17.42,-0.79,0.0,1777202.0
02/28/2023,18.1,18.36,17.85,18.21,0.07,0.0,1028200.0
02/27/2023,18.71,18.71,18.11,18.14,-0.17,0.0,1038900.0
02/24/2023,18.4,18.73,18.13,18.31,-0.35,0.0,581600.0
02/23/2023,19.16,19.28,18.17,18.66,-0.43,0.0,780200.0
02/22/2023,18.5,19.25,18.41,19.09,0.51,0.0,873400.0
02/21/2023,20.05,20.08,18.56,18.58,-1.73,0.0,886000.0
02/17/2023,19.28,20.35,18.96,20.31,1.01,0.0,853300.0
02/16/2023,19.42,19.94,19.24,19.3,-0.35,0.0,729200.0
02/15/2023,19.48,19.91,19.36,19.65,-0.09,0.0,524304.0
02/14/2023,19.55,20.12,19.35,19.74,-0.18,0.0,508900.0
02/13/2023,20.25,20.57,19.52,19.92,-0.21,0.0,551300.0
02/10/2023,20.31,20.52,19.71,20.13,-0.28,0.0,565200.0
02/09/2023,21.16,21.61,20.21,20.41,-0.27,0.0,538600.0
02/08/2023,21.24,21.75,20.67,20.68,-0.66,0.0,453000.0
02/07/2023,21.07,21.47,20.68,21.34,0.27,0.0,563300.0
02/06/2023,20.27,21.13,19.83,21.07,0.56,0.0,785600.0
02/03/2023,21.0,21.05,20.32,20.51,-0.65,0.0,838200.0
02/02/2023,21.0,22.03,20.8,21.16,-1.21,0.0,1645600.0
02/01/2023,21.5,22.75,21.11,22.37,0.74,0.0,912800.0
01/31/2023,22.09,22.73,21.46,21.63,-0.72,0.0,956000.0
01/30/2023,23.0,23.0,22.25,22.35,-0.78,0.0,728600.0
01/27/2023,23.05,23.63,22.66,23.13,0.04,0.0,965900.0
01/26/2023,23.59,23.59,22.41,23.09,-0.06,0.0,596200.0
01/25/2023,22.49,23.19,22.27,23.15,0.33,0.0,1037300.0
01/24/2023,22.23,23.05,21.94,22.82,0.8,0.0,814400.0
01/23/2023,21.5,22.19,21.36,22.02,0.76,0.0,1162200.0
01/20/2023,21.15,21.46,20.36,21.26,0.37,0.0,988500.0
01/19/2023,19.43,21.2,19.26,20.89,1.43,0.0,1545400.0
01/18/2023,20.31,21.05,19.22,19.46,-0.85,0.0,911000.0
01/17/2023,20.43,21.17,20.12,20.31,-0.07,0.0,1587200.0
01/13/2023,18.35,20.38,18.35,20.38,1.8,0.0,1591700.0
01/12/2023,18.31,18.87,18.14,18.58,0.16,0.0,1160200.0
01/11/2023,18.0,18.63,17.5,18.42,0.22,0.0,1136500.0
01/10/2023,17.6,18.4,17.6,18.2,0.69,0.0,1416500.0
01/09/2023,18.67,18.67,17.31,17.51,-0.97,0.0,1595000.0
01/06/2023,18.64,18.72,18.09,18.48,-0.1,0.0,2152102.0
01/05/2023,20.11,20.57,18.0,18.58,-1.81,0.0,3708144.0
01/04/2023,20.43,20.7,20.05,20.39,0.19,0.0,526100.0
01/03/2023,20.79,21.37,19.9,20.2,0.0,0.0,744810.0
