12/29/2023,252.47,254.2538,251.735,253.69,0.0,0.0,568255.0
12/28/2023,254.37,256.29,252.72,254.25,0.0,0.0,339018.0
12/27/2023,253.16,256.68,251.955,254.21,0.0,0.0,505243.0
12/26/2023,250.85,253.62,250.0,252.59,0.0,0.0,273625.0
12/22/2023,252.89,254.5699,249.19,251.43,0.0,0.0,500782.0
12/21/2023,248.57,251.95,247.93,251.81,0.0,0.0,776741.0
12/20/2023,250.39,252.11,246.22,246.3,0.0,0.0,664700.0
12/19/2023,248.41,249.99,246.42,248.78,0.0,0.0,477976.0
12/18/2023,248.7,250.328,246.38,246.53,0.0,0.0,673978.0
12/15/2023,251.31,251.4,246.07,248.49,0.0,0.0,1385412.0
12/14/2023,254.61,258.76,249.14,250.83,0.0,0.0,1302987.0
12/13/2023,239.7,251.75,238.35,248.06,0.0,0.0,1101262.0
12/12/2023,242.71,242.92,238.52,239.57,0.0,0.0,713436.0
12/11/2023,245.2,245.95,241.52,242.36,0.0,0.0,710423.0
12/08/2023,249.12,251.075,240.11,244.18,0.0,0.0,1105795.0
12/07/2023,250.54,254.085,250.17,251.12,0.0,0.0,727829.0
12/06/2023,252.88,256.4,251.115,251.49,0.0,0.0,1044733.0
12/05/2023,249.14,251.18,247.75,250.39,0.0,0.0,715973.0
12/04/2023,248.11,250.0,245.82,248.9,0.0,0.0,590115.0
12/01/2023,246.6,251.2,244.71,250.57,0.0,0.0,801749.0
11/30/2023,242.9,249.13,242.9,246.96,0.0,0.0,1178248.0
11/29/2023,243.72,247.24,243.72,245.2,0.0,0.0,931168.0
11/28/2023,237.76,242.78,236.78,242.17,0.0,0.0,983545.0
11/27/2023,236.95,239.73,235.84,237.48,0.0,0.0,906835.0
11/24/2023,232.25,235.7,230.355,235.09,0.0,0.0,184901.0
11/22/2023,236.54,236.54,233.115,233.21,0.0,0.0,400267.0
11/21/2023,234.77,236.69,233.0,233.56,0.0,0.0,564070.0
11/20/2023,232.19,236.005,229.68,235.17,0.0,0.0,522974.0
11/17/2023,238.14,238.14,233.405,233.71,0.0,0.0,614975.0
11/16/2023,234.72,237.38,233.0,236.01,0.0,0.0,688235.0
11/15/2023,229.74,235.815,229.74,233.85,0.0,0.0,951454.0
11/14/2023,227.4,235.85,226.66,233.65,0.0,0.0,1063807.0
11/13/2023,217.02,219.97,215.47,218.92,0.0,0.0,449999.0
11/10/2023,219.37,220.23,215.7023,218.99,0.0,0.0,620638.0
11/09/2023,220.61,223.49,217.775,218.4,0.0,0.0,782623.0
11/08/2023,220.24,221.07,218.71,220.03,0.0,0.0,472126.0
11/07/2023,221.17,222.26,218.33,219.69,0.0,0.0,640618.0
11/06/2023,224.92,225.87,220.39,220.84,0.0,0.0,1028822.0
11/03/2023,223.27,234.65,222.92,227.09,0.0,0.0,1538761.0
11/02/2023,211.67,220.24,207.68,217.4,0.0,0.0,1467319.0
11/01/2023,209.07,209.75,205.89,207.66,0.0,0.0,792348.0
10/31/2023,206.03,209.7,204.81,208.63,0.0,0.0,784564.0
10/30/2023,205.78,207.14,201.14,204.91,0.0,0.0,939420.0
10/27/2023,205.6,205.6,201.89,204.01,0.0,0.0,850189.0
10/26/2023,197.47,207.77,197.42,206.32,0.0,0.0,1401531.0
10/25/2023,196.14,198.03,194.75,195.71,0.0,0.0,1069430.0
10/24/2023,195.0,198.18,194.175,197.08,0.0,0.0,1085204.0
10/23/2023,189.91,196.87,189.01,193.2,0.0,0.0,1105187.0
10/20/2023,190.48,193.62,189.1,191.88,0.0,0.0,1147464.0
10/19/2023,192.31,193.755,188.11,189.44,0.0,0.0,1805294.0
10/18/2023,199.6,200.52,194.72,194.76,0.0,0.0,521319.0
10/17/2023,199.87,202.33,198.51,200.41,0.0,0.0,812713.0
10/16/2023,202.84,204.66,199.15,202.9,0.0,0.0,766788.0
10/13/2023,200.88,203.51,200.11,201.57,0.0,0.0,744917.0
10/12/2023,199.85,201.45,197.36,199.93,0.0,0.0,867373.0
10/11/2023,196.09,202.34,195.115,201.6,0.0,0.0,1080144.0
10/10/2023,195.3,196.0,193.17,195.01,0.0,0.0,605479.0
10/09/2023,191.19,194.95,190.82,194.82,0.0,0.0,960551.0
10/06/2023,188.6,192.75,185.23,191.93,0.0,0.0,734880.0
10/05/2023,190.12,191.59,187.315,191.28,0.0,0.0,898569.0
10/04/2023,190.8,193.17,187.2,190.8,0.0,0.0,884188.0
10/03/2023,197.25,197.25,189.63,189.98,0.0,0.0,974997.0
10/02/2023,198.85,200.87,196.82,198.24,0.0,0.0,1030491.0
09/29/2023,202.51,202.88,199.13,200.17,0.0,0.0,918578.0
09/28/2023,196.09,199.61,195.98,198.46,0.0,0.0,1139104.0
09/27/2023,199.74,200.76,192.88,196.06,0.0,0.0,1185587.0
09/26/2023,198.53,200.44,198.01,200.1,0.0,0.0,714731.0
09/25/2023,200.37,201.57,199.18,201.33,0.0,0.0,621044.0
09/22/2023,204.69,205.795,200.87,201.11,0.0,0.0,1015663.0
09/21/2023,212.76,213.01,204.53,204.68,0.0,0.0,646712.0
09/20/2023,216.27,217.2975,214.31,214.97,0.0,0.0,463354.0
09/19/2023,214.41,215.495,212.56,213.48,0.0,0.0,545810.0
09/18/2023,218.28,218.88,214.86,215.1,0.0,0.0,603145.0
09/15/2023,219.44,219.89,216.69,218.15,0.0,0.0,1003501.0
09/14/2023,214.05,219.14,213.33,218.82,0.0,0.0,585502.0
09/13/2023,212.85,214.12,211.07,212.325,0.0,0.0,720324.0
09/12/2023,214.59,214.73,210.9253,214.36,0.0,0.0,564830.0
09/11/2023,217.74,218.1,213.94,215.2,0.0,0.0,733952.0
09/08/2023,221.96,221.975,216.19,216.92,0.0,0.0,670743.0
09/07/2023,217.13,222.61,216.99,221.24,0.0,0.0,764677.0
09/06/2023,221.15,221.15,215.49,217.99,0.0,0.0,682902.0
09/05/2023,221.13,224.515,220.44,221.84,0.0,0.0,743137.0
09/01/2023,225.75,226.35,220.54,221.69,0.0,0.0,495102.0
08/31/2023,228.52,229.17,223.66,224.53,0.0,0.0,735361.0
08/30/2023,227.52,230.03,226.45,227.12,0.0,0.0,956201.0
08/29/2023,222.64,227.84,221.94,227.54,0.0,0.0,622234.0
08/28/2023,222.77,224.66,222.26,222.62,0.0,0.0,542209.0
08/25/2023,219.48,223.54,219.215,222.33,0.0,0.0,490066.0
08/24/2023,220.97,222.31,218.58,219.74,0.0,0.0,456130.0
08/23/2023,218.46,221.01,217.46,220.27,0.0,0.0,624119.0
08/22/2023,218.24,220.0699,216.095,218.11,0.0,0.0,604919.0
08/21/2023,221.8,221.8,215.53,218.22,0.0,0.0,630415.0
08/18/2023,219.72,222.95,219.25,222.51,0.0,0.0,595683.0
08/17/2023,220.63,222.99,220.11,220.94,0.0,0.0,769145.0
08/16/2023,230.07,231.05,219.87,220.48,0.0,0.0,748494.0
08/15/2023,229.1,231.95,227.865,229.93,0.0,0.0,781388.0
08/14/2023,229.75,231.19,228.48,231.02,0.0,0.0,837970.0
08/11/2023,227.49,231.68,227.41,230.06,0.0,0.0,749772.0
08/10/2023,224.96,232.63,224.66,228.32,0.0,0.0,1121739.0
08/09/2023,222.6,228.07,221.03,227.71,0.0,0.0,730932.0
08/08/2023,219.18,223.37,218.93,223.04,0.0,0.0,722782.0
08/07/2023,223.24,223.94,218.91,220.11,0.0,0.0,766154.0
08/04/2023,222.84,229.46,221.81,222.88,0.0,0.0,928395.0
08/03/2023,228.18,228.18,220.0,222.57,0.0,0.0,1162629.0
08/02/2023,225.5,229.05,223.02,228.56,0.0,0.0,1123785.0
08/01/2023,225.85,231.81,224.6,228.1,0.0,0.0,1909051.0
07/31/2023,219.05,221.57,217.79,218.95,0.0,0.0,1048803.0
07/28/2023,226.06,226.06,218.49,218.88,0.0,0.0,1001072.0
07/27/2023,228.2,230.06,221.7,222.4,0.0,0.0,1016244.0
07/26/2023,220.0,228.52,220.0,226.4,0.0,0.0,1460984.0
07/25/2023,227.15,229.03,220.1,220.24,0.0,0.0,1689165.0
07/24/2023,227.8,228.397,225.21,227.61,0.0,0.0,1084476.0
07/21/2023,224.04,228.03,222.48,226.64,0.0,0.0,1539920.0
07/20/2023,224.63,225.15,214.51,222.86,0.0,0.0,2850649.0
07/19/2023,234.13,239.51,233.2,234.27,0.0,0.0,1038813.0
07/18/2023,226.02,231.325,224.48,228.07,0.0,0.0,1307135.0
07/17/2023,240.97,242.655,225.5,226.15,0.0,0.0,2253328.0
07/14/2023,241.92,244.67,241.1,243.77,0.0,0.0,780787.0
07/13/2023,242.76,244.18,239.58,243.85,0.0,0.0,867121.0
07/12/2023,244.66,245.74,242.04,243.28,0.0,0.0,806364.0
07/11/2023,239.51,242.05,237.96,241.82,0.0,0.0,596001.0
07/10/2023,238.43,241.59,236.175,237.83,0.0,0.0,727212.0
07/07/2023,237.36,241.45,234.7901,240.85,0.0,0.0,769086.0
07/06/2023,238.6,241.16,235.72,238.98,0.0,0.0,805821.0
07/05/2023,234.38,241.54,233.5,240.97,0.0,0.0,1194053.0
07/03/2023,231.76,236.0,230.9,234.03,0.0,0.0,320768.0
06/30/2023,234.93,235.63,228.29,231.76,0.0,0.0,1228594.0
06/29/2023,226.18,229.79,223.98,229.68,0.0,0.0,748556.0
06/28/2023,226.01,228.5,224.16,227.37,0.0,0.0,881782.0
06/27/2023,225.03,226.64,223.58,225.5,0.0,0.0,930444.0
06/26/2023,222.61,226.04,219.87,224.33,0.0,0.0,790343.0
06/23/2023,222.75,226.99,222.05,223.08,0.0,0.0,1659911.0
06/22/2023,220.81,223.33,215.11,222.58,0.0,0.0,919963.0
06/21/2023,222.8,223.43,219.05,221.19,0.0,0.0,1269989.0
06/20/2023,229.85,230.88,223.63,224.6,0.0,0.0,995637.0
06/16/2023,235.37,237.81,229.72,230.57,0.0,0.0,1018472.0
06/15/2023,228.81,235.02,227.27,233.95,0.0,0.0,788865.0
06/14/2023,230.0,232.11,227.12,229.82,0.0,0.0,506760.0
06/13/2023,227.22,229.73,224.0,229.53,0.0,0.0,588109.0
06/12/2023,224.47,226.75,222.8393,226.47,0.0,0.0,521095.0
06/09/2023,229.61,229.98,220.65,224.12,0.0,0.0,876065.0
06/08/2023,226.47,229.34,225.0,228.98,0.0,0.0,500287.0
06/07/2023,225.23,228.945,222.54,227.72,0.0,0.0,498998.0
06/06/2023,225.2,225.2,220.8174,223.89,0.0,0.0,498148.0
06/05/2023,226.0,228.0449,223.22,224.27,0.0,0.0,576596.0
06/02/2023,220.96,229.98,220.69,225.65,0.0,0.0,1528129.0
06/01/2023,223.32,223.895,219.87,220.69,0.0,0.0,922696.0
05/31/2023,221.74,222.6,218.61,221.78,0.0,0.0,1142138.0
05/30/2023,226.99,227.72,220.51,221.84,0.0,0.0,749448.0
05/26/2023,224.725,225.11,223.63,223.8,0.0,0.0,250510.0
05/25/2023,223.41,223.59,219.8352,221.7,0.0,0.0,965724.0
05/24/2023,229.35,229.85,223.91,224.24,0.0,0.0,615168.0
05/23/2023,235.31,237.09,230.09,230.43,0.0,0.0,697285.0
05/22/2023,233.96,237.69,233.96,236.46,0.0,0.0,424405.0
05/19/2023,235.89,237.1925,232.97,233.38,0.0,0.0,554444.0
05/18/2023,233.99,235.33,230.61,234.91,0.0,0.0,956270.0
05/17/2023,232.94,236.54,230.07,234.61,0.0,0.0,818564.0
05/16/2023,235.3,236.08,230.04,231.79,0.0,0.0,1109033.0
05/15/2023,236.78,238.35,230.92,235.28,0.0,0.0,788870.0
05/12/2023,234.09,236.75,232.35,236.71,0.0,0.0,579762.0
05/11/2023,235.05,235.63,230.17,233.05,0.0,0.0,984637.0
05/10/2023,237.31,237.34,233.35,237.05,0.0,0.0,1069941.0
05/09/2023,231.34,236.49,229.48,234.12,0.0,0.0,770903.0
05/08/2023,239.41,240.14,232.22,233.13,0.0,0.0,707281.0
05/05/2023,238.3,241.92,236.51,239.59,0.0,0.0,722911.0
05/04/2023,241.09,243.26,236.84,238.3,0.0,0.0,1218868.0
05/03/2023,248.21,248.44,240.35,240.92,0.0,0.0,801925.0
05/02/2023,256.41,257.3,246.38,246.99,0.0,0.0,970756.0
05/01/2023,258.26,263.08,258.26,261.04,0.0,0.0,941599.0
04/28/2023,255.63,261.6,255.01,260.89,0.0,0.0,873351.0
04/27/2023,251.36,257.08,251.1,256.85,0.0,0.0,501320.0
04/26/2023,250.41,252.545,248.95,250.2,0.0,0.0,613522.0
04/25/2023,254.43,255.86,251.08,251.62,0.0,0.0,586864.0
04/24/2023,256.59,259.0,253.65,255.62,0.0,0.0,404479.0
04/21/2023,259.57,260.5858,254.565,256.88,0.0,0.0,463390.0
04/20/2023,264.06,264.06,257.26,258.63,-6.69,0.0,715000.0
04/19/2023,260.46,266.77,260.46,265.32,2.27,0.0,545300.0
04/18/2023,262.85,264.2,260.6,263.05,-0.13,0.0,710400.0
04/17/2023,259.39,264.8,259.39,263.18,4.65,0.0,537600.0
04/14/2023,264.72,265.72,256.33,258.53,-6.82,0.0,548300.0
04/13/2023,262.6,267.42,261.5,265.35,3.68,0.0,543300.0
04/12/2023,266.74,266.91,260.27,261.67,-2.33,0.0,609800.0
04/11/2023,261.99,265.29,260.46,264.0,2.26,0.0,677400.0
04/10/2023,257.18,261.84,255.22,261.74,2.06,0.0,387400.0
04/06/2023,258.6,259.95,256.31,259.68,1.47,0.0,336300.0
04/05/2023,257.0,262.32,256.74,258.21,1.47,0.0,512900.0
04/04/2023,255.15,257.57,254.03,256.74,1.71,0.0,608500.0
04/03/2023,259.43,259.43,254.16,255.03,-6.04,0.0,814000.0
03/31/2023,258.21,261.7,257.54,261.07,3.87,0.0,554800.0
03/30/2023,258.8,258.83,255.93,257.2,3.03,0.0,505100.0
03/29/2023,254.34,256.25,252.11,254.17,3.44,0.0,797100.0
03/28/2023,249.47,252.27,247.96,250.73,-0.47,0.0,916000.0
03/27/2023,256.19,257.74,250.7,251.2,-5.21,0.0,613900.0
03/24/2023,244.9,256.55,243.31,256.41,9.51,0.0,617900.0
03/23/2023,245.91,249.96,243.7,246.9,0.69,0.0,630600.0
03/22/2023,251.14,253.77,246.02,246.21,-8.63,0.0,762500.0
03/21/2023,256.97,258.87,249.75,254.84,-2.37,0.0,979900.0
03/20/2023,255.63,259.21,254.77,257.21,1.23,0.0,687300.0
03/17/2023,260.0,262.92,255.76,255.98,-2.46,0.0,1256800.0
03/16/2023,254.86,260.48,254.33,258.44,2.09,0.0,1044300.0
03/15/2023,245.06,258.14,245.06,256.35,5.56,0.0,1365600.0
03/14/2023,252.84,254.03,247.3,250.79,1.74,0.0,1194100.0
03/13/2023,241.07,253.05,239.22,249.05,8.93,0.0,1299000.0
03/10/2023,243.32,245.4,239.14,240.12,-3.65,0.0,928902.0
03/09/2023,250.08,253.01,242.46,243.77,-7.04,0.0,1083500.0
03/08/2023,246.28,253.46,246.11,250.81,4.74,0.0,948300.0
03/07/2023,256.06,256.27,245.86,246.07,-10.1,0.0,1192500.0
03/06/2023,262.0,262.15,254.22,256.17,-4.18,0.0,866400.0
03/03/2023,256.6,261.35,256.6,260.35,2.99,0.0,729900.0
03/02/2023,253.87,258.85,251.48,257.36,2.45,0.0,629600.0
03/01/2023,256.92,259.09,253.41,254.91,-4.44,0.0,1016005.0
02/28/2023,259.37,263.72,257.51,259.35,-0.55,0.0,874400.0
02/27/2023,262.51,264.78,256.92,259.9,2.08,0.0,991400.0
02/24/2023,264.63,264.63,257.11,257.82,-7.71,0.0,749800.0
02/23/2023,261.59,266.83,256.8,265.53,6.53,0.0,1464600.0
02/22/2023,267.12,269.35,256.03,259.0,-13.79,0.0,2677300.0
02/21/2023,279.07,279.07,271.71,272.79,-8.45,0.0,952300.0
02/17/2023,279.65,283.21,279.3,281.24,-2.35,0.0,724700.0
02/16/2023,283.77,287.95,282.53,283.59,-5.09,0.0,678600.0
02/15/2023,285.17,288.89,283.51,288.68,1.46,0.0,1295600.0
02/14/2023,290.07,291.49,284.87,287.22,-4.31,0.0,611200.0
02/13/2023,290.88,294.28,289.2,291.53,2.04,0.0,718000.0
02/10/2023,288.17,290.69,285.75,289.49,0.03,0.0,847200.0
02/09/2023,292.04,294.44,288.09,289.46,-3.31,0.0,547800.0
02/08/2023,292.72,293.97,290.63,292.77,-0.36,0.0,619600.0
02/07/2023,295.62,295.62,288.96,293.13,-2.64,0.0,660000.0
02/06/2023,293.53,296.49,289.5,295.77,-2.0,0.0,503300.0
02/03/2023,302.8,305.34,291.01,297.77,-10.32,0.0,639900.0
02/02/2023,305.1,309.52,297.61,308.09,6.92,0.0,825300.0
02/01/2023,295.38,302.77,293.69,301.17,3.64,0.0,527700.0
01/31/2023,291.95,297.73,289.69,297.53,7.33,0.0,603200.0
01/30/2023,288.92,295.02,287.1,290.2,1.17,0.0,851305.0
01/27/2023,289.19,291.97,286.89,289.03,-2.05,0.0,974500.0
01/26/2023,292.43,294.56,288.97,291.08,-0.57,0.0,430300.0
01/25/2023,289.14,292.38,286.16,291.65,4.24,0.0,659800.0
01/24/2023,286.26,291.88,285.01,287.41,1.14,0.0,797600.0
01/23/2023,294.13,295.29,285.27,286.27,-10.54,0.0,1075800.0
01/20/2023,293.43,297.08,287.15,296.81,2.36,0.0,640402.0
01/19/2023,291.75,297.5,289.69,294.45,1.97,0.0,680601.0
01/18/2023,302.06,303.44,291.58,292.48,-10.34,0.0,826100.0
01/17/2023,302.55,306.44,301.01,302.82,-3.73,0.0,928200.0
01/13/2023,302.06,307.71,302.06,306.55,0.11,0.0,458600.0
01/12/2023,304.42,312.34,300.63,306.44,0.35,0.0,740817.0
01/11/2023,295.81,306.36,294.27,306.09,12.26,0.0,760600.0
01/10/2023,291.3,294.29,287.34,293.83,2.44,0.0,626401.0
01/09/2023,291.96,296.78,290.39,291.39,-0.06,0.0,500115.0
01/06/2023,283.25,293.78,278.04,291.45,10.08,0.0,608303.0
01/05/2023,289.59,290.21,280.94,281.37,-11.26,0.0,624700.0
01/04/2023,284.47,296.59,284.47,292.63,10.89,0.0,777900.0
01/03/2023,282.63,285.47,278.35,281.74,0.0,0.0,482500.0
