05/10/2023,58.0,58.1,56.92,57.27,0.0,0.0,2091116.0
05/09/2023,55.55,57.52,55.11,57.31,0.0,0.0,2185995.0
05/08/2023,55.79,56.4,55.41,56.29,0.0,0.0,885103.0
05/05/2023,55.91,56.51,54.94,55.94,0.0,0.0,1564387.0
05/04/2023,55.71,55.81,54.47,55.12,0.0,0.0,1841518.0
05/03/2023,57.11,57.74,55.79,55.92,0.0,0.0,2351356.0
05/02/2023,58.59,58.63,56.74,56.85,0.0,0.0,1876647.0
05/01/2023,58.74,59.09,58.3,58.56,0.0,0.0,2335983.0
04/28/2023,57.18,58.96,57.01,58.77,0.0,0.0,2891919.0
04/27/2023,56.405,57.0,55.79,56.8,0.0,0.0,2686809.0
04/26/2023,56.8,57.595,56.0,56.34,0.0,0.0,1939460.0
04/25/2023,56.65,56.86,55.97,56.09,0.0,0.0,2386520.0
04/24/2023,56.44,57.08,55.78,57.01,0.0,0.0,2325253.0
04/21/2023,56.1,56.73,54.32,56.42,0.0,0.0,5906604.0
04/20/2023,58.65,61.93,56.56,57.08,-5.78,0.0,7959600.0
04/19/2023,63.06,63.24,61.73,62.86,-1.41,0.0,2927700.0
04/18/2023,64.11,64.38,63.16,64.27,0.02,0.0,2579700.0
04/17/2023,63.67,64.74,63.37,64.25,0.29,0.0,1948900.0
04/14/2023,64.9,66.67,63.85,63.96,-1.39,0.0,2600100.0
04/13/2023,66.22,66.3,64.1,65.35,-1.03,0.0,2539000.0
04/12/2023,67.82,67.82,65.9,66.38,-0.5,0.0,1805900.0
04/11/2023,66.66,67.44,66.46,66.88,0.53,0.0,1278100.0
04/10/2023,64.37,66.83,64.28,66.35,1.95,0.0,2317200.0
04/06/2023,64.38,64.87,64.04,64.4,-0.46,0.0,1023800.0
04/05/2023,64.79,64.94,63.81,64.86,-0.48,0.0,1405800.0
04/04/2023,65.86,65.92,64.65,65.34,-0.41,0.0,1841500.0
04/03/2023,66.0,66.48,65.28,65.75,-0.37,0.0,2112500.0
03/31/2023,64.94,66.2,64.78,66.12,1.14,0.0,2096900.0
03/30/2023,64.69,65.19,63.8,64.98,1.19,0.0,1666900.0
03/29/2023,62.0,63.94,61.85,63.79,3.36,0.0,2919000.0
03/28/2023,60.21,60.66,59.18,60.43,-1.58,0.0,2594400.0
03/27/2023,62.22,62.48,61.64,62.01,0.37,0.0,2265800.0
03/24/2023,61.28,61.72,60.68,61.64,0.04,0.0,1758000.0
03/23/2023,60.84,62.52,60.62,61.6,1.08,0.0,2950300.0
03/22/2023,61.84,62.29,60.49,60.52,-1.58,0.0,2025500.0
03/21/2023,62.15,62.44,61.1,62.1,0.04,0.0,1680100.0
03/20/2023,60.46,62.64,59.83,62.06,1.01,0.0,2243200.0
03/17/2023,61.46,62.25,60.71,61.05,-0.15,0.0,5781200.0
03/16/2023,58.82,61.51,58.82,61.2,1.35,0.0,2279100.0
03/15/2023,59.71,60.31,58.85,59.85,-1.17,0.0,2259200.0
03/14/2023,61.48,62.45,60.14,61.02,0.68,0.0,2090300.0
03/13/2023,61.01,61.5,60.02,60.34,-1.41,0.0,2514200.0
03/10/2023,63.25,63.71,61.27,61.75,-1.5,0.0,1646506.0
03/09/2023,63.13,64.82,63.13,63.25,-0.38,0.0,2477500.0
03/08/2023,62.63,63.81,61.99,63.63,1.49,0.0,3477300.0
03/07/2023,62.94,63.2,61.81,62.14,-1.18,0.0,2331500.0
03/06/2023,65.25,65.37,63.13,63.32,-1.25,0.0,1829600.0
03/03/2023,65.04,65.13,64.06,64.57,-0.29,0.0,2127400.0
03/02/2023,63.51,65.22,62.47,64.86,0.74,0.0,2793500.0
03/01/2023,64.23,64.87,63.46,64.12,-0.44,0.0,1908300.0
02/28/2023,64.29,65.08,64.05,64.56,0.31,0.0,2159700.0
02/27/2023,66.29,66.63,64.17,64.25,-1.84,0.0,2633700.0
02/24/2023,64.66,67.0,64.65,66.09,-0.99,0.0,1302600.0
02/23/2023,67.42,67.66,65.82,67.08,0.69,0.0,1679700.0
02/22/2023,66.96,67.25,65.67,66.39,-0.69,0.0,1711900.0
02/21/2023,69.21,69.52,66.91,67.08,-3.18,0.0,2095200.0
02/17/2023,70.52,71.03,69.15,70.26,-0.27,0.0,1804300.0
02/16/2023,70.77,71.43,70.18,70.53,-1.44,0.0,1214000.0
02/15/2023,71.48,72.31,71.22,71.97,-0.49,0.0,1093400.0
02/14/2023,70.25,72.61,69.9,72.46,1.13,0.0,1234000.0
02/13/2023,71.02,71.56,70.63,71.33,0.05,0.0,1575900.0
02/10/2023,70.25,71.59,69.29,71.28,1.48,0.0,3299600.0
02/09/2023,72.23,72.87,69.09,69.8,-1.28,0.0,2567200.0
02/08/2023,70.72,71.56,70.42,71.08,-0.22,0.0,2091300.0
02/07/2023,69.88,71.55,69.43,71.3,1.55,0.0,2165200.0
02/06/2023,69.81,70.12,68.89,69.75,-1.14,0.0,1616600.0
02/03/2023,70.58,72.47,70.5,70.89,-1.48,0.0,1673500.0
02/02/2023,71.31,73.74,70.61,72.37,1.88,0.0,3689500.0
02/01/2023,67.9,71.1,67.55,70.49,2.71,0.0,3877400.0
01/31/2023,66.05,67.85,65.35,67.78,1.02,0.0,4584200.0
01/30/2023,68.0,68.9,66.63,66.76,-2.23,0.0,2803000.0
01/27/2023,68.28,69.98,68.28,68.99,-0.02,0.0,3587600.0
01/26/2023,68.79,71.0,65.72,69.01,6.76,0.0,9520400.0
01/25/2023,61.05,62.97,60.45,62.25,0.02,0.0,4527700.0
01/24/2023,64.4,64.91,61.99,62.23,-1.0,0.0,3787300.0
01/23/2023,60.56,63.74,60.49,63.23,3.89,0.0,4092300.0
01/20/2023,58.11,59.44,57.08,59.34,1.15,0.0,2185200.0
01/19/2023,58.59,58.9,57.16,58.19,-0.52,0.0,2462800.0
01/18/2023,59.28,59.89,57.49,58.71,1.73,0.0,3945200.0
01/17/2023,56.93,57.14,55.87,56.98,-0.28,0.0,2771400.0
01/13/2023,57.01,57.87,56.89,57.26,-0.51,0.0,1268700.0
01/12/2023,57.64,58.37,56.9,57.77,0.56,0.0,2669800.0
01/11/2023,56.21,57.33,56.12,57.21,0.75,0.0,1618600.0
01/10/2023,55.51,56.49,55.16,56.46,1.12,0.0,1918300.0
01/09/2023,56.53,56.72,55.19,55.34,-0.57,0.0,2025400.0
01/06/2023,54.0,56.07,53.16,55.91,2.42,0.0,2499100.0
01/05/2023,52.12,53.6,51.89,53.49,1.0,0.0,2111800.0
01/04/2023,52.97,53.88,52.26,52.49,0.61,0.0,2649800.0
01/03/2023,52.84,53.47,50.94,51.88,0.0,0.0,2887100.0
