04/03/2023,10.14,10.15,10.12,10.12,0.01,0.0,53700.0
03/31/2023,10.11,10.11,10.11,10.11,-0.01,0.0,100.0
03/30/2023,10.12,10.12,10.12,10.12,0.0,0.0,5300.0
03/28/2023,10.11,10.15,10.11,10.12,0.02,0.0,6900.0
03/24/2023,10.1,10.1,10.1,10.1,-0.01,0.0,2800.0
03/23/2023,10.1,10.11,10.1,10.11,0.01,0.0,58400.0
03/21/2023,10.1,10.1,10.08,10.1,0.0,0.0,26600.0
03/17/2023,10.08,10.1,10.08,10.1,0.02,0.0,600.0
03/15/2023,10.06,10.08,10.06,10.08,0.0,0.0,300.0
03/14/2023,10.05,10.1,10.05,10.08,-0.02,0.0,216400.0
03/10/2023,10.06,10.1,10.05,10.1,0.05,0.0,33600.0
03/09/2023,10.05,10.05,10.05,10.05,0.0,0.0,9600.0
03/08/2023,10.05,10.07,10.05,10.05,-0.01,0.0,5600.0
03/07/2023,10.06,10.07,10.05,10.06,-0.01,0.0,28100.0
03/06/2023,10.1,10.17,10.05,10.07,-0.03,0.0,22700.0
03/03/2023,10.04,10.1,10.03,10.1,0.07,0.0,53200.0
03/02/2023,10.05,10.05,10.03,10.03,-0.02,0.0,25700.0
03/01/2023,10.05,10.05,10.04,10.05,0.0,0.0,3800.0
02/27/2023,10.04,10.05,10.03,10.05,0.01,0.0,3500.0
02/24/2023,10.04,10.04,10.04,10.04,0.01,0.0,1300.0
02/23/2023,10.06,10.06,10.03,10.03,0.01,0.0,44400.0
02/22/2023,10.1,10.1,10.01,10.02,0.01,0.0,15000.0
02/21/2023,10.02,10.02,10.01,10.01,-0.03,0.0,4000.0
02/17/2023,10.15,10.15,10.02,10.04,0.01,0.0,13100.0
02/16/2023,10.13,10.13,10.02,10.03,-0.01,0.0,5700.0
02/15/2023,10.17,10.29,10.01,10.04,-0.14,0.0,66500.0
02/14/2023,10.17,10.18,10.16,10.18,0.02,0.0,8700.0
02/13/2023,10.24,10.24,10.16,10.16,0.0,0.0,754600.0
02/10/2023,10.16,10.16,10.16,10.16,-0.02,0.0,9400.0
02/09/2023,10.2,10.31,10.18,10.18,0.0,0.0,13600.0
02/08/2023,10.17,10.32,10.17,10.18,0.02,0.0,853500.0
02/07/2023,10.16,10.17,10.16,10.16,0.0,0.0,646800.0
02/06/2023,10.16,10.16,10.16,10.16,0.0,0.0,68800.0
02/03/2023,10.16,10.17,10.16,10.16,0.0,0.0,253000.0
02/02/2023,10.16,10.16,10.16,10.16,-0.0,0.0,1400.0
02/01/2023,10.16,10.16,10.16,10.16,0.01,0.0,99400.0
01/31/2023,10.16,10.16,10.15,10.15,0.0,0.0,1860900.0
01/30/2023,10.15,10.15,10.15,10.15,0.0,0.0,100.0
01/27/2023,10.14,10.16,10.14,10.15,0.01,0.0,1024200.0
01/26/2023,10.14,10.14,10.14,10.14,0.0,0.0,21100.0
01/24/2023,10.14,10.14,10.14,10.14,0.0,0.0,31200.0
01/23/2023,10.15,10.15,10.14,10.14,0.01,0.0,172800.0
01/20/2023,10.13,10.13,10.13,10.13,0.0,0.0,8600.0
01/17/2023,10.13,10.13,10.13,10.13,0.01,0.0,5400.0
01/13/2023,10.12,10.13,10.12,10.12,0.0,0.0,126500.0
01/12/2023,10.12,10.12,10.12,10.12,0.01,0.0,6300.0
01/11/2023,10.11,10.12,10.11,10.11,0.0,0.0,86800.0
01/10/2023,10.11,10.13,10.11,10.11,0.0,0.0,2000.0
01/09/2023,10.11,10.13,10.11,10.11,0.0,0.0,18500.0
01/06/2023,10.1,10.12,10.1,10.11,0.01,0.0,1509800.0
01/05/2023,10.09,10.1,10.09,10.1,0.01,0.0,140300.0
01/04/2023,10.09,10.09,10.09,10.09,0.0,0.0,9600.0
01/03/2023,10.12,10.12,10.09,10.09,0.0,0.0,401800.0
