05/30/2023,33.84,34.04,32.7,32.94,0.0,0.0,165410.0
05/26/2023,33.27,33.57,33.27,33.55,0.0,0.0,94317.0
05/25/2023,34.48,34.48,32.08,33.07,0.0,0.0,371577.0
05/24/2023,34.9,34.9,33.04,34.41,0.0,0.0,258338.0
05/23/2023,34.46,35.73,34.46,35.17,0.0,0.0,356633.0
05/22/2023,32.62,34.55,32.62,34.52,0.0,0.0,276121.0
05/19/2023,33.39,33.41,32.45,32.51,0.0,0.0,185817.0
05/18/2023,32.79,33.33,32.33,32.95,0.0,0.0,206283.0
05/17/2023,33.18,33.2,32.417,32.86,0.0,0.0,248775.0
05/16/2023,33.22,33.22,32.59,33.06,0.0,0.0,198440.0
05/15/2023,32.92,34.35,32.55,33.75,0.0,0.0,264258.0
05/12/2023,33.07,33.19,32.16,32.79,0.0,0.0,214034.0
05/11/2023,34.44,34.47,32.94,33.0,0.0,0.0,360789.0
05/10/2023,33.73,35.46,32.82,34.19,0.0,0.0,448651.0
05/09/2023,32.72,33.22,32.056,32.84,0.0,0.0,295238.0
05/08/2023,33.0,33.49,30.4,33.0,0.0,0.0,335730.0
05/05/2023,32.97,33.73,32.77,33.04,0.0,0.0,271082.0
05/04/2023,31.97,32.96,31.4275,32.66,0.0,0.0,262802.0
05/03/2023,31.51,32.93,31.33,32.12,0.0,0.0,362581.0
05/02/2023,32.12,32.285,30.98,31.33,0.0,0.0,351879.0
05/01/2023,31.51,32.585,31.5,32.22,0.0,0.0,245522.0
04/28/2023,30.7,31.58,30.57,31.51,0.0,0.0,193042.0
04/27/2023,30.58,30.8,30.16,30.76,0.0,0.0,229723.0
04/26/2023,29.7,30.64,29.7,30.56,0.0,0.0,265884.0
04/25/2023,29.99,30.07,29.235,29.71,0.0,0.0,223060.0
04/24/2023,30.71,30.97,30.06,30.19,0.0,0.0,165184.0
04/21/2023,30.59,31.33,29.25,30.8,0.0,0.0,194688.0
04/20/2023,31.11,31.23,30.34,30.57,-0.84,0.0,234300.0
04/19/2023,30.59,31.67,29.63,31.41,0.63,0.0,266700.0
04/18/2023,30.91,30.99,30.38,30.78,0.08,0.0,165400.0
04/17/2023,30.0,30.91,29.83,30.7,0.87,0.0,219500.0
04/14/2023,30.87,31.12,29.82,29.83,-1.14,0.0,187500.0
04/13/2023,30.48,31.43,30.48,30.97,0.73,0.0,279700.0
04/12/2023,31.06,31.17,30.16,30.24,-0.49,0.0,136400.0
04/11/2023,30.59,31.25,30.3,30.73,0.23,0.0,219100.0
04/10/2023,29.99,31.07,29.53,30.5,0.42,0.0,496900.0
04/06/2023,29.25,30.14,28.71,30.08,1.08,0.0,237200.0
04/05/2023,28.77,29.23,28.41,29.0,-0.01,0.0,214600.0
04/04/2023,29.56,29.68,28.61,29.01,-0.42,0.0,209600.0
04/03/2023,29.1,29.67,28.73,29.43,0.11,0.0,214700.0
03/31/2023,28.49,29.61,28.34,29.32,1.09,0.0,295500.0
03/30/2023,28.94,29.23,28.02,28.23,-0.53,0.0,211800.0
03/29/2023,28.58,29.23,28.32,28.76,0.6,0.0,294700.0
03/28/2023,28.98,29.17,28.13,28.16,-0.92,0.0,210000.0
03/27/2023,29.19,29.69,28.92,29.08,0.11,0.0,185400.0
03/24/2023,28.51,29.02,28.04,28.97,0.16,0.0,193400.0
03/23/2023,28.69,29.31,28.36,28.81,0.52,0.0,253000.0
03/22/2023,30.27,30.48,28.25,28.29,-2.11,0.0,300000.0
03/21/2023,30.17,30.71,30.11,30.4,0.46,0.0,303000.0
03/20/2023,29.64,30.76,29.48,29.94,0.63,0.0,239800.0
03/17/2023,30.49,30.49,29.11,29.31,-1.6,0.0,1370400.0
03/16/2023,30.49,31.29,30.15,30.91,0.0,0.0,247800.0
03/15/2023,30.33,31.02,29.93,30.91,0.08,0.0,385900.0
03/14/2023,30.52,31.12,29.95,30.83,1.25,0.0,360900.0
03/13/2023,28.96,30.52,28.93,29.58,0.18,0.0,492400.0
03/10/2023,29.49,29.49,27.92,29.4,-0.21,0.0,575000.0
03/09/2023,30.58,31.07,29.55,29.61,-0.87,0.0,538700.0
03/08/2023,30.56,31.14,30.14,30.48,-0.09,0.0,713800.0
03/07/2023,30.19,31.12,29.8,30.57,0.54,0.0,224800.0
03/06/2023,31.39,31.61,29.75,30.03,-1.3,0.0,345200.0
03/03/2023,30.47,31.49,29.77,31.33,1.1,0.0,448000.0
03/02/2023,29.32,30.45,29.32,30.23,0.24,0.0,318200.0
03/01/2023,30.43,30.68,28.63,29.99,-0.42,0.0,236500.0
02/28/2023,30.47,30.91,28.91,30.41,-0.28,0.0,416000.0
02/27/2023,30.82,30.98,30.16,30.69,0.19,0.0,471500.0
02/24/2023,30.41,30.87,29.73,30.5,-0.1,0.0,303600.0
02/23/2023,28.37,31.52,28.37,30.6,2.08,0.0,586800.0
02/22/2023,28.36,28.72,28.0,28.52,-0.09,0.0,465900.0
02/21/2023,29.19,29.92,28.52,28.61,-1.21,0.0,450400.0
02/17/2023,28.88,29.92,28.68,29.82,0.96,0.0,302500.0
02/16/2023,28.91,29.51,28.35,28.86,-0.67,0.0,414800.0
02/15/2023,29.6,29.93,28.95,29.53,-0.02,0.0,205400.0
02/14/2023,29.12,29.7,28.75,29.55,0.25,0.0,168800.0
02/13/2023,28.96,29.48,28.53,29.3,0.44,0.0,213600.0
02/10/2023,28.29,29.1,28.25,28.86,0.52,0.0,193500.0
02/09/2023,29.68,29.77,28.1,28.34,-0.97,0.0,302200.0
02/08/2023,31.01,31.43,29.29,29.31,-1.83,0.0,556000.0
02/07/2023,30.4,31.37,29.0,31.14,0.54,0.0,292000.0
02/06/2023,30.57,31.5,30.25,30.6,-0.46,0.0,307600.0
02/03/2023,30.63,31.73,30.46,31.06,-0.28,0.0,388700.0
02/02/2023,28.8,31.4,28.8,31.34,2.97,0.0,441400.0
02/01/2023,27.43,28.71,27.29,28.37,0.9,0.0,284800.0
01/31/2023,27.03,27.54,27.03,27.47,0.44,0.0,319700.0
01/30/2023,28.08,28.45,26.88,27.03,-1.5,0.0,233200.0
01/27/2023,27.83,28.89,27.72,28.53,0.68,0.0,212501.0
01/26/2023,28.15,28.4,27.5,27.85,-0.06,0.0,228300.0
01/25/2023,28.21,28.43,27.33,27.91,-0.74,0.0,309500.0
01/24/2023,28.93,29.41,28.44,28.65,-0.36,0.0,379000.0
01/23/2023,29.07,29.5,28.52,29.01,0.03,0.0,458200.0
01/20/2023,28.88,29.3,28.4,28.98,0.57,0.0,340600.0
01/19/2023,28.73,28.98,27.93,28.41,-0.6,0.0,249100.0
01/18/2023,29.5,30.0,28.72,29.01,-0.25,0.0,282700.0
01/17/2023,28.02,29.39,28.0,29.26,1.05,0.0,698200.0
01/13/2023,29.02,30.13,28.05,28.21,-1.33,0.0,500700.0
01/12/2023,27.56,29.79,27.38,29.54,1.92,0.0,759400.0
01/11/2023,27.73,28.05,26.9,27.62,-0.11,0.0,625800.0
01/10/2023,24.48,27.84,24.34,27.73,3.88,0.0,1264902.0
01/09/2023,24.05,24.81,23.61,23.85,-0.03,0.0,337400.0
01/06/2023,24.62,25.48,23.39,23.88,-0.59,0.0,527000.0
01/05/2023,25.15,25.32,24.42,24.47,-1.04,0.0,374300.0
01/04/2023,25.34,26.05,25.15,25.51,0.38,0.0,482500.0
01/03/2023,26.6,26.9,24.62,25.13,0.0,0.0,716600.0
