06/05/2023,41.69,42.6,41.35,41.63,0.0,0.0,1683974.0
06/02/2023,43.42,44.14,42.13,42.35,0.0,0.0,1996894.0
06/01/2023,41.49,44.62,40.86,43.05,0.0,0.0,5760810.0
05/31/2023,36.67,38.95,36.67,38.94,0.0,0.0,2471403.0
05/30/2023,37.08,37.9499,36.65,36.95,0.0,0.0,1318935.0
05/26/2023,36.23,36.245,35.81,35.83,0.0,0.0,697930.0
05/25/2023,40.28,40.46,37.23,37.24,0.0,0.0,2059429.0
05/24/2023,39.11,40.31,38.95,39.79,0.0,0.0,1781021.0
05/23/2023,39.13,39.95,38.44,38.6,0.0,0.0,1250806.0
05/22/2023,38.35,39.61,38.19,39.42,0.0,0.0,1253934.0
05/19/2023,38.9,39.32,38.13,38.5,0.0,0.0,1511732.0
05/18/2023,38.19,39.24,37.965,39.08,0.0,0.0,1381157.0
05/17/2023,36.33,38.21,36.26,38.05,0.0,0.0,1504765.0
05/16/2023,36.3,36.72,35.85,36.26,0.0,0.0,1126924.0
05/15/2023,35.74,36.81,35.5,36.76,0.0,0.0,1954917.0
05/12/2023,36.7,36.9781,35.31,35.8,0.0,0.0,1289503.0
05/11/2023,36.7,37.33,36.39,36.82,0.0,0.0,1365374.0
05/10/2023,36.33,37.27,36.12,36.98,0.0,0.0,1414243.0
05/09/2023,35.9,36.49,35.65,35.65,0.0,0.0,874501.0
05/08/2023,36.24,36.68,35.67,36.31,0.0,0.0,1194112.0
05/05/2023,35.98,36.74,35.35,35.97,0.0,0.0,2690970.0
05/04/2023,36.48,37.02,35.06,35.48,0.0,0.0,3044389.0
05/03/2023,35.13,36.86,34.7,36.27,0.0,0.0,4884259.0
05/02/2023,37.7,37.878,35.57,35.85,0.0,0.0,4831018.0
05/01/2023,40.85,40.99,37.73,37.95,0.0,0.0,6535190.0
04/28/2023,42.01,44.9699,40.44,41.13,0.0,0.0,8824379.0
04/27/2023,50.63,51.6,50.51,51.02,0.0,0.0,2167122.0
04/26/2023,50.27,51.09,50.005,50.39,0.0,0.0,1585375.0
04/25/2023,51.19,51.19,49.14,49.17,0.0,0.0,1133085.0
04/24/2023,54.88,54.88,51.637,51.9,0.0,0.0,1143364.0
04/21/2023,50.72,52.5899,50.635,52.13,0.0,0.0,908347.0
04/20/2023,52.22,52.78,50.63,50.72,-2.18,0.0,847700.0
04/19/2023,53.0,53.66,52.43,52.9,-0.67,0.0,842600.0
04/18/2023,55.03,55.03,53.36,53.57,-0.77,0.0,519900.0
04/17/2023,53.92,54.38,53.28,54.34,0.49,0.0,754800.0
04/14/2023,52.32,53.96,51.76,53.85,1.03,0.0,1393500.0
04/13/2023,51.88,53.15,51.88,52.82,1.4,0.0,914400.0
04/12/2023,53.22,53.9,51.31,51.42,-1.41,0.0,1348600.0
04/11/2023,53.3,53.75,51.79,52.83,-1.16,0.0,1479300.0
04/10/2023,53.04,54.07,52.66,53.99,0.14,0.0,723400.0
04/06/2023,53.2,53.98,52.06,53.85,0.21,0.0,1225800.0
04/05/2023,56.83,56.83,53.51,53.64,-3.63,0.0,1114600.0
04/04/2023,58.24,58.55,56.49,57.27,-0.81,0.0,525400.0
04/03/2023,58.21,58.74,57.26,58.08,-0.76,0.0,502500.0
03/31/2023,56.95,59.65,56.42,58.84,2.34,0.0,912100.0
03/30/2023,58.0,58.25,56.36,56.5,-0.82,0.0,744400.0
03/29/2023,56.88,57.41,56.38,57.32,1.1,0.0,741400.0
03/28/2023,56.56,56.69,56.13,56.22,-0.37,0.0,534300.0
03/27/2023,56.83,57.09,56.12,56.59,0.2,0.0,839300.0
03/24/2023,56.57,57.41,55.58,56.39,-0.46,0.0,1018700.0
03/23/2023,57.56,58.2,56.5,56.85,0.33,0.0,934500.0
03/22/2023,58.0,58.4,56.49,56.52,-1.61,0.0,1081000.0
03/21/2023,57.14,58.29,56.97,58.13,1.7,0.0,867100.0
03/20/2023,56.99,57.34,55.67,56.43,-0.8,0.0,879300.0
03/17/2023,56.83,57.64,56.08,57.23,-0.12,0.0,1055500.0
03/16/2023,56.87,58.07,56.04,57.35,0.64,0.0,1306400.0
03/15/2023,56.3,56.74,55.29,56.71,-0.35,0.0,1280300.0
03/14/2023,57.86,58.45,56.13,57.06,-0.08,0.0,1647000.0
03/13/2023,57.15,58.2,56.41,57.14,-0.64,0.0,1712500.0
03/10/2023,60.33,60.45,57.1,57.78,-3.14,0.0,2139505.0
03/09/2023,65.01,65.82,60.89,60.92,-4.38,0.0,1911600.0
03/08/2023,65.76,66.0,64.84,65.3,-0.46,0.0,1038400.0
03/07/2023,67.07,67.85,65.69,65.76,-1.46,0.0,1046400.0
03/06/2023,68.75,70.31,67.1,67.22,-0.67,0.0,1480700.0
03/03/2023,65.35,68.48,65.35,67.89,2.59,0.0,1616000.0
03/02/2023,64.32,65.41,63.32,65.3,-0.04,0.0,938300.0
03/01/2023,65.22,65.89,64.5,65.34,0.03,0.0,626700.0
02/28/2023,65.54,66.36,65.2,65.31,-0.45,0.0,890400.0
02/27/2023,66.56,67.3,65.58,65.76,-0.44,0.0,1033900.0
02/24/2023,65.56,66.86,65.05,66.2,-0.88,0.0,604100.0
02/23/2023,67.93,68.22,66.32,67.08,0.09,0.0,730100.0
02/22/2023,66.61,67.49,66.12,66.99,1.21,0.0,842400.0
02/21/2023,65.64,67.08,65.01,65.78,-1.23,0.0,901600.0
02/17/2023,67.12,67.25,65.16,67.01,-0.5,0.0,889000.0
02/16/2023,68.0,68.78,67.43,67.51,-2.01,0.0,1549900.0
02/15/2023,68.76,69.75,67.85,69.52,0.52,0.0,976400.0
02/14/2023,67.93,70.63,67.2,69.0,0.75,0.0,1645200.0
02/13/2023,64.15,69.04,63.9,68.25,5.33,0.0,3125700.0
02/10/2023,67.42,68.95,62.76,62.92,2.83,0.0,6439900.0
02/09/2023,61.64,62.67,59.63,60.09,-0.34,0.0,3138700.0
02/08/2023,60.33,61.72,59.76,60.43,0.54,0.0,1266900.0
02/07/2023,56.08,60.11,55.23,59.89,3.81,0.0,1578900.0
02/06/2023,55.95,57.28,55.69,56.08,-0.64,0.0,1149200.0
02/03/2023,56.74,58.19,55.77,56.72,-2.32,0.0,1483800.0
02/02/2023,59.01,60.12,58.17,59.04,2.0,0.0,1316400.0
02/01/2023,55.5,57.3,54.75,57.04,1.55,0.0,887400.0
01/31/2023,55.18,55.92,54.95,55.49,0.57,0.0,661800.0
01/30/2023,55.21,55.4,54.32,54.92,-1.1,0.0,640300.0
01/27/2023,54.93,56.58,54.77,56.02,0.68,0.0,904300.0
01/26/2023,54.01,55.46,53.04,55.34,2.41,0.0,741200.0
01/25/2023,52.5,53.32,51.4,52.93,-0.78,0.0,814400.0
01/24/2023,53.06,54.86,53.0,53.71,-0.19,0.0,512100.0
01/23/2023,52.71,54.12,52.16,53.9,1.22,0.0,686500.0
01/20/2023,50.63,52.74,50.28,52.68,2.24,0.0,483500.0
01/19/2023,50.5,51.31,50.13,50.44,-0.72,0.0,778100.0
01/18/2023,52.49,52.97,50.87,51.16,-0.33,0.0,705300.0
01/17/2023,50.48,51.7,49.66,51.49,0.74,0.0,707600.0
01/13/2023,49.92,50.89,49.64,50.75,-0.05,0.0,966100.0
01/12/2023,50.69,50.83,48.95,50.8,0.45,0.0,490000.0
01/11/2023,48.63,50.92,47.98,50.35,2.25,0.0,1616000.0
01/10/2023,47.98,48.44,46.68,48.1,-0.24,0.0,602500.0
01/09/2023,47.91,49.97,47.53,48.34,1.15,0.0,1435900.0
01/06/2023,48.82,48.91,46.17,47.19,-1.27,0.0,1286500.0
01/05/2023,50.17,50.17,48.15,48.46,-2.27,0.0,1507300.0
01/04/2023,50.51,50.98,49.37,50.73,0.92,0.0,643300.0
01/03/2023,51.43,51.85,49.33,49.81,0.0,0.0,844600.0
12/30/2022,49.71,50.7,49.17,50.67,0.14,0.28,572000.0
12/29/2022,48.66,50.69,48.11,50.53,2.35,4.88,514400.0
12/28/2022,47.03,48.46,46.89,48.18,0.92,1.95,383000.0
12/27/2022,48.54,48.675,46.89,47.26,-1.94,-3.94,843100.0
12/23/2022,48.44,49.235,48.08,49.2,0.2,0.41,500500.0
12/22/2022,48.67,49.13,48.07,49.0,-0.32,-0.65,624200.0
12/21/2022,49.56,50.24,48.55,49.32,-0.06,-0.12,860600.0
12/20/2022,48.61,50.256,48.35,49.38,0.19,0.39,743700.0
12/19/2022,50.5,50.5,48.85,49.19,-1.55,-3.05,1221300.0
12/16/2022,49.54,50.98,49.33,50.74,1.05,2.11,1339000.0
12/15/2022,49.94,50.4819,49.52,49.69,-1.23,-2.42,1254200.0
12/14/2022,49.4,51.52,49.3591,50.92,1.52,3.08,1111800.0
12/13/2022,49.81,50.69,48.1,49.4,1.72,3.61,1972200.0
12/12/2022,46.4,48.53,46.345,47.68,1.67,3.63,1051100.0
12/09/2022,45.86,46.19,45.06,46.01,0.08,0.17,1549200.0
12/08/2022,43.25,46.54,42.56,45.93,2.96,6.89,1657800.0
12/07/2022,40.3,43.275,39.55,42.97,2.53,6.26,1592300.0
12/06/2022,41.22,41.38,40.3,40.44,-1.04,-2.51,866500.0
12/05/2022,43.58,44.11,41.18,41.48,-2.83,-6.39,605100.0
12/02/2022,45.13,45.36,44.07,44.31,-1.99,-4.3,548600.0
12/01/2022,45.0,46.46,44.86,46.3,1.45,3.23,609300.0
11/30/2022,43.16,44.87,42.235,44.85,1.58,3.65,926200.0
11/29/2022,43.7,43.88,42.98,43.27,-0.19,-0.44,467200.0
11/28/2022,43.4,44.38,42.98,43.46,-0.52,-1.18,947600.0
11/25/2022,43.86,44.22,43.37,43.98,-0.5,-1.12,172500.0
11/23/2022,43.28,44.84,43.09,44.48,0.88,2.02,552200.0
11/22/2022,43.54,43.76,42.46,43.6,0.16,0.37,385500.0
11/21/2022,43.63,43.67,42.77,43.44,-0.76,-1.72,415400.0
11/18/2022,45.04,45.04,43.84,44.2,0.06,0.14,682800.0
11/17/2022,45.43,45.56,43.9,44.14,-2.43,-5.22,976900.0
11/16/2022,47.62,48.31,45.94,46.57,-1.96,-4.04,1085800.0
11/15/2022,47.62,49.25,47.47,48.53,2.6,5.66,1143300.0
11/14/2022,46.98,47.1,45.56,45.93,-1.2,-2.55,786600.0
11/11/2022,47.69,48.69,46.54,47.13,-0.37,-0.78,1320400.0
11/10/2022,45.37,47.64,45.01,47.5,5.88,14.13,1530000.0
11/09/2022,42.11,42.11,40.9,41.62,-0.88,-2.07,535200.0
11/08/2022,42.39,43.86,40.57,42.5,0.34,0.81,968900.0
11/07/2022,42.58,43.22,41.0,42.16,-0.53,-1.24,912100.0
11/04/2022,47.62,47.9,41.92,42.69,-4.2,-8.96,1434000.0
11/03/2022,47.49,48.585,46.625,46.89,-1.26,-2.62,4258700.0
11/02/2022,49.84,50.44,47.85,48.15,0.05,0.1,2596400.0
11/01/2022,50.01,50.65,48.07,48.1,-0.63,-1.29,1610700.0
10/31/2022,48.85,49.595,48.41,48.73,-0.46,-0.94,630900.0
10/28/2022,49.3,49.74,48.05,49.19,-0.38,-0.77,544100.0
10/27/2022,48.48,50.305,48.48,49.57,1.51,3.14,800000.0
10/26/2022,47.7,50.24,46.945,48.06,-0.48,-0.99,646900.0
10/25/2022,48.39,49.39,48.17,48.54,0.9,1.89,919100.0
10/24/2022,48.59,48.61,46.61,47.64,-0.7,-1.45,569600.0
10/21/2022,47.9,48.45,46.17,48.34,-0.05,-0.1,718900.0
10/20/2022,49.05,50.08,48.0,48.39,-0.87,-1.77,850200.0
10/19/2022,50.74,51.56,49.01,49.26,-2.46,-4.76,558200.0
10/18/2022,50.37,51.95,50.34,51.72,3.24,6.68,1101800.0
10/17/2022,47.71,49.312,47.71,48.48,2.16,4.66,632500.0
10/14/2022,48.19,48.57,46.05,46.32,-0.71,-1.51,885400.0
10/13/2022,45.82,47.595,44.34,47.03,-0.6,-1.26,749100.0
10/12/2022,48.49,48.6126,45.77,47.63,-0.79,-1.63,810100.0
10/11/2022,51.98,52.17,48.05,48.42,-3.72,-7.13,1191700.0
10/10/2022,53.71,53.92,51.14,52.14,-1.79,-3.32,761500.0
10/07/2022,55.61,55.68,53.185,53.93,-3.01,-5.29,800600.0
10/06/2022,57.91,58.51,56.87,56.94,-1.66,-2.83,645100.0
10/05/2022,58.16,58.98,57.22,58.6,-0.61,-1.03,625400.0
10/04/2022,58.51,59.28,58.135,59.21,2.8,4.96,1037600.0
10/03/2022,56.5,56.9,55.6,56.41,0.57,1.02,692500.0
09/30/2022,56.93,58.09,55.82,55.84,-1.44,-2.51,687200.0
09/29/2022,58.61,58.645,56.5576,57.28,-2.21,-3.71,547300.0
09/28/2022,58.58,59.73,58.03,59.49,0.65,1.1,605900.0
09/27/2022,59.27,59.84,58.4,58.84,0.66,1.13,502100.0
09/26/2022,57.92,60.25,57.92,58.18,-0.15,-0.26,493200.0
09/23/2022,59.88,60.73,57.58,58.33,-2.49,-4.09,914200.0
09/22/2022,63.98,64.12,60.46,60.82,-3.13,-4.89,585300.0
09/21/2022,64.5,66.5,63.87,63.95,-0.39,-0.61,532700.0
09/20/2022,64.86,65.16,63.745,64.34,-0.98,-1.5,572400.0
09/19/2022,64.19,65.65,64.03,65.32,0.09,0.14,503400.0
09/16/2022,65.66,65.66,64.15,65.23,-1.58,-2.36,772100.0
09/15/2022,65.88,67.86,65.2376,66.81,-0.01,-0.01,687100.0
09/14/2022,66.18,66.85,64.82,66.82,0.65,0.98,776500.0
09/13/2022,66.27,67.1983,65.61,66.17,-3.19,-4.6,747100.0
09/12/2022,68.35,69.4644,67.86,69.36,0.92,1.34,916200.0
09/09/2022,65.0,68.67,65.0,68.44,4.08,6.34,1219800.0
09/08/2022,61.95,64.85,61.82,64.36,1.42,2.26,683800.0
09/07/2022,60.47,62.97,60.04,62.94,2.57,4.26,583600.0
09/06/2022,60.75,60.93,59.79,60.37,-0.37,-0.61,503000.0
09/02/2022,61.5,62.27,60.16,60.74,-0.02,-0.03,349900.0
09/01/2022,61.25,62.26,59.02,60.76,-1.56,-2.5,832700.0
08/31/2022,64.0,65.45,62.27,62.32,-1.11,-1.75,656400.0
08/30/2022,65.11,65.8657,62.81,63.43,-1.07,-1.66,657600.0
08/29/2022,63.75,65.31,63.6644,64.5,-0.37,-0.57,505600.0
08/26/2022,65.97,66.0,63.59,64.87,-1.44,-2.17,614700.0
08/25/2022,65.0,66.33,64.93,66.31,2.15,3.35,555600.0
08/24/2022,61.43,64.16,61.245,64.16,3.34,5.49,698000.0
08/23/2022,61.7,62.69,60.82,60.82,-0.81,-1.31,435400.0
08/22/2022,61.06,61.68,60.14,61.63,-0.82,-1.31,582400.0
08/19/2022,63.46,63.46,61.77,62.45,-2.5,-3.85,736900.0
08/18/2022,66.97,66.97,64.91,64.95,-1.7,-2.55,792500.0
08/17/2022,67.44,68.255,65.88,66.65,-1.83,-2.67,687200.0
08/16/2022,67.71,68.525,65.96,68.48,-0.09,-0.13,873100.0
08/15/2022,68.17,69.29,67.39,68.57,-0.08,-0.12,690400.0
08/12/2022,67.28,68.84,66.48,68.65,2.07,3.11,737400.0
08/11/2022,68.65,68.65,66.2606,66.58,-1.26,-1.86,997400.0
08/10/2022,65.67,68.64,65.67,67.84,4.66,7.38,1827200.0
08/09/2022,62.45,63.39,61.68,63.18,0.2,0.32,1117500.0
08/08/2022,63.08,64.5266,62.47,62.98,0.45,0.72,911600.0
08/05/2022,60.5,63.4,60.25,62.53,0.93,1.51,985000.0
08/04/2022,61.95,63.417,60.7401,61.6,1.4,2.33,1282600.0
08/03/2022,57.75,62.5,57.1,60.2,9.63,19.04,3359900.0
08/02/2022,48.0,51.36,47.68,50.57,2.05,4.23,1512800.0
08/01/2022,47.82,49.61,47.03,48.52,0.09,0.19,627300.0
07/29/2022,48.35,48.58,46.71,48.43,-0.13,-0.27,794500.0
07/28/2022,47.69,48.6,46.0,48.56,0.66,1.38,1073300.0
07/27/2022,47.27,48.42,46.89,47.9,1.76,3.81,571300.0
07/26/2022,47.79,47.79,45.86,46.14,-1.88,-3.92,594500.0
07/25/2022,49.21,49.21,47.08,48.02,-1.58,-3.19,678700.0
07/22/2022,52.31,53.0,49.45,49.6,-2.72,-5.2,602600.0
07/21/2022,49.51,52.48,49.442,52.32,2.45,4.91,728700.0
07/20/2022,48.17,50.77,48.17,49.87,1.84,3.83,1002100.0
07/19/2022,47.96,48.22,46.55,48.03,0.91,1.93,389600.0
07/18/2022,48.67,49.2718,46.98,47.12,-1.07,-2.22,421800.0
07/15/2022,48.34,48.79,47.46,48.19,0.8,1.69,336900.0
07/14/2022,47.89,47.89,46.33,47.39,-1.11,-2.29,498100.0
07/13/2022,47.27,49.03,46.54,48.5,0.0,0.0,389800.0
07/12/2022,50.81,51.73,48.21,48.5,-2.15,-4.24,484200.0
07/11/2022,51.56,52.04,50.09,50.65,-1.82,-3.47,393700.0
07/08/2022,51.8,53.74,51.3812,52.47,-0.41,-0.78,444700.0
07/07/2022,50.75,53.12,50.38,52.88,2.1,4.14,444400.0
07/06/2022,51.61,52.42,50.01,50.78,-0.69,-1.34,435800.0
07/05/2022,49.03,51.68,48.32,51.47,1.9,3.83,475200.0
07/01/2022,48.52,49.725,47.79,49.57,1.15,2.38,475500.0
06/30/2022,50.18,50.18,47.66,48.42,-2.17,-4.29,803200.0
06/29/2022,50.75,51.6,49.59,50.59,-0.04,-0.08,452300.0
06/28/2022,52.25,52.41,49.32,50.63,-1.78,-3.4,964700.0
06/27/2022,55.21,55.38,52.14,52.41,-3.16,-5.69,1151700.0
06/24/2022,54.45,56.01,54.39,55.57,1.94,3.62,1073000.0
06/23/2022,49.49,54.07,49.11,53.63,5.39,11.17,1220500.0
06/22/2022,47.23,49.67,47.23,48.24,-0.18,-0.37,759600.0
06/21/2022,47.45,49.68,47.45,48.42,1.52,3.24,817700.0
06/17/2022,44.16,47.69,44.16,46.9,2.63,5.94,1557200.0
06/16/2022,46.14,46.14,43.45,44.27,-3.43,-7.19,907400.0
06/15/2022,46.52,48.505,46.2112,47.7,2.2,4.84,1036500.0
06/14/2022,46.7,47.515,45.01,45.5,-0.86,-1.86,852200.0
06/13/2022,48.87,49.37,46.1,46.36,-4.61,-9.04,1182400.0
06/10/2022,52.6,53.56,50.235,50.97,-3.18,-5.87,777000.0
06/09/2022,56.44,56.625,54.03,54.15,-3.11,-5.43,734100.0
06/08/2022,57.35,58.12,56.89,57.26,-0.49,-0.85,535100.0
06/07/2022,56.27,58.825,56.05,57.75,0.6,1.05,455400.0
06/06/2022,58.47,59.0,56.21,57.15,-0.43,-0.75,539500.0
06/03/2022,57.5,58.95,57.28,57.58,-1.3,-2.21,484100.0
06/02/2022,55.55,58.99,55.43,58.88,2.96,5.29,580200.0
06/01/2022,56.45,57.5,55.0,55.92,0.27,0.49,657000.0
05/31/2022,57.71,57.96,54.84,55.65,-2.04,-3.54,671600.0
05/27/2022,55.87,57.69,55.48,57.69,2.69,4.89,443200.0
05/26/2022,52.57,55.43,52.57,55.0,1.31,2.44,610000.0
05/25/2022,52.52,53.75,52.24,53.69,1.22,2.33,559400.0
05/24/2022,54.69,54.69,51.935,52.47,-2.99,-5.39,650400.0
05/23/2022,56.92,56.92,54.68,55.46,-0.2,-0.36,398300.0
05/20/2022,56.57,57.58,53.8,55.66,0.1,0.18,630400.0
05/19/2022,53.13,56.5,53.13,55.56,1.99,3.71,785800.0
05/18/2022,55.4,56.23,52.79,53.57,-2.63,-4.68,681400.0
05/17/2022,57.0,58.24,54.12,56.2,0.4,0.72,587900.0
05/16/2022,58.52,59.865,55.71,55.8,-3.03,-5.15,703400.0
05/13/2022,55.08,59.05,55.08,58.83,4.98,9.25,947700.0
05/12/2022,51.85,55.26,51.2,53.85,0.62,1.16,1178600.0
05/11/2022,55.5,56.71,51.84,53.23,-3.01,-5.35,1083400.0
05/10/2022,58.84,59.49,53.7525,56.24,-0.97,-1.7,1140200.0
05/09/2022,61.55,62.38,55.91,57.21,-5.89,-9.33,1282000.0
05/06/2022,65.63,66.015,62.83,63.1,-3.1,-4.68,881100.0
05/05/2022,70.0,70.34,65.4,66.2,-4.43,-6.27,1093500.0
05/04/2022,71.87,71.98,66.87,70.63,5.78,8.91,2317800.0
05/03/2022,65.82,67.945,64.17,64.85,-1.69,-2.54,940300.0
05/02/2022,63.85,66.6,62.66,66.54,2.34,3.64,1196400.0
04/29/2022,66.41,68.07,64.07,64.2,-3.0,-4.46,651100.0
04/28/2022,66.66,67.65,64.905,67.2,1.38,2.1,344100.0
04/27/2022,65.6,67.34,65.58,65.82,0.18,0.27,531000.0
04/26/2022,68.05,68.05,65.43,65.64,-3.02,-4.4,649900.0
04/25/2022,67.02,68.705,67.01,68.66,0.79,1.16,572500.0
04/22/2022,69.24,69.92,67.25,67.87,-1.16,-1.68,424500.0
04/21/2022,71.66,72.33,68.4,69.03,-1.41,-2.0,467000.0
04/20/2022,72.32,72.515,69.43,70.44,-1.91,-2.64,406200.0
04/19/2022,70.69,73.28,70.14,72.35,1.85,2.62,418000.0
04/18/2022,72.0,72.0,69.495,70.5,-1.52,-2.11,544100.0
04/14/2022,72.91,72.91,70.85,72.02,-1.06,-1.45,466300.0
04/13/2022,71.83,73.575,70.64,73.08,1.57,2.2,366400.0
04/12/2022,72.0,73.65,70.23,71.51,-0.09,-0.13,548800.0
04/11/2022,67.42,72.3,66.7,71.6,3.75,5.53,937700.0
04/08/2022,71.24,71.38,67.71,67.85,-4.69,-6.47,1419800.0
04/07/2022,72.06,73.55,71.01,72.54,0.59,0.82,845900.0
04/06/2022,71.54,72.83,69.49,71.95,-0.69,-0.95,790800.0
04/05/2022,73.88,75.33,72.09,72.64,-1.46,-1.97,896500.0
04/04/2022,75.0,76.35,73.69,74.1,-0.5,-0.67,888000.0
04/01/2022,72.5,74.86,71.91,74.6,3.07,4.29,936100.0
03/31/2022,71.8,72.37,70.09,71.53,-0.29,-0.4,1029900.0
03/30/2022,70.52,72.65,70.05,71.82,0.48,0.67,617000.0
03/29/2022,71.88,73.5,69.84,71.34,0.16,0.22,890600.0
03/28/2022,69.59,71.22,68.69,71.18,1.93,2.79,704300.0
03/25/2022,71.92,71.97,68.3,69.25,-2.34,-3.27,710100.0
03/24/2022,70.21,71.6,68.42,71.59,1.86,2.67,639100.0
03/23/2022,68.61,71.61,68.08,69.73,-0.03,-0.04,1053300.0
03/22/2022,64.14,70.19,63.56,69.76,5.49,8.54,1520100.0
03/21/2022,63.18,65.34,62.74,64.27,1.02,1.61,926400.0
03/18/2022,62.4,64.42,62.15,63.25,0.58,0.93,1002500.0
03/17/2022,60.91,63.21,59.97,62.67,1.84,3.02,561400.0
03/16/2022,57.45,60.96,57.41,60.83,3.56,6.22,1076600.0
03/15/2022,54.0,57.89,52.84,57.27,3.03,5.59,1666200.0
03/14/2022,60.59,60.73,53.43,54.24,-6.91,-11.3,1555700.0
03/11/2022,63.59,64.42,61.12,61.15,-1.9,-3.01,1220300.0
03/10/2022,61.86,63.54,61.3149,63.05,0.24,0.38,513500.0
03/09/2022,62.0,63.505,61.08,62.81,1.83,3.0,872700.0
03/08/2022,59.93,62.5,59.855,60.98,-0.02,-0.03,1018300.0
03/07/2022,60.74,61.65,58.75,61.0,0.26,0.43,1132100.0
03/04/2022,62.17,63.36,60.18,60.74,-1.46,-2.35,802300.0
03/03/2022,62.68,63.29,61.32,62.2,-0.89,-1.41,662700.0
03/02/2022,63.6,64.0,61.3,63.09,-0.12,-0.19,668000.0
03/01/2022,62.37,64.57,62.1,63.21,0.91,1.46,1032900.0
02/28/2022,60.93,63.13,60.88,62.3,1.06,1.73,1059300.0
02/25/2022,57.47,61.35,56.96,61.24,3.72,6.47,1461400.0
02/24/2022,51.76,57.705,51.1546,57.52,3.79,7.05,932400.0
02/23/2022,55.11,56.23,53.71,53.73,-1.15,-2.1,1597400.0
02/22/2022,53.19,55.82,53.07,54.88,0.72,1.33,1154800.0
02/18/2022,58.97,59.58,53.975,54.16,-4.62,-7.86,1160500.0
02/17/2022,57.42,59.7,57.2,58.78,0.44,0.75,1896600.0
02/16/2022,55.99,58.9,55.25,58.34,6.15,11.78,4005100.0
02/15/2022,52.06,52.645,50.84,52.19,0.69,1.34,1520900.0
02/14/2022,52.03,53.54,51.25,51.5,-0.62,-1.19,820100.0
02/11/2022,54.18,55.38,51.86,52.12,-1.78,-3.3,729100.0
02/10/2022,53.28,55.1386,52.75,53.9,-0.46,-0.85,685500.0
02/09/2022,53.82,54.94,53.435,54.36,1.04,1.95,701000.0
02/08/2022,52.32,53.63,52.0,53.32,0.54,1.02,354400.0
02/07/2022,52.95,54.95,52.13,52.78,0.01,0.02,580700.0
02/04/2022,51.19,53.1,50.56,52.77,1.95,3.84,811500.0
02/03/2022,52.39,53.19,50.66,50.82,-2.74,-5.12,887000.0
02/02/2022,56.93,56.93,53.26,53.56,-2.45,-4.37,642100.0
02/01/2022,55.95,57.43,54.95,56.01,-1.06,-1.86,1033700.0
01/31/2022,53.77,57.27,53.77,57.07,3.81,7.15,1155600.0
01/28/2022,51.25,53.27,49.9104,53.26,2.17,4.25,545600.0
01/27/2022,51.85,52.56,50.5,51.09,0.29,0.57,754800.0
01/26/2022,52.85,53.72,50.36,50.8,-0.41,-0.8,1196000.0
01/25/2022,53.59,54.5299,51.16,51.21,-3.31,-6.07,773500.0
01/24/2022,51.31,54.59,49.67,54.52,1.43,2.69,1150900.0
01/21/2022,55.23,55.9076,53.05,53.09,-2.63,-4.72,1020100.0
01/20/2022,57.79,59.36,55.49,55.72,-0.97,-1.71,443900.0
01/19/2022,57.33,59.415,56.59,56.69,-0.05,-0.09,552600.0
01/18/2022,57.03,58.4,56.16,56.74,-1.6,-2.74,664600.0
01/14/2022,57.79,59.07,56.99,58.34,0.35,0.6,521200.0
01/13/2022,60.23,60.23,57.13,57.99,-1.56,-2.62,538900.0
01/12/2022,60.61,61.49,59.01,59.55,-0.53,-0.88,506300.0
01/11/2022,57.3,60.445,56.71,60.08,2.43,4.22,707800.0
01/10/2022,57.2,57.69,54.88,57.65,-0.51,-0.88,844400.0
01/07/2022,58.62,60.87,57.77,58.16,0.27,0.47,1026900.0
01/06/2022,56.06,58.69,55.52,57.89,1.3,2.3,1248000.0
01/05/2022,59.0,59.9,56.42,56.59,-3.5,-5.82,799300.0
01/04/2022,62.41,62.445,58.51,60.09,-2.35,-3.76,802700.0
01/03/2022,61.56,62.88,59.75,62.44,1.94,3.21,604700.0
12/31/2021,61.75,62.03,60.4,60.5,-1.53,-2.47,1011100.0
12/30/2021,61.01,63.07,60.65,62.03,1.09,1.79,880200.0
12/29/2021,61.8,61.845,59.61,60.94,-0.87,-1.41,846000.0
12/28/2021,62.93,63.32,61.72,61.81,-1.66,-2.62,814600.0
12/27/2021,62.96,63.79,62.82,63.47,0.11,0.17,828600.0
12/23/2021,63.84,63.88,62.8727,63.36,-0.48,-0.75,698700.0
12/22/2021,61.79,64.58,61.735,63.84,1.84,2.97,958800.0
12/21/2021,60.61,62.3,60.3303,62.0,1.62,2.68,826400.0
12/20/2021,60.9,61.23,59.695,60.38,-1.59,-2.57,625500.0
12/17/2021,60.0,62.05,58.75,61.97,1.56,2.58,1011600.0
12/16/2021,62.7,62.77,59.61,60.41,-2.26,-3.61,648300.0
12/15/2021,62.15,63.01,60.62,62.67,0.28,0.45,621700.0
12/14/2021,62.0,63.625,60.76,62.39,-0.95,-1.5,500900.0
12/13/2021,63.98,65.005,61.55,63.34,-0.79,-1.23,655200.0
12/10/2021,66.06,67.26,63.835,64.13,-1.35,-2.06,403500.0
12/09/2021,66.68,67.21,65.27,65.48,-1.61,-2.4,484000.0
12/08/2021,65.91,67.6,64.4,67.09,1.4,2.13,482200.0
12/07/2021,64.31,66.56,64.25,65.69,3.16,5.05,601300.0
12/06/2021,61.0,63.97,59.26,62.53,0.18,0.29,718600.0
12/03/2021,65.6,65.68,60.96,62.35,-2.65,-4.08,855000.0
12/02/2021,61.59,65.41,61.59,65.0,2.59,4.15,883700.0
12/01/2021,67.0,67.77,62.18,62.41,-4.06,-6.11,1110300.0
11/30/2021,65.49,66.89,64.7401,66.47,0.82,1.25,1036200.0
11/29/2021,65.06,65.87,63.4542,65.65,1.56,2.43,1126700.0
11/26/2021,63.5,64.62,62.46,64.09,0.1,0.16,569000.0
11/24/2021,61.44,64.18,60.9,63.99,1.97,3.18,753000.0
11/23/2021,62.04,62.46,59.76,62.02,-0.69,-1.1,1309800.0
11/22/2021,66.55,66.9061,62.16,62.71,-4.03,-6.04,1320900.0
11/19/2021,68.61,69.99,66.5,66.74,-1.66,-2.43,751300.0
11/18/2021,71.11,71.19,68.2,68.4,-3.04,-4.26,808100.0
11/17/2021,73.89,74.0832,71.0,71.44,-2.29,-3.11,490200.0
11/16/2021,71.27,73.94,70.98,73.73,2.46,3.45,827100.0
11/15/2021,72.0,72.28,71.08,71.27,-0.57,-0.79,583500.0
11/12/2021,72.61,73.218,71.6,71.84,-0.48,-0.66,758000.0
11/11/2021,74.36,75.305,71.76,72.32,-1.5,-2.03,823000.0
11/10/2021,79.37,79.55,73.52,73.82,-6.34,-7.91,941000.0
11/09/2021,78.48,81.3,78.17,80.16,1.74,2.22,654600.0
11/08/2021,79.57,80.0,78.0,78.42,-1.15,-1.45,663100.0
11/05/2021,80.52,81.0,79.15,79.57,-0.94,-1.17,896000.0
11/04/2021,78.18,81.2,78.06,80.51,2.75,3.54,1302500.0
11/03/2021,74.8,78.1898,71.1,77.76,4.02,5.45,1872700.0
11/02/2021,75.26,75.275,72.6,73.74,-1.82,-2.41,1186200.0
11/01/2021,73.19,75.64,73.04,75.56,2.37,3.24,860200.0
10/29/2021,71.59,73.3,71.27,73.19,3.42,4.9,825000.0
10/28/2021,69.4,71.315,69.2,69.77,0.07,0.1,565300.0
10/27/2021,71.78,72.4989,69.57,69.7,-2.21,-3.07,492100.0
10/26/2021,74.46,74.75,71.66,71.91,-1.8,-2.44,409000.0
10/25/2021,72.91,74.44,72.42,73.71,0.94,1.29,411200.0
10/22/2021,74.25,75.25,72.71,72.77,-2.03,-2.71,452500.0
10/21/2021,75.7,76.85,74.72,74.8,-0.91,-1.2,553100.0
10/20/2021,75.08,75.78,73.91,75.71,0.1,0.13,440900.0
10/19/2021,75.63,76.2,75.02,75.61,0.09,0.12,539700.0
10/18/2021,75.54,76.53,75.3,75.52,0.0,0.0,300500.0
10/15/2021,77.0,77.25,75.39,75.52,-1.28,-1.67,542400.0
10/14/2021,75.2,77.2799,74.99,76.8,2.0,2.67,752500.0
10/13/2021,73.8,75.2,73.5,74.8,1.33,1.81,1049900.0
10/12/2021,72.04,73.6,71.98,73.47,1.78,2.48,381200.0
10/11/2021,72.0,72.79,71.46,71.69,-0.65,-0.9,246000.0
10/08/2021,73.7,73.85,72.2139,72.34,-0.96,-1.31,292800.0
10/07/2021,73.27,74.27,72.81,73.3,0.64,0.88,583300.0
10/06/2021,69.99,72.94,69.76,72.66,2.26,3.21,727900.0
10/05/2021,68.14,70.61,68.1,70.4,2.11,3.09,746100.0
10/04/2021,73.52,73.52,68.24,68.29,-5.73,-7.74,1224300.0
10/01/2021,73.65,74.65,73.28,74.02,0.92,1.26,746300.0
09/30/2021,71.74,73.53,71.74,73.1,1.45,2.02,719100.0
09/29/2021,72.51,72.96,70.1,71.65,-0.18,-0.25,888900.0
09/28/2021,74.41,74.49,71.3286,71.83,-3.56,-4.72,937500.0
09/27/2021,75.0,75.67,74.0,75.39,-0.11,-0.15,769000.0
09/24/2021,72.26,75.53,72.15,75.5,3.13,4.32,1152800.0
09/23/2021,70.23,72.51,69.54,72.37,2.49,3.56,1118500.0
09/22/2021,70.33,70.66,69.77,69.88,-0.12,-0.17,357300.0
09/21/2021,69.93,70.73,69.455,70.0,0.25,0.36,372900.0
09/20/2021,70.25,71.03,68.73,69.75,-1.94,-2.71,778200.0
09/17/2021,71.0,71.89,70.56,71.69,0.77,1.09,872100.0
09/16/2021,69.95,70.97,69.42,70.92,0.57,0.81,497200.0
09/15/2021,70.85,71.54,69.95,70.35,-0.75,-1.05,504600.0
09/14/2021,72.22,72.76,70.97,71.1,-1.01,-1.4,503800.0
09/13/2021,72.1,72.3,69.3,72.11,-0.25,-0.35,1108000.0
09/10/2021,74.46,75.35,72.32,72.36,-1.9,-2.56,1071700.0
09/09/2021,73.99,74.88,73.905,74.26,-0.03,-0.04,396100.0
09/08/2021,74.74,74.74,73.09,74.29,-0.38,-0.51,523000.0
09/07/2021,75.65,76.17,74.21,74.67,-1.33,-1.75,572800.0
09/03/2021,75.16,76.1138,74.79,76.0,0.99,1.32,386500.0
09/02/2021,74.5,75.73,74.5,75.01,0.17,0.23,951400.0
09/01/2021,74.49,75.41,74.48,74.84,0.87,1.18,707300.0
08/31/2021,74.82,74.82,73.66,73.97,-0.4,-0.54,581100.0
08/30/2021,74.78,75.25,73.6,74.37,0.15,0.2,470500.0
08/27/2021,71.77,74.435,71.7505,74.22,2.14,2.97,668800.0
08/26/2021,73.31,74.5,72.02,72.08,-1.35,-1.84,451100.0
08/25/2021,73.27,74.425,72.7094,73.43,-0.12,-0.16,589500.0
08/24/2021,72.33,73.77,72.33,73.55,1.56,2.17,559400.0
08/23/2021,71.39,72.31,70.17,71.99,1.19,1.68,801700.0
08/20/2021,69.83,71.0,69.45,70.8,0.8,1.14,1234400.0
08/19/2021,70.44,71.47,69.8,70.0,-0.97,-1.37,889600.0
08/18/2021,71.57,73.0565,70.87,70.97,-0.25,-0.35,570600.0
08/17/2021,70.69,72.09,69.53,71.22,-0.04,-0.06,819700.0
08/16/2021,68.8,71.8,66.92,71.26,1.87,2.69,2762600.0
08/13/2021,71.86,71.94,69.28,69.39,-2.24,-3.13,956000.0
08/12/2021,71.75,72.855,71.29,71.63,-0.27,-0.38,696100.0
08/11/2021,73.18,73.6499,71.45,71.9,-1.22,-1.67,788300.0
08/10/2021,76.39,76.89,73.12,73.12,-2.95,-3.88,782600.0
08/09/2021,74.45,76.9,73.81,76.07,1.6,2.15,1064900.0
08/06/2021,73.81,74.8,72.29,74.47,0.24,0.32,1360800.0
08/05/2021,67.88,74.42,67.8043,74.23,5.72,8.35,2156700.0
08/04/2021,70.65,72.0,66.66,68.51,-10.28,-13.05,5650600.0
08/03/2021,78.21,79.65,77.19,78.79,0.63,0.81,1237700.0
08/02/2021,78.0,79.155,76.35,78.16,0.76,0.98,638100.0
07/30/2021,76.0,77.93,75.601,77.4,0.54,0.7,617400.0
07/29/2021,78.5,79.285,76.68,76.86,-1.63,-2.08,647200.0
07/28/2021,78.05,78.9455,77.6528,78.49,0.61,0.78,970200.0
07/27/2021,81.0,81.77,77.8,77.88,-3.24,-3.99,960400.0
07/26/2021,81.14,83.345,80.9,81.12,-0.67,-0.82,779000.0
07/23/2021,80.82,82.94,80.0,81.79,0.9,1.11,725000.0
07/22/2021,80.75,81.53,80.0,80.89,0.53,0.66,555100.0
07/21/2021,79.38,81.06,78.819,80.36,0.47,0.59,633100.0
07/20/2021,77.0,80.94,76.55,79.89,3.89,5.12,1218900.0
07/19/2021,76.02,76.515,74.65,76.0,-1.05,-1.36,1275300.0
07/16/2021,77.71,78.38,76.93,77.05,0.2,0.26,620600.0
07/15/2021,77.99,78.615,76.04,76.85,-1.35,-1.73,985900.0
07/14/2021,80.55,80.77,78.16,78.2,-1.81,-2.26,537800.0
07/13/2021,80.06,81.88,79.7,80.01,0.15,0.19,781800.0
07/12/2021,83.93,84.9,78.7,79.86,-3.81,-4.55,2003300.0
07/09/2021,82.82,83.77,81.7433,83.67,0.83,1.0,439100.0
07/08/2021,82.56,83.4699,81.3,82.84,-1.03,-1.23,577600.0
07/07/2021,86.09,86.12,83.66,83.87,-1.2,-1.41,846500.0
07/06/2021,84.54,87.0,84.1,85.07,1.17,1.39,858400.0
07/02/2021,83.86,84.3899,83.01,83.9,0.31,0.37,677100.0
07/01/2021,85.87,86.303,83.54,83.59,-2.43,-2.82,907600.0
06/30/2021,87.05,87.8,85.93,86.02,-1.03,-1.18,686500.0
06/29/2021,89.0,89.06,86.75,87.05,-2.14,-2.4,798500.0
06/28/2021,90.25,90.57,88.61,89.19,-0.22,-0.25,634400.0
06/25/2021,88.9,90.105,87.65,89.41,0.77,0.87,1229400.0
06/24/2021,88.38,89.855,87.802,88.64,0.74,0.84,552100.0
06/23/2021,87.17,88.558,87.17,87.9,0.56,0.64,727800.0
06/22/2021,85.9,89.25,85.515,87.34,1.64,1.91,1248600.0
06/21/2021,84.85,85.98,82.97,85.7,0.18,0.21,720300.0
06/18/2021,84.87,85.74,84.1801,85.52,0.46,0.54,895600.0
06/17/2021,81.14,85.62,81.14,85.06,2.34,2.83,977200.0
06/16/2021,82.43,83.86,81.06,82.72,0.35,0.42,721200.0
06/15/2021,84.41,85.48,81.82,82.37,-2.05,-2.43,946000.0
06/14/2021,83.0,85.99,82.85,84.42,2.16,2.63,1219500.0
06/11/2021,82.12,82.5,80.8801,82.26,0.11,0.13,1303500.0
06/10/2021,78.86,82.36,78.2,82.15,3.34,4.24,1269300.0
06/09/2021,78.74,80.9899,78.6,78.81,1.08,1.39,1212300.0
06/08/2021,77.79,78.98,76.8,77.73,0.55,0.71,593400.0
06/07/2021,76.36,77.9,75.712,77.18,0.5,0.65,635100.0
06/04/2021,76.39,77.625,76.31,76.68,0.59,0.78,521400.0
06/03/2021,77.34,77.705,75.99,76.09,-1.92,-2.46,723900.0
06/02/2021,76.67,78.19,76.55,78.01,1.25,1.63,614500.0
06/01/2021,78.06,78.98,76.63,76.76,-1.01,-1.3,842200.0
05/28/2021,77.47,79.115,77.15,77.77,0.79,1.03,735100.0
05/27/2021,77.9,77.96,76.01,76.98,-1.86,-2.36,1482900.0
05/26/2021,76.02,79.05,75.8965,78.84,3.69,4.91,1291900.0
05/25/2021,76.65,77.0,74.94,75.15,-0.98,-1.29,933400.0
05/24/2021,75.96,77.95,75.6507,76.13,0.58,0.77,1057700.0
05/21/2021,76.53,76.83,75.2,75.55,-0.53,-0.7,807800.0
05/20/2021,76.15,77.32,75.35,76.08,0.97,1.29,1188700.0
05/19/2021,74.0,75.58,73.32,75.11,-1.3,-1.7,1245700.0
05/18/2021,77.1,78.945,76.16,76.41,-0.67,-0.87,1397700.0
05/17/2021,76.62,77.6299,75.19,77.08,0.02,0.03,878300.0
05/14/2021,75.46,77.69,74.21,77.06,2.15,2.87,829200.0
05/13/2021,78.98,79.5,74.27,74.91,-3.26,-4.17,1667200.0
05/12/2021,79.0,79.48,77.75,78.17,-2.63,-3.25,1106600.0
05/11/2021,76.12,81.51,75.69,80.8,2.23,2.84,1339200.0
05/10/2021,77.29,79.5,76.21,78.57,0.61,0.78,1137900.0
05/07/2021,78.99,81.255,77.46,77.96,0.24,0.31,900200.0
05/06/2021,78.53,79.04,75.18,77.72,-1.35,-1.71,1621800.0
05/05/2021,83.19,84.49,78.9,79.07,2.68,3.51,2949200.0
05/04/2021,78.42,78.58,74.725,76.39,-2.72,-3.44,3039900.0
05/03/2021,81.98,82.0914,79.01,79.11,-2.64,-3.23,1116600.0
04/30/2021,82.5,83.87,81.17,81.75,-1.28,-1.54,805300.0
04/29/2021,85.76,85.76,82.0,83.03,-2.2,-2.58,769000.0
04/28/2021,85.96,86.71,85.15,85.23,-1.22,-1.41,520700.0
04/27/2021,87.49,88.41,85.85,86.45,-1.06,-1.21,471500.0
04/26/2021,85.96,87.9,85.63,87.51,2.18,2.55,630900.0
04/23/2021,85.04,86.5,84.68,85.33,0.79,0.93,778000.0
04/22/2021,84.27,87.2,84.07,84.54,0.86,1.03,1025400.0
04/21/2021,80.65,83.71,79.95,83.68,3.03,3.76,708800.0
04/20/2021,82.72,83.97,79.9,80.65,-1.84,-2.23,1009500.0
04/19/2021,85.0,86.0,82.16,82.49,-3.32,-3.87,983900.0
04/16/2021,86.95,87.13,84.71,85.81,-1.49,-1.71,635500.0
04/15/2021,86.82,88.315,86.23,87.3,1.06,1.23,748500.0
04/14/2021,88.0,89.3648,85.94,86.24,-1.34,-1.53,1012600.0
04/13/2021,86.68,87.935,86.21,87.58,1.67,1.94,832800.0
04/12/2021,84.1,86.152,84.1,85.91,0.45,0.53,728200.0
04/09/2021,84.09,85.58,82.54,85.46,0.83,0.98,1196300.0
04/08/2021,84.99,87.51,84.57,84.63,0.63,0.75,959100.0
04/07/2021,85.5,85.73,83.71,84.0,-1.49,-1.74,821100.0
04/06/2021,84.01,86.62,83.67,85.49,1.14,1.35,1255300.0
04/05/2021,85.42,85.88,83.61,84.35,-0.29,-0.34,754400.0
04/01/2021,84.75,86.83,83.76,84.64,1.68,2.03,1868800.0
03/31/2021,80.7,83.72,80.4,82.96,3.5,4.4,1659100.0
03/30/2021,78.0,79.625,77.05,79.46,-0.28,-0.35,1415300.0
03/29/2021,82.22,82.62,78.593,79.74,-2.58,-3.13,1426600.0
03/26/2021,82.59,83.7,79.71,82.32,0.32,0.39,1617900.0
03/25/2021,81.78,82.94,80.08,82.0,-1.81,-2.16,1287100.0
03/24/2021,86.2,86.76,83.8,83.81,-2.42,-2.81,1562300.0
03/23/2021,85.01,86.57,84.2,86.23,1.3,1.53,1307400.0
03/22/2021,83.8,86.1,83.75,84.93,1.7,2.04,972000.0
03/19/2021,82.21,83.52,81.02,83.23,1.25,1.52,1241100.0
03/18/2021,83.96,84.22,81.59,81.98,-3.73,-4.35,1570200.0
03/17/2021,83.06,86.355,82.1,85.71,1.4,1.66,1663900.0
03/16/2021,87.55,88.54,83.6,84.31,-2.0,-2.32,1990300.0
03/15/2021,86.7,86.88,85.41,86.31,0.6,0.7,1779900.0
03/12/2021,86.72,87.4,84.72,85.71,-2.68,-3.03,1505000.0
03/11/2021,87.98,89.69,87.47,88.39,2.84,3.32,1526900.0
03/10/2021,90.74,90.785,84.45,85.55,-3.22,-3.63,1775900.0
03/09/2021,85.1,89.265,83.995,88.77,6.88,8.4,3140900.0
03/08/2021,86.39,87.29,81.75,81.89,-1.25,-1.5,2067500.0
03/05/2021,86.08,86.46,78.73,83.14,-2.47,-2.89,3522300.0
03/04/2021,87.88,90.0,84.28,85.61,-2.19,-2.49,2321900.0
03/03/2021,93.21,93.65,87.05,87.8,-5.34,-5.73,2048400.0
03/02/2021,97.0,97.22,92.62,93.14,-3.04,-3.16,2851300.0
03/01/2021,97.39,98.6234,95.7,96.18,0.58,0.61,1735300.0
02/26/2021,97.87,98.99,93.64,95.6,-1.22,-1.26,1870100.0
02/25/2021,101.66,102.9999,96.12,96.82,-4.87,-4.79,1945100.0
02/24/2021,102.93,103.095,99.4,101.69,-0.74,-0.72,2281000.0
02/23/2021,102.55,103.9,98.13,102.43,-3.08,-2.92,2580900.0
02/22/2021,108.63,109.32,104.55,105.51,-6.9,-6.14,2760500.0
02/19/2021,112.6,112.9999,110.33,112.41,0.79,0.71,1199300.0
02/18/2021,110.22,112.165,109.23,111.62,-0.11,-0.1,1622800.0
02/17/2021,114.14,114.41,110.51,111.73,-3.35,-2.91,2415200.0
02/16/2021,119.75,119.76,114.03,115.08,-3.15,-2.66,1866200.0
02/12/2021,117.63,119.28,114.388,118.23,1.29,1.1,1620300.0
02/11/2021,117.71,118.08,115.27,116.94,0.58,0.5,2227000.0
02/10/2021,123.0,124.5,115.5641,116.36,-22.3,-16.08,7890400.0
02/09/2021,135.6,140.3588,134.31,138.66,2.67,1.96,2061600.0
02/08/2021,134.12,138.85,134.12,135.99,2.69,2.02,1598000.0
02/05/2021,132.0,134.39,130.62,133.3,1.98,1.51,917800.0
02/04/2021,129.49,131.5667,128.09,131.32,2.64,2.05,735000.0
02/03/2021,129.37,130.0,126.9,128.68,-0.83,-0.64,781300.0
02/02/2021,126.5,129.83,124.34,129.51,2.87,2.27,1033600.0
02/01/2021,126.68,128.75,123.85,126.64,0.59,0.47,689900.0
01/29/2021,125.4,128.28,124.03,126.05,0.08,0.06,1065100.0
01/28/2021,124.31,127.85,123.525,125.97,1.07,0.86,1096200.0
01/27/2021,120.26,125.84,116.41,124.9,2.4,1.96,1359200.0
01/26/2021,122.96,124.88,121.7575,122.5,-0.35,-0.28,769800.0
01/25/2021,127.0,129.11,120.51,122.85,-2.98,-2.37,913600.0
01/22/2021,124.39,126.65,123.789,125.83,1.83,1.48,564700.0
01/21/2021,125.6,125.6,122.75,124.0,-1.28,-1.02,652300.0
01/20/2021,127.71,127.71,124.61,125.28,0.84,0.68,1059100.0
01/19/2021,121.17,125.75,119.06,124.44,3.79,3.14,1352500.0
01/15/2021,123.3,125.8,119.65,120.65,-2.75,-2.23,1146600.0
01/14/2021,120.0,128.57,119.44,123.4,8.19,7.11,2674300.0
01/13/2021,114.25,115.92,112.7331,115.21,0.87,0.76,958400.0
01/12/2021,114.0,115.74,111.8425,114.34,0.98,0.86,1095900.0
01/11/2021,115.2,115.2,112.4,113.36,-3.14,-2.7,1132400.0
01/08/2021,117.52,119.79,116.01,116.5,0.1,0.09,1175600.0
01/07/2021,110.26,117.0,110.26,116.4,7.17,6.56,1521800.0
01/06/2021,112.0,112.04,109.0701,109.23,-3.61,-3.2,1760100.0
01/05/2021,111.0,114.04,110.1101,112.84,1.68,1.51,1796000.0
01/04/2021,112.22,115.06,109.52,111.16,-10.63,-8.73,4293900.0
12/31/2020,123.65,124.0,120.83,121.79,-2.03,-1.64,851400.0
12/30/2020,123.04,124.55,122.5324,123.82,1.49,1.22,732600.0
12/29/2020,126.79,127.25,120.62,122.33,-2.89,-2.31,1307300.0
12/28/2020,130.57,131.65,123.93,125.22,-3.72,-2.89,1062600.0
12/24/2020,130.3,131.16,127.4403,128.94,-1.1,-0.85,557500.0
12/23/2020,133.78,134.0,129.695,130.04,-2.36,-1.78,1198700.0
12/22/2020,129.5,133.9,127.535,132.4,3.59,2.79,1716500.0
12/21/2020,123.95,131.1,123.95,128.81,1.82,1.43,1475200.0
12/18/2020,128.06,129.47,125.56,126.99,-0.87,-0.68,1379900.0
12/17/2020,125.0,128.4707,123.09,127.86,3.83,3.09,1320300.0
12/16/2020,120.82,126.58,120.68,124.03,4.26,3.56,1615300.0
12/15/2020,119.72,121.24,118.35,119.77,0.63,0.53,2335200.0
12/14/2020,117.83,120.4408,117.0,119.14,1.13,0.96,1186500.0
12/11/2020,117.29,119.55,115.67,118.01,0.41,0.35,963300.0
12/10/2020,117.81,119.79,116.93,117.6,-0.2,-0.17,1041300.0
12/09/2020,120.71,121.14,116.4,117.8,-3.17,-2.62,1404300.0
12/08/2020,118.89,121.98,117.29,120.97,3.02,2.56,1462400.0
12/07/2020,118.99,120.59,117.5801,117.95,-0.29,-0.25,1044900.0
12/04/2020,117.5,118.7,116.76,118.24,1.48,1.27,1165800.0
12/03/2020,117.49,119.0,116.41,116.76,-1.55,-1.31,1508500.0
12/02/2020,114.63,119.27,112.8,118.31,2.3,1.98,1488600.0
12/01/2020,115.45,117.29,114.24,116.01,-3.83,-3.2,2389200.0
11/30/2020,119.5,120.69,115.0394,119.84,0.39,0.33,1147400.0
11/27/2020,119.37,122.9699,119.001,119.45,2.07,1.76,951400.0
11/25/2020,113.77,119.73,113.55,117.38,5.38,4.8,1576300.0
11/24/2020,113.5,113.89,111.22,112.0,-1.08,-0.96,1582200.0
11/23/2020,117.41,117.93,112.1,113.08,-3.92,-3.35,1783100.0
11/20/2020,115.5,118.36,114.3,117.0,1.72,1.49,1271200.0
11/19/2020,112.2,115.85,111.941,115.28,3.09,2.75,977000.0
11/18/2020,113.5,116.0,111.06,112.19,-1.25,-1.1,968100.0
11/17/2020,109.87,113.77,108.99,113.44,3.92,3.58,1518100.0
11/16/2020,110.2,111.41,108.02,109.52,-1.45,-1.31,2851400.0
11/13/2020,115.0,115.53,110.77,110.97,-2.42,-2.13,1486700.0
11/12/2020,115.16,117.54,113.07,113.39,-1.77,-1.54,1259500.0
11/11/2020,111.7,115.48,110.1636,115.16,5.26,4.79,1495600.0
11/10/2020,115.0,115.29,108.3,109.9,-5.31,-4.61,2615700.0
11/09/2020,116.46,120.73,114.5379,115.21,-0.21,-0.18,2511500.0
11/06/2020,129.49,129.49,115.25,115.42,-29.25,-20.22,6859600.0
11/05/2020,139.62,145.41,136.86,144.67,9.0,6.63,1673300.0
11/04/2020,134.07,138.39,133.105,135.67,7.47,5.83,1264100.0
11/03/2020,123.8,129.41,123.8,128.2,5.95,4.87,747800.0
11/02/2020,125.78,127.72,121.27,122.25,-3.1,-2.47,1186800.0
10/30/2020,133.53,134.62,123.98,125.35,-9.1,-6.77,1611100.0
10/29/2020,136.3,136.82,132.57,134.45,-1.62,-1.19,804000.0
10/28/2020,140.33,140.88,135.74,136.07,-6.77,-4.74,834500.0
10/27/2020,138.59,143.43,138.59,142.84,5.25,3.82,763700.0
10/26/2020,137.78,139.74,134.6,137.59,-1.23,-0.89,1237200.0
10/23/2020,136.94,138.89,134.39,138.82,2.52,1.85,744100.0
10/22/2020,136.68,139.67,134.0,136.3,-0.92,-0.67,2027200.0
10/21/2020,139.4,141.32,136.2985,137.22,-2.31,-1.66,754600.0
10/20/2020,141.65,143.41,139.27,139.53,-0.85,-0.61,645800.0
10/19/2020,140.81,144.436,139.99,140.38,0.24,0.17,1177500.0
10/16/2020,142.0,143.4899,139.98,140.14,0.95,0.68,734600.0
10/15/2020,138.97,141.561,137.5601,139.19,-2.52,-1.78,1299700.0
10/14/2020,144.01,145.88,140.72,141.71,-2.25,-1.56,1253200.0
10/13/2020,146.1,149.69,143.82,143.96,-3.4,-2.31,2183300.0
10/12/2020,153.9,154.83,147.2,147.36,-4.61,-3.03,1898100.0
10/09/2020,148.2,153.86,147.06,151.97,5.05,3.44,1335200.0
10/08/2020,146.84,154.0124,146.1201,146.92,3.24,2.26,2408900.0
10/07/2020,145.06,147.5,142.3,143.68,-2.28,-1.56,2410500.0
10/06/2020,139.0,148.0,137.4,145.96,32.08,28.17,1.14276E+7
10/05/2020,113.65,115.7812,111.7373,113.88,0.79,0.7,3109900.0
10/02/2020,114.03,117.86,112.5,113.09,-4.5,-3.83,1198900.0
10/01/2020,115.28,118.35,113.14,117.59,4.04,3.56,1317000.0
09/30/2020,112.8,116.0,112.34,113.55,-0.25,-0.22,1406300.0
09/29/2020,113.6,114.5,112.52,113.8,0.11,0.1,945900.0
09/28/2020,113.0,114.77,110.9,113.69,1.79,1.6,1036300.0
09/25/2020,107.27,112.075,105.99,111.9,5.36,5.03,1105000.0
09/24/2020,106.48,107.71,103.5,106.54,0.83,0.79,1366000.0
09/23/2020,111.37,111.37,105.5,105.71,-4.83,-4.37,1117300.0
09/22/2020,111.05,112.05,107.1,110.54,0.23,0.21,949600.0
09/21/2020,105.74,110.76,104.5,110.31,2.38,2.21,1351000.0
09/18/2020,108.17,109.2,105.1,107.93,0.74,0.69,949700.0
09/17/2020,106.99,108.0,104.757,107.19,-1.3,-1.2,1451900.0
09/16/2020,111.14,111.34,107.83,108.49,-2.32,-2.09,1356200.0
09/15/2020,108.0,111.5,107.605,110.81,4.72,4.45,1069300.0
09/14/2020,108.71,110.44,105.99,106.09,-1.2,-1.12,1753700.0
09/11/2020,110.53,111.0,105.38,107.29,-1.91,-1.75,1271900.0
09/10/2020,112.85,114.12,108.8144,109.2,-2.96,-2.64,1478400.0
09/09/2020,113.02,113.4915,108.5,112.16,1.97,1.79,1366200.0
09/08/2020,107.0,112.89,106.21,110.19,-1.38,-1.24,1858700.0
09/04/2020,115.0,116.9,103.92,111.57,-5.42,-4.63,2830300.0
09/03/2020,122.99,123.645,114.01,116.99,-8.96,-7.11,2532400.0
09/02/2020,123.8,126.28,119.82,125.95,4.1,3.36,1881900.0
09/01/2020,121.24,124.13,119.931,121.85,1.02,0.84,1508900.0
08/31/2020,120.98,122.31,118.91,120.83,-0.16,-0.13,1618500.0
08/28/2020,125.23,126.0,120.331,120.99,-4.08,-3.26,2525500.0
08/27/2020,118.99,126.31,116.85,125.07,5.5,4.6,5503600.0
08/26/2020,111.0,120.91,110.51,119.57,10.54,9.67,5573400.0
08/25/2020,108.91,110.44,107.9,109.03,-0.93,-0.85,1877500.0
08/24/2020,112.0,112.545,108.53,109.96,-1.86,-1.66,3933200.0
08/21/2020,113.6,114.97,110.71,111.82,-1.96,-1.72,1847200.0
08/20/2020,110.3,114.25,110.11,113.78,3.29,2.98,2395600.0
08/19/2020,113.87,114.47,110.09,110.49,-3.24,-2.85,2110000.0
08/18/2020,117.0,117.81,111.7896,113.73,-0.94,-0.82,2656500.0
08/17/2020,111.39,115.215,110.61,114.67,4.77,4.34,3325600.0
08/14/2020,112.0,112.624,108.62,109.9,-0.44,-0.4,1926700.0
08/13/2020,109.04,110.87,107.7,110.34,2.55,2.37,2507500.0
08/12/2020,112.55,116.0,107.1,107.79,-2.95,-2.66,4942500.0
08/11/2020,108.51,116.2,106.51,110.74,1.51,1.38,6001500.0
08/10/2020,118.61,119.14,107.52,109.23,-12.15,-10.01,1.00949E+7
08/07/2020,130.1,130.5,117.35,121.38,-47.62,-28.18,1.72498E+7
08/06/2020,177.2,178.09,168.7,169.0,-9.66,-5.41,2684200.0
08/05/2020,176.0,181.08,174.52,178.66,2.38,1.35,940600.0
08/04/2020,177.05,179.89,175.23,176.28,-1.29,-0.73,810600.0
08/03/2020,177.45,179.5,171.7066,177.57,2.08,1.19,1152900.0
07/31/2020,175.36,176.03,169.9001,175.49,2.0,1.15,832200.0
07/30/2020,168.17,175.28,168.11,173.49,1.22,0.71,1201500.0
07/29/2020,169.04,174.3926,168.89,172.27,7.16,4.34,804300.0
07/28/2020,167.35,169.15,164.9,165.11,-1.6,-0.96,436900.0
07/27/2020,166.15,167.78,162.88,166.71,4.11,2.53,615600.0
07/24/2020,160.0,164.8161,157.56,162.6,-0.76,-0.47,812800.0
07/23/2020,168.16,173.555,161.33,163.36,-4.8,-2.85,1112500.0
07/22/2020,169.26,172.508,166.8,168.16,-0.35,-0.21,682700.0
07/21/2020,174.0,174.0,166.3254,168.51,-3.08,-1.79,945800.0
07/20/2020,163.0,171.97,162.4069,171.59,9.78,6.04,840300.0
07/17/2020,160.38,162.56,157.56,161.81,3.13,1.97,672400.0
07/16/2020,162.0,162.93,155.1,158.68,-3.77,-2.32,1176700.0
07/15/2020,164.0,165.955,159.01,162.45,-2.69,-1.63,1049000.0
07/14/2020,160.01,165.27,153.72,165.14,3.9,2.42,1530500.0
07/13/2020,178.29,180.27,159.535,161.24,-16.78,-9.43,2273600.0
07/10/2020,183.31,183.92,177.09,178.02,-3.96,-2.18,1018500.0
07/09/2020,184.24,185.75,176.4,181.98,2.29,1.27,1195400.0
07/08/2020,175.85,180.17,173.91,179.69,6.08,3.5,988800.0
07/07/2020,170.68,179.24,170.0,173.61,1.94,1.13,851900.0
07/06/2020,177.0,179.13,170.58,171.67,-2.25,-1.29,1123800.0
07/02/2020,177.6,179.39,173.69,173.92,-1.3,-0.74,1143500.0
07/01/2020,164.35,176.94,163.41,175.22,10.94,6.66,1869300.0
06/30/2020,160.12,166.4334,158.68,164.28,3.79,2.36,2178700.0
06/29/2020,162.97,163.31,156.55,160.49,-1.93,-1.19,947900.0
06/26/2020,165.3,166.6,158.4,162.42,-1.83,-1.11,1484000.0
06/25/2020,160.67,164.56,157.6107,164.25,5.96,3.77,1011100.0
06/24/2020,162.64,165.46,153.22,158.29,-5.22,-3.19,1640700.0
06/23/2020,167.9,168.01,162.19,163.51,-3.13,-1.88,1490200.0
06/22/2020,165.95,168.5595,162.62,166.64,3.08,1.88,1678000.0
06/19/2020,164.23,168.3799,160.53,163.56,2.78,1.73,1937100.0
06/18/2020,152.98,162.9,152.27,160.78,9.79,6.48,2282100.0
06/17/2020,147.55,155.71,146.5501,150.99,5.3,3.64,2001500.0
06/16/2020,145.42,148.15,141.4431,145.69,2.75,1.92,1467100.0
06/15/2020,137.86,144.5,137.13,142.94,1.81,1.28,1357400.0
06/12/2020,141.67,144.94,136.53,141.13,3.93,2.86,968500.0
06/11/2020,141.42,145.85,134.91,137.2,-8.9,-6.09,1776900.0
06/10/2020,141.13,146.86,140.33,146.1,6.98,5.02,1364100.0
06/09/2020,141.8,143.85,138.92,139.12,-3.94,-2.75,972200.0
06/08/2020,137.0,143.71,134.33,143.06,6.45,4.72,1603300.0
06/05/2020,133.1,136.73,127.26,136.61,0.85,0.63,1907700.0
06/04/2020,141.0,142.51,135.055,135.76,-6.93,-4.86,1572400.0
06/03/2020,144.44,145.86,141.14,142.69,-1.3,-0.9,1079300.0
06/02/2020,146.78,148.27,141.5,143.99,-2.07,-1.42,1005100.0
06/01/2020,143.23,147.4773,142.8,146.06,2.12,1.47,888900.0
05/29/2020,140.01,144.39,138.111,143.94,4.11,2.94,985300.0
05/28/2020,135.8,143.49,135.111,139.83,3.79,2.79,1214000.0
05/27/2020,140.97,141.5,127.57,136.04,-7.31,-5.1,3101400.0
05/26/2020,151.24,151.5,141.6901,143.35,-5.25,-3.53,1937600.0
05/22/2020,144.99,150.349,143.8503,148.6,5.88,4.12,1275900.0
05/21/2020,141.0,144.8,140.31,142.72,1.85,1.31,1225600.0
05/20/2020,140.5,144.89,139.25,140.87,3.34,2.43,1379700.0
05/19/2020,135.56,140.35,134.13,137.53,8.57,6.65,2412800.0
05/18/2020,133.0,136.49,127.62,128.96,-0.99,-0.76,1924600.0
05/15/2020,123.68,130.05,122.22,129.95,4.45,3.55,1767600.0
05/14/2020,120.0,125.5,118.35,125.5,3.33,2.73,1562700.0
05/13/2020,127.12,127.88,117.7,122.17,-5.11,-4.01,2358500.0
05/12/2020,130.0,133.41,125.34,127.28,-1.12,-0.87,2106300.0
05/11/2020,128.27,133.46,127.01,128.4,-2.25,-1.72,2090600.0
05/08/2020,118.1,131.31,114.0,130.65,11.69,9.83,3401900.0
05/07/2020,115.0,120.39,110.2,118.96,-3.54,-2.89,6403700.0
05/06/2020,117.94,125.47,117.25,122.5,6.44,5.55,3087700.0
05/05/2020,112.05,118.2799,112.01,116.06,5.3,4.79,1460900.0
05/04/2020,103.84,111.3,103.59,110.76,5.01,4.74,1538500.0
05/01/2020,109.24,111.84,103.65,105.75,-7.43,-6.56,2325200.0
04/30/2020,113.0,118.35,112.32,113.18,-0.17,-0.15,1341900.0
04/29/2020,110.64,115.52,106.78,113.35,5.02,4.63,1861200.0
04/28/2020,116.38,116.72,108.25,108.33,-5.69,-4.99,1578200.0
04/27/2020,114.71,115.9,113.04,114.02,1.48,1.32,1009400.0
04/24/2020,113.36,114.0,109.06,112.54,0.65,0.58,1289300.0
04/23/2020,110.0,115.83,109.0,111.89,-4.16,-3.58,1680200.0
04/22/2020,115.0,118.8865,114.5,116.05,4.82,4.33,1095400.0
04/21/2020,122.43,125.0,108.13,111.23,-13.63,-10.92,2840300.0
04/20/2020,119.78,128.9799,118.09,124.86,3.54,2.92,1395500.0
04/17/2020,121.8,122.37,117.56,121.32,3.82,3.25,1113100.0
04/16/2020,122.63,124.4699,115.86,117.5,-1.01,-0.85,1564500.0
04/15/2020,115.41,119.33,113.08,118.51,-1.05,-0.88,1295700.0
04/14/2020,115.11,122.33,115.07,119.56,10.26,9.39,2523000.0
04/13/2020,108.83,110.9691,105.26,109.3,1.38,1.28,1663100.0
04/09/2020,100.69,112.99,100.69,107.92,10.98,11.33,3450200.0
04/08/2020,91.0,98.5,89.52,96.94,7.71,8.64,1750400.0
04/07/2020,95.66,96.3799,89.08,89.23,-0.67,-0.75,2593700.0
04/06/2020,86.54,90.73,85.5,89.9,8.16,9.98,2138500.0
04/03/2020,85.0,86.05,79.9,81.74,-1.76,-2.11,2340000.0
04/02/2020,87.78,89.77,80.6901,83.5,-5.06,-5.71,3249900.0
04/01/2020,89.16,92.74,87.0,88.56,-6.61,-6.95,1822100.0
03/31/2020,95.0,100.54,93.52,95.17,-0.73,-0.76,2360500.0
03/30/2020,94.75,96.45,91.32,95.9,2.56,2.74,1743100.0
03/27/2020,97.11,97.16,90.9,93.34,-7.71,-7.63,2418800.0
03/26/2020,98.05,104.4,94.1,101.05,4.83,5.02,2031200.0
03/25/2020,104.31,106.78,95.64,96.22,-7.03,-6.81,2203600.0
03/24/2020,98.81,107.37,98.0,103.25,10.54,11.37,2533500.0
03/23/2020,96.48,96.98,86.0,92.71,-3.07,-3.21,2125800.0
03/20/2020,101.0,108.2,93.53,95.78,-2.45,-2.49,2817600.0
03/19/2020,86.03,99.572,84.8092,98.23,11.59,13.38,2353100.0
03/18/2020,78.36,90.5,78.11,86.64,1.76,2.07,2980300.0
03/17/2020,84.0,92.4,75.17,84.88,3.9,4.82,3084300.0
03/16/2020,85.0,97.175,80.0,80.98,-22.21,-21.52,3173400.0
03/13/2020,101.13,103.57,87.87,103.19,7.84,8.22,3413100.0
03/12/2020,99.0,101.43,90.0,95.35,-13.19,-12.15,2685800.0
03/11/2020,114.68,117.45,105.02,108.54,-9.81,-8.29,2619400.0
03/10/2020,116.0,118.56,111.0,118.35,7.84,7.09,2372100.0
03/09/2020,120.77,126.01,109.4101,110.51,-23.68,-17.65,4549200.0
03/06/2020,146.0,147.12,131.22,134.19,-15.49,-10.35,2475000.0
03/05/2020,142.75,150.4,142.3785,149.68,4.92,3.4,2229500.0
03/04/2020,145.75,147.22,141.43,144.76,3.02,2.13,1309300.0
03/03/2020,146.0,148.4246,136.23,141.74,-3.43,-2.36,2093900.0
03/02/2020,142.61,145.24,137.55,145.17,5.55,3.98,2156000.0
02/28/2020,127.53,139.76,127.53,139.62,6.68,5.02,2311600.0
02/27/2020,129.5,139.24,126.74,132.94,-3.84,-2.81,2013700.0
02/26/2020,133.05,140.1,132.81,136.78,4.09,3.08,1883900.0
02/25/2020,135.59,138.1493,129.52,132.69,-0.95,-0.71,2024900.0
02/24/2020,125.92,136.0,124.67,133.64,-4.13,-3.0,2784400.0
02/21/2020,146.01,146.94,136.905,137.77,-9.31,-6.33,2851400.0
02/20/2020,153.15,154.95,143.3,147.08,-6.18,-4.03,2498800.0
02/19/2020,156.63,157.89,150.75,153.26,-3.38,-2.16,2137300.0
02/18/2020,157.22,160.11,153.66,156.64,-1.36,-0.86,1674100.0
02/14/2020,148.0,158.62,146.25,158.0,13.7,9.49,3980900.0
02/13/2020,145.61,147.9499,143.62,144.3,-2.22,-1.52,2565200.0
02/12/2020,143.1,146.545,140.105,146.52,4.19,2.94,1279000.0
02/11/2020,143.68,144.49,141.22,142.33,-0.61,-0.43,1250900.0
02/10/2020,137.27,143.1,137.27,142.94,5.26,3.82,942400.0
02/07/2020,137.07,139.23,135.45,137.68,1.44,1.06,697700.0
02/06/2020,135.53,139.66,130.5,136.24,1.03,0.76,1888300.0
02/05/2020,145.03,145.47,133.35,135.21,-9.71,-6.7,1897500.0
02/04/2020,143.51,145.62,142.4,144.92,5.35,3.83,1403300.0
02/03/2020,139.95,140.56,136.28,139.57,0.1,0.07,1750500.0
01/31/2020,143.44,144.5,138.0,139.47,-4.11,-2.86,1927600.0
01/30/2020,141.0,144.61,140.41,143.58,2.17,1.53,1379600.0
01/29/2020,140.58,142.89,137.8101,141.41,2.0,1.43,1177600.0
01/28/2020,135.27,140.2097,134.7,139.41,4.86,3.61,1119200.0
01/27/2020,128.19,137.07,126.68,134.55,-0.13,-0.1,1619300.0
01/24/2020,135.34,138.74,132.01,134.68,1.53,1.15,1416200.0
01/23/2020,131.8,133.5999,130.51,133.15,1.4,1.06,849300.0
01/22/2020,127.26,133.62,127.09,131.75,5.53,4.38,1502400.0
01/21/2020,126.0,128.2,125.3125,126.22,0.15,0.12,926300.0
01/17/2020,127.21,127.73,124.865,126.07,0.06,0.05,1114500.0
01/16/2020,124.44,127.5,123.38,126.01,2.41,1.95,1372900.0
01/15/2020,120.0,127.63,119.97,123.6,3.23,2.68,1806800.0
01/14/2020,120.88,122.46,116.58,120.37,-0.54,-0.45,1518100.0
01/13/2020,121.52,122.29,120.0,120.91,1.02,0.85,1786200.0
01/10/2020,120.88,122.245,118.27,119.89,0.78,0.65,1368100.0
01/09/2020,116.26,119.42,115.72,119.11,3.97,3.45,1611500.0
01/08/2020,111.87,117.2494,111.33,115.14,3.13,2.79,1530300.0
01/07/2020,108.76,112.53,107.25,112.01,3.32,3.05,1412700.0
01/06/2020,105.0,109.9,104.3,108.69,1.86,1.74,1764000.0
01/03/2020,104.2,107.04,103.41,106.83,1.83,1.74,1303000.0
01/02/2020,101.48,105.84,101.43,105.0,4.93,4.93,1549000.0
12/31/2019,98.2,100.285,98.2,100.07,0.94,0.95,893100.0
12/30/2019,102.45,102.48,97.28,99.13,-3.71,-3.61,1478100.0
12/27/2019,103.99,104.175,101.61,102.84,-0.61,-0.59,733200.0
12/26/2019,102.69,104.8,102.69,103.45,0.88,0.86,585900.0
12/24/2019,102.59,103.13,101.04,102.57,-0.31,-0.3,470700.0
12/23/2019,100.94,103.25,100.5,102.88,2.09,2.07,991600.0
12/20/2019,100.92,101.24,99.2704,100.79,0.58,0.58,1135100.0
12/19/2019,100.35,100.99,98.56,100.21,0.21,0.21,1100100.0
12/18/2019,97.43,100.81,97.43,100.0,2.6,2.67,1235800.0
12/17/2019,99.12,99.2,94.23,97.4,-1.71,-1.73,1650100.0
12/16/2019,95.54,99.73,95.54,99.11,3.58,3.75,1605100.0
12/13/2019,93.91,97.0,93.61,95.53,0.9,0.95,1632100.0
12/12/2019,99.01,99.24,93.18,94.63,-3.78,-3.84,3949000.0
12/11/2019,107.04,107.19,94.89,98.41,-9.2,-8.55,7457500.0
12/10/2019,108.69,109.35,106.95,107.61,-0.4,-0.37,698900.0
12/09/2019,107.2,109.45,106.47,108.01,-0.09,-0.08,904700.0
12/06/2019,112.16,112.82,107.624,108.1,-3.37,-3.02,1732900.0
12/05/2019,110.85,111.8395,108.82,111.47,0.54,0.49,1627200.0
12/04/2019,108.73,111.42,107.34,110.93,2.26,2.08,1607600.0
12/03/2019,100.76,109.21,100.02,108.67,0.84,0.78,1765400.0
12/02/2019,112.84,113.26,103.58,107.83,-5.7,-5.02,3287600.0
11/29/2019,110.92,113.53,110.37,113.53,2.34,2.1,913400.0
11/27/2019,111.98,112.0,108.88,111.19,0.35,0.32,1104800.0
11/26/2019,107.45,110.85,107.11,110.84,3.57,3.33,1800700.0
11/25/2019,105.82,107.35,104.62,107.27,1.91,1.81,1267500.0
11/22/2019,103.37,105.86,102.27,105.36,2.12,2.05,1129900.0
11/21/2019,106.74,108.2,102.24,103.24,-3.24,-3.04,1718700.0
11/20/2019,104.25,108.75,103.25,106.48,2.25,2.16,2748700.0
11/19/2019,98.53,104.91,98.27,104.23,5.8,5.89,2147000.0
11/18/2019,97.2,100.38,95.6506,98.43,1.01,1.04,1358300.0
11/15/2019,95.41,97.44,94.08,97.42,3.19,3.39,1087900.0
11/14/2019,93.25,94.47,93.015,94.23,0.77,0.82,1024000.0
11/13/2019,94.32,95.0,92.6,93.46,-1.04,-1.1,1324200.0
11/12/2019,94.29,96.06,94.01,94.5,0.45,0.48,1262100.0
11/11/2019,92.47,94.2,91.42,94.05,1.05,1.13,925900.0
11/08/2019,91.5,93.85,90.62,93.0,1.34,1.46,1193500.0
11/07/2019,92.6,93.49,90.91,91.66,-1.57,-1.68,1373200.0
11/06/2019,92.86,94.82,92.25,93.23,-0.22,-0.24,1252100.0
11/05/2019,95.29,96.36,90.7,93.45,-1.86,-1.95,2501400.0
11/04/2019,100.87,102.42,94.45,95.31,-3.97,-4.0,3173600.0
11/01/2019,91.0,101.8,86.56,99.28,7.78,8.5,4540900.0
10/31/2019,95.86,96.7,91.32,91.5,-5.45,-5.62,3167700.0
10/30/2019,93.9,98.82,93.6501,96.95,4.56,4.94,2168100.0
10/29/2019,93.8,94.1,92.34,92.39,-1.55,-1.65,981300.0
10/28/2019,94.0,95.61,92.8,93.94,0.67,0.72,1363400.0
10/25/2019,91.49,93.41,88.52,93.27,0.71,0.77,1851900.0
10/24/2019,93.94,98.33,92.0901,92.56,3.23,3.62,2511700.0
10/23/2019,87.68,93.57,87.68,89.33,1.91,2.18,2798100.0
10/22/2019,93.53,94.42,86.0,87.42,-5.45,-5.87,3560600.0
10/21/2019,95.41,96.3,90.89,92.87,-2.53,-2.65,2764600.0
10/18/2019,101.82,102.12,93.68,95.4,-7.26,-7.07,4017300.0
10/17/2019,104.0,105.87,102.16,102.66,-0.51,-0.49,1201200.0
10/16/2019,109.0,109.8,101.49,103.17,-9.06,-8.07,2680100.0
10/15/2019,114.01,115.9,112.0,112.23,-1.82,-1.6,1492900.0
10/14/2019,112.35,115.21,111.7465,114.05,2.49,2.23,1531800.0
10/11/2019,111.28,113.79,111.11,111.56,1.78,1.62,1192800.0
10/10/2019,108.96,110.4605,108.3236,109.78,0.76,0.7,1133100.0
10/09/2019,108.84,109.69,105.79,109.02,1.32,1.23,1279600.0
10/08/2019,114.3,115.83,107.54,107.7,-8.05,-6.95,1849000.0
10/07/2019,114.0,116.43,112.14,115.75,5.06,4.57,1817200.0
10/04/2019,111.08,113.15,109.495,110.69,-0.22,-0.2,1083300.0
10/03/2019,104.52,111.42,103.22,110.91,6.81,6.54,2113600.0
10/02/2019,106.06,106.9,101.77,104.1,-2.87,-2.68,1349700.0
10/01/2019,107.27,109.34,105.8006,106.97,-0.46,-0.43,1058900.0
09/30/2019,106.02,108.45,104.3331,107.43,1.25,1.18,1443600.0
09/27/2019,111.0,112.34,104.0,106.18,-4.86,-4.38,1701500.0
09/26/2019,110.44,112.19,108.0247,111.04,0.84,0.76,1319300.0
09/25/2019,111.95,112.58,105.65,110.2,-2.65,-2.35,2714100.0
09/24/2019,118.5,120.0,112.71,112.85,-5.38,-4.55,1770000.0
09/23/2019,119.5,119.79,117.1702,118.23,0.27,0.23,899200.0
09/20/2019,118.0,120.99,116.06,117.96,0.72,0.61,1887600.0
09/19/2019,116.5,118.8,115.03,117.24,0.81,0.7,1487600.0
09/18/2019,117.85,118.17,113.46,116.43,-0.9,-0.77,1870300.0
09/17/2019,115.8,117.85,113.535,117.33,3.44,3.02,2031300.0
09/16/2019,110.97,115.0,110.52,113.89,1.72,1.53,2289000.0
09/13/2019,114.9,117.3895,111.55,112.17,-1.83,-1.61,2228700.0
09/12/2019,116.32,120.18,113.81,114.0,-0.85,-0.74,2849600.0
09/11/2019,115.56,118.9,113.31,114.85,-1.1,-0.95,2409000.0
09/10/2019,118.0,119.99,113.9833,115.95,-4.53,-3.76,3582200.0
09/09/2019,142.0,142.0,119.71,120.48,-21.59,-15.2,4974200.0
09/06/2019,147.0,147.79,141.52,142.07,-5.12,-3.48,1204800.0
09/05/2019,146.53,147.24,142.59,147.19,2.07,1.43,1401100.0
09/04/2019,143.64,146.79,143.25,145.12,2.23,1.56,1125500.0
09/03/2019,141.81,143.95,140.81,142.89,0.44,0.31,1061300.0
08/30/2019,144.75,144.78,138.6061,142.45,-1.52,-1.06,927000.0
08/29/2019,143.2,144.9659,140.3,143.97,2.05,1.44,893400.0
08/28/2019,140.85,142.37,137.47,141.92,-0.18,-0.13,1011400.0
08/27/2019,140.93,143.56,138.23,142.1,2.16,1.54,812900.0
08/26/2019,140.28,140.43,135.62,139.94,0.91,0.65,973100.0
08/23/2019,142.3,144.67,138.25,139.03,-3.27,-2.3,1117300.0
08/22/2019,142.74,144.34,139.62,142.3,-0.35,-0.25,1137200.0
08/21/2019,138.25,143.13,136.88,142.65,6.95,5.12,1568100.0
08/20/2019,132.34,136.31,131.65,135.7,3.47,2.62,753500.0
08/19/2019,135.15,136.0,131.575,132.23,-1.54,-1.15,1111400.0
08/16/2019,132.69,134.75,131.36,133.77,2.52,1.92,753000.0
08/15/2019,132.56,134.38,129.5,131.25,-0.68,-0.52,1248400.0
08/14/2019,132.51,133.82,128.85,131.93,-3.4,-2.51,1450300.0
08/13/2019,131.54,136.34,129.67,135.33,4.25,3.24,1865000.0
08/12/2019,130.01,132.62,128.51,131.08,-0.01,-0.01,978600.0
08/09/2019,132.13,135.0,130.57,131.09,-1.77,-1.33,1352800.0
08/08/2019,129.0,132.97,126.33,132.86,6.62,5.24,2395600.0
08/07/2019,121.23,129.26,120.45,126.24,0.89,0.71,1480200.0
08/06/2019,126.38,129.49,123.23,125.35,-0.3,-0.24,1010400.0
08/05/2019,125.24,127.62,122.86,125.65,-4.51,-3.46,1802700.0
08/02/2019,130.36,131.18,128.01,130.16,-1.41,-1.07,1309800.0
08/01/2019,123.25,133.93,122.01,131.57,14.03,11.94,3198100.0
07/31/2019,120.05,121.86,114.25,117.54,-2.06,-1.72,1936800.0
07/30/2019,119.58,123.0625,119.0,119.6,-0.4,-0.33,1025000.0
07/29/2019,122.52,122.52,114.6876,120.0,-1.52,-1.25,1422500.0
07/26/2019,122.13,123.0,120.66,121.52,0.15,0.12,1145300.0
07/25/2019,120.54,122.8,119.55,121.37,0.76,0.63,801600.0
07/24/2019,116.07,121.255,115.25,120.61,4.21,3.62,1393500.0
07/23/2019,118.86,119.345,115.82,116.4,-1.38,-1.17,999000.0
07/22/2019,118.0,119.91,117.55,117.78,0.53,0.45,762600.0
07/19/2019,117.37,121.5,116.7126,117.25,1.25,1.08,811300.0
07/18/2019,116.27,117.6,114.45,116.0,-1.21,-1.03,598700.0
07/17/2019,115.07,118.06,114.49,117.21,2.67,2.33,681400.0
07/16/2019,116.78,117.28,114.235,114.54,-2.24,-1.92,596100.0
07/15/2019,115.0,117.7,113.81,116.78,1.78,1.55,1335500.0
07/12/2019,114.8,115.7508,113.47,115.0,0.49,0.43,641100.0
07/11/2019,117.95,118.26,113.13,114.51,-2.81,-2.4,1753900.0
07/10/2019,118.0,119.26,116.83,117.32,-0.13,-0.11,897900.0
07/09/2019,116.27,118.0526,115.21,117.45,0.69,0.59,845700.0
07/08/2019,115.19,117.9711,114.77,116.76,0.78,0.67,1113800.0
07/05/2019,114.06,116.5997,111.77,115.98,0.67,0.58,1427200.0
07/03/2019,111.97,115.6,111.87,115.31,3.87,3.47,1659700.0
07/02/2019,108.6,111.87,108.435,111.44,3.02,2.79,1254100.0
07/01/2019,110.96,111.89,105.7504,108.42,-0.7,-0.64,1054900.0
06/28/2019,109.21,109.84,107.9145,109.12,1.59,1.48,4231100.0
06/27/2019,106.32,108.66,105.85,107.53,2.01,1.9,679500.0
06/26/2019,105.66,106.8,103.3126,105.52,1.4,1.34,799200.0
06/25/2019,106.5,107.1293,103.37,104.12,-2.09,-1.97,910700.0
06/24/2019,108.56,108.585,104.48,106.21,-1.81,-1.68,981500.0
06/21/2019,109.5,110.0,106.69,108.02,-1.96,-1.78,1072800.0
06/20/2019,110.5,111.89,108.21,109.98,0.93,0.85,1148200.0
06/19/2019,107.45,109.21,105.25,109.05,2.69,2.53,751900.0
06/18/2019,107.63,109.5014,106.15,106.36,-0.28,-0.26,1055900.0
06/17/2019,105.06,107.99,104.35,106.64,2.53,2.43,1000700.0
06/14/2019,102.48,104.79,100.35,104.11,1.98,1.94,1110600.0
06/13/2019,104.6,104.8288,101.96,102.13,-2.33,-2.23,1856300.0
06/12/2019,96.59,107.08,95.78,104.46,8.68,9.06,3107900.0
06/11/2019,98.2,99.85,93.71,95.78,-2.03,-2.08,1948000.0
06/10/2019,98.75,106.25,96.97,97.81,2.66,2.8,3025400.0
06/07/2019,92.84,99.81,92.84,95.15,3.93,4.31,2725200.0
06/06/2019,86.21,91.49,84.1184,91.22,4.55,5.25,1931900.0
06/05/2019,86.03,87.15,84.38,86.67,1.25,1.46,763600.0
06/04/2019,82.78,85.6,81.43,85.42,3.55,4.34,1306600.0
06/03/2019,87.01,87.73,80.68,81.87,-4.99,-5.74,1516200.0
05/31/2019,86.85,87.7802,85.5,86.86,-1.07,-1.22,1003700.0
05/30/2019,88.25,88.69,85.56,87.93,-0.18,-0.2,845200.0
05/29/2019,88.46,90.17,87.73,88.11,-1.13,-1.27,1124000.0
05/28/2019,86.66,90.7,86.58,89.24,2.95,3.42,1830900.0
05/24/2019,85.5,87.15,84.1716,86.29,1.26,1.48,1011800.0
05/23/2019,87.8,88.11,83.4,85.03,-4.17,-4.67,1116700.0
05/22/2019,89.15,91.44,89.0,89.2,-0.54,-0.6,892400.0
05/21/2019,88.99,89.9231,88.27,89.74,1.63,1.85,532900.0
05/20/2019,87.36,88.72,85.68,88.11,-0.29,-0.33,609200.0
05/17/2019,89.19,90.1963,88.13,88.4,-1.8,-2.0,601800.0
05/16/2019,88.99,90.8034,88.4988,90.2,2.16,2.45,1002300.0
05/15/2019,87.28,89.48,85.03,88.04,0.07,0.08,866400.0
05/14/2019,84.5,88.365,84.5,87.97,4.16,4.96,690100.0
05/13/2019,85.6,87.27,83.27,83.81,-4.7,-5.31,978700.0
05/10/2019,88.71,90.2299,85.8077,88.51,-0.34,-0.38,1077900.0
05/09/2019,86.61,89.11,85.07,88.85,1.37,1.57,1245700.0
05/08/2019,89.43,90.0,85.37,87.48,-2.57,-2.85,1792400.0
05/07/2019,92.06,92.955,88.6138,90.05,-2.31,-2.5,1339300.0
05/06/2019,94.63,98.9,91.06,92.36,-6.01,-6.11,2671200.0
05/03/2019,95.97,98.8,95.53,98.37,2.91,3.05,2848000.0
05/02/2019,87.94,98.85,87.01,95.46,7.95,9.08,3000800.0
05/01/2019,88.96,89.5399,86.18,87.51,-1.13,-1.27,1356300.0
04/30/2019,87.85,89.58,86.93,88.64,0.35,0.4,763800.0
04/29/2019,86.98,91.07,86.98,88.29,1.53,1.76,1301500.0
04/26/2019,85.57,87.24,84.49,86.76,1.2,1.4,660300.0
04/25/2019,87.29,89.625,85.16,85.56,-0.87,-1.01,1032400.0
04/24/2019,84.16,87.27,84.16,86.43,2.86,3.42,1266600.0
04/23/2019,83.85,85.149,83.0,83.57,-0.08,-0.1,608700.0
04/22/2019,80.79,84.1,80.34,83.65,2.78,3.44,525600.0
04/18/2019,81.85,82.56,79.16,80.87,-1.34,-1.63,725900.0
04/17/2019,83.5,83.5,80.42,82.21,-0.66,-0.8,572300.0
04/16/2019,84.95,85.25,82.18,82.87,-1.57,-1.86,550100.0
04/15/2019,83.1,85.56,83.0489,84.44,1.06,1.27,627700.0
04/12/2019,82.99,84.0,80.5,83.38,1.59,1.94,772400.0
04/11/2019,81.85,82.3,80.8268,81.79,0.25,0.31,422600.0
04/10/2019,80.87,83.09,80.66,81.54,0.88,1.09,544500.0
04/09/2019,80.78,82.2794,80.44,80.66,-0.55,-0.68,704500.0
04/08/2019,80.73,81.42,78.2821,81.21,0.01,0.01,738000.0
04/05/2019,82.23,83.0,81.04,81.2,-0.61,-0.75,908500.0
04/04/2019,84.86,85.46,78.11,81.81,-3.21,-3.78,1673900.0
04/03/2019,85.66,86.19,84.4904,85.02,0.26,0.31,762400.0
04/02/2019,84.42,85.0,83.2,84.76,0.34,0.4,773700.0
04/01/2019,84.78,85.33,82.0,84.42,0.55,0.66,863800.0
03/29/2019,84.48,85.0489,83.28,83.87,0.02,0.02,787700.0
03/28/2019,82.66,84.24,80.7,83.85,1.77,2.16,1052600.0
03/27/2019,81.89,82.51,78.89,82.08,0.6,0.74,1339000.0
03/26/2019,84.3,84.78,79.7901,81.48,-1.61,-1.94,1827400.0
03/25/2019,80.91,83.48,78.27,83.09,1.12,1.37,1452600.0
03/22/2019,84.7,85.28,81.27,81.97,-3.7,-4.32,1928900.0
03/21/2019,80.83,85.68,80.77,85.67,4.67,5.77,1429500.0
03/20/2019,77.86,81.765,77.7,81.0,3.13,4.02,1658100.0
03/19/2019,76.99,77.96,75.38,77.87,1.85,2.43,1033400.0
03/18/2019,74.59,76.72,74.453,76.02,1.65,2.22,1079100.0
03/15/2019,74.95,75.58,74.2,74.37,-1.0,-1.33,1157500.0
03/14/2019,75.0,76.32,72.705,75.37,-0.13,-0.17,1041800.0
03/13/2019,76.5,77.63,74.87,75.5,-0.56,-0.74,1130800.0
03/12/2019,75.11,76.72,74.2299,76.06,0.89,1.18,739300.0
03/11/2019,72.68,75.499,72.0,75.17,3.17,4.4,1102900.0
03/08/2019,70.0,73.44,68.5,72.0,0.21,0.29,1146300.0
03/07/2019,67.59,72.85,67.32,71.79,4.19,6.2,1967800.0
03/06/2019,67.18,68.55,65.91,67.6,0.58,0.87,1198300.0
03/05/2019,68.43,68.8,64.52,67.02,-1.24,-1.82,2193400.0
03/04/2019,74.0,74.0,66.91,68.26,-5.74,-7.76,2199100.0
03/01/2019,78.14,79.67,73.37,74.0,-2.31,-3.03,1897200.0
02/28/2019,75.0,79.97,70.91,76.31,-3.05,-3.84,1885300.0
02/27/2019,77.0,79.96,76.78,79.36,2.36,3.06,1820600.0
02/26/2019,78.01,78.81,74.78,77.0,2.88,3.89,1664200.0
02/25/2019,74.55,75.07,73.52,74.12,0.48,0.65,685900.0
02/22/2019,72.25,73.9,72.15,73.64,1.7,2.36,638500.0
02/21/2019,72.34,72.955,71.045,71.94,-0.76,-1.05,583400.0
02/20/2019,71.5,73.26,70.82,72.7,1.36,1.91,904600.0
02/19/2019,71.97,73.0,71.27,71.34,-0.57,-0.79,1070500.0
02/15/2019,71.36,71.98,70.61,71.91,0.95,1.34,860300.0
02/14/2019,69.16,71.64,68.77,70.96,0.75,1.07,483500.0
02/13/2019,71.0,71.51,69.46,70.21,-0.35,-0.5,837900.0
02/12/2019,69.08,70.88,68.95,70.56,2.26,3.31,693000.0
02/11/2019,68.16,70.0,66.2,68.3,-1.59,-2.28,1325300.0
02/08/2019,67.03,69.96,66.56,69.89,2.21,3.27,714900.0
02/07/2019,67.28,67.99,65.34,67.68,-0.56,-0.82,926500.0
02/06/2019,69.9,70.4,66.77,68.24,-1.83,-2.61,992000.0
02/05/2019,70.15,71.82,69.77,70.07,0.51,0.73,637100.0
02/04/2019,71.21,73.1,69.22,69.56,-0.92,-1.31,999800.0
02/01/2019,71.13,71.74,69.55,70.48,-0.67,-0.94,1077600.0
01/31/2019,70.75,74.24,70.7,71.15,0.52,0.74,1108400.0
01/30/2019,69.05,71.89,68.805,70.63,2.37,3.47,910500.0
01/29/2019,67.71,68.68,67.47,68.26,-1.77,-2.53,1318600.0
01/28/2019,69.0,70.74,67.44,70.03,0.13,0.19,796700.0
01/25/2019,69.37,71.0,67.46,69.9,-0.59,-0.84,1986800.0
01/24/2019,71.2,71.5,70.29,70.49,-0.72,-1.01,875500.0
01/23/2019,72.0,72.6,69.03,71.21,-0.77,-1.07,787300.0
01/22/2019,72.52,72.9,71.1,71.98,-1.54,-2.09,910300.0
01/18/2019,71.81,73.67,70.01,73.52,2.71,3.83,1264100.0
01/17/2019,67.89,72.04,67.59,70.81,2.49,3.64,821600.0
01/16/2019,69.2,70.03,66.895,68.32,-0.7,-1.01,591300.0
01/15/2019,65.42,69.45,65.42,69.02,4.04,6.22,829500.0
01/14/2019,67.8,68.075,64.29,64.98,-4.1,-5.94,1125800.0
01/11/2019,68.04,70.11,67.56,69.08,0.59,0.86,1041600.0
01/10/2019,64.83,68.69,64.18,68.49,2.93,4.47,979000.0
01/09/2019,66.25,66.84,64.36,65.56,-0.42,-0.64,699200.0
01/08/2019,68.45,70.47,64.0,65.98,-1.66,-2.45,1260900.0
01/07/2019,62.56,67.71,61.79,67.64,5.26,8.43,1466400.0
01/04/2019,58.82,63.2,58.0,62.38,5.05,8.81,1036700.0
01/03/2019,57.0,58.92,56.24,57.33,-1.19,-2.03,738300.0
01/02/2019,58.12,59.48,57.18,58.52,-0.95,-1.6,748700.0
12/31/2018,59.49,60.04,58.11,59.47,1.07,1.83,768200.0
12/28/2018,60.18,60.61,56.57,58.4,-1.2,-2.01,706100.0
12/27/2018,56.0,59.79,54.72,59.6,2.12,3.69,1094100.0
12/26/2018,52.2,57.48,51.25,57.48,6.49,12.73,1143800.0
12/24/2018,48.75,52.0,48.34,50.99,1.11,2.23,697500.0
12/21/2018,54.36,54.59,49.16,49.88,-3.77,-7.03,1598300.0
12/20/2018,60.1,61.56,52.01,53.65,-7.36,-12.06,1852700.0
12/19/2018,61.0,63.67,59.75,61.01,0.14,0.23,880300.0
12/18/2018,58.92,61.87,58.125,60.87,3.08,5.33,853400.0
12/17/2018,64.1,64.32,57.36,57.79,-6.63,-10.29,1267700.0
12/14/2018,61.48,64.69,61.05,64.42,1.68,2.68,786900.0
12/13/2018,62.86,64.18,62.02,62.74,0.5,0.8,417500.0
12/12/2018,62.96,64.89,62.16,62.24,0.65,1.06,1130600.0
12/11/2018,62.79,63.7,60.73,61.59,0.17,0.28,841400.0
12/10/2018,58.99,62.64,58.64,61.42,2.03,3.42,1023900.0
12/07/2018,61.85,62.81,57.83,59.39,-0.46,-0.77,1212800.0
12/06/2018,56.28,60.83,55.0,59.85,1.28,2.19,1311500.0
12/04/2018,60.35,61.73,57.86,58.57,-2.43,-3.98,1059200.0
12/03/2018,62.54,63.33,59.41,61.0,0.82,1.36,959800.0
11/30/2018,58.16,60.33,58.1,60.18,1.82,3.12,828900.0
11/29/2018,56.25,59.52,56.25,58.36,1.71,3.02,629300.0
11/28/2018,55.28,56.81,53.44,56.65,2.45,4.52,1034400.0
11/27/2018,56.0,57.395,54.01,54.2,-2.3,-4.07,1160000.0
11/26/2018,54.88,57.27,53.35,56.5,2.65,4.92,687700.0
11/23/2018,51.44,54.44,51.44,53.85,1.44,2.75,198100.0
11/21/2018,51.92,53.36,50.54,52.41,1.72,3.39,683100.0
11/20/2018,50.0,51.88,47.07,50.69,-1.74,-3.32,1804300.0
11/19/2018,59.71,60.37,52.38,52.43,-7.91,-13.11,1234800.0
11/16/2018,59.62,61.8,59.04,60.34,-0.27,-0.45,768500.0
11/15/2018,57.59,60.75,57.53,60.61,2.85,4.93,1041200.0
11/14/2018,57.25,58.77,56.07,57.76,1.69,3.01,998700.0
11/13/2018,55.72,56.69,53.23,56.07,0.48,0.86,816800.0
11/12/2018,56.9,57.0,52.75,55.59,-2.29,-3.96,1167200.0
11/09/2018,57.95,59.92,56.5,57.88,-0.41,-0.7,936500.0
11/08/2018,67.2,67.4,56.855,58.29,-0.35,-0.6,2845000.0
11/07/2018,54.5,59.24,54.34,58.64,5.48,10.31,2221800.0
11/06/2018,53.59,54.39,51.71,53.16,0.19,0.36,890500.0
11/05/2018,52.65,53.19,50.55,52.97,0.36,0.68,943100.0
11/02/2018,54.49,55.74,51.95,52.61,-1.7,-3.13,1053600.0
11/01/2018,53.02,54.55,51.25,54.31,1.32,2.49,1239000.0
10/31/2018,50.07,53.17,49.26,52.99,4.51,9.3,1700100.0
10/30/2018,44.1,48.57,43.69,48.48,4.25,9.61,1427800.0
10/29/2018,46.01,46.53,43.25,44.23,-0.65,-1.45,836100.0
10/26/2018,45.53,46.56,43.07,44.88,-1.63,-3.5,1030400.0
10/25/2018,43.54,47.0,43.49,46.51,3.7,8.64,1165100.0
10/24/2018,44.91,45.67,42.75,42.81,-1.98,-4.42,994100.0
10/23/2018,42.43,45.05,42.23,44.79,0.43,0.97,965100.0
10/22/2018,43.64,44.85,42.41,44.36,1.19,2.76,824100.0
10/19/2018,47.8,48.145,43.06,43.17,-4.18,-8.83,1347400.0
10/18/2018,49.56,50.0,46.505,47.35,-2.58,-5.17,597600.0
10/17/2018,50.71,51.24,49.27,49.93,-0.29,-0.58,695000.0
10/16/2018,47.34,50.27,46.75,50.22,3.67,7.88,944900.0
10/15/2018,46.6,47.91,44.84,46.55,-0.38,-0.81,694400.0
10/12/2018,48.33,48.99,46.01,46.93,1.59,3.51,1124600.0
10/11/2018,48.24,49.26,45.21,45.34,-3.71,-7.56,2254000.0
10/10/2018,52.0,52.0,48.71,49.05,-2.81,-5.42,2959300.0
10/09/2018,50.46,52.85,50.31,51.86,-0.22,-0.42,816400.0
10/08/2018,52.53,53.61,50.73,52.08,-1.32,-2.47,1229200.0
10/05/2018,54.51,55.58,52.395,53.4,-1.6,-2.91,2029600.0
10/04/2018,55.34,55.58,53.16,55.0,-0.62,-1.11,1205900.0
10/03/2018,55.12,55.83,54.51,55.62,0.68,1.24,551500.0
10/02/2018,56.58,56.58,53.62,54.94,-1.83,-3.22,991200.0
10/01/2018,57.21,57.9,56.23,56.77,-0.44,-0.77,668900.0
09/28/2018,59.11,59.19,56.3,57.21,-2.1,-3.54,1265000.0
09/27/2018,60.74,61.25,58.05,59.31,-1.34,-2.21,720500.0
09/26/2018,61.83,62.7,60.555,60.65,-1.11,-1.8,1163100.0
09/25/2018,60.72,61.8,60.12,61.76,1.24,2.05,856400.0
09/24/2018,58.98,61.53,57.82,60.52,1.54,2.61,1008400.0
09/21/2018,58.9,59.99,58.52,58.98,0.77,1.32,1071000.0
09/20/2018,57.74,58.52,55.89,58.21,0.78,1.36,862200.0
09/19/2018,58.75,58.93,56.12,57.43,-1.32,-2.25,723300.0
09/18/2018,57.59,59.49,57.07,58.75,1.95,3.43,1108100.0
09/17/2018,60.31,60.35,56.66,56.8,-3.75,-6.19,1310700.0
09/14/2018,60.7,61.58,59.74,60.55,-0.1,-0.16,768200.0
09/13/2018,62.48,63.18,60.13,60.65,-1.09,-1.77,477600.0
09/12/2018,62.0,62.94,60.41,61.74,-0.23,-0.37,933500.0
09/11/2018,60.75,62.1,60.29,61.97,0.64,1.04,1188500.0
09/10/2018,60.74,61.71,59.9,61.33,1.33,2.22,1102600.0
09/07/2018,57.93,61.2,57.02,60.0,0.78,1.32,1053900.0
09/06/2018,57.78,59.8,57.05,59.22,1.64,2.85,673600.0
09/05/2018,59.29,59.5,55.74,57.58,-1.99,-3.34,1200500.0
09/04/2018,58.0,59.92,58.0,59.57,1.52,2.62,600500.0
08/31/2018,56.34,58.1,56.255,58.05,1.4,2.47,574600.0
08/30/2018,56.1,58.6,55.62,56.65,0.01,0.02,1106600.0
08/29/2018,56.91,57.33,55.51,56.64,0.38,0.68,489600.0
08/28/2018,56.1,56.68,54.53,56.26,0.23,0.41,507300.0
08/27/2018,56.96,57.4,54.77,56.03,-0.39,-0.69,666900.0
08/24/2018,55.5,56.91,55.11,56.42,1.49,2.71,1265500.0
08/23/2018,54.42,55.49,53.88,54.93,0.67,1.23,721200.0
08/22/2018,54.0,54.8,53.24,54.26,-0.27,-0.5,393700.0
08/21/2018,55.19,55.48,53.75,54.53,-0.29,-0.53,703600.0
08/20/2018,54.86,55.31,53.8,54.82,0.18,0.33,657500.0
08/17/2018,54.12,54.83,53.34,54.64,0.2,0.37,278500.0
08/16/2018,53.73,55.14,53.23,54.44,1.27,2.39,721600.0
08/15/2018,54.47,55.45,51.95,53.17,-1.92,-3.49,932800.0
08/14/2018,55.5,56.21,54.4,55.09,0.23,0.42,1384400.0
08/13/2018,54.51,56.38,53.87,54.86,-0.17,-0.31,1816300.0
08/10/2018,55.24,56.2,52.64,55.03,-0.3,-0.54,1599800.0
08/09/2018,52.88,57.43,51.3,55.33,7.53,15.75,4249000.0
08/08/2018,46.36,47.82,45.625,47.8,1.75,3.8,2537000.0
08/07/2018,44.72,46.14,43.88,46.05,1.33,2.97,1512300.0
08/06/2018,43.4,44.89,43.105,44.72,1.85,4.32,1288900.0
08/03/2018,43.28,43.28,41.66,42.87,-0.36,-0.83,659100.0
08/02/2018,40.82,43.49,40.64,43.23,2.0,4.85,943300.0
08/01/2018,39.74,41.56,39.53,41.23,2.24,5.75,687500.0
07/31/2018,39.2,40.35,38.64,38.99,-0.32,-0.81,627600.0
07/30/2018,41.82,41.95,38.58,39.31,-2.64,-6.29,942900.0
07/27/2018,44.31,44.39,41.67,41.95,-2.07,-4.7,1847300.0
07/26/2018,43.24,44.13,42.85,44.02,0.27,0.62,651800.0
07/25/2018,42.32,44.3,42.32,43.75,1.23,2.89,614400.0
07/24/2018,43.92,44.1,41.37,42.52,-1.4,-3.19,1175800.0
07/23/2018,42.99,44.25,42.51,43.92,0.77,1.78,852800.0
07/20/2018,43.09,44.0,42.48,43.15,1.27,3.03,860300.0
07/19/2018,42.77,43.19,41.26,41.88,-0.97,-2.26,554200.0
07/18/2018,42.5,43.48,42.12,42.85,0.28,0.66,531200.0
07/17/2018,41.98,43.18,41.93,42.57,0.24,0.57,375800.0
07/16/2018,42.01,42.38,41.89,42.33,0.22,0.52,506000.0
07/13/2018,41.12,42.22,40.73,42.11,1.18,2.88,813900.0
07/12/2018,40.28,41.21,39.46,40.93,1.13,2.84,366800.0
07/11/2018,38.44,40.28,38.44,39.8,-0.03,-0.08,455600.0
07/10/2018,40.72,41.13,39.51,39.83,-0.84,-2.07,397500.0
07/09/2018,40.42,40.67,39.63,40.67,0.85,2.13,486400.0
07/06/2018,39.36,39.85,38.67,39.82,-0.03,-0.08,383300.0
07/05/2018,39.69,40.4,38.955,39.85,0.55,1.4,377000.0
07/03/2018,39.3,39.65,38.42,39.3,-0.06,-0.15,257100.0
07/02/2018,37.7,39.515,37.261,39.36,1.2,3.14,709700.0
06/29/2018,37.3,38.59,37.09,38.16,1.02,2.75,739600.0
06/28/2018,35.1,37.67,35.02,37.14,2.14,6.11,953200.0
06/27/2018,36.95,37.695,34.8,35.0,-1.93,-5.23,564100.0
06/26/2018,36.0,37.49,35.58,36.93,1.26,3.53,874300.0
06/25/2018,36.55,37.15,35.28,35.67,-1.3,-3.52,713600.0
06/22/2018,39.75,39.75,36.69,36.97,-1.67,-4.32,1745300.0
06/21/2018,39.87,40.13,38.03,38.64,-1.2,-3.01,1108500.0
06/20/2018,40.0,41.43,39.49,39.84,0.29,0.73,891600.0
06/19/2018,39.66,40.39,38.39,39.55,-1.05,-2.59,1102500.0
06/18/2018,39.59,40.78,38.55,40.6,0.68,1.7,800600.0
06/15/2018,39.55,40.35,38.78,39.92,0.08,0.2,713700.0
06/14/2018,39.37,40.16,38.87,39.84,0.8,2.05,668400.0
06/13/2018,39.89,39.89,38.33,39.04,-0.6,-1.51,896300.0
06/12/2018,39.79,41.47,39.32,39.64,0.21,0.53,1416500.0
06/11/2018,37.67,40.0,37.67,39.43,2.02,5.4,1241600.0
06/08/2018,36.48,37.435,36.16,37.41,0.56,1.52,657200.0
06/07/2018,38.75,38.75,36.39,36.85,-1.92,-4.95,1057500.0
06/06/2018,36.28,39.06,36.28,38.77,2.52,6.95,2096400.0
06/05/2018,35.35,36.35,35.215,36.25,1.01,2.87,779400.0
06/04/2018,35.22,35.47,34.4,35.24,0.11,0.31,537100.0
06/01/2018,34.52,35.3,34.05,35.13,1.11,3.26,882200.0
05/31/2018,33.54,34.2,33.17,34.02,0.47,1.4,793400.0
05/30/2018,32.9,33.629,32.575,33.55,0.86,2.63,610300.0
05/29/2018,32.31,32.95,32.06,32.69,0.2,0.62,411200.0
05/25/2018,32.4,32.52,32.085,32.49,0.02,0.06,273200.0
05/24/2018,31.91,32.7,31.79,32.47,0.61,1.91,670800.0
05/23/2018,31.03,32.15,30.92,31.86,0.34,1.08,893700.0
05/22/2018,32.82,33.17,31.43,31.52,-1.14,-3.49,966400.0
05/21/2018,32.49,33.74,32.09,32.66,1.81,5.87,1153700.0
05/18/2018,32.47,32.47,30.71,30.85,-1.57,-4.84,1808400.0
05/17/2018,32.42,32.81,31.93,32.42,0.49,1.53,954100.0
05/16/2018,31.71,32.59,31.65,31.93,0.82,2.64,2893900.0
05/15/2018,33.5,33.65,30.78,31.11,-3.09,-9.04,2628000.0
05/14/2018,33.29,34.57,33.29,34.2,1.2,3.64,814700.0
05/11/2018,32.85,34.25,32.8,33.0,0.29,0.89,889600.0
05/10/2018,35.07,36.61,32.52,32.71,-2.27,-6.49,2272800.0
05/09/2018,34.45,35.79,34.11,34.98,0.7,2.04,1224200.0
05/08/2018,33.9,34.43,33.31,34.28,0.4,1.18,415100.0
05/07/2018,32.99,34.18,32.63,33.88,1.19,3.64,959200.0
05/04/2018,33.74,34.11,32.39,32.69,-1.09,-3.23,1162800.0
05/03/2018,33.5,34.12,32.52,33.78,0.78,2.36,503900.0
05/02/2018,33.09,34.2,32.55,33.0,0.01,0.03,502100.0
05/01/2018,31.05,33.05,30.96,32.99,1.74,5.57,962000.0
04/30/2018,31.0,31.82,30.58,31.25,0.63,2.06,987800.0
04/27/2018,32.19,32.49,30.45,30.62,-1.37,-4.28,1225300.0
04/26/2018,32.86,33.62,31.8,31.99,-0.36,-1.11,1402800.0
04/25/2018,33.74,33.77,32.05,32.35,-1.52,-4.49,654200.0
04/24/2018,35.69,35.71,33.43,33.87,-1.53,-4.32,785900.0
04/23/2018,36.34,36.57,35.2,35.4,-0.58,-1.61,295300.0
04/20/2018,37.28,37.344,35.885,35.98,-1.54,-4.1,384400.0
04/19/2018,38.14,39.21,37.43,37.52,-0.59,-1.55,688500.0
04/18/2018,37.36,38.2,36.48,38.11,0.76,2.03,582000.0
04/17/2018,35.34,37.36,35.21,37.35,2.35,6.71,709900.0
04/16/2018,34.78,35.14,33.33,35.0,0.33,0.95,753200.0
04/13/2018,34.63,35.11,33.7,34.67,0.17,0.49,754900.0
04/12/2018,34.0,34.74,33.75,34.5,0.8,2.37,740600.0
04/11/2018,33.26,34.4,32.95,33.7,0.49,1.48,316800.0
04/10/2018,32.81,33.55,31.6,33.21,1.19,3.72,699300.0
04/09/2018,32.81,33.43,31.92,32.02,-0.54,-1.66,353300.0
04/06/2018,33.88,34.3,32.51,32.56,-1.74,-5.07,346300.0
04/05/2018,34.12,34.71,33.53,34.3,0.54,1.6,488400.0
04/04/2018,33.0,34.07,32.6,33.76,0.03,0.09,511300.0
04/03/2018,32.89,33.8,32.59,33.73,1.11,3.4,379800.0
04/02/2018,34.17,34.49,32.42,32.62,-1.52,-4.45,584600.0
03/29/2018,33.56,34.47,33.21,34.14,0.83,2.49,499700.0
03/28/2018,34.93,35.0,33.17,33.31,-1.67,-4.77,533000.0
03/27/2018,37.33,37.7,34.75,34.98,-2.05,-5.54,451900.0
03/26/2018,36.03,37.16,35.92,37.03,1.71,4.84,309100.0
03/23/2018,36.75,37.035,35.27,35.32,-1.23,-3.37,365600.0
03/22/2018,37.36,38.025,36.43,36.55,-1.21,-3.2,287900.0
03/21/2018,36.45,38.0,36.26,37.76,1.22,3.34,551200.0
03/20/2018,35.06,37.0,34.94,36.54,1.51,4.31,516800.0
03/19/2018,36.28,36.93,34.7,35.03,-1.34,-3.68,606700.0
03/16/2018,36.39,37.29,36.06,36.37,0.13,0.36,533800.0
03/15/2018,37.05,37.13,35.71,36.24,-0.57,-1.55,488100.0
03/14/2018,36.49,37.47,36.22,36.81,0.58,1.6,479700.0
03/13/2018,37.57,38.21,35.88,36.23,-1.9,-4.98,588900.0
03/12/2018,38.25,38.42,37.25,38.13,-0.29,-0.75,376700.0
03/09/2018,38.1,38.495,37.77,38.42,0.72,1.91,228700.0
03/08/2018,38.54,38.88,37.54,37.7,-0.47,-1.23,314600.0
03/07/2018,37.74,38.78,37.52,38.17,0.11,0.29,364300.0
03/06/2018,38.0,38.16,37.33,38.06,0.22,0.58,605200.0
03/05/2018,36.5,38.01,36.35,37.84,1.21,3.3,919100.0
03/02/2018,34.45,36.7,33.83,36.63,1.83,5.26,1094100.0
03/01/2018,34.25,35.11,33.02,34.8,0.61,1.78,864800.0
02/28/2018,33.07,34.67,33.07,34.19,1.44,4.4,883800.0
02/27/2018,33.74,34.0,32.15,32.75,-0.75,-2.24,526000.0
02/26/2018,33.5,34.79,33.21,33.5,0.12,0.36,885800.0
02/23/2018,34.17,34.49,32.4,33.38,-0.37,-1.1,775400.0
02/22/2018,30.97,35.81,30.97,33.75,4.23,14.33,2021200.0
02/21/2018,29.56,30.22,29.29,29.52,0.22,0.75,675300.0
02/20/2018,29.14,29.72,28.61,29.3,-0.11,-0.37,498000.0
02/16/2018,28.96,29.86,28.68,29.41,0.42,1.45,924200.0
02/15/2018,27.77,29.02,27.74,28.99,1.35,4.88,539900.0
02/14/2018,26.29,28.59,26.29,27.64,1.23,4.66,647700.0
02/13/2018,25.96,26.55,25.88,26.41,0.4,1.54,351800.0
02/12/2018,25.81,26.18,25.0,26.01,0.47,1.84,632200.0
02/09/2018,26.42,26.81,24.46,25.54,-0.73,-2.78,906500.0
02/08/2018,27.41,27.6,26.04,26.27,-0.97,-3.56,579300.0
02/07/2018,27.37,27.61,26.76,27.24,0.06,0.22,346100.0
02/06/2018,26.0,27.5,25.53,27.18,0.65,2.45,658900.0
02/05/2018,26.91,27.785,26.5,26.53,-0.67,-2.46,491600.0
02/02/2018,27.96,28.04,27.08,27.2,-1.02,-3.61,293400.0
02/01/2018,27.5,28.55,27.22,28.22,0.82,2.99,456900.0
01/31/2018,28.5,28.6,26.65,27.4,-1.91,-6.52,1193000.0
01/30/2018,29.45,29.95,29.01,29.31,-0.3,-1.01,323100.0
01/29/2018,30.84,30.84,29.51,29.61,-0.87,-2.85,459600.0
01/26/2018,30.51,31.37,29.94,30.48,0.48,1.6,731700.0
01/25/2018,29.85,31.6,28.55,30.0,2.17,7.8,1619700.0
01/24/2018,28.59,28.965,27.1,27.83,-0.73,-2.56,975100.0
01/23/2018,28.2,28.62,28.11,28.56,0.24,0.85,251800.0
01/22/2018,28.32,28.48,28.01,28.32,0.05,0.18,209100.0
01/19/2018,28.08,28.42,27.345,28.27,0.18,0.64,686700.0
01/18/2018,26.83,28.52,26.305,28.09,1.38,5.17,873800.0
01/17/2018,26.42,26.92,26.07,26.71,0.45,1.71,251300.0
01/16/2018,27.09,27.59,25.89,26.26,-0.71,-2.63,633900.0
01/12/2018,26.11,27.42,26.03,26.97,0.87,3.33,623200.0
01/11/2018,26.51,26.85,25.81,26.1,-0.34,-1.29,552800.0
01/10/2018,26.47,26.73,26.0,26.44,-0.14,-0.53,466400.0
01/09/2018,27.0,27.89,26.36,26.58,-0.39,-1.45,392700.0
01/08/2018,27.21,27.21,26.28,26.97,-0.12,-0.44,378800.0
01/05/2018,26.74,27.29,26.5,27.09,0.46,1.73,330300.0
01/04/2018,27.23,27.31,26.39,26.63,-0.44,-1.63,264500.0
01/03/2018,26.34,27.65,26.11,27.07,0.9,3.44,419300.0
01/02/2018,25.51,26.43,25.36,26.17,0.9,3.56,471100.0
12/29/2017,25.88,25.89,25.12,25.27,-0.68,-2.62,267800.0
12/28/2017,26.01,26.15,25.44,25.95,0.02,0.08,322400.0
12/27/2017,26.16,26.53,25.82,25.93,-0.28,-1.07,202400.0
12/26/2017,25.5,26.5,25.5,26.21,0.59,2.3,369300.0
12/22/2017,25.58,25.88,25.11,25.62,-0.15,-0.58,292500.0
12/21/2017,25.14,26.71,25.14,25.77,0.76,3.04,984700.0
12/20/2017,26.77,27.195,23.95,25.01,-1.7,-6.36,2373400.0
12/19/2017,27.19,27.3,26.28,26.71,-0.52,-1.91,867800.0
12/18/2017,27.94,28.26,27.13,27.23,-0.53,-1.91,680700.0
12/15/2017,27.85,28.05,27.11,27.76,-0.07,-0.25,1934500.0
12/14/2017,28.75,29.16,27.83,27.83,-0.77,-2.69,637400.0
12/13/2017,28.4,29.09,28.04,28.6,0.96,3.47,937300.0
12/12/2017,27.86,28.69,27.6,27.64,-0.38,-1.36,629500.0
12/11/2017,27.81,28.25,27.37,28.02,0.72,2.64,809000.0
12/08/2017,27.5,27.865,26.66,27.3,0.47,1.75,590000.0
12/07/2017,28.0,28.04,26.71,26.83,-1.01,-3.63,984300.0
12/06/2017,27.05,28.415,26.53,27.84,2.21,8.62,1171900.0
12/05/2017,24.43,25.76,24.43,25.63,1.06,4.31,559300.0
12/04/2017,25.32,25.7,24.38,24.57,-0.32,-1.29,503900.0
12/01/2017,24.91,25.47,24.51,24.89,-0.07,-0.28,475900.0
11/30/2017,25.0,26.1,24.29,24.96,0.17,0.69,836400.0
11/29/2017,26.72,27.15,24.64,24.79,-1.86,-6.98,816600.0
11/28/2017,27.35,27.43,26.64,26.65,-0.67,-2.45,432000.0
11/27/2017,27.32,27.565,26.79,27.32,0.1,0.37,441700.0
11/24/2017,27.19,27.54,27.12,27.22,0.05,0.18,177100.0
11/22/2017,27.01,27.45,26.35,27.17,0.05,0.18,439700.0
11/21/2017,27.25,27.55,26.46,27.12,-0.33,-1.2,479900.0
11/20/2017,25.88,27.585,25.84,27.45,1.76,6.85,860400.0
11/17/2017,25.87,26.43,25.55,25.69,-0.31,-1.19,462800.0
11/16/2017,25.3,27.023,24.975,26.0,0.77,3.05,1139500.0
11/15/2017,24.5,25.49,24.31,25.23,0.21,0.84,484200.0
11/14/2017,25.0,25.74,24.26,25.02,-0.23,-0.91,518400.0
11/13/2017,25.05,26.87,24.91,25.25,-0.05,-0.2,584700.0
11/10/2017,23.48,26.89,23.0,25.3,3.46,15.84,2014700.0
11/09/2017,21.53,22.0,21.15,21.84,0.08,0.37,375000.0
11/08/2017,21.54,21.87,21.31,21.76,0.16,0.74,252200.0
11/07/2017,22.12,22.135,21.45,21.6,-0.45,-2.04,257800.0
11/06/2017,21.97,22.58,21.97,22.05,0.05,0.23,131200.0
11/03/2017,22.52,22.535,21.95,22.0,-0.53,-2.35,141600.0
11/02/2017,22.38,22.84,22.26,22.53,0.06,0.27,102800.0
11/01/2017,22.6,22.6,22.16,22.47,-0.12,-0.53,143000.0
10/31/2017,22.01,22.6,22.01,22.59,0.52,2.36,143800.0
10/30/2017,22.11,22.19,21.59,22.07,-0.15,-0.68,174300.0
10/27/2017,22.2,22.27,21.84,22.22,0.24,1.09,103200.0
10/26/2017,22.05,22.05,21.69,21.98,-0.05,-0.23,123500.0
10/25/2017,22.36,22.44,21.6,22.03,-0.27,-1.21,203100.0
10/24/2017,22.1,22.46,22.1,22.3,0.24,1.09,303700.0
10/23/2017,22.0,22.3,21.94,22.06,0.01,0.05,323200.0
10/20/2017,21.5,22.1,21.39,22.05,0.66,3.09,306700.0
10/19/2017,21.21,21.44,21.0,21.39,0.06,0.28,121100.0
10/18/2017,21.25,21.49,21.05,21.33,0.2,0.95,375300.0
10/17/2017,21.29,21.55,20.87,21.13,-0.12,-0.56,132300.0
10/16/2017,21.23,21.83,21.05,21.25,0.31,1.48,424300.0
10/13/2017,21.03,21.07,20.69,20.94,0.03,0.14,181600.0
10/12/2017,21.07,21.44,20.81,20.91,-0.22,-1.04,264600.0
10/11/2017,20.95,21.29,20.82,21.13,0.18,0.86,418600.0
10/10/2017,21.12,21.39,20.37,20.95,-0.04,-0.19,351300.0
10/09/2017,20.61,21.42,20.58,20.99,0.3,1.45,444800.0
10/06/2017,20.36,21.0,20.25,20.69,0.14,0.68,429200.0
10/05/2017,20.48,20.63,20.105,20.55,-0.01,-0.05,236000.0
10/04/2017,20.4,20.69,20.33,20.56,0.16,0.78,436900.0
10/03/2017,19.98,20.64,19.98,20.4,0.01,0.05,362700.0
10/02/2017,20.5,20.57,20.0,20.39,0.02,0.1,417100.0
09/29/2017,20.5,20.65,20.0,20.37,-0.06,-0.29,533500.0
09/28/2017,20.0,20.6,19.9,20.43,0.52,2.61,547000.0
09/27/2017,19.43,19.95,19.32,19.91,0.62,3.21,955700.0
09/26/2017,19.31,19.75,19.08,19.29,0.24,1.26,604100.0
09/25/2017,19.2,19.29,18.96,19.05,-0.18,-0.94,668700.0
09/22/2017,19.0,19.54,18.8,19.23,0.22,1.16,788600.0
09/21/2017,19.33,19.57,19.0,19.01,-0.27,-1.4,550100.0
09/20/2017,19.61,19.75,19.01,19.28,-0.37,-1.88,576300.0
09/19/2017,19.64,19.95,19.35,19.65,0.13,0.67,529200.0
09/18/2017,18.86,19.75,18.8,19.52,0.73,3.89,584400.0
09/15/2017,19.09,19.26,18.635,18.79,-0.22,-1.16,1262200.0
09/14/2017,19.64,19.84,18.98,19.01,-0.67,-3.4,694200.0
09/13/2017,19.63,19.84,19.385,19.68,0.31,1.6,458900.0
09/12/2017,20.0,20.12,19.34,19.37,-0.57,-2.86,777700.0
09/11/2017,19.89,20.19,19.76,19.94,0.41,2.1,821800.0
09/08/2017,20.8,21.04,19.41,19.53,-1.95,-9.08,5888900.0
09/07/2017,21.86,22.17,21.35,21.48,-0.6,-2.72,373800.0
09/06/2017,22.13,22.59,21.27,22.08,-0.72,-3.16,552200.0
09/05/2017,22.7,22.96,22.24,22.8,-0.01,-0.04,118500.0
09/01/2017,23.6,23.77,22.63,22.81,-0.78,-3.31,154600.0
08/31/2017,23.65,23.785,23.23,23.59,0.16,0.68,101100.0
08/30/2017,23.02,24.07,22.99,23.43,0.57,2.49,255200.0
08/29/2017,22.34,22.92,22.18,22.86,0.32,1.42,142100.0
08/28/2017,22.77,22.77,22.19,22.54,-0.2,-0.88,62800.0
08/25/2017,22.48,22.92,22.19,22.74,0.33,1.47,115600.0
08/24/2017,22.52,22.7,22.21,22.41,-0.11,-0.49,96300.0
08/23/2017,22.41,22.79,22.34,22.52,-0.07,-0.31,118500.0
08/22/2017,22.57,22.91,22.42,22.59,0.07,0.31,138100.0
08/21/2017,22.54,22.72,22.2,22.52,-0.11,-0.49,71600.0
08/18/2017,22.2,22.93,22.01,22.63,0.5,2.26,129000.0
08/17/2017,22.87,23.2,22.06,22.13,-0.8,-3.49,226500.0
08/16/2017,22.26,22.96,21.95,22.93,0.88,3.99,140000.0
08/15/2017,23.49,23.49,21.87,22.05,-1.39,-5.93,171100.0
08/14/2017,22.8,23.84,22.55,23.44,0.94,4.18,226100.0
08/11/2017,20.86,22.85,20.49,22.5,1.35,6.38,278100.0
08/10/2017,22.15,22.15,20.91,21.15,-1.0,-4.51,172800.0
08/09/2017,22.77,22.82,21.97,22.15,-0.62,-2.72,81000.0
08/08/2017,22.97,23.25,22.4,22.77,-0.02,-0.09,302100.0
08/07/2017,22.9,22.99,22.27,22.79,-0.19,-0.83,214600.0
08/04/2017,21.96,23.55,21.48,22.98,1.01,4.6,333500.0
08/03/2017,21.99,22.67,20.22,21.97,2.91,15.27,979200.0
08/02/2017,19.77,20.16,19.0,19.06,-0.7,-3.54,320600.0
08/01/2017,20.24,20.24,19.59,19.76,-0.36,-1.79,153800.0
07/31/2017,20.33,21.14,19.97,20.12,-0.23,-1.13,159100.0
07/28/2017,21.04,21.49,20.32,20.35,-0.59,-2.82,158900.0
07/27/2017,21.13,21.555,20.29,20.94,-0.3,-1.41,165500.0
07/26/2017,21.65,21.65,20.89,21.24,-0.23,-1.07,174300.0
07/25/2017,21.69,22.12,21.32,21.47,-0.25,-1.15,93200.0
07/24/2017,21.57,21.76,21.14,21.72,0.23,1.07,77400.0
07/21/2017,22.33,22.33,20.68,21.49,-0.74,-3.33,187900.0
07/20/2017,22.43,22.68,21.92,22.23,-0.22,-0.98,136000.0
07/19/2017,22.75,23.14,22.09,22.45,-0.22,-0.97,232900.0
07/18/2017,22.05,22.78,21.64,22.67,0.5,2.26,184300.0
07/17/2017,22.18,22.67,22.0,22.17,-0.01,-0.05,114400.0
07/14/2017,21.69,22.22,21.53,22.18,0.64,2.97,182700.0
07/13/2017,21.81,21.95,21.245,21.54,-0.15,-0.69,114800.0
07/12/2017,20.25,22.2,20.23,21.69,1.5,7.43,444700.0
07/11/2017,19.83,20.2,19.68,20.19,0.23,1.15,197100.0
07/10/2017,19.75,20.39,19.53,19.96,0.26,1.32,196200.0
07/07/2017,19.3,19.89,19.3,19.7,0.42,2.18,181900.0
07/06/2017,19.54,19.76,18.86,19.28,-0.49,-2.48,174000.0
07/05/2017,19.44,19.85,18.9,19.77,0.3,1.54,122200.0
07/03/2017,19.74,19.83,19.29,19.47,-0.05,-0.26,136700.0
06/30/2017,19.49,19.86,19.36,19.52,0.01,0.05,81900.0
06/29/2017,19.74,19.74,19.35,19.51,-0.22,-1.12,267000.0
06/28/2017,19.68,19.94,19.54,19.73,0.24,1.23,127600.0
06/27/2017,20.25,20.34,19.28,19.49,-0.75,-3.71,294600.0
06/26/2017,19.57,20.49,19.45,20.24,0.67,3.42,584900.0
06/23/2017,19.24,19.7,19.11,19.57,0.45,2.35,1041800.0
06/22/2017,19.28,19.49,18.98,19.12,-0.15,-0.78,246800.0
06/21/2017,19.04,19.59,18.86,19.27,0.33,1.74,329000.0
06/20/2017,18.66,19.08,18.38,18.94,0.25,1.34,316000.0
06/19/2017,18.86,19.18,18.37,18.69,0.0,0.0,383800.0
06/16/2017,18.74,19.11,18.2,18.69,-0.11,-0.59,1058500.0
06/15/2017,19.25,19.4,18.3,18.8,-0.46,-2.39,402900.0
06/14/2017,19.35,19.75,19.03,19.26,-0.12,-0.62,243300.0
06/13/2017,18.8,19.61,18.52,19.38,0.58,3.09,319600.0
06/12/2017,19.25,19.46,17.77,18.8,-0.62,-3.19,552000.0
06/09/2017,19.35,19.9,19.01,19.42,0.07,0.36,229900.0
06/08/2017,18.2,19.63,18.2,19.35,1.3,7.2,363000.0
06/07/2017,19.83,19.83,17.9,18.05,-1.35,-6.96,287400.0
06/06/2017,20.38,20.43,19.15,19.4,-0.94,-4.62,150700.0
06/05/2017,20.26,20.5,19.73,20.34,-0.13,-0.64,185800.0
06/02/2017,19.6,20.5,19.39,20.47,1.03,5.3,303400.0
06/01/2017,19.01,19.75,18.77,19.44,0.58,3.08,238500.0
05/31/2017,18.58,19.13,18.1,18.86,0.24,1.29,94300.0
05/30/2017,19.9,19.9,18.49,18.62,-1.21,-6.1,220300.0
05/26/2017,19.24,20.43,19.06,19.83,0.63,3.28,328200.0
05/25/2017,18.71,19.49,18.64,19.2,0.33,1.75,120500.0
05/24/2017,19.23,19.23,18.52,18.87,-0.28,-1.46,96000.0
05/23/2017,18.91,19.32,18.83,19.15,0.28,1.48,159900.0
05/22/2017,17.79,18.93,17.74,18.87,1.06,5.95,194300.0
05/19/2017,17.45,17.98,17.37,17.81,0.34,1.95,99000.0
05/18/2017,16.9,17.5,16.66,17.47,0.58,3.43,100400.0
05/17/2017,17.46,17.5,16.71,16.89,-0.63,-3.6,288600.0
05/16/2017,18.13,18.37,17.49,17.52,-0.68,-3.74,271500.0
05/15/2017,18.59,18.76,18.1,18.2,-0.35,-1.89,294200.0
05/12/2017,19.06,19.08,18.51,18.55,-0.44,-2.32,156100.0
05/11/2017,18.75,20.15,18.04,18.99,0.51,2.76,600000.0
05/10/2017,18.33,18.63,18.01,18.48,0.0,0.0,238000.0
05/09/2017,18.5,18.68,17.65,18.48,-0.09,-0.48,126800.0
05/08/2017,18.94,19.23,18.51,18.57,-0.33,-1.75,189800.0
05/05/2017,18.1,19.39,18.02,18.9,0.81,4.48,438000.0
05/04/2017,17.01,18.2,17.01,18.09,1.04,6.1,304600.0
05/03/2017,16.62,17.1,16.35,17.05,0.32,1.91,163600.0
05/02/2017,15.96,16.91,15.71,16.73,0.78,4.89,405700.0
05/01/2017,16.04,16.04,15.7,15.95,-0.04,-0.25,114200.0
04/28/2017,15.28,15.99,15.28,15.99,0.78,5.13,176400.0
04/27/2017,15.11,15.74,15.11,15.21,0.04,0.26,138100.0
04/26/2017,15.35,15.85,15.15,15.17,-0.19,-1.24,197400.0
04/25/2017,14.86,15.48,14.79,15.36,0.56,3.78,342600.0
04/24/2017,15.41,15.41,14.8,14.8,-0.63,-4.08,537900.0
04/21/2017,15.52,15.91,15.42,15.43,-0.07,-0.45,302300.0
04/20/2017,16.58,16.6,15.34,15.5,-1.02,-6.17,427900.0
04/19/2017,16.5,16.92,16.15,16.52,0.18,1.1,362600.0
04/18/2017,16.39,16.57,16.03,16.34,0.06,0.37,292500.0
04/17/2017,17.09,17.09,15.82,16.28,-0.72,-4.24,343400.0
04/13/2017,17.01,17.24,16.85,17.0,0.0,0.0,259800.0
04/12/2017,16.8,17.18,16.65,17.0,0.15,0.89,285500.0
04/11/2017,16.9,16.9,16.56,16.85,0.01,0.06,407000.0
04/10/2017,16.7,16.85,16.35,16.84,0.15,0.9,171700.0
04/07/2017,16.68,16.8,16.2,16.69,0.06,0.36,205600.0
04/06/2017,15.94,16.8,15.78,16.63,0.51,3.16,525900.0
04/05/2017,15.97,16.3,15.76,16.12,0.19,1.19,305000.0
04/04/2017,16.06,16.24,15.66,15.93,-0.12,-0.75,185900.0
04/03/2017,16.16,16.37,15.57,16.05,0.42,2.69,486600.0
03/31/2017,15.13,15.72,14.95,15.63,0.6,3.99,366600.0
03/30/2017,15.09,15.74,14.89,15.03,0.02,0.13,424700.0
03/29/2017,14.99,15.2,14.75,15.01,0.08,0.54,282400.0
03/28/2017,15.35,15.35,14.61,14.93,-0.3,-1.97,821900.0
03/27/2017,15.68,15.69,15.0,15.23,-0.27,-1.74,594100.0
