10/11/2023,10.58,10.58,10.49,10.49,0.0,0.0,500.0
10/09/2023,10.51,10.51,10.51,10.51,0.0,0.0,103.0
10/03/2023,10.48,10.5,10.46,10.46,0.0,0.0,327146.0
09/29/2023,10.46,10.46,10.46,10.46,0.0,0.0,102.0
09/26/2023,10.46,10.46,10.46,10.46,0.0,0.0,150.0
09/25/2023,10.46,10.46,10.46,10.46,0.0,0.0,200.0
09/21/2023,10.49,10.49,10.49,10.49,0.0,0.0,175.0
09/19/2023,10.55,10.55,10.45,10.46,0.0,0.0,2399.0
09/18/2023,10.4666,10.4666,10.45,10.45,0.0,0.0,1209.0
09/15/2023,10.48,10.63,10.43,10.45,0.0,0.0,20215.0
09/13/2023,10.41,10.41,10.41,10.41,0.0,0.0,410.0
09/12/2023,10.41,10.45,10.41,10.45,0.0,0.0,2044.0
09/11/2023,10.41,10.42,10.39,10.39,0.0,0.0,17946.0
09/08/2023,10.405,10.405,10.39,10.4,0.0,0.0,1377.0
09/06/2023,10.38,10.39,10.37,10.39,0.0,0.0,10296.0
09/05/2023,10.545,10.545,10.37,10.38,0.0,0.0,16490.0
09/01/2023,10.5,10.587,10.5,10.587,0.0,0.0,857.0
08/31/2023,10.4,10.6,10.4,10.41,0.0,0.0,5683.0
08/30/2023,10.62,10.63,10.48,10.48,0.0,0.0,176486.0
08/29/2023,10.44,10.75,10.43,10.4301,0.0,0.0,819673.0
08/28/2023,10.37,10.51,10.35,10.43,0.0,0.0,419240.0
08/25/2023,10.43,10.43,10.31,10.35,0.0,0.0,6549.0
08/24/2023,9.52,10.45,9.52,10.43,0.0,0.0,10214.0
08/23/2023,10.46,10.46,10.46,10.46,0.0,0.0,511.0
08/22/2023,10.46,10.49,10.46,10.48,0.0,0.0,23221.0
08/21/2023,10.48,10.48,10.46,10.46,0.0,0.0,696.0
08/18/2023,10.45,10.48,10.45,10.48,0.0,0.0,5140.0
08/17/2023,10.49,10.49,10.4699,10.49,0.0,0.0,89408.0
08/16/2023,10.52,10.53,10.46,10.47,0.0,0.0,35600.0
08/15/2023,10.5,10.75,10.5,10.53,0.0,0.0,17803.0
08/14/2023,10.5,10.5,10.5,10.5,0.0,0.0,100.0
08/11/2023,10.5,10.5,10.49,10.49,0.0,0.0,1881.0
08/09/2023,10.49,10.49,10.49,10.49,0.0,0.0,105.0
08/08/2023,10.49,10.49,10.49,10.49,0.0,0.0,216.0
08/07/2023,10.4518,10.4518,10.4518,10.4518,0.0,0.0,212.0
08/04/2023,10.49,10.49,10.46,10.48,0.0,0.0,332.0
08/03/2023,10.47,10.47,10.47,10.47,0.0,0.0,111.0
08/02/2023,10.46,10.46,10.46,10.46,0.0,0.0,817.0
07/31/2023,10.43,10.43,10.43,10.43,0.0,0.0,1631.0
07/27/2023,10.45,10.48,10.45,10.48,0.0,0.0,50736.0
07/26/2023,10.45,10.45,10.44,10.44,0.0,0.0,2176.0
07/25/2023,10.44,10.44,10.435,10.44,0.0,0.0,93303.0
07/24/2023,10.44,10.44,10.42,10.42,0.0,0.0,12680.0
07/21/2023,10.43,10.43,10.43,10.43,0.0,0.0,83706.0
07/20/2023,10.41,10.41,10.41,10.41,0.0,0.0,2296.0
07/19/2023,10.41,10.41,10.39,10.39,0.0,0.0,206.0
07/18/2023,10.405,10.41,10.4,10.4,0.0,0.0,4456.0
07/17/2023,10.41,10.41,10.39,10.39,0.0,0.0,5020.0
07/13/2023,10.41,10.41,10.39,10.39,0.0,0.0,442.0
07/12/2023,10.405,10.405,10.405,10.405,0.0,0.0,457.0
07/07/2023,10.4,10.4,10.39,10.39,0.0,0.0,1492.0
07/06/2023,10.39,10.39,10.39,10.39,0.0,0.0,157.0
07/05/2023,10.38,10.39,10.38,10.39,0.0,0.0,36245.0
06/30/2023,10.38,10.38,10.38,10.38,0.0,0.0,7260.0
06/29/2023,10.375,10.375,10.375,10.375,0.0,0.0,192.0
06/28/2023,10.37,10.38,10.37,10.38,0.0,0.0,13461.0
06/27/2023,10.37,10.37,10.36,10.36,0.0,0.0,9848.0
06/26/2023,10.37,10.37,10.365,10.365,0.0,0.0,10697.0
06/23/2023,10.36,10.36,10.36,10.36,0.0,0.0,6811.0
06/22/2023,10.36,10.36,10.36,10.36,0.0,0.0,141.0
06/21/2023,10.36,10.36,10.36,10.36,0.0,0.0,208.0
06/20/2023,10.36,10.36,10.35,10.36,0.0,0.0,2896.0
06/16/2023,10.36,10.36,10.35,10.35,0.0,0.0,624.0
06/15/2023,10.36,10.36,10.35,10.36,0.0,0.0,5503.0
06/14/2023,10.35,10.355,10.35,10.35,0.0,0.0,4273.0
06/13/2023,10.35,10.35,10.34,10.34,0.0,0.0,729.0
06/12/2023,10.34,10.34,10.34,10.34,0.0,0.0,397.0
06/09/2023,10.35,10.35,10.34,10.34,0.0,0.0,2247.0
06/08/2023,10.34,10.35,10.34,10.35,0.0,0.0,16407.0
06/06/2023,10.34,10.35,10.34,10.35,0.0,0.0,40559.0
06/05/2023,10.35,10.35,10.33,10.33,0.0,0.0,2655.0
06/02/2023,10.325,10.345,10.32,10.335,0.0,0.0,419875.0
06/01/2023,10.32,10.32,10.32,10.32,0.0,0.0,7727.0
05/31/2023,10.33,10.33,10.31,10.32,0.0,0.0,141232.0
05/30/2023,10.33,10.33,10.33,10.33,0.0,0.0,318.0
05/26/2023,10.32,10.32,10.32,10.32,0.0,0.0,1743.0
05/25/2023,10.31,10.33,10.31,10.32,0.0,0.0,10408.0
05/23/2023,10.3125,10.325,10.3125,10.32,0.0,0.0,5717.0
05/22/2023,10.3,10.3,10.3,10.3,0.0,0.0,400.0
05/19/2023,10.325,10.325,10.3,10.3,0.0,0.0,715.0
05/17/2023,10.315,10.315,10.315,10.315,0.0,0.0,2348.0
05/16/2023,10.3,10.32,10.3,10.31,0.0,0.0,25227.0
05/12/2023,10.42,10.42,10.32,10.32,0.0,0.0,1405.0
05/09/2023,10.43,10.43,10.32,10.32,0.0,0.0,1103.0
05/04/2023,10.43,10.43,10.315,10.32,0.0,0.0,8504.0
05/03/2023,10.29,10.34,10.29,10.31,0.0,0.0,3954.0
05/02/2023,10.33,10.33,10.29,10.29,0.0,0.0,450.0
05/01/2023,10.33,10.33,10.33,10.33,0.0,0.0,343.0
04/28/2023,10.34,10.34,10.34,10.34,0.0,0.0,915.0
04/27/2023,10.26,10.275,10.26,10.275,0.0,0.0,6007.0
04/25/2023,10.24,10.275,10.24,10.26,0.0,0.0,47351.0
04/24/2023,10.275,10.275,10.26,10.26,0.0,0.0,69414.0
04/21/2023,10.38,10.38,10.24,10.26,0.0,0.0,18656.0
04/20/2023,10.24,10.29,10.23,10.29,0.05,0.0,36300.0
04/19/2023,10.24,10.25,10.24,10.24,0.0,0.0,453600.0
04/18/2023,10.24,10.27,10.23,10.24,0.01,0.0,26400.0
04/14/2023,10.2,10.23,10.2,10.23,0.03,0.0,1200.0
04/13/2023,10.2,10.2,10.2,10.2,0.01,0.0,500.0
04/11/2023,10.19,10.19,10.18,10.19,0.02,0.0,149200.0
04/10/2023,10.16,10.19,10.16,10.17,0.01,0.0,9800.0
04/05/2023,10.14,10.16,10.14,10.16,0.02,0.0,12300.0
04/04/2023,10.14,10.16,10.14,10.14,0.0,0.0,7400.0
04/03/2023,10.14,10.16,10.14,10.14,0.0,0.0,3800.0
03/31/2023,10.17,10.17,10.14,10.14,0.0,0.0,2000.0
03/30/2023,10.16,10.17,10.14,10.14,0.0,0.0,2500.0
03/29/2023,10.17,10.17,10.14,10.14,-0.01,0.0,4300.0
03/28/2023,10.17,10.17,10.14,10.15,0.0,0.0,16500.0
03/27/2023,10.21,10.21,10.15,10.15,-0.04,0.0,20800.0
03/24/2023,10.19,10.19,10.19,10.19,0.01,0.0,300.0
03/23/2023,10.18,10.18,10.18,10.18,0.0,0.0,500.0
03/22/2023,10.3,10.3,10.16,10.18,0.02,0.0,8000.0
03/21/2023,10.2,10.2,10.16,10.16,-0.05,0.0,2800.0
03/20/2023,10.29,10.29,10.19,10.21,0.04,0.0,1500.0
03/17/2023,10.25,10.25,10.17,10.17,0.0,0.0,700.0
03/16/2023,10.17,10.18,10.17,10.17,-0.02,0.0,800.0
03/14/2023,10.17,10.2,10.16,10.19,0.02,0.0,27200.0
03/13/2023,10.16,10.2,10.16,10.17,0.02,0.0,6100.0
03/10/2023,10.17,10.17,10.15,10.15,-0.03,0.0,1800.0
03/09/2023,10.19,10.19,10.17,10.18,0.0,0.0,2100.0
03/08/2023,10.18,10.19,10.18,10.18,0.0,0.0,2800.0
03/07/2023,10.25,10.25,10.18,10.18,0.01,0.0,14500.0
03/06/2023,10.17,10.18,10.17,10.17,0.0,0.0,6600.0
03/03/2023,10.25,10.25,10.16,10.17,0.01,0.0,10400.0
03/02/2023,10.17,10.17,10.15,10.16,0.0,0.0,25000.0
03/01/2023,10.16,10.35,10.16,10.16,0.01,0.0,29500.0
02/28/2023,10.12,10.16,10.12,10.15,0.04,0.0,17700.0
02/27/2023,10.15,10.15,10.11,10.11,-0.01,0.0,2000.0
02/24/2023,10.12,10.12,10.12,10.12,0.0,0.0,2100.0
02/23/2023,10.15,10.16,10.12,10.12,-0.04,0.0,19100.0
02/22/2023,10.13,10.15,10.13,10.15,0.01,0.0,16900.0
02/21/2023,10.14,10.15,10.13,10.14,0.0,0.0,8900.0
02/17/2023,10.13,10.14,10.13,10.14,0.01,0.0,250700.0
02/16/2023,10.14,10.14,10.13,10.13,-0.01,0.0,26500.0
02/15/2023,10.14,10.15,10.13,10.14,0.01,0.0,2471000.0
02/14/2023,10.13,10.14,10.13,10.13,0.0,0.0,321700.0
02/13/2023,10.12,10.13,10.12,10.13,0.01,0.0,142400.0
02/10/2023,10.13,10.13,10.13,10.13,-0.01,0.0,300.0
02/09/2023,10.13,10.13,10.13,10.13,0.01,0.0,30000.0
02/08/2023,10.12,10.13,10.12,10.12,0.0,0.0,68400.0
02/07/2023,10.11,10.13,10.11,10.12,0.0,0.0,156300.0
02/06/2023,10.11,10.13,10.11,10.12,0.0,0.0,150600.0
02/03/2023,10.11,10.12,10.11,10.12,-0.0,0.0,36500.0
02/02/2023,10.11,10.12,10.11,10.12,0.01,0.0,1132900.0
02/01/2023,10.11,10.12,10.1,10.11,-0.01,0.0,170400.0
01/31/2023,10.1,10.12,10.1,10.12,0.02,0.0,4198400.0
01/30/2023,10.12,10.12,10.1,10.1,-0.01,0.0,600.0
01/27/2023,10.11,10.11,10.1,10.11,0.01,0.0,16100.0
01/26/2023,10.1,10.11,10.1,10.1,0.01,0.0,222800.0
01/25/2023,10.09,10.1,10.09,10.09,0.0,0.0,7700.0
01/24/2023,10.1,10.1,10.09,10.09,0.0,0.0,68500.0
01/23/2023,10.1,10.1,10.09,10.09,-0.01,0.0,1000.0
01/20/2023,10.1,10.1,10.09,10.1,0.01,0.0,295700.0
01/19/2023,10.09,10.1,10.09,10.09,-0.01,0.0,436600.0
01/18/2023,10.09,10.1,10.09,10.1,0.02,0.0,268500.0
01/17/2023,10.09,10.1,10.08,10.08,-0.01,0.0,3508200.0
01/13/2023,10.07,10.09,10.07,10.09,0.01,0.0,814600.0
01/12/2023,10.07,10.08,10.07,10.08,0.01,0.0,783600.0
01/11/2023,10.08,10.09,10.07,10.07,-0.01,0.0,41900.0
01/10/2023,10.09,10.09,10.07,10.08,0.02,0.0,1971400.0
01/09/2023,10.06,10.06,10.06,10.06,0.01,0.0,25800.0
01/06/2023,10.07,10.08,10.05,10.05,-0.02,0.0,2037600.0
01/05/2023,10.08,10.08,10.04,10.07,0.03,0.0,1169600.0
01/04/2023,10.08,10.08,10.04,10.04,-0.01,0.0,38400.0
01/03/2023,10.06,10.06,10.04,10.05,0.0,0.0,568000.0
12/30/2022,10.04,10.045,10.03,10.04,-0.01,-0.1,56800.0
12/29/2022,10.04,10.05,10.04,10.05,0.01,0.1,5300.0
12/28/2022,10.02,10.04,10.02,10.04,0.01,0.1,10800.0
12/27/2022,9.99,10.03,9.99,10.03,0.04,0.4,553600.0
12/23/2022,9.99,10.0,9.99,9.99,-0.005,-0.05,311900.0
12/22/2022,9.99,10.0,9.99,9.995,0.005,0.05,13800.0
12/21/2022,9.99,9.99,9.985,9.99,0.01,0.1,20300.0
12/19/2022,9.98,9.98,9.98,9.98,0.0,0.0,49100.0
12/16/2022,9.97,9.98,9.97,9.98,0.005,0.05,77800.0
12/15/2022,9.97,9.98,9.97,9.975,0.005,0.05,411600.0
12/14/2022,9.97,9.97,9.97,9.97,0.01,0.1,2500.0
12/13/2022,9.98,9.98,9.96,9.96,-0.005,-0.05,125600.0
12/08/2022,9.965,9.97,9.96,9.965,-0.005,-0.05,21200.0
12/07/2022,9.97,9.975,9.96,9.97,0.0,0.0,200000.0
12/06/2022,9.96,9.985,9.96,9.97,0.01,0.1,1234000.0
12/05/2022,9.97,9.97,9.96,9.96,-0.02,-0.2,67500.0
12/02/2022,9.97,9.985,9.97,9.98,0.02,0.2,58700.0
12/01/2022,9.95,9.97,9.95,9.96,0.01,0.1,53700.0
11/30/2022,9.95,9.9528,9.95,9.95,0.0,0.0,4200.0
11/29/2022,9.95,9.95,9.95,9.95,-0.015,-0.15,2400.0
11/28/2022,9.95,9.965,9.95,9.965,-0.005,-0.05,219600.0
11/25/2022,9.95,9.97,9.95,9.97,0.01,0.1,426600.0
11/23/2022,9.96,9.97,9.96,9.96,0.0,0.0,20100.0
11/22/2022,9.95,9.96,9.945,9.96,0.01,0.1,430400.0
11/21/2022,9.94,9.955,9.94,9.95,0.0,0.0,16600.0
11/18/2022,9.95,9.955,9.95,9.95,0.0,0.0,3000.0
11/17/2022,9.94,9.95,9.94,9.95,0.02,0.2,66600.0
11/16/2022,9.94,9.94,9.93,9.93,0.0,0.0,33800.0
11/15/2022,9.94,9.94,9.93,9.93,0.0,0.0,415800.0
11/14/2022,9.94,9.95,9.93,9.93,-0.01,-0.1,307700.0
11/11/2022,9.95,9.95,9.94,9.94,0.02,0.2,160900.0
11/10/2022,9.96,9.96,9.92,9.92,-0.03,-0.3,570300.0
11/09/2022,9.93,9.95,9.93,9.95,0.01,0.1,46400.0
11/08/2022,9.93,9.945,9.93,9.94,0.01,0.1,9000.0
11/07/2022,9.93,9.94,9.93,9.93,0.0,0.0,600.0
11/04/2022,9.94,9.9469,9.93,9.93,-0.02,-0.2,3900.0
11/03/2022,9.93,9.95,9.93,9.95,0.02,0.2,10100.0
11/02/2022,9.94,9.95,9.93,9.93,-0.01,-0.1,25200.0
11/01/2022,9.93,9.95,9.93,9.94,-0.01,-0.1,69100.0
10/31/2022,9.94,9.95,9.935,9.95,0.01,0.1,205100.0
10/28/2022,9.94,9.94,9.94,9.94,0.0,0.0,5500.0
10/27/2022,9.94,9.94,9.92,9.94,0.0,0.0,6400.0
10/26/2022,9.93,9.94,9.93,9.94,0.025,0.25,86700.0
10/24/2022,9.915,9.93,9.915,9.915,-0.015,-0.15,852200.0
10/21/2022,9.92,9.93,9.92,9.93,0.03,0.3,11900.0
10/20/2022,9.92,9.92,9.9,9.9,-0.02,-0.2,12000.0
10/19/2022,9.88,9.92,9.88,9.92,0.02,0.2,15100.0
10/18/2022,9.91,9.92,9.9,9.9,0.01,0.1,45900.0
10/17/2022,9.92,9.92,9.89,9.89,0.0,0.0,7300.0
10/13/2022,9.86,9.92,9.86,9.89,0.0,0.0,82000.0
10/12/2022,9.88,9.89,9.87,9.89,0.02,0.2,431800.0
10/11/2022,9.87,9.88,9.87,9.87,0.0,0.0,10200.0
10/07/2022,9.87,9.87,9.865,9.87,0.01,0.1,279200.0
10/06/2022,9.86,9.86,9.85,9.86,0.01,0.1,149700.0
10/05/2022,9.88,9.88,9.85,9.85,0.0,0.0,2500.0
10/04/2022,9.85,9.85,9.85,9.85,0.0,0.0,1200.0
10/03/2022,9.86,9.86,9.845,9.85,0.01,0.1,72800.0
09/29/2022,9.84,9.8401,9.84,9.84,0.01,0.1,26000.0
09/28/2022,9.83,9.83,9.83,9.83,-0.01,-0.1,900.0
09/27/2022,9.83,9.84,9.83,9.84,0.01,0.1,116300.0
09/26/2022,9.83,9.83,9.82,9.83,0.0,0.0,69100.0
09/23/2022,9.84,9.84,9.83,9.83,-0.01,-0.1,234900.0
09/22/2022,9.84,9.85,9.83,9.84,0.005,0.05,47700.0
09/21/2022,9.83,9.835,9.83,9.835,0.005,0.05,7400.0
09/20/2022,9.83,9.85,9.82,9.83,0.01,0.1,240400.0
09/19/2022,9.81,9.8201,9.81,9.82,0.0,0.0,1218400.0
09/14/2022,9.82,9.82,9.82,9.82,-0.005,-0.05,8500.0
09/13/2022,9.82,9.825,9.82,9.825,-0.005,-0.05,1100.0
09/12/2022,9.82,9.84,9.82,9.83,-1.0E-4,0.0,262000.0
09/09/2022,9.82,9.8301,9.82,9.8301,1.0E-4,0.0,6500.0
09/02/2022,9.84,9.84,9.83,9.83,0.0,0.0,2700.0
08/31/2022,9.83,9.83,9.83,9.83,0.01,0.1,6700.0
08/30/2022,9.83,9.83,9.82,9.82,-0.02,-0.2,27600.0
08/29/2022,9.84,9.86,9.83,9.84,0.01,0.1,5100.0
08/26/2022,9.83,9.83,9.83,9.83,-0.01,-0.1,7500.0
08/25/2022,9.84,9.84,9.84,9.84,0.01,0.1,40300.0
08/24/2022,9.84,9.845,9.83,9.83,-0.02,-0.2,21400.0
08/23/2022,9.86,9.86,9.85,9.85,0.0,0.0,290900.0
08/22/2022,9.85,9.85,9.85,9.85,0.0,0.0,5000.0
08/19/2022,9.82,9.85,9.82,9.85,0.0,0.0,2100.0
08/18/2022,9.85,9.85,9.83,9.85,0.0,0.0,68100.0
08/17/2022,9.84,9.85,9.83,9.85,0.01,0.1,563400.0
08/16/2022,9.84,9.84,9.84,9.84,0.0,0.0,26100.0
08/15/2022,9.85,9.86,9.84,9.84,-0.01,-0.1,27000.0
08/12/2022,9.85,9.85,9.845,9.85,0.01,0.1,200.0
08/11/2022,9.8485,9.8485,9.84,9.84,-0.01,-0.1,500.0
08/10/2022,9.85,9.85,9.85,9.85,0.01,0.1,200.0
08/09/2022,9.84,9.845,9.84,9.84,0.0,0.0,109900.0
08/08/2022,9.87,9.87,9.84,9.84,0.01,0.1,700.0
08/04/2022,9.83,9.84,9.83,9.83,0.0,0.0,2600.0
08/03/2022,9.83,9.83,9.83,9.83,0.0,0.0,9900.0
08/02/2022,9.84,9.85,9.83,9.83,0.0,0.0,24400.0
08/01/2022,9.85,9.85,9.83,9.83,0.0,0.0,403700.0
07/29/2022,9.83,9.83,9.83,9.83,0.0,0.0,63300.0
07/28/2022,9.83,9.845,9.83,9.83,-0.01,-0.1,7700.0
07/27/2022,9.83,9.85,9.82,9.84,0.01,0.1,531200.0
07/26/2022,9.84,9.84,9.83,9.83,0.0,0.0,3100.0
07/25/2022,9.83,9.84,9.83,9.83,0.0,0.0,27800.0
07/22/2022,9.83,9.84,9.825,9.83,0.01,0.1,829000.0
07/21/2022,9.83,9.83,9.82,9.82,0.01,0.1,32300.0
07/20/2022,9.82,9.82,9.81,9.81,0.01,0.1,60200.0
07/19/2022,9.8,9.81,9.8,9.8,-0.01,-0.1,13000.0
07/18/2022,9.82,9.82,9.81,9.81,0.0,0.0,9400.0
07/15/2022,9.79,9.82,9.79,9.81,0.0,0.0,13100.0
07/14/2022,9.8,9.83,9.8,9.81,0.02,0.2,25100.0
07/13/2022,9.83,9.83,9.79,9.79,-0.02,-0.2,8600.0
07/12/2022,9.81,9.83,9.8,9.81,-0.02,-0.2,6700.0
07/11/2022,9.81,9.83,9.81,9.83,0.03,0.31,99600.0
07/08/2022,9.81,9.82,9.8,9.8,0.0,0.0,232400.0
07/07/2022,9.77,9.83,9.77,9.8,0.0,0.0,9900.0
07/06/2022,9.81,9.81,9.78,9.8,0.03,0.31,66200.0
07/05/2022,9.8,9.815,9.77,9.77,-0.03,-0.31,43000.0
07/01/2022,9.81,9.82,9.77,9.8,-0.01,-0.1,87000.0
06/30/2022,9.79,9.82,9.77,9.81,0.0,0.0,39600.0
06/29/2022,9.81,9.81,9.81,9.81,0.0,0.0,500.0
06/28/2022,9.81,9.81,9.79,9.81,0.0,0.0,35000.0
06/27/2022,9.81,9.81,9.81,9.81,0.0,0.0,500.0
06/24/2022,9.8,9.81,9.8,9.81,0.02,0.2,25100.0
06/23/2022,9.77,9.81,9.77,9.79,-0.01,-0.1,77400.0
06/22/2022,9.81,9.81,9.77,9.8,0.0,0.0,6200.0
06/21/2022,9.77,9.8,9.77,9.8,0.01,0.1,473200.0
06/17/2022,9.77,9.79,9.77,9.79,-0.005,-0.05,2200.0
06/16/2022,9.795,9.795,9.795,9.795,0.005,0.05,300.0
06/15/2022,9.78,9.79,9.77,9.79,-0.01,-0.1,45000.0
06/14/2022,9.78,9.8,9.78,9.8,0.02,0.2,28600.0
06/13/2022,9.79,9.79,9.78,9.78,0.0,0.0,24000.0
06/10/2022,9.78,9.78,9.78,9.78,-0.02,-0.2,703100.0
06/09/2022,9.8,9.81,9.8,9.8,0.0,0.0,4400.0
06/08/2022,9.79,9.8,9.79,9.8,0.02,0.2,800.0
06/07/2022,9.8,9.8,9.78,9.78,0.0,0.0,200.0
06/06/2022,9.78,9.78,9.78,9.78,0.0,0.0,104300.0
06/02/2022,9.78,9.78,9.78,9.78,-0.05,-0.51,330200.0
06/01/2022,9.82,9.83,9.82,9.83,0.06,0.61,1200.0
05/31/2022,9.79,9.79,9.77,9.77,-0.02,-0.2,451600.0
05/26/2022,9.79,9.79,9.79,9.79,-0.01,-0.1,800.0
05/24/2022,9.78,9.8,9.78,9.8,0.04,0.41,33300.0
05/23/2022,9.82,9.82,9.76,9.76,-0.015,-0.15,4300.0
05/20/2022,9.79,9.79,9.775,9.775,-0.015,-0.15,101000.0
05/18/2022,9.79,9.79,9.79,9.79,0.03,0.31,600.0
05/13/2022,9.76,9.77,9.755,9.76,0.0,0.0,28500.0
05/12/2022,9.76,9.785,9.76,9.76,-0.01,-0.1,209700.0
05/11/2022,9.77,9.79,9.77,9.77,-0.02,-0.2,200.0
05/09/2022,9.8,9.8,9.79,9.79,0.0,0.0,500.0
05/06/2022,9.82,9.82,9.79,9.79,-0.01,-0.1,40300.0
05/05/2022,9.8,9.8,9.8,9.8,-0.01,-0.1,100.0
05/04/2022,9.81,9.81,9.81,9.81,0.0,0.0,200.0
05/03/2022,9.81,9.81,9.79,9.81,0.01,0.1,249700.0
05/02/2022,9.8,9.8,9.8,9.8,0.0,0.0,12200.0
04/29/2022,9.79,9.8,9.79,9.8,0.01,0.1,203600.0
04/28/2022,9.8,9.8,9.79,9.79,-0.01,-0.1,1600.0
04/27/2022,9.79,9.8,9.79,9.8,0.01,0.1,2337200.0
04/26/2022,9.79,9.805,9.79,9.79,-0.03,-0.31,25100.0
04/25/2022,9.815,9.82,9.815,9.82,0.0,0.0,700.0
04/22/2022,9.81,9.82,9.79,9.82,0.01,0.1,8300.0
04/21/2022,9.81,9.82,9.81,9.81,0.0,0.0,5100.0
04/18/2022,9.8,9.81,9.8,9.81,0.02,0.2,10800.0
04/14/2022,9.79,9.79,9.79,9.79,0.005,0.05,2200.0
04/13/2022,9.78,9.79,9.78,9.785,-0.005,-0.05,1400.0
04/12/2022,9.81,9.81,9.775,9.79,0.0,0.0,1300.0
04/11/2022,9.77,9.79,9.77,9.79,0.005,0.05,3600.0
04/08/2022,9.79,9.79,9.78,9.785,0.005,0.05,18500.0
04/07/2022,9.78,9.78,9.775,9.78,0.0,0.0,4400.0
04/06/2022,9.77,9.79,9.76,9.78,0.0,0.0,125500.0
04/05/2022,9.78,9.79,9.77,9.78,-0.005,-0.05,169400.0
04/04/2022,9.78,9.785,9.78,9.785,0.015,0.15,1300.0
04/01/2022,9.78,9.78,9.77,9.77,-0.02,-0.2,83800.0
03/31/2022,9.77,9.79,9.77,9.79,0.01,0.1,4200.0
03/30/2022,9.77,9.78,9.77,9.78,0.0,0.0,488600.0
03/29/2022,9.76,9.78,9.76,9.78,0.01,0.1,5900.0
03/28/2022,9.77,9.78,9.76,9.77,-0.01,-0.1,11200.0
03/25/2022,9.78,9.78,9.76,9.78,-0.01,-0.1,13500.0
03/24/2022,9.77,9.79,9.765,9.79,0.01,0.1,5600.0
03/23/2022,9.78,9.78,9.78,9.78,0.015,0.15,100.0
03/22/2022,9.77,9.77,9.76,9.765,-0.005,-0.05,44800.0
03/21/2022,9.77,9.775,9.76,9.77,0.0181,0.19,29700.0
03/18/2022,9.755,9.755,9.7519,9.7519,0.0019,0.02,800.0
03/17/2022,9.76,9.76,9.75,9.75,-0.01,-0.1,1500.0
03/16/2022,9.76,9.765,9.76,9.76,0.01,0.1,17200.0
03/15/2022,9.76,9.77,9.74,9.75,-0.01,-0.1,178400.0
03/14/2022,9.77,9.77,9.76,9.76,0.0,0.0,107900.0
03/11/2022,9.73,9.77,9.73,9.76,0.015,0.15,59700.0
03/10/2022,9.75,9.75,9.74,9.745,-0.005,-0.05,13100.0
03/09/2022,9.74,9.75,9.73,9.75,0.0,0.0,4700.0
03/08/2022,9.75,9.75,9.745,9.75,0.01,0.1,222600.0
03/07/2022,9.76,9.76,9.74,9.74,-0.01,-0.1,2000.0
03/04/2022,9.73,9.75,9.73,9.75,0.02,0.21,68900.0
03/03/2022,9.71,9.74,9.71,9.73,-0.01,-0.1,8100.0
03/02/2022,9.73,9.74,9.725,9.74,0.02,0.21,5900.0
03/01/2022,9.72,9.72,9.72,9.72,0.0,0.0,1800.0
02/28/2022,9.7,9.72,9.7,9.72,0.02,0.21,31800.0
02/25/2022,9.71,9.71,9.7,9.7,0.0,0.0,27900.0
02/24/2022,9.69,9.73,9.69,9.7,-0.03,-0.31,30300.0
02/23/2022,9.7,9.73,9.69,9.73,0.0282,0.29,28500.0
02/22/2022,9.7,9.71,9.7,9.7018,-0.0082,-0.08,54300.0
02/18/2022,9.71,9.71,9.7,9.71,0.01,0.1,1600.0
02/17/2022,9.71,9.71,9.7,9.7,0.0,0.0,2600.0
02/15/2022,9.72,9.72,9.7,9.7,0.0,0.0,600.0
02/14/2022,9.69,9.73,9.69,9.7,0.0,0.0,3400.0
02/09/2022,9.7,9.7,9.7,9.7,-0.0146,-0.15,600.0
02/08/2022,9.7027,9.7146,9.7,9.7146,-0.0254,-0.26,900.0
02/07/2022,9.71,9.74,9.71,9.74,0.03,0.31,4900.0
02/04/2022,9.68,9.78,9.68,9.71,-0.01,-0.1,69400.0
02/03/2022,9.75,9.75,9.72,9.72,0.0,0.0,57000.0
02/02/2022,9.72,9.72,9.72,9.72,-0.02,-0.21,100.0
02/01/2022,9.73,9.79,9.71,9.74,0.04,0.41,31700.0
01/31/2022,9.7,9.7,9.7,9.7,0.02,0.21,1400.0
01/28/2022,9.68,9.69,9.68,9.68,-0.01,-0.1,19400.0
01/27/2022,9.68,9.69,9.68,9.69,0.0099,0.1,1000.0
01/26/2022,9.68,9.69,9.68,9.6801,-0.0199,-0.21,25700.0
01/25/2022,9.65,9.7,9.65,9.7,0.01,0.1,618800.0
01/24/2022,9.8,9.8,9.69,9.69,0.0,0.0,2800.0
01/21/2022,9.69,9.7,9.69,9.69,0.0,0.0,13100.0
01/20/2022,9.69,9.69,9.69,9.69,0.0,0.0,338300.0
01/19/2022,9.69,9.69,9.69,9.69,0.0,0.0,138700.0
01/18/2022,9.69,9.69,9.69,9.69,-0.01,-0.1,147100.0
01/14/2022,9.7,9.7,9.69,9.7,-0.01,-0.1,11900.0
01/13/2022,9.71,9.71,9.71,9.71,0.0,0.0,24100.0
01/12/2022,9.71,9.71,9.7,9.71,0.0,0.0,40000.0
01/11/2022,9.695,9.71,9.695,9.71,0.01,0.1,17700.0
01/10/2022,9.7,9.7,9.69,9.7,0.0,0.0,106000.0
01/07/2022,9.71,9.715,9.7,9.7,0.0,0.0,251500.0
01/06/2022,9.71,9.71,9.7,9.7,0.0,0.0,29600.0
01/05/2022,9.72,9.72,9.7,9.7,-0.01,-0.1,108700.0
01/04/2022,9.72,9.72,9.71,9.71,0.02,0.21,231800.0
01/03/2022,9.71,9.71,9.68,9.69,-0.01,-0.1,50800.0
12/31/2021,9.7,9.7,9.68,9.7,0.01,0.1,1000.0
12/30/2021,9.69,9.69,9.68,9.69,0.01,0.1,24000.0
12/29/2021,9.69,9.69,9.68,9.68,-0.01,-0.1,4800.0
12/28/2021,9.69,9.69,9.69,9.69,0.01,0.1,250400.0
12/27/2021,9.71,9.71,9.68,9.68,-0.01,-0.1,13500.0
12/23/2021,9.69,9.7,9.69,9.69,0.0,0.0,21200.0
12/22/2021,9.76,9.76,9.68,9.69,-0.01,-0.1,340200.0
12/21/2021,9.72,9.74,9.7,9.7,-0.035,-0.36,48700.0
12/20/2021,9.72,9.75,9.72,9.735,-0.005,-0.05,55400.0
12/17/2021,9.74,9.74,9.72,9.74,0.01,0.1,2400.0
12/16/2021,9.72,9.75,9.72,9.73,0.0,0.0,32000.0
12/15/2021,9.72,9.73,9.71,9.73,0.0,0.0,31500.0
12/14/2021,9.75,9.75,9.72,9.73,-0.01,-0.1,1397100.0
12/13/2021,9.73,9.77,9.71,9.74,0.0,0.0,166600.0
12/10/2021,9.72,9.75,9.72,9.74,-0.01,-0.1,1200.0
12/09/2021,9.75,9.75,9.75,9.75,0.025,0.26,1300.0
12/08/2021,9.741,9.741,9.72,9.725,-0.015,-0.15,7300.0
12/07/2021,9.74,9.74,9.74,9.74,0.01,0.1,800.0
12/06/2021,9.72,9.75,9.71,9.73,0.01,0.1,25100.0
12/03/2021,9.72,9.72,9.72,9.72,-0.02,-0.21,1200.0
12/02/2021,9.73,9.77,9.72,9.74,0.0,0.0,434500.0
12/01/2021,9.75,9.79,9.735,9.74,-0.01,-0.1,85100.0
11/30/2021,9.75,9.75,9.72,9.75,0.0,0.0,71400.0
11/29/2021,9.73,9.75,9.72,9.75,0.01,0.1,56200.0
11/26/2021,9.72,9.74,9.72,9.74,0.0,0.0,3200.0
11/24/2021,9.74,9.74,9.74,9.74,-0.01,-0.1,4500.0
11/23/2021,9.75,9.76,9.73,9.75,0.02,0.21,24000.0
11/22/2021,9.73,9.73,9.72,9.73,0.0,0.0,15100.0
11/19/2021,9.72,9.74,9.72,9.73,0.0,0.0,53000.0
11/18/2021,9.73,9.73,9.72,9.73,0.0,0.0,870100.0
11/17/2021,9.73,9.75,9.72,9.73,-0.02,-0.21,41600.0
11/16/2021,9.73,9.75,9.73,9.75,0.02,0.21,44900.0
11/12/2021,9.75,9.75,9.73,9.73,-0.05,-0.51,200.0
11/11/2021,9.74,9.78,9.72,9.78,0.04,0.41,284800.0
11/10/2021,9.74,9.74,9.74,9.74,0.0,0.0,300.0
11/09/2021,9.74,9.75,9.74,9.74,-0.01,-0.1,3400.0
11/08/2021,9.75,9.75,9.75,9.75,0.0,0.0,300.0
11/05/2021,9.75,9.75,9.73,9.75,0.005,0.05,4300.0
11/04/2021,9.745,9.745,9.745,9.745,-0.015,-0.15,100.0
11/03/2021,9.75,9.76,9.74,9.76,0.01,0.1,88800.0
11/02/2021,9.75,9.76,9.75,9.75,-0.01,-0.1,1700.0
11/01/2021,9.76,9.77,9.75,9.76,0.0,0.0,11500.0
10/27/2021,9.71,9.76,9.71,9.76,0.0,0.0,102700.0
10/26/2021,9.75,9.76,9.73,9.76,0.03,0.31,193500.0
10/25/2021,9.75,9.75,9.72,9.73,-0.02,-0.21,120900.0
10/22/2021,9.75,9.75,9.74,9.75,0.01,0.1,108400.0
10/21/2021,9.75,9.75,9.74,9.74,-0.01,-0.1,400.0
10/20/2021,9.75,9.75,9.75,9.75,0.0,0.0,100.0
10/19/2021,9.75,9.75,9.75,9.75,0.0,0.0,3500.0
10/18/2021,9.75,9.75,9.715,9.75,0.0,0.0,21500.0
10/15/2021,9.73,9.75,9.73,9.75,0.01,0.1,67300.0
10/14/2021,9.75,9.75,9.735,9.74,-0.01,-0.1,700.0
10/13/2021,9.75,9.75,9.75,9.75,0.0,0.0,800.0
10/12/2021,9.75,9.75,9.72,9.75,0.0,0.0,3400.0
10/11/2021,9.75,9.75,9.7,9.75,0.01,0.1,78300.0
10/08/2021,9.72,9.75,9.72,9.74,0.01,0.1,55800.0
10/07/2021,9.75,9.75,9.73,9.73,0.0,0.0,2200.0
10/06/2021,9.69,9.73,9.68,9.73,-0.02,-0.21,67500.0
10/04/2021,9.74,9.75,9.71,9.75,0.02,0.21,7400.0
10/01/2021,9.71,9.73,9.7,9.73,0.02,0.21,12400.0
09/30/2021,9.71,9.71,9.695,9.71,-0.03,-0.31,236500.0
09/28/2021,9.7049,9.74,9.7049,9.74,0.01,0.1,16400.0
09/27/2021,9.7,9.74,9.7,9.73,0.03,0.31,184100.0
09/24/2021,9.7,9.71,9.69,9.7,-0.03,-0.31,1600.0
09/23/2021,9.72,9.73,9.715,9.73,0.0,0.0,216100.0
09/22/2021,9.72,9.73,9.67,9.73,0.05,0.52,133400.0
09/21/2021,9.68,9.69,9.68,9.68,0.01,0.1,800.0
09/20/2021,9.7,9.7,9.67,9.67,-0.08,-0.82,1600.0
09/17/2021,9.72,9.75,9.67,9.75,0.02,0.21,58900.0
09/16/2021,9.64,9.73,9.64,9.73,0.02,0.21,125600.0
09/15/2021,9.7,9.73,9.7,9.71,0.01,0.1,35000.0
09/14/2021,9.68,9.73,9.68,9.7,0.0,0.0,151900.0
09/13/2021,9.69,9.7,9.68,9.7,0.03,0.31,6300.0
09/10/2021,9.67,9.67,9.67,9.67,0.01,0.1,300.0
09/09/2021,9.65,9.68,9.65,9.66,-0.02,-0.21,348500.0
09/08/2021,9.69,9.69,9.68,9.68,0.015,0.16,2700.0
09/07/2021,9.66,9.69,9.66,9.665,-0.025,-0.26,1100.0
09/03/2021,9.64,9.69,9.64,9.69,0.01,0.1,1900.0
09/02/2021,9.61,9.7,9.61,9.68,0.03,0.31,150600.0
09/01/2021,9.65,9.65,9.65,9.65,0.0,0.0,200.0
08/31/2021,9.6,9.65,9.6,9.65,0.01,0.1,7300.0
08/30/2021,9.6,9.64,9.6,9.64,-0.01,-0.1,1800.0
08/26/2021,9.62,9.65,9.62,9.65,0.01,0.1,1800.0
08/23/2021,9.61,9.65,9.61,9.64,0.0,0.0,165600.0
08/20/2021,9.65,9.65,9.6,9.64,0.0,0.0,24700.0
08/19/2021,9.63,9.64,9.61,9.64,-0.01,-0.1,7100.0
08/18/2021,9.63,9.65,9.63,9.65,-0.01,-0.1,2200.0
08/17/2021,9.65,9.66,9.65,9.66,0.01,0.1,6000.0
08/16/2021,9.65,9.66,9.64,9.65,-0.02,-0.21,13600.0
08/13/2021,9.65,9.67,9.62,9.67,0.02,0.21,10400.0
08/11/2021,9.65,9.668,9.65,9.65,0.0,0.0,4800.0
08/10/2021,9.65,9.66,9.65,9.65,0.0,0.0,7200.0
08/09/2021,9.6785,9.6785,9.65,9.65,0.0,0.0,2800.0
08/06/2021,9.66,9.66,9.65,9.65,-0.02,-0.21,1000.0
08/05/2021,9.66,9.67,9.63,9.67,-0.02,-0.21,22400.0
08/04/2021,9.68,9.69,9.65,9.69,0.03,0.31,64800.0
08/03/2021,9.67,9.7,9.66,9.66,0.02,0.21,75500.0
08/02/2021,9.66,9.66,9.64,9.64,-0.04,-0.41,21700.0
07/30/2021,9.66,9.69,9.64,9.68,0.02,0.21,46100.0
07/29/2021,9.66,9.67,9.66,9.66,-0.0025,-0.03,5600.0
07/28/2021,9.66,9.67,9.66,9.6625,-0.0875,-0.9,237000.0
07/27/2021,9.65,9.75,9.65,9.75,0.09,0.93,167800.0
07/26/2021,9.65,9.66,9.65,9.66,0.0,0.0,102200.0
07/23/2021,9.65,9.66,9.65,9.66,0.01,0.1,59900.0
07/22/2021,9.64,9.651,9.64,9.65,0.0,0.0,5800.0
07/21/2021,9.71,9.71,9.65,9.65,0.0,0.0,300.0
07/20/2021,9.65,9.65,9.6399,9.65,0.01,0.1,16200.0
07/19/2021,9.62,9.65,9.61,9.64,-0.02,-0.21,18300.0
07/16/2021,9.68,9.68,9.66,9.66,0.0,0.0,4500.0
07/15/2021,9.65,9.67,9.64,9.66,-0.03,-0.31,496900.0
07/14/2021,9.68,9.7,9.66,9.69,0.015,0.16,83300.0
07/13/2021,9.64,9.68,9.64,9.675,0.015,0.16,17000.0
07/12/2021,9.64,9.68,9.64,9.66,0.0,0.0,28600.0
07/09/2021,9.66,9.66,9.65,9.66,0.01,0.1,7500.0
07/08/2021,9.67,9.67,9.65,9.65,-0.02,-0.21,200.0
07/07/2021,9.66,9.67,9.66,9.67,0.01,0.1,3300.0
07/06/2021,9.66,9.67,9.66,9.66,0.0,0.0,6000.0
07/02/2021,9.67,9.67,9.65,9.66,0.0,0.0,1500.0
07/01/2021,9.67,9.67,9.66,9.66,-0.0092,-0.1,141600.0
06/30/2021,9.66,9.6692,9.65,9.6692,-8.0E-4,-0.01,85800.0
06/29/2021,9.67,9.67,9.66,9.67,0.0,0.0,9400.0
06/28/2021,9.67,9.68,9.66,9.67,0.0,0.0,353600.0
06/25/2021,9.68,9.68,9.67,9.67,-0.01,-0.1,77100.0
06/24/2021,9.6854,9.6854,9.66,9.68,0.0,0.0,7600.0
06/23/2021,9.68,9.6805,9.68,9.68,-0.01,-0.1,3800.0
06/22/2021,9.66,9.7,9.66,9.69,0.04,0.41,1003100.0
06/21/2021,9.64,9.66,9.64,9.65,0.01,0.1,185000.0
06/18/2021,9.65,9.66,9.64,9.64,-0.02,-0.21,10600.0
06/17/2021,9.67,9.68,9.655,9.66,0.01,0.1,3000.0
06/16/2021,9.7,9.7,9.65,9.65,-0.0301,-0.31,16200.0
06/15/2021,9.68,9.7,9.68,9.6801,0.0101,0.1,13300.0
06/14/2021,9.67,9.7,9.64,9.67,0.0,0.0,90100.0
06/11/2021,9.69,9.71,9.67,9.67,-0.02,-0.21,14500.0
06/10/2021,9.69,9.7,9.68,9.69,-0.0084,-0.09,15000.0
06/09/2021,9.7035,9.7035,9.69,9.6984,0.0084,0.09,4900.0
06/08/2021,9.75,9.75,9.69,9.69,-0.01,-0.1,2900.0
06/07/2021,9.8,9.8,9.7,9.7,-0.01,-0.1,1600.0
06/04/2021,9.7,9.71,9.7,9.71,0.03,0.31,1200.0
06/03/2021,9.7,9.7,9.68,9.68,0.015,0.16,4200.0
06/02/2021,9.66,9.7,9.66,9.665,0.005,0.05,3200.0
06/01/2021,9.8,9.8,9.65,9.66,-0.01,-0.1,33600.0
05/28/2021,9.8,9.8,9.65,9.67,0.0,0.0,20700.0
05/27/2021,9.7,9.7,9.63,9.67,-0.03,-0.31,5100.0
05/26/2021,9.71,9.74,9.68,9.7,0.02,0.21,9200.0
05/25/2021,9.63,9.75,9.63,9.68,-0.02,-0.21,64300.0
05/21/2021,9.76,9.78,9.7,9.7,0.02,0.21,1800.0
05/20/2021,9.69,9.69,9.63,9.68,0.05,0.52,203500.0
05/19/2021,9.7,9.72,9.62,9.63,-0.05,-0.52,11400.0
05/18/2021,9.65,9.76,9.61,9.68,-0.02,-0.21,80400.0
05/17/2021,9.61,9.72,9.61,9.7,0.0,0.0,245200.0
05/14/2021,9.72,9.72,9.69,9.7,-0.06,-0.61,56100.0
05/13/2021,9.73,9.76,9.73,9.76,0.05,0.51,3700.0
05/12/2021,9.71,9.71,9.71,9.71,0.0,0.0,3500.0
05/11/2021,9.7,9.71,9.7,9.71,0.0,0.0,6900.0
05/10/2021,9.7,9.71,9.7,9.71,0.01,0.1,4900.0
05/07/2021,9.8,9.8,9.7,9.7,-0.05,-0.51,6200.0
05/06/2021,9.75,9.75,9.75,9.75,0.0049,0.05,500.0
05/05/2021,9.75,9.8,9.7,9.7451,0.0451,0.46,8900.0
05/04/2021,9.82,9.82,9.7,9.7,-0.04,-0.41,18400.0
05/03/2021,9.72,9.76,9.72,9.74,0.01,0.1,6600.0
04/30/2021,9.73,9.73,9.73,9.73,-0.03,-0.31,3800.0
04/29/2021,9.72,9.78,9.72,9.76,0.04,0.41,2300.0
04/28/2021,9.71,9.75,9.7077,9.72,-0.03,-0.31,8500.0
04/27/2021,9.7103,9.75,9.7103,9.75,-0.05,-0.51,102200.0
04/26/2021,9.8,9.8,9.8,9.8,0.0,0.0,100.0
04/23/2021,9.85,9.85,9.8,9.8,0.0,0.0,200.0
04/21/2021,9.8,9.8,9.8,9.8,0.0,0.0,2600.0
04/20/2021,9.8,9.8,9.75,9.8,0.0,0.0,8400.0
