03/20/2024,1.86,1.91,1.86,1.9,0.0,0.0,592.0
03/19/2024,1.83,1.89,1.83,1.86,0.0,0.0,2043.0
03/18/2024,1.91,1.91,1.9,1.9,0.0,0.0,13372.0
03/15/2024,1.9,1.91,1.9,1.9,0.0,0.0,468.0
03/14/2024,1.8791,1.8791,1.8791,1.8791,0.0,0.0,166.0
03/13/2024,1.8,1.87,1.8,1.87,0.0,0.0,416.0
03/12/2024,1.89,1.89,1.89,1.89,0.0,0.0,214.0
03/11/2024,1.95,2.06,1.8957,1.98,0.0,0.0,4692.0
03/08/2024,1.95,1.99,1.8,1.85,0.0,0.0,8982.0
03/07/2024,1.97,1.97,1.95,1.965,0.0,0.0,2436.0
03/06/2024,2.09,2.09,1.97,1.98,0.0,0.0,6695.0
03/05/2024,2.26,2.48,1.95,1.95,0.0,0.0,7984.0
03/04/2024,1.91,2.3095,1.91,1.99,0.0,0.0,5618.0
03/01/2024,1.94,1.99,1.94,1.97,0.0,0.0,2575.0
02/29/2024,1.96,1.96,1.96,1.96,0.0,0.0,5125.0
02/28/2024,1.94,1.9588,1.8801,1.9588,0.0,0.0,1184.0
02/27/2024,1.77,1.97,1.77,1.97,0.0,0.0,4434.0
02/23/2024,1.96,1.985,1.96,1.972,0.0,0.0,2705.0
02/22/2024,1.88,1.9748,1.88,1.9748,0.0,0.0,1658.0
02/21/2024,1.9084,1.9099,1.8868,1.9,0.0,0.0,3461.0
02/20/2024,1.92,1.99,1.91,1.955,0.0,0.0,10065.0
02/16/2024,2.0,2.07,1.955,1.9975,0.0,0.0,15953.0
02/15/2024,1.89,1.99,1.88,1.99,0.0,0.0,1493.0
02/14/2024,2.13,2.13,2.0215,2.0215,0.0,0.0,761.0
02/12/2024,2.02,2.02,2.02,2.02,0.0,0.0,818.0
02/09/2024,2.035,2.035,2.03,2.03,0.0,0.0,787.0
02/08/2024,2.05,2.074,2.04,2.0454,0.0,0.0,3401.0
02/07/2024,2.03,2.04,2.03,2.03,0.0,0.0,775.0
02/06/2024,2.03,2.0401,2.03,2.03,0.0,0.0,2412.0
02/05/2024,2.03,2.05,2.03,2.03,0.0,0.0,3194.0
02/02/2024,2.045,2.045,2.045,2.045,0.0,0.0,299.0
02/01/2024,1.85,1.99,1.85,1.99,0.0,0.0,1384.0
01/31/2024,1.8,1.92,1.8,1.91,0.0,0.0,2873.0
01/30/2024,1.85,1.85,1.85,1.85,0.0,0.0,188.0
01/26/2024,1.9685,1.9685,1.9685,1.9685,0.0,0.0,1437.0
01/25/2024,1.83,1.885,1.8,1.8,0.0,0.0,9846.0
01/23/2024,1.92,1.97,1.92,1.97,0.0,0.0,701.0
01/22/2024,1.8004,1.9612,1.8004,1.9612,0.0,0.0,1040.0
01/19/2024,2.15,2.15,2.08,2.13,0.0,0.0,1690.0
01/18/2024,2.05,2.14,2.01,2.13,0.0,0.0,8015.0
01/17/2024,2.05,2.149,2.05,2.149,0.0,0.0,2815.0
01/16/2024,2.03,2.1,2.03,2.0603,0.0,0.0,3399.0
01/12/2024,2.0458,2.105,2.04,2.04,0.0,0.0,629.0
01/11/2024,2.099,2.1,2.03,2.1,0.0,0.0,2323.0
01/10/2024,1.99,2.05,1.99,2.01,0.0,0.0,2553.0
01/09/2024,2.07,2.07,2.05,2.05,0.0,0.0,961.0
01/08/2024,2.01,2.065,2.01,2.04,0.0,0.0,557.0
01/05/2024,2.09,2.09,2.09,2.09,0.0,0.0,672.0
01/04/2024,1.98,2.04,1.98,2.04,0.0,0.0,3050.0
01/02/2024,1.91,1.9497,1.91,1.94,0.0,0.0,1327.0
12/29/2023,2.0271,2.036,1.91,1.91,0.0,0.0,3284.0
12/28/2023,2.15,2.15,2.15,2.15,0.0,0.0,728.0
12/27/2023,2.01,2.055,2.01,2.055,0.0,0.0,1985.0
12/26/2023,1.96,2.03,1.96,2.02,0.0,0.0,2624.0
12/22/2023,2.02,2.02,2.02,2.02,0.0,0.0,397.0
12/21/2023,2.23,2.23,2.0661,2.1499,0.0,0.0,1592.0
12/20/2023,2.25,2.25,2.05,2.09,0.0,0.0,8809.0
12/19/2023,1.98,2.1,1.96,1.97,0.0,0.0,8992.0
12/18/2023,1.9838,1.9838,1.9838,1.9838,0.0,0.0,1591.0
12/14/2023,1.94,2.08,1.94,2.015,0.0,0.0,27135.0
12/13/2023,1.98,1.98,1.975,1.975,0.0,0.0,287.0
12/12/2023,2.08,2.095,2.08,2.0915,0.0,0.0,1221.0
12/11/2023,2.0,2.0,2.0,2.0,0.0,0.0,366.0
12/08/2023,1.93,1.95,1.93,1.95,0.0,0.0,496.0
12/07/2023,1.98,2.0133,1.96,2.0133,0.0,0.0,1410.0
12/06/2023,1.98,2.03,1.98,1.99,0.0,0.0,3030.0
12/05/2023,1.95,2.01,1.95,2.0,0.0,0.0,1623.0
12/04/2023,2.0564,2.0564,2.01,2.01,0.0,0.0,410.0
12/01/2023,2.03,2.03,2.02,2.03,0.0,0.0,6138.0
11/30/2023,2.02,2.03,2.01,2.01,0.0,0.0,2846.0
11/29/2023,2.02,2.05,2.02,2.05,0.0,0.0,1662.0
11/28/2023,2.0436,2.0436,2.04,2.04,0.0,0.0,444.0
11/27/2023,2.03,2.03,2.02,2.02,0.0,0.0,909.0
11/24/2023,2.02,2.04,2.02,2.03,0.0,0.0,1152.0
11/22/2023,2.02,2.02,2.02,2.02,0.0,0.0,230.0
11/21/2023,2.03,2.03,2.02,2.02,0.0,0.0,734.0
11/20/2023,2.02,2.17,2.02,2.02,0.0,0.0,2838.0
11/17/2023,2.02,2.0216,2.02,2.02,0.0,0.0,790.0
11/16/2023,2.02,2.02,2.02,2.02,0.0,0.0,917.0
11/15/2023,2.13,2.13,2.03,2.03,0.0,0.0,787.0
11/14/2023,2.21,2.21,2.02,2.02,0.0,0.0,1142.0
11/13/2023,2.1,2.1,2.1,2.1,0.0,0.0,1482.0
11/07/2023,2.0101,2.0101,2.01,2.01,0.0,0.0,295.0
11/06/2023,2.01,2.09,2.01,2.09,0.0,0.0,673.0
11/03/2023,2.01,2.01,2.01,2.01,0.0,0.0,171.0
11/02/2023,2.01,2.2,2.01,2.11,0.0,0.0,3056.0
11/01/2023,2.1,2.1,2.01,2.0101,0.0,0.0,2775.0
10/31/2023,2.3,2.3,2.12,2.12,0.0,0.0,830.0
10/30/2023,2.255,2.255,2.255,2.255,0.0,0.0,285.0
10/27/2023,2.1001,2.1001,2.1001,2.1001,0.0,0.0,327.0
10/24/2023,2.012,2.0876,2.01,2.0876,0.0,0.0,2845.0
10/23/2023,2.08,2.08,2.01,2.01,0.0,0.0,274.0
10/20/2023,2.23,2.23,2.08,2.08,0.0,0.0,6330.0
10/19/2023,2.13,2.1644,2.13,2.13,0.0,0.0,964.0
10/18/2023,2.18,2.18,2.18,2.18,0.0,0.0,433.0
10/17/2023,2.3,2.4,2.18,2.24,0.0,0.0,2256.0
10/16/2023,2.42,2.42,2.07,2.25,0.0,0.0,2500.0
10/13/2023,2.39,2.39,2.39,2.39,0.0,0.0,1177.0
10/12/2023,2.01,2.1815,2.01,2.11,0.0,0.0,630.0
10/11/2023,2.01,2.165,2.01,2.01,0.0,0.0,868.0
10/10/2023,2.01,2.02,2.01,2.0101,0.0,0.0,1355.0
10/09/2023,2.02,2.02,2.02,2.02,0.0,0.0,156.0
10/06/2023,2.23,2.23,2.17,2.17,0.0,0.0,225.0
10/05/2023,2.25,2.25,2.06,2.17,0.0,0.0,3008.0
10/03/2023,2.33,2.3645,2.1605,2.23,0.0,0.0,9362.0
10/02/2023,2.198,2.275,2.18,2.275,0.0,0.0,6041.0
09/29/2023,2.105,2.105,2.02,2.1,0.0,0.0,714.0
09/28/2023,2.1999,2.1999,2.1999,2.1999,0.0,0.0,265.0
09/27/2023,2.02,2.02,2.02,2.02,0.0,0.0,287.0
09/25/2023,1.96,2.06,1.96,2.06,0.0,0.0,321.0
09/22/2023,1.95,2.01,1.95,2.01,0.0,0.0,632.0
09/21/2023,1.99,1.995,1.9101,1.96,0.0,0.0,1624.0
09/20/2023,2.091,2.0911,2.09,2.09,0.0,0.0,1058.0
09/19/2023,2.04,2.1,2.04,2.1,0.0,0.0,1383.0
09/18/2023,2.07,2.087,2.07,2.08,0.0,0.0,943.0
09/15/2023,2.06,2.09,2.06,2.09,0.0,0.0,1014.0
09/14/2023,1.985,2.0802,1.985,2.0802,0.0,0.0,732.0
09/13/2023,2.0832,2.0832,2.07,2.07,0.0,0.0,753.0
09/12/2023,2.06,2.08,2.06,2.08,0.0,0.0,7524.0
09/11/2023,2.0899,2.1,2.075,2.075,0.0,0.0,16542.0
09/08/2023,1.9,1.9,1.9,1.9,0.0,0.0,777.0
09/07/2023,1.93,2.0,1.92,1.92,0.0,0.0,2553.0
09/06/2023,1.88,2.01,1.88,2.01,0.0,0.0,2076.0
09/05/2023,1.86,1.99,1.86,1.94,0.0,0.0,11480.0
09/01/2023,1.97,2.01,1.97,2.0,0.0,0.0,2146.0
08/31/2023,1.93,2.0,1.875,1.9901,0.0,0.0,6374.0
08/30/2023,1.73,1.95,1.71,1.95,0.0,0.0,7173.0
08/29/2023,1.85,1.85,1.75,1.8055,0.0,0.0,1270.0
08/28/2023,1.88,1.91,1.88,1.88,0.0,0.0,7763.0
08/25/2023,1.7999,1.99,1.79,1.88,0.0,0.0,21667.0
08/24/2023,1.77,1.77,1.77,1.77,0.0,0.0,132.0
08/23/2023,1.73,1.76,1.73,1.76,0.0,0.0,372.0
08/22/2023,1.78,1.8,1.78,1.8,0.0,0.0,1112.0
08/21/2023,1.79,1.82,1.78,1.78,0.0,0.0,2590.0
08/18/2023,1.87,1.98,1.77,1.88,0.0,0.0,2192.0
08/17/2023,2.0,2.0208,1.9001,1.99,0.0,0.0,6931.0
08/16/2023,1.93,2.04,1.93,2.0,0.0,0.0,2290.0
08/15/2023,2.0,2.1722,1.94,2.01,0.0,0.0,5121.0
08/14/2023,1.41,2.01,1.41,2.0,0.0,0.0,45761.0
08/11/2023,1.77,1.77,1.44,1.45,0.0,0.0,17733.0
08/10/2023,2.0,2.0175,1.5101,1.71,0.0,0.0,19324.0
08/09/2023,1.9,1.9,1.9,1.9,0.0,0.0,258.0
08/08/2023,1.97,2.21,1.71,1.991,0.0,0.0,30369.0
08/07/2023,2.13,2.13,1.85,1.86,0.0,0.0,14767.0
08/04/2023,2.12,2.3,2.1,2.13,0.0,0.0,2411.0
08/03/2023,2.11,2.13,2.11,2.13,0.0,0.0,974.0
08/02/2023,2.0665,2.1,2.06,2.1,0.0,0.0,541.0
08/01/2023,2.4,2.4,2.3299,2.3299,0.0,0.0,474.0
07/31/2023,2.29,2.382,2.29,2.37,0.0,0.0,2072.0
07/28/2023,2.3,2.3,2.2591,2.2911,0.0,0.0,1023.0
07/27/2023,2.42,2.46,2.35,2.35,0.0,0.0,1539.0
07/26/2023,2.25,2.43,2.25,2.43,0.0,0.0,1133.0
07/25/2023,2.27,2.27,2.27,2.27,0.0,0.0,147.0
07/24/2023,2.44,2.44,2.26,2.26,0.0,0.0,292.0
07/21/2023,2.34,2.47,2.34,2.4,0.0,0.0,1945.0
07/20/2023,2.38,2.4,2.38,2.4,0.0,0.0,937.0
07/19/2023,2.21,2.3231,2.21,2.3231,0.0,0.0,403.0
07/18/2023,2.28,2.28,2.21,2.27,0.0,0.0,594.0
07/17/2023,2.41,2.41,2.17,2.18,0.0,0.0,1844.0
07/14/2023,2.3,2.4599,2.3,2.3,0.0,0.0,1652.0
07/12/2023,2.45,2.4841,2.45,2.4841,0.0,0.0,1909.0
07/11/2023,2.35,2.54,2.3,2.44,0.0,0.0,18169.0
07/10/2023,2.46,2.538,2.3666,2.52,0.0,0.0,3010.0
07/07/2023,2.48,2.54,2.38,2.51,0.0,0.0,1762.0
07/06/2023,2.51,2.51,2.4214,2.4214,0.0,0.0,214.0
07/05/2023,2.37,2.5,2.37,2.5,0.0,0.0,2916.0
07/03/2023,2.34,2.48,2.3,2.48,0.0,0.0,5187.0
06/30/2023,2.27,2.4899,2.27,2.4,0.0,0.0,1723.0
06/29/2023,2.4821,2.49,2.4,2.48,0.0,0.0,3386.0
06/28/2023,2.4611,2.4611,2.16,2.31,0.0,0.0,9215.0
06/27/2023,2.38,2.49,2.26,2.282,0.0,0.0,3800.0
06/26/2023,2.44,2.5499,2.38,2.38,0.0,0.0,1537.0
06/23/2023,2.46,2.5632,2.3,2.39,0.0,0.0,7018.0
06/22/2023,2.52,2.6,2.5,2.53,0.0,0.0,5910.0
06/21/2023,2.53,2.58,2.53,2.58,0.0,0.0,620.0
06/20/2023,2.53,2.64,2.51,2.58,0.0,0.0,1489.0
06/16/2023,2.5,2.64,2.5,2.64,0.0,0.0,8250.0
06/15/2023,2.81,2.81,2.51,2.51,0.0,0.0,12452.0
06/14/2023,2.83,2.9,2.71,2.71,0.0,0.0,1157.0
06/13/2023,2.92,2.92,2.502,2.8308,0.0,0.0,20898.0
06/12/2023,2.42,2.7689,2.31,2.7689,0.0,0.0,21656.0
06/09/2023,2.42,2.6,2.42,2.575,0.0,0.0,4079.0
06/08/2023,2.43,2.5,2.33,2.49,0.0,0.0,5197.0
06/07/2023,2.499,2.5,2.4,2.5,0.0,0.0,3589.0
06/06/2023,2.36,2.48,2.26,2.48,0.0,0.0,2577.0
06/05/2023,2.39,2.39,2.28,2.315,0.0,0.0,3874.0
06/01/2023,2.43,2.55,2.4,2.55,0.0,0.0,2849.0
05/31/2023,2.4494,2.679,2.4494,2.47,0.0,0.0,5024.0
05/30/2023,2.53,2.57,2.4939,2.57,0.0,0.0,1910.0
05/26/2023,2.5101,2.5101,2.45,2.475,0.0,0.0,606.0
05/25/2023,2.67,2.78,2.67,2.68,0.0,0.0,833.0
05/24/2023,2.82,2.82,2.71,2.72,0.0,0.0,1944.0
05/23/2023,2.39,2.89,2.39,2.84,0.0,0.0,33988.0
05/22/2023,2.46,2.51,2.43,2.43,0.0,0.0,2975.0
05/19/2023,2.4599,2.46,2.4599,2.46,0.0,0.0,1279.0
05/18/2023,2.41,2.4806,2.38,2.43,0.0,0.0,5796.0
05/17/2023,2.36,2.375,2.33,2.34,0.0,0.0,2886.0
05/16/2023,2.43,2.4404,2.3578,2.3578,0.0,0.0,2982.0
05/15/2023,2.35,2.5401,2.35,2.38,0.0,0.0,9718.0
05/12/2023,2.42,2.44,2.39,2.39,0.0,0.0,5220.0
05/11/2023,2.4,2.49,2.31,2.43,0.0,0.0,7005.0
05/10/2023,2.41,2.515,2.38,2.47,0.0,0.0,8302.0
05/09/2023,2.36,2.55,2.36,2.465,0.0,0.0,18328.0
05/08/2023,2.6,2.6,2.3717,2.44,0.0,0.0,7119.0
05/05/2023,2.72,2.87,2.115,2.59,0.0,0.0,131578.0
05/04/2023,2.65,2.78,2.44,2.73,0.0,0.0,24374.0
05/03/2023,3.07,3.17,2.31,2.88,0.0,0.0,375484.0
05/02/2023,2.75,2.75,2.5,2.69,0.0,0.0,66146.0
05/01/2023,2.2,2.7488,2.2,2.471,0.0,0.0,43031.0
04/28/2023,2.21,2.35,2.21,2.2509,0.0,0.0,10531.0
04/27/2023,2.2201,2.2201,2.2201,2.2201,0.0,0.0,163.0
04/26/2023,2.28,2.3,2.22,2.28,0.0,0.0,896.0
04/25/2023,2.3075,2.3612,2.3001,2.3612,0.0,0.0,1146.0
04/24/2023,2.53,2.53,2.3003,2.39,0.0,0.0,2210.0
04/21/2023,2.56,2.6159,2.46,2.58,0.0,0.0,1818.0
04/20/2023,2.5,2.5,2.5,2.5,-0.21,0.0,100.0
04/19/2023,2.66,2.71,2.66,2.71,-0.26,0.0,1600.0
04/18/2023,2.96,3.0,2.85,2.97,0.15,0.0,4700.0
04/17/2023,2.3,3.03,2.28,2.82,0.55,0.0,21800.0
04/14/2023,2.33,2.34,2.25,2.27,-0.16,0.0,4800.0
04/13/2023,2.43,2.43,2.43,2.43,0.0,0.0,500.0
04/12/2023,2.43,2.43,2.43,2.43,0.0,0.0,400.0
04/10/2023,2.48,2.48,2.4,2.43,-0.11,0.0,2000.0
04/06/2023,2.63,2.63,2.51,2.54,-0.15,0.0,600.0
04/05/2023,2.89,2.89,2.62,2.69,-0.2,0.0,2500.0
04/04/2023,3.24,3.24,2.89,2.89,-0.32,0.0,5500.0
04/03/2023,3.16,3.21,3.16,3.21,-0.04,0.0,1100.0
03/31/2023,3.13,3.35,3.13,3.25,0.09,0.0,13400.0
03/30/2023,3.15,3.44,3.1,3.16,-0.04,0.0,23900.0
03/29/2023,3.28,3.4,3.08,3.21,-0.07,0.0,7400.0
03/28/2023,3.07,3.32,2.98,3.27,0.17,0.0,5900.0
03/27/2023,2.89,3.1,2.69,3.1,0.12,0.0,7500.0
03/24/2023,2.88,2.98,2.88,2.98,0.11,0.0,4300.0
03/23/2023,2.79,2.87,2.79,2.87,-0.01,0.0,1100.0
03/22/2023,2.78,2.96,2.78,2.88,0.02,0.0,11500.0
03/21/2023,2.68,2.86,2.68,2.86,0.15,0.0,3900.0
03/20/2023,2.54,2.71,2.47,2.71,0.11,0.0,22800.0
03/17/2023,2.55,2.76,2.55,2.6,-0.02,0.0,13500.0
03/16/2023,2.46,2.7,2.41,2.62,-0.07,0.0,16300.0
03/15/2023,2.18,2.86,2.18,2.69,0.02,0.0,14700.0
03/14/2023,2.5,2.72,2.5,2.67,0.27,0.0,10600.0
03/13/2023,2.61,2.72,2.4,2.4,-0.17,0.0,12500.0
03/10/2023,2.42,2.6,2.42,2.56,0.2,0.0,13600.0
03/09/2023,2.15,2.45,2.14,2.36,0.29,0.0,33400.0
03/08/2023,2.0,2.1,2.0,2.07,-0.08,0.0,5100.0
03/07/2023,2.15,2.15,2.15,2.15,-0.09,0.0,500.0
03/06/2023,2.29,2.3,2.18,2.24,-0.06,0.0,3200.0
03/03/2023,2.33,2.33,2.3,2.3,-0.19,0.0,1000.0
03/02/2023,2.5,2.5,2.43,2.49,-0.01,0.0,5600.0
03/01/2023,2.6,2.6,2.5,2.5,-0.03,0.0,1600.0
02/28/2023,2.67,2.67,2.53,2.53,-0.18,0.0,1000.0
02/27/2023,2.65,2.71,2.65,2.71,0.06,0.0,300.0
02/24/2023,2.65,2.67,2.65,2.65,0.0,0.0,7600.0
02/23/2023,2.65,2.67,2.65,2.65,0.06,0.0,3700.0
02/22/2023,2.71,2.71,2.59,2.59,0.09,0.0,300.0
02/21/2023,2.53,2.53,2.5,2.5,-0.03,0.0,1300.0
02/17/2023,2.53,2.53,2.53,2.53,-0.12,0.0,400.0
02/16/2023,2.67,2.69,2.65,2.65,-0.01,0.0,7600.0
02/15/2023,2.65,2.67,2.65,2.66,0.03,0.0,4000.0
02/14/2023,2.63,2.63,2.63,2.63,0.08,0.0,200.0
02/13/2023,2.62,2.62,2.54,2.54,-0.02,0.0,7100.0
02/10/2023,2.49,2.71,2.49,2.56,0.05,0.0,11000.0
02/09/2023,2.5,2.55,2.49,2.51,-0.1,0.0,5200.0
02/08/2023,2.92,2.92,2.58,2.61,-0.2,0.0,10600.0
02/07/2023,2.8,3.1,2.8,2.81,0.21,0.0,150600.0
02/06/2023,2.6,2.6,2.6,2.6,-0.12,0.0,400.0
02/03/2023,2.7,2.72,2.7,2.72,0.02,0.0,1700.0
02/02/2023,2.71,2.72,2.69,2.7,0.05,0.0,10200.0
02/01/2023,2.67,2.67,2.65,2.65,-0.07,0.0,700.0
01/31/2023,2.72,2.72,2.72,2.72,0.04,0.0,700.0
01/30/2023,2.7,2.71,2.67,2.68,-0.03,0.0,10300.0
01/27/2023,2.67,2.73,2.67,2.71,0.01,0.0,1200.0
01/26/2023,2.56,2.7,2.54,2.7,-0.03,0.0,2200.0
01/25/2023,2.7,2.75,2.7,2.73,0.04,0.0,600.0
01/24/2023,2.77,2.77,2.65,2.69,0.07,0.0,3500.0
01/23/2023,2.69,2.7,2.62,2.62,-0.1,0.0,2100.0
01/20/2023,2.69,2.76,2.69,2.72,0.02,0.0,9100.0
01/19/2023,2.69,2.74,2.69,2.7,0.0,0.0,1000.0
01/18/2023,2.73,2.73,2.7,2.7,-0.01,0.0,6800.0
01/17/2023,2.7,2.74,2.7,2.71,0.04,0.0,21900.0
01/13/2023,2.49,2.67,2.49,2.67,-0.01,0.0,700.0
01/12/2023,2.73,2.73,2.6,2.68,-0.04,0.0,12400.0
01/11/2023,2.55,2.72,2.55,2.72,0.15,0.0,17400.0
01/10/2023,2.59,2.62,2.56,2.57,0.02,0.0,2200.0
01/09/2023,2.61,2.63,2.55,2.55,0.0,0.0,4900.0
01/06/2023,2.52,2.64,2.44,2.55,0.13,0.0,7800.0
01/05/2023,2.51,2.55,2.35,2.42,-0.13,0.0,3700.0
01/04/2023,2.6,2.6,2.55,2.55,0.0,0.0,2800.0
01/03/2023,2.53,2.6,2.53,2.55,0.0,0.0,24000.0
12/30/2022,2.42,2.4911,2.42,2.47,0.02,0.82,1500.0
12/29/2022,2.45,2.4986,2.45,2.45,0.1,4.26,7100.0
12/28/2022,2.36,2.369,2.35,2.35,-0.04,-1.67,1800.0
12/27/2022,2.35,2.4,2.35,2.39,0.09,3.91,7800.0
12/23/2022,2.28,2.3,2.28,2.3,0.11,5.02,5400.0
12/22/2022,2.4,2.4,2.14,2.19,-0.16,-6.81,4700.0
12/21/2022,2.35,2.455,2.24,2.35,-0.224,-8.7,11300.0
12/20/2022,2.6236,2.6236,2.39,2.574,0.044,1.74,2100.0
12/19/2022,2.78,2.78,2.53,2.53,-0.13,-4.89,2800.0
12/16/2022,2.69,2.7547,2.66,2.66,-0.03,-1.12,4300.0
12/15/2022,2.69,2.69,2.655,2.69,-0.06,-2.18,2500.0
12/14/2022,2.79,2.83,2.7395,2.75,-0.02,-0.72,5400.0
12/13/2022,2.63,2.8,2.63,2.77,0.12,4.53,30300.0
12/12/2022,2.44,2.685,2.44,2.65,0.04,1.53,6900.0
12/09/2022,2.6,2.6258,2.4901,2.61,0.16,6.53,23100.0
12/08/2022,2.6,2.62,2.45,2.45,-0.11,-4.3,31200.0
12/07/2022,2.53,2.62,2.525,2.56,0.03,1.19,2000.0
12/06/2022,2.6,2.62,2.52,2.53,0.02,0.8,13900.0
12/05/2022,2.4,2.574,2.4,2.51,0.1199,5.02,15200.0
12/02/2022,2.51,2.51,2.39,2.3901,0.0301,1.28,800.0
12/01/2022,2.41,2.53,2.3,2.36,-0.14,-5.6,4700.0
11/30/2022,2.33,2.5,2.3271,2.5,0.0,0.0,1000.0
11/29/2022,2.42,2.53,2.42,2.5,0.1,4.17,8900.0
11/28/2022,2.49,2.5,2.4,2.4,-0.13,-5.14,6500.0
11/25/2022,2.57,2.57,2.485,2.53,0.0,0.0,500.0
11/23/2022,2.58,2.58,2.41,2.53,0.06,2.43,4600.0
11/22/2022,2.33,2.59,2.33,2.47,0.08,3.35,24100.0
11/21/2022,2.4,2.45,2.3401,2.39,-0.01,-0.42,8700.0
11/18/2022,2.5,2.54,2.4,2.4,-0.14,-5.51,1900.0
11/17/2022,2.65,2.6523,2.42,2.54,0.0273,1.09,4600.0
11/16/2022,2.39,2.55,2.39,2.5127,0.0427,1.73,10600.0
11/15/2022,2.35,2.5,2.3,2.47,0.1,4.22,19200.0
11/14/2022,2.4,2.48,2.3001,2.37,-0.03,-1.25,11300.0
11/11/2022,2.37,2.58,2.34,2.4,0.09,3.9,33800.0
11/10/2022,2.3,2.4099,2.3,2.31,0.0569,2.53,17300.0
11/09/2022,2.15,2.2531,2.15,2.2531,0.038,1.72,3800.0
11/08/2022,2.1373,2.35,2.1373,2.2151,-0.2249,-9.22,5000.0
11/07/2022,2.4,2.46,2.35,2.44,0.09,3.83,10000.0
11/04/2022,2.31,2.39,2.3,2.35,0.05,2.17,5500.0
11/03/2022,2.3,2.42,1.95,2.3,-0.06,-2.54,14700.0
11/02/2022,2.39,2.411,2.36,2.36,-0.0731,-3.0,3800.0
11/01/2022,2.435,2.5,2.42,2.4331,0.0564,2.37,4600.0
10/31/2022,2.33,2.5,2.33,2.3767,-0.0233,-0.97,8800.0
10/28/2022,2.06,2.465,2.06,2.4,0.28,13.21,23800.0
10/27/2022,2.21,2.2301,2.05,2.12,-0.2,-8.62,10200.0
10/26/2022,2.06,2.39,2.06,2.32,0.25,12.08,26100.0
10/25/2022,2.03,2.1871,2.03,2.07,0.05,2.48,14700.0
10/24/2022,2.31,2.315,1.98,2.02,-0.28,-12.17,13700.0
10/21/2022,2.39,2.43,2.3,2.3,-0.09,-3.77,17400.0
10/20/2022,2.24,2.39,2.1717,2.39,0.09,3.91,1000.0
10/19/2022,2.06,2.34,2.03,2.3,0.215,10.31,75500.0
10/18/2022,2.15,2.16,2.085,2.085,-0.045,-2.11,2000.0
10/17/2022,2.15,2.15,2.13,2.13,0.11,5.45,1800.0
10/14/2022,2.16,2.19,2.02,2.02,-0.14,-6.48,4500.0
10/13/2022,2.18,2.21,2.1001,2.16,-0.024,-1.1,16500.0
10/12/2022,2.24,2.24,2.11,2.184,-0.016,-0.73,2300.0
10/11/2022,2.07,2.22,2.07,2.2,0.06,2.8,19800.0
10/10/2022,2.1,2.15,2.1,2.14,-0.05,-2.28,4800.0
10/07/2022,2.3,2.3,2.15,2.19,-0.1,-4.37,9100.0
10/06/2022,2.16,2.33,2.16,2.29,0.07,3.15,3700.0
10/05/2022,2.22,2.24,2.1,2.22,-0.02,-0.89,39700.0
10/04/2022,2.22,2.32,2.22,2.24,-0.03,-1.32,17600.0
10/03/2022,2.17,2.28,2.1,2.27,-0.08,-3.4,18500.0
09/30/2022,2.48,2.5399,2.28,2.35,-0.06,-2.49,13700.0
09/29/2022,2.26,2.48,2.05,2.41,0.06,2.55,25300.0
09/28/2022,2.45,2.56,2.3,2.35,-0.1399,-5.62,30100.0
09/27/2022,2.42,2.71,2.2908,2.4899,0.1099,4.62,89500.0
09/26/2022,2.34,2.38,2.24,2.38,0.05,2.15,13700.0
09/23/2022,2.1,2.4199,2.06,2.33,0.26,12.56,140300.0
09/22/2022,2.13,2.13,2.0201,2.07,-0.05,-2.36,14200.0
09/21/2022,2.1,2.14,2.06,2.12,0.02,0.95,40700.0
09/20/2022,2.15,2.2,2.1,2.1,-0.08,-3.67,23300.0
09/19/2022,2.1,2.24,2.1,2.18,0.07,3.32,37800.0
09/16/2022,2.11,2.1682,2.0063,2.11,0.01,0.48,41400.0
09/15/2022,2.18,2.2099,1.95,2.1,-0.06,-2.78,79800.0
09/14/2022,2.45,2.45,2.1,2.16,-0.46,-17.56,191100.0
09/13/2022,2.21,2.68,2.16,2.62,0.26,11.02,336700.0
09/12/2022,2.35,2.5,2.07,2.36,-0.24,-9.23,440500.0
09/09/2022,2.81,2.95,2.38,2.6,0.5973,29.82,2.29058E+7
09/08/2022,1.83,2.0027,1.77,2.0027,0.1127,5.96,68900.0
09/07/2022,1.82,1.91,1.8,1.89,0.12,6.78,60800.0
09/06/2022,1.9,1.9,1.75,1.77,-0.03,-1.67,17900.0
09/02/2022,1.8,1.8,1.765,1.8,0.0,0.0,3000.0
09/01/2022,1.8973,1.8973,1.8,1.8,-0.01,-0.55,5700.0
08/31/2022,1.9,1.9,1.81,1.81,-0.19,-9.5,19500.0
08/30/2022,1.98,2.03,1.98,2.0,0.1,5.26,2000.0
08/29/2022,2.01,2.01,1.9,1.9,-0.15,-7.32,6200.0
08/26/2022,2.05,2.06,2.05,2.05,0.0,0.0,1700.0
08/25/2022,2.03,2.05,2.03,2.05,0.08,4.06,1700.0
08/24/2022,1.96,2.0344,1.96,1.97,-0.06,-2.96,2700.0
08/23/2022,2.07,2.07,2.0099,2.03,-0.02,-0.98,2600.0
08/22/2022,2.08,2.08,1.96,2.05,0.08,4.06,4900.0
08/19/2022,2.01,2.054,1.96,1.97,-0.13,-6.19,1100.0
08/18/2022,2.01,2.1,1.96,2.1,0.05,2.44,4200.0
08/17/2022,2.0697,2.0697,1.96,2.05,-0.02,-0.97,1500.0
08/16/2022,2.06,2.07,1.95,2.07,0.04,1.97,5300.0
08/15/2022,2.12,2.25,2.0,2.03,-0.055,-2.64,7000.0
08/12/2022,2.02,2.1462,2.01,2.085,0.025,1.21,3200.0
08/11/2022,2.2,2.2551,2.01,2.06,-0.09,-4.19,4400.0
08/10/2022,2.32,2.33,2.15,2.15,-0.17,-7.33,8700.0
08/09/2022,2.27,2.32,2.15,2.32,0.15,6.91,17000.0
08/08/2022,2.02,2.28,1.95,2.17,0.25,13.02,27600.0
08/05/2022,2.02,2.1399,1.92,1.92,-0.23,-10.7,14800.0
08/04/2022,1.97,2.1799,1.9699,2.15,0.18,9.14,5100.0
08/03/2022,1.99,2.0,1.92,1.97,0.0,0.0,3100.0
08/02/2022,1.91,1.97,1.9,1.97,0.02,1.03,3900.0
08/01/2022,2.14,2.14,1.91,1.95,-0.15,-7.14,3700.0
07/29/2022,2.0,2.1895,1.92,2.1,0.07,3.45,4700.0
07/28/2022,2.11,2.21,1.96,2.03,-0.18,-8.14,14700.0
07/27/2022,2.21,2.21,2.21,2.21,0.0,0.0,400.0
07/26/2022,2.21,2.36,2.1,2.21,-0.02,-0.9,900.0
07/25/2022,2.18,2.28,2.18,2.23,-0.03,-1.33,1000.0
07/22/2022,2.04,2.26,2.04,2.26,0.06,2.73,3600.0
07/21/2022,2.07,2.25,2.07,2.2,0.03,1.38,1900.0
07/20/2022,2.07,2.2,2.06,2.17,-0.03,-1.36,2400.0
07/19/2022,2.04,2.2,2.04,2.2,0.14,6.8,1600.0
07/18/2022,2.11,2.28,2.0,2.06,0.09,4.57,5300.0
07/15/2022,2.03,2.03,1.97,1.97,-0.08,-3.9,2500.0
07/14/2022,2.14,2.21,2.0,2.05,-0.15,-6.82,5300.0
07/13/2022,2.17,2.2,2.04,2.2,0.0,0.0,3600.0
07/12/2022,2.17,2.28,2.02,2.2,-0.1,-4.35,13100.0
07/11/2022,2.2,2.3,1.9038,2.3,0.12,5.5,6900.0
07/08/2022,2.09,2.18,2.09,2.18,0.07,3.32,3200.0
07/07/2022,2.03,2.1764,2.03,2.11,0.03,1.44,4500.0
07/06/2022,2.1666,2.1666,1.96,2.08,-0.11,-5.02,1900.0
07/05/2022,2.28,2.3462,2.1,2.19,-0.04,-1.79,6200.0
07/01/2022,2.14,2.29,2.14,2.23,-0.02,-0.89,4300.0
06/30/2022,2.21,2.3265,2.0101,2.25,-0.085,-3.64,5700.0
06/29/2022,2.14,2.39,2.14,2.335,0.185,8.6,6300.0
06/28/2022,2.11,2.5,2.06,2.15,0.14,6.97,43100.0
06/27/2022,2.1,2.1,1.94,2.01,-0.01,-0.5,9900.0
06/24/2022,2.0,2.02,2.0,2.02,-0.08,-3.81,800.0
06/23/2022,1.98,2.26,1.945,2.1,0.1,5.0,28000.0
06/22/2022,2.0,2.01,2.0,2.0,0.01,0.5,2500.0
06/21/2022,1.9,2.0,1.9,1.99,0.05,2.58,3700.0
06/17/2022,1.91,1.94,1.91,1.94,0.0228,1.19,700.0
06/16/2022,2.05,2.05,1.9172,1.9172,-0.0928,-4.62,3600.0
06/15/2022,1.93,2.0802,1.93,2.01,0.09,4.69,4000.0
06/14/2022,1.87,2.0999,1.81,1.92,-0.02,-1.03,11200.0
06/13/2022,2.01,2.055,1.64,1.94,-0.07,-3.48,14700.0
06/10/2022,2.14,2.14,1.9,2.01,-0.21,-9.46,11300.0
06/09/2022,2.35,2.35,2.16,2.22,-0.25,-10.12,1700.0
06/08/2022,2.42,2.47,2.25,2.47,0.08,3.35,5400.0
06/07/2022,2.52,2.54,2.29,2.39,0.006,0.25,4500.0
06/06/2022,2.18,2.48,2.18,2.384,0.204,9.36,7200.0
06/03/2022,2.3,2.41,2.18,2.18,-0.05,-2.24,12900.0
06/02/2022,2.24,2.27,2.19,2.23,0.05,2.29,7100.0
06/01/2022,2.08,2.4,1.9,2.18,0.13,6.34,44900.0
05/31/2022,2.15,2.27,2.05,2.05,-0.05,-2.38,56900.0
05/27/2022,2.24,2.25,2.01,2.1,-0.1,-4.55,8200.0
05/26/2022,1.84,2.29,1.84,2.2,0.44,25.0,34400.0
05/25/2022,1.99,2.0,1.76,1.76,-0.36,-16.98,16000.0
05/24/2022,2.08,2.18,2.04,2.12,0.005,0.24,4400.0
05/23/2022,2.19,2.29,2.1,2.115,-0.035,-1.63,3000.0
05/20/2022,2.18,2.2,1.93,2.15,0.01,0.47,22500.0
05/19/2022,1.93,2.45,1.88,2.14,0.29,15.68,77300.0
05/18/2022,1.71,1.85,1.7,1.85,0.14,8.19,53400.0
05/17/2022,1.59,1.8007,1.59,1.71,0.01,0.59,3400.0
05/16/2022,1.75,2.0,1.66,1.7,0.11,6.92,7300.0
05/13/2022,1.51,1.66,1.51,1.59,0.15,10.42,28000.0
05/12/2022,1.92,1.93,1.41,1.44,-0.5678,-28.28,73100.0
05/11/2022,2.11,2.1616,2.0,2.0078,-0.0522,-2.53,7000.0
05/10/2022,2.1,2.27,2.0138,2.06,-0.07,-3.29,3500.0
05/09/2022,2.38,2.38,2.05,2.13,-0.24,-10.13,8100.0
05/06/2022,2.34,2.43,2.34,2.37,0.01,0.42,6400.0
05/05/2022,2.55,2.55,2.36,2.36,-0.1,-4.07,4000.0
05/04/2022,2.51,2.51,2.41,2.46,0.04,1.65,3500.0
05/03/2022,2.61,2.615,2.42,2.42,-0.1,-3.97,14300.0
05/02/2022,2.66,2.675,2.52,2.52,-0.11,-4.18,2000.0
04/29/2022,2.56,2.6499,2.4529,2.63,0.2,8.23,2400.0
04/28/2022,2.43,2.5299,2.42,2.43,0.01,0.41,7400.0
04/27/2022,2.35,2.45,2.33,2.42,0.01,0.41,3600.0
04/26/2022,2.58,2.58,2.37,2.41,-0.06,-2.43,8900.0
04/25/2022,2.72,2.72,2.43,2.47,-0.16,-6.08,6600.0
04/22/2022,2.69,2.86,2.63,2.63,-0.03,-1.13,8400.0
04/21/2022,2.94,2.94,2.65,2.66,-0.1401,-5.0,8800.0
04/20/2022,3.02,3.02,2.72,2.8001,-0.2599,-8.49,8800.0
04/19/2022,3.0,3.09,2.83,3.06,0.23,8.13,11200.0
04/18/2022,2.84,2.97,2.76,2.83,0.08,2.91,5400.0
04/14/2022,2.72,2.87,2.72,2.75,-0.03,-1.08,8600.0
04/13/2022,2.86,2.93,2.7,2.78,-0.08,-2.8,36500.0
04/12/2022,3.05,3.14,2.85,2.86,-0.2312,-7.48,22800.0
04/11/2022,3.2,3.28,3.05,3.0912,-0.1988,-6.04,7900.0
04/08/2022,3.3,3.33,3.2,3.29,-0.01,-0.3,7600.0
04/07/2022,3.38,3.41,3.3,3.3,-0.11,-3.23,8400.0
04/06/2022,3.54,3.5641,3.35,3.41,-0.03,-0.87,21100.0
04/05/2022,3.69,3.69,3.425,3.44,-0.1832,-5.06,15900.0
04/04/2022,3.6,3.6382,3.55,3.6232,0.1132,3.23,17900.0
04/01/2022,3.62,3.67,3.47,3.51,-0.01,-0.28,40900.0
03/31/2022,3.79,3.79,3.46,3.52,-0.16,-4.35,35600.0
03/30/2022,3.82,3.8699,3.63,3.68,-0.19,-4.91,26100.0
03/29/2022,3.78,4.08,3.61,3.87,-0.2,-4.91,33200.0
03/28/2022,3.89,4.22,3.6927,4.07,-0.394,-8.83,103800.0
03/25/2022,4.56,4.7376,4.08,4.464,-0.2808,-5.92,38058.0
03/24/2022,4.092,5.01,4.092,4.7448,0.6408,15.61,72766.0
03/23/2022,4.158,4.44,3.828,4.104,0.144,3.64,56466.0
03/22/2022,3.72,4.08,3.636,3.96,0.2532,6.83,45083.0
03/21/2022,3.6936,3.72,3.588,3.7068,-0.438,-10.57,54266.0
03/18/2022,3.6,4.32,3.5052,4.1448,0.7776,23.09,35266.0
03/17/2022,3.6,3.72,3.1992,3.3672,-0.2784,-7.64,9483.0
03/16/2022,3.0828,3.72,3.0828,3.6456,0.6156,20.32,32191.0
03/15/2022,3.1776,3.1776,3.0,3.03,0.0288,0.96,8916.0
03/14/2022,3.5028,3.5028,3.0,3.0012,-0.2388,-7.37,10125.0
03/11/2022,3.6,3.6,3.24,3.24,-0.3,-8.47,12858.0
03/10/2022,3.636,3.6588,3.54,3.54,-0.1668,-4.5,4583.0
03/09/2022,3.36,3.72,3.3468,3.7068,0.42,12.78,29808.0
03/08/2022,3.24,3.444,3.192,3.2868,-0.0684,-2.04,12450.0
03/07/2022,3.48,3.4812,3.24,3.3552,-0.2424,-6.74,14641.0
03/04/2022,3.6948,3.6948,3.36,3.5976,-0.0588,-1.61,14808.0
03/03/2022,3.8388,3.84,3.6132,3.6564,-0.0636,-1.71,9958.0
03/02/2022,3.6576,4.2588,3.6036,3.72,0.1068,2.96,45275.0
03/01/2022,3.6,3.8808,3.5604,3.6132,0.0264,0.74,10725.0
02/28/2022,3.684,3.7332,3.5544,3.5868,-0.1332,-3.58,4925.0
02/25/2022,3.612,3.9768,3.612,3.72,0.096,2.65,12758.0
02/24/2022,3.3732,3.696,3.3732,3.624,-0.0912,-2.45,10616.0
02/23/2022,3.84,3.9204,3.66,3.7152,0.1032,2.86,10441.0
02/22/2022,3.54,4.0644,3.54,3.612,-0.24,-6.23,8358.0
02/18/2022,3.96,4.0752,3.8472,3.852,-0.216,-5.31,3375.0
02/17/2022,4.3188,4.3188,3.96,4.068,-0.1152,-2.75,3841.0
02/16/2022,4.4976,4.5,3.8484,4.1832,-0.3168,-7.04,12491.0
02/15/2022,4.752,4.752,4.2,4.5,0.1488,3.42,10666.0
02/14/2022,4.656,4.716,3.984,4.3512,-0.1452,-3.23,24608.0
02/11/2022,3.96,5.16,3.8532,4.4964,0.6432,16.69,109883.0
02/10/2022,3.78,4.008,3.6,3.8532,0.1752,4.76,12525.0
02/09/2022,3.5856,3.72,3.4812,3.678,0.24,6.98,10125.0
02/08/2022,3.7152,3.72,3.4152,3.438,-0.1008,-2.85,7166.0
02/07/2022,3.6072,3.7128,3.3864,3.5388,-0.0408,-1.14,7833.0
02/04/2022,3.7356,3.93,3.3804,3.5796,0.0216,0.61,4991.0
02/03/2022,3.8304,3.8304,3.492,3.558,0.0732,2.1,11033.0
02/02/2022,4.0728,4.0752,3.48,3.4848,-0.3936,-10.15,10216.0
02/01/2022,3.906,4.44,3.6132,3.8784,0.1584,4.26,17458.0
01/31/2022,3.48,4.14,3.372,3.72,0.336,9.93,15433.0
01/28/2022,3.36,3.5376,3.36,3.384,-0.156,-4.41,9483.0
01/27/2022,3.6612,4.0644,3.4044,3.54,-0.1212,-3.31,15058.0
01/26/2022,3.7356,4.14,3.6612,3.6612,-0.1788,-4.66,13416.0
01/25/2022,3.9528,4.2012,3.732,3.84,0.0084,0.22,9016.0
01/24/2022,4.02,4.164,3.6252,3.8316,-0.3024,-7.31,36191.0
01/21/2022,4.32,4.3476,4.02,4.134,-0.3072,-6.92,20125.0
01/20/2022,4.5696,4.6104,4.356,4.4412,-0.0588,-1.31,8116.0
01/19/2022,4.668,4.7532,4.224,4.5,-0.144,-3.1,15733.0
01/18/2022,4.4748,4.98,4.02,4.644,0.204,4.59,37650.0
01/14/2022,4.56,4.56,4.2768,4.44,-0.216,-4.64,10250.0
01/13/2022,4.8,4.9188,4.44,4.656,-0.144,-3.0,27933.0
01/12/2022,4.5,5.64,4.326,4.8,0.468,10.8,108516.0
01/11/2022,4.2672,4.53,4.092,4.332,0.24,5.87,13416.0
01/10/2022,4.56,4.56,3.9924,4.092,-0.288,-6.58,18000.0
01/07/2022,4.4676,4.836,4.38,4.38,-0.18,-3.95,15825.0
01/06/2022,4.7376,4.884,4.3608,4.56,-0.3252,-6.66,21008.0
01/05/2022,5.1096,5.22,4.6824,4.8852,-0.1548,-3.07,35891.0
01/04/2022,5.2296,5.2788,4.8144,5.04,0.06,1.2,19258.0
01/03/2022,4.7628,5.2644,4.5588,4.98,0.42,9.21,42558.0
12/31/2021,4.98,5.1,4.3476,4.56,-0.2424,-5.05,31958.0
12/30/2021,4.3068,5.4,4.2444,4.8024,0.3624,8.16,80783.0
12/29/2021,4.44,4.716,4.32,4.44,-0.0012,-0.03,25216.0
12/28/2021,4.812,4.8252,4.4412,4.4412,-0.3552,-7.41,24325.0
12/27/2021,5.4,5.4,4.566,4.7964,-0.4236,-8.11,17291.0
12/23/2021,5.04,5.28,4.3548,5.22,0.3,6.1,21241.0
12/22/2021,5.28,5.52,4.92,4.92,-0.2988,-5.73,20375.0
12/21/2021,5.058,5.2512,4.68,5.2188,0.174,3.45,9466.0
12/20/2021,4.44,5.1948,4.44,5.0448,-0.1152,-2.23,22766.0
12/17/2021,5.4,5.7588,4.56,5.16,0.084,1.65,31675.0
12/16/2021,5.6844,5.6844,5.04,5.076,-0.3372,-6.23,14316.0
12/15/2021,5.8236,5.8236,5.0436,5.4132,-0.1068,-1.93,29875.0
12/14/2021,5.76,6.0468,5.376,5.52,-0.336,-5.74,14050.0
12/13/2021,6.24,6.6,5.76,5.856,-0.444,-7.05,12150.0
12/10/2021,6.7332,6.96,6.3,6.3,-0.3024,-4.58,6233.0
12/09/2021,7.1232,7.1232,6.6,6.6024,-0.5208,-7.31,5800.0
12/08/2021,7.32,7.5,7.1172,7.1232,0.1176,1.68,6633.0
12/07/2021,6.6396,7.404,6.6396,7.0056,0.2844,4.23,10158.0
12/06/2021,6.6384,6.9084,6.24,6.7212,0.1992,3.05,16141.0
12/03/2021,7.452,7.452,6.132,6.522,-0.8856,-11.96,23516.0
12/02/2021,8.04,8.04,7.2,7.4076,-0.5916,-7.4,26550.0
12/01/2021,8.28,8.28,7.9272,7.9992,-0.1584,-1.94,6283.0
11/30/2021,8.64,8.64,7.98,8.1576,-0.5952,-6.8,21908.0
11/29/2021,8.52,8.7624,8.436,8.7528,-0.2472,-2.75,7266.0
11/26/2021,9.276,9.3156,8.664,9.0,-0.3264,-3.5,4208.0
11/24/2021,9.3672,9.48,9.3228,9.3264,0.0864,0.94,2566.0
11/23/2021,9.0,9.6,8.4,9.24,-0.12,-1.28,29941.0
11/22/2021,10.32,10.3212,9.0,9.36,-0.96,-9.3,32124.0
11/19/2021,10.0992,10.5504,9.84,10.32,-0.0924,-0.89,12891.0
11/18/2021,11.16,11.1612,10.14,10.4124,-0.2652,-2.48,19233.0
11/17/2021,10.92,11.28,10.56,10.6776,-0.3312,-3.01,7733.0
11/16/2021,10.9212,11.52,10.92,11.0088,-0.0312,-0.28,9983.0
11/15/2021,11.16,11.4,10.92,11.04,-0.36,-3.16,11775.0
11/12/2021,11.04,11.628,11.04,11.4,0.0,0.0,7308.0
11/11/2021,11.04,11.4,11.04,11.4,0.36,3.26,10400.0
11/10/2021,12.0,12.0,10.92,11.04,-0.96,-8.0,31841.0
11/09/2021,12.0,12.06,11.5224,12.0,0.12,1.01,13800.0
11/08/2021,11.88,12.24,11.5176,11.88,0.2748,2.37,26933.0
11/05/2021,12.12,12.12,11.4396,11.6052,0.0456,0.39,5391.0
11/04/2021,12.36,12.36,11.3424,11.5596,-0.3192,-2.69,8983.0
11/03/2021,11.7612,11.8788,11.6496,11.8788,-0.0012,-0.01,3241.0
11/02/2021,12.12,12.24,11.64,11.88,0.0,0.0,5375.0
11/01/2021,11.9892,12.3588,11.7684,11.88,-0.48,-3.88,10083.0
10/29/2021,12.6,12.6,11.784,12.36,-0.24,-1.9,13166.0
10/28/2021,12.24,12.6,11.76,12.6,0.6,5.0,16583.0
10/27/2021,12.36,13.44,12.0,12.0,-0.6,-4.76,47366.0
10/26/2021,12.12,13.92,11.5224,12.6,0.84,7.14,197016.0
10/25/2021,11.31,11.82,11.31,11.76,0.36,3.16,7316.0
10/22/2021,12.6,12.72,11.184,11.4,-1.08,-8.65,36850.0
10/21/2021,12.0,12.6,11.64,12.48,0.12,0.97,51825.0
10/20/2021,12.24,12.6,11.508,12.36,0.4632,3.89,54125.0
10/19/2021,11.4,12.24,10.9572,11.8968,0.4944,4.34,11508.0
10/18/2021,11.52,11.52,10.932,11.4024,-0.0384,-0.34,3425.0
10/15/2021,11.4,11.6076,11.28,11.4408,0.0384,0.34,3525.0
10/14/2021,11.28,11.76,11.16,11.4024,-0.0132,-0.12,4241.0
10/13/2021,11.52,11.76,11.4012,11.4156,-0.1044,-0.91,2741.0
10/12/2021,11.1888,11.76,11.1888,11.52,-0.2388,-2.03,1525.0
10/11/2021,12.0,12.0,11.4,11.7588,-0.0036,-0.03,4766.0
10/08/2021,11.76,11.88,11.28,11.7624,0.0264,0.22,4550.0
10/07/2021,11.28,11.9676,11.28,11.736,0.156,1.35,2050.0
10/06/2021,11.64,11.7648,11.16,11.58,0.06,0.52,1633.0
10/05/2021,11.4,11.64,11.16,11.52,0.0588,0.51,4258.0
10/04/2021,11.4,12.0,11.4,11.4612,-0.0276,-0.24,5741.0
10/01/2021,12.0,12.0,11.412,11.4888,-0.1512,-1.3,3175.0
09/30/2021,12.12,12.21,11.4,11.64,-0.6,-4.9,5691.0
09/29/2021,12.6,12.6,11.6412,12.24,-0.12,-0.97,14475.0
09/28/2021,12.12,12.36,11.9664,12.36,0.12,0.98,7808.0
09/27/2021,12.72,12.72,12.0,12.24,-0.24,-1.92,3291.0
09/24/2021,12.6,12.72,12.24,12.48,-0.24,-1.89,2050.0
09/23/2021,12.72,12.72,12.12,12.72,0.24,1.92,11058.0
09/22/2021,12.36,12.54,12.0,12.48,0.18,1.46,4691.0
09/21/2021,12.0,12.3,11.76,12.3,0.3,2.5,3300.0
09/20/2021,11.34,12.24,11.34,12.0,-0.24,-1.96,13116.0
09/17/2021,12.6,12.6,11.76,12.24,-0.12,-0.97,5650.0
09/16/2021,12.36,12.48,12.0,12.36,0.414,3.47,4625.0
09/15/2021,12.84,13.08,11.76,11.946,-1.014,-7.82,22716.0
09/14/2021,13.08,13.44,12.84,12.96,-0.24,-1.82,5241.0
09/13/2021,13.56,13.56,13.08,13.2,-0.48,-3.51,5550.0
09/10/2021,13.92,14.04,13.32,13.68,0.12,0.88,6783.0
09/09/2021,13.56,14.16,13.2,13.56,-0.24,-1.74,7500.0
09/08/2021,13.68,13.92,13.2,13.8,-0.12,-0.86,11166.0
09/07/2021,14.52,14.52,13.68,13.92,-0.48,-3.33,8608.0
09/03/2021,14.16,14.52,13.68,14.4,0.48,3.45,9933.0
09/02/2021,13.56,14.28,13.56,13.92,0.36,2.65,10691.0
09/01/2021,14.04,14.28,13.44,13.56,-0.48,-3.42,16316.0
08/31/2021,13.2,14.16,12.6,14.04,0.96,7.34,25933.0
08/30/2021,12.96,13.2,12.72,13.08,-0.12,-0.91,29350.0
08/27/2021,12.24,13.32,12.24,13.2,1.32,11.11,286983.0
08/26/2021,11.88,12.6,11.76,11.88,-0.24,-1.98,8658.0
08/25/2021,12.36,12.642,11.784,12.12,0.12,1.0,5358.0
08/24/2021,11.64,12.84,11.52,12.0,0.6,5.26,13591.0
08/23/2021,10.68,12.36,10.68,11.4,0.6,5.56,42375.0
08/20/2021,11.04,11.2188,10.56,10.8,-0.1524,-1.39,10150.0
08/19/2021,11.4108,11.4108,10.92,10.9524,-0.6036,-5.22,17741.0
08/18/2021,11.64,12.0,11.16,11.556,0.0108,0.09,10950.0
08/17/2021,11.844,12.0,11.196,11.5452,-0.4548,-3.79,10633.0
08/16/2021,13.44,13.44,11.7624,12.0,-1.32,-9.91,38741.0
08/13/2021,13.68,13.92,13.2,13.32,-0.6,-4.31,12450.0
08/12/2021,13.92,14.16,13.68,13.92,-0.12,-0.85,17916.0
08/11/2021,14.04,14.28,13.8,14.04,-0.24,-1.68,13891.0
08/10/2021,14.4,14.64,13.92,14.28,0.0,0.0,6266.0
08/09/2021,14.52,15.12,13.8,14.28,0.12,0.85,34033.0
08/06/2021,13.92,14.28,13.56,14.16,0.24,1.72,11658.0
08/05/2021,13.68,13.92,12.84,13.92,0.48,3.57,23891.0
08/04/2021,14.04,14.04,13.32,13.44,-0.24,-1.75,13241.0
08/03/2021,14.28,14.28,13.44,13.68,-0.36,-2.56,14191.0
08/02/2021,14.16,14.16,13.56,14.04,-0.36,-2.5,19408.0
07/30/2021,13.8,14.4,13.56,14.4,-0.6,-4.0,35450.0
07/29/2021,13.56,15.12,13.32,15.0,0.84,5.93,95625.0
07/28/2021,13.92,14.52,13.2,14.16,-1.08,-7.09,123274.0
07/27/2021,15.0012,19.98,12.72,15.24,2.88,23.3,1430933.0
07/26/2021,13.44,13.644,12.36,12.36,-1.44,-10.43,283700.0
07/23/2021,15.48,15.6,13.68,13.8,-1.8,-11.54,24566.0
07/22/2021,15.6,15.84,15.48,15.6,0.0,0.0,3166.0
07/21/2021,15.72,15.924,14.76,15.6,0.12,0.78,7350.0
07/20/2021,15.192,15.72,14.4,15.48,-0.36,-2.27,6850.0
07/19/2021,15.24,15.846,14.4,15.84,0.0,0.0,10108.0
07/16/2021,16.2,16.56,15.72,15.84,0.0,0.0,8766.0
07/15/2021,16.56,16.8,15.48,15.84,-0.72,-4.35,18800.0
07/14/2021,17.64,18.12,16.56,16.56,-1.32,-7.38,19033.0
07/13/2021,17.88,18.24,17.76,17.88,-0.36,-1.97,4425.0
07/12/2021,18.24,18.24,17.76,18.24,0.24,1.33,3758.0
07/09/2021,17.76,18.96,17.76,18.0,0.12,0.67,5900.0
07/08/2021,18.36,18.3672,17.52,17.88,-1.32,-6.88,14666.0
07/07/2021,19.92,19.92,18.48,19.2,-0.48,-2.44,15541.0
07/06/2021,19.92,20.16,18.72,19.68,0.0,0.0,12625.0
07/02/2021,20.52,20.52,19.32,19.68,-0.48,-2.38,2416.0
07/01/2021,19.8,20.4,19.68,20.16,0.24,1.2,6483.0
06/30/2021,20.28,20.64,18.96,19.92,0.24,1.22,14591.0
06/29/2021,20.76,21.12,19.3416,19.68,-1.08,-5.2,19683.0
06/28/2021,19.68,20.76,19.206,20.76,1.32,6.79,21025.0
06/25/2021,18.96,19.56,18.96,19.44,0.36,1.89,1941.0
06/24/2021,18.96,19.32,18.6,19.08,0.24,1.27,8675.0
06/23/2021,18.72,19.08,18.6,18.84,-0.12,-0.63,6483.0
06/22/2021,18.84,19.08,18.24,18.96,0.12,0.64,10375.0
06/21/2021,19.68,19.68,18.0,18.84,-0.96,-4.85,16750.0
06/18/2021,19.68,20.04,19.32,19.8,-0.12,-0.6,3941.0
06/17/2021,19.56,20.16,19.56,19.92,0.0,0.0,2000.0
06/16/2021,20.28,20.52,19.56,19.92,0.12,0.61,6175.0
06/15/2021,20.88,21.12,19.56,19.8,-1.44,-6.78,10783.0
06/14/2021,20.04,21.6,19.68,21.24,0.96,4.73,15366.0
06/11/2021,20.88,21.24,19.68,20.28,-0.48,-2.31,14258.0
06/10/2021,20.76,20.9988,20.16,20.76,-0.24,-1.14,5425.0
06/09/2021,19.56,21.0,19.56,21.0,1.2,6.06,20583.0
06/08/2021,19.32,19.8,18.48,19.8,0.6,3.13,12566.0
06/07/2021,18.72,19.2,18.0084,19.2,0.36,1.91,11400.0
06/04/2021,19.2,19.2,18.6,18.84,0.0,0.0,7975.0
06/03/2021,19.8,19.8,18.72,18.84,-1.2,-5.99,16675.0
06/02/2021,20.88,20.88,19.32,20.04,-0.6,-2.91,15775.0
06/01/2021,20.4,21.0,19.8,20.64,0.6,2.99,10433.0
05/28/2021,19.68,20.4,18.6,20.04,1.68,9.15,33208.0
05/27/2021,21.12,21.3588,18.36,18.36,-2.4,-11.56,19066.0
05/26/2021,19.68,21.36,19.32,20.76,1.56,8.13,10400.0
05/25/2021,20.16,20.16,18.96,19.2,-0.48,-2.44,1916.0
05/24/2021,19.2,20.04,18.84,19.68,0.96,5.13,8441.0
05/21/2021,19.8,20.04,18.72,18.72,-1.08,-5.45,4875.0
05/20/2021,19.08,20.88,18.48,19.8,1.08,5.77,18683.0
05/19/2021,18.24,19.2,18.24,18.72,-0.24,-1.27,5150.0
05/18/2021,18.36,19.2,18.36,18.96,0.528,2.86,5691.0
05/17/2021,18.24,18.6,18.0,18.432,0.312,1.72,11858.0
05/14/2021,17.04,18.48,17.04,18.12,1.08,6.34,9225.0
05/13/2021,18.0,18.6072,16.8,17.04,-0.96,-5.33,15458.0
05/12/2021,18.6,19.56,18.0,18.0,-0.6,-3.23,10833.0
05/11/2021,18.24,19.02,17.76,18.6,-0.24,-1.27,6941.0
05/10/2021,18.72,19.08,17.88,18.84,0.0,0.0,8650.0
05/07/2021,18.0,19.44,18.0,18.84,0.84,4.67,13891.0
05/06/2021,18.72,19.2,17.58,18.0,-0.72,-3.85,26533.0
05/05/2021,18.72,19.8,18.36,18.72,0.12,0.65,13166.0
05/04/2021,19.08,19.08,18.0,18.6,-0.24,-1.27,12675.0
05/03/2021,18.6,19.32,18.36,18.84,-0.24,-1.26,9066.0
04/30/2021,19.68,20.2788,18.84,19.08,-0.84,-4.22,20116.0
04/29/2021,21.6,21.6,19.56,19.92,-0.84,-4.05,12591.0
04/28/2021,20.76,21.84,19.8,20.76,0.36,1.76,13025.0
04/27/2021,20.4,21.0048,20.16,20.4,-0.36,-1.73,3800.0
04/26/2021,20.28,21.12,19.44,20.76,0.72,3.59,6141.0
04/23/2021,19.8,20.2608,19.2564,20.04,0.24,1.21,4150.0
04/22/2021,19.2,21.0,19.2,19.8,0.84,4.43,13925.0
04/21/2021,18.96,19.2,18.12,18.96,0.6,3.27,10158.0
04/20/2021,18.48,19.56,18.24,18.36,-1.08,-5.56,13591.0
04/19/2021,19.44,20.04,18.84,19.44,0.12,0.62,17066.0
04/16/2021,20.16,20.28,19.08,19.32,-1.08,-5.29,21266.0
04/15/2021,21.6,22.08,19.92,20.4,-1.92,-8.6,24641.0
04/14/2021,23.04,23.04,20.52,22.32,0.24,1.09,49133.0
04/13/2021,21.72,22.68,21.72,22.08,-0.48,-2.13,14650.0
04/12/2021,23.76,23.76,22.08,22.56,-1.08,-4.57,10850.0
04/09/2021,23.16,24.12,22.5936,23.64,0.84,3.68,11508.0
04/08/2021,22.32,23.4,22.32,22.8,0.48,2.15,3225.0
04/07/2021,22.92,23.88,21.72,22.32,-1.68,-7.0,28391.0
04/06/2021,24.48,24.48,23.88,24.0,0.0,0.0,6591.0
04/05/2021,23.88,25.2,23.52,24.0,0.0,0.0,16108.0
04/01/2021,24.0,24.36,23.28,24.0,0.72,3.09,10525.0
03/31/2021,22.8,23.88,22.56,23.28,-0.36,-1.52,10416.0
03/30/2021,22.32,23.64,21.36,23.64,1.68,7.65,27008.0
03/29/2021,22.32,22.7952,21.48,21.96,-0.36,-1.61,8675.0
03/26/2021,23.04,23.04,21.36,22.32,0.72,3.33,14225.0
03/25/2021,21.0,22.56,20.7588,21.6,0.12,0.56,17883.0
03/24/2021,23.88,23.88,21.24,21.48,-1.56,-6.77,39250.0
03/23/2021,25.68,25.68,22.92,23.04,-2.64,-10.28,38358.0
03/22/2021,26.76,27.456,25.08,25.68,-0.84,-3.17,29733.0
03/19/2021,25.68,26.5404,24.7164,26.52,1.32,5.24,31608.0
03/18/2021,24.0,30.96,24.0,25.2,-0.48,-1.87,198316.0
03/17/2021,24.0,26.16,23.16,25.68,1.32,5.42,34733.0
03/16/2021,25.32,25.32,24.0,24.36,-0.48,-1.93,12583.0
03/15/2021,25.08,25.92,24.36,24.84,-0.24,-0.96,26500.0
03/12/2021,23.88,25.08,23.52,25.08,0.96,3.98,13700.0
03/11/2021,23.88,24.72,23.4,24.12,0.96,4.15,25966.0
03/10/2021,24.6,24.84,23.04,23.16,-0.84,-3.5,24383.0
03/09/2021,22.56,24.6,21.72,24.0,1.68,7.53,48508.0
03/08/2021,21.6,23.28,21.12,22.32,-0.12,-0.53,29550.0
03/05/2021,22.2,22.56,18.72,22.44,0.0,0.0,59758.0
03/04/2021,24.72,24.7524,22.2,22.44,-2.4,-9.66,53333.0
03/03/2021,23.52,25.56,23.52,24.84,1.32,5.61,80566.0
03/02/2021,25.8,26.28,23.52,23.52,-1.68,-6.67,86758.0
03/01/2021,26.04,26.16,24.36,25.2,0.36,1.45,65841.0
02/26/2021,27.6,28.008,24.84,24.84,-2.76,-10.0,65466.0
02/25/2021,30.48,30.6,26.64,27.6,-2.4,-8.0,98625.0
02/24/2021,30.12,31.08,29.4,30.0,1.2,4.17,54766.0
02/23/2021,29.4,29.76,25.44,28.8,-2.04,-6.61,75941.0
02/22/2021,32.88,32.88,30.6,30.84,-2.76,-8.21,132866.0
02/19/2021,38.28,38.76,33.6,33.6,-4.56,-11.95,140241.0
02/18/2021,40.8,42.0,36.6,38.16,-1.44,-3.64,132766.0
02/17/2021,36.96,39.96,35.16,39.6,3.72,10.37,235974.0
02/16/2021,35.4,36.0,34.2,35.88,1.32,3.82,65458.0
02/12/2021,34.08,36.0,32.4,34.56,-0.12,-0.35,47233.0
02/11/2021,32.16,34.8,31.68,34.68,3.0,9.47,91875.0
02/10/2021,31.8,34.32,29.16,31.68,0.96,3.13,150775.0
02/09/2021,33.6,33.6,30.24,30.72,-2.28,-6.91,112558.0
02/08/2021,35.4,35.64,32.16,33.0,-4.08,-11.0,125450.0
02/05/2021,41.64,41.64,33.12,37.08,2.28,6.55,161541.0
02/04/2021,31.8,37.68,30.6,34.8,5.04,16.94,178716.0
02/03/2021,29.04,30.48,28.8,29.76,1.56,5.53,24108.0
02/02/2021,28.8,29.04,27.84,28.2,0.0,0.0,7850.0
02/01/2021,27.84,29.16,27.7212,28.2,0.6,2.17,8266.0
01/29/2021,29.88,30.0,27.6,27.6,-2.04,-6.88,24016.0
01/28/2021,29.76,30.648,28.92,29.64,-0.6,-1.98,8091.0
01/27/2021,29.4,30.96,28.68,30.24,0.96,3.28,21825.0
01/26/2021,30.24,30.96,28.32,29.28,-0.96,-3.17,11066.0
01/25/2021,31.2,31.68,29.4,30.24,0.72,2.44,31158.0
01/22/2021,29.76,29.88,29.16,29.52,-0.36,-1.2,10133.0
01/21/2021,29.64,30.0,28.2,29.88,0.96,3.32,13833.0
01/20/2021,30.12,30.12,27.84,28.92,-0.84,-2.82,19408.0
01/19/2021,28.56,29.76,27.0,29.76,1.8,6.44,13091.0
01/15/2021,26.64,30.48,26.64,27.96,0.6,2.19,45125.0
01/14/2021,26.4,27.84,25.92,27.36,0.96,3.64,24691.0
01/13/2021,26.76,26.88,25.68,26.4,-0.12,-0.45,13483.0
01/12/2021,26.16,27.0,25.2,26.52,0.24,0.91,12391.0
01/11/2021,26.52,27.378,26.04,26.28,-0.48,-1.79,10708.0
01/08/2021,26.88,27.12,26.4,26.76,-0.12,-0.45,14225.0
01/07/2021,26.64,26.88,25.56,26.88,0.84,3.23,10033.0
01/06/2021,24.72,27.24,24.72,26.04,1.56,6.37,18841.0
01/05/2021,25.56,25.56,24.12,24.48,0.0,0.0,25600.0
01/04/2021,25.92,26.4,24.0,24.48,-1.56,-5.99,46275.0
12/31/2020,27.0,27.24,25.56,26.04,-1.08,-3.98,27433.0
12/30/2020,27.0,27.72,26.4,27.12,-0.36,-1.31,20741.0
12/29/2020,27.72,27.72,26.4,27.48,0.48,1.78,11275.0
12/28/2020,29.52,29.64,26.76,27.0,-2.7,-9.09,33216.0
12/24/2020,28.8,30.0,27.6,29.7,0.9,3.13,56916.0
12/23/2020,31.638,31.68,27.9,28.8,1.44,5.26,61575.0
12/22/2020,27.72,27.96,27.0,27.36,-0.84,-2.98,7658.0
12/21/2020,28.68,28.68,27.6,28.2,-0.48,-1.67,5108.0
12/18/2020,27.96,29.28,27.96,28.68,0.84,3.02,16416.0
12/17/2020,27.0,27.936,27.0,27.84,0.6,2.2,4475.0
12/16/2020,27.36,28.08,27.0,27.24,0.36,1.34,8091.0
12/15/2020,27.48,27.96,26.76,26.88,-0.24,-0.88,10233.0
12/14/2020,29.4,29.4,26.64,27.12,-0.72,-2.59,29750.0
12/11/2020,27.96,28.8,27.6,27.84,0.12,0.43,5500.0
12/10/2020,27.48,28.8,26.88,27.72,0.96,3.59,13908.0
12/09/2020,28.08,28.26,26.76,26.76,-0.96,-3.46,18650.0
12/08/2020,28.44,28.44,27.0,27.72,-0.24,-0.86,15050.0
12/07/2020,27.48,28.8,27.48,27.96,0.72,2.64,14558.0
12/04/2020,27.48,28.02,26.52,27.24,-0.24,-0.87,20475.0
12/03/2020,27.96,28.56,27.12,27.48,-0.12,-0.43,12883.0
12/02/2020,27.36,28.08,25.32,27.6,-0.12,-0.43,27716.0
12/01/2020,28.32,28.8,27.3468,27.72,0.0,0.0,24425.0
11/30/2020,32.64,32.64,26.16,27.72,-5.16,-15.69,117866.0
11/27/2020,35.64,36.12,32.04,32.88,-1.32,-3.86,57316.0
11/25/2020,36.24,37.6788,33.12,34.2,0.36,1.06,96316.0
11/24/2020,30.6,38.4,29.88,33.84,3.24,10.59,115791.0
11/23/2020,30.96,32.4,30.0,30.6,-0.36,-1.16,30016.0
11/20/2020,30.96,31.92,29.76,30.96,-0.6,-1.9,11641.0
11/19/2020,29.52,31.92,28.92,31.56,2.28,7.79,19225.0
11/18/2020,33.36,33.72,29.0364,29.28,-3.6,-10.95,53458.0
11/17/2020,31.8,33.48,31.8,32.88,0.48,1.48,23400.0
11/16/2020,32.64,33.06,31.8,32.4,0.0,0.0,12441.0
11/13/2020,34.44,34.68,30.24,32.4,-0.84,-2.53,38425.0
11/12/2020,32.4,34.44,32.4,33.24,0.96,2.97,9841.0
11/11/2020,32.4,33.468,31.56,32.28,-0.12,-0.37,6691.0
11/10/2020,32.04,33.0,30.24,32.4,0.24,0.75,7575.0
11/09/2020,32.4,34.134,31.932,32.16,-0.24,-0.74,7700.0
11/06/2020,33.0,33.24,31.44,32.4,-0.36,-1.1,6008.0
11/05/2020,32.52,35.4,32.28,32.76,0.36,1.11,14808.0
11/04/2020,32.4,33.5988,31.92,32.4,-0.24,-0.74,19000.0
11/03/2020,32.64,33.54,31.38,32.64,0.24,0.74,12125.0
11/02/2020,31.92,32.52,31.08,32.4,1.8,5.88,3308.0
10/30/2020,32.4,32.4,30.0,30.6,-1.8,-5.56,5491.0
10/29/2020,30.36,33.18,30.0,32.4,1.44,4.65,13200.0
10/28/2020,31.2,31.56,30.12,30.96,-0.6,-1.9,7750.0
10/27/2020,32.64,33.48,31.2,31.56,-1.2,-3.66,13300.0
10/26/2020,34.8,35.52,32.4,32.76,-2.64,-7.46,8875.0
10/23/2020,37.2,37.2,34.44,35.4,-2.64,-6.94,14108.0
10/22/2020,39.72,42.6,35.4,38.04,-0.72,-1.86,56616.0
10/21/2020,34.68,39.36,34.4412,38.76,4.8,14.13,59166.0
10/20/2020,33.0,34.548,32.76,33.96,0.6,1.8,16858.0
10/19/2020,29.76,35.88,29.76,33.36,3.6,12.1,39991.0
10/16/2020,29.4,31.08,28.872,29.76,0.78,2.69,10408.0
10/15/2020,29.28,29.28,28.2,28.98,-0.54,-1.83,3575.0
10/14/2020,30.0,31.08,28.2,29.52,-0.36,-1.2,8050.0
10/13/2020,30.24,30.36,29.52,29.88,-0.84,-2.73,3108.0
10/12/2020,31.2,31.2,29.52,30.72,0.0,0.0,9958.0
10/09/2020,29.52,30.72,29.16,30.72,1.32,4.49,13408.0
10/08/2020,27.84,29.4,27.84,29.4,1.32,4.7,8733.0
10/07/2020,27.48,28.32,27.48,28.08,0.6,2.18,4725.0
10/06/2020,27.6,28.6596,27.12,27.48,-0.12,-0.43,7283.0
10/05/2020,28.8,29.4,27.6,27.6,-1.32,-4.56,6141.0
10/02/2020,28.08,30.24,27.96,28.92,-0.48,-1.63,5658.0
10/01/2020,28.44,30.96,27.6,29.4,1.2,4.26,16566.0
09/30/2020,28.2,28.9548,27.84,28.2,0.0,0.0,2983.0
09/29/2020,28.92,29.2788,28.2,28.2,-0.24,-0.84,5916.0
09/28/2020,27.36,29.28,27.36,28.44,1.08,3.95,6325.0
09/25/2020,26.88,27.96,26.88,27.36,0.24,0.88,4883.0
09/24/2020,26.88,27.84,25.68,27.12,-0.78,-2.8,6750.0
09/23/2020,26.88,28.68,26.88,27.9,0.3,1.09,7350.0
09/22/2020,27.24,27.96,27.24,27.6,-0.36,-1.29,2933.0
09/21/2020,27.72,27.9636,26.4,27.96,-0.12,-0.43,7200.0
09/18/2020,27.84,28.2,27.36,28.08,0.12,0.43,3425.0
09/17/2020,27.6,28.0788,26.8812,27.96,0.36,1.3,10183.0
09/16/2020,28.32,29.88,27.6,27.6,-0.24,-0.86,9466.0
09/15/2020,28.32,29.16,27.84,27.84,-0.96,-3.33,7033.0
09/14/2020,27.6,31.2,26.88,28.8,3.24,12.68,46491.0
09/11/2020,27.36,27.36,25.32,25.56,-1.2,-4.48,10091.0
09/10/2020,27.48,27.6,26.4,26.76,0.36,1.36,10516.0
09/09/2020,27.12,28.2,26.4,26.4,-0.84,-3.08,16350.0
09/08/2020,25.8,28.68,25.8,27.24,0.0,0.0,8508.0
09/04/2020,28.2,28.8804,24.84,27.24,-0.96,-3.4,16658.0
09/03/2020,28.8,29.346,28.08,28.2,-1.56,-5.24,12050.0
09/02/2020,28.44,29.76,27.84,29.76,0.6,2.06,15166.0
09/01/2020,30.0,30.12,28.56,29.16,-0.48,-1.62,27400.0
08/31/2020,29.04,30.06,28.38,29.64,-0.24,-0.8,24150.0
08/28/2020,29.76,30.48,29.04,29.88,-0.6,-1.97,23133.0
08/27/2020,27.96,31.8,27.732,30.48,2.04,7.17,78058.0
08/26/2020,31.2,31.2,27.72,28.44,-1.2,-4.05,44641.0
08/25/2020,29.4,31.44,28.2,29.64,-0.36,-1.2,37150.0
08/24/2020,31.92,33.18,29.16,30.0,-7.68,-20.38,130708.0
08/21/2020,32.4,41.16,31.8,37.68,4.92,15.02,331125.0
08/20/2020,33.84,34.56,32.04,32.76,-0.6,-1.8,66416.0
08/19/2020,34.8,36.72,30.24,33.36,0.48,1.46,241216.0
08/18/2020,26.88,44.4,26.5212,32.88,6.36,23.98,1127233.0
08/17/2020,26.52,27.0,26.4,26.52,0.48,1.84,21341.0
08/14/2020,26.64,26.88,25.44,26.04,-0.84,-3.13,28624.0
08/13/2020,25.92,27.6,25.2,26.88,0.12,0.45,29758.0
08/12/2020,26.88,27.6,25.56,26.76,-0.12,-0.45,27341.0
08/11/2020,28.68,29.88,26.7,26.88,-2.28,-7.82,42133.0
08/10/2020,30.84,30.84,28.2,29.16,-0.6,-2.02,31524.0
08/07/2020,30.0,30.84,27.6,29.76,0.72,2.48,48966.0
08/06/2020,29.76,30.48,28.44,29.04,-1.08,-3.59,41391.0
08/05/2020,30.6,31.32,29.04,30.12,-0.84,-2.71,43300.0
08/04/2020,30.24,34.68,30.12,30.96,-0.12,-0.39,64291.0
08/03/2020,31.68,34.8,30.24,31.08,-5.52,-15.08,100908.0
07/31/2020,51.0,56.64,32.4,36.6,-5.4,-12.86,726083.0
07/30/2020,26.4,45.6,24.36,42.0,15.6,59.09,459533.0
07/29/2020,27.0,27.6,25.92,26.4,-0.96,-3.51,19058.0
07/28/2020,27.48,28.44,26.0676,27.36,-0.72,-2.56,14183.0
07/27/2020,27.6,29.52,26.64,28.08,0.6,2.18,34741.0
07/24/2020,30.6,31.32,27.0,27.48,-3.96,-12.6,28616.0
07/23/2020,36.24,36.24,31.44,31.44,-3.96,-11.19,21191.0
07/22/2020,37.92,39.18,33.6,35.4,-3.48,-8.95,27275.0
07/21/2020,38.52,40.56,37.56,38.88,0.36,0.93,25175.0
07/20/2020,40.8,42.0,37.3212,38.52,-2.04,-5.03,46316.0
07/17/2020,37.2,43.8,35.22,40.56,3.24,8.68,86775.0
07/16/2020,39.12,39.12,36.96,37.32,-3.72,-9.06,24825.0
07/15/2020,40.56,42.36,38.7,41.04,2.52,6.54,28666.0
07/14/2020,43.32,43.92,37.92,38.52,-6.12,-13.71,54733.0
07/13/2020,56.52,58.2,43.44,44.64,-5.76,-11.43,85441.0
07/10/2020,58.32,60.6,49.56,50.4,-6.0,-10.64,119366.0
07/09/2020,57.0,75.6,52.8,56.4,-3.0,-5.05,627208.0
07/08/2020,61.92,65.76,46.8,59.4,-11.64,-16.39,584158.0
07/07/2020,34.44,82.2,31.32,71.04,36.36,104.84,1928283.0
07/06/2020,27.24,38.16,26.8812,34.68,9.42,37.29,133108.0
07/02/2020,25.92,26.16,24.84,25.26,1.26,5.25,9441.0
07/01/2020,22.2,26.0388,22.2,24.0,2.4,11.11,14875.0
06/30/2020,20.88,22.32,20.88,21.6,0.24,1.12,4791.0
06/29/2020,20.52,21.72,20.52,21.36,0.42,2.01,3366.0
06/26/2020,20.76,21.6012,19.8,20.94,-0.54,-2.51,4966.0
06/25/2020,20.88,21.96,20.16,21.48,0.12,0.56,6066.0
06/24/2020,21.0,22.02,20.52,21.36,0.3,1.42,6741.0
06/23/2020,20.16,21.4824,19.92,21.06,0.66,3.24,8441.0
06/22/2020,19.68,21.0,19.68,20.4,0.36,1.8,5683.0
06/19/2020,20.4,22.2,19.92,20.04,-0.624,-3.02,6750.0
06/18/2020,21.36,22.5,20.4,20.664,-0.576,-2.71,11300.0
06/17/2020,20.28,22.8,20.28,21.24,0.1164,0.55,12666.0
06/16/2020,19.2,21.6,18.6,21.1236,1.5636,7.99,9658.0
06/15/2020,17.64,19.8,17.04,19.56,1.68,9.4,7916.0
06/12/2020,16.92,18.48,16.92,17.88,0.72,4.2,5425.0
06/11/2020,17.76,18.72,16.9224,17.16,-1.56,-8.33,4841.0
06/10/2020,18.96,19.212,17.4,18.72,-0.72,-3.7,6375.0
06/09/2020,19.44,20.16,17.88,19.44,0.0,0.0,8175.0
06/08/2020,18.84,19.5588,18.36,19.44,1.32,7.28,10383.0
06/05/2020,18.96,19.8,18.0,18.12,-1.44,-7.36,5041.0
06/04/2020,18.48,21.1164,18.48,19.56,0.48,2.52,12408.0
06/03/2020,19.56,21.0,18.36,19.08,-0.36,-1.85,9625.0
06/02/2020,15.84,23.28,15.8256,19.44,4.68,31.71,26508.0
06/01/2020,14.76,15.72,14.64,14.76,-1.02,-6.46,4183.0
05/29/2020,18.6,18.6,14.4,15.78,-2.22,-12.33,19325.0
05/28/2020,15.24,18.96,14.76,18.0,3.18,21.46,18458.0
05/27/2020,13.8,14.82,13.2,14.82,1.62,12.27,11225.0
05/26/2020,13.68,13.68,13.2,13.2,0.0,0.0,3841.0
05/22/2020,13.56,13.56,12.72,13.2,0.0,0.0,3100.0
05/21/2020,13.68,13.68,12.72,13.2,0.12,0.92,5041.0
05/20/2020,14.28,14.28,13.08,13.08,-0.6,-4.39,6575.0
05/19/2020,14.04,14.04,13.08,13.68,0.0,0.0,1933.0
05/18/2020,13.8,14.76,13.2,13.68,1.08,8.57,8891.0
05/15/2020,12.6,13.2,12.6,12.6,0.0,0.0,3150.0
05/14/2020,12.36,12.84,12.24,12.6,0.24,1.94,1591.0
05/13/2020,13.56,13.56,12.36,12.36,-0.6,-4.63,3250.0
05/12/2020,13.44,13.44,12.84,12.96,-0.24,-1.82,2891.0
05/11/2020,12.6,13.32,12.48,13.2,0.24,1.85,1825.0
05/08/2020,12.72,13.53,12.36,12.96,0.0,0.0,3825.0
05/07/2020,12.0,13.44,12.0,12.96,0.96,8.0,7025.0
05/06/2020,12.24,12.63,12.0,12.0,-0.24,-1.96,1750.0
05/05/2020,12.48,12.9,12.24,12.24,0.0,0.0,2333.0
05/04/2020,12.96,13.08,12.24,12.24,-0.414,-3.27,3150.0
05/01/2020,13.56,14.88,12.24,12.654,-1.626,-11.39,5616.0
04/30/2020,14.28,14.64,13.74,14.28,-0.36,-2.46,4000.0
04/29/2020,14.16,15.3948,14.16,14.64,0.78,5.63,5875.0
04/28/2020,13.08,14.4,13.08,13.86,0.3,2.21,8300.0
04/27/2020,12.6,13.9392,12.5472,13.56,1.08,8.65,9100.0
04/24/2020,11.88,12.6252,11.88,12.48,0.318,2.61,4825.0
04/23/2020,11.88,12.36,11.8032,12.162,0.282,2.37,5458.0
04/22/2020,12.0,12.426,11.52,11.88,-0.36,-2.94,2833.0
04/21/2020,12.72,12.72,11.52,12.24,0.0,0.0,2616.0
04/20/2020,13.08,13.08,12.0,12.24,-0.24,-1.92,4833.0
04/17/2020,12.36,12.6,12.12,12.48,0.6588,5.57,3091.0
04/16/2020,11.898,12.36,11.64,11.8212,-0.3024,-2.49,4433.0
04/15/2020,12.3708,12.3708,11.52,12.1236,0.2376,2.0,6308.0
04/14/2020,12.96,12.96,11.8836,11.886,-0.354,-2.89,7975.0
04/13/2020,11.88,12.48,11.52,12.24,0.96,8.51,6833.0
04/09/2020,12.0,12.5988,10.92,11.28,-0.36,-3.09,4933.0
04/08/2020,11.52,12.0,11.4,11.64,0.0708,0.61,4700.0
04/07/2020,12.24,12.6612,11.52,11.5692,-0.1116,-0.96,2800.0
04/06/2020,11.64,12.24,11.5404,11.6808,0.1632,1.42,3425.0
04/03/2020,11.7276,11.76,11.4,11.5176,-0.2436,-2.07,991.0
04/02/2020,12.36,12.6984,11.76,11.7612,-0.7488,-5.99,4733.0
04/01/2020,13.8,14.058,12.24,12.51,-1.23,-8.95,2933.0
03/31/2020,12.36,14.4,12.36,13.74,1.02,8.02,5716.0
03/30/2020,12.24,12.84,12.12,12.72,0.48,3.92,2600.0
03/27/2020,13.8,13.8,12.24,12.24,-0.96,-7.27,6533.0
03/26/2020,14.76,14.76,13.2,13.2,-0.6,-4.35,8258.0
03/25/2020,14.64,16.98,13.8,13.8,-1.44,-9.45,6991.0
03/24/2020,13.68,17.28,13.68,15.24,1.6788,12.38,6216.0
03/23/2020,13.32,14.28,13.32,13.5612,0.2412,1.81,3308.0
03/20/2020,15.24,15.84,13.32,13.32,-2.52,-15.91,3583.0
03/19/2020,12.0,16.2,12.0,15.84,3.48,28.16,7708.0
03/18/2020,11.6544,13.116,11.6544,12.36,-0.12,-0.96,3691.0
03/17/2020,12.0,13.44,12.0,12.48,0.48,4.0,5358.0
03/16/2020,12.24,12.84,10.5648,12.0,-1.2,-9.09,11858.0
03/13/2020,15.0,15.48,13.2,13.2,-0.72,-5.17,3775.0
03/12/2020,18.48,18.48,12.6576,13.92,-5.88,-29.7,9050.0
03/11/2020,19.2,20.82,19.2,19.8,0.12,0.61,1591.0
03/10/2020,20.4,20.6412,18.0,19.68,-0.96,-4.65,7300.0
03/09/2020,21.12,22.08,20.64,20.64,-0.7416,-3.47,7125.0
03/06/2020,22.2,22.2,21.3816,21.3816,-0.6984,-3.16,591.0
03/05/2020,22.2,22.2,21.6,22.08,0.0324,0.15,1675.0
03/04/2020,21.12,22.2,21.12,22.0476,0.9276,4.39,7441.0
03/03/2020,21.2364,21.24,20.8008,21.12,-0.12,-0.56,8875.0
03/02/2020,21.6,22.08,21.0,21.24,-0.57,-2.61,3558.0
02/28/2020,22.14,22.2,21.12,21.81,-1.11,-4.84,3966.0
02/27/2020,21.96,22.92,21.36,22.92,0.0,0.0,5591.0
02/26/2020,22.2,23.04,22.2,22.92,0.72,3.24,3558.0
02/25/2020,23.0388,23.0388,21.8076,22.2,-0.36,-1.6,3491.0
02/24/2020,23.28,23.82,22.08,22.56,-0.6,-2.59,2375.0
02/21/2020,22.4448,23.76,22.4448,23.16,0.84,3.76,3191.0
02/20/2020,22.8,23.64,22.1508,22.32,-0.12,-0.53,3900.0
02/19/2020,23.04,23.868,22.32,22.44,0.24,1.08,5475.0
02/18/2020,22.68,23.4468,21.24,22.2,-0.84,-3.65,4600.0
02/14/2020,23.64,23.8488,22.1676,23.04,-0.72,-3.03,10841.0
02/13/2020,25.08,25.08,23.7,23.76,-0.6,-2.46,3533.0
02/12/2020,24.36,25.2,24.0,24.36,-0.24,-0.98,2975.0
02/11/2020,23.88,25.26,23.88,24.6,0.72,3.02,3666.0
02/10/2020,24.72,24.72,23.88,23.88,-0.12,-0.5,1566.0
02/07/2020,24.6,24.6,23.76,24.0,0.24,1.01,1658.0
02/06/2020,24.72,25.2,23.76,23.76,-0.24,-1.0,741.0
02/05/2020,24.6,25.32,24.0,24.0,-0.96,-3.85,2983.0
02/04/2020,23.76,25.5,23.76,24.96,0.96,4.0,2858.0
02/03/2020,24.6,25.2,23.76,24.0,-0.6,-2.44,4850.0
01/31/2020,26.16,26.16,24.6,24.6,-0.84,-3.3,883.0
01/30/2020,25.44,26.4,24.84,25.44,0.24,0.95,1716.0
01/29/2020,25.08,26.04,24.84,25.2,-0.3324,-1.3,1941.0
01/28/2020,25.92,26.04,25.14,25.5324,-0.5076,-1.95,2058.0
01/27/2020,25.56,26.28,25.32,26.04,-0.48,-1.81,1158.0
01/24/2020,27.36,28.2,25.2,26.52,-0.48,-1.78,3508.0
01/23/2020,28.2,28.2,26.4,27.0,-1.68,-5.86,2616.0
01/22/2020,28.56,29.16,28.35,28.68,-0.18,-0.62,1966.0
01/21/2020,30.12,30.12,27.96,28.86,-0.78,-2.63,3616.0
01/17/2020,30.96,30.96,28.92,29.64,-0.36,-1.2,4708.0
01/16/2020,29.4,30.6,29.4,30.0,0.36,1.21,3383.0
01/15/2020,29.76,30.0,29.4,29.64,-0.6,-1.98,2491.0
01/14/2020,29.76,31.08,29.76,30.24,1.32,4.56,12400.0
01/13/2020,29.52,29.5284,28.32,28.92,-0.9588,-3.21,3033.0
01/10/2020,30.36,30.6036,29.4,29.8788,-0.0012,0.0,5866.0
01/09/2020,29.64,30.0,28.722,29.88,0.42,1.43,4500.0
01/08/2020,28.68,29.88,28.14,29.46,0.9,3.15,5600.0
01/07/2020,29.76,29.76,28.44,28.56,-1.3188,-4.41,4650.0
01/06/2020,29.64,30.0,28.92,29.8788,0.2388,0.81,7700.0
01/03/2020,27.6,30.0,26.52,29.64,1.44,5.11,8800.0
01/02/2020,27.48,28.44,26.5476,28.2,0.8412,3.07,9433.0
12/31/2019,26.28,27.3588,26.28,27.3588,1.1988,4.58,3983.0
12/30/2019,25.56,26.4,24.84,26.16,0.2412,0.93,6316.0
12/27/2019,26.64,26.64,25.44,25.9188,-0.1212,-0.47,3125.0
12/26/2019,25.68,26.88,25.68,26.04,-0.12,-0.46,3575.0
12/24/2019,25.8,26.16,25.32,26.16,1.32,5.31,4325.0
12/23/2019,26.28,28.32,24.84,24.84,-1.44,-5.48,29233.0
12/20/2019,25.8,26.4,25.8,26.28,0.12,0.46,4383.0
12/19/2019,25.32,26.52,25.32,26.16,0.72,2.83,4000.0
12/18/2019,24.84,25.56,24.84,25.44,0.2412,0.96,825.0
12/17/2019,24.6,25.68,24.6,25.1988,-0.1212,-0.48,2425.0
12/16/2019,23.52,26.28,23.52,25.32,1.3212,5.51,18891.0
12/13/2019,24.12,24.12,23.2788,23.9988,0.7188,3.09,5708.0
12/12/2019,22.8,23.76,22.68,23.28,0.12,0.52,14975.0
12/11/2019,23.52,23.7,22.44,23.16,0.12,0.52,4600.0
12/10/2019,23.64,23.88,22.8,23.04,-0.6,-2.54,3533.0
12/09/2019,23.04,24.0192,22.92,23.64,0.12,0.51,2225.0
12/06/2019,23.76,24.6,23.3952,23.52,-0.48,-2.0,3233.0
12/05/2019,24.36,25.08,22.8,24.0,-0.96,-3.85,9500.0
12/04/2019,25.2,25.2,24.48,24.96,0.4812,1.97,1550.0
12/03/2019,24.1416,24.7008,23.2776,24.4788,-0.6012,-2.4,2300.0
12/02/2019,25.32,25.32,24.0,25.08,0.6,2.45,5541.0
11/29/2019,24.12,26.4,24.12,24.48,0.12,0.49,5358.0
11/27/2019,24.96,25.56,24.36,24.36,0.0,0.0,7491.0
11/26/2019,25.32,25.32,24.24,24.36,0.0,0.0,3758.0
11/25/2019,25.32,25.428,24.24,24.36,-0.12,-0.49,3300.0
11/22/2019,25.2,25.3548,24.48,24.48,-1.1988,-4.67,2233.0
11/21/2019,25.2,25.6788,24.48,25.6788,0.48,1.9,1258.0
11/20/2019,25.68,25.68,24.48,25.1988,0.2388,0.96,1883.0
11/19/2019,24.36,25.2,24.24,24.96,0.66,2.72,7525.0
11/18/2019,25.32,25.8,24.12,24.3,-1.14,-4.48,5758.0
11/15/2019,25.32,26.16,25.32,25.44,-0.0672,-0.26,4025.0
11/14/2019,26.28,27.0012,25.44,25.5072,-1.4484,-5.37,8050.0
11/13/2019,28.08,28.08,26.88,26.9556,-0.6432,-2.33,2283.0
11/12/2019,27.36,27.72,26.64,27.5988,0.48,1.77,1900.0
11/11/2019,27.6,28.32,26.52,27.1188,-1.32,-4.64,3075.0
11/08/2019,27.48,28.8,27.48,28.4388,0.1992,0.71,1508.0
11/07/2019,26.64,29.04,26.5212,28.2396,1.8396,6.97,5141.0
11/06/2019,27.6,27.9924,26.4,26.4,-1.8,-6.38,3158.0
11/05/2019,27.36,29.2728,27.36,28.2,0.84,3.07,4125.0
11/04/2019,27.12,27.36,26.22,27.36,1.2,4.59,3550.0
11/01/2019,26.4,27.6,25.92,26.16,0.12,0.46,6333.0
10/31/2019,27.84,29.04,26.04,26.04,-1.74,-6.26,3033.0
10/30/2019,30.0,30.0,27.0,27.78,-1.32,-4.54,20166.0
10/29/2019,29.16,30.36,28.8,29.1,-0.06,-0.21,16558.0
10/28/2019,30.24,30.6348,28.8,29.16,-0.72,-2.41,2900.0
10/25/2019,29.28,31.1508,29.28,29.88,0.3708,1.26,2625.0
10/24/2019,30.0,30.5172,29.04,29.5092,-0.6108,-2.03,2916.0
10/23/2019,29.16,31.44,29.16,30.12,1.08,3.72,2200.0
10/22/2019,31.44,32.1468,29.04,29.04,-2.76,-8.68,3591.0
10/21/2019,32.28,32.4,31.2,31.8,-0.6,-1.85,1283.0
10/18/2019,31.68,33.0,31.68,32.4,0.12,0.37,5083.0
10/17/2019,33.0,33.0996,31.92,32.28,-0.9732,-2.93,2225.0
10/16/2019,34.56,34.56,31.68,33.2532,-0.3468,-1.03,2766.0
10/15/2019,31.56,35.88,31.56,33.6,1.8,5.66,10633.0
10/14/2019,31.8,32.64,30.96,31.8,-0.24,-0.75,3083.0
10/11/2019,26.64,33.0,26.0832,32.04,5.64,21.36,22766.0
10/10/2019,25.68,27.48,24.84,26.4,0.48,1.85,3283.0
10/09/2019,26.76,28.56,25.6596,25.92,-0.1716,-0.66,4525.0
10/08/2019,27.36,27.48,25.92,26.0916,-1.5072,-5.46,2475.0
10/07/2019,27.72,28.8,26.76,27.5988,-0.36,-1.29,3466.0
10/04/2019,29.2632,29.2632,27.6,27.9588,-0.2412,-0.86,875.0
10/03/2019,28.92,29.64,27.72,28.2,-0.36,-1.26,1550.0
10/02/2019,28.8,30.72,28.2,28.56,-1.08,-3.64,3800.0
10/01/2019,30.0,31.08,29.4828,29.64,-0.5388,-1.79,2558.0
09/30/2019,31.68,33.0,29.88,30.1788,-1.1412,-3.64,2150.0
09/27/2019,31.44,32.64,31.08,31.32,-0.36,-1.14,1383.0
09/26/2019,31.92,33.12,31.08,31.68,-0.5988,-1.86,1775.0
09/25/2019,31.92,33.6,31.8,32.2788,0.1188,0.37,3608.0
09/24/2019,33.96,33.96,32.16,32.16,-2.16,-6.29,5366.0
09/23/2019,35.52,35.52,32.16,34.32,-1.0428,-2.95,5350.0
09/20/2019,36.12,36.6,34.68,35.3628,-0.9972,-2.74,7866.0
09/19/2019,34.2,37.2,34.2,36.36,1.8,5.21,17733.0
09/18/2019,34.2,34.56,32.76,34.56,0.96,2.86,4975.0
09/17/2019,32.52,34.8,31.8,33.6,1.2,3.7,5791.0
09/16/2019,32.76,34.08,31.8,32.4,-0.72,-2.17,5675.0
09/13/2019,34.2,36.84,32.16,33.12,-1.5588,-4.49,17441.0
09/12/2019,32.4,35.04,32.4,34.6788,2.6388,8.24,10983.0
09/11/2019,33.96,33.96,31.8,32.04,-1.9056,-5.61,4683.0
09/10/2019,29.64,35.3988,29.64,33.9456,4.3056,14.53,14441.0
09/09/2019,29.04,30.6,29.04,29.64,0.36,1.23,2550.0
09/06/2019,29.16,30.48,28.08,29.28,0.36,1.24,4950.0
09/05/2019,27.6,30.0,27.6,28.92,0.8124,2.89,4291.0
09/04/2019,27.96,30.0,27.72,28.1076,0.1476,0.53,3258.0
09/03/2019,28.56,30.0,27.6,27.96,-0.84,-2.92,4050.0
08/30/2019,30.36,30.48,28.8,28.8,-1.8,-5.88,3816.0
08/29/2019,28.2,32.4,28.2,30.6,2.76,9.91,18900.0
08/28/2019,30.24,31.44,27.6,27.84,-3.6,-11.45,13700.0
08/27/2019,34.68,35.3436,30.0,31.44,-4.68,-12.96,20650.0
08/26/2019,34.92,39.24,31.8,36.12,-7.512,-17.22,46108.0
08/23/2019,35.76,43.8,34.674,43.632,8.112,22.84,35766.0
08/22/2019,36.24,37.08,33.84,35.52,-1.2,-3.27,3383.0
08/21/2019,37.44,37.56,34.32,36.72,-0.96,-2.55,11100.0
08/20/2019,29.88,37.8,29.04,37.68,8.4,28.69,31716.0
08/19/2019,29.04,29.88,28.8,29.28,0.48,1.67,2216.0
08/16/2019,28.68,29.88,28.68,28.8,0.0,0.0,1416.0
08/15/2019,28.68,29.28,28.68,28.8,0.24,0.84,1691.0
08/14/2019,28.44,28.8,26.04,28.56,-0.42,-1.45,716.0
08/13/2019,28.92,29.4,27.84,28.98,0.18,0.63,1658.0
08/12/2019,29.88,29.88,27.6,28.8,-0.6,-2.04,1275.0
08/09/2019,29.88,29.88,28.2,29.4,0.12,0.41,1283.0
08/08/2019,27.6,30.0,26.76,29.28,1.68,6.09,3708.0
08/07/2019,25.8,27.96,25.8,27.6,1.428,5.46,1850.0
08/06/2019,27.24,28.08,25.68,26.172,-1.188,-4.34,2458.0
08/05/2019,28.44,28.44,26.16,27.36,-1.32,-4.6,1616.0
08/02/2019,26.76,28.68,24.48,28.68,1.3836,5.07,1516.0
08/01/2019,29.88,29.88,26.52,27.2964,-1.9836,-6.77,4425.0
07/31/2019,30.12,30.12,28.32,29.28,-0.8388,-2.78,1416.0
07/30/2019,29.64,30.48,29.64,30.1188,0.1188,0.4,1675.0
07/29/2019,30.84,30.84,30.0,30.0,-1.44,-4.58,4283.0
07/26/2019,30.96,31.44,30.72,31.44,0.84,2.75,508.0
07/25/2019,30.6,31.74,30.492,30.6,-0.24,-0.78,1375.0
07/24/2019,30.12,32.2236,30.12,30.84,0.48,1.58,2350.0
07/23/2019,30.0,30.96,30.0,30.36,-0.2208,-0.72,1858.0
07/22/2019,30.36,31.2,30.12,30.5808,-0.498,-1.6,3600.0
07/19/2019,31.08,31.908,30.3864,31.0788,-0.1212,-0.39,5416.0
07/18/2019,33.12,33.66,30.72,31.2,-2.16,-6.47,7308.0
07/17/2019,33.6,34.356,33.0,33.36,-0.48,-1.42,8050.0
07/16/2019,33.6,34.56,33.0,33.84,0.48,1.44,4891.0
07/15/2019,32.88,34.08,32.88,33.36,0.6,1.83,4716.0
07/12/2019,35.76,35.9832,31.92,32.76,-2.28,-6.51,11216.0
07/11/2019,37.44,38.1,34.32,35.04,-2.4,-6.41,7366.0
07/10/2019,37.2,43.08,37.08,37.44,0.36,0.97,15216.0
07/09/2019,37.68,43.56,36.5148,37.08,-2.4,-6.08,31666.0
07/08/2019,33.72,39.48,33.36,39.48,5.28,15.44,21916.0
07/05/2019,33.72,34.56,33.0,34.2,0.48,1.42,31016.0
07/03/2019,34.08,34.32,33.72,33.72,-0.24,-0.71,2391.0
07/02/2019,34.8,34.8,33.6012,33.96,-0.72,-2.08,3100.0
07/01/2019,34.8,35.4,34.2,34.68,0.48,1.4,4850.0
06/28/2019,34.2,35.28,33.72,34.2,0.24,0.71,2283.0
06/27/2019,34.8,36.0,33.36,33.96,-0.84,-2.41,4391.0
06/26/2019,34.8,36.6,34.8,34.8,0.0,0.0,3916.0
06/25/2019,34.68,38.4,34.68,34.8,0.0,0.0,9666.0
06/24/2019,30.96,35.4,30.72,34.8,4.68,15.54,15191.0
06/21/2019,33.48,33.84,30.0,30.12,-3.72,-10.99,21216.0
06/20/2019,37.68,40.08,33.84,33.84,-2.52,-6.93,15616.0
06/19/2019,39.96,39.96,36.06,36.36,-3.72,-9.28,11691.0
06/18/2019,42.0,42.0,37.2,40.08,-2.04,-4.84,16175.0
06/17/2019,42.0,44.16,41.04,42.12,-0.48,-1.13,8550.0
06/14/2019,45.24,47.28,42.6,42.6,-3.0,-6.58,4508.0
06/13/2019,44.52,46.92,44.16,45.6,-0.12,-0.26,4400.0
06/12/2019,49.2,49.2,45.72,45.72,-7.44,-14.0,7966.0
06/11/2019,54.0,55.2,51.66,53.16,0.36,0.68,2375.0
06/10/2019,51.12,56.16,51.12,52.8,0.6,1.15,2800.0
06/07/2019,47.88,52.6788,47.4,52.2,5.16,10.97,3841.0
06/06/2019,56.4,60.0,46.92,47.04,-9.12,-16.24,6633.0
06/05/2019,59.16,60.0384,56.04,56.16,-3.84,-6.4,1800.0
06/04/2019,55.2,60.0,55.2,60.0,3.36,5.93,2708.0
06/03/2019,60.48,62.2308,55.8,56.64,-2.76,-4.65,1108.0
05/31/2019,57.0,61.4544,56.64,59.4,3.0,5.32,1900.0
05/30/2019,61.8,61.8,54.72,56.4,-3.0,-5.05,5158.0
05/29/2019,61.44,62.4,55.8,59.4,-1.32,-2.17,2100.0
05/28/2019,61.56,61.56,58.68,60.72,1.92,3.27,1066.0
05/24/2019,60.48,60.6,57.84,58.8,-2.28,-3.73,1275.0
05/23/2019,62.4,62.76,59.52,61.08,-1.32,-2.12,1650.0
05/22/2019,62.52,65.88,62.4,62.4,-1.08,-1.7,841.0
05/21/2019,61.32,64.89,61.32,63.48,2.04,3.32,850.0
05/20/2019,63.24,64.68,61.44,61.44,-3.36,-5.19,1225.0
05/17/2019,65.4,68.04,64.572,64.8,-1.44,-2.17,2625.0
05/16/2019,70.68,73.56,64.968,66.24,-3.36,-4.83,16683.0
05/15/2019,72.0,76.1256,69.6,69.6,-2.16,-3.01,8858.0
05/14/2019,67.08,74.4,63.72,71.76,4.56,6.79,11416.0
05/13/2019,75.48,75.48,65.712,67.2,-8.16,-10.83,10275.0
05/10/2019,79.56,80.28,73.8,75.36,-5.4,-6.69,6658.0
05/09/2019,83.64,83.64,73.2,80.76,-3.96,-4.67,7541.0
05/08/2019,91.92,92.28,84.0,84.72,-7.08,-7.71,8408.0
05/07/2019,91.32,93.8592,91.32,91.8,0.0,0.0,500.0
05/06/2019,93.36,95.64,87.24,91.8,-6.36,-6.48,1625.0
05/03/2019,100.32,100.32,96.0,98.16,-0.96,-0.97,666.0
05/02/2019,97.2,99.6,95.2728,99.12,2.64,2.74,591.0
05/01/2019,97.92,99.1584,96.12,96.48,-3.12,-3.13,708.0
04/30/2019,102.24,102.24,97.92,99.6,-2.4,-2.35,1291.0
04/29/2019,100.68,102.6,98.4,102.0,2.34,2.35,958.0
04/26/2019,95.4,101.88,93.72,99.66,4.26,4.47,2658.0
04/25/2019,94.2,96.0,92.16,95.4,1.44,1.53,1858.0
04/24/2019,96.0,97.8,93.12,93.96,-3.96,-4.04,3683.0
04/23/2019,100.08,102.36,97.92,97.92,-3.24,-3.2,1308.0
04/22/2019,103.56,106.68,99.06,101.16,-3.0,-2.88,2425.0
04/18/2019,107.4,113.1588,101.4012,104.16,-2.52,-2.36,2958.0
04/17/2019,111.12,111.12,100.8,106.68,2.28,2.18,2733.0
04/16/2019,114.36,115.992,104.4,104.4,-10.2,-8.9,9983.0
04/15/2019,129.24,132.5292,114.36,114.6,-7.08,-5.82,15375.0
04/12/2019,141.72,148.56,120.12,121.68,-19.08,-13.55,16225.0
04/11/2019,151.2,151.2,138.0,140.76,-10.44,-6.9,2483.0
04/10/2019,151.44,155.88,146.4,151.2,-2.04,-1.33,1733.0
04/09/2019,156.48,161.64,145.68,153.24,-2.64,-1.69,14883.0
04/08/2019,164.76,166.08,154.44,155.88,-7.32,-4.49,13641.0
04/05/2019,162.48,167.2944,160.8,163.2,0.48,0.29,250.0
04/04/2019,160.9236,169.08,160.6296,162.72,-6.24,-3.69,216.0
04/03/2019,166.68,169.2,166.68,168.96,2.28,1.37,608.0
04/02/2019,167.52,167.52,163.9776,166.68,2.76,1.68,191.0
04/01/2019,161.52,166.0956,160.8,163.92,3.0,1.86,408.0
03/29/2019,154.2,165.96,148.8,160.92,6.72,4.36,2033.0
03/28/2019,166.2,166.2,154.2,154.2,-10.2,-6.2,1100.0
03/27/2019,172.56,173.76,162.9312,164.4,-8.16,-4.73,1591.0
03/26/2019,174.48,175.0764,172.56,172.56,-1.8,-1.03,2900.0
03/25/2019,175.8,188.4,174.36,174.36,-4.26,-2.38,16308.0
03/22/2019,180.0,181.68,178.56,178.62,-1.38,-0.77,691.0
03/21/2019,185.88,185.88,180.0,180.0,-3.12,-1.7,3383.0
03/20/2019,186.0,187.2,182.4,183.12,-2.88,-1.55,3583.0
03/19/2019,183.36,187.08,182.28,186.0,1.8,0.98,12491.0
03/18/2019,187.32,187.8,181.4136,184.2,-2.52,-1.35,800.0
03/15/2019,183.72,187.08,183.24,186.72,0.48,0.26,1650.0
03/14/2019,188.4,188.4,183.6012,186.24,-1.44,-0.77,1800.0
03/13/2019,183.96,188.6892,183.0,187.68,1.2,0.64,4075.0
03/12/2019,185.52,187.8,180.0,186.48,0.96,0.52,2550.0
03/11/2019,184.92,190.44,184.92,185.52,-0.12,-0.06,1016.0
03/08/2019,182.7,186.4704,180.12,185.64,-1.44,-0.77,4141.0
03/07/2019,189.72,189.72,182.64,187.08,-2.88,-1.52,2325.0
03/06/2019,188.16,191.5008,183.6,189.96,1.8,0.96,2441.0
03/05/2019,183.0,198.0,180.6,188.16,4.56,2.48,7925.0
03/04/2019,180.12,186.36,180.12,183.6,3.12,1.73,3750.0
03/01/2019,184.92,184.92,180.0,180.48,-3.12,-1.7,1591.0
02/28/2019,186.0,186.0,182.4,183.6,-1.8,-0.97,650.0
02/27/2019,187.68,191.4,182.4,185.4,-2.88,-1.53,2850.0
02/26/2019,191.88,198.0,183.96,188.28,-1.68,-0.88,7466.0
02/25/2019,203.28,204.0,183.6,189.96,0.36,0.19,10075.0
02/22/2019,186.24,192.72,183.0,189.6,4.56,2.46,6800.0
02/21/2019,192.36,193.92,184.8,185.04,-8.4,-4.34,4241.0
02/20/2019,195.12,197.16,193.2,193.44,-4.68,-2.36,3641.0
02/19/2019,197.52,201.18,194.64,198.12,2.88,1.48,4875.0
02/15/2019,201.84,207.6,195.24,195.24,-6.36,-3.15,8441.0
02/14/2019,195.6,204.12,195.6,201.6,7.2,3.7,2908.0
02/13/2019,200.76,203.52,194.16,194.4,-0.36,-0.18,2425.0
02/12/2019,202.56,205.08,192.0,194.76,-6.96,-3.45,15433.0
02/11/2019,213.12,213.12,200.4,201.72,-11.88,-5.56,21116.0
02/08/2019,218.4,218.4,207.12,213.6,1.68,0.79,1416.0
02/07/2019,216.0,216.12,207.6,211.92,-3.36,-1.56,2291.0
02/06/2019,226.08,226.08,207.36,215.28,-12.72,-5.58,5150.0
02/05/2019,198.12,234.0,195.0,228.0,30.0,15.15,22325.0
02/04/2019,192.12,200.4,192.12,198.0,3.6,1.85,1225.0
02/01/2019,198.0,198.12,193.92,194.4,-3.36,-1.7,433.0
01/31/2019,191.28,199.56,191.28,197.76,5.16,2.68,5800.0
01/30/2019,192.48,194.04,185.52,192.6,7.44,4.02,3933.0
01/29/2019,191.4,198.24,176.28,185.16,-1.44,-0.77,56975.0
01/28/2019,186.72,191.28,181.8,186.6,-7.68,-3.95,64566.0
01/25/2019,203.04,204.0,192.0,194.28,-7.44,-3.69,3400.0
01/24/2019,212.16,212.16,195.24,201.72,-2.28,-1.12,4125.0
01/23/2019,199.2,207.0,193.56,204.0,6.0,3.03,4858.0
01/22/2019,189.36,213.0,179.28,198.0,6.6,3.45,14033.0
01/18/2019,180.48,191.4,168.12,191.4,17.28,9.92,37333.0
01/17/2019,182.4,182.4,167.04,174.12,-1.44,-0.82,2783.0
01/16/2019,180.84,183.54,174.0,175.56,-5.28,-2.92,2775.0
01/15/2019,180.6,184.92,174.84,180.84,0.84,0.47,4316.0
01/14/2019,190.56,191.28,172.2,180.0,-11.4,-5.96,12316.0
01/11/2019,203.4,203.52,190.56,191.4,-12.0,-5.9,7533.0
01/10/2019,191.88,208.2,191.88,203.4,9.0,4.63,3783.0
01/09/2019,217.8,217.8,194.4,194.4,-22.8,-10.5,15433.0
01/08/2019,222.72,222.72,204.72,217.2,-6.72,-3.0,9025.0
01/07/2019,250.68,271.2,211.86,223.92,-30.24,-11.9,36466.0
01/04/2019,275.88,298.08,249.0,254.16,-18.24,-6.7,41325.0
01/03/2019,252.0,285.48,234.0,272.4,32.4,13.5,21483.0
01/02/2019,248.88,260.4,240.0,240.0,-5.88,-2.39,3866.0
12/31/2018,256.8,274.56,241.92,245.88,-10.8,-4.21,10516.0
12/28/2018,284.76,308.28,255.6,256.68,-32.16,-11.13,32200.0
12/27/2018,221.16,288.84,221.16,288.84,65.76,29.48,24225.0
12/26/2018,216.36,224.16,212.52,223.08,5.88,2.71,12475.0
12/24/2018,209.28,228.0,205.44,217.2,0.72,0.33,10150.0
12/21/2018,216.12,230.4,203.52,216.48,-11.28,-4.95,17775.0
12/20/2018,218.52,234.24,210.6,227.76,5.04,2.26,14491.0
12/19/2018,216.12,233.64,212.52,222.72,5.64,2.6,14083.0
12/18/2018,204.0,223.08,197.64,217.08,14.64,7.23,43958.0
12/17/2018,245.16,246.0,193.32,202.44,-41.52,-17.02,44300.0
12/14/2018,190.56,263.64,190.56,243.96,45.96,23.21,54658.0
12/13/2018,171.36,205.68,169.68,198.0,24.0,13.79,44808.0
12/12/2018,160.32,191.76,158.76,174.0,5.76,3.42,48741.0
12/11/2018,151.32,173.64,150.84,168.24,18.0,11.98,117225.0
12/10/2018,160.56,168.0,141.6,150.24,-11.52,-7.12,66283.0
12/07/2018,166.08,170.52,156.0,161.76,-6.24,-3.71,53933.0
