01/01/2022,6.081005673406332,9.85,22.012,-2.312
01/01/2021,5.231044828712521,8.89,19.352,-1.572
01/01/2020,4.132533121464364,8.45,16.715,0.184
01/01/2019,4.167098510954595,8.47,16.804,0.135
01/01/2018,5.94303668169733,9.23,21.116,-2.656
01/01/2017,5.919616541635108,9.45,21.289,-2.389
01/01/2016,0.0,0.0,0.0,0.0
01/01/2015,0.0,0.0,0.0,0.0
01/01/2014,0.0,0.0,0.0,0.0
01/01/2013,0.0,0.0,0.0,0.0
01/01/2012,0.0,0.0,0.0,0.0
01/01/2011,0.0,0.0,0.0,0.0
01/01/2010,0.0,0.0,0.0,0.0
01/01/2009,0.0,0.0,0.0,0.0
01/01/2008,0.0,0.0,0.0,0.0
01/01/2007,0.0,0.0,0.0,0.0
01/01/2006,0.0,0.0,0.0,0.0
01/01/2005,0.0,0.0,0.0,0.0
01/01/2004,0.0,0.0,0.0,0.0
01/01/2003,0.0,0.0,0.0,0.0
01/01/2002,0.0,0.0,0.0,0.0
01/01/2001,0.0,0.0,0.0,0.0
01/01/2000,0.0,0.0,0.0,0.0
01/01/1999,0.0,0.0,0.0,0.0
05/01/1998,0.0,0.0,0.0,0.0
