01/01/2022,28.175459534850535,43.91,100.26,-12.44
01/01/2021,24.891695000541844,39.17,88.953,-10.613
01/01/2020,18.07137681528444,33.94,70.082,-2.202
01/01/2019,17.06416024889593,30.75,64.878,-3.378
01/01/2018,17.162284521589775,28.78,63.104,-5.544
01/01/2017,17.34487633279638,27.74,62.429,-6.949
01/01/2016,16.494431484595037,26.33,59.318,-6.658
01/01/2015,15.731029050891742,25.45,56.912,-6.012
01/01/2014,13.689173459343701,23.36,50.738,-4.018
01/01/2013,11.535161463976133,20.44,43.51,-2.63
01/01/2012,10.105023750590595,18.04,38.25,-2.17
01/01/2011,9.333447915963317,16.18,34.846,-2.486
01/01/2010,0.0,0.0,0.0,0.0
01/01/2009,0.0,0.0,0.0,0.0
01/01/2008,0.0,0.0,0.0,0.0
01/01/2007,0.0,0.0,0.0,0.0
01/01/2006,0.0,0.0,0.0,0.0
01/01/2005,0.0,0.0,0.0,0.0
01/01/2004,0.0,0.0,0.0,0.0
01/01/2003,0.0,0.0,0.0,0.0
01/01/2002,0.0,0.0,0.0,0.0
01/01/2001,0.0,0.0,0.0,0.0
01/01/2000,0.0,0.0,0.0,0.0
01/01/1999,0.0,0.0,0.0,0.0
01/01/1998,0.0,0.0,0.0,0.0
01/01/1997,0.0,0.0,0.0,0.0
01/01/1996,0.0,0.0,0.0,0.0
01/01/1995,0.0,0.0,0.0,0.0
01/01/1994,0.0,0.0,0.0,0.0
01/01/1993,0.0,0.0,0.0,0.0
04/01/1992,0.0,0.0,0.0,0.0
