01/01/2022,7.5528895132922464,12.37,27.475,-2.735
01/01/2021,7.649063668188414,12.11,27.408,-3.188
01/01/2020,8.419409718026555,12.59,29.428,-4.248
01/01/2019,8.960951958357995,12.92,30.841,-5.001
01/01/2018,8.404116848307144,11.96,28.768,-4.848
01/01/2017,7.544126191945626,10.94,26.028,-4.148
01/01/2016,7.311500871914055,10.43,25.053,-4.193
01/01/2015,7.041701853955477,9.89,23.973,-4.193
01/01/2014,7.112065803970039,9.61,23.834,-4.614
01/01/2013,7.27952470975956,9.15,23.709,-5.409
01/01/2012,7.423031388859944,8.7,23.546,-6.146
01/01/2011,0.0,0.0,0.0,0.0
01/01/2010,0.0,0.0,0.0,0.0
01/01/2009,0.0,0.0,0.0,0.0
01/01/2008,0.0,0.0,0.0,0.0
01/01/2007,0.0,0.0,0.0,0.0
01/01/2006,0.0,0.0,0.0,0.0
01/01/2005,0.0,0.0,0.0,0.0
01/01/2004,0.0,0.0,0.0,0.0
01/01/2003,0.0,0.0,0.0,0.0
01/01/2002,0.0,0.0,0.0,0.0
01/01/2001,0.0,0.0,0.0,0.0
01/01/2000,0.0,0.0,0.0,0.0
01/01/1999,0.0,0.0,0.0,0.0
01/01/1998,0.0,0.0,0.0,0.0
01/01/1997,0.0,0.0,0.0,0.0
01/01/1996,0.0,0.0,0.0,0.0
01/01/1995,0.0,0.0,0.0,0.0
01/01/1994,0.0,0.0,0.0,0.0
03/01/1993,0.0,0.0,0.0,0.0
