01/01/2022,22.730548284115365,41.52,86.981,-3.941
01/01/2021,21.998653047607256,37.96,81.957,-6.037
01/01/2020,20.986863766199086,34.45,76.423,-7.523
01/01/2019,20.42439895181741,31.45,72.298,-9.398
01/01/2018,19.653067092568527,28.24,67.546,-11.066
01/01/2017,18.5101474206177,25.6,62.62,-11.42
01/01/2016,17.657217081281523,23.2,58.514,-12.114
01/01/2015,15.890767417497495,20.56,52.341,-11.221
01/01/2014,13.020727903500633,17.75,43.791,-8.291
01/01/2013,0.0,0.0,0.0,0.0
01/01/2012,0.0,0.0,0.0,0.0
01/01/2011,0.0,0.0,0.0,0.0
01/01/2010,0.0,0.0,0.0,0.0
01/01/2009,0.0,0.0,0.0,0.0
01/01/2008,0.0,0.0,0.0,0.0
01/01/2007,0.0,0.0,0.0,0.0
01/01/2006,0.0,0.0,0.0,0.0
01/01/2005,0.0,0.0,0.0,0.0
01/01/2004,0.0,0.0,0.0,0.0
01/01/2003,0.0,0.0,0.0,0.0
01/01/2002,0.0,0.0,0.0,0.0
01/01/2001,0.0,0.0,0.0,0.0
01/01/2000,0.0,0.0,0.0,0.0
01/01/1999,0.0,0.0,0.0,0.0
01/01/1998,0.0,0.0,0.0,0.0
01/01/1997,0.0,0.0,0.0,0.0
01/01/1996,0.0,0.0,0.0,0.0
12/01/1995,0.0,0.0,0.0,0.0
