01/01/2022,12.812565463247397,38.53,64.155,12.904
01/01/2021,11.923172344221149,36.45,60.296,12.603
01/01/2020,11.016336051519126,34.66,56.692,12.627
01/01/2019,10.020022704565095,33.45,53.49,13.409
01/01/2018,8.696232301979979,32.13,49.522,14.737
01/01/2017,7.978859332636464,31.44,47.397,15.482
01/01/2016,7.281989254317806,30.82,45.383,16.256
01/01/2015,6.91379915458932,30.06,43.887,16.232
01/01/2014,6.6780355691251,28.84,42.196,15.483
01/01/2013,6.799260093017475,27.37,40.968,13.771
01/01/2012,6.883674572857145,25.86,39.627,12.092
01/01/2011,7.223309187969181,24.57,39.016,10.123
01/01/2010,7.468235096694533,23.33,38.266,8.393
01/01/2009,8.044283145315063,21.97,38.058,5.881
01/01/2008,8.71069155133506,20.79,38.211,3.368
01/01/2007,9.535230451882114,19.8,38.87,0.729
01/01/2006,9.907187471780272,18.38,38.194,-1.434
01/01/2005,10.399735225908397,17.29,38.089,-3.509
01/01/2004,10.907012960797287,16.37,38.184,-5.444
01/01/2003,11.330634277700431,15.4,38.061,-7.261
01/01/2002,11.494993229358597,14.18,37.169,-8.809
01/01/2001,11.689309803726651,13.14,36.518,-10.238
01/01/2000,11.730490400554446,12.0,35.46,-11.46
01/01/1999,11.167882207271887,10.51,32.845,-11.825
01/01/1998,0.0,0.0,0.0,0.0
01/01/1997,0.0,0.0,0.0,0.0
01/01/1996,0.0,0.0,0.0,0.0
01/01/1995,0.0,0.0,0.0,0.0
01/01/1994,0.0,0.0,0.0,0.0
01/01/1993,0.0,0.0,0.0,0.0
01/01/1992,0.0,0.0,0.0,0.0
01/01/1991,0.0,0.0,0.0,0.0
01/01/1990,0.0,0.0,0.0,0.0
01/01/1989,0.0,0.0,0.0,0.0
01/01/1988,0.0,0.0,0.0,0.0
01/01/1987,0.0,0.0,0.0,0.0
01/01/1986,0.0,0.0,0.0,0.0
01/01/1985,0.0,0.0,0.0,0.0
01/01/1984,0.0,0.0,0.0,0.0
01/01/1983,0.0,0.0,0.0,0.0
01/01/1982,0.0,0.0,0.0,0.0
01/01/1981,0.0,0.0,0.0,0.0
02/01/1980,0.0,0.0,0.0,0.0
