01/01/2022,13.702801127871627,26.98,54.385,-0.425
01/01/2021,11.843559853354902,24.71,48.397,1.022
01/01/2020,8.885020891928168,22.57,40.34,4.799
01/01/2019,8.608788387456158,21.49,38.707,4.272
01/01/2018,8.303405174986947,20.81,37.416,4.203
01/01/2017,8.594395412127604,20.15,37.338,2.961
01/01/2016,7.910268800742488,19.11,34.93,3.289
01/01/2015,6.560417479093842,17.6,30.72,4.479
01/01/2014,6.544825627929288,16.61,29.699,3.52
01/01/2013,5.783024943747001,15.09,26.656,3.523
01/01/2012,4.878640307503721,13.73,23.487,3.972
01/01/2011,4.704390502498703,12.63,22.038,3.221
01/01/2010,5.082033549672808,11.72,21.884,1.555
01/01/2009,0.0,0.0,0.0,0.0
01/01/2008,0.0,0.0,0.0,0.0
01/01/2007,0.0,0.0,0.0,0.0
01/01/2006,0.0,0.0,0.0,0.0
01/01/2005,0.0,0.0,0.0,0.0
01/01/2004,0.0,0.0,0.0,0.0
01/01/2003,0.0,0.0,0.0,0.0
01/01/2002,0.0,0.0,0.0,0.0
01/01/2001,0.0,0.0,0.0,0.0
01/01/2000,0.0,0.0,0.0,0.0
01/01/1999,0.0,0.0,0.0,0.0
01/01/1998,0.0,0.0,0.0,0.0
01/01/1997,0.0,0.0,0.0,0.0
01/01/1996,0.0,0.0,0.0,0.0
01/01/1995,0.0,0.0,0.0,0.0
01/01/1994,0.0,0.0,0.0,0.0
01/01/1993,0.0,0.0,0.0,0.0
01/01/1992,0.0,0.0,0.0,0.0
03/01/1991,0.0,0.0,0.0,0.0
