01/17/2024,0.22371857321196986,55.55,55.997,55.102
01/16/2024,0.22289010745207963,55.56,56.005,55.114
01/12/2024,0.21536016344718817,55.57,56.0,55.139
01/11/2024,0.21322523302836285,55.58,56.006,55.153
01/10/2024,0.22385263009399672,55.57,56.017,55.122
01/09/2024,0.24275502054540438,55.56,56.045,55.074
01/08/2024,0.23986454510827476,55.55,56.029,55.07
01/05/2024,0.2376657316484639,55.54,56.015,55.064
01/04/2024,0.2398749674309504,55.54,56.019,55.06
01/03/2024,0.23514888900439138,55.54,56.01,55.069
01/02/2024,0.21504650659799057,55.56,55.99,55.129
