02/06/2024,0.1146298390472568,5.47,5.699,5.24
02/05/2024,0.15419143945109282,5.49,5.798,5.181
02/02/2024,0.1901315334183155,5.51,5.89,5.129
02/01/2024,0.20683326618317482,5.53,5.943,5.116
01/31/2024,0.2144644492684045,5.56,5.988,5.131
01/30/2024,0.23501063805708894,5.59,6.06,5.119
01/29/2024,0.252616309845584,5.6,6.105,5.094
01/26/2024,0.2757263135792449,5.63,6.181,5.078
01/25/2024,0.30077607950101365,5.67,6.271,5.068
01/24/2024,0.29837057495671393,5.69,6.286,5.093
01/23/2024,0.29427028392279103,5.7,6.288,5.111
01/22/2024,0.2916076130693437,5.71,6.293,5.126
01/19/2024,0.3096611050810225,5.69,6.309,5.07
01/18/2024,0.31212978070027225,5.69,6.314,5.065
01/17/2024,0.30012497396917853,5.7,6.3,5.099
01/16/2024,0.30822070014844893,5.69,6.306,5.073
01/12/2024,0.3314438112259755,5.68,6.342,5.017
01/11/2024,0.39206504562380984,5.64,6.424,4.855
01/10/2024,0.4479564710995925,5.61,6.505,4.714
01/09/2024,0.47762956357411557,5.58,6.535,4.624
01/08/2024,0.4873858840795455,5.54,6.514,4.565
01/05/2024,0.5006645583621833,5.46,6.461,4.458
01/04/2024,0.5280482932459871,5.4,6.456,4.343
01/03/2024,0.5485389685336859,5.34,6.437,4.242
01/02/2024,0.5565429004128972,5.28,6.393,4.166
