01/17/2024,0.07191140382442833,1.51,1.653,1.366
01/16/2024,0.07149300665100053,1.51,1.652,1.367
01/12/2024,0.072439630037708,1.51,1.654,1.365
01/11/2024,0.07209368904418753,1.51,1.654,1.365
01/10/2024,0.07250862017719001,1.5,1.645,1.354
01/09/2024,0.0718505393159996,1.5,1.643,1.356
01/08/2024,0.06998214057886487,1.5,1.639,1.36
01/05/2024,0.07195484695279396,1.5,1.643,1.356
01/04/2024,0.0649422820664627,1.5,1.629,1.37
01/03/2024,0.07725768570181224,1.5,1.654,1.345
01/02/2024,0.08831053164826948,1.51,1.686,1.333
