01/24/2024,0.705514882904677,15.03,16.441,13.618
01/23/2024,0.7285816700960848,14.96,16.417,13.502
01/22/2024,0.7351845006527274,14.95,16.42,13.479
01/19/2024,0.7622311001264643,14.93,16.454,13.405
01/18/2024,0.733870731123677,14.98,16.447,13.512
01/17/2024,0.7818447735963961,14.91,16.473,13.346
01/16/2024,0.7673631799871559,14.95,16.484,13.415
01/12/2024,0.8009408529972735,14.91,16.511,13.308
01/11/2024,0.894930164873215,14.95,16.739,13.16
01/10/2024,0.7872991807438898,14.76,16.334,13.185
01/09/2024,0.8696177321099197,14.49,16.229,12.75
01/08/2024,0.9386932406276293,14.5,16.377,12.622
01/05/2024,0.9567288016987887,14.54,16.453,12.626
01/04/2024,1.2695944234282066,14.67,17.209,12.13
01/03/2024,1.5706988890299756,14.88,18.021,11.738
01/02/2024,1.9039721636620637,15.13,18.937,11.322
