01/22/2024,0.188035900827475,2.86,3.236,2.483
01/19/2024,0.18694250453013622,2.87,3.243,2.496
01/18/2024,0.1682297536109472,2.92,3.256,2.583
01/17/2024,0.17381383719370563,2.94,3.287,2.592
01/16/2024,0.16489769555697256,2.97,3.299,2.64
01/12/2024,0.1796141698196443,2.99,3.349,2.63
01/11/2024,0.1701910690958841,3.03,3.37,2.689
01/10/2024,0.1724093964956667,3.03,3.374,2.685
01/09/2024,0.17269916039170544,3.04,3.385,2.694
01/08/2024,0.17559897494006052,3.06,3.411,2.708
01/05/2024,0.17144970107877122,3.08,3.422,2.737
01/04/2024,0.17083617883809038,3.09,3.431,2.748
01/03/2024,0.14818906842274163,3.11,3.406,2.813
01/02/2024,0.14337015031030692,3.12,3.406,2.833
