02/26/2024,9.270135921333624,253.65,272.19,235.109
02/23/2024,9.303732584291101,252.43,271.037,233.822
02/22/2024,9.4012855503915,251.21,270.012,232.407
02/21/2024,9.539996855345395,249.83,268.909,230.75
02/20/2024,9.68870166740622,248.63,268.007,229.252
02/16/2024,9.397577347380551,247.06,265.855,228.264
02/15/2024,8.690813828405258,245.02,262.401,227.638
02/14/2024,8.055337050676403,243.53,259.64,227.419
02/13/2024,7.58514634005172,242.26,257.43,227.089
02/12/2024,6.7410529592935235,241.03,254.512,227.547
02/09/2024,6.109989361692865,240.18,252.399,227.96
02/08/2024,5.575448860854164,239.48,250.63,228.329
02/07/2024,5.717363903058819,239.28,250.714,227.845
02/06/2024,3.8806842180213534,238.14,245.901,230.378
02/05/2024,3.959051022656817,238.21,246.128,230.291
02/02/2024,3.5373924011904574,237.78,244.854,230.705
02/01/2024,3.287282312184336,237.36,243.934,230.785
01/31/2024,3.4198925421714637,237.42,244.259,230.58
01/30/2024,3.1320384735823383,237.2,243.464,230.935
01/29/2024,3.077247146395619,237.14,243.294,230.985
01/26/2024,3.028521091225879,237.08,243.137,231.022
01/25/2024,3.0490088553495527,237.1,243.198,231.001
01/24/2024,3.0707026883109334,237.27,243.411,231.128
01/23/2024,3.078959239743195,237.18,243.337,231.022
01/22/2024,3.7455820642458213,237.38,244.871,229.888
01/19/2024,3.1423741024900265,238.01,244.294,231.725
01/18/2024,3.0203509729831057,238.68,244.72,232.639
01/17/2024,2.862697154782531,239.13,244.855,233.404
01/16/2024,2.38314707896932,239.63,244.396,234.863
01/12/2024,2.783028027167533,240.4,245.966,234.833
01/11/2024,2.7216630945067415,240.47,245.913,235.026
01/10/2024,2.9937635177147874,240.24,246.227,234.252
01/09/2024,3.1794221173037127,240.03,246.388,233.671
01/08/2024,3.7732413121877073,239.48,247.026,231.933
01/05/2024,4.310002900231046,238.91,247.53,230.289
01/04/2024,4.575971481554494,238.76,247.911,229.608
01/03/2024,5.074535939374165,238.4,248.549,228.25
01/02/2024,5.2676598219702875,238.0,248.535,227.464
