02/26/2024,0.13882092781709823,2.18,2.457,1.902
02/23/2024,0.14978734926555048,2.18,2.479,1.88
02/22/2024,0.14401822801298456,2.2,2.488,1.911
02/21/2024,0.1383338353404546,2.22,2.496,1.943
02/20/2024,0.13493053768513638,2.24,2.509,1.97
02/16/2024,0.12256120919769029,2.25,2.495,2.004
02/15/2024,0.12042113601855782,2.26,2.5,2.019
02/14/2024,0.11832687775818311,2.26,2.496,2.023
02/13/2024,0.10267058975188562,2.28,2.485,2.074
02/12/2024,0.09983110737640849,2.28,2.479,2.08
02/09/2024,0.09697299881925897,2.28,2.473,2.086
02/08/2024,0.09196466712819658,2.29,2.473,2.106
02/07/2024,0.09163105368814659,2.29,2.473,2.106
02/06/2024,0.09450529085717903,2.28,2.469,2.09
02/05/2024,0.09394125025780743,2.29,2.477,2.102
02/02/2024,0.09636130187995595,2.29,2.482,2.097
02/01/2024,0.09980806831113406,2.28,2.479,2.08
01/31/2024,0.08669643879652729,2.27,2.443,2.096
01/30/2024,0.08550510218694556,2.26,2.431,2.088
01/29/2024,0.08886012885428428,2.26,2.437,2.082
01/26/2024,0.0719952949851586,2.24,2.383,2.096
01/25/2024,0.08329084283401149,2.24,2.406,2.073
01/24/2024,0.07176714080970482,2.22,2.363,2.076
01/23/2024,0.06743680374988129,2.2,2.334,2.065
01/22/2024,0.06401579883122605,2.19,2.318,2.061
01/19/2024,0.06863688876981534,2.17,2.307,2.032
01/18/2024,0.08170019889816675,2.18,2.343,2.016
01/17/2024,0.06819840540657829,2.17,2.306,2.033
01/16/2024,0.06226654398631745,2.16,2.284,2.035
01/12/2024,0.06363765001946572,2.17,2.297,2.042
01/11/2024,0.06301351442349494,2.16,2.286,2.033
01/10/2024,0.06304143478697169,2.17,2.296,2.043
01/09/2024,0.0625381683454193,2.17,2.295,2.044
01/08/2024,0.06164512957241638,2.16,2.283,2.036
01/05/2024,0.05703439313256525,2.16,2.274,2.045
01/04/2024,0.05585984246307902,2.14,2.251,2.028
01/03/2024,0.06188699378706325,2.15,2.273,2.026
01/02/2024,0.06086871117413284,2.15,2.271,2.028
