03/18/2024,1.4361232537634085,17.93,20.802,15.057
03/15/2024,1.4706155173939925,18.07,21.011,15.128
03/14/2024,1.4564528828630194,18.25,21.162,15.337
03/13/2024,1.3886234190737243,18.43,21.207,15.652
03/12/2024,1.3621453666918228,18.52,21.244,15.795
03/11/2024,1.308478123623013,18.65,21.266,16.033
03/08/2024,1.262515346441381,18.77,21.295,16.244
03/07/2024,1.1574260235539897,18.89,21.204,16.575
03/06/2024,1.0819935304797346,18.98,21.143,16.816
03/05/2024,0.9661495743413648,19.08,21.012,17.147
03/04/2024,0.9403403639108556,19.12,21.0,17.239
03/01/2024,0.8041486181048875,19.23,20.838,17.621
02/29/2024,0.6446200431261815,19.33,20.619,18.04
02/28/2024,0.45604276115294246,19.44,20.352,18.527
02/27/2024,0.4434861891874421,19.4,20.286,18.513
02/26/2024,0.4402044979324948,19.39,20.27,18.509
02/23/2024,0.4132795663954362,19.34,20.166,18.513
02/22/2024,0.4110048661512415,19.29,20.112,18.467
02/21/2024,0.41542749066473683,19.21,20.04,18.379
02/20/2024,0.3731219639742478,19.14,19.886,18.393
02/16/2024,0.3846816865929543,19.12,19.889,18.35
02/15/2024,0.3225213171249304,19.05,19.695,18.404
02/14/2024,0.28836608677165887,19.02,19.596,18.443
02/13/2024,0.3175767623740754,19.04,19.675,18.404
02/12/2024,0.3733630940518892,19.09,19.836,18.343
02/09/2024,0.4285382129985607,19.12,19.977,18.262
02/08/2024,0.44547166015359474,19.14,20.03,18.249
02/07/2024,0.47013295991666,19.18,20.12,18.239
02/06/2024,0.46993084597629875,19.22,20.159,18.28
02/05/2024,0.4421933966037936,19.29,20.174,18.405
02/02/2024,0.4470178967334528,19.3,20.194,18.405
02/01/2024,0.45477466947929274,19.29,20.199,18.38
01/31/2024,0.43555137469648747,19.33,20.201,18.458
01/30/2024,0.43170591842132533,19.37,20.233,18.506
01/29/2024,0.45303421504341157,19.38,20.286,18.473
01/26/2024,0.49010713114583443,19.41,20.39,18.429
01/25/2024,0.5159457335805775,19.45,20.481,18.418
01/24/2024,0.42832814523446877,19.55,20.406,18.693
01/23/2024,0.39876057979695045,19.62,20.417,18.822
01/22/2024,0.3939352738712291,19.65,20.437,18.862
01/19/2024,0.2575558191926558,19.73,20.245,19.214
01/18/2024,0.23713919962756044,19.76,20.234,19.285
01/17/2024,0.23524455360326618,19.77,20.24,19.299
01/16/2024,0.23673825208444874,19.77,20.243,19.296
01/12/2024,0.21875785700175437,19.74,20.177,19.302
01/11/2024,0.23577531677425423,19.73,20.201,19.258
01/10/2024,0.25404723970159554,19.69,20.198,19.181
01/09/2024,0.280757902827329,19.66,20.221,19.098
01/08/2024,0.29222422897494293,19.65,20.234,19.065
01/05/2024,0.34272437905699055,19.6,20.285,18.914
01/04/2024,0.34189910792513023,19.6,20.283,18.916
01/03/2024,0.3686800781165153,19.58,20.317,18.842
01/02/2024,0.37674261771134926,19.57,20.323,18.816
