01/17/2024,2.098059818022356,75.83,80.026,71.633
01/16/2024,2.4149648030561437,75.53,80.359,70.7
01/12/2024,2.5613150919010343,75.24,80.362,70.117
01/11/2024,2.7398576605364022,74.86,80.339,69.38
01/10/2024,3.034270093449165,74.48,80.548,68.411
01/09/2024,3.40969573422615,74.09,80.909,67.27
01/08/2024,3.530812229501875,73.8,80.861,66.738
01/05/2024,3.7317783964217393,73.43,80.893,65.966
01/04/2024,4.0256341115406915,73.02,81.071,64.968
01/03/2024,4.571893480823892,72.5,81.643,63.356
01/02/2024,4.931273162176276,72.06,81.922,62.197
