01/22/2024,0.02888265050164199,0.19,0.247,0.132
01/19/2024,0.027940329275081926,0.19,0.245,0.134
01/18/2024,0.025017134128432858,0.19,0.24,0.139
01/17/2024,0.021065789802426113,0.2,0.242,0.157
01/16/2024,0.017563242866851212,0.2,0.235,0.164
01/12/2024,0.01729767325393794,0.2,0.234,0.165
01/11/2024,0.015319481061707017,0.2,0.23,0.169
01/10/2024,0.014561541813970109,0.2,0.229,0.17
01/09/2024,0.014141357784880484,0.2,0.228,0.171
01/08/2024,0.014364121971077795,0.2,0.228,0.171
01/05/2024,0.013817507011034949,0.21,0.237,0.182
01/04/2024,0.012137174300470434,0.21,0.234,0.185
01/03/2024,0.01312360468773728,0.21,0.236,0.183
01/02/2024,0.014301048912579802,0.21,0.238,0.181
