02/26/2024,5.4082584997390795,63.32,74.136,52.503
02/23/2024,4.371558074645697,64.06,72.803,55.316
02/22/2024,1.8158909658897473,64.92,68.551,61.288
02/21/2024,1.8445771873250518,64.89,68.579,61.2
02/20/2024,1.8603709307554768,64.92,68.64,61.199
02/16/2024,1.9122695939641978,64.96,68.784,61.135
02/15/2024,1.7108901192069574,64.79,68.211,61.368
02/14/2024,1.6134187305222405,64.69,67.916,61.463
02/13/2024,1.6503439035546492,64.77,68.07,61.469
02/12/2024,1.2009829307696256,64.5,66.901,62.098
02/09/2024,1.1564947038356899,64.43,66.742,62.117
02/08/2024,1.2429300060743567,64.47,66.955,61.984
02/07/2024,1.335679602299893,64.64,67.311,61.968
02/06/2024,1.5461306542462703,64.7,67.792,61.607
02/05/2024,1.4097145101047945,65.05,67.869,62.23
02/02/2024,1.3342657156653617,65.22,67.888,62.551
02/01/2024,1.2214663319142287,65.32,67.762,62.877
01/31/2024,1.0539639462524322,65.45,67.557,63.342
01/30/2024,1.1705255230023819,65.71,68.051,63.368
01/29/2024,1.284834619707922,65.69,68.259,63.12
01/26/2024,1.291204863683529,65.95,68.532,63.367
01/25/2024,1.4119082831402325,66.1,68.923,63.276
01/24/2024,1.2620657669075726,66.48,69.004,63.955
01/23/2024,1.2890190068420246,66.6,69.178,64.021
01/22/2024,1.2952316395147236,66.65,69.24,64.059
01/19/2024,1.2768124372827827,66.68,69.233,64.126
01/18/2024,1.3402798215298175,66.69,69.37,64.009
01/17/2024,1.4503896028309078,66.63,69.53,63.729
01/16/2024,1.4097818980253651,66.65,69.469,63.83
01/12/2024,1.2155780517926442,66.86,69.291,64.428
01/11/2024,1.3871805938665667,66.72,69.494,63.945
01/10/2024,1.7188353615166294,66.48,69.917,63.042
01/09/2024,2.066286524178097,66.17,70.302,62.037
01/08/2024,2.187945383230579,65.9,70.275,61.524
01/05/2024,2.310555128102336,65.62,70.241,60.998
01/04/2024,2.394374657400133,65.53,70.318,60.741
01/03/2024,2.4944067430954404,65.57,70.558,60.581
01/02/2024,2.4100643144945333,65.41,70.23,60.589
