02/06/2024,0.039493467814310755,0.96,1.038,0.881
02/05/2024,0.039975623822524634,0.96,1.039,0.88
02/02/2024,0.042455988976821624,0.96,1.044,0.875
02/01/2024,0.04283586114460639,0.95,1.035,0.864
01/31/2024,0.041951448127567646,0.95,1.033,0.866
01/30/2024,0.042727900720723445,0.95,1.035,0.864
01/29/2024,0.034984082094575514,0.94,1.009,0.87
01/26/2024,0.03311624978767975,0.94,1.006,0.873
01/25/2024,0.021501999906985387,0.93,0.973,0.886
01/24/2024,0.02249636637326125,0.93,0.974,0.885
01/23/2024,0.022817460419599707,0.92,0.965,0.874
01/22/2024,0.028532770633080823,0.92,0.977,0.862
01/19/2024,0.0317991745175877,0.91,0.973,0.846
01/18/2024,0.03633834063355121,0.91,0.982,0.837
01/17/2024,0.039909146821248874,0.9,0.979,0.82
01/16/2024,0.03763011427035533,0.9,0.975,0.824
01/12/2024,0.035930850254342714,0.89,0.961,0.818
01/11/2024,0.03752302626388229,0.9,0.975,0.824
01/10/2024,0.03928455167110858,0.9,0.978,0.821
01/09/2024,0.04804872526925143,0.91,1.006,0.813
01/08/2024,0.05975054393057858,0.91,1.029,0.79
01/05/2024,0.06275647775329653,0.92,1.045,0.794
01/04/2024,0.06470168081278879,0.92,1.049,0.79
01/03/2024,0.06544381559780879,0.92,1.05,0.789
01/02/2024,0.06525772751176677,0.92,1.05,0.789
