03/20/2024,12.649289505739043,766.45,791.748,741.151
03/19/2024,13.33933600296506,764.53,791.208,737.851
03/18/2024,13.419010582006408,764.37,791.208,737.531
03/15/2024,13.90096579378569,765.42,793.221,737.618
03/14/2024,13.781059102986237,765.75,793.312,738.187
03/13/2024,13.92721185305946,765.33,793.184,737.475
03/12/2024,15.421734338264287,763.93,794.773,733.086
03/11/2024,14.480978212814213,764.63,793.591,735.668
03/08/2024,15.599398866623035,764.92,796.118,733.721
03/07/2024,16.08049132489428,762.29,794.45,730.129
03/06/2024,18.0740541937884,760.19,796.338,724.041
03/05/2024,21.293309864837823,756.62,799.206,714.033
03/04/2024,23.259146587955453,752.87,799.388,706.351
03/01/2024,27.00203649727182,745.77,799.774,691.765
02/29/2024,32.18717182356971,740.32,804.694,675.945
02/28/2024,38.195779609794585,735.17,811.561,658.778
02/27/2024,41.99289171990897,728.8,812.785,644.814
02/26/2024,45.24723455637923,723.28,813.774,632.785
02/23/2024,47.60215205219192,716.9,812.104,621.695
02/22/2024,49.12474610621412,709.28,807.529,611.03
02/21/2024,49.78304877164514,702.39,801.956,602.823
02/20/2024,53.918297497231855,698.69,806.526,590.853
02/16/2024,50.61543875143235,690.18,791.41,588.949
02/15/2024,48.57443437653185,682.96,780.108,585.811
02/14/2024,46.27325853017053,675.76,768.306,583.213
02/13/2024,43.424903626836056,669.28,756.129,582.43
02/12/2024,41.999857380710225,664.67,748.669,580.67
02/09/2024,37.91443498194322,659.55,735.378,583.721
02/08/2024,33.09704186177369,654.19,720.384,587.995
02/07/2024,26.86836494839237,648.53,702.266,594.793
02/06/2024,28.786999843679435,646.14,703.713,588.566
02/05/2024,16.332551698984442,639.58,672.245,606.914
02/02/2024,11.315340693059133,635.69,658.32,613.059
02/01/2024,9.041779968568143,632.64,650.723,614.556
01/31/2024,9.376014878401163,631.4,650.152,612.647
01/30/2024,11.810009525821727,628.53,652.15,604.909
01/29/2024,14.580524167532525,625.21,654.371,596.048
01/26/2024,16.895598835199657,622.09,655.881,588.298
01/25/2024,18.658142592444726,619.28,656.596,581.963
01/24/2024,21.32268897207855,616.44,659.085,573.794
01/23/2024,23.087654168407852,613.18,659.355,567.004
01/22/2024,24.44966114284614,610.35,659.249,561.45
01/19/2024,25.274533032283706,607.05,657.599,556.5
01/18/2024,25.612625695152776,604.82,656.045,553.594
01/17/2024,26.502976908264486,603.27,656.275,550.264
01/16/2024,26.66267409694684,600.37,653.695,547.044
01/12/2024,24.874161895428774,596.62,646.368,546.871
01/11/2024,22.864594354591127,594.52,640.249,548.79
01/10/2024,20.87001892668045,591.95,633.69,550.209
01/09/2024,19.6098841467766,589.96,629.179,550.74
01/08/2024,17.07999385245791,588.18,622.339,554.02
01/05/2024,14.71517397110888,586.24,615.67,556.809
01/04/2024,14.634524590843403,585.54,614.809,556.27
01/03/2024,9.320589841850142,582.8,601.441,564.158
01/02/2024,8.186425349320668,582.09,598.462,565.717
