01/17/2024,2.4022916142716735,130.43,135.234,125.625
01/16/2024,2.460287584816052,130.77,135.69,125.849
01/12/2024,2.494182230712104,130.97,135.958,125.981
01/11/2024,2.529635349215378,130.92,135.979,125.86
01/10/2024,3.2067530307150256,130.48,136.893,124.066
01/09/2024,3.5995221905136243,130.0,137.199,122.8
01/08/2024,4.156624231272295,129.42,137.733,121.106
01/05/2024,4.457886270420096,128.76,137.675,119.844
01/04/2024,4.901025913010458,128.16,137.962,118.357
01/03/2024,4.8953631121705365,127.6,137.39,117.809
01/02/2024,5.054227933126879,127.55,137.658,117.441
