01/17/2024,0.8856635930193815,29.41,31.181,27.638
01/16/2024,0.9208827286902499,29.27,31.111,27.428
01/12/2024,0.8881666510289614,29.16,30.936,27.383
01/11/2024,0.95922103813459,29.03,30.948,27.111
01/10/2024,0.9861161189231219,28.88,30.852,26.907
01/09/2024,0.9820488786206112,28.69,30.654,26.725
01/08/2024,1.066215269070932,28.5,30.632,26.367
01/05/2024,1.0722010072742887,28.32,30.464,26.175
01/04/2024,1.0252804494381034,28.13,30.18,26.079
01/03/2024,0.9594425464820704,27.94,29.858,26.021
01/02/2024,0.9410366624101314,27.77,29.652,25.887
