01/17/2024,2.3294358222539637,6.69,11.348,2.031
01/16/2024,2.406103956607029,6.4,11.212,1.587
01/12/2024,2.509471308861689,6.11,11.128,1.091
01/11/2024,2.4883641714990192,5.8,10.776,0.823
01/10/2024,2.4131869488292863,5.46,10.286,0.633
01/09/2024,2.2352161528586,5.1,9.57,0.629
01/08/2024,1.430283625719039,4.73,7.59,1.869
01/05/2024,1.4073330273961455,4.33,7.144,1.515
01/04/2024,1.373437293799757,4.16,6.906,1.413
01/03/2024,1.4049911031746785,4.0,6.809,1.19
01/02/2024,1.3401809579306818,3.86,6.54,1.179
