01/17/2024,0.6994890992717471,7.47,8.868,6.071
01/16/2024,0.6339637213595112,7.57,8.837,6.302
01/12/2024,0.5876946486058895,7.67,8.845,6.494
01/11/2024,0.5048514633038117,7.74,8.749,6.73
01/10/2024,0.4813262926539542,7.78,8.742,6.817
01/09/2024,0.469696710654865,7.8,8.739,6.86
01/08/2024,0.45709408221940484,7.82,8.734,6.905
01/05/2024,0.4122256663527879,7.84,8.664,7.015
01/04/2024,0.3956892720304659,7.86,8.651,7.068
01/03/2024,0.3759188742268735,7.86,8.611,7.108
01/02/2024,0.3824526114435617,7.86,8.624,7.095
