02/06/2024,0.19251298657493213,13.62,14.005,13.234
02/05/2024,0.18252739520411723,13.6,13.965,13.234
02/02/2024,0.20081396863764228,13.62,14.021,13.218
02/01/2024,0.18089016004194367,13.61,13.971,13.248
01/31/2024,0.19954009622128577,13.63,14.029,13.23
01/30/2024,0.21336881215397896,13.65,14.076,13.223
01/29/2024,0.2404085065050735,13.64,14.12,13.159
01/26/2024,0.28157814190735747,13.69,14.253,13.126
01/25/2024,0.30386880392695786,13.76,14.367,13.152
01/24/2024,0.32544008665190594,13.82,14.47,13.169
01/23/2024,0.3287191050121669,13.86,14.517,13.202
01/22/2024,0.3312042421225912,13.89,14.552,13.227
01/19/2024,0.3149543617732576,13.9,14.529,13.27
01/18/2024,0.32002538961776145,13.9,14.54,13.259
01/17/2024,0.36937277918114114,13.87,14.608,13.131
01/16/2024,0.4051990251715817,13.84,14.65,13.029
01/12/2024,0.43770994962417753,13.83,14.705,12.954
01/11/2024,0.46775527789646587,13.81,14.745,12.874
01/10/2024,0.4983773670623496,13.75,14.746,12.753
01/09/2024,0.5353690316034352,13.71,14.78,12.639
01/08/2024,0.5831423496883071,13.66,14.826,12.493
01/05/2024,0.6296467263474018,13.6,14.859,12.34
01/04/2024,0.6762211176826702,13.54,14.892,12.187
01/03/2024,0.7005711955254798,13.45,14.851,12.048
01/02/2024,0.7451241507292593,13.36,14.85,11.869
