01/17/2024,0.9452142614243607,15.39,17.28,13.499
01/16/2024,0.8148527474335467,15.53,17.159,13.9
01/12/2024,0.7745450277420931,15.68,17.229,14.13
01/11/2024,0.7275335043831315,15.79,17.245,14.334
01/10/2024,0.6654021340512819,15.86,17.19,14.529
01/09/2024,0.6622499528123803,15.92,17.244,14.595
01/08/2024,0.6056030052765591,15.96,17.171,14.748
01/05/2024,0.5867580421263948,16.01,17.183,14.836
01/04/2024,0.48375613691197755,16.06,17.027,15.092
01/03/2024,0.37920970451717073,16.1,16.858,15.341
01/02/2024,0.34215493566511634,16.14,16.824,15.455
