01/17/2024,0.06677127001937287,0.49,0.623,0.356
01/16/2024,0.06870588766619642,0.48,0.617,0.342
01/12/2024,0.06889190808796053,0.48,0.617,0.342
01/11/2024,0.07128080036026532,0.48,0.622,0.337
01/10/2024,0.07040868199306106,0.47,0.61,0.329
01/09/2024,0.06508012369379763,0.47,0.6,0.339
01/08/2024,0.0634366495016879,0.47,0.596,0.343
01/05/2024,0.06326557515742666,0.46,0.586,0.333
01/04/2024,0.06505687895987633,0.46,0.59,0.329
01/03/2024,0.0640881892395159,0.46,0.588,0.331
01/02/2024,0.05967159709610595,0.46,0.579,0.34
