02/06/2024,2.1367627383497676,103.5,107.773,99.226
02/05/2024,1.9223579271301172,103.79,107.634,99.945
02/02/2024,1.9133034260148063,103.91,107.736,100.083
02/01/2024,1.8294138405511202,104.12,107.778,100.461
01/31/2024,1.4664770710788484,104.44,107.372,101.507
01/30/2024,1.247525550840542,104.72,107.215,102.224
01/29/2024,1.2593053640797378,104.99,107.508,102.471
01/26/2024,1.2609163334654683,105.4,107.921,102.878
01/25/2024,1.438933632937948,105.55,108.427,102.672
01/24/2024,1.5853863882347425,105.69,108.86,102.519
01/23/2024,1.6354158492566964,105.76,109.03,102.489
01/22/2024,1.6445972151259416,105.72,109.009,102.43
01/19/2024,1.6471050361163984,105.77,109.064,102.475
01/18/2024,1.6669763045706445,105.9,109.233,102.566
01/17/2024,1.6539241215968774,105.98,109.287,102.672
01/16/2024,1.5485880665948584,106.14,109.237,103.042
01/12/2024,1.307616151628605,106.38,108.995,103.764
01/11/2024,1.3872076268533131,106.34,109.114,103.565
01/10/2024,1.7669337848374522,106.13,109.663,102.596
01/09/2024,2.293366521077695,105.73,110.316,101.143
01/08/2024,2.427006386476972,105.62,110.474,100.765
01/05/2024,2.806057732834449,105.41,111.022,99.797
01/04/2024,3.3355022110620776,105.0,111.671,98.328
01/03/2024,3.7183222022842513,104.62,112.056,97.183
01/02/2024,3.950937863343336,104.27,112.171,96.368
