01/17/2024,0.32192390405187365,14.19,14.833,13.546
01/16/2024,0.3001249739691783,14.22,14.82,13.619
01/12/2024,0.3228234811781819,14.21,14.855,13.564
01/11/2024,0.3523847329269529,14.17,14.874,13.465
01/10/2024,0.4363656723437351,14.1,14.972,13.227
01/09/2024,0.4610748312367525,14.03,14.952,13.107
01/08/2024,0.4785864603183002,13.98,14.937,13.022
01/05/2024,0.5042072986381693,13.93,14.938,12.921
01/04/2024,0.5361389745205993,13.89,14.962,12.817
01/03/2024,0.5668244878266993,13.86,14.993,12.726
01/02/2024,0.5587441274859181,13.84,14.957,12.722
