03/20/2024,1.2376853396562464,94.58,97.055,92.104
03/19/2024,1.3481227688901316,94.25,96.946,91.553
03/18/2024,1.5596954830991832,94.06,97.179,90.94
03/15/2024,1.6893401078527657,93.86,97.238,90.481
03/14/2024,1.8779749732091737,93.72,97.475,89.964
03/13/2024,1.8469569567263873,93.43,97.123,89.736
03/12/2024,1.8951583047334075,93.03,96.82,89.239
03/11/2024,1.8983176762596934,92.96,96.756,89.163
03/08/2024,2.0154267538166706,92.87,96.9,88.839
03/07/2024,1.8881776929092233,92.56,96.336,88.783
03/06/2024,1.909154263018052,92.32,96.138,88.501
03/05/2024,2.743824885082866,91.8,97.287,86.312
03/04/2024,3.1813283389175657,91.09,97.452,84.727
03/01/2024,3.0845769564074748,90.51,96.679,84.34
02/29/2024,3.2128686558899355,90.34,96.765,83.914
02/28/2024,3.722047151770111,89.81,97.254,82.365
02/27/2024,4.282262252594999,89.57,98.134,81.005
02/26/2024,3.920610284126694,88.77,96.611,80.928
02/23/2024,4.099967073038513,88.16,96.359,79.96
02/22/2024,4.009335356390133,87.45,95.468,79.431
02/21/2024,4.229722213100996,86.79,95.249,78.33
02/20/2024,4.251592642763414,86.28,94.783,77.776
02/16/2024,4.119011410520732,85.89,94.128,77.651
02/15/2024,4.134271398928715,85.56,93.828,77.291
02/14/2024,4.0414997216379955,85.07,93.152,76.987
02/13/2024,3.897381813474271,84.45,92.244,76.655
02/12/2024,3.7690794632111415,84.04,91.578,76.501
02/09/2024,3.350473100921719,83.55,90.25,76.849
02/08/2024,2.9406376859450045,83.14,89.021,77.258
02/07/2024,2.026235425610755,82.52,86.572,78.467
02/06/2024,1.9162150192501872,82.15,85.982,78.317
02/05/2024,2.135790251873998,82.13,86.401,77.858
02/02/2024,2.153066417925837,81.69,85.996,77.383
02/01/2024,1.874785321043452,81.02,84.769,77.27
01/31/2024,2.062717867280933,80.82,84.945,76.694
01/30/2024,1.9834654017653046,80.69,84.656,76.723
01/29/2024,1.8936948011757337,80.59,84.377,76.802
01/26/2024,2.008234299079667,80.71,84.726,76.693
01/25/2024,2.096970433744835,80.79,84.983,76.596
01/24/2024,2.1522453391748817,81.07,85.374,76.765
01/23/2024,2.2636806311845317,81.25,85.777,76.722
01/22/2024,2.226653318323263,81.21,85.663,76.756
01/19/2024,2.1496348527133624,81.07,85.369,76.77
01/18/2024,2.151519230683286,81.0,85.303,76.696
01/17/2024,2.1968613975396805,80.92,85.313,76.526
01/16/2024,2.1848123489215263,80.97,85.339,76.6
01/12/2024,2.2285208098646954,80.97,85.427,76.512
01/11/2024,2.441326483696926,80.52,85.402,75.637
01/10/2024,2.9395713973298903,80.04,85.919,74.16
01/09/2024,3.3746836888810785,79.61,86.359,72.86
01/08/2024,3.68479985887972,79.26,86.629,71.89
01/05/2024,3.97524590434353,78.94,86.89,70.989
01/04/2024,4.163606609659468,78.77,87.097,70.442
01/03/2024,4.390311492365891,78.63,87.41,69.849
01/02/2024,4.6119816781943115,78.32,87.543,69.096
