03/20/2024,0.025914928518134095,0.35,0.401,0.298
03/19/2024,0.027497663902593613,0.35,0.404,0.295
03/18/2024,0.03306269831849784,0.35,0.416,0.283
03/15/2024,0.03081041252726097,0.36,0.421,0.298
03/14/2024,0.031224637868996975,0.36,0.422,0.297
03/13/2024,0.02965355813473317,0.37,0.429,0.31
03/12/2024,0.026182608923672978,0.37,0.422,0.317
03/11/2024,0.028346331509562225,0.37,0.426,0.313
03/08/2024,0.0298491396877699,0.38,0.439,0.32
03/07/2024,0.030472897959498375,0.38,0.44,0.319
03/06/2024,0.030920309022550215,0.38,0.441,0.318
03/05/2024,0.032963851565768226,0.38,0.445,0.314
03/04/2024,0.02574323231550382,0.38,0.431,0.328
03/01/2024,0.023453083381508717,0.39,0.436,0.343
02/29/2024,0.02369892445027833,0.39,0.437,0.342
02/28/2024,0.024160660381082305,0.39,0.438,0.341
02/27/2024,0.024752535426699227,0.39,0.439,0.34
02/26/2024,0.025430061149159675,0.39,0.44,0.339
02/23/2024,0.018420925873853355,0.4,0.436,0.363
02/22/2024,0.01928556481024084,0.4,0.438,0.361
02/21/2024,0.01947567739643476,0.4,0.438,0.361
02/20/2024,0.01957954315222906,0.4,0.439,0.36
02/16/2024,0.026436376643746012,0.4,0.452,0.347
02/15/2024,0.09242619763925163,0.42,0.604,0.235
02/14/2024,0.12713029343964405,0.45,0.704,0.195
02/13/2024,0.14777847444756628,0.47,0.765,0.174
02/12/2024,0.16700127996530448,0.49,0.824,0.155
02/09/2024,0.17680269655763173,0.51,0.863,0.156
02/08/2024,0.17823181817523492,0.52,0.876,0.163
02/07/2024,0.1806783952498195,0.53,0.891,0.168
02/06/2024,0.18092750208315486,0.55,0.911,0.188
02/05/2024,0.1726139261764531,0.56,0.905,0.214
02/02/2024,0.1679028543832713,0.57,0.905,0.234
02/01/2024,0.1638694114226325,0.58,0.907,0.252
01/31/2024,0.16073096932452066,0.58,0.901,0.258
01/30/2024,0.15640367163209437,0.59,0.902,0.277
01/29/2024,0.1480164129412681,0.6,0.896,0.303
01/26/2024,0.14185373981675634,0.61,0.893,0.326
01/25/2024,0.13932843571934625,0.62,0.898,0.341
01/24/2024,0.12450122288556044,0.63,0.879,0.38
01/23/2024,0.11275998625398993,0.64,0.865,0.414
01/22/2024,0.10955845243521833,0.66,0.879,0.44
01/19/2024,0.10563287603771848,0.65,0.861,0.438
01/18/2024,0.09594550536632761,0.64,0.831,0.448
01/17/2024,0.08862123898930774,0.63,0.807,0.452
01/16/2024,0.06777005976092981,0.62,0.755,0.484
01/12/2024,0.05109683453992037,0.61,0.712,0.507
01/11/2024,0.05077362011911303,0.61,0.711,0.508
01/10/2024,0.05003059064212614,0.61,0.71,0.509
01/09/2024,0.04259576856919007,0.6,0.685,0.514
01/08/2024,0.0471754756202839,0.6,0.694,0.505
01/05/2024,0.04689890723673634,0.61,0.703,0.516
01/04/2024,0.048098934499633164,0.62,0.716,0.523
01/03/2024,0.04863099320392296,0.63,0.727,0.532
01/02/2024,0.05283601517904243,0.64,0.745,0.534
