01/17/2024,5.576035329873727,103.5,114.652,92.347
01/16/2024,5.271300124257772,103.93,114.472,93.387
01/12/2024,4.9502722147372875,104.36,114.26,94.459
01/11/2024,4.840944122792578,104.52,114.201,94.838
01/10/2024,5.057018884678996,104.48,114.594,94.365
01/09/2024,5.040771270351393,104.34,114.421,94.258
01/08/2024,5.4633725847684955,104.16,115.086,93.233
01/05/2024,5.902052609050514,103.78,115.584,91.975
01/04/2024,6.443866463545003,103.37,116.257,90.482
01/03/2024,6.987338549118683,102.93,116.904,88.955
01/02/2024,7.526477927955412,102.34,117.392,87.287
