01/17/2024,0.43270586198941197,1.99,2.855,1.124
01/16/2024,0.40496637267802865,1.95,2.759,1.14
01/12/2024,0.38228963234699426,1.89,2.654,1.125
01/11/2024,0.2277910511850718,1.85,2.305,1.394
01/10/2024,0.2030058201136115,1.79,2.196,1.383
01/09/2024,0.17381355096769646,1.76,2.107,1.412
01/08/2024,0.11563498821723467,1.73,1.961,1.498
01/05/2024,0.11369586843856727,1.7,1.927,1.472
01/04/2024,0.118266015828724,1.69,1.926,1.453
01/03/2024,0.10455549005193365,1.69,1.899,1.48
01/02/2024,0.08891400620824594,1.68,1.857,1.502
