02/06/2024,0.39263851059212207,15.82,16.605,15.034
02/05/2024,0.4098170323449233,15.86,16.679,15.04
02/02/2024,0.439545219516718,15.98,16.859,15.1
02/01/2024,0.4865439342957631,16.01,16.983,15.036
01/31/2024,0.505821114624528,16.08,17.091,15.068
01/30/2024,0.637153827580122,16.18,17.454,14.905
01/29/2024,0.7998999937492183,16.26,17.859,14.66
01/26/2024,0.9745640050812464,16.37,18.319,14.42
01/25/2024,1.098255434769161,16.52,18.716,14.323
01/24/2024,1.1936142592982038,16.7,19.087,14.312
01/23/2024,1.2590671149704447,16.82,19.338,14.301
01/22/2024,1.3254716141811562,16.97,19.62,14.319
01/19/2024,1.3370882543796427,17.09,19.764,14.415
01/18/2024,1.324701853248496,17.26,19.909,14.61
01/17/2024,1.3051091908342383,17.37,19.98,14.759
01/16/2024,1.1857676838234377,17.55,19.921,15.178
01/12/2024,1.0769865365917999,17.7,19.853,15.546
01/11/2024,1.0043853842026975,17.76,19.768,15.751
01/10/2024,1.0207031889829679,17.75,19.791,15.708
01/09/2024,1.029111267064937,17.75,19.808,15.691
01/08/2024,1.0979207621681994,17.7,19.895,15.504
01/05/2024,1.192296104162049,17.64,20.024,15.255
01/04/2024,1.2696574341136273,17.57,20.109,15.03
01/03/2024,1.423267367714162,17.49,20.336,14.643
01/02/2024,1.557676153762392,17.35,20.465,14.234
