12/30/2022,1.06,0.99,0.92,0.86,0.82
12/29/2022,1.03,0.95,0.91,0.84,0.82
12/28/2022,1.0,0.93,0.9,0.83,0.82
12/27/2022,0.97,0.91,0.89,0.82,0.81
12/23/2022,0.94,0.89,0.87,0.8,0.81
12/22/2022,0.91,0.88,0.86,0.79,0.81
12/21/2022,0.87,0.87,0.84,0.79,0.81
12/20/2022,0.85,0.87,0.83,0.79,0.81
12/19/2022,0.85,0.86,0.82,0.79,0.81
12/16/2022,0.84,0.85,0.81,0.79,0.81
12/15/2022,0.84,0.85,0.79,0.8,0.81
12/14/2022,0.86,0.87,0.78,0.79,0.81
12/13/2022,0.88,0.87,0.78,0.79,0.81
12/12/2022,0.87,0.86,0.77,0.79,0.82
12/09/2022,0.86,0.86,0.76,0.78,0.82
12/08/2022,0.87,0.84,0.75,0.78,0.83
12/07/2022,0.87,0.81,0.75,0.77,0.83
12/06/2022,0.85,0.79,0.75,0.77,0.84
12/05/2022,0.86,0.78,0.76,0.77,0.84
12/02/2022,0.85,0.76,0.76,0.77,0.84
12/01/2022,0.8,0.73,0.77,0.77,0.85
11/30/2022,0.76,0.7,0.75,0.77,0.85
11/29/2022,0.72,0.68,0.75,0.77,0.85
11/28/2022,0.69,0.67,0.75,0.76,0.86
11/25/2022,0.67,0.66,0.75,0.76,0.86
11/23/2022,0.65,0.67,0.75,0.77,0.87
11/22/2022,0.64,0.68,0.75,0.77,0.88
11/21/2022,0.65,0.7,0.76,0.78,0.89
11/18/2022,0.65,0.74,0.77,0.78,0.9
11/17/2022,0.66,0.77,0.78,0.78,0.91
11/16/2022,0.69,0.8,0.79,0.79,0.92
11/15/2022,0.71,0.81,0.8,0.8,0.93
11/14/2022,0.76,0.82,0.81,0.81,0.94
11/11/2022,0.83,0.82,0.81,0.81,0.96
11/10/2022,0.87,0.83,0.81,0.82,0.97
11/09/2022,0.92,0.83,0.81,0.82,0.98
11/08/2022,0.91,0.83,0.82,0.83,0.99
11/07/2022,0.87,0.82,0.81,0.83,1.0
11/04/2022,0.82,0.8,0.8,0.82,1.01
11/03/2022,0.78,0.79,0.79,0.82,1.02
11/02/2022,0.74,0.77,0.78,0.82,1.03
11/01/2022,0.76,0.79,0.79,0.83,1.05
10/31/2022,0.76,0.79,0.8,0.84,1.06
10/28/2022,0.78,0.8,0.81,0.85,1.07
10/27/2022,0.8,0.8,0.81,0.86,1.09
10/26/2022,0.81,0.8,0.82,0.88,1.1
10/25/2022,0.82,0.8,0.83,0.89,1.11
10/24/2022,0.83,0.81,0.83,0.9,1.12
10/21/2022,0.81,0.8,0.83,0.91,1.13
10/20/2022,0.8,0.79,0.83,0.92,1.14
10/19/2022,0.79,0.79,0.84,0.93,1.15
10/18/2022,0.79,0.8,0.85,0.93,1.16
10/17/2022,0.78,0.81,0.86,0.94,1.17
10/14/2022,0.79,0.81,0.87,0.95,1.18
10/13/2022,0.78,0.83,0.89,0.96,1.2
10/12/2022,0.79,0.84,0.91,0.97,1.21
10/11/2022,0.81,0.85,0.93,0.99,1.21
10/10/2022,0.83,0.86,0.95,1.0,1.22
10/07/2022,0.84,0.87,0.96,1.02,1.22
10/06/2022,0.87,0.88,0.98,1.04,1.23
10/05/2022,0.88,0.88,0.99,1.06,1.23
10/04/2022,0.9,0.89,1.0,1.07,1.24
10/03/2022,0.9,0.91,1.01,1.08,1.24
09/30/2022,0.89,0.93,1.01,1.1,1.24
09/29/2022,0.89,0.96,1.03,1.12,1.24
09/28/2022,0.88,0.99,1.04,1.14,1.23
09/27/2022,0.89,1.01,1.05,1.16,1.23
09/26/2022,0.92,1.03,1.07,1.17,1.23
09/23/2022,0.96,1.06,1.1,1.2,1.24
09/22/2022,1.02,1.08,1.12,1.23,1.24
09/21/2022,1.09,1.1,1.14,1.25,1.24
09/20/2022,1.13,1.1,1.16,1.27,1.24
09/19/2022,1.15,1.1,1.17,1.29,1.23
09/16/2022,1.15,1.1,1.19,1.3,1.22
09/15/2022,1.13,1.1,1.2,1.31,1.21
09/14/2022,1.11,1.1,1.22,1.32,1.2
09/13/2022,1.08,1.1,1.23,1.33,1.19
09/12/2022,1.06,1.11,1.24,1.34,1.18
09/09/2022,1.04,1.13,1.27,1.36,1.17
09/08/2022,1.06,1.16,1.3,1.37,1.16
09/07/2022,1.08,1.19,1.33,1.38,1.16
09/06/2022,1.12,1.21,1.35,1.39,1.15
09/02/2022,1.17,1.24,1.38,1.4,1.14
09/01/2022,1.22,1.27,1.41,1.42,1.14
08/31/2022,1.27,1.31,1.42,1.44,1.13
08/30/2022,1.29,1.34,1.44,1.44,1.12
08/29/2022,1.3,1.36,1.45,1.44,1.11
08/26/2022,1.3,1.38,1.45,1.44,1.1
08/25/2022,1.32,1.41,1.47,1.43,1.09
08/24/2022,1.35,1.44,1.47,1.42,1.07
08/23/2022,1.38,1.47,1.48,1.41,1.06
08/22/2022,1.41,1.5,1.48,1.4,1.06
08/19/2022,1.45,1.52,1.48,1.39,1.05
08/18/2022,1.5,1.54,1.49,1.37,1.03
08/17/2022,1.53,1.53,1.5,1.35,1.02
08/16/2022,1.57,1.54,1.5,1.33,1.01
08/15/2022,1.58,1.53,1.48,1.31,1.0
08/12/2022,1.6,1.53,1.47,1.29,0.99
08/11/2022,1.58,1.52,1.44,1.27,0.98
08/10/2022,1.54,1.5,1.41,1.25,0.96
08/09/2022,1.51,1.49,1.38,1.23,0.95
08/08/2022,1.49,1.47,1.36,1.21,0.94
08/05/2022,1.46,1.45,1.33,1.18,0.93
08/04/2022,1.46,1.45,1.29,1.14,0.92
08/03/2022,1.46,1.47,1.26,1.11,0.91
08/02/2022,1.47,1.46,1.22,1.08,0.91
08/01/2022,1.45,1.44,1.2,1.05,0.9
07/29/2022,1.43,1.4,1.17,1.02,0.9
07/28/2022,1.43,1.36,1.14,0.99,0.89
07/27/2022,1.48,1.32,1.12,0.96,0.88
07/26/2022,1.46,1.28,1.1,0.93,0.88
07/25/2022,1.42,1.25,1.08,0.91,0.88
07/22/2022,1.37,1.2,1.04,0.88,0.87
07/21/2022,1.28,1.13,0.99,0.85,0.86
07/20/2022,1.16,1.05,0.94,0.82,0.85
07/19/2022,1.1,0.99,0.89,0.79,0.84
07/18/2022,1.07,0.96,0.86,0.77,0.83
07/15/2022,1.04,0.93,0.83,0.76,0.83
07/14/2022,0.98,0.93,0.8,0.74,0.83
07/13/2022,0.94,0.93,0.78,0.73,0.82
07/12/2022,0.87,0.92,0.75,0.72,0.82
07/11/2022,0.84,0.92,0.74,0.71,0.82
07/08/2022,0.82,0.88,0.72,0.7,0.82
07/07/2022,0.88,0.85,0.71,0.69,0.82
07/06/2022,0.92,0.83,0.7,0.69,0.83
07/05/2022,0.97,0.8,0.69,0.69,0.83
07/01/2022,0.99,0.77,0.68,0.69,0.84
06/30/2022,0.94,0.73,0.67,0.69,0.84
06/29/2022,0.82,0.68,0.65,0.69,0.85
06/28/2022,0.74,0.63,0.63,0.68,0.85
06/27/2022,0.64,0.59,0.62,0.68,0.86
06/24/2022,0.54,0.55,0.6,0.67,0.87
06/23/2022,0.53,0.57,0.61,0.69,0.9
06/22/2022,0.53,0.57,0.61,0.7,0.92
06/21/2022,0.53,0.58,0.62,0.71,0.94
06/17/2022,0.54,0.59,0.64,0.73,0.96
06/16/2022,0.57,0.6,0.65,0.75,0.98
06/15/2022,0.6,0.61,0.67,0.77,1.01
06/14/2022,0.62,0.62,0.69,0.79,1.03
06/13/2022,0.63,0.63,0.7,0.81,1.06
06/10/2022,0.64,0.64,0.72,0.83,1.08
06/09/2022,0.63,0.65,0.73,0.85,1.1
06/08/2022,0.62,0.65,0.75,0.86,1.11
06/07/2022,0.62,0.65,0.76,0.87,1.13
06/06/2022,0.64,0.67,0.78,0.88,1.15
06/03/2022,0.65,0.69,0.8,0.88,1.16
06/02/2022,0.67,0.71,0.82,0.89,1.18
06/01/2022,0.68,0.74,0.85,0.9,1.2
05/31/2022,0.69,0.76,0.87,0.91,1.21
05/27/2022,0.7,0.78,0.9,0.92,1.23
05/26/2022,0.72,0.79,0.92,0.92,1.24
05/25/2022,0.75,0.82,0.95,0.93,1.26
05/24/2022,0.79,0.84,0.97,0.94,1.27
05/23/2022,0.83,0.87,0.98,0.95,1.29
05/20/2022,0.85,0.89,0.98,0.96,1.31
05/19/2022,0.87,0.91,0.98,0.97,1.32
05/18/2022,0.89,0.93,0.98,0.98,1.33
05/17/2022,0.89,0.96,0.99,0.99,1.35
05/16/2022,0.91,0.98,0.99,1.01,1.36
05/13/2022,0.93,1.02,0.99,1.02,1.38
05/12/2022,0.96,1.05,0.99,1.04,1.4
05/11/2022,0.98,1.08,0.99,1.07,1.42
05/10/2022,1.03,1.1,0.99,1.11,1.44
05/09/2022,1.05,1.08,0.99,1.13,1.46
05/06/2022,1.11,1.07,1.0,1.16,1.48
05/05/2022,1.15,1.05,1.0,1.19,1.5
05/04/2022,1.18,1.03,1.01,1.22,1.52
05/03/2022,1.17,1.01,1.01,1.24,1.53
05/02/2022,1.11,1.0,1.02,1.27,1.55
04/29/2022,1.04,0.96,1.03,1.3,1.57
04/28/2022,0.94,0.92,1.03,1.33,1.58
04/27/2022,0.87,0.9,1.07,1.34,1.6
04/26/2022,0.85,0.88,1.11,1.36,1.62
04/25/2022,0.88,0.9,1.16,1.39,1.64
04/22/2022,0.89,0.92,1.21,1.42,1.66
04/21/2022,0.91,0.95,1.27,1.45,1.69
04/20/2022,0.92,0.98,1.31,1.48,1.71
04/19/2022,0.9,1.01,1.36,1.49,1.73
04/18/2022,0.91,1.04,1.41,1.51,1.75
04/14/2022,0.96,1.09,1.47,1.54,1.78
04/13/2022,1.0,1.14,1.53,1.56,1.8
04/12/2022,1.05,1.24,1.57,1.59,1.83
04/11/2022,1.12,1.34,1.6,1.61,1.86
04/08/2022,1.17,1.42,1.63,1.63,1.89
04/07/2022,1.22,1.49,1.66,1.65,1.93
04/06/2022,1.28,1.58,1.69,1.67,1.96
04/05/2022,1.43,1.64,1.73,1.68,1.99
04/04/2022,1.56,1.71,1.73,1.7,2.02
04/01/2022,1.67,1.77,1.74,1.72,2.05
03/31/2022,1.77,1.86,1.76,1.74,2.09
03/30/2022,1.88,1.92,1.78,1.76,2.12
03/29/2022,1.85,1.9,1.76,1.77,2.15
03/28/2022,1.86,1.86,1.75,1.77,2.18
03/25/2022,1.87,1.85,1.74,1.78,2.21
03/24/2022,1.95,1.83,1.73,1.79,2.24
03/23/2022,1.95,1.81,1.71,1.8,2.26
03/22/2022,1.94,1.81,1.71,1.81,2.29
03/21/2022,1.87,1.76,1.7,1.82,2.32
03/18/2022,1.82,1.72,1.69,1.83,2.34
03/17/2022,1.72,1.66,1.68,1.83,2.37
03/16/2022,1.66,1.64,1.68,1.84,2.39
03/15/2022,1.68,1.63,1.7,1.86,2.42
03/14/2022,1.65,1.63,1.73,1.89,2.46
03/11/2022,1.62,1.63,1.74,1.9,2.49
03/10/2022,1.6,1.62,1.77,1.91,2.51
03/09/2022,1.61,1.62,1.8,1.93,2.54
03/08/2022,1.57,1.6,1.82,1.94,2.56
03/07/2022,1.61,1.64,1.86,1.97,2.6
03/04/2022,1.64,1.67,1.89,1.99,2.63
03/03/2022,1.64,1.7,1.92,2.02,2.67
03/02/2022,1.64,1.73,1.94,2.04,2.69
03/01/2022,1.63,1.78,1.98,2.07,2.72
02/28/2022,1.68,1.83,2.01,2.11,2.74
02/25/2022,1.7,1.86,2.03,2.15,2.77
02/24/2022,1.75,1.91,2.05,2.2,2.8
02/23/2022,1.83,1.97,2.08,2.25,2.82
02/22/2022,1.92,2.03,2.11,2.3,2.85
02/18/2022,1.98,2.07,2.13,2.34,2.88
02/17/2022,2.03,2.12,2.16,2.39,2.9
02/16/2022,2.08,2.14,2.18,2.43,2.93
02/15/2022,2.12,2.15,2.2,2.48,2.95
02/14/2022,2.15,2.19,2.22,2.54,2.98
02/11/2022,2.16,2.2,2.25,2.58,3.0
02/10/2022,2.21,2.2,2.3,2.64,3.03
02/09/2022,2.2,2.19,2.35,2.69,3.05
02/08/2022,2.19,2.19,2.39,2.73,3.08
02/07/2022,2.22,2.18,2.43,2.77,3.15
02/04/2022,2.23,2.18,2.48,2.81,3.24
02/03/2022,2.2,2.2,2.52,2.85,3.33
02/02/2022,2.18,2.22,2.58,2.9,3.42
02/01/2022,2.18,2.24,2.65,2.94,3.52
01/31/2022,2.14,2.25,2.72,2.99,3.6
01/28/2022,2.13,2.29,2.78,3.03,3.71
01/27/2022,2.2,2.4,2.86,3.08,3.81
01/26/2022,2.25,2.5,2.93,3.11,3.92
01/25/2022,2.3,2.59,3.0,3.15,4.01
01/24/2022,2.36,2.68,3.06,3.18,4.11
01/21/2022,2.46,2.77,3.13,3.23,4.2
01/20/2022,2.6,2.85,3.18,3.27,4.3
01/19/2022,2.75,2.94,3.25,3.32,4.39
01/18/2022,2.88,3.05,3.29,3.34,4.48
01/14/2022,2.99,3.19,3.35,3.36,4.58
01/13/2022,3.08,3.26,3.39,3.38,4.67
01/12/2022,3.11,3.32,3.42,3.38,4.76
01/11/2022,3.13,3.36,3.42,3.39,4.85
01/10/2022,3.21,3.4,3.42,3.39,4.94
01/07/2022,3.39,3.43,3.44,3.4,5.03
01/06/2022,3.44,3.48,3.46,3.41,5.13
01/05/2022,3.53,3.51,3.48,3.42,5.23
01/04/2022,3.6,3.55,3.5,3.42,5.3
01/03/2022,3.58,3.53,3.49,3.42,5.38
12/31/2021,3.48,3.51,3.45,3.41,5.45
12/30/2021,3.52,3.52,3.44,3.41,5.53
12/29/2021,3.49,3.52,3.41,3.41,5.6
12/28/2021,3.51,3.48,3.4,3.42,5.68
12/27/2021,3.48,3.45,3.39,3.43,5.77
12/23/2021,3.55,3.44,3.38,3.53,5.86
12/22/2021,3.52,3.44,3.37,3.66,5.94
12/21/2021,3.54,3.45,3.37,3.8,6.03
12/20/2021,3.44,3.45,3.35,3.94,6.13
12/17/2021,3.41,3.45,3.37,4.09,6.22
12/16/2021,3.34,3.39,3.36,4.22,6.3
12/15/2021,3.35,3.36,3.36,4.39,6.41
12/14/2021,3.36,3.31,3.36,4.54,6.51
12/13/2021,3.46,3.33,3.39,4.72,6.63
12/10/2021,3.48,3.32,3.42,4.88,6.75
12/09/2021,3.44,3.32,3.58,5.04,6.87
12/08/2021,3.36,3.31,3.77,5.18,6.98
12/07/2021,3.26,3.28,3.98,5.32,7.1
12/06/2021,3.19,3.25,4.19,5.47,7.22
12/03/2021,3.17,3.29,4.41,5.63,7.35
12/02/2021,3.2,3.33,4.64,5.8,7.49
12/01/2021,3.26,3.36,4.9,5.97,7.64
11/30/2021,3.3,3.42,5.16,6.15,7.79
11/29/2021,3.31,3.46,5.42,6.31,7.95
11/26/2021,3.41,3.51,5.65,6.49,8.12
11/24/2021,3.46,3.84,5.9,6.67,8.27
11/23/2021,3.46,4.24,6.11,6.85,8.43
11/22/2021,3.53,4.67,6.34,7.04,8.59
11/19/2021,3.6,5.12,6.58,7.19,8.76
11/18/2021,3.61,5.54,6.79,7.33,8.91
11/17/2021,4.23,5.95,7.04,7.49,9.07
11/16/2021,5.01,6.44,7.27,7.64,9.23
11/15/2021,5.82,6.91,7.51,7.79,9.39
11/12/2021,6.64,7.38,7.73,7.95,9.55
11/11/2021,7.47,7.8,7.98,8.12,9.7
11/10/2021,7.67,7.95,8.08,8.19,9.82
11/09/2021,7.87,7.99,8.16,8.23,9.9
11/08/2021,7.99,8.01,8.22,8.26,9.98
11/05/2021,8.12,8.04,8.22,8.31,10.04
11/04/2021,8.13,8.05,8.23,8.34,10.13
11/03/2021,8.23,8.14,8.26,8.39,10.24
11/02/2021,8.1,8.1,8.24,8.43,10.34
11/01/2021,8.02,8.11,8.24,8.48,10.45
10/29/2021,7.96,8.08,8.23,8.54,10.57
10/28/2021,7.97,8.17,8.28,8.62,10.69
10/27/2021,8.04,8.21,8.32,8.7,10.82
10/26/2021,8.1,8.33,8.35,8.79,10.95
10/25/2021,8.21,8.43,8.39,8.88,11.08
10/22/2021,8.21,8.4,8.45,8.96,11.2
10/21/2021,8.36,8.41,8.49,9.08,11.32
10/20/2021,8.38,8.39,8.51,9.18,11.43
10/19/2021,8.55,8.38,8.59,9.3,11.54
10/18/2021,8.66,8.36,8.67,9.44,11.66
10/15/2021,8.6,8.37,8.77,9.6,11.8
10/14/2021,8.46,8.4,8.84,9.74,11.93
10/13/2021,8.4,8.43,8.95,9.88,12.03
10/12/2021,8.2,8.37,9.02,10.01,12.1
10/11/2021,8.07,8.35,9.1,10.14,12.18
10/08/2021,8.15,8.5,9.24,10.32,12.27
10/07/2021,8.34,8.56,9.41,10.49,12.37
10/06/2021,8.45,8.64,9.58,10.65,12.48
10/05/2021,8.53,8.8,9.77,10.82,12.6
10/04/2021,8.62,8.97,9.98,10.99,12.72
10/01/2021,8.85,9.18,10.22,11.16,12.84
09/30/2021,8.78,9.29,10.41,11.29,12.95
09/29/2021,8.82,9.47,10.6,11.44,13.06
09/28/2021,9.07,9.67,10.83,11.58,13.18
09/27/2021,9.33,9.85,11.04,11.69,13.32
09/24/2021,9.5,9.99,11.23,11.76,13.45
09/23/2021,9.79,10.26,11.45,11.92,13.59
09/22/2021,10.12,10.51,11.66,12.1,13.71
09/21/2021,10.27,10.74,11.84,12.26,13.84
09/20/2021,10.38,10.98,12.0,12.41,13.97
09/17/2021,10.48,11.25,12.15,12.59,14.08
09/16/2021,10.72,11.54,12.29,12.77,14.2
09/15/2021,10.9,11.74,12.43,12.94,14.29
09/14/2021,11.2,11.98,12.53,13.11,14.4
09/13/2021,11.59,12.22,12.61,13.28,14.51
09/10/2021,12.03,12.48,12.65,13.43,14.61
09/09/2021,12.35,12.65,12.75,13.56,14.69
09/08/2021,12.57,12.8,12.89,13.68,14.76
09/07/2021,12.76,12.94,13.02,13.78,14.84
09/03/2021,12.86,13.02,13.13,13.88,14.91
09/02/2021,12.93,13.04,13.25,14.0,14.97
09/01/2021,12.94,13.04,13.39,14.12,15.04
08/31/2021,13.04,13.13,13.55,14.18,15.11
08/30/2021,13.11,13.09,13.67,14.2,15.2
08/27/2021,13.18,12.99,13.81,14.21,15.25
08/26/2021,13.16,12.82,13.91,14.22,15.3
08/25/2021,13.13,12.85,14.02,14.24,15.33
08/24/2021,13.21,12.97,14.12,14.3,15.37
08/23/2021,13.06,13.1,14.2,14.38,15.42
08/20/2021,12.81,13.24,14.31,14.45,15.45
08/19/2021,12.47,13.46,14.48,14.53,15.46
08/18/2021,12.57,13.74,14.66,14.61,15.48
08/17/2021,12.73,13.97,14.7,14.67,15.5
08/16/2021,13.13,14.26,14.75,14.78,15.55
08/13/2021,13.67,14.62,14.82,14.95,15.6
08/12/2021,14.46,15.0,14.92,15.13,15.65
08/11/2021,14.9,15.19,14.94,15.25,15.68
08/10/2021,15.21,15.26,14.97,15.33,15.68
08/09/2021,15.4,15.31,15.03,15.42,15.67
08/06/2021,15.56,15.38,15.06,15.52,15.63
08/05/2021,15.54,15.5,15.06,15.58,15.56
08/04/2021,15.48,15.58,15.04,15.63,15.5
08/03/2021,15.31,15.43,15.02,15.64,15.43
08/02/2021,15.23,15.24,15.04,15.69,15.37
07/30/2021,15.2,15.03,15.12,15.74,15.32
07/29/2021,15.46,14.84,15.19,15.78,15.26
07/28/2021,15.69,14.68,15.28,15.82,15.21
07/27/2021,15.54,14.68,15.36,15.85,15.17
07/26/2021,15.26,14.74,15.48,15.89,15.15
07/23/2021,14.85,14.74,15.59,15.93,15.14
07/22/2021,14.22,14.62,15.62,15.93,15.1
07/21/2021,13.68,14.5,15.65,15.95,15.07
07/20/2021,13.81,14.6,15.75,16.05,15.07
07/19/2021,14.22,14.84,15.92,16.2,15.08
07/16/2021,14.62,15.2,16.1,16.3,15.09
07/15/2021,15.01,15.55,16.26,16.38,15.09
07/14/2021,15.33,15.88,16.38,16.42,15.08
07/13/2021,15.4,16.05,16.43,16.43,15.04
07/12/2021,15.47,16.21,16.47,16.46,15.0
07/09/2021,15.78,16.44,16.53,16.44,14.97
07/08/2021,16.08,16.62,16.59,16.4,14.94
07/07/2021,16.44,16.79,16.68,16.36,14.9
07/06/2021,16.7,16.89,16.78,16.33,14.85
07/02/2021,16.96,16.99,16.87,16.31,14.81
07/01/2021,17.1,17.0,16.84,16.25,14.75
06/30/2021,17.15,16.96,16.79,16.18,14.69
06/29/2021,17.15,16.88,16.69,16.11,14.63
06/28/2021,17.08,16.81,16.62,16.03,14.57
06/25/2021,17.02,16.73,16.58,15.92,14.52
06/24/2021,16.9,16.62,16.44,15.73,14.44
06/23/2021,16.77,16.56,16.29,15.54,14.37
06/22/2021,16.62,16.56,16.14,15.38,14.31
06/21/2021,16.54,16.66,16.05,15.22,14.26
06/18/2021,16.44,16.75,15.97,15.05,14.21
06/17/2021,16.35,16.69,15.87,14.89,14.15
06/16/2021,16.35,16.62,15.79,14.73,14.12
06/15/2021,16.51,16.51,15.72,14.6,14.11
06/14/2021,16.79,16.44,15.64,14.49,14.11
06/11/2021,17.07,16.43,15.51,14.41,14.12
06/10/2021,17.03,16.25,15.29,14.34,14.16
06/09/2021,16.89,16.01,15.04,14.27,14.18
06/08/2021,16.5,15.72,14.78,14.18,14.2
06/07/2021,16.08,15.44,14.5,14.08,14.19
06/04/2021,15.79,15.18,14.2,13.96,14.18
06/03/2021,15.47,15.05,13.99,13.89,14.18
06/02/2021,15.13,14.95,13.79,13.8,14.2
06/01/2021,14.93,14.93,13.65,13.74,14.22
05/28/2021,14.8,14.85,13.52,13.66,14.25
05/27/2021,14.57,14.59,13.39,13.54,14.28
05/26/2021,14.63,14.33,13.38,13.5,14.35
05/25/2021,14.77,14.06,13.39,13.47,14.46
05/24/2021,14.92,13.85,13.42,13.45,14.59
05/21/2021,14.89,13.55,13.4,13.37,14.69
05/20/2021,14.6,13.23,13.35,13.31,14.79
05/19/2021,14.03,12.93,13.31,13.25,14.89
05/18/2021,13.35,12.63,13.23,13.19,15.01
05/17/2021,12.78,12.37,13.14,13.15,15.15
05/14/2021,12.2,12.2,13.06,13.11,15.31
05/13/2021,11.85,12.2,13.02,13.11,15.47
05/12/2021,11.83,12.43,13.09,13.15,15.67
05/11/2021,11.91,12.73,13.18,13.2,15.88
05/10/2021,11.96,12.99,13.24,13.24,16.08
05/07/2021,12.19,13.25,13.28,13.3,16.28
05/06/2021,12.55,13.48,13.35,13.36,16.49
05/05/2021,13.03,13.68,13.41,13.41,16.69
05/04/2021,13.54,13.83,13.48,13.51,16.9
05/03/2021,14.01,13.91,13.55,13.63,17.1
04/30/2021,14.3,13.92,13.57,13.72,17.3
04/29/2021,14.41,13.85,13.57,13.83,17.49
04/28/2021,14.33,13.74,13.51,13.98,17.66
04/27/2021,14.13,13.64,13.44,14.1,17.84
04/26/2021,13.8,13.5,13.36,14.22,18.03
04/23/2021,13.54,13.32,13.32,14.3,18.26
04/22/2021,13.28,13.22,13.3,14.39,18.51
04/21/2021,13.14,13.13,13.28,14.47,18.71
04/20/2021,13.14,13.12,13.34,14.59,18.92
04/19/2021,13.2,13.18,13.49,14.71,19.14
04/16/2021,13.1,13.22,13.62,14.85,19.36
04/15/2021,13.16,13.3,13.82,15.01,19.57
04/14/2021,13.12,13.29,14.09,15.21,19.74
04/13/2021,13.09,13.24,14.34,15.46,19.91
04/12/2021,13.17,13.22,14.58,15.73,20.15
04/09/2021,13.34,13.33,14.79,16.01,20.41
04/08/2021,13.44,13.38,14.98,16.26,20.76
04/07/2021,13.46,13.43,15.14,16.54,21.1
04/06/2021,13.38,13.57,15.32,16.83,21.42
04/05/2021,13.28,13.8,15.48,17.15,21.75
04/01/2021,13.31,14.01,15.66,17.5,22.06
03/31/2021,13.33,14.33,15.87,17.83,22.39
03/30/2021,13.4,14.9,16.17,18.18,22.67
03/29/2021,13.76,15.44,16.57,18.55,22.93
03/26/2021,14.32,15.93,16.98,18.91,23.21
03/25/2021,14.72,16.25,17.35,19.26,23.48
03/24/2021,15.33,16.58,17.7,19.62,23.77
03/23/2021,16.4,16.86,18.1,19.97,24.07
03/22/2021,17.12,17.07,18.46,20.29,24.34
03/19/2021,17.55,17.16,18.83,20.58,24.55
03/18/2021,17.78,17.3,19.25,20.89,24.77
03/17/2021,17.82,17.4,19.58,21.15,24.97
03/16/2021,17.32,17.44,19.82,21.34,25.14
03/15/2021,17.02,17.7,20.11,21.57,25.33
03/12/2021,16.76,18.03,20.4,21.83,25.53
03/11/2021,16.83,18.44,20.77,22.23,25.74
03/10/2021,16.99,18.83,21.15,22.63,25.96
03/09/2021,17.55,19.33,21.52,22.95,26.18
03/08/2021,18.37,19.86,21.89,23.26,26.38
03/05/2021,19.3,20.51,22.29,23.57,26.58
03/04/2021,20.06,21.19,22.68,23.87,26.76
03/03/2021,20.67,21.75,23.02,24.13,26.92
03/02/2021,21.11,22.2,23.3,24.27,27.05
03/01/2021,21.34,22.53,23.51,24.36,27.17
02/26/2021,21.71,22.78,23.73,24.56,27.27
02/25/2021,22.32,23.09,24.12,24.82,27.4
02/24/2021,22.83,23.47,24.54,25.26,27.53
02/23/2021,23.28,23.71,24.76,25.67,27.62
02/22/2021,23.71,23.93,24.97,26.02,27.69
02/19/2021,23.84,24.07,25.1,26.34,27.78
02/18/2021,23.87,24.17,25.21,26.63,27.83
02/17/2021,24.1,24.29,25.32,26.94,27.87
02/16/2021,24.13,24.39,25.31,27.16,27.88
02/12/2021,24.15,24.49,25.28,27.31,27.9
02/11/2021,24.29,24.69,25.45,27.5,27.91
02/10/2021,24.46,25.15,25.68,27.7,27.92
02/09/2021,24.49,25.61,26.15,27.91,27.92
02/08/2021,24.66,25.81,26.65,28.18,27.92
02/05/2021,24.82,26.0,27.06,28.4,27.93
02/04/2021,25.09,26.14,27.47,28.53,27.93
02/03/2021,25.83,26.26,27.86,28.65,27.9
02/02/2021,26.73,26.35,28.27,28.79,27.88
02/01/2021,26.96,26.23,28.54,28.95,27.86
01/29/2021,27.17,26.08,28.72,29.09,27.84
01/28/2021,27.19,26.22,28.91,29.23,27.79
01/27/2021,26.68,26.22,28.97,29.26,27.7
01/26/2021,25.98,26.7,29.06,29.28,27.62
01/25/2021,25.51,27.49,29.36,29.41,27.6
01/22/2021,24.99,28.12,29.61,29.51,27.6
01/21/2021,25.25,28.81,29.72,29.59,27.58
01/20/2021,25.76,29.46,29.84,29.65,27.58
01/19/2021,27.42,30.19,30.01,29.7,27.57
01/15/2021,29.48,30.84,30.3,29.83,27.6
01/14/2021,31.25,31.35,30.59,29.98,27.62
01/13/2021,32.37,31.6,30.73,29.97,27.6
01/12/2021,33.16,31.73,30.78,29.97,27.56
01/11/2021,32.96,31.42,30.57,29.8,27.44
01/08/2021,32.2,31.24,30.37,29.58,27.34
01/07/2021,31.46,31.09,30.2,29.37,27.26
01/06/2021,30.83,30.64,29.98,29.23,27.2
01/05/2021,30.3,30.23,29.75,29.04,27.16
01/04/2021,29.88,29.84,29.46,28.79,27.08
12/31/2020,30.27,29.77,29.33,28.61,27.03
12/30/2020,30.73,29.83,29.3,28.5,27.01
12/29/2020,30.44,29.87,29.16,28.32,26.96
12/28/2020,30.15,29.83,29.09,28.13,26.92
12/24/2020,29.8,29.72,28.99,27.92,26.88
12/23/2020,29.26,29.51,28.75,27.66,26.85
12/22/2020,28.93,29.31,28.51,27.46,26.83
12/21/2020,29.29,29.33,28.52,27.33,26.85
12/18/2020,29.51,29.28,28.44,27.15,26.87
12/17/2020,29.63,29.08,28.26,26.96,26.87
12/16/2020,29.75,28.89,28.04,26.77,26.86
12/15/2020,29.68,28.77,27.83,26.59,26.87
12/14/2020,29.37,28.46,27.55,26.36,26.88
12/11/2020,29.05,28.35,27.28,26.14,26.95
12/10/2020,28.53,28.26,27.02,25.96,27.03
12/09/2020,28.04,28.0,26.74,25.79,27.12
12/08/2020,27.85,27.7,26.54,25.69,27.21
12/07/2020,27.54,27.72,26.33,25.57,27.31
12/04/2020,27.66,27.61,26.09,25.51,27.42
12/03/2020,27.98,27.44,25.9,25.44,27.51
12/02/2020,27.97,27.18,25.71,25.36,27.61
12/01/2020,27.56,26.89,25.51,25.26,27.68
11/30/2020,27.89,26.63,25.31,25.23,27.79
11/27/2020,27.56,26.21,25.03,25.15,27.89
11/25/2020,26.9,25.79,24.81,25.08,28.03
11/24/2020,26.39,25.48,24.69,25.1,28.2
11/23/2020,26.23,25.37,24.68,25.16,28.35
11/20/2020,25.37,24.94,24.49,25.17,28.39
11/19/2020,24.86,24.56,24.47,25.28,28.45
11/18/2020,24.68,24.35,24.44,25.37,28.51
11/17/2020,24.57,24.25,24.45,25.45,28.6
11/16/2020,24.52,24.12,24.45,25.51,28.63
11/13/2020,24.5,23.98,24.52,25.61,28.69
11/12/2020,24.27,23.85,24.62,25.71,28.74
11/11/2020,24.03,23.83,24.73,25.85,28.78
11/10/2020,23.92,23.9,24.91,26.03,28.81
11/09/2020,23.72,23.99,25.05,26.19,28.83
11/06/2020,23.46,24.05,25.28,26.36,28.84
11/05/2020,23.43,24.37,25.64,26.59,28.86
11/04/2020,23.64,24.53,25.88,26.78,28.88
11/03/2020,23.88,24.65,26.05,26.94,28.9
11/02/2020,24.25,24.77,26.21,27.15,28.97
10/30/2020,24.64,25.06,26.42,27.4,29.03
10/29/2020,25.31,25.39,26.64,27.76,0.0
10/28/2020,25.42,25.62,26.86,28.1,0.0
10/27/2020,25.43,25.92,27.09,28.45,0.0
10/26/2020,25.3,26.12,27.3,28.73,0.0
10/23/2020,25.49,26.51,27.52,29.06,0.0
10/22/2020,25.47,26.91,27.7,29.32,0.0
10/21/2020,25.82,27.22,27.91,29.59,0.0
10/20/2020,26.41,27.44,28.09,29.85,0.0
10/19/2020,26.94,27.65,28.34,30.11,0.0
10/16/2020,27.53,27.78,28.57,30.36,0.0
10/15/2020,28.35,27.89,28.95,30.63,0.0
10/14/2020,28.62,28.09,29.34,30.99,0.0
10/13/2020,28.48,28.27,29.71,31.31,0.0
10/12/2020,28.37,28.48,30.04,31.55,0.0
10/09/2020,28.02,28.53,30.33,31.62,0.0
10/08/2020,27.43,28.48,30.53,31.61,0.0
10/07/2020,27.55,28.6,30.77,31.66,0.0
10/06/2020,28.06,28.73,31.05,31.75,0.0
10/05/2020,28.59,29.02,31.33,31.75,0.0
10/02/2020,29.05,29.37,31.65,31.77,0.0
10/01/2020,29.53,30.01,32.0,31.76,0.0
09/30/2020,29.64,30.59,32.43,31.71,0.0
09/29/2020,29.41,31.16,32.83,31.59,0.0
09/28/2020,29.46,31.59,33.08,31.46,0.0
09/25/2020,29.7,32.13,33.16,31.31,0.0
09/24/2020,30.48,32.58,33.17,31.13,0.0
09/23/2020,31.54,32.94,33.19,30.99,0.0
09/22/2020,32.9,33.38,33.25,30.86,0.0
09/21/2020,33.73,33.64,33.11,30.79,0.0
09/18/2020,34.56,33.93,32.97,30.66,0.0
09/17/2020,34.67,33.99,32.64,0.0,0.0
09/16/2020,34.33,34.28,32.26,0.0,0.0
09/15/2020,33.85,34.5,31.81,0.0,0.0
09/14/2020,33.55,34.57,31.39,0.0,0.0
09/11/2020,33.31,34.19,30.9,0.0,0.0
09/10/2020,33.32,33.77,30.41,0.0,0.0
09/09/2020,34.23,33.44,30.01,0.0,0.0
09/08/2020,35.15,33.13,29.6,0.0,0.0
09/04/2020,35.59,32.59,29.36,0.0,0.0
09/03/2020,35.07,32.0,29.02,0.0,0.0
09/02/2020,34.21,31.28,0.0,0.0,0.0
09/01/2020,32.65,30.25,0.0,0.0,0.0
08/31/2020,31.1,29.12,0.0,0.0,0.0
08/28/2020,29.59,28.21,0.0,0.0,0.0
08/27/2020,28.93,27.6,0.0,0.0,0.0
08/26/2020,28.34,27.05,0.0,0.0,0.0
08/25/2020,27.85,26.58,0.0,0.0,0.0
08/24/2020,27.14,26.08,0.0,0.0,0.0
08/21/2020,26.83,26.13,0.0,0.0,0.0
08/20/2020,26.28,26.04,0.0,0.0,0.0
08/19/2020,25.76,0.0,0.0,0.0,0.0
08/18/2020,25.32,0.0,0.0,0.0,0.0
08/17/2020,25.03,0.0,0.0,0.0,0.0
08/14/2020,25.43,0.0,0.0,0.0,0.0
08/13/2020,25.81,0.0,0.0,0.0,0.0
08/12/2020,0.0,0.0,0.0,0.0,0.0
08/11/2020,0.0,0.0,0.0,0.0,0.0
08/10/2020,0.0,0.0,0.0,0.0,0.0
08/07/2020,0.0,0.0,0.0,0.0,0.0
