12/30/2022,1.62,1.84,2.08,2.84,6.55
12/29/2022,1.73,1.89,2.13,2.95,6.72
12/28/2022,1.84,1.96,2.21,3.07,6.88
12/27/2022,1.89,2.0,2.27,3.2,7.05
12/23/2022,1.98,2.03,2.36,3.38,7.21
12/22/2022,2.06,2.1,2.49,3.5,7.37
12/21/2022,2.04,2.12,2.62,3.81,7.52
12/20/2022,2.07,2.16,2.77,4.11,7.68
12/19/2022,2.12,2.22,3.0,4.36,7.84
12/16/2022,2.09,2.26,3.23,4.54,7.99
12/15/2022,2.14,2.31,3.34,4.85,8.15
12/14/2022,2.2,2.38,3.47,5.17,8.3
12/13/2022,2.26,2.47,3.62,5.48,8.46
12/12/2022,2.33,2.55,3.8,5.8,8.61
12/09/2022,2.44,2.69,4.06,6.11,8.77
12/08/2022,2.48,2.87,4.21,6.41,8.92
12/07/2022,2.56,3.12,4.65,6.72,9.07
12/06/2022,2.68,3.38,5.08,7.02,9.22
12/05/2022,2.76,3.77,5.43,7.32,9.37
12/02/2022,2.93,4.19,5.67,7.62,9.51
12/01/2022,3.27,4.37,6.12,7.91,9.66
11/30/2022,3.68,4.57,6.56,8.2,9.8
11/29/2022,4.09,4.77,6.99,8.48,9.94
11/28/2022,4.78,5.06,7.42,8.77,10.08
11/25/2022,5.45,5.43,7.83,9.04,10.21
11/23/2022,5.47,5.54,8.18,9.27,10.33
11/22/2022,5.45,6.18,8.52,9.49,10.44
11/21/2022,5.46,6.78,8.84,9.71,10.54
11/18/2022,5.34,7.1,9.1,9.88,10.63
11/17/2022,5.41,7.16,9.34,10.03,10.7
11/16/2022,5.61,7.87,9.68,10.26,10.81
11/15/2022,6.91,8.56,10.01,10.49,10.92
11/14/2022,8.11,9.21,10.34,10.7,11.03
11/11/2022,8.85,9.79,10.62,10.89,11.12
11/10/2022,8.91,10.22,10.84,11.04,11.19
11/09/2022,10.14,10.82,11.13,11.23,11.29
11/08/2022,10.2,10.85,11.15,11.24,11.29
11/07/2022,10.31,10.9,11.17,11.25,11.3
11/04/2022,10.72,11.11,11.27,11.32,11.33
11/03/2022,11.54,11.51,11.47,11.45,11.39
11/02/2022,11.51,11.49,11.46,11.44,11.39
11/01/2022,11.5,11.47,11.45,11.44,11.39
10/31/2022,11.49,11.47,11.45,11.43,11.38
10/26/2022,11.49,11.46,11.45,11.43,11.38
10/21/2022,11.49,11.45,11.44,11.42,11.37
10/18/2022,11.48,11.45,11.44,11.42,11.37
10/17/2022,11.45,11.44,11.43,11.42,11.37
10/14/2022,11.44,11.44,11.43,11.41,11.36
10/07/2022,11.43,11.43,11.43,11.41,11.36
10/06/2022,11.42,11.43,11.42,11.4,11.35
10/05/2022,11.42,11.43,11.42,11.4,11.35
10/04/2022,11.43,11.44,11.42,11.4,11.35
09/30/2022,11.43,11.43,11.42,11.4,11.34
09/29/2022,11.43,11.43,11.41,11.39,11.34
09/28/2022,11.43,11.43,11.41,11.39,11.33
09/27/2022,11.44,11.43,11.41,11.39,11.33
09/23/2022,11.44,11.43,11.4,11.38,11.32
09/21/2022,11.44,11.42,11.4,11.38,11.32
09/19/2022,11.43,11.42,11.39,11.37,11.32
09/14/2022,11.43,11.42,11.39,11.37,11.31
09/13/2022,11.42,11.41,11.39,11.36,11.31
09/08/2022,11.42,11.4,11.38,11.36,11.3
09/07/2022,11.41,11.4,11.38,11.36,11.3
09/06/2022,11.41,11.39,11.37,11.35,11.29
09/02/2022,11.41,11.39,11.37,11.35,11.29
08/25/2022,11.4,11.38,11.37,11.35,11.28
08/23/2022,11.39,11.38,11.36,11.35,11.28
08/18/2022,11.39,11.37,11.36,11.34,11.28
08/12/2022,11.38,11.37,11.35,11.34,11.27
08/11/2022,11.37,11.36,11.34,11.34,11.27
08/10/2022,11.37,11.36,11.34,11.34,11.26
08/08/2022,11.36,11.36,11.34,11.33,11.26
08/03/2022,11.36,11.36,11.34,11.33,11.25
07/29/2022,11.36,11.36,11.33,11.33,11.25
07/25/2022,11.36,11.36,11.34,11.32,11.25
07/20/2022,11.36,11.35,11.33,11.32,11.24
07/19/2022,11.36,11.35,11.33,11.32,11.24
07/18/2022,11.36,11.34,11.33,11.31,11.23
07/15/2022,11.35,11.33,11.33,11.31,11.23
06/23/2022,11.35,11.32,11.32,11.3,11.22
06/21/2022,11.35,11.32,11.32,11.3,11.21
06/15/2022,11.34,11.32,11.32,11.29,11.21
06/14/2022,11.32,11.31,11.32,11.29,11.2
06/08/2022,11.31,11.31,11.31,11.28,11.2
06/07/2022,11.3,11.31,11.31,11.28,11.19
05/26/2022,11.29,11.31,11.3,11.27,11.19
05/24/2022,11.3,11.31,11.3,11.27,11.18
05/20/2022,11.31,11.31,11.3,11.26,11.18
05/18/2022,11.31,11.32,11.29,11.26,11.17
05/12/2022,11.33,11.32,11.29,11.25,11.17
05/10/2022,11.34,11.33,11.28,11.25,11.17
05/09/2022,11.33,11.32,11.28,11.24,11.16
05/06/2022,11.32,11.32,11.27,11.24,11.16
05/05/2022,11.32,11.31,11.26,11.23,11.15
05/04/2022,11.3,11.3,11.26,11.23,11.15
05/03/2022,11.32,11.29,11.25,11.22,11.14
05/02/2022,11.31,11.28,11.24,11.21,11.14
04/29/2022,11.31,11.28,11.24,11.21,11.13
04/28/2022,11.3,11.27,11.23,11.2,11.13
04/27/2022,11.29,11.26,11.22,11.2,11.12
04/26/2022,11.26,11.24,11.21,11.19,11.12
04/25/2022,11.25,11.23,11.2,11.18,11.11
04/21/2022,11.25,11.23,11.2,11.18,11.11
04/19/2022,11.24,11.22,11.2,11.17,11.1
04/18/2022,11.23,11.21,11.19,11.17,11.1
04/14/2022,11.22,11.2,11.18,11.16,11.1
04/13/2022,11.21,11.2,11.18,11.16,11.09
04/12/2022,11.21,11.19,11.17,11.15,11.09
04/11/2022,11.2,11.18,11.17,11.14,11.09
04/08/2022,11.19,11.18,11.16,11.14,11.08
04/07/2022,11.19,11.18,11.16,11.13,11.08
04/06/2022,11.18,11.18,11.16,11.13,11.08
04/05/2022,11.18,11.17,11.15,11.12,11.07
04/04/2022,11.17,11.17,11.15,11.12,11.07
03/31/2022,11.17,11.17,11.15,11.11,11.07
03/30/2022,11.17,11.16,11.14,11.11,11.06
03/29/2022,11.17,11.16,11.14,11.1,11.06
03/28/2022,11.17,11.15,11.13,11.1,11.06
03/22/2022,11.17,11.15,11.12,11.09,11.05
03/18/2022,11.16,11.15,11.12,11.09,11.05
03/16/2022,11.15,11.14,11.11,11.08,11.05
03/15/2022,11.15,11.14,11.1,11.08,11.04
03/10/2022,11.14,11.13,11.1,11.07,11.04
03/04/2022,11.13,11.13,11.09,11.07,11.04
03/03/2022,11.13,11.13,11.08,11.07,11.03
03/02/2022,11.13,11.13,11.08,11.06,11.03
02/28/2022,11.13,11.12,11.07,11.06,11.03
02/25/2022,11.13,11.11,11.07,11.05,11.02
02/24/2022,11.13,11.1,11.06,11.05,11.02
02/23/2022,11.14,11.09,11.06,11.05,11.02
02/18/2022,11.12,11.08,11.05,11.04,11.01
02/16/2022,11.1,11.07,11.05,11.04,11.01
02/09/2022,11.08,11.06,11.04,11.04,11.01
02/08/2022,11.06,11.05,11.04,11.03,11.0
02/02/2022,11.04,11.03,11.03,11.03,11.0
01/31/2022,11.04,11.03,11.03,11.03,10.99
01/28/2022,11.04,11.03,11.03,11.03,10.99
01/27/2022,11.03,11.03,11.03,11.03,10.99
01/26/2022,11.03,11.03,11.03,11.03,10.99
01/25/2022,11.03,11.03,11.03,11.03,10.98
01/24/2022,11.03,11.03,11.03,11.02,10.98
01/21/2022,11.03,11.03,11.02,11.02,10.98
01/19/2022,11.03,11.03,11.03,11.02,10.98
01/14/2022,11.03,11.03,11.02,11.02,10.97
01/13/2022,11.02,11.03,11.03,11.02,10.97
01/03/2022,11.02,11.03,11.03,11.02,10.97
12/30/2021,11.02,11.03,11.02,11.02,10.96
12/23/2021,11.02,11.03,11.03,11.02,10.96
12/22/2021,11.02,11.03,11.03,11.02,10.96
12/17/2021,11.03,11.03,11.02,11.01,10.95
12/16/2021,11.03,11.03,11.02,11.01,10.95
12/14/2021,11.03,11.02,11.02,11.01,10.95
12/13/2021,11.03,11.03,11.02,11.01,10.94
12/10/2021,11.03,11.02,11.02,11.0,10.94
12/09/2021,11.02,11.02,11.02,11.0,10.94
12/08/2021,11.02,11.03,11.02,11.0,10.93
12/07/2021,11.02,11.02,11.02,10.99,10.93
12/06/2021,11.02,11.03,11.02,10.99,10.93
12/02/2021,11.02,11.03,11.01,10.99,10.92
12/01/2021,11.03,11.02,11.01,10.99,10.92
11/30/2021,11.03,11.02,11.01,10.98,10.92
11/29/2021,11.03,11.02,11.0,10.98,10.91
11/26/2021,11.03,11.02,11.0,10.97,10.91
11/23/2021,11.03,11.02,10.99,10.97,10.9
11/22/2021,11.02,11.02,10.99,10.97,10.9
11/19/2021,11.01,11.01,10.98,10.96,10.89
11/18/2021,11.01,11.02,10.98,10.96,10.89
11/17/2021,11.01,11.01,10.97,10.95,10.89
11/16/2021,11.01,11.0,10.97,10.95,10.88
11/15/2021,11.01,10.99,10.97,10.94,10.88
11/12/2021,11.01,10.99,10.96,10.94,10.87
11/10/2021,11.02,10.98,10.96,10.94,10.87
11/09/2021,11.0,10.97,10.95,10.93,10.86
11/08/2021,10.98,10.97,10.95,10.92,10.86
11/05/2021,10.97,10.96,10.94,10.92,10.86
11/04/2021,10.96,10.95,10.93,10.91,10.85
11/03/2021,10.94,10.94,10.93,10.9,10.85
11/02/2021,10.94,10.94,10.92,10.9,10.84
11/01/2021,10.95,10.94,10.92,10.9,10.84
10/28/2021,10.94,10.94,10.92,10.9,10.84
10/27/2021,10.94,10.94,10.91,10.89,10.83
10/26/2021,10.93,10.93,10.91,10.89,10.83
10/25/2021,10.93,10.93,10.91,10.88,10.83
10/22/2021,10.93,10.92,10.9,10.88,10.82
10/21/2021,10.94,10.92,10.9,10.88,10.82
10/20/2021,10.94,10.92,10.89,10.87,10.82
10/19/2021,10.93,10.92,10.89,10.87,10.81
10/18/2021,10.93,10.91,10.88,10.87,10.81
10/15/2021,10.92,10.9,10.88,10.86,10.8
10/14/2021,10.91,10.9,10.87,10.86,10.8
10/13/2021,10.9,10.89,10.87,10.85,10.8
10/11/2021,10.9,10.89,10.86,10.85,10.79
10/08/2021,10.89,10.89,10.86,10.84,10.79
10/07/2021,10.89,10.88,10.86,10.84,10.79
10/06/2021,10.89,10.88,10.85,10.83,10.78
10/05/2021,10.89,10.87,10.85,10.83,10.78
09/30/2021,10.88,10.86,10.85,10.82,10.78
09/29/2021,10.88,10.86,10.84,10.82,10.77
09/27/2021,10.87,10.85,10.84,10.81,10.77
09/23/2021,10.87,10.85,10.84,10.81,10.77
09/22/2021,10.85,10.84,10.83,10.81,10.76
09/21/2021,10.84,10.84,10.83,10.8,10.76
09/20/2021,10.83,10.83,10.82,10.8,10.75
09/17/2021,10.83,10.83,10.82,10.79,10.75
09/15/2021,10.83,10.83,10.81,10.79,10.75
09/08/2021,10.84,10.83,10.81,10.79,10.74
09/07/2021,10.84,10.83,10.81,10.79,10.74
09/03/2021,10.83,10.83,10.8,10.78,10.74
09/02/2021,10.83,10.83,10.8,10.78,10.73
09/01/2021,10.82,10.82,10.79,10.78,10.73
08/30/2021,10.83,10.82,10.79,10.77,10.73
08/27/2021,10.82,10.82,10.78,10.77,10.72
08/26/2021,10.83,10.81,10.78,10.77,10.72
08/23/2021,10.83,10.8,10.78,10.77,10.72
08/20/2021,10.82,10.8,10.77,10.76,10.71
08/18/2021,10.82,10.79,10.77,10.76,10.71
08/17/2021,10.81,10.78,10.76,10.76,10.7
08/16/2021,10.79,10.77,10.76,10.75,10.7
08/13/2021,10.78,10.76,10.76,10.75,10.69
08/12/2021,10.77,10.76,10.75,10.74,10.69
08/11/2021,10.76,10.75,10.75,10.74,10.69
08/10/2021,10.75,10.75,10.75,10.74,10.68
08/09/2021,10.75,10.75,10.75,10.74,10.68
08/06/2021,10.75,10.75,10.75,10.74,10.68
08/05/2021,10.75,10.75,10.74,10.73,10.67
08/04/2021,10.75,10.75,10.74,10.73,10.67
08/03/2021,10.74,10.75,10.74,10.73,10.67
08/02/2021,10.75,10.75,10.74,10.73,10.66
07/30/2021,10.75,10.75,10.74,10.72,10.66
07/28/2021,10.76,10.75,10.74,10.72,10.66
07/26/2021,10.76,10.75,10.74,10.72,10.65
07/23/2021,10.76,10.75,10.74,10.71,10.65
07/22/2021,10.75,10.75,10.73,10.71,10.65
07/21/2021,10.75,10.74,10.73,10.7,10.64
07/16/2021,10.74,10.74,10.73,10.7,10.64
07/14/2021,10.74,10.74,10.72,10.7,10.64
07/13/2021,10.74,10.74,10.72,10.69,10.63
07/12/2021,10.74,10.73,10.71,10.69,10.63
07/09/2021,10.74,10.73,10.71,10.69,10.63
07/06/2021,10.73,10.72,10.71,10.68,10.62
07/01/2021,10.73,10.72,10.7,10.68,10.62
06/30/2021,10.73,10.72,10.7,10.67,10.62
06/29/2021,10.72,10.72,10.69,10.67,10.61
06/28/2021,10.72,10.72,10.69,10.67,10.61
06/25/2021,10.71,10.72,10.68,10.66,10.61
06/24/2021,10.72,10.71,10.68,10.66,10.61
06/22/2021,10.71,10.7,10.67,10.65,10.6
06/21/2021,10.71,10.7,10.67,10.65,10.6
06/18/2021,10.72,10.69,10.67,10.64,10.6
06/17/2021,10.72,10.69,10.66,10.64,10.59
06/16/2021,10.7,10.68,10.66,10.63,10.59
06/15/2021,10.69,10.67,10.65,10.63,10.59
06/11/2021,10.68,10.66,10.65,10.62,10.58
06/10/2021,10.67,10.66,10.64,10.61,10.58
06/09/2021,10.66,10.65,10.64,10.61,10.58
06/08/2021,10.66,10.65,10.63,10.61,10.57
06/07/2021,10.65,10.65,10.63,10.6,10.57
06/04/2021,10.65,10.64,10.62,10.6,10.57
06/03/2021,10.64,10.64,10.62,10.6,10.57
06/02/2021,10.64,10.64,10.61,10.59,10.56
05/28/2021,10.64,10.63,10.61,10.59,10.56
05/27/2021,10.64,10.63,10.6,10.59,10.56
05/26/2021,10.64,10.63,10.6,10.58,10.56
05/25/2021,10.64,10.63,10.59,10.58,10.56
05/24/2021,10.64,10.62,10.59,10.58,10.55
05/21/2021,10.63,10.61,10.59,10.58,10.55
05/20/2021,10.62,10.61,10.58,10.57,10.55
05/19/2021,10.62,10.6,10.58,10.57,10.55
05/18/2021,10.61,10.59,10.57,10.57,10.54
05/17/2021,10.6,10.59,10.57,10.56,10.54
05/13/2021,10.59,10.58,10.57,10.56,10.54
05/12/2021,10.59,10.58,10.57,10.56,10.54
05/07/2021,10.58,10.57,10.56,10.56,10.54
05/05/2021,10.57,10.56,10.56,10.56,10.53
05/04/2021,10.57,10.56,10.56,10.56,10.53
05/03/2021,10.57,10.56,10.56,10.55,10.53
04/29/2021,10.56,10.56,10.56,10.55,10.53
04/28/2021,10.56,10.55,10.56,10.55,10.53
04/26/2021,10.55,10.55,10.55,10.55,10.53
04/23/2021,10.54,10.56,10.55,10.55,10.53
04/21/2021,10.55,10.55,10.55,10.55,10.53
04/20/2021,10.55,10.56,10.55,10.55,10.53
04/19/2021,10.55,10.55,10.55,10.55,10.53
04/16/2021,10.55,10.55,10.55,10.55,10.53
04/15/2021,10.57,10.56,10.55,10.55,10.53
04/14/2021,10.56,10.56,10.55,10.54,10.54
04/13/2021,10.56,10.56,10.55,10.54,10.54
04/12/2021,10.55,10.56,10.55,10.54,10.54
04/09/2021,10.55,10.56,10.55,10.54,10.54
04/08/2021,10.55,10.55,10.55,10.53,10.54
04/07/2021,10.55,10.55,10.55,10.53,10.54
04/06/2021,10.55,10.55,10.54,10.53,10.54
04/05/2021,10.57,10.56,10.54,10.53,10.54
04/01/2021,10.56,10.55,10.54,10.53,10.54
03/31/2021,10.56,10.55,10.54,10.53,10.54
03/30/2021,10.55,10.55,10.53,10.53,10.54
03/25/2021,10.55,10.55,10.53,10.53,10.54
03/24/2021,10.54,10.55,10.52,10.52,10.54
03/23/2021,10.54,10.54,10.53,10.52,10.54
03/22/2021,10.54,10.54,10.53,10.52,10.54
03/19/2021,10.54,10.54,10.52,10.52,10.53
03/18/2021,10.55,10.54,10.52,10.52,10.53
03/17/2021,10.55,10.53,10.52,10.51,10.53
03/16/2021,10.55,10.53,10.52,10.51,10.53
03/15/2021,10.54,10.53,10.52,10.51,10.52
03/12/2021,10.53,10.51,10.52,10.51,10.52
03/11/2021,10.53,10.51,10.51,10.51,10.52
03/10/2021,10.52,10.5,10.51,10.5,10.52
03/09/2021,10.52,10.51,10.51,10.5,10.52
03/08/2021,10.52,10.51,10.51,10.51,10.51
03/05/2021,10.49,10.51,10.51,10.51,10.51
03/04/2021,10.49,10.51,10.51,10.51,10.51
03/03/2021,10.49,10.51,10.5,10.51,10.51
03/02/2021,10.5,10.51,10.5,10.52,10.51
03/01/2021,10.5,10.51,10.5,10.52,10.5
02/26/2021,10.53,10.52,10.51,10.53,10.5
02/25/2021,10.53,10.52,10.51,10.54,10.5
02/24/2021,10.54,10.52,10.5,10.54,10.5
02/23/2021,10.51,10.51,10.5,10.54,10.5
02/22/2021,10.51,10.51,10.5,10.54,10.49
02/19/2021,10.52,10.51,10.51,10.54,10.49
02/18/2021,10.51,10.5,10.51,10.55,10.49
02/17/2021,10.5,10.49,10.52,10.55,10.48
02/16/2021,10.51,10.5,10.52,10.55,10.48
02/12/2021,10.5,10.5,10.53,10.55,10.47
02/11/2021,10.5,10.49,10.54,10.55,10.47
02/10/2021,10.5,10.49,10.54,10.55,10.47
02/09/2021,10.48,10.48,10.55,10.55,10.46
02/08/2021,10.48,10.49,10.55,10.55,10.46
02/05/2021,10.49,10.5,10.56,10.55,10.45
02/04/2021,10.48,10.51,10.56,10.55,10.45
02/03/2021,10.49,10.52,10.57,10.55,10.45
02/02/2021,10.48,10.54,10.58,10.55,10.45
02/01/2021,10.5,10.55,10.58,10.54,10.44
01/29/2021,10.51,10.56,10.58,10.54,10.44
01/28/2021,10.54,10.59,10.58,10.54,10.44
01/27/2021,10.56,10.59,10.58,10.53,10.44
01/26/2021,10.59,10.61,10.59,10.53,10.43
01/25/2021,10.59,10.61,10.58,10.53,10.43
01/22/2021,10.61,10.61,10.58,10.52,10.43
01/21/2021,10.63,10.61,10.57,10.52,10.42
01/20/2021,10.63,10.62,10.56,10.51,10.42
01/19/2021,10.63,10.62,10.55,10.5,10.41
01/15/2021,10.63,10.61,10.54,10.5,10.41
01/14/2021,10.62,10.6,10.53,10.49,10.4
01/13/2021,10.59,10.58,10.51,10.48,10.4
01/12/2021,10.6,10.57,10.5,10.47,10.39
01/11/2021,10.61,10.57,10.49,10.47,10.39
01/08/2021,10.59,10.56,10.49,10.46,10.38
01/07/2021,10.58,10.55,10.48,10.45,10.38
01/06/2021,10.56,10.52,10.47,10.44,10.37
01/05/2021,10.54,10.5,10.45,10.43,10.37
01/04/2021,10.52,10.48,10.44,10.42,10.36
12/31/2020,10.52,10.47,10.44,10.41,10.36
12/30/2020,10.51,10.46,10.43,10.4,10.36
12/29/2020,10.48,10.44,10.42,10.39,10.35
12/28/2020,10.46,10.43,10.42,10.38,10.35
12/24/2020,10.44,10.42,10.42,10.37,10.35
12/23/2020,10.42,10.42,10.41,10.37,10.35
12/22/2020,10.4,10.4,10.4,10.36,10.34
12/21/2020,10.4,10.41,10.4,10.35,10.34
12/18/2020,10.41,10.41,10.39,10.35,10.34
12/17/2020,10.4,10.41,10.39,10.35,10.34
12/15/2020,10.41,10.41,10.38,10.35,10.34
12/14/2020,10.41,10.41,10.36,10.34,10.33
12/11/2020,10.43,10.41,10.36,10.34,10.33
12/10/2020,10.42,10.42,10.35,10.34,10.33
12/09/2020,10.41,10.41,10.35,10.34,10.33
12/08/2020,10.4,10.4,10.34,10.33,10.33
12/07/2020,10.4,10.4,10.33,10.33,10.33
12/04/2020,10.39,10.38,10.32,10.33,10.33
12/03/2020,10.42,10.37,10.32,10.33,10.32
12/02/2020,10.41,10.37,10.32,10.33,10.32
12/01/2020,10.41,10.35,10.32,10.32,10.32
11/30/2020,10.39,10.32,10.31,10.32,10.33
11/27/2020,10.37,10.31,10.31,10.32,10.32
11/25/2020,10.33,10.29,10.3,10.31,10.32
11/23/2020,10.32,10.29,10.3,10.31,10.33
11/20/2020,10.3,10.28,10.3,10.31,10.33
11/19/2020,10.25,10.27,10.3,10.31,10.33
11/18/2020,10.24,10.27,10.3,10.31,10.33
11/16/2020,10.24,10.27,10.31,10.31,10.33
11/13/2020,10.25,10.27,10.31,10.31,10.33
11/11/2020,10.25,10.28,10.31,10.31,10.33
11/10/2020,10.28,10.3,10.32,10.32,10.33
11/09/2020,10.29,10.31,10.32,10.32,10.34
11/06/2020,10.3,10.31,10.33,10.33,10.34
11/05/2020,10.29,10.31,10.33,10.33,10.34
10/30/2020,10.31,10.32,10.33,10.33,10.33
10/26/2020,10.32,10.33,10.33,10.33,10.33
10/22/2020,10.33,10.34,10.33,10.33,10.33
10/21/2020,10.33,10.34,10.33,10.33,10.33
10/19/2020,10.33,10.34,10.33,10.33,10.32
10/16/2020,10.32,10.34,10.33,10.33,10.32
10/13/2020,10.33,10.34,10.33,10.32,10.32
10/07/2020,10.34,10.34,10.33,10.33,10.31
10/06/2020,10.36,10.34,10.33,10.33,10.31
10/05/2020,10.36,10.34,10.33,10.33,10.31
10/02/2020,10.35,10.34,10.33,10.33,10.31
10/01/2020,10.35,10.33,10.33,10.33,10.3
09/30/2020,10.33,10.33,10.33,10.32,10.3
09/29/2020,10.33,10.32,10.32,10.32,10.3
09/28/2020,10.33,10.32,10.32,10.32,10.29
09/22/2020,10.32,10.32,10.32,10.32,10.29
09/18/2020,10.32,10.32,10.32,10.33,10.29
09/17/2020,10.32,10.32,10.32,10.33,10.28
09/16/2020,10.31,10.32,10.32,10.33,10.28
09/15/2020,10.31,10.32,10.32,10.34,10.27
09/14/2020,10.31,10.32,10.32,10.34,10.27
09/11/2020,10.32,10.32,10.32,10.34,10.26
09/10/2020,10.32,10.32,10.32,10.34,10.26
09/09/2020,10.33,10.32,10.32,10.35,10.26
09/08/2020,10.34,10.32,10.32,10.34,10.25
09/04/2020,10.34,10.32,10.33,10.34,10.25
09/03/2020,10.33,10.31,10.34,10.34,10.24
08/28/2020,10.33,10.32,10.34,10.35,10.24
08/27/2020,10.31,10.32,10.34,10.35,10.24
08/26/2020,10.3,10.32,10.35,10.34,10.23
08/25/2020,10.3,10.32,10.35,10.34,10.23
08/24/2020,10.3,10.32,10.35,10.34,10.22
08/21/2020,10.31,10.32,10.35,10.33,10.22
08/20/2020,10.32,10.32,10.36,10.33,10.21
08/13/2020,10.34,10.32,10.36,10.32,10.21
08/10/2020,10.34,10.34,10.35,10.31,10.2
08/05/2020,10.34,10.36,10.35,10.31,10.19
08/04/2020,10.34,10.35,10.37,10.3,10.19
08/03/2020,10.33,10.37,10.37,10.3,10.18
07/31/2020,10.31,10.38,10.36,10.29,10.17
07/30/2020,10.34,10.38,10.36,10.29,10.16
07/29/2020,10.37,10.38,10.35,10.28,10.16
07/27/2020,10.37,10.38,10.34,10.28,10.15
07/24/2020,10.41,10.4,10.33,10.27,0.0
07/20/2020,10.45,10.39,10.32,10.26,0.0
07/17/2020,10.42,10.37,10.3,10.25,0.0
07/16/2020,10.39,10.35,10.28,10.24,0.0
07/15/2020,10.39,10.39,10.28,10.23,0.0
07/14/2020,10.39,10.37,10.26,10.22,0.0
07/13/2020,10.34,10.34,10.25,10.2,0.0
07/10/2020,10.32,10.33,10.24,10.19,0.0
07/09/2020,10.31,10.31,10.23,10.18,0.0
07/08/2020,10.38,10.29,10.22,10.17,0.0
07/02/2020,10.34,10.26,10.21,10.16,0.0
06/30/2020,10.34,10.24,10.2,10.16,0.0
06/26/2020,10.35,10.23,10.2,10.16,0.0
06/24/2020,10.32,10.22,10.19,10.15,0.0
06/23/2020,10.2,10.17,10.16,10.13,0.0
06/17/2020,10.17,10.16,10.15,10.12,0.0
06/16/2020,10.15,10.16,10.14,10.12,0.0
06/11/2020,10.12,10.15,10.12,10.11,0.0
06/10/2020,10.12,10.15,10.12,10.1,0.0
05/28/2020,10.13,10.15,10.12,10.1,0.0
05/18/2020,10.15,10.15,10.12,10.1,0.0
05/08/2020,10.17,10.16,10.12,10.09,0.0
05/05/2020,10.19,10.16,10.12,10.09,0.0
05/01/2020,10.19,10.16,10.12,10.08,0.0
04/17/2020,10.17,10.15,10.11,10.07,0.0
04/15/2020,10.16,10.14,10.1,10.06,0.0
04/09/2020,10.14,10.12,10.09,10.05,0.0
04/08/2020,10.13,10.1,10.09,10.04,0.0
04/07/2020,10.13,10.08,10.08,10.03,0.0
04/06/2020,10.12,10.08,10.07,10.03,0.0
04/03/2020,10.12,10.08,10.07,0.0,0.0
04/02/2020,10.09,10.08,10.06,0.0,0.0
04/01/2020,10.06,10.08,10.05,0.0,0.0
03/26/2020,10.04,10.07,10.04,0.0,0.0
03/25/2020,10.03,10.07,10.03,0.0,0.0
03/20/2020,10.04,10.07,10.02,0.0,0.0
03/13/2020,10.07,10.07,10.02,0.0,0.0
03/12/2020,10.09,10.08,10.01,0.0,0.0
03/10/2020,10.11,10.08,10.01,0.0,0.0
03/05/2020,10.11,10.07,10.01,0.0,0.0
03/03/2020,10.1,10.06,0.0,0.0,0.0
02/11/2020,10.08,10.04,0.0,0.0,0.0
12/19/2019,10.06,10.03,0.0,0.0,0.0
12/16/2019,10.04,10.01,0.0,0.0,0.0
12/13/2019,10.03,10.0,0.0,0.0,0.0
12/12/2019,10.01,9.98,0.0,0.0,0.0
12/05/2019,10.0,9.96,0.0,0.0,0.0
11/29/2019,9.99,9.94,0.0,0.0,0.0
11/22/2019,9.98,9.94,0.0,0.0,0.0
11/20/2019,9.96,9.94,0.0,0.0,0.0
11/18/2019,9.94,0.0,0.0,0.0,0.0
11/07/2019,9.92,0.0,0.0,0.0,0.0
10/28/2019,9.89,0.0,0.0,0.0,0.0
10/11/2019,9.9,0.0,0.0,0.0,0.0
09/26/2019,9.92,0.0,0.0,0.0,0.0
09/12/2019,0.0,0.0,0.0,0.0,0.0
09/03/2019,0.0,0.0,0.0,0.0,0.0
08/05/2019,0.0,0.0,0.0,0.0,0.0
08/02/2019,0.0,0.0,0.0,0.0,0.0
