12/30/2022,1.06,1.05,1.33,1.4,1.72
12/29/2022,1.05,1.09,1.36,1.41,1.75
12/28/2022,1.05,1.16,1.38,1.44,1.77
12/27/2022,1.07,1.22,1.4,1.46,1.8
12/23/2022,1.08,1.28,1.42,1.49,1.82
12/22/2022,1.05,1.32,1.44,1.51,1.84
12/21/2022,1.14,1.38,1.47,1.53,1.86
12/20/2022,1.26,1.44,1.49,1.56,1.88
12/19/2022,1.37,1.49,1.51,1.59,1.91
12/16/2022,1.48,1.56,1.54,1.62,1.93
12/15/2022,1.59,1.62,1.57,1.66,1.96
12/14/2022,1.61,1.62,1.57,1.69,1.98
12/13/2022,1.61,1.6,1.58,1.71,2.0
12/12/2022,1.62,1.59,1.58,1.73,2.03
12/09/2022,1.64,1.57,1.59,1.74,2.07
12/08/2022,1.64,1.57,1.6,1.76,2.12
12/07/2022,1.64,1.55,1.61,1.77,2.16
12/06/2022,1.6,1.54,1.62,1.79,2.21
12/05/2022,1.55,1.53,1.64,1.81,2.25
12/02/2022,1.5,1.51,1.65,1.81,2.3
12/01/2022,1.5,1.52,1.69,1.83,2.35
11/30/2022,1.47,1.52,1.72,1.84,2.4
11/29/2022,1.48,1.56,1.76,1.85,2.45
11/28/2022,1.51,1.58,1.81,1.89,2.49
11/25/2022,1.52,1.61,1.83,1.91,2.54
11/23/2022,1.54,1.63,1.85,1.94,2.59
11/22/2022,1.57,1.66,1.88,1.96,2.64
11/21/2022,1.63,1.7,1.92,1.98,2.68
11/18/2022,1.66,1.75,1.95,2.0,2.72
11/17/2022,1.7,1.8,1.97,2.02,2.77
11/16/2022,1.73,1.86,1.98,2.05,2.82
11/15/2022,1.75,1.92,2.0,2.08,2.89
11/14/2022,1.76,1.97,2.0,2.11,2.98
11/11/2022,1.84,2.03,2.04,2.13,3.19
11/10/2022,1.9,2.06,2.07,2.15,3.32
11/09/2022,1.99,2.07,2.09,2.16,3.44
11/08/2022,2.1,2.11,2.11,2.19,3.58
11/07/2022,2.18,2.15,2.12,2.21,3.71
11/04/2022,2.22,2.15,2.12,2.23,3.85
11/03/2022,2.21,2.14,2.13,2.24,3.98
11/02/2022,2.16,2.11,2.15,2.26,4.11
11/01/2022,2.11,2.07,2.16,2.27,4.23
10/31/2022,2.11,2.03,2.17,2.3,4.36
10/28/2022,2.07,2.05,2.18,2.34,4.49
10/27/2022,2.06,2.08,2.19,2.4,4.63
10/26/2022,2.06,2.1,2.21,2.48,4.76
10/25/2022,2.03,2.11,2.23,2.55,4.89
10/24/2022,1.95,2.09,2.24,2.62,5.02
10/21/2022,2.03,2.1,2.27,2.7,5.15
10/20/2022,2.09,2.13,2.29,2.78,5.28
10/19/2022,2.14,2.18,2.33,2.87,5.42
10/18/2022,2.18,2.26,2.37,2.95,5.55
10/17/2022,2.23,2.31,2.43,3.04,5.69
10/14/2022,2.16,2.31,2.48,3.1,5.81
10/13/2022,2.17,2.31,2.56,3.17,5.94
10/12/2022,2.23,2.32,2.67,3.25,6.07
10/11/2022,2.33,2.35,2.78,3.31,6.2
10/10/2022,2.39,2.38,2.88,3.38,6.33
10/07/2022,2.46,2.44,3.0,3.45,6.46
10/06/2022,2.46,2.46,3.11,3.51,6.58
10/05/2022,2.4,2.48,3.21,3.6,6.71
10/04/2022,2.37,2.49,3.3,3.7,6.83
10/03/2022,2.37,2.55,3.4,3.86,6.95
09/30/2022,2.41,2.65,3.5,4.25,7.08
09/29/2022,2.45,2.81,3.6,4.49,7.2
09/28/2022,2.56,3.02,3.71,4.73,7.33
09/27/2022,2.61,3.21,3.8,4.98,7.46
09/26/2022,2.72,3.38,3.88,5.22,7.58
09/23/2022,2.88,3.56,3.96,5.46,7.7
09/22/2022,3.17,3.76,4.04,5.72,7.82
09/21/2022,3.48,3.93,4.16,5.96,7.94
09/20/2022,3.8,4.11,4.31,6.2,8.06
09/19/2022,4.04,4.26,4.51,6.43,8.17
09/16/2022,4.24,4.35,5.05,6.65,8.28
09/15/2022,4.35,4.39,5.33,6.85,8.38
09/14/2022,4.38,4.41,5.58,7.04,8.47
09/13/2022,4.43,4.39,5.86,7.23,8.57
09/12/2022,4.48,4.37,6.14,7.42,8.66
09/09/2022,4.46,4.35,6.42,7.6,8.75
09/08/2022,4.43,4.32,6.69,7.79,8.84
09/07/2022,4.43,4.38,6.97,7.97,8.93
09/06/2022,4.35,4.5,7.24,8.15,9.02
09/02/2022,4.26,4.76,7.51,8.33,9.11
09/01/2022,4.25,5.74,7.8,8.52,9.2
08/31/2022,4.21,6.27,8.08,8.71,9.29
08/30/2022,4.34,6.75,8.36,8.89,9.38
08/29/2022,4.65,7.34,8.65,9.08,9.48
08/26/2022,5.26,7.9,8.94,9.27,9.58
08/25/2022,7.24,8.48,9.23,9.46,9.67
08/24/2022,8.33,9.07,9.52,9.66,9.77
08/23/2022,9.17,9.55,9.76,9.81,9.84
08/22/2022,10.03,9.98,9.98,9.95,9.91
08/19/2022,10.55,10.26,10.12,10.05,9.96
08/18/2022,9.73,9.86,9.91,9.91,9.89
08/17/2022,9.81,9.9,9.93,9.92,9.89
08/16/2022,9.94,9.96,9.96,9.94,9.9
08/15/2022,9.93,9.96,9.95,9.94,9.9
08/12/2022,9.98,9.98,9.96,9.94,9.9
08/11/2022,9.99,9.98,9.96,9.94,9.9
08/10/2022,9.99,9.97,9.95,9.93,9.89
08/09/2022,9.98,9.97,9.95,9.93,9.89
08/08/2022,9.98,9.97,9.94,9.93,9.89
08/05/2022,9.97,9.97,9.94,9.92,9.89
08/04/2022,9.97,9.96,9.94,9.92,9.89
08/03/2022,9.96,9.96,9.93,9.91,9.89
08/02/2022,9.96,9.95,9.93,9.91,9.88
08/01/2022,9.96,9.95,9.93,9.9,9.88
07/29/2022,9.96,9.94,9.92,9.9,9.88
07/28/2022,9.96,9.94,9.92,9.9,9.88
07/27/2022,9.96,9.93,9.91,9.9,9.88
07/26/2022,9.94,9.92,9.91,9.89,9.88
07/25/2022,9.93,9.91,9.9,9.89,9.88
07/22/2022,9.92,9.91,9.9,9.89,9.88
07/21/2022,9.91,9.91,9.89,9.88,9.87
07/20/2022,9.9,9.9,9.89,9.88,9.87
07/19/2022,9.9,9.91,9.89,9.88,9.87
07/18/2022,9.89,9.91,9.88,9.88,9.87
07/13/2022,9.9,9.9,9.88,9.88,9.87
07/12/2022,9.9,9.9,9.88,9.88,9.87
07/11/2022,9.91,9.9,9.88,9.88,9.88
07/08/2022,9.92,9.9,9.88,9.87,9.88
07/07/2022,9.92,9.89,9.88,9.87,9.88
07/06/2022,9.91,9.89,9.88,9.87,9.87
07/05/2022,9.9,9.88,9.87,9.86,9.87
07/01/2022,9.89,9.87,9.87,9.86,9.87
06/30/2022,9.88,9.86,9.87,9.86,9.87
06/29/2022,9.87,9.86,9.87,9.86,9.87
06/28/2022,9.86,9.86,9.87,9.86,9.87
06/27/2022,9.85,9.86,9.86,9.86,9.87
06/23/2022,9.85,9.86,9.86,9.85,9.87
06/22/2022,9.85,9.86,9.86,9.86,9.88
06/21/2022,9.85,9.86,9.86,9.86,9.88
06/17/2022,9.86,9.87,9.86,9.86,9.88
06/16/2022,9.86,9.87,9.86,9.86,9.88
06/15/2022,9.87,9.87,9.86,9.86,9.88
06/14/2022,9.87,9.87,9.86,9.86,9.88
06/13/2022,9.88,9.87,9.86,9.86,9.88
06/10/2022,9.87,9.87,9.86,9.86,9.88
06/09/2022,9.87,9.87,9.85,9.86,9.88
06/08/2022,9.87,9.87,9.85,9.86,9.88
06/07/2022,9.87,9.86,9.85,9.86,9.88
06/06/2022,9.87,9.86,9.85,9.86,9.88
06/03/2022,9.87,9.85,9.85,9.87,9.88
06/02/2022,9.86,9.85,9.85,9.87,9.88
06/01/2022,9.86,9.85,9.85,9.87,9.88
05/31/2022,9.85,9.85,9.86,9.87,9.88
05/27/2022,9.85,9.85,9.86,9.87,9.88
05/26/2022,9.84,9.84,9.86,9.87,9.88
05/25/2022,9.84,9.84,9.86,9.87,9.88
05/24/2022,9.83,9.84,9.86,9.87,9.88
05/23/2022,9.84,9.84,9.87,9.88,9.88
05/20/2022,9.84,9.85,9.87,9.88,9.88
05/19/2022,9.85,9.85,9.87,9.88,9.88
05/18/2022,9.85,9.86,9.87,9.88,9.88
05/17/2022,9.84,9.86,9.88,9.89,9.88
05/16/2022,9.84,9.87,9.88,9.89,9.89
05/13/2022,9.85,9.87,9.88,9.89,9.89
05/12/2022,9.86,9.87,9.88,9.89,9.89
05/11/2022,9.87,9.88,9.89,9.89,9.89
05/10/2022,9.88,9.89,9.89,9.9,9.89
05/09/2022,9.89,9.89,9.9,9.9,9.88
05/06/2022,9.89,9.89,9.9,9.9,9.88
05/05/2022,9.89,9.89,9.9,9.9,9.88
05/04/2022,9.89,9.89,9.9,9.9,9.88
05/03/2022,9.89,9.89,9.9,9.9,9.88
05/02/2022,9.89,9.89,9.9,9.9,9.88
04/29/2022,9.89,9.89,9.9,9.9,9.88
04/28/2022,9.89,9.9,9.9,9.9,9.88
04/27/2022,9.89,9.89,9.9,9.9,9.88
04/26/2022,9.89,9.9,9.9,9.9,9.88
04/25/2022,9.89,9.9,9.9,9.9,9.88
04/22/2022,9.89,9.9,9.9,9.9,9.88
04/21/2022,9.9,9.9,9.9,9.9,9.87
04/20/2022,9.9,9.9,9.9,9.9,9.87
04/19/2022,9.91,9.91,9.91,9.9,9.87
04/18/2022,9.92,9.91,9.91,9.9,9.86
04/14/2022,9.92,9.91,9.91,9.9,9.86
04/13/2022,9.9,9.91,9.9,9.89,9.86
04/12/2022,9.91,9.9,9.9,9.89,9.85
04/11/2022,9.9,9.9,9.9,9.89,9.85
04/08/2022,9.89,9.89,9.89,9.89,9.85
04/07/2022,9.91,9.9,9.9,9.89,9.85
04/06/2022,9.91,9.9,9.9,9.89,9.85
04/05/2022,9.9,9.9,9.9,9.89,9.85
04/04/2022,9.9,9.9,9.89,9.88,9.85
04/01/2022,9.9,9.9,9.89,9.88,9.85
03/31/2022,9.9,9.9,9.89,9.88,9.85
03/30/2022,9.9,9.9,9.89,9.88,9.86
03/29/2022,9.91,9.9,9.89,9.88,9.86
03/28/2022,9.91,9.89,9.88,9.88,9.86
03/25/2022,9.91,9.89,9.88,9.87,9.86
03/24/2022,9.9,9.89,9.88,9.87,9.86
03/23/2022,9.89,9.89,9.88,9.87,9.86
03/22/2022,9.89,9.89,9.88,9.87,9.86
03/21/2022,9.88,9.88,9.87,9.86,9.86
03/18/2022,9.87,9.88,9.87,9.86,9.86
03/17/2022,9.89,9.88,9.87,9.86,9.86
03/16/2022,9.89,9.88,9.87,9.86,9.86
03/15/2022,9.89,9.87,9.87,9.86,9.85
03/14/2022,9.89,9.87,9.87,9.86,9.85
03/11/2022,9.88,9.87,9.86,9.86,9.85
03/10/2022,9.86,9.86,9.86,9.85,9.85
03/09/2022,9.86,9.86,9.86,9.85,9.85
03/08/2022,9.86,9.86,9.85,9.84,9.85
03/07/2022,9.86,9.86,9.85,9.83,9.85
03/04/2022,9.86,9.87,9.85,9.83,9.85
03/03/2022,9.86,9.87,9.85,9.82,9.86
03/02/2022,9.87,9.87,9.85,9.82,9.86
03/01/2022,9.87,9.86,9.85,9.82,9.86
02/28/2022,9.87,9.86,9.85,9.82,9.86
02/25/2022,9.87,9.85,9.85,9.82,9.86
02/24/2022,9.87,9.85,9.85,9.82,9.86
02/23/2022,9.86,9.85,9.84,9.82,9.86
02/22/2022,9.86,9.84,9.83,9.82,9.86
02/18/2022,9.85,9.84,9.82,9.82,9.86
02/17/2022,9.83,9.84,9.81,9.83,9.86
02/16/2022,9.83,9.84,9.8,9.83,9.87
02/15/2022,9.83,9.84,9.8,9.83,9.87
02/14/2022,9.83,9.84,9.8,9.84,9.87
02/11/2022,9.83,9.84,9.79,9.84,9.87
02/10/2022,9.84,9.84,9.8,9.84,9.88
02/09/2022,9.84,9.84,9.8,9.85,9.88
02/08/2022,9.85,9.84,9.81,9.85,9.88
02/07/2022,9.85,9.81,9.81,9.85,9.88
02/04/2022,9.85,9.79,9.81,9.85,9.89
02/03/2022,9.84,9.78,9.82,9.85,9.89
02/02/2022,9.84,9.77,9.82,9.85,9.89
02/01/2022,9.82,9.75,9.83,9.85,9.89
01/31/2022,9.77,9.75,9.83,9.85,9.89
01/28/2022,9.73,9.75,9.84,9.85,9.89
01/27/2022,9.71,9.75,9.85,9.85,9.9
01/26/2022,9.69,9.76,9.85,9.85,9.9
01/25/2022,9.69,9.78,9.85,9.86,9.9
01/24/2022,9.72,9.81,9.87,9.87,9.91
01/21/2022,9.76,9.84,9.88,9.88,9.91
01/20/2022,9.79,9.86,9.89,9.88,9.92
01/19/2022,9.83,9.88,9.9,9.89,9.92
01/18/2022,9.86,9.9,9.9,9.89,9.92
01/14/2022,9.89,9.92,9.9,9.9,9.92
01/13/2022,9.91,9.93,9.9,9.9,9.92
01/12/2022,9.93,9.94,9.9,9.9,9.92
01/11/2022,9.93,9.94,9.9,9.9,9.92
01/10/2022,9.94,9.93,9.9,9.9,9.92
01/07/2022,9.94,9.93,9.89,9.9,9.92
01/06/2022,9.94,9.92,9.89,9.9,9.92
01/05/2022,9.95,9.92,9.89,9.9,9.92
01/04/2022,9.95,9.91,9.89,9.9,9.91
01/03/2022,9.93,9.9,9.89,9.9,9.91
12/31/2021,9.91,9.88,9.89,9.9,9.91
12/30/2021,9.9,9.87,9.88,9.91,9.91
12/29/2021,9.88,9.86,9.88,9.91,9.9
12/28/2021,9.87,9.86,9.88,9.91,9.9
12/27/2021,9.86,9.86,9.89,9.91,9.9
12/23/2021,9.85,9.86,9.89,9.92,9.9
12/22/2021,9.84,9.87,9.89,9.92,9.9
12/21/2021,9.84,9.87,9.89,9.92,9.9
12/20/2021,9.85,9.88,9.9,9.93,9.9
12/17/2021,9.86,9.88,9.91,9.93,9.9
12/16/2021,9.88,9.89,9.92,9.94,9.9
12/15/2021,9.89,9.9,9.92,9.94,9.9
12/14/2021,9.9,9.9,9.93,9.94,9.9
12/13/2021,9.91,9.91,9.94,9.95,9.9
12/10/2021,9.9,9.91,9.94,9.95,9.9
12/09/2021,9.9,9.91,9.94,9.95,9.9
12/08/2021,9.9,9.91,9.95,9.95,9.9
12/07/2021,9.91,9.91,9.95,9.95,9.9
12/06/2021,9.91,9.92,9.95,9.95,9.89
12/03/2021,9.91,9.93,9.95,9.95,9.89
12/02/2021,9.92,9.94,9.96,9.95,9.89
12/01/2021,9.92,9.95,9.96,9.95,9.89
11/30/2021,9.92,9.96,9.96,9.95,9.89
11/29/2021,9.93,9.96,9.97,9.94,9.89
11/26/2021,9.95,9.97,9.97,9.94,9.89
11/24/2021,9.97,9.98,9.97,9.94,9.89
11/23/2021,9.98,9.99,9.97,9.93,9.88
11/22/2021,9.99,9.99,9.97,9.93,9.88
11/19/2021,9.99,9.98,9.96,9.92,9.88
11/18/2021,9.99,9.98,9.96,9.92,9.87
11/17/2021,9.99,9.97,9.95,9.91,9.87
11/16/2021,9.99,9.97,9.94,9.91,9.87
11/15/2021,9.99,9.97,9.94,9.9,9.86
11/12/2021,9.97,9.97,9.93,9.89,9.86
11/11/2021,9.96,9.96,9.93,9.89,9.86
11/10/2021,9.96,9.96,9.92,9.89,9.85
11/09/2021,9.96,9.95,9.91,9.88,9.85
11/08/2021,9.96,9.95,9.9,9.88,9.85
11/05/2021,9.97,9.95,9.89,9.88,9.85
11/04/2021,9.97,9.94,9.89,9.87,9.85
11/03/2021,9.96,9.93,9.88,9.86,9.84
11/02/2021,9.95,9.91,9.87,9.86,9.84
11/01/2021,9.94,9.91,9.86,9.86,9.84
10/29/2021,9.93,9.89,9.86,9.85,9.84
10/28/2021,9.92,9.89,9.85,9.85,9.84
10/27/2021,9.9,9.88,9.85,9.84,9.84
10/26/2021,9.88,9.87,9.85,9.84,9.83
10/25/2021,9.87,9.85,9.84,9.84,9.83
10/22/2021,9.86,9.84,9.84,9.84,9.83
10/21/2021,9.86,9.84,9.84,9.84,9.83
10/20/2021,9.86,9.83,9.83,9.84,9.83
10/19/2021,9.85,9.83,9.83,9.84,9.83
10/18/2021,9.83,9.82,9.83,9.84,9.83
10/15/2021,9.82,9.82,9.83,9.84,9.83
10/14/2021,9.81,9.81,9.83,9.84,9.83
10/13/2021,9.81,9.82,9.83,9.84,9.84
10/12/2021,9.81,9.83,9.83,9.84,9.84
10/11/2021,9.82,9.84,9.83,9.83,9.84
10/08/2021,9.82,9.84,9.84,9.83,9.84
10/07/2021,9.81,9.84,9.84,9.83,9.84
10/06/2021,9.84,9.83,9.84,9.83,9.85
10/05/2021,9.84,9.83,9.85,9.83,9.85
10/04/2021,9.86,9.84,9.85,9.82,9.85
10/01/2021,9.87,9.84,9.85,9.82,9.86
09/30/2021,9.86,9.84,9.85,9.83,9.86
09/29/2021,9.83,9.83,9.84,9.82,9.86
09/28/2021,9.82,9.83,9.84,9.82,9.86
09/27/2021,9.81,9.83,9.83,9.82,9.87
09/24/2021,9.81,9.84,9.83,9.82,9.87
09/23/2021,9.82,9.84,9.83,9.82,0.0
09/22/2021,9.84,9.85,9.82,9.82,0.0
09/21/2021,9.84,9.86,9.82,9.82,0.0
09/20/2021,9.85,9.86,9.82,9.82,0.0
09/17/2021,9.86,9.87,9.82,9.82,0.0
09/16/2021,9.86,9.86,9.82,9.83,0.0
09/15/2021,9.86,9.85,9.82,9.83,0.0
09/14/2021,9.87,9.84,9.82,9.83,0.0
09/13/2021,9.87,9.83,9.81,9.83,0.0
09/10/2021,9.87,9.82,9.81,9.82,0.0
09/09/2021,9.86,9.81,9.81,9.82,0.0
09/08/2021,9.84,9.8,9.81,9.82,0.0
09/07/2021,9.82,9.79,9.81,9.82,0.0
09/03/2021,9.8,9.78,9.81,9.82,0.0
09/02/2021,9.77,9.77,9.8,9.83,0.0
09/01/2021,9.75,9.77,9.81,9.83,0.0
08/31/2021,9.75,9.78,9.81,9.84,0.0
08/30/2021,9.75,9.79,9.82,9.84,0.0
08/27/2021,9.76,9.8,9.82,9.84,0.0
08/26/2021,9.77,9.8,9.83,9.85,0.0
08/25/2021,9.79,9.82,9.83,9.86,0.0
08/24/2021,9.82,9.83,9.84,9.87,0.0
08/23/2021,9.83,9.83,9.84,9.87,0.0
08/20/2021,9.83,9.83,9.85,9.88,0.0
08/19/2021,9.84,9.84,9.85,9.89,0.0
08/18/2021,9.84,9.84,9.86,9.89,0.0
08/17/2021,9.84,9.84,9.86,9.9,0.0
08/16/2021,9.83,9.85,9.86,9.9,0.0
08/13/2021,9.83,9.85,9.87,9.91,0.0
08/12/2021,9.84,9.85,9.87,9.92,0.0
08/11/2021,9.84,9.85,9.88,0.0,0.0
08/10/2021,9.85,9.85,9.89,0.0,0.0
08/09/2021,9.86,9.85,9.9,0.0,0.0
08/06/2021,9.86,9.86,9.9,0.0,0.0
08/05/2021,9.86,9.87,9.91,0.0,0.0
08/04/2021,9.86,9.88,9.92,0.0,0.0
08/03/2021,9.85,9.88,9.92,0.0,0.0
08/02/2021,9.85,9.88,9.93,0.0,0.0
07/30/2021,9.86,9.88,9.94,0.0,0.0
07/29/2021,9.88,9.89,9.95,0.0,0.0
07/28/2021,9.9,9.91,0.0,0.0,0.0
07/27/2021,9.91,9.92,0.0,0.0,0.0
07/26/2021,9.91,9.94,0.0,0.0,0.0
07/23/2021,9.91,9.95,0.0,0.0,0.0
07/22/2021,9.91,9.96,0.0,0.0,0.0
07/21/2021,9.92,9.96,0.0,0.0,0.0
07/20/2021,9.94,9.97,0.0,0.0,0.0
07/19/2021,9.97,9.99,0.0,0.0,0.0
07/16/2021,9.99,10.0,0.0,0.0,0.0
07/15/2021,10.0,10.01,0.0,0.0,0.0
07/14/2021,10.0,0.0,0.0,0.0,0.0
07/13/2021,10.0,0.0,0.0,0.0,0.0
07/12/2021,10.01,0.0,0.0,0.0,0.0
07/09/2021,10.01,0.0,0.0,0.0,0.0
07/08/2021,10.02,0.0,0.0,0.0,0.0
07/07/2021,0.0,0.0,0.0,0.0,0.0
07/06/2021,0.0,0.0,0.0,0.0,0.0
07/02/2021,0.0,0.0,0.0,0.0,0.0
07/01/2021,0.0,0.0,0.0,0.0,0.0
