12/30/2022,2.13,2.09,2.11,2.17,2.22
12/29/2022,2.15,2.08,2.12,2.18,2.21
12/28/2022,2.14,2.08,2.13,2.19,2.21
12/27/2022,2.12,2.07,2.13,2.2,2.21
12/23/2022,2.08,2.07,2.14,2.22,2.21
12/22/2022,2.05,2.07,2.14,2.23,2.2
12/21/2022,2.02,2.07,2.15,2.23,2.19
12/20/2022,2.01,2.08,2.16,2.24,2.19
12/19/2022,2.03,2.11,2.17,2.26,2.18
12/16/2022,2.07,2.13,2.19,2.26,2.18
12/15/2022,2.08,2.14,2.21,2.27,2.18
12/14/2022,2.12,2.15,2.23,2.28,2.17
12/13/2022,2.15,2.18,2.25,2.28,2.17
12/12/2022,2.18,2.18,2.27,2.29,2.17
12/09/2022,2.19,2.2,2.29,2.3,2.17
12/08/2022,2.19,2.22,2.31,2.31,2.17
12/07/2022,2.19,2.23,2.32,2.31,2.16
12/06/2022,2.2,2.24,2.32,2.32,2.16
12/05/2022,2.19,2.24,2.33,2.33,2.16
12/02/2022,2.22,2.26,2.33,2.34,2.16
12/01/2022,2.25,2.27,2.34,2.34,2.16
11/30/2022,2.27,2.31,2.34,2.34,2.16
11/29/2022,2.27,2.33,2.34,2.33,2.15
11/28/2022,2.29,2.35,2.35,2.33,2.15
11/25/2022,2.3,2.38,2.35,2.33,2.15
11/23/2022,2.3,2.39,2.35,2.32,2.15
11/22/2022,2.35,2.41,2.36,2.31,2.14
11/21/2022,2.38,2.41,2.36,2.3,2.14
11/18/2022,2.42,2.42,2.37,2.29,2.14
11/17/2022,2.45,2.41,2.38,2.28,2.14
11/16/2022,2.48,2.4,2.37,2.27,2.14
11/15/2022,2.47,2.37,2.35,2.25,2.13
11/14/2022,2.44,2.35,2.34,2.23,2.13
11/11/2022,2.43,2.35,2.32,2.22,2.13
11/10/2022,2.37,2.33,2.3,2.19,2.13
11/09/2022,2.31,2.31,2.28,2.17,2.13
11/08/2022,2.28,2.31,2.25,2.15,2.13
11/07/2022,2.26,2.32,2.24,2.13,2.14
11/04/2022,2.26,2.32,2.22,2.11,2.14
11/03/2022,2.29,2.34,2.21,2.1,2.15
11/02/2022,2.31,2.34,2.2,2.08,2.15
11/01/2022,2.34,2.33,2.18,2.07,2.15
10/31/2022,2.37,2.32,2.17,2.06,2.15
10/28/2022,2.37,2.3,2.15,2.05,2.15
10/27/2022,2.4,2.27,2.13,2.04,2.15
10/26/2022,2.38,2.24,2.1,2.03,2.15
10/25/2022,2.33,2.2,2.07,2.01,2.15
10/24/2022,2.28,2.16,2.03,2.0,2.15
10/21/2022,2.23,2.13,2.01,2.0,2.15
10/20/2022,2.15,2.08,1.97,1.98,2.15
10/19/2022,2.11,2.05,1.95,1.98,2.15
10/18/2022,2.07,2.03,1.94,1.97,2.15
10/17/2022,2.04,2.01,1.93,1.97,2.16
10/14/2022,2.03,2.0,1.92,1.97,2.17
10/13/2022,2.01,1.98,1.92,1.97,2.18
10/12/2022,2.0,1.95,1.92,1.98,2.18
10/11/2022,2.0,1.93,1.92,1.98,2.19
10/10/2022,1.99,1.91,1.92,1.98,2.2
10/07/2022,1.98,1.88,1.93,1.99,2.21
10/06/2022,1.95,1.86,1.93,2.0,2.22
10/05/2022,1.9,1.85,1.94,2.01,2.23
10/04/2022,1.87,1.84,1.94,2.02,2.24
10/03/2022,1.83,1.84,1.95,2.03,2.25
09/30/2022,1.78,1.84,1.95,2.04,2.25
09/29/2022,1.78,1.86,1.97,2.06,2.26
09/28/2022,1.8,1.88,1.99,2.09,2.26
09/27/2022,1.82,1.91,2.0,2.11,2.27
09/26/2022,1.86,1.94,2.02,2.14,2.27
09/23/2022,1.9,1.97,2.04,2.17,2.28
09/22/2022,1.94,2.0,2.06,2.19,2.28
09/21/2022,1.97,2.03,2.09,2.21,2.28
09/20/2022,2.0,2.04,2.1,2.23,2.28
09/19/2022,2.02,2.05,2.12,2.25,2.28
09/16/2022,2.05,2.07,2.14,2.26,2.28
09/15/2022,2.07,2.08,2.17,2.27,2.28
09/14/2022,2.08,2.09,2.19,2.28,2.28
09/13/2022,2.09,2.1,2.21,2.29,2.27
09/12/2022,2.09,2.11,2.24,2.3,2.27
09/09/2022,2.09,2.11,2.27,2.31,2.27
09/08/2022,2.09,2.13,2.29,2.32,2.26
09/07/2022,2.1,2.16,2.31,2.33,2.26
09/06/2022,2.11,2.16,2.32,2.34,2.25
09/02/2022,2.12,2.18,2.34,2.34,2.25
09/01/2022,2.13,2.21,2.35,2.36,2.25
08/31/2022,2.16,2.26,2.37,2.38,2.25
08/30/2022,2.21,2.29,2.37,2.39,2.24
08/29/2022,2.21,2.32,2.39,2.41,2.24
08/26/2022,2.23,2.38,2.4,2.42,2.24
08/25/2022,2.29,2.43,2.41,2.44,2.24
08/24/2022,2.35,2.46,2.42,2.44,2.24
08/23/2022,2.38,2.46,2.41,2.45,2.24
08/22/2022,2.43,2.48,2.42,2.46,2.24
08/19/2022,2.54,2.5,2.43,2.47,2.23
08/18/2022,2.57,2.5,2.43,2.47,2.23
08/17/2022,2.57,2.48,2.44,2.45,2.22
08/16/2022,2.55,2.45,2.44,2.44,2.21
08/15/2022,2.54,2.46,2.45,2.43,2.2
08/12/2022,2.47,2.41,2.44,2.4,2.19
08/11/2022,2.42,2.39,2.44,2.38,2.18
08/10/2022,2.39,2.38,2.44,2.37,2.17
08/09/2022,2.36,2.37,2.44,2.35,2.17
08/08/2022,2.37,2.36,2.45,2.33,2.16
08/05/2022,2.35,2.35,2.45,2.32,2.15
08/04/2022,2.36,2.37,2.45,2.3,2.14
08/03/2022,2.36,2.41,2.44,2.29,2.14
08/02/2022,2.37,2.43,2.43,2.27,2.14
08/01/2022,2.35,2.45,2.41,2.26,2.14
07/29/2022,2.36,2.48,2.4,2.25,2.15
07/28/2022,2.38,2.49,2.38,2.23,2.15
07/27/2022,2.45,2.5,2.36,2.21,2.15
07/26/2022,2.5,2.51,2.34,2.18,2.15
07/25/2022,2.55,2.53,2.32,2.17,2.16
07/22/2022,2.6,2.54,2.3,2.16,2.16
07/21/2022,2.59,2.53,2.27,2.14,2.16
07/20/2022,2.55,2.48,2.23,2.11,2.16
07/19/2022,2.53,2.42,2.19,2.09,2.16
07/18/2022,2.52,2.38,2.16,2.08,2.17
07/15/2022,2.49,2.31,2.13,2.06,2.17
07/14/2022,2.47,2.27,2.1,2.04,2.17
07/13/2022,2.4,2.22,2.06,2.03,2.18
07/12/2022,2.32,2.16,2.02,2.02,2.18
07/11/2022,2.24,2.11,1.99,2.01,2.19
07/08/2022,2.14,2.05,1.96,2.0,2.19
07/07/2022,2.06,2.0,1.94,1.99,2.19
07/06/2022,2.04,1.98,1.93,1.98,2.2
07/05/2022,2.01,1.96,1.93,1.98,2.21
07/01/2022,1.98,1.95,1.92,1.97,2.22
06/30/2022,1.96,1.95,1.93,1.97,2.24
06/29/2022,1.94,1.93,1.93,1.97,2.26
06/28/2022,1.92,1.9,1.94,1.97,2.28
06/27/2022,1.91,1.88,1.95,1.98,2.3
06/24/2022,1.92,1.87,1.96,1.98,2.32
06/23/2022,1.94,1.88,1.98,1.98,2.34
06/22/2022,1.93,1.88,1.98,1.98,2.36
06/21/2022,1.89,1.89,1.99,1.99,2.38
06/17/2022,1.84,1.89,1.99,2.01,2.41
06/16/2022,1.81,1.9,1.99,2.02,2.43
06/15/2022,1.81,1.91,1.99,2.04,2.45
06/14/2022,1.83,1.93,2.0,2.07,2.48
06/13/2022,1.88,1.98,2.01,2.09,2.51
06/10/2022,1.94,2.03,2.04,2.12,2.54
06/09/2022,1.98,2.06,2.04,2.15,2.56
06/08/2022,2.01,2.07,2.03,2.17,2.58
06/07/2022,2.02,2.08,2.04,2.19,2.6
06/06/2022,2.07,2.09,2.04,2.21,2.63
06/03/2022,2.12,2.09,2.06,2.23,2.66
06/02/2022,2.14,2.08,2.08,2.26,2.68
06/01/2022,2.14,2.06,2.11,2.28,2.7
05/31/2022,2.13,2.06,2.14,2.3,2.73
05/27/2022,2.11,2.04,2.15,2.32,2.74
05/26/2022,2.05,2.04,2.17,2.34,2.76
05/25/2022,2.01,2.02,2.19,2.36,2.78
05/24/2022,1.98,1.99,2.22,2.38,2.8
05/23/2022,2.0,2.0,2.25,2.4,2.83
05/20/2022,1.98,2.0,2.27,2.42,2.85
05/19/2022,2.03,2.04,2.31,2.44,2.87
05/18/2022,2.03,2.09,2.35,2.47,2.89
05/17/2022,2.0,2.16,2.39,2.51,2.91
05/16/2022,2.0,2.21,2.42,2.54,2.93
05/13/2022,2.02,2.26,2.46,2.58,2.95
05/12/2022,2.05,2.3,2.48,2.62,2.96
05/11/2022,2.16,2.37,2.53,2.66,2.98
05/10/2022,2.32,2.45,2.58,2.71,3.0
05/09/2022,2.41,2.49,2.6,2.74,3.02
05/06/2022,2.5,2.55,2.63,2.78,3.03
05/05/2022,2.55,2.58,2.64,2.8,3.04
05/04/2022,2.58,2.6,2.66,2.83,3.05
05/03/2022,2.57,2.61,2.68,2.86,3.05
05/02/2022,2.57,2.64,2.71,2.89,3.05
04/29/2022,2.59,2.66,2.74,2.92,3.05
04/28/2022,2.6,2.67,2.78,2.95,3.06
04/27/2022,2.62,2.69,2.81,2.97,3.06
04/26/2022,2.65,2.7,2.84,2.99,3.06
04/25/2022,2.7,2.71,2.87,3.02,3.07
04/22/2022,2.73,2.71,2.89,3.05,3.07
04/21/2022,2.74,2.71,2.92,3.08,3.07
04/20/2022,2.77,2.73,2.95,3.11,3.08
04/19/2022,2.76,2.75,2.99,3.13,3.09
04/18/2022,2.71,2.79,3.02,3.15,3.09
04/14/2022,2.68,2.82,3.05,3.17,3.1
04/13/2022,2.68,2.88,3.08,3.19,3.11
04/12/2022,2.69,2.93,3.11,3.21,3.12
04/11/2022,2.75,2.97,3.14,3.23,3.14
04/08/2022,2.86,3.03,3.18,3.26,3.16
04/07/2022,2.96,3.08,3.23,3.28,3.18
04/06/2022,3.08,3.12,3.27,3.29,3.2
04/05/2022,3.16,3.17,3.31,3.31,3.22
04/04/2022,3.19,3.22,3.32,3.31,3.23
04/01/2022,3.19,3.25,3.33,3.31,3.24
03/31/2022,3.2,3.28,3.34,3.31,3.25
03/30/2022,3.17,3.28,3.34,3.31,3.26
03/29/2022,3.18,3.29,3.35,3.3,3.27
03/28/2022,3.24,3.31,3.36,3.3,3.28
03/25/2022,3.31,3.33,3.38,3.29,3.3
03/24/2022,3.37,3.38,3.38,3.28,3.31
03/23/2022,3.4,3.41,3.38,3.28,3.32
03/22/2022,3.4,3.44,3.37,3.26,3.33
03/21/2022,3.37,3.43,3.36,3.24,3.34
03/18/2022,3.34,3.4,3.34,3.21,3.35
03/17/2022,3.38,3.39,3.33,3.19,3.36
03/16/2022,3.41,3.39,3.32,3.17,3.37
03/15/2022,3.47,3.4,3.31,3.15,3.38
03/14/2022,3.48,3.41,3.29,3.13,3.38
03/11/2022,3.47,3.43,3.28,3.11,3.39
03/10/2022,3.4,3.39,3.24,3.08,3.38
03/09/2022,3.37,3.35,3.21,3.06,3.38
03/08/2022,3.33,3.31,3.17,3.04,3.38
03/07/2022,3.33,3.29,3.14,3.04,3.39
03/04/2022,3.39,3.27,3.11,3.03,3.4
03/03/2022,3.37,3.26,3.08,3.04,3.4
03/02/2022,3.32,3.24,3.05,3.04,3.4
03/01/2022,3.28,3.21,3.02,3.04,3.4
02/28/2022,3.24,3.18,3.0,3.05,3.4
02/25/2022,3.16,3.12,2.96,3.06,3.4
02/24/2022,3.15,3.09,2.93,3.08,3.41
02/23/2022,3.15,3.08,2.92,3.11,3.42
02/22/2022,3.14,3.04,2.91,3.13,3.42
02/18/2022,3.12,3.0,2.91,3.15,3.43
02/17/2022,3.09,2.95,2.92,3.17,3.44
02/16/2022,3.04,2.91,2.93,3.18,3.46
02/15/2022,3.0,2.86,2.94,3.21,3.48
02/14/2022,2.94,2.83,2.95,3.24,3.49
02/11/2022,2.88,2.81,2.99,3.27,3.51
02/10/2022,2.82,2.79,3.03,3.3,3.53
02/09/2022,2.77,2.76,3.08,3.33,3.56
02/08/2022,2.73,2.76,3.13,3.36,3.58
02/07/2022,2.73,2.78,3.18,3.4,3.6
02/04/2022,2.74,2.83,3.23,3.45,3.63
02/03/2022,2.76,2.88,3.27,3.5,3.66
02/02/2022,2.75,2.95,3.32,3.54,3.69
02/01/2022,2.78,3.01,3.38,3.58,3.72
01/31/2022,2.84,3.07,3.44,3.61,3.76
01/28/2022,2.92,3.16,3.5,3.63,3.79
01/27/2022,2.99,3.27,3.55,3.66,3.81
01/26/2022,3.15,3.39,3.61,3.69,3.84
01/25/2022,3.23,3.49,3.66,3.71,3.85
01/24/2022,3.3,3.57,3.71,3.72,3.86
01/21/2022,3.41,3.62,3.76,3.74,3.86
01/20/2022,3.54,3.67,3.81,3.76,3.87
01/19/2022,3.64,3.7,3.84,3.76,3.87
01/18/2022,3.76,3.75,3.87,3.76,3.87
01/14/2022,3.84,3.81,3.88,3.76,3.87
01/13/2022,3.83,3.83,3.87,3.75,3.87
01/12/2022,3.8,3.84,3.85,3.74,3.86
01/11/2022,3.75,3.84,3.84,3.73,3.85
01/10/2022,3.74,3.83,3.81,3.73,3.85
01/07/2022,3.77,3.85,3.8,3.71,3.84
01/06/2022,3.82,3.9,3.8,3.71,3.84
01/05/2022,3.88,3.95,3.8,3.72,3.83
01/04/2022,3.92,3.99,3.8,3.73,3.83
01/03/2022,3.93,3.99,3.77,3.75,3.82
12/31/2021,3.93,3.95,3.74,3.75,3.81
12/30/2021,3.97,3.91,3.71,3.76,3.8
12/29/2021,4.02,3.87,3.69,3.77,3.8
12/28/2021,4.05,3.84,3.68,3.78,3.79
12/27/2021,4.05,3.8,3.67,3.79,3.79
12/23/2021,3.96,3.75,3.65,3.8,3.78
12/22/2021,3.85,3.7,3.62,3.81,3.77
12/21/2021,3.72,3.66,3.6,3.83,3.77
12/20/2021,3.62,3.61,3.61,3.85,3.76
12/17/2021,3.54,3.56,3.64,3.87,3.76
12/16/2021,3.53,3.53,3.66,3.91,3.77
12/15/2021,3.54,3.52,3.69,3.95,3.77
12/14/2021,3.59,3.51,3.72,3.97,3.77
12/13/2021,3.6,3.53,3.75,3.98,3.77
12/10/2021,3.57,3.55,3.79,3.99,3.77
12/09/2021,3.53,3.54,3.83,3.99,3.76
12/08/2021,3.49,3.55,3.86,3.99,3.76
12/07/2021,3.43,3.54,3.91,3.98,3.76
12/06/2021,3.45,3.6,3.96,3.98,3.76
12/03/2021,3.53,3.72,4.02,3.98,3.76
12/02/2021,3.55,3.78,4.1,3.98,3.76
12/01/2021,3.61,3.86,4.17,3.98,3.77
11/30/2021,3.65,3.93,4.2,3.98,3.77
11/29/2021,3.75,3.98,4.21,3.97,3.78
11/26/2021,3.9,4.03,4.22,3.97,3.78
11/24/2021,4.0,4.11,4.21,3.97,3.78
11/23/2021,4.11,4.18,4.2,3.96,3.78
11/22/2021,4.2,4.28,4.2,3.95,3.78
11/19/2021,4.2,4.32,4.17,3.93,3.78
11/18/2021,4.16,4.32,4.11,3.89,3.76
11/17/2021,4.22,4.42,4.09,3.87,3.75
11/16/2021,4.25,4.49,4.05,3.85,3.74
11/15/2021,4.36,4.47,4.01,3.82,3.72
11/12/2021,4.44,4.45,3.97,3.8,3.71
11/11/2021,4.48,4.4,3.93,3.78,3.69
11/10/2021,4.62,4.31,3.89,3.76,3.68
11/09/2021,4.72,4.23,3.85,3.73,3.66
11/08/2021,4.58,4.12,3.78,3.7,3.64
11/05/2021,4.45,4.02,3.73,3.68,3.63
11/04/2021,4.31,3.91,3.68,3.66,3.62
11/03/2021,4.0,3.75,3.6,3.62,3.6
11/02/2021,3.74,3.61,3.53,3.58,3.59
11/01/2021,3.66,3.55,3.5,3.57,3.59
10/29/2021,3.6,3.5,3.48,3.55,3.59
10/28/2021,3.5,3.47,3.47,3.54,3.59
10/27/2021,3.5,3.47,3.48,3.54,3.6
10/26/2021,3.48,3.47,3.48,3.54,3.61
10/25/2021,3.45,3.45,3.5,3.53,3.62
10/22/2021,3.4,3.43,3.51,3.53,3.63
10/21/2021,3.43,3.45,3.53,3.54,3.64
10/20/2021,3.45,3.45,3.56,3.54,3.66
10/19/2021,3.45,3.44,3.57,3.55,3.66
10/18/2021,3.46,3.45,3.58,3.57,3.67
10/15/2021,3.47,3.47,3.58,3.58,3.68
10/14/2021,3.47,3.48,3.58,3.59,3.69
10/13/2021,3.45,3.48,3.57,3.59,3.7
10/12/2021,3.43,3.5,3.57,3.6,3.7
10/11/2021,3.44,3.54,3.57,3.61,3.71
10/08/2021,3.47,3.58,3.58,3.63,3.72
10/07/2021,3.49,3.62,3.58,3.63,3.73
10/06/2021,3.51,3.67,3.59,3.63,3.74
10/05/2021,3.57,3.7,3.61,3.63,3.76
10/04/2021,3.65,3.71,3.63,3.63,3.78
10/01/2021,3.7,3.69,3.64,3.62,3.79
09/30/2021,3.75,3.68,3.65,3.61,3.8
09/29/2021,3.82,3.67,3.65,3.61,3.82
09/28/2021,3.82,3.64,3.65,3.59,3.84
09/27/2021,3.78,3.6,3.65,3.58,3.85
09/24/2021,3.68,3.57,3.65,3.58,3.86
09/23/2021,3.61,3.55,3.64,3.58,3.87
09/22/2021,3.51,3.51,3.61,3.58,3.89
09/21/2021,3.47,3.52,3.6,3.59,3.91
09/20/2021,3.42,3.54,3.59,3.6,3.93
09/17/2021,3.47,3.59,3.58,3.62,3.96
09/16/2021,3.48,3.61,3.57,3.64,3.98
09/15/2021,3.51,3.63,3.58,3.66,4.0
09/14/2021,3.57,3.67,3.57,3.68,4.02
09/13/2021,3.66,3.7,3.58,3.7,4.05
09/10/2021,3.7,3.73,3.59,3.72,4.08
09/09/2021,3.74,3.74,3.6,3.75,4.11
09/08/2021,3.75,3.72,3.62,3.77,4.15
09/07/2021,3.76,3.68,3.63,3.77,4.19
09/03/2021,3.75,3.63,3.64,3.77,4.21
09/02/2021,3.75,3.58,3.64,3.77,4.25
09/01/2021,3.74,3.53,3.65,3.79,4.27
08/31/2021,3.68,3.52,3.67,3.8,4.31
08/30/2021,3.6,3.47,3.69,3.81,4.34
08/27/2021,3.52,3.45,3.7,3.8,4.36
08/26/2021,3.41,3.45,3.72,3.81,4.37
08/25/2021,3.33,3.47,3.75,3.82,4.39
08/24/2021,3.37,3.52,3.79,3.85,4.41
08/23/2021,3.34,3.57,3.81,3.89,4.43
08/20/2021,3.39,3.64,3.84,3.93,4.45
08/19/2021,3.49,3.71,3.87,3.97,4.47
08/18/2021,3.6,3.77,3.91,4.0,4.48
08/17/2021,3.67,3.82,3.94,4.03,4.49
08/16/2021,3.8,3.9,3.97,4.08,4.5
08/13/2021,3.89,3.95,3.98,4.11,4.52
08/12/2021,3.92,4.0,3.99,4.14,4.52
08/11/2021,3.93,4.03,4.0,4.16,4.52
08/10/2021,3.97,4.07,4.02,4.19,4.52
08/09/2021,4.0,4.05,4.04,4.22,4.52
08/06/2021,4.02,4.04,4.07,4.25,4.52
08/05/2021,4.08,4.04,4.1,4.29,4.52
08/04/2021,4.13,4.06,4.12,4.32,4.52
08/03/2021,4.17,4.07,4.14,4.34,4.52
08/02/2021,4.11,4.04,4.17,4.36,4.54
07/30/2021,4.07,4.01,4.19,4.39,4.55
07/29/2021,4.0,3.98,4.21,4.44,4.56
07/28/2021,3.98,3.97,4.23,4.48,4.58
07/27/2021,3.97,3.96,4.25,4.54,4.61
07/26/2021,3.98,4.03,4.31,4.6,4.65
07/23/2021,3.94,4.1,4.36,4.66,4.69
07/22/2021,3.95,4.15,4.41,4.72,4.72
07/21/2021,3.96,4.18,4.45,4.76,4.76
07/20/2021,3.96,4.21,4.48,4.81,4.8
07/19/2021,4.09,4.31,4.52,4.86,4.83
07/16/2021,4.25,4.38,4.59,4.92,4.86
07/15/2021,4.35,4.44,4.67,4.94,4.88
07/14/2021,4.39,4.48,4.73,4.96,4.9
07/13/2021,4.46,4.54,4.82,4.97,4.93
07/12/2021,4.52,4.58,4.88,4.97,4.97
07/09/2021,4.51,4.62,4.94,4.97,5.0
07/08/2021,4.52,4.67,5.0,4.97,5.07
07/07/2021,4.57,4.73,5.06,4.96,5.15
07/06/2021,4.61,4.75,5.11,4.94,5.22
07/02/2021,4.63,4.74,5.14,4.92,5.3
07/01/2021,4.73,4.79,5.18,4.92,5.38
06/30/2021,4.83,4.9,5.19,4.9,5.47
06/29/2021,4.88,4.98,5.19,4.88,5.56
06/28/2021,4.88,5.11,5.19,4.85,5.69
06/25/2021,4.84,5.19,5.17,4.82,5.8
06/24/2021,4.86,5.26,5.15,4.78,5.9
06/23/2021,4.98,5.33,5.12,4.75,6.0
06/22/2021,5.08,5.39,5.08,4.72,6.11
06/21/2021,5.34,5.47,5.04,4.71,6.21
06/18/2021,5.54,5.55,5.02,4.71,6.3
06/17/2021,5.66,5.57,4.99,4.7,6.36
06/16/2021,5.68,5.48,4.9,4.69,6.41
06/15/2021,5.69,5.41,4.84,4.69,6.46
06/14/2021,5.59,5.27,4.72,4.68,6.5
06/11/2021,5.56,5.16,4.64,4.7,6.55
06/10/2021,5.49,5.03,4.54,4.71,6.61
06/09/2021,5.28,4.9,4.46,4.73,6.67
06/08/2021,5.12,4.77,4.39,4.76,6.75
06/07/2021,4.94,4.61,4.33,4.79,6.84
06/04/2021,4.75,4.48,4.29,4.79,6.93
06/03/2021,4.57,4.4,4.27,4.8,7.02
06/02/2021,4.53,4.33,4.29,4.83,7.12
06/01/2021,4.41,4.27,4.33,4.85,7.22
05/28/2021,4.28,4.18,4.39,4.89,7.31
05/27/2021,4.22,4.11,4.47,4.96,7.37
05/26/2021,4.22,4.05,4.56,5.04,7.44
05/25/2021,4.13,4.02,4.64,5.17,7.51
05/24/2021,4.12,4.01,4.75,5.33,7.58
05/21/2021,4.07,4.04,4.88,5.5,7.67
05/20/2021,4.01,4.09,4.95,5.67,7.74
05/19/2021,3.88,4.14,5.0,5.84,7.82
05/18/2021,3.9,4.26,5.08,6.03,7.9
05/17/2021,3.91,4.4,5.14,6.24,7.97
05/14/2021,4.01,4.6,5.25,6.53,8.05
05/13/2021,4.17,4.82,5.39,6.79,8.11
05/12/2021,4.39,5.06,5.53,7.03,8.16
05/11/2021,4.61,5.27,5.75,7.26,8.39
05/10/2021,4.9,5.49,5.99,7.5,8.53
05/07/2021,5.19,5.72,6.23,7.71,8.68
05/06/2021,5.47,5.81,6.46,7.88,8.82
05/05/2021,5.73,5.87,6.7,8.02,8.95
05/04/2021,5.93,5.9,6.92,8.13,9.09
05/03/2021,6.09,5.88,7.15,8.23,9.24
04/30/2021,6.25,5.9,7.49,8.32,9.38
04/29/2021,6.14,5.95,7.77,8.4,9.49
04/28/2021,6.01,6.0,8.01,8.51,9.6
04/27/2021,5.86,6.22,8.25,8.62,9.72
04/26/2021,5.67,6.49,8.5,8.74,9.84
04/23/2021,5.56,6.74,8.71,8.89,9.95
04/22/2021,5.76,7.12,8.92,9.07,10.11
04/21/2021,5.98,7.52,9.09,9.23,10.22
04/20/2021,6.58,7.94,9.25,9.4,10.33
04/19/2021,7.32,8.43,9.4,9.6,10.39
04/16/2021,7.92,9.07,9.53,9.73,10.44
04/15/2021,8.47,9.59,9.63,9.79,10.48
04/14/2021,9.06,10.02,9.76,9.84,10.53
04/13/2021,9.29,10.29,9.82,9.84,10.53
04/12/2021,9.54,10.5,9.87,9.83,10.53
04/09/2021,10.23,10.68,9.97,9.83,10.54
04/08/2021,10.71,10.72,10.04,9.81,10.54
04/07/2021,10.98,10.66,10.09,9.8,10.54
04/06/2021,11.28,10.56,10.14,9.77,10.52
04/05/2021,11.46,10.37,10.18,9.71,10.49
04/01/2021,11.13,9.99,10.05,9.58,10.42
03/31/2021,10.74,9.67,9.89,9.43,10.34
03/30/2021,10.34,9.5,9.75,9.29,10.23
03/29/2021,9.84,9.35,9.62,9.52,10.11
03/26/2021,9.28,9.23,9.5,9.57,9.98
03/25/2021,8.84,9.26,9.41,9.65,9.86
03/24/2021,8.59,9.36,9.35,9.75,9.75
03/23/2021,8.66,9.51,9.36,9.89,9.66
03/22/2021,8.85,9.72,9.38,10.04,9.58
03/19/2021,9.19,9.99,9.39,10.25,9.49
03/18/2021,9.68,10.12,9.37,10.44,9.4
03/17/2021,10.14,10.11,9.32,10.58,9.31
03/16/2021,10.36,10.01,9.18,10.7,9.21
03/15/2021,10.58,9.9,9.61,10.83,9.1
03/12/2021,10.78,9.77,9.74,10.93,8.99
03/11/2021,10.57,9.57,9.84,11.02,8.86
03/10/2021,10.08,9.33,9.94,11.14,8.75
03/09/2021,9.66,9.22,10.07,11.21,8.64
03/08/2021,9.21,9.04,10.2,11.26,8.54
03/05/2021,8.76,8.78,10.38,11.19,8.44
03/04/2021,8.56,8.62,10.6,11.15,8.35
03/03/2021,8.59,8.53,10.81,11.17,8.27
03/02/2021,8.78,8.36,11.05,11.21,8.21
03/01/2021,8.86,9.32,11.29,11.22,8.14
02/26/2021,8.81,9.72,11.51,11.23,8.05
02/25/2021,8.68,10.12,11.74,11.24,7.96
02/24/2021,8.47,10.55,12.05,11.28,7.87
02/23/2021,7.94,10.93,12.21,11.28,7.77
02/22/2021,9.78,11.37,12.37,11.28,7.66
02/19/2021,10.62,11.97,12.39,11.27,7.56
02/18/2021,11.55,12.57,12.42,11.27,7.46
02/17/2021,12.64,13.1,12.49,11.24,7.37
02/16/2021,13.92,13.74,12.63,11.17,7.29
02/12/2021,12.96,13.26,12.16,10.7,7.02
02/11/2021,13.32,13.31,11.99,10.39,6.84
02/10/2021,13.6,13.37,11.81,10.07,6.66
02/09/2021,13.56,13.54,11.64,9.75,6.47
02/08/2021,13.56,13.49,11.45,9.44,6.28
02/05/2021,13.56,13.37,11.23,9.12,6.09
02/04/2021,13.3,12.82,10.92,8.74,5.88
02/03/2021,13.14,12.26,10.61,8.36,5.67
02/02/2021,13.52,11.89,10.31,8.03,5.49
02/01/2021,13.42,11.53,9.89,7.71,5.3
01/29/2021,13.18,11.07,9.42,7.38,5.11
01/28/2021,12.34,10.67,8.93,7.05,4.92
01/27/2021,11.38,10.25,8.42,6.71,4.73
01/26/2021,10.26,9.74,7.86,6.36,4.51
01/25/2021,9.64,9.41,7.41,6.07,4.33
01/22/2021,8.96,9.09,6.99,5.83,4.16
01/21/2021,9.0,9.02,6.69,5.69,4.04
01/20/2021,9.12,8.96,6.41,5.54,3.92
01/19/2021,9.22,8.73,6.11,5.38,3.8
01/15/2021,9.18,8.26,5.8,5.21,3.67
01/14/2021,9.22,7.76,5.53,5.06,3.55
01/13/2021,9.03,7.19,5.24,4.87,3.42
01/12/2021,8.81,6.58,4.94,4.68,3.28
01/11/2021,8.25,5.98,4.67,4.47,3.14
01/08/2021,7.33,5.41,4.41,4.26,3.01
01/07/2021,6.3,4.89,4.2,4.05,2.88
01/06/2021,5.35,4.37,4.02,3.85,2.76
01/05/2021,4.36,3.85,3.83,3.65,2.65
01/04/2021,3.71,3.48,3.7,3.49,2.55
12/31/2020,3.5,3.34,3.68,3.41,2.5
12/30/2020,3.48,3.3,3.7,3.35,2.45
12/29/2020,3.39,3.28,3.71,3.29,2.41
12/28/2020,3.34,3.31,3.73,3.24,2.38
12/24/2020,3.24,3.36,3.71,3.19,2.34
12/23/2020,3.19,3.4,3.69,3.13,2.3
12/22/2020,3.12,3.5,3.63,3.07,2.25
12/21/2020,3.17,3.67,3.6,3.02,2.22
12/18/2020,3.28,3.81,3.54,2.98,2.19
12/17/2020,3.47,3.92,3.5,2.94,2.16
12/16/2020,3.61,4.02,3.44,2.89,2.12
12/15/2020,3.88,4.11,3.37,2.84,2.09
12/14/2020,4.16,4.15,3.3,2.8,2.05
12/11/2020,4.33,4.15,3.21,2.74,2.01
12/10/2020,4.37,4.07,3.1,2.67,1.96
12/09/2020,4.43,3.97,3.0,2.59,1.92
12/08/2020,4.33,3.75,2.85,2.5,1.86
12/07/2020,4.13,3.52,2.7,2.4,1.8
12/04/2020,3.97,3.28,2.57,2.31,1.75
12/03/2020,3.77,3.08,2.45,2.22,1.7
12/02/2020,3.51,2.86,2.32,2.14,1.64
12/01/2020,3.17,2.63,2.21,2.05,1.59
11/30/2020,2.92,2.45,2.13,1.97,1.55
11/27/2020,2.59,2.27,2.04,1.88,1.51
11/25/2020,2.38,2.13,1.96,1.82,1.48
11/24/2020,2.2,2.02,1.9,1.76,1.45
11/23/2020,2.09,1.95,1.87,1.72,1.43
11/20/2020,1.98,1.87,1.83,1.67,1.41
11/19/2020,1.95,1.85,1.82,1.65,1.39
11/18/2020,1.87,1.82,1.8,1.61,1.38
11/17/2020,1.84,1.79,1.78,1.58,1.36
11/16/2020,1.8,1.8,1.76,1.56,1.36
11/13/2020,1.77,1.81,1.73,1.53,1.35
11/12/2020,1.74,1.8,1.69,1.51,1.34
11/11/2020,1.76,1.8,1.66,1.49,1.34
11/10/2020,1.74,1.78,1.63,1.46,1.33
11/09/2020,1.79,1.79,1.6,1.44,1.33
11/06/2020,1.85,1.79,1.58,1.42,1.32
11/05/2020,1.85,1.79,1.55,1.4,1.32
11/04/2020,1.83,1.78,1.51,1.38,1.31
11/03/2020,1.82,1.78,1.48,1.36,1.3
11/02/2020,1.8,1.72,1.44,1.33,1.29
10/30/2020,1.73,1.65,1.4,1.3,1.28
10/29/2020,1.72,1.58,1.36,1.28,1.27
10/28/2020,1.72,1.53,1.33,1.26,1.27
10/27/2020,1.73,1.47,1.3,1.24,1.26
10/26/2020,1.65,1.41,1.27,1.22,1.26
10/23/2020,1.56,1.36,1.24,1.21,1.25
10/22/2020,1.44,1.31,1.21,1.19,1.25
10/21/2020,1.33,1.25,1.19,1.17,1.25
10/20/2020,1.22,1.19,1.15,1.15,1.25
10/19/2020,1.17,1.15,1.14,1.13,1.26
10/16/2020,1.16,1.15,1.13,1.13,1.27
10/15/2020,1.17,1.14,1.13,1.13,1.28
10/14/2020,1.17,1.14,1.13,1.13,1.3
10/13/2020,1.15,1.13,1.13,1.13,1.31
10/12/2020,1.13,1.12,1.13,1.13,1.32
10/09/2020,1.13,1.12,1.13,1.14,1.33
10/08/2020,1.11,1.12,1.13,1.14,1.34
10/07/2020,1.12,1.12,1.13,1.14,1.36
10/06/2020,1.11,1.11,1.13,1.15,1.37
10/05/2020,1.11,1.12,1.13,1.16,1.38
10/02/2020,1.1,1.11,1.13,1.16,1.39
10/01/2020,1.13,1.12,1.13,1.18,1.41
09/30/2020,1.13,1.12,1.13,1.19,1.42
09/29/2020,1.11,1.12,1.13,1.21,1.43
09/28/2020,1.13,1.13,1.14,1.22,1.45
09/25/2020,1.12,1.14,1.15,1.23,1.46
09/24/2020,1.12,1.14,1.15,1.24,1.47
09/23/2020,1.11,1.13,1.15,1.24,1.47
09/22/2020,1.14,1.14,1.16,1.25,1.47
09/21/2020,1.14,1.13,1.18,1.25,1.47
09/18/2020,1.16,1.14,1.19,1.26,1.47
09/17/2020,1.16,1.14,1.21,1.27,1.47
09/16/2020,1.15,1.14,1.23,1.28,1.47
09/15/2020,1.15,1.14,1.25,1.28,1.46
09/14/2020,1.13,1.15,1.26,1.29,1.46
09/11/2020,1.13,1.15,1.27,1.3,1.45
09/10/2020,1.12,1.16,1.29,1.32,1.45
09/09/2020,1.13,1.17,1.3,1.34,1.44
09/08/2020,1.13,1.18,1.3,1.36,1.43
09/04/2020,1.18,1.22,1.31,1.39,1.43
09/03/2020,1.18,1.24,1.32,1.41,1.42
09/02/2020,1.19,1.29,1.33,1.43,1.42
09/01/2020,1.21,1.32,1.34,1.46,1.41
08/31/2020,1.24,1.35,1.36,1.48,1.41
08/28/2020,1.27,1.37,1.36,1.51,1.4
08/27/2020,1.3,1.39,1.37,1.53,1.39
08/26/2020,1.38,1.43,1.4,1.55,1.39
08/25/2020,1.43,1.42,1.43,1.57,1.38
08/24/2020,1.47,1.42,1.45,1.59,1.37
08/21/2020,1.47,1.4,1.47,1.6,1.36
08/20/2020,1.47,1.39,1.5,1.62,1.35
08/19/2020,1.47,1.38,1.51,1.63,1.33
08/18/2020,1.42,1.37,1.53,1.65,1.32
08/17/2020,1.36,1.36,1.55,1.66,1.31
08/14/2020,1.33,1.36,1.58,1.68,1.3
08/13/2020,1.32,1.36,1.6,1.69,1.29
08/12/2020,1.28,1.37,1.61,1.69,1.27
08/11/2020,1.32,1.43,1.64,1.7,1.26
08/10/2020,1.35,1.49,1.67,1.7,1.25
08/07/2020,1.38,1.55,1.7,1.7,1.24
08/06/2020,1.4,1.6,1.73,1.69,1.23
08/05/2020,1.47,1.64,1.76,1.67,1.22
08/04/2020,1.53,1.69,1.8,1.66,1.21
08/03/2020,1.62,1.74,1.82,1.64,1.19
07/31/2020,1.72,1.8,1.84,1.62,1.18
07/30/2020,1.8,1.84,1.86,1.61,1.17
07/29/2020,1.81,1.85,1.85,1.57,1.15
07/28/2020,1.84,1.86,1.84,1.54,1.13
07/27/2020,1.86,1.86,1.81,1.51,1.12
07/24/2020,1.88,1.86,1.77,1.47,1.1
07/23/2020,1.89,1.86,1.73,1.44,1.08
07/22/2020,1.9,1.88,1.68,1.4,1.06
07/21/2020,1.88,1.91,1.64,1.37,1.04
07/20/2020,1.87,1.89,1.59,1.33,1.02
07/17/2020,1.84,1.88,1.53,1.3,1.0
07/16/2020,1.83,1.87,1.49,1.26,0.98
07/15/2020,1.85,1.85,1.43,1.22,0.96
07/14/2020,1.94,1.82,1.38,1.19,0.95
07/13/2020,1.92,1.75,1.33,1.15,0.93
07/10/2020,1.92,1.68,1.27,1.11,0.91
07/09/2020,1.9,1.6,1.22,1.08,0.89
07/08/2020,1.85,1.49,1.16,1.04,0.87
07/07/2020,1.71,1.37,1.09,0.99,0.85
07/06/2020,1.59,1.3,1.05,0.96,0.83
07/02/2020,1.43,1.19,1.0,0.92,0.82
07/01/2020,1.3,1.11,0.96,0.89,0.8
06/30/2020,1.14,1.01,0.91,0.85,0.79
06/29/2020,1.04,0.94,0.87,0.82,0.78
06/26/2020,1.0,0.9,0.84,0.81,0.77
06/25/2020,0.94,0.87,0.83,0.79,0.77
06/24/2020,0.92,0.85,0.82,0.78,0.77
06/23/2020,0.89,0.84,0.81,0.77,0.77
06/22/2020,0.84,0.82,0.8,0.76,0.77
06/19/2020,0.8,0.81,0.79,0.75,0.77
06/18/2020,0.8,0.82,0.78,0.74,0.78
06/17/2020,0.78,0.81,0.78,0.73,0.79
06/15/2020,0.79,0.81,0.77,0.73,0.79
06/12/2020,0.79,0.81,0.76,0.73,0.8
06/11/2020,0.81,0.79,0.76,0.73,0.81
06/10/2020,0.84,0.79,0.75,0.72,0.82
06/09/2020,0.84,0.78,0.74,0.72,0.83
06/08/2020,0.83,0.78,0.73,0.72,0.83
06/04/2020,0.83,0.78,0.73,0.71,0.84
06/03/2020,0.77,0.77,0.72,0.71,0.85
06/02/2020,0.74,0.75,0.7,0.7,0.85
06/01/2020,0.73,0.74,0.69,0.7,0.86
05/29/2020,0.73,0.73,0.7,0.7,0.87
05/28/2020,0.72,0.72,0.69,0.7,0.88
05/26/2020,0.76,0.73,0.69,0.71,0.89
05/22/2020,0.76,0.71,0.69,0.71,0.9
05/21/2020,0.76,0.7,0.69,0.71,0.91
05/20/2020,0.72,0.69,0.69,0.71,0.92
05/19/2020,0.71,0.68,0.68,0.71,0.92
05/18/2020,0.7,0.66,0.68,0.71,0.93
05/15/2020,0.66,0.65,0.67,0.72,0.94
05/13/2020,0.64,0.64,0.68,0.72,0.96
05/12/2020,0.65,0.66,0.69,0.73,0.97
05/07/2020,0.64,0.66,0.69,0.73,0.98
05/05/2020,0.63,0.66,0.69,0.74,1.0
05/04/2020,0.64,0.66,0.7,0.74,1.01
05/01/2020,0.65,0.68,0.71,0.75,1.02
04/30/2020,0.68,0.69,0.72,0.77,1.04
04/29/2020,0.68,0.69,0.72,0.78,1.05
04/28/2020,0.68,0.69,0.74,0.8,1.07
04/27/2020,0.68,0.7,0.76,0.82,1.08
04/24/2020,0.7,0.71,0.76,0.84,1.09
04/23/2020,0.7,0.71,0.76,0.86,1.11
04/22/2020,0.7,0.72,0.77,0.87,1.12
04/21/2020,0.7,0.73,0.79,0.89,1.13
04/20/2020,0.71,0.74,0.78,0.91,1.15
04/17/2020,0.72,0.75,0.79,0.93,1.16
04/15/2020,0.72,0.75,0.81,0.95,1.17
04/14/2020,0.75,0.76,0.83,0.97,1.18
04/13/2020,0.76,0.79,0.86,0.99,1.19
04/08/2020,0.78,0.82,0.88,1.01,1.2
04/07/2020,0.78,0.82,0.91,1.02,1.21
04/06/2020,0.78,0.81,0.93,1.04,1.22
04/03/2020,0.76,0.81,0.95,1.05,1.23
04/02/2020,0.82,0.84,0.97,1.07,1.24
04/01/2020,0.86,0.82,1.0,1.1,1.25
03/31/2020,0.85,0.84,1.02,1.11,1.26
03/30/2020,0.85,0.86,1.05,1.12,1.27
03/27/2020,0.87,0.9,1.07,1.14,1.28
03/26/2020,0.87,0.92,1.09,1.15,1.29
03/25/2020,0.79,0.95,1.1,1.17,1.3
03/24/2020,0.82,1.0,1.13,1.19,1.31
03/23/2020,0.87,1.04,1.15,1.21,1.32
03/17/2020,0.94,1.08,1.17,1.23,1.33
03/16/2020,0.98,1.11,1.19,1.25,1.34
03/13/2020,1.11,1.18,1.23,1.28,1.35
03/12/2020,1.17,1.21,1.25,1.29,1.36
03/11/2020,1.21,1.24,1.26,1.31,1.36
03/10/2020,1.23,1.25,1.26,1.32,1.37
03/09/2020,1.23,1.25,1.27,1.33,1.37
03/06/2020,1.25,1.26,1.28,1.34,1.37
03/05/2020,1.25,1.25,1.29,1.34,1.38
03/04/2020,1.26,1.26,1.3,1.36,1.38
03/03/2020,1.26,1.25,1.31,1.37,1.38
03/02/2020,1.28,1.27,1.32,1.38,1.39
02/28/2020,1.27,1.29,1.33,1.38,1.39
02/27/2020,1.26,1.29,1.34,1.38,1.39
02/26/2020,1.25,1.28,1.34,1.38,1.39
02/25/2020,1.24,1.27,1.36,1.39,1.39
02/24/2020,1.27,1.29,1.37,1.39,1.4
02/21/2020,1.31,1.3,1.38,1.39,1.4
02/20/2020,1.31,1.32,1.39,1.4,1.4
02/19/2020,1.31,1.34,1.41,1.4,1.4
02/18/2020,1.31,1.37,1.43,1.41,1.4
02/14/2020,1.31,1.37,1.43,1.41,1.4
02/13/2020,1.29,1.36,1.42,1.4,1.4
02/11/2020,1.33,1.39,1.42,1.41,1.41
02/10/2020,1.38,1.41,1.43,1.42,1.41
02/07/2020,1.43,1.45,1.44,1.42,1.41
02/05/2020,1.44,1.46,1.44,1.42,1.41
02/04/2020,1.44,1.46,1.44,1.43,1.4
02/03/2020,1.44,1.46,1.44,1.43,1.4
01/31/2020,1.44,1.47,1.43,1.42,1.4
01/30/2020,1.46,1.5,1.43,1.42,1.4
01/29/2020,1.48,1.49,1.42,1.42,1.39
01/28/2020,1.47,1.48,1.42,1.42,1.39
01/27/2020,1.47,1.46,1.42,1.42,1.39
01/24/2020,1.5,1.46,1.42,1.42,1.4
01/23/2020,1.53,1.44,1.41,1.41,1.39
01/22/2020,1.5,1.43,1.41,1.41,1.39
01/21/2020,1.48,1.43,1.41,1.41,1.39
01/17/2020,1.46,1.42,1.41,1.41,1.39
01/16/2020,1.42,1.39,1.4,1.4,1.39
01/15/2020,1.36,1.36,1.39,1.39,1.38
01/14/2020,1.36,1.36,1.39,1.4,1.38
01/13/2020,1.38,1.37,1.4,1.4,1.38
01/10/2020,1.38,1.37,1.4,1.4,1.39
01/09/2020,1.36,1.38,1.4,1.4,1.39
01/07/2020,1.36,1.38,1.39,1.4,1.39
01/02/2020,1.35,1.38,1.39,1.4,1.38
12/31/2019,1.36,1.39,1.4,1.4,1.39
12/30/2019,1.37,1.4,1.4,1.4,1.39
12/27/2019,1.39,1.41,1.41,1.4,1.39
12/26/2019,1.39,1.42,1.41,1.4,1.39
12/23/2019,1.41,1.42,1.42,1.4,1.39
12/20/2019,1.42,1.43,1.41,1.4,1.39
12/18/2019,1.44,1.43,1.41,1.41,1.39
12/17/2019,1.42,1.42,1.41,1.41,1.39
12/16/2019,1.44,1.41,1.41,1.4,1.39
12/13/2019,1.43,1.41,1.41,1.39,1.39
12/12/2019,1.43,1.4,1.4,1.38,1.38
12/11/2019,1.43,1.4,1.4,1.37,1.38
12/10/2019,1.42,1.41,1.39,1.38,1.37
12/09/2019,1.38,1.4,1.39,1.37,1.37
12/03/2019,1.38,1.41,1.39,1.36,1.37
12/02/2019,1.37,1.4,1.39,1.36,1.36
11/27/2019,1.37,1.39,1.4,1.36,1.36
11/26/2019,1.4,1.4,1.4,1.37,1.36
11/25/2019,1.42,1.41,1.4,1.38,1.36
11/22/2019,1.44,1.41,1.39,1.38,1.36
11/21/2019,1.43,1.4,1.37,1.38,1.36
11/20/2019,1.41,1.4,1.36,1.38,1.36
11/15/2019,1.41,1.38,1.36,1.37,1.36
11/14/2019,1.4,1.38,1.35,1.37,1.36
11/13/2019,1.38,1.37,1.34,1.36,1.35
11/12/2019,1.37,1.39,1.34,1.37,1.35
11/11/2019,1.38,1.4,1.35,1.38,1.35
11/08/2019,1.35,1.4,1.36,1.38,1.35
11/07/2019,1.35,1.38,1.36,1.38,1.35
11/06/2019,1.36,1.36,1.37,1.37,1.35
11/05/2019,1.4,1.34,1.38,1.38,1.35
11/04/2019,1.42,1.33,1.37,1.38,1.35
10/31/2019,1.45,1.34,1.37,1.38,1.35
10/30/2019,1.41,1.33,1.37,1.38,1.35
10/29/2019,1.36,1.31,1.36,1.38,1.35
10/28/2019,1.28,1.3,1.36,1.37,1.35
10/24/2019,1.23,1.3,1.37,1.37,1.35
10/22/2019,1.23,1.31,1.36,1.37,1.35
10/21/2019,1.25,1.34,1.37,1.38,1.35
10/15/2019,1.27,1.37,1.37,1.38,1.35
10/14/2019,1.33,1.41,1.39,1.38,1.36
10/11/2019,1.37,1.41,1.4,1.38,1.36
10/10/2019,1.39,1.4,1.41,1.37,1.36
10/09/2019,1.43,1.41,1.41,1.37,1.36
10/08/2019,1.47,1.41,1.41,1.37,1.36
10/07/2019,1.49,1.42,1.41,1.36,1.35
10/04/2019,1.45,1.43,1.41,1.36,1.35
10/03/2019,1.4,1.42,1.39,1.35,1.35
10/01/2019,1.38,1.4,1.4,1.35,1.35
09/30/2019,1.34,1.38,1.38,1.35,1.35
09/27/2019,1.34,1.38,1.37,1.34,1.35
09/26/2019,1.41,1.4,1.37,1.34,1.36
09/25/2019,1.43,1.42,1.36,1.34,1.36
09/24/2019,1.43,1.42,1.35,1.34,1.36
09/20/2019,1.42,1.41,1.35,1.35,1.36
09/19/2019,1.42,1.4,1.34,1.34,1.36
09/18/2019,1.38,1.39,1.32,1.33,1.35
09/17/2019,1.4,1.37,1.32,1.33,1.35
09/16/2019,1.4,1.39,1.32,1.33,1.35
09/13/2019,1.41,1.39,1.33,1.33,1.36
09/12/2019,1.39,1.36,1.32,1.32,1.36
09/10/2019,1.39,1.34,1.32,1.32,1.36
09/06/2019,1.33,1.31,1.31,1.31,1.36
09/05/2019,1.38,1.29,1.31,1.31,1.36
09/04/2019,1.37,1.29,1.31,1.32,1.36
09/03/2019,1.33,1.28,1.31,1.32,1.36
08/30/2019,1.28,1.26,1.3,1.32,1.35
08/29/2019,1.28,1.28,1.31,1.33,1.35
08/28/2019,1.2,1.26,1.29,1.32,1.35
08/27/2019,1.2,1.28,1.3,1.33,1.35
08/26/2019,1.22,1.29,1.3,1.33,1.35
08/22/2019,1.24,1.3,1.31,1.33,1.35
08/21/2019,1.28,1.31,1.31,1.34,1.35
08/20/2019,1.31,1.32,1.32,1.34,1.35
08/19/2019,1.35,1.34,1.34,1.35,1.35
08/14/2019,1.36,1.34,1.34,1.35,1.34
08/09/2019,1.36,1.34,1.35,1.35,1.34
08/08/2019,1.34,1.33,1.36,1.35,1.33
08/07/2019,1.33,1.33,1.36,1.35,1.32
08/05/2019,1.32,1.32,1.35,1.36,1.31
08/01/2019,1.32,1.32,1.35,1.36,1.31
07/31/2019,1.32,1.31,1.35,1.37,1.3
07/30/2019,1.32,1.31,1.35,1.37,1.3
07/29/2019,1.32,1.32,1.35,1.37,1.29
07/26/2019,1.32,1.34,1.35,1.37,1.28
07/25/2019,1.31,1.35,1.35,1.37,1.28
07/24/2019,1.31,1.36,1.35,1.37,1.27
07/23/2019,1.3,1.38,1.36,1.37,1.27
07/19/2019,1.32,1.39,1.37,1.38,1.26
07/17/2019,1.36,1.39,1.38,1.38,1.26
07/16/2019,1.38,1.39,1.39,1.39,1.25
07/15/2019,1.42,1.39,1.39,1.4,1.25
07/12/2019,1.46,1.39,1.4,1.41,1.24
07/11/2019,1.46,1.38,1.39,1.4,1.23
07/10/2019,1.42,1.36,1.38,1.4,1.22
07/09/2019,1.39,1.35,1.39,1.4,1.21
07/08/2019,1.35,1.34,1.38,1.39,1.21
07/05/2019,1.32,1.34,1.37,1.38,1.2
07/02/2019,1.31,1.35,1.37,1.37,1.19
07/01/2019,1.31,1.37,1.38,1.37,1.18
06/28/2019,1.31,1.39,1.4,1.37,1.17
06/27/2019,1.33,1.4,1.4,1.37,1.16
06/25/2019,1.37,1.41,1.42,1.36,1.16
06/24/2019,1.39,1.4,1.42,1.35,1.15
06/20/2019,1.43,1.4,1.42,1.35,1.14
06/19/2019,1.47,1.42,1.42,1.34,1.13
06/18/2019,1.47,1.41,1.41,1.32,1.12
06/14/2019,1.44,1.39,1.4,1.31,1.1
06/13/2019,1.41,1.4,1.39,1.29,1.09
06/12/2019,1.37,1.4,1.37,1.27,1.08
06/10/2019,1.37,1.41,1.36,1.25,1.06
06/07/2019,1.35,1.41,1.35,1.24,1.05
06/06/2019,1.34,1.42,1.34,1.23,1.04
06/05/2019,1.38,1.43,1.33,1.21,1.03
06/04/2019,1.42,1.44,1.32,1.2,1.02
06/03/2019,1.44,1.41,1.29,1.18,1.0
05/31/2019,1.46,1.41,1.28,1.17,0.99
05/30/2019,1.51,1.41,1.26,1.16,0.98
05/29/2019,1.49,1.38,1.24,1.15,0.97
05/28/2019,1.45,1.34,1.21,1.13,0.95
05/24/2019,1.39,1.31,1.18,1.11,0.94
05/23/2019,1.36,1.3,1.16,1.1,0.93
05/22/2019,1.3,1.25,1.13,1.08,0.91
05/21/2019,1.27,1.22,1.11,1.06,0.9
05/20/2019,1.23,1.2,1.09,1.05,0.89
05/17/2019,1.23,1.17,1.07,1.03,0.88
05/16/2019,1.23,1.15,1.06,1.02,0.87
05/15/2019,1.2,1.12,1.04,1.01,0.86
05/14/2019,1.18,1.1,1.03,1.0,0.85
05/13/2019,1.17,1.08,1.02,0.99,0.84
05/10/2019,1.11,1.05,1.01,0.98,0.83
05/09/2019,1.06,1.02,1.0,0.96,0.82
05/08/2019,1.04,1.01,0.99,0.95,0.81
05/06/2019,1.02,0.99,0.98,0.94,0.8
05/03/2019,0.98,0.97,0.97,0.93,0.79
05/01/2019,0.98,0.96,0.96,0.92,0.79
04/30/2019,0.98,0.96,0.96,0.91,0.78
04/29/2019,0.97,0.96,0.96,0.9,0.78
04/26/2019,0.96,0.96,0.95,0.89,0.77
04/25/2019,0.96,0.97,0.95,0.88,0.77
04/24/2019,0.95,0.97,0.94,0.87,0.76
04/23/2019,0.95,0.97,0.93,0.86,0.76
04/22/2019,0.95,0.97,0.93,0.85,0.75
04/18/2019,0.96,0.98,0.92,0.84,0.75
04/17/2019,0.99,0.97,0.91,0.83,0.74
04/16/2019,1.0,0.96,0.9,0.83,0.74
04/15/2019,0.99,0.96,0.89,0.81,0.73
04/12/2019,1.0,0.95,0.87,0.81,0.73
04/11/2019,0.99,0.94,0.86,0.79,0.72
04/10/2019,0.95,0.92,0.84,0.78,0.72
04/09/2019,0.92,0.91,0.82,0.77,0.71
04/08/2019,0.92,0.9,0.81,0.76,0.71
04/05/2019,0.9,0.88,0.79,0.75,0.71
04/04/2019,0.89,0.86,0.78,0.74,0.7
04/03/2019,0.89,0.85,0.77,0.73,0.7
04/01/2019,0.89,0.83,0.76,0.72,0.7
03/29/2019,0.87,0.81,0.74,0.71,0.7
03/28/2019,0.86,0.8,0.73,0.7,0.7
03/27/2019,0.83,0.78,0.72,0.69,0.69
03/26/2019,0.81,0.76,0.71,0.68,0.69
03/25/2019,0.78,0.73,0.7,0.68,0.69
03/22/2019,0.75,0.71,0.69,0.67,0.69
03/19/2019,0.74,0.71,0.69,0.67,0.69
03/18/2019,0.73,0.7,0.68,0.66,0.69
03/15/2019,0.7,0.68,0.67,0.66,0.69
03/12/2019,0.68,0.68,0.67,0.66,0.7
03/11/2019,0.68,0.67,0.66,0.66,0.7
03/07/2019,0.68,0.67,0.65,0.65,0.7
03/06/2019,0.66,0.66,0.65,0.65,0.7
03/05/2019,0.67,0.66,0.65,0.65,0.7
03/04/2019,0.69,0.68,0.65,0.65,0.71
02/27/2019,0.67,0.67,0.65,0.65,0.71
02/26/2019,0.66,0.67,0.64,0.65,0.71
02/25/2019,0.66,0.67,0.65,0.65,0.71
02/20/2019,0.65,0.66,0.65,0.65,0.72
02/19/2019,0.67,0.66,0.65,0.65,0.72
02/15/2019,0.67,0.65,0.65,0.65,0.72
02/14/2019,0.68,0.64,0.64,0.65,0.73
02/13/2019,0.67,0.64,0.64,0.65,0.73
02/12/2019,0.67,0.64,0.65,0.65,0.74
02/11/2019,0.65,0.63,0.64,0.66,0.74
01/31/2019,0.63,0.63,0.64,0.66,0.75
01/30/2019,0.6,0.62,0.64,0.66,0.75
01/29/2019,0.6,0.63,0.64,0.67,0.76
01/28/2019,0.61,0.63,0.64,0.67,0.76
01/22/2019,0.61,0.65,0.64,0.68,0.77
01/18/2019,0.63,0.65,0.65,0.69,0.78
01/16/2019,0.64,0.65,0.65,0.69,0.78
01/15/2019,0.66,0.65,0.66,0.69,0.79
01/11/2019,0.65,0.65,0.66,0.7,0.8
01/10/2019,0.69,0.65,0.67,0.7,0.8
01/09/2019,0.68,0.65,0.68,0.71,0.81
01/08/2019,0.66,0.66,0.68,0.71,0.82
01/07/2019,0.63,0.65,0.69,0.72,0.82
01/04/2019,0.65,0.65,0.7,0.73,0.83
01/02/2019,0.62,0.64,0.7,0.73,0.83
12/31/2018,0.63,0.65,0.7,0.74,0.84
12/28/2018,0.66,0.66,0.71,0.75,0.85
12/27/2018,0.66,0.67,0.72,0.75,0.85
12/24/2018,0.65,0.67,0.72,0.76,0.86
12/21/2018,0.65,0.69,0.73,0.77,0.86
12/20/2018,0.67,0.7,0.74,0.77,0.87
12/19/2018,0.66,0.71,0.74,0.77,0.87
12/18/2018,0.68,0.73,0.75,0.77,0.87
12/17/2018,0.69,0.74,0.76,0.79,0.88
12/14/2018,0.73,0.75,0.78,0.79,0.88
12/13/2018,0.74,0.75,0.78,0.79,0.88
12/12/2018,0.76,0.76,0.79,0.8,0.88
12/11/2018,0.77,0.76,0.8,0.81,0.89
12/10/2018,0.79,0.77,0.8,0.82,0.89
12/07/2018,0.78,0.77,0.8,0.83,0.89
12/06/2018,0.77,0.77,0.8,0.83,0.89
12/04/2018,0.76,0.77,0.8,0.84,0.89
12/03/2018,0.75,0.77,0.8,0.85,0.9
11/29/2018,0.76,0.79,0.81,0.85,0.9
11/28/2018,0.76,0.8,0.81,0.86,0.9
11/27/2018,0.77,0.81,0.82,0.87,0.9
11/26/2018,0.77,0.82,0.82,0.88,0.91
11/23/2018,0.79,0.83,0.83,0.89,0.91
11/21/2018,0.82,0.83,0.84,0.9,0.91
11/20/2018,0.85,0.84,0.85,0.9,0.91
11/19/2018,0.85,0.84,0.86,0.91,0.92
11/15/2018,0.88,0.84,0.88,0.92,0.92
11/14/2018,0.86,0.83,0.88,0.93,0.92
11/13/2018,0.83,0.83,0.88,0.93,0.92
11/12/2018,0.82,0.82,0.89,0.93,0.92
11/09/2018,0.82,0.82,0.89,0.94,0.92
11/08/2018,0.8,0.82,0.9,0.95,0.92
11/07/2018,0.79,0.84,0.92,0.96,0.93
11/06/2018,0.83,0.86,0.93,0.96,0.93
11/05/2018,0.81,0.87,0.94,0.96,0.92
11/02/2018,0.82,0.89,0.95,0.97,0.92
11/01/2018,0.85,0.91,0.97,0.97,0.92
10/30/2018,0.9,0.94,0.98,0.97,0.92
10/29/2018,0.9,0.93,0.98,0.97,0.92
10/26/2018,0.94,0.96,0.99,0.97,0.92
10/25/2018,0.96,0.97,1.0,0.97,0.92
10/24/2018,0.98,0.98,1.01,0.97,0.91
10/23/2018,0.98,0.99,1.01,0.96,0.91
10/19/2018,0.96,1.0,1.01,0.96,0.91
10/17/2018,0.98,1.0,1.01,0.95,0.9
10/16/2018,0.97,1.01,1.01,0.95,0.9
10/15/2018,0.99,1.02,0.99,0.95,0.9
10/12/2018,1.0,1.02,0.98,0.95,0.89
10/10/2018,1.03,1.04,0.99,0.95,0.89
10/09/2018,1.03,1.03,0.97,0.94,0.89
10/08/2018,1.06,1.03,0.97,0.94,0.89
10/05/2018,1.05,1.03,0.96,0.93,0.88
10/04/2018,1.05,1.03,0.95,0.93,0.88
10/03/2018,1.05,1.03,0.94,0.93,0.87
10/02/2018,1.03,1.01,0.93,0.92,0.87
10/01/2018,1.01,1.0,0.92,0.92,0.86
09/28/2018,1.01,0.97,0.91,0.91,0.86
09/27/2018,1.02,0.94,0.91,0.91,0.85
09/26/2018,1.01,0.93,0.9,0.91,0.85
09/25/2018,1.0,0.92,0.9,0.91,0.84
09/24/2018,0.98,0.91,0.89,0.9,0.84
09/21/2018,0.92,0.88,0.89,0.9,0.84
09/20/2018,0.87,0.87,0.88,0.89,0.83
09/19/2018,0.86,0.85,0.88,0.89,0.83
09/18/2018,0.83,0.84,0.88,0.88,0.82
09/17/2018,0.83,0.84,0.88,0.88,0.82
09/14/2018,0.84,0.86,0.89,0.88,0.82
09/13/2018,0.87,0.87,0.89,0.87,0.82
09/12/2018,0.84,0.87,0.89,0.87,0.82
09/11/2018,0.85,0.88,0.9,0.87,0.82
09/10/2018,0.85,0.88,0.9,0.86,0.82
09/07/2018,0.87,0.89,0.91,0.86,0.82
09/06/2018,0.87,0.89,0.91,0.86,0.82
09/05/2018,0.91,0.91,0.91,0.86,0.82
09/04/2018,0.92,0.92,0.9,0.85,0.82
08/31/2018,0.9,0.91,0.89,0.85,0.82
08/30/2018,0.91,0.92,0.88,0.85,0.82
08/29/2018,0.91,0.92,0.87,0.84,0.81
08/28/2018,0.91,0.92,0.87,0.84,0.81
08/27/2018,0.92,0.92,0.86,0.83,0.81
08/24/2018,0.93,0.93,0.85,0.83,0.81
08/23/2018,0.92,0.93,0.85,0.83,0.8
08/22/2018,0.92,0.93,0.84,0.82,0.8
08/21/2018,0.92,0.91,0.83,0.81,0.8
08/20/2018,0.92,0.89,0.82,0.81,0.79
08/15/2018,0.94,0.87,0.82,0.8,0.79
08/14/2018,0.95,0.85,0.81,0.8,0.79
08/13/2018,0.93,0.83,0.8,0.8,0.78
08/10/2018,0.91,0.81,0.8,0.79,0.78
08/09/2018,0.86,0.8,0.79,0.78,0.78
08/08/2018,0.81,0.78,0.78,0.78,0.78
08/07/2018,0.76,0.76,0.77,0.77,0.77
08/06/2018,0.73,0.75,0.77,0.77,0.77
08/03/2018,0.72,0.74,0.76,0.76,0.77
08/02/2018,0.74,0.75,0.77,0.76,0.77
08/01/2018,0.74,0.76,0.77,0.77,0.77
07/31/2018,0.76,0.77,0.78,0.77,0.77
07/30/2018,0.77,0.78,0.78,0.77,0.77
07/27/2018,0.76,0.78,0.78,0.77,0.77
07/26/2018,0.76,0.78,0.78,0.77,0.77
07/25/2018,0.78,0.79,0.78,0.78,0.77
07/23/2018,0.78,0.78,0.78,0.78,0.77
07/20/2018,0.78,0.79,0.78,0.78,0.76
07/19/2018,0.79,0.79,0.78,0.78,0.76
07/18/2018,0.8,0.79,0.77,0.78,0.76
07/17/2018,0.8,0.78,0.77,0.78,0.76
07/16/2018,0.79,0.78,0.77,0.78,0.76
07/13/2018,0.79,0.78,0.77,0.78,0.76
07/12/2018,0.78,0.77,0.77,0.78,0.76
07/11/2018,0.78,0.77,0.77,0.78,0.77
07/10/2018,0.77,0.77,0.77,0.78,0.77
07/09/2018,0.78,0.77,0.78,0.78,0.78
07/06/2018,0.78,0.77,0.78,0.78,0.78
07/05/2018,0.76,0.76,0.78,0.78,0.79
07/03/2018,0.76,0.76,0.78,0.77,0.8
07/02/2018,0.78,0.76,0.79,0.78,0.81
06/29/2018,0.77,0.76,0.79,0.78,0.81
06/28/2018,0.77,0.76,0.79,0.77,0.82
06/27/2018,0.76,0.76,0.79,0.78,0.82
06/26/2018,0.75,0.77,0.79,0.78,0.82
06/25/2018,0.75,0.77,0.78,0.78,0.82
06/22/2018,0.76,0.78,0.78,0.78,0.83
06/21/2018,0.75,0.79,0.78,0.77,0.83
06/20/2018,0.77,0.79,0.79,0.78,0.84
06/19/2018,0.78,0.8,0.78,0.77,0.84
06/18/2018,0.79,0.81,0.78,0.77,0.84
06/15/2018,0.81,0.81,0.78,0.77,0.85
06/14/2018,0.82,0.81,0.78,0.77,0.85
06/13/2018,0.82,0.81,0.78,0.77,0.85
06/12/2018,0.82,0.81,0.78,0.76,0.86
06/11/2018,0.82,0.79,0.78,0.76,0.86
06/08/2018,0.81,0.78,0.77,0.75,0.86
06/07/2018,0.8,0.78,0.77,0.75,0.86
06/06/2018,0.81,0.78,0.77,0.75,0.87
06/05/2018,0.79,0.76,0.76,0.74,0.87
06/04/2018,0.77,0.75,0.75,0.73,0.87
06/01/2018,0.75,0.75,0.75,0.73,0.88
05/31/2018,0.76,0.75,0.75,0.73,0.89
05/30/2018,0.75,0.75,0.74,0.74,0.89
05/29/2018,0.73,0.76,0.74,0.75,0.9
05/25/2018,0.74,0.76,0.74,0.77,0.91
05/24/2018,0.75,0.76,0.74,0.78,0.91
05/23/2018,0.75,0.76,0.73,0.79,0.92
05/22/2018,0.75,0.75,0.73,0.8,0.92
05/21/2018,0.78,0.76,0.73,0.82,0.92
05/18/2018,0.78,0.75,0.72,0.84,0.92
05/17/2018,0.77,0.74,0.72,0.85,0.92
05/16/2018,0.77,0.74,0.73,0.86,0.92
05/15/2018,0.76,0.73,0.74,0.86,0.92
05/14/2018,0.73,0.72,0.75,0.87,0.92
05/11/2018,0.72,0.71,0.77,0.87,0.92
05/10/2018,0.71,0.71,0.78,0.88,0.92
05/09/2018,0.71,0.71,0.8,0.89,0.92
05/08/2018,0.7,0.7,0.83,0.9,0.92
05/07/2018,0.71,0.7,0.85,0.91,0.92
05/04/2018,0.7,0.7,0.88,0.92,0.92
05/03/2018,0.71,0.69,0.9,0.93,0.92
05/02/2018,0.71,0.71,0.92,0.93,0.92
05/01/2018,0.7,0.75,0.93,0.94,0.92
04/30/2018,0.7,0.78,0.94,0.95,0.92
04/27/2018,0.69,0.83,0.95,0.96,0.92
04/26/2018,0.67,0.86,0.96,0.97,0.92
04/25/2018,0.72,0.89,0.98,0.98,0.92
04/24/2018,0.79,0.95,0.99,0.99,0.92
04/23/2018,0.87,1.01,1.01,1.0,0.92
04/20/2018,0.97,1.06,1.03,1.02,0.92
04/19/2018,1.04,1.12,1.04,1.03,0.92
04/18/2018,1.07,1.12,1.04,1.04,0.92
04/17/2018,1.12,1.11,1.03,1.04,0.91
04/16/2018,1.15,1.11,1.03,1.05,0.9
04/13/2018,1.15,1.07,1.02,1.04,0.9
04/12/2018,1.19,1.07,1.02,1.05,0.89
04/11/2018,1.17,1.06,1.02,1.05,0.89
04/10/2018,1.11,1.03,1.0,1.03,0.87
04/09/2018,1.07,1.01,1.0,1.02,0.87
04/06/2018,0.99,0.99,0.99,1.01,0.86
04/05/2018,0.95,0.97,0.99,0.99,0.85
04/04/2018,0.94,0.96,1.0,0.99,0.84
04/03/2018,0.95,0.96,1.01,0.98,0.84
04/02/2018,0.95,0.96,1.02,0.98,0.83
03/29/2018,0.99,0.98,1.03,0.97,0.83
03/28/2018,1.0,0.98,1.04,0.96,0.82
03/27/2018,0.98,0.98,1.04,0.95,0.82
03/26/2018,0.96,0.98,1.03,0.95,0.81
03/23/2018,0.96,0.98,1.03,0.94,0.81
03/22/2018,0.96,0.99,1.01,0.92,0.81
03/21/2018,0.96,1.01,1.01,0.92,0.8
03/20/2018,0.98,1.03,1.0,0.91,0.8
03/19/2018,0.99,1.06,1.0,0.9,0.79
03/16/2018,1.01,1.08,0.99,0.89,0.79
03/15/2018,1.03,1.08,0.97,0.88,0.78
03/14/2018,1.05,1.1,0.96,0.87,0.77
03/13/2018,1.08,1.1,0.94,0.86,0.77
03/12/2018,1.13,1.09,0.93,0.85,0.76
03/09/2018,1.15,1.07,0.91,0.84,0.75
03/08/2018,1.14,1.03,0.89,0.83,0.75
03/07/2018,1.16,1.01,0.87,0.81,0.74
03/06/2018,1.12,0.98,0.85,0.8,0.73
03/05/2018,1.05,0.94,0.82,0.78,0.73
03/02/2018,0.98,0.89,0.79,0.76,0.72
03/01/2018,0.92,0.86,0.78,0.75,0.71
02/28/2018,0.86,0.81,0.75,0.74,0.71
02/27/2018,0.84,0.78,0.74,0.72,0.7
02/26/2018,0.82,0.77,0.73,0.72,0.7
02/23/2018,0.8,0.76,0.72,0.71,0.7
02/22/2018,0.8,0.75,0.72,0.71,0.7
02/21/2018,0.76,0.73,0.72,0.7,0.7
02/20/2018,0.72,0.71,0.71,0.7,0.7
02/16/2018,0.71,0.7,0.7,0.69,0.7
02/15/2018,0.71,0.69,0.7,0.69,0.7
02/14/2018,0.69,0.69,0.69,0.69,0.7
02/13/2018,0.71,0.69,0.7,0.68,0.7
02/12/2018,0.71,0.7,0.7,0.68,0.71
02/09/2018,0.68,0.69,0.69,0.68,0.7
02/08/2018,0.67,0.69,0.69,0.68,0.7
02/07/2018,0.69,0.7,0.69,0.69,0.71
02/06/2018,0.68,0.7,0.69,0.68,0.71
02/05/2018,0.7,0.71,0.69,0.68,0.71
02/02/2018,0.71,0.7,0.69,0.68,0.71
02/01/2018,0.72,0.7,0.69,0.68,0.71
01/31/2018,0.71,0.69,0.68,0.68,0.71
01/30/2018,0.72,0.7,0.68,0.68,0.71
01/29/2018,0.71,0.69,0.68,0.68,0.71
01/26/2018,0.7,0.69,0.68,0.67,0.72
01/25/2018,0.69,0.69,0.68,0.67,0.72
01/24/2018,0.68,0.68,0.68,0.67,0.71
01/23/2018,0.69,0.67,0.68,0.67,0.71
01/22/2018,0.67,0.67,0.67,0.67,0.71
01/19/2018,0.67,0.67,0.68,0.68,0.72
01/17/2018,0.69,0.68,0.68,0.68,0.72
01/16/2018,0.69,0.67,0.67,0.68,0.72
01/12/2018,0.66,0.66,0.67,0.68,0.72
01/11/2018,0.67,0.66,0.67,0.68,0.72
01/10/2018,0.67,0.67,0.67,0.68,0.73
01/09/2018,0.66,0.67,0.66,0.68,0.73
01/08/2018,0.66,0.68,0.66,0.69,0.73
01/04/2018,0.65,0.68,0.66,0.69,0.73
01/03/2018,0.65,0.68,0.67,0.7,0.73
01/02/2018,0.67,0.68,0.68,0.7,0.74
12/29/2017,0.67,0.67,0.68,0.71,0.74
12/28/2017,0.69,0.67,0.68,0.71,0.74
12/27/2017,0.71,0.68,0.69,0.72,0.75
12/26/2017,0.71,0.68,0.69,0.73,0.75
12/22/2017,0.69,0.67,0.69,0.73,0.75
12/21/2017,0.68,0.66,0.69,0.73,0.76
12/20/2017,0.65,0.65,0.69,0.72,0.76
12/19/2017,0.65,0.65,0.7,0.73,0.76
12/18/2017,0.65,0.65,0.71,0.73,0.77
12/15/2017,0.64,0.68,0.72,0.73,0.77
12/14/2017,0.63,0.69,0.72,0.74,0.77
12/13/2017,0.64,0.69,0.73,0.74,0.78
12/12/2017,0.65,0.7,0.74,0.75,0.78
12/11/2017,0.66,0.7,0.75,0.75,0.79
12/08/2017,0.71,0.71,0.76,0.76,0.79
12/07/2017,0.74,0.72,0.76,0.76,0.8
12/06/2017,0.73,0.74,0.76,0.76,0.8
12/05/2017,0.74,0.74,0.77,0.76,0.81
12/04/2017,0.74,0.76,0.77,0.76,0.81
12/01/2017,0.72,0.76,0.76,0.76,0.82
11/30/2017,0.7,0.75,0.76,0.76,0.82
11/29/2017,0.74,0.77,0.77,0.76,0.82
11/28/2017,0.74,0.79,0.77,0.77,0.82
11/27/2017,0.78,0.81,0.78,0.77,0.83
11/24/2017,0.8,0.8,0.78,0.77,0.83
11/22/2017,0.81,0.8,0.78,0.77,0.83
11/21/2017,0.79,0.79,0.77,0.77,0.84
11/20/2017,0.83,0.79,0.77,0.77,0.84
11/15/2017,0.83,0.79,0.76,0.77,0.84
11/14/2017,0.8,0.77,0.76,0.77,0.84
11/13/2017,0.79,0.77,0.76,0.77,0.84
11/10/2017,0.78,0.77,0.76,0.77,0.85
11/09/2017,0.75,0.76,0.76,0.77,0.85
11/08/2017,0.74,0.75,0.75,0.77,0.85
11/07/2017,0.74,0.76,0.75,0.78,0.86
11/06/2017,0.74,0.76,0.76,0.78,0.87
11/02/2017,0.76,0.76,0.76,0.79,0.88
11/01/2017,0.76,0.75,0.76,0.79,0.88
10/31/2017,0.75,0.74,0.76,0.8,0.89
10/30/2017,0.77,0.74,0.76,0.81,0.9
10/27/2017,0.78,0.76,0.77,0.81,0.91
10/26/2017,0.76,0.76,0.77,0.81,0.92
10/25/2017,0.74,0.76,0.78,0.82,0.92
10/24/2017,0.73,0.75,0.79,0.83,0.92
10/23/2017,0.72,0.75,0.79,0.83,0.93
10/20/2017,0.73,0.75,0.8,0.84,0.94
10/19/2017,0.76,0.76,0.81,0.85,0.95
10/18/2017,0.77,0.77,0.82,0.86,0.96
10/17/2017,0.78,0.78,0.83,0.86,0.97
10/16/2017,0.78,0.79,0.84,0.87,0.98
10/13/2017,0.78,0.79,0.84,0.88,0.99
10/12/2017,0.76,0.79,0.84,0.88,1.0
10/11/2017,0.76,0.8,0.85,0.88,1.01
10/10/2017,0.77,0.82,0.86,0.89,1.02
10/09/2017,0.79,0.84,0.87,0.9,1.03
10/06/2017,0.8,0.84,0.88,0.9,1.04
10/05/2017,0.82,0.86,0.89,0.9,1.05
10/04/2017,0.84,0.86,0.9,0.91,1.06
10/03/2017,0.86,0.87,0.91,0.91,1.07
10/02/2017,0.89,0.89,0.92,0.91,1.08
09/29/2017,0.88,0.89,0.92,0.91,1.09
09/28/2017,0.9,0.89,0.92,0.92,1.1
09/27/2017,0.89,0.9,0.92,0.93,1.11
09/26/2017,0.89,0.91,0.93,0.93,1.12
09/25/2017,0.89,0.9,0.92,0.94,1.12
09/22/2017,0.89,0.92,0.93,0.95,1.13
09/21/2017,0.89,0.92,0.93,0.96,1.14
09/20/2017,0.91,0.93,0.93,0.98,1.15
09/19/2017,0.93,0.94,0.93,0.99,1.16
09/18/2017,0.91,0.95,0.92,1.0,1.16
09/15/2017,0.94,0.95,0.92,1.01,1.17
09/14/2017,0.96,0.96,0.93,1.02,1.18
09/13/2017,0.96,0.94,0.94,1.02,1.19
09/12/2017,0.96,0.94,0.94,1.02,1.19
09/11/2017,0.98,0.94,0.95,1.03,1.2
09/08/2017,0.96,0.94,0.97,1.04,1.21
09/07/2017,0.95,0.93,0.98,1.05,1.21
09/06/2017,0.93,0.93,1.0,1.06,1.22
09/05/2017,0.93,0.91,1.01,1.08,1.23
09/01/2017,0.91,0.9,1.03,1.09,1.23
08/31/2017,0.91,0.89,1.05,1.1,1.24
08/30/2017,0.91,0.91,1.05,1.12,1.25
08/29/2017,0.92,0.94,1.06,1.14,1.26
08/28/2017,0.89,0.95,1.06,1.15,1.27
08/25/2017,0.88,0.96,1.07,1.16,1.27
08/24/2017,0.88,1.01,1.09,1.18,1.28
08/23/2017,0.92,1.04,1.11,1.19,1.29
08/22/2017,0.95,1.07,1.13,1.21,1.3
08/21/2017,1.0,1.12,1.16,1.23,1.31
08/18/2017,1.05,1.16,1.18,1.25,1.32
08/17/2017,1.14,1.2,1.21,1.27,1.33
08/16/2017,1.16,1.19,1.22,1.28,1.33
08/15/2017,1.18,1.19,1.24,1.29,1.34
08/14/2017,1.23,1.18,1.25,1.3,1.34
08/11/2017,1.27,1.18,1.26,1.31,1.35
08/10/2017,1.26,1.18,1.26,1.31,1.35
08/09/2017,1.22,1.18,1.27,1.32,1.35
08/08/2017,1.19,1.2,1.28,1.33,1.35
08/07/2017,1.13,1.2,1.29,1.33,1.36
08/04/2017,1.09,1.2,1.29,1.33,1.36
08/03/2017,1.1,1.22,1.3,1.34,1.36
08/02/2017,1.15,1.25,1.32,1.35,1.37
08/01/2017,1.22,1.28,1.34,1.36,1.37
07/31/2017,1.28,1.32,1.36,1.36,1.38
07/28/2017,1.31,1.34,1.37,1.37,1.38
07/27/2017,1.34,1.35,1.38,1.37,1.39
07/26/2017,1.36,1.36,1.39,1.38,1.39
07/25/2017,1.35,1.36,1.39,1.38,1.39
07/24/2017,1.36,1.37,1.39,1.38,1.39
07/20/2017,1.38,1.39,1.39,1.38,1.39
07/19/2017,1.36,1.39,1.39,1.38,1.39
07/18/2017,1.36,1.39,1.4,1.39,1.39
07/17/2017,1.38,1.4,1.39,1.39,1.39
07/14/2017,1.39,1.4,1.38,1.39,1.39
07/13/2017,1.4,1.4,1.38,1.38,1.4
07/12/2017,1.42,1.41,1.38,1.38,1.4
07/10/2017,1.42,1.42,1.38,1.38,1.4
07/07/2017,1.42,1.42,1.38,1.38,1.4
07/06/2017,1.41,1.4,1.38,1.38,1.4
07/05/2017,1.4,1.39,1.38,1.38,1.4
07/03/2017,1.39,1.4,1.38,1.39,1.4
06/30/2017,1.42,1.41,1.38,1.39,1.4
06/29/2017,1.42,1.39,1.38,1.39,1.41
06/28/2017,1.39,1.37,1.38,1.39,1.41
06/26/2017,1.39,1.36,1.38,1.39,1.41
06/23/2017,1.4,1.35,1.37,1.39,1.41
06/22/2017,1.4,1.35,1.37,1.38,1.42
06/21/2017,1.36,1.35,1.37,1.38,1.42
06/20/2017,1.35,1.36,1.37,1.38,1.43
06/19/2017,1.33,1.37,1.38,1.39,1.43
06/16/2017,1.3,1.36,1.38,1.39,1.43
06/15/2017,1.3,1.36,1.38,1.38,1.43
06/14/2017,1.33,1.37,1.39,1.38,1.44
06/13/2017,1.38,1.39,1.4,1.39,1.45
06/12/2017,1.41,1.4,1.41,1.4,1.45
06/09/2017,1.42,1.39,1.41,1.4,1.46
06/08/2017,1.42,1.38,1.4,1.4,1.46
06/07/2017,1.41,1.39,1.39,1.4,1.46
06/06/2017,1.4,1.39,1.4,1.4,1.46
06/05/2017,1.38,1.39,1.4,1.4,1.46
06/02/2017,1.37,1.4,1.4,1.4,1.46
06/01/2017,1.34,1.4,1.39,1.4,1.46
05/31/2017,1.37,1.41,1.39,1.4,1.47
05/30/2017,1.38,1.41,1.4,1.4,1.48
05/26/2017,1.4,1.42,1.4,1.41,1.48
05/25/2017,1.43,1.43,1.41,1.41,1.49
05/24/2017,1.46,1.42,1.42,1.42,1.5
05/23/2017,1.45,1.4,1.41,1.42,1.51
05/22/2017,1.44,1.41,1.4,1.42,1.52
05/19/2017,1.43,1.41,1.41,1.42,1.53
05/18/2017,1.44,1.41,1.4,1.42,1.53
05/17/2017,1.38,1.38,1.4,1.42,1.54
05/16/2017,1.35,1.37,1.4,1.42,1.55
05/15/2017,1.37,1.38,1.4,1.43,1.56
05/12/2017,1.38,1.39,1.4,1.43,1.56
05/11/2017,1.37,1.38,1.4,1.43,1.57
05/10/2017,1.39,1.41,1.41,1.45,1.57
05/09/2017,1.4,1.41,1.43,1.46,1.58
05/08/2017,1.39,1.4,1.43,1.47,1.57
05/05/2017,1.39,1.4,1.43,1.47,1.57
05/04/2017,1.39,1.4,1.43,1.47,1.57
05/03/2017,1.43,1.42,1.43,1.49,1.58
05/02/2017,1.43,1.43,1.45,1.5,1.58
05/01/2017,1.42,1.42,1.45,1.5,1.58
04/28/2017,1.41,1.41,1.46,1.51,1.58
04/27/2017,1.41,1.42,1.46,1.51,1.58
04/26/2017,1.41,1.42,1.47,1.51,1.58
04/25/2017,1.43,1.44,1.49,1.51,1.58
04/24/2017,1.42,1.45,1.5,1.52,1.58
04/21/2017,1.42,1.45,1.51,1.52,1.58
04/20/2017,1.43,1.46,1.51,1.52,1.58
04/19/2017,1.43,1.45,1.52,1.53,1.58
04/18/2017,1.45,1.47,1.53,1.54,1.58
04/17/2017,1.48,1.48,1.54,1.55,1.58
04/13/2017,1.48,1.5,1.55,1.55,1.58
04/12/2017,1.48,1.5,1.56,1.57,1.58
04/11/2017,1.47,1.51,1.56,1.59,1.58
04/10/2017,1.48,1.53,1.55,1.6,1.57
04/07/2017,1.49,1.56,1.55,1.61,1.57
04/06/2017,1.51,1.56,1.55,1.63,1.57
04/05/2017,1.51,1.57,1.56,1.65,1.56
04/04/2017,1.56,1.59,1.57,1.67,1.56
04/03/2017,1.58,1.59,1.58,1.68,1.56
03/31/2017,1.62,1.6,1.58,1.69,1.55
03/30/2017,1.61,1.61,1.58,1.7,1.55
03/29/2017,1.63,1.63,1.61,1.7,1.54
03/28/2017,1.62,1.6,1.62,1.7,1.53
03/27/2017,1.6,1.57,1.63,1.69,1.53
03/24/2017,1.57,1.54,1.64,1.68,1.52
03/23/2017,1.61,1.54,1.67,1.68,1.51
03/22/2017,1.62,1.54,1.69,1.68,1.5
03/21/2017,1.58,1.54,1.7,1.67,1.49
03/20/2017,1.54,1.56,1.72,1.67,1.49
03/17/2017,1.52,1.57,1.74,1.66,1.48
03/16/2017,1.48,1.56,1.74,1.65,1.46
03/15/2017,1.46,1.59,1.74,1.65,1.45
03/14/2017,1.5,1.64,1.74,1.65,1.44
03/13/2017,1.58,1.7,1.75,1.65,1.44
03/10/2017,1.61,1.74,1.75,1.64,1.43
03/09/2017,1.63,1.79,1.75,1.64,1.42
03/08/2017,1.72,1.83,1.74,1.64,1.41
03/07/2017,1.78,1.87,1.74,1.63,1.4
03/06/2017,1.81,1.88,1.72,1.62,1.39
03/03/2017,1.87,1.9,1.71,1.61,1.38
03/02/2017,1.95,1.92,1.7,1.6,1.37
03/01/2017,1.93,1.88,1.68,1.58,1.36
02/28/2017,1.96,1.85,1.66,1.57,1.34
02/27/2017,1.94,1.81,1.63,1.55,1.33
02/24/2017,1.94,1.75,1.6,1.53,1.31
02/23/2017,1.89,1.7,1.57,1.5,1.29
02/22/2017,1.82,1.65,1.54,1.48,1.28
02/21/2017,1.73,1.6,1.51,1.46,1.26
02/17/2017,1.67,1.56,1.49,1.44,1.25
02/16/2017,1.57,1.52,1.46,1.41,1.23
02/15/2017,1.51,1.49,1.45,1.4,1.22
02/14/2017,1.49,1.48,1.44,1.38,1.21
02/13/2017,1.47,1.47,1.43,1.37,1.21
02/10/2017,1.46,1.45,1.42,1.36,1.2
02/09/2017,1.47,1.44,1.41,1.35,1.2
02/08/2017,1.47,1.43,1.4,1.34,1.19
02/07/2017,1.47,1.43,1.39,1.33,1.18
02/06/2017,1.46,1.42,1.39,1.32,1.18
02/03/2017,1.44,1.41,1.37,1.3,1.17
02/02/2017,1.41,1.4,1.36,1.29,1.16
02/01/2017,1.4,1.4,1.35,1.27,1.15
01/31/2017,1.38,1.39,1.33,1.25,1.15
01/30/2017,1.37,1.39,1.32,1.24,1.14
01/27/2017,1.38,1.39,1.32,1.23,1.13
01/26/2017,1.4,1.39,1.31,1.22,1.12
01/25/2017,1.4,1.37,1.3,1.2,1.11
01/24/2017,1.4,1.36,1.28,1.19,1.11
01/23/2017,1.4,1.35,1.27,1.18,1.1
01/20/2017,1.4,1.33,1.25,1.17,1.09
01/19/2017,1.38,1.32,1.23,1.15,1.08
01/18/2017,1.34,1.3,1.21,1.14,1.07
01/17/2017,1.32,1.27,1.18,1.13,1.06
01/13/2017,1.3,1.26,1.16,1.12,1.05
01/12/2017,1.27,1.25,1.14,1.11,1.04
01/11/2017,1.26,1.23,1.13,1.09,1.04
01/10/2017,1.25,1.22,1.12,1.09,1.03
01/09/2017,1.22,1.2,1.1,1.08,1.02
01/06/2017,1.22,1.18,1.09,1.07,1.02
01/05/2017,1.22,1.17,1.08,1.06,1.01
01/04/2017,1.21,1.14,1.07,1.05,1.01
01/03/2017,1.2,1.12,1.06,1.05,1.0
12/30/2016,1.18,1.1,1.06,1.04,0.99
12/29/2016,1.15,1.07,1.04,1.04,0.99
12/28/2016,1.11,1.04,1.04,1.04,0.98
12/27/2016,1.07,1.03,1.03,1.04,0.97
12/23/2016,1.04,1.01,1.02,1.03,0.97
12/22/2016,1.01,1.01,1.01,1.03,0.97
12/21/2016,0.99,1.0,1.01,1.04,0.96
12/19/2016,0.97,1.0,1.0,1.03,0.96
12/14/2016,0.98,1.0,1.01,1.03,0.95
12/12/2016,0.99,1.0,1.01,1.04,0.95
12/09/2016,1.0,1.01,1.02,1.04,0.95
12/08/2016,1.01,1.02,1.03,1.04,0.95
12/06/2016,1.02,1.03,1.04,1.03,0.94
12/01/2016,1.02,1.02,1.04,1.03,0.94
11/30/2016,1.02,1.02,1.05,1.03,0.93
11/29/2016,1.03,1.02,1.05,1.02,0.93
11/28/2016,1.03,1.02,1.05,1.02,0.93
11/22/2016,1.04,1.01,1.05,1.01,0.92
11/21/2016,1.03,1.02,1.05,1.01,0.92
11/18/2016,1.03,1.01,1.05,1.0,0.91
11/16/2016,1.01,1.02,1.05,1.0,0.9
11/15/2016,1.0,1.03,1.04,0.99,0.9
11/14/2016,0.99,1.05,1.04,0.98,0.89
11/11/2016,1.0,1.06,1.03,0.98,0.89
11/10/2016,1.0,1.07,1.03,0.98,0.88
11/09/2016,1.02,1.07,1.02,0.97,0.87
11/08/2016,1.06,1.09,1.02,0.97,0.87
11/07/2016,1.1,1.09,1.01,0.97,0.86
11/04/2016,1.12,1.09,1.0,0.96,0.85
11/03/2016,1.13,1.09,1.0,0.95,0.85
11/02/2016,1.12,1.08,0.99,0.94,0.84
11/01/2016,1.12,1.05,0.97,0.93,0.83
10/31/2016,1.08,1.03,0.95,0.92,0.82
10/28/2016,1.06,1.0,0.94,0.91,0.81
10/27/2016,1.05,0.99,0.93,0.9,0.8
10/26/2016,1.03,0.97,0.92,0.9,0.8
10/25/2016,0.99,0.94,0.91,0.89,0.79
10/24/2016,0.97,0.93,0.91,0.88,0.78
10/21/2016,0.95,0.92,0.89,0.87,0.78
10/20/2016,0.92,0.91,0.88,0.86,0.77
10/19/2016,0.91,0.9,0.87,0.86,0.76
10/18/2016,0.9,0.89,0.87,0.86,0.75
10/14/2016,0.89,0.88,0.87,0.85,0.74
10/13/2016,0.89,0.89,0.87,0.85,0.73
10/10/2016,0.89,0.88,0.86,0.84,0.73
10/07/2016,0.88,0.87,0.86,0.84,0.72
10/04/2016,0.88,0.88,0.86,0.83,0.71
10/03/2016,0.88,0.88,0.85,0.83,0.7
09/29/2016,0.89,0.87,0.85,0.83,0.7
09/28/2016,0.87,0.86,0.84,0.82,0.69
09/27/2016,0.86,0.85,0.84,0.81,0.69
09/26/2016,0.87,0.85,0.84,0.81,0.68
09/22/2016,0.89,0.85,0.83,0.8,0.67
09/21/2016,0.85,0.85,0.83,0.79,0.67
09/20/2016,0.84,0.85,0.82,0.78,0.66
09/19/2016,0.84,0.85,0.82,0.78,0.66
09/16/2016,0.83,0.84,0.81,0.76,0.65
09/15/2016,0.82,0.83,0.8,0.75,0.64
09/14/2016,0.84,0.82,0.8,0.74,0.63
09/13/2016,0.85,0.83,0.8,0.74,0.62
09/12/2016,0.86,0.83,0.79,0.73,0.62
09/09/2016,0.85,0.83,0.78,0.72,0.61
09/06/2016,0.83,0.82,0.77,0.71,0.6
09/02/2016,0.8,0.81,0.76,0.71,0.59
09/01/2016,0.8,0.8,0.75,0.7,0.58
08/31/2016,0.8,0.8,0.74,0.7,0.57
08/30/2016,0.8,0.79,0.73,0.69,0.57
08/29/2016,0.8,0.78,0.71,0.69,0.56
08/24/2016,0.82,0.78,0.7,0.68,0.56
08/23/2016,0.79,0.77,0.69,0.67,0.55
08/22/2016,0.79,0.76,0.68,0.66,0.54
08/18/2016,0.78,0.74,0.67,0.64,0.53
08/17/2016,0.77,0.73,0.66,0.63,0.53
08/16/2016,0.75,0.71,0.66,0.62,0.52
08/15/2016,0.74,0.71,0.66,0.61,0.52
08/12/2016,0.72,0.68,0.65,0.6,0.51
08/11/2016,0.7,0.66,0.64,0.59,0.51
08/09/2016,0.69,0.65,0.64,0.58,0.5
08/08/2016,0.67,0.63,0.63,0.57,0.5
08/05/2016,0.67,0.62,0.62,0.56,0.49
08/04/2016,0.65,0.61,0.61,0.56,0.49
08/03/2016,0.62,0.61,0.6,0.55,0.48
08/02/2016,0.6,0.6,0.58,0.55,0.48
08/01/2016,0.58,0.61,0.57,0.55,0.48
07/28/2016,0.57,0.61,0.56,0.54,0.47
07/27/2016,0.57,0.61,0.56,0.53,0.47
07/26/2016,0.59,0.62,0.55,0.53,0.47
07/20/2016,0.6,0.63,0.55,0.52,0.47
07/19/2016,0.64,0.63,0.54,0.51,0.46
07/15/2016,0.64,0.62,0.53,0.51,0.46
07/14/2016,0.65,0.61,0.53,0.5,0.46
07/13/2016,0.66,0.59,0.53,0.49,0.45
07/12/2016,0.66,0.57,0.53,0.48,0.45
07/11/2016,0.62,0.54,0.52,0.47,0.44
07/08/2016,0.59,0.52,0.5,0.46,0.44
07/07/2016,0.56,0.5,0.49,0.45,0.43
07/06/2016,0.51,0.48,0.48,0.44,0.43
07/05/2016,0.48,0.46,0.47,0.44,0.43
07/01/2016,0.45,0.45,0.46,0.43,0.42
06/30/2016,0.45,0.45,0.45,0.43,0.42
06/29/2016,0.44,0.46,0.45,0.43,0.42
06/28/2016,0.45,0.47,0.44,0.42,0.42
06/27/2016,0.45,0.48,0.44,0.42,0.42
06/24/2016,0.44,0.5,0.43,0.42,0.42
06/22/2016,0.45,0.49,0.43,0.42,0.42
06/21/2016,0.48,0.49,0.43,0.42,0.42
06/20/2016,0.5,0.48,0.42,0.42,0.42
06/17/2016,0.52,0.47,0.42,0.42,0.42
06/16/2016,0.55,0.47,0.42,0.42,0.42
06/15/2016,0.53,0.45,0.42,0.42,0.41
06/14/2016,0.5,0.43,0.41,0.42,0.41
06/13/2016,0.46,0.41,0.4,0.41,0.41
06/10/2016,0.42,0.39,0.39,0.41,0.41
06/09/2016,0.38,0.37,0.39,0.41,0.4
06/08/2016,0.37,0.37,0.39,0.41,0.4
06/07/2016,0.36,0.36,0.39,0.41,0.4
06/03/2016,0.36,0.37,0.4,0.41,0.4
06/02/2016,0.36,0.37,0.4,0.41,0.4
06/01/2016,0.36,0.38,0.4,0.41,0.4
05/31/2016,0.36,0.39,0.41,0.41,0.4
05/26/2016,0.37,0.39,0.41,0.41,0.4
05/25/2016,0.37,0.39,0.41,0.42,0.4
05/20/2016,0.38,0.4,0.42,0.42,0.4
05/19/2016,0.4,0.4,0.42,0.42,0.4
05/18/2016,0.41,0.41,0.43,0.42,0.4
05/16/2016,0.41,0.42,0.43,0.42,0.4
05/13/2016,0.41,0.42,0.43,0.42,0.4
05/10/2016,0.41,0.43,0.43,0.42,0.4
05/09/2016,0.41,0.43,0.43,0.41,0.4
05/06/2016,0.41,0.43,0.43,0.41,0.4
05/04/2016,0.43,0.43,0.43,0.41,0.4
04/29/2016,0.44,0.44,0.43,0.41,0.4
04/28/2016,0.44,0.44,0.43,0.41,0.4
04/26/2016,0.44,0.44,0.42,0.41,0.4
04/25/2016,0.44,0.44,0.42,0.41,0.4
04/20/2016,0.42,0.44,0.42,0.41,0.4
04/19/2016,0.44,0.44,0.42,0.41,0.4
04/18/2016,0.44,0.43,0.41,0.41,0.4
04/13/2016,0.45,0.43,0.41,0.41,0.39
04/01/2016,0.45,0.43,0.4,0.41,0.39
03/31/2016,0.45,0.43,0.4,0.41,0.39
03/30/2016,0.44,0.42,0.4,0.4,0.39
03/28/2016,0.42,0.41,0.4,0.4,0.39
03/22/2016,0.41,0.4,0.39,0.4,0.39
03/18/2016,0.41,0.4,0.39,0.4,0.39
03/17/2016,0.4,0.4,0.39,0.4,0.38
03/14/2016,0.4,0.39,0.39,0.4,0.38
03/11/2016,0.4,0.39,0.39,0.4,0.38
03/10/2016,0.4,0.38,0.39,0.39,0.38
03/04/2016,0.39,0.38,0.4,0.39,0.38
02/22/2016,0.39,0.38,0.4,0.39,0.38
02/16/2016,0.38,0.38,0.39,0.39,0.38
02/10/2016,0.37,0.38,0.39,0.39,0.38
02/03/2016,0.36,0.38,0.39,0.39,0.38
01/22/2016,0.36,0.39,0.4,0.39,0.38
01/21/2016,0.37,0.39,0.4,0.39,0.38
01/20/2016,0.37,0.39,0.4,0.39,0.38
01/19/2016,0.39,0.4,0.4,0.39,0.38
01/14/2016,0.4,0.41,0.4,0.39,0.39
01/13/2016,0.41,0.41,0.4,0.39,0.39
01/12/2016,0.41,0.41,0.4,0.4,0.39
01/11/2016,0.42,0.41,0.4,0.4,0.39
01/08/2016,0.41,0.41,0.39,0.4,0.39
01/07/2016,0.42,0.41,0.39,0.39,0.39
01/06/2016,0.42,0.41,0.39,0.39,0.4
01/05/2016,0.42,0.4,0.39,0.39,0.4
01/04/2016,0.41,0.4,0.39,0.39,0.4
12/31/2015,0.41,0.4,0.39,0.38,0.4
12/30/2015,0.4,0.39,0.39,0.38,0.4
12/29/2015,0.39,0.39,0.38,0.38,0.4
12/24/2015,0.39,0.38,0.39,0.38,0.4
12/23/2015,0.39,0.38,0.39,0.38,0.41
12/18/2015,0.39,0.37,0.39,0.38,0.41
12/17/2015,0.39,0.38,0.38,0.38,0.41
12/16/2015,0.38,0.37,0.38,0.37,0.41
12/15/2015,0.37,0.37,0.38,0.37,0.41
12/14/2015,0.37,0.38,0.38,0.37,0.41
12/10/2015,0.35,0.37,0.38,0.37,0.42
12/08/2015,0.36,0.38,0.38,0.37,0.42
12/07/2015,0.36,0.38,0.37,0.37,0.42
11/24/2015,0.37,0.4,0.37,0.37,0.43
11/23/2015,0.38,0.4,0.37,0.37,0.43
11/19/2015,0.39,0.4,0.38,0.37,0.43
11/17/2015,0.4,0.39,0.37,0.37,0.43
11/16/2015,0.41,0.4,0.38,0.37,0.43
11/13/2015,0.42,0.4,0.38,0.37,0.43
11/12/2015,0.41,0.38,0.37,0.37,0.43
11/10/2015,0.42,0.38,0.37,0.37,0.43
11/09/2015,0.39,0.37,0.36,0.38,0.43
11/06/2015,0.39,0.36,0.36,0.38,0.43
10/28/2015,0.37,0.35,0.35,0.38,0.43
10/09/2015,0.35,0.35,0.35,0.39,0.43
10/08/2015,0.35,0.35,0.35,0.39,0.43
10/05/2015,0.35,0.36,0.35,0.4,0.43
09/29/2015,0.33,0.35,0.36,0.4,0.43
09/28/2015,0.33,0.35,0.36,0.4,0.44
09/15/2015,0.35,0.36,0.37,0.41,0.44
09/08/2015,0.35,0.36,0.37,0.42,0.44
09/02/2015,0.36,0.36,0.38,0.42,0.44
09/01/2015,0.38,0.37,0.39,0.43,0.44
08/31/2015,0.37,0.36,0.4,0.43,0.45
08/25/2015,0.37,0.35,0.4,0.44,0.45
08/19/2015,0.37,0.35,0.41,0.44,0.45
08/18/2015,0.36,0.35,0.42,0.44,0.45
08/17/2015,0.35,0.36,0.42,0.45,0.45
08/12/2015,0.34,0.37,0.43,0.45,0.45
08/11/2015,0.34,0.38,0.44,0.46,0.45
08/07/2015,0.33,0.38,0.44,0.46,0.45
08/06/2015,0.35,0.4,0.45,0.47,0.45
08/05/2015,0.37,0.42,0.46,0.48,0.45
07/31/2015,0.4,0.44,0.47,0.48,0.45
07/27/2015,0.42,0.45,0.48,0.49,0.45
07/15/2015,0.43,0.47,0.48,0.49,0.45
07/09/2015,0.45,0.48,0.49,0.49,0.45
07/08/2015,0.46,0.48,0.49,0.49,0.44
06/26/2015,0.48,0.49,0.5,0.49,0.44
06/25/2015,0.48,0.49,0.5,0.49,0.44
06/24/2015,0.51,0.51,0.5,0.49,0.44
06/19/2015,0.51,0.5,0.51,0.49,0.44
06/16/2015,0.5,0.49,0.51,0.48,0.44
06/10/2015,0.49,0.5,0.5,0.48,0.43
06/03/2015,0.5,0.5,0.5,0.48,0.43
05/22/2015,0.5,0.5,0.5,0.47,0.43
05/21/2015,0.48,0.49,0.5,0.47,0.43
05/20/2015,0.48,0.49,0.5,0.47,0.43
05/19/2015,0.51,0.5,0.49,0.47,0.43
05/15/2015,0.5,0.5,0.49,0.47,0.42
05/14/2015,0.49,0.5,0.48,0.46,0.42
05/11/2015,0.51,0.52,0.48,0.47,0.42
04/27/2015,0.49,0.52,0.47,0.46,0.42
04/24/2015,0.5,0.51,0.47,0.46,0.42
04/23/2015,0.5,0.5,0.46,0.46,0.41
04/17/2015,0.52,0.5,0.46,0.45,0.41
04/16/2015,0.53,0.5,0.46,0.45,0.41
04/10/2015,0.55,0.5,0.46,0.45,0.41
04/09/2015,0.52,0.48,0.45,0.44,0.4
04/08/2015,0.51,0.48,0.45,0.44,0.4
04/07/2015,0.49,0.46,0.45,0.43,0.4
04/06/2015,0.47,0.44,0.44,0.42,0.4
04/02/2015,0.46,0.43,0.43,0.42,0.4
03/31/2015,0.45,0.43,0.44,0.41,0.4
03/30/2015,0.44,0.42,0.43,0.41,0.4
03/25/2015,0.43,0.42,0.43,0.41,0.41
03/24/2015,0.42,0.41,0.43,0.4,0.41
03/23/2015,0.4,0.41,0.42,0.4,0.41
03/20/2015,0.41,0.42,0.42,0.4,0.41
03/19/2015,0.41,0.43,0.41,0.4,0.41
03/18/2015,0.41,0.43,0.41,0.4,0.41
03/17/2015,0.41,0.43,0.41,0.39,0.41
03/13/2015,0.43,0.44,0.41,0.39,0.41
03/09/2015,0.44,0.44,0.41,0.39,0.41
03/06/2015,0.44,0.44,0.4,0.39,0.41
03/05/2015,0.45,0.43,0.4,0.39,0.41
03/04/2015,0.46,0.44,0.4,0.39,0.41
03/03/2015,0.45,0.43,0.39,0.39,0.41
03/02/2015,0.45,0.41,0.38,0.39,0.41
02/27/2015,0.44,0.4,0.38,0.38,0.41
02/24/2015,0.42,0.4,0.38,0.38,0.41
02/23/2015,0.42,0.39,0.37,0.38,0.41
02/20/2015,0.4,0.38,0.37,0.38,0.4
02/19/2015,0.38,0.37,0.37,0.37,0.4
02/18/2015,0.37,0.37,0.36,0.37,0.4
02/17/2015,0.37,0.37,0.36,0.37,0.4
02/13/2015,0.36,0.36,0.37,0.37,0.4
02/12/2015,0.36,0.35,0.37,0.37,0.4
02/11/2015,0.35,0.35,0.37,0.37,0.4
02/10/2015,0.36,0.36,0.37,0.37,0.4
02/09/2015,0.36,0.36,0.37,0.38,0.4
02/06/2015,0.36,0.36,0.37,0.38,0.4
02/05/2015,0.35,0.36,0.37,0.38,0.41
02/04/2015,0.35,0.36,0.37,0.39,0.41
02/03/2015,0.35,0.36,0.37,0.4,0.41
02/02/2015,0.35,0.36,0.37,0.4,0.41
01/30/2015,0.36,0.38,0.37,0.41,0.41
01/29/2015,0.37,0.39,0.38,0.42,0.41
01/28/2015,0.37,0.39,0.38,0.42,0.41
01/27/2015,0.36,0.39,0.38,0.42,0.41
01/26/2015,0.37,0.38,0.38,0.42,0.41
01/23/2015,0.39,0.39,0.39,0.43,0.41
01/21/2015,0.4,0.39,0.4,0.43,0.41
01/20/2015,0.4,0.39,0.4,0.43,0.4
01/16/2015,0.41,0.39,0.42,0.44,0.4
01/15/2015,0.4,0.38,0.42,0.43,0.4
01/14/2015,0.38,0.37,0.43,0.43,0.4
01/12/2015,0.37,0.36,0.44,0.43,0.4
01/08/2015,0.37,0.37,0.44,0.43,0.4
01/07/2015,0.36,0.37,0.44,0.43,0.4
01/06/2015,0.37,0.38,0.44,0.43,0.4
01/05/2015,0.36,0.39,0.45,0.43,0.4
01/02/2015,0.36,0.41,0.45,0.43,0.4
12/31/2014,0.36,0.42,0.46,0.43,0.4
12/30/2014,0.38,0.44,0.46,0.43,0.4
12/29/2014,0.4,0.47,0.46,0.43,0.4
12/26/2014,0.41,0.49,0.46,0.43,0.41
12/23/2014,0.45,0.51,0.47,0.44,0.41
12/22/2014,0.48,0.51,0.47,0.44,0.41
12/17/2014,0.51,0.51,0.46,0.44,0.41
12/15/2014,0.53,0.5,0.46,0.43,0.41
12/12/2014,0.56,0.51,0.46,0.43,0.41
12/11/2014,0.56,0.49,0.45,0.43,0.41
12/10/2014,0.53,0.49,0.43,0.43,0.4
12/09/2014,0.5,0.48,0.43,0.42,0.4
12/08/2014,0.47,0.45,0.42,0.41,0.4
12/05/2014,0.45,0.44,0.41,0.4,0.4
12/04/2014,0.42,0.43,0.4,0.4,0.4
12/03/2014,0.44,0.42,0.4,0.39,0.4
12/02/2014,0.45,0.42,0.4,0.39,0.4
12/01/2014,0.44,0.42,0.4,0.39,0.4
11/28/2014,0.43,0.41,0.4,0.39,0.4
11/26/2014,0.43,0.4,0.39,0.38,0.4
11/25/2014,0.4,0.38,0.39,0.38,0.4
11/24/2014,0.39,0.38,0.39,0.37,0.4
11/21/2014,0.4,0.38,0.39,0.37,0.4
11/20/2014,0.39,0.37,0.39,0.37,0.41
11/19/2014,0.37,0.37,0.38,0.37,0.41
11/18/2014,0.36,0.38,0.38,0.37,0.41
11/17/2014,0.37,0.38,0.38,0.37,0.41
11/14/2014,0.36,0.39,0.38,0.37,0.41
11/13/2014,0.36,0.38,0.38,0.37,0.42
11/12/2014,0.37,0.39,0.38,0.37,0.42
11/11/2014,0.39,0.41,0.38,0.38,0.42
11/10/2014,0.39,0.4,0.37,0.38,0.42
11/07/2014,0.41,0.4,0.37,0.38,0.43
11/06/2014,0.41,0.4,0.38,0.38,0.43
11/05/2014,0.41,0.39,0.37,0.38,0.43
11/04/2014,0.42,0.38,0.37,0.38,0.43
10/31/2014,0.41,0.37,0.37,0.38,0.44
10/30/2014,0.39,0.37,0.36,0.38,0.44
10/29/2014,0.39,0.37,0.37,0.39,0.45
10/28/2014,0.38,0.36,0.37,0.39,0.45
10/27/2014,0.35,0.34,0.36,0.38,0.45
10/24/2014,0.34,0.34,0.36,0.39,0.45
10/23/2014,0.35,0.34,0.37,0.39,0.45
10/22/2014,0.34,0.35,0.37,0.39,0.45
10/21/2014,0.34,0.35,0.37,0.4,0.46
10/20/2014,0.34,0.35,0.38,0.4,0.46
10/17/2014,0.34,0.36,0.39,0.4,0.47
10/16/2014,0.32,0.36,0.39,0.41,0.47
10/14/2014,0.36,0.36,0.39,0.42,0.47
10/13/2014,0.36,0.37,0.4,0.42,0.48
10/10/2014,0.37,0.38,0.4,0.42,0.48
10/09/2014,0.38,0.39,0.41,0.43,0.49
10/08/2014,0.39,0.39,0.42,0.44,0.49
10/07/2014,0.37,0.38,0.41,0.44,0.49
10/06/2014,0.38,0.39,0.42,0.44,0.5
10/03/2014,0.39,0.4,0.42,0.45,0.5
10/02/2014,0.39,0.41,0.43,0.45,0.51
10/01/2014,0.4,0.42,0.44,0.46,0.51
09/30/2014,0.4,0.42,0.44,0.46,0.51
09/25/2014,0.4,0.42,0.44,0.47,0.52
09/24/2014,0.4,0.43,0.45,0.47,0.52
09/23/2014,0.44,0.43,0.45,0.47,0.53
09/22/2014,0.45,0.44,0.46,0.47,0.53
09/19/2014,0.45,0.45,0.47,0.48,0.53
09/18/2014,0.45,0.45,0.47,0.48,0.53
09/17/2014,0.45,0.45,0.47,0.49,0.54
09/16/2014,0.43,0.44,0.47,0.49,0.54
09/15/2014,0.44,0.45,0.48,0.5,0.55
09/12/2014,0.44,0.46,0.48,0.51,0.55
09/11/2014,0.45,0.46,0.49,0.51,0.56
09/05/2014,0.45,0.47,0.49,0.52,0.56
09/03/2014,0.45,0.47,0.49,0.52,0.57
09/02/2014,0.46,0.47,0.49,0.52,0.57
08/29/2014,0.48,0.49,0.49,0.52,0.58
08/28/2014,0.48,0.49,0.5,0.52,0.58
08/27/2014,0.49,0.5,0.51,0.52,0.59
08/26/2014,0.5,0.5,0.52,0.53,0.59
08/25/2014,0.49,0.51,0.53,0.53,0.59
08/21/2014,0.5,0.5,0.53,0.53,0.59
08/19/2014,0.51,0.51,0.53,0.54,0.6
08/18/2014,0.51,0.51,0.54,0.54,0.61
08/13/2014,0.51,0.5,0.54,0.54,0.61
08/12/2014,0.52,0.5,0.54,0.55,0.62
08/08/2014,0.51,0.5,0.53,0.55,0.63
08/06/2014,0.52,0.5,0.53,0.56,0.64
08/05/2014,0.51,0.51,0.53,0.56,0.65
08/04/2014,0.5,0.53,0.54,0.56,0.67
08/01/2014,0.48,0.56,0.54,0.56,0.69
07/31/2014,0.48,0.56,0.55,0.57,0.71
07/30/2014,0.48,0.56,0.55,0.57,0.73
07/29/2014,0.52,0.57,0.55,0.57,0.75
07/28/2014,0.56,0.57,0.56,0.58,0.77
07/24/2014,0.63,0.57,0.57,0.58,0.8
07/23/2014,0.63,0.56,0.58,0.59,0.81
07/22/2014,0.63,0.57,0.58,0.59,0.84
07/21/2014,0.62,0.56,0.58,0.59,0.86
07/18/2014,0.58,0.55,0.58,0.6,0.88
07/17/2014,0.5,0.52,0.57,0.59,0.89
07/16/2014,0.5,0.53,0.57,0.6,0.91
07/15/2014,0.5,0.54,0.57,0.6,0.94
07/14/2014,0.49,0.54,0.57,0.61,0.96
07/11/2014,0.51,0.55,0.59,0.62,0.98
07/09/2014,0.55,0.57,0.59,0.63,1.01
07/08/2014,0.57,0.59,0.6,0.64,1.03
07/07/2014,0.58,0.6,0.6,0.65,1.06
07/02/2014,0.58,0.61,0.61,0.65,1.09
07/01/2014,0.58,0.61,0.62,0.65,1.11
06/30/2014,0.6,0.61,0.63,0.65,1.13
06/27/2014,0.61,0.61,0.63,0.66,1.16
06/26/2014,0.62,0.61,0.64,0.67,1.18
06/25/2014,0.64,0.61,0.65,0.67,1.2
06/23/2014,0.64,0.63,0.65,0.68,1.23
06/18/2014,0.62,0.62,0.66,0.7,1.25
06/12/2014,0.6,0.61,0.67,0.72,1.28
06/11/2014,0.59,0.6,0.67,0.73,1.3
06/10/2014,0.58,0.61,0.67,0.75,1.33
06/09/2014,0.61,0.63,0.67,0.78,1.35
06/06/2014,0.61,0.64,0.68,0.81,1.37
06/05/2014,0.61,0.66,0.68,0.85,1.4
06/04/2014,0.61,0.66,0.69,0.89,1.42
06/03/2014,0.63,0.68,0.7,0.93,1.45
05/30/2014,0.64,0.68,0.71,0.97,1.47
05/21/2014,0.67,0.7,0.73,1.01,1.5
05/14/2014,0.7,0.73,0.77,1.04,1.53
05/13/2014,0.72,0.74,0.79,1.08,1.55
05/12/2014,0.74,0.73,0.82,1.12,1.58
05/09/2014,0.72,0.71,0.86,1.16,1.6
05/02/2014,0.74,0.71,0.9,1.19,1.63
05/01/2014,0.75,0.71,0.95,1.23,1.65
04/30/2014,0.75,0.72,1.01,1.27,1.68
04/29/2014,0.72,0.72,1.05,1.3,1.71
04/28/2014,0.71,0.74,1.11,1.34,1.73
04/25/2014,0.69,0.77,1.16,1.38,1.76
04/23/2014,0.67,0.82,1.2,1.42,1.79
04/22/2014,0.69,0.85,1.26,1.47,1.82
04/15/2014,0.73,0.91,1.32,1.53,1.85
04/11/2014,0.76,1.0,1.38,1.57,1.88
04/10/2014,0.84,1.09,1.43,1.61,1.91
04/09/2014,0.96,1.2,1.49,1.66,1.94
04/08/2014,1.0,1.3,1.54,1.7,1.97
04/07/2014,1.08,1.38,1.59,1.74,2.0
04/04/2014,1.24,1.48,1.65,1.78,2.02
04/02/2014,1.33,1.55,1.69,1.8,2.04
04/01/2014,1.43,1.59,1.73,1.85,2.07
03/31/2014,1.59,1.67,1.78,1.88,2.09
03/28/2014,1.68,1.73,1.84,1.91,2.11
03/26/2014,1.72,1.75,1.86,1.92,2.12
03/25/2014,1.77,1.78,1.87,1.93,2.14
03/24/2014,1.74,1.78,1.88,1.95,2.15
03/21/2014,1.74,1.78,1.89,1.95,2.15
03/20/2014,1.79,1.81,1.91,1.97,2.16
03/19/2014,1.78,1.82,1.92,1.98,2.17
03/18/2014,1.78,1.84,1.93,1.99,2.18
03/17/2014,1.82,1.87,1.97,2.01,2.19
03/14/2014,1.82,1.89,1.98,2.02,2.2
03/13/2014,1.83,1.94,1.99,2.04,2.21
03/12/2014,1.85,1.96,2.0,2.05,2.22
03/11/2014,1.89,1.97,2.01,2.06,2.23
03/10/2014,1.92,1.99,2.03,2.08,2.24
03/07/2014,1.96,2.01,2.04,2.1,2.26
03/06/2014,2.06,2.02,2.05,2.11,2.27
03/05/2014,2.08,2.03,2.07,2.12,2.28
03/04/2014,2.06,2.02,2.07,2.14,2.3
03/03/2014,2.06,2.08,2.08,2.15,2.31
02/28/2014,2.06,2.08,2.09,2.17,2.32
02/27/2014,1.98,2.04,2.08,2.17,2.32
02/21/2014,1.98,2.04,2.09,2.18,2.33
02/20/2014,1.98,2.05,2.11,2.2,2.34
02/19/2014,2.1,2.07,2.12,2.22,2.35
02/18/2014,2.1,2.07,2.14,2.24,2.36
02/11/2014,2.1,2.09,2.16,2.26,2.38
02/10/2014,2.1,2.1,2.17,2.27,2.39
02/07/2014,2.12,2.12,2.2,2.28,2.4
02/05/2014,2.04,2.08,2.19,2.29,2.41
02/04/2014,2.04,2.1,2.21,2.3,2.43
02/03/2014,2.08,2.12,2.24,2.31,2.45
01/23/2014,2.1,2.14,2.26,2.33,2.48
01/22/2014,2.13,2.16,2.27,2.34,2.5
01/21/2014,2.13,2.16,2.3,2.35,2.52
01/17/2014,2.17,2.21,2.33,2.36,2.54
01/15/2014,2.17,2.22,2.34,2.35,2.56
01/14/2014,2.18,2.24,2.35,2.36,2.58
01/13/2014,2.2,2.27,2.36,2.37,2.59
01/10/2014,2.2,2.29,2.39,2.37,2.6
01/09/2014,2.26,2.31,2.4,2.38,2.62
01/08/2014,2.28,2.35,2.4,2.39,2.64
01/07/2014,2.3,2.37,2.42,2.4,2.66
01/06/2014,2.34,2.38,2.43,2.41,2.69
01/03/2014,2.38,2.44,2.44,2.41,2.71
01/02/2014,2.37,2.45,2.43,2.41,2.73
12/31/2013,2.43,2.46,2.42,2.43,2.74
12/30/2013,2.44,2.46,2.42,2.44,2.75
12/27/2013,2.42,2.46,2.42,2.45,2.76
12/24/2013,2.5,2.5,2.41,2.46,2.78
12/23/2013,2.52,2.48,2.41,2.46,2.79
12/20/2013,2.48,2.45,2.41,2.46,2.8
12/19/2013,2.48,2.48,2.42,2.47,2.82
12/18/2013,2.49,2.48,2.42,2.48,2.82
12/17/2013,2.5,2.44,2.4,2.48,2.83
12/16/2013,2.44,2.41,2.4,2.48,2.83
12/13/2013,2.42,2.37,2.41,2.49,2.84
12/12/2013,2.48,2.37,2.43,2.51,2.86
12/11/2013,2.46,2.37,2.45,2.52,2.88
12/10/2013,2.38,2.32,2.44,2.54,2.88
12/09/2013,2.38,2.33,2.46,2.57,2.89
12/06/2013,2.32,2.37,2.47,2.6,2.9
12/05/2013,2.26,2.35,2.47,2.62,2.91
12/03/2013,2.28,2.36,2.49,2.65,2.92
12/02/2013,2.26,2.36,2.51,2.69,2.95
11/29/2013,2.28,2.38,2.52,2.72,2.96
11/27/2013,2.42,2.45,2.56,2.77,3.0
11/26/2013,2.44,2.49,2.58,2.8,3.04
11/25/2013,2.44,2.53,2.6,2.82,3.03
11/22/2013,2.46,2.56,2.64,2.83,3.07
11/19/2013,2.48,2.58,2.69,2.87,3.08
11/18/2013,2.48,2.57,2.71,2.9,3.1
11/14/2013,2.54,2.59,2.76,2.93,3.16
11/13/2013,2.62,2.61,2.8,2.97,3.22
11/12/2013,2.66,2.65,2.86,3.01,3.26
11/11/2013,2.68,2.66,2.9,3.05,3.3
11/08/2013,2.66,2.66,2.93,3.06,3.35
11/07/2013,2.64,2.67,2.95,3.06,3.38
11/06/2013,2.6,2.67,2.96,3.07,3.38
11/04/2013,2.64,2.73,2.97,3.1,3.39
10/31/2013,2.64,2.8,3.02,3.11,3.42
10/30/2013,2.66,2.86,3.06,3.13,3.45
10/29/2013,2.7,2.92,3.1,3.16,3.5
10/25/2013,2.74,2.99,3.15,3.17,3.55
10/24/2013,2.81,3.06,3.19,3.17,3.64
10/23/2013,2.95,3.13,3.24,3.17,3.73
10/22/2013,3.05,3.19,3.26,3.18,3.82
10/21/2013,3.14,3.23,3.26,3.2,4.03
10/18/2013,3.24,3.25,3.28,3.24,4.11
10/17/2013,3.31,3.21,3.29,3.23,4.19
10/16/2013,3.31,3.23,3.27,3.21,4.21
10/15/2013,3.33,3.26,3.27,3.21,4.26
10/14/2013,3.32,3.28,3.28,3.2,4.29
10/11/2013,3.26,3.31,3.26,3.19,0.0
10/10/2013,3.12,3.32,3.22,3.21,0.0
10/09/2013,3.16,3.35,3.19,3.2,0.0
10/08/2013,3.2,3.32,3.17,3.23,0.0
10/07/2013,3.24,3.28,3.19,3.27,0.0
10/04/2013,3.36,3.3,3.24,3.24,0.0
10/03/2013,3.52,3.36,3.24,3.31,0.0
10/02/2013,3.54,3.31,3.21,3.29,0.0
10/01/2013,3.44,3.28,3.18,3.31,0.0
09/30/2013,3.32,3.28,3.16,3.38,0.0
09/27/2013,3.24,3.2,3.13,3.46,0.0
09/26/2013,3.2,3.12,3.15,3.5,0.0
09/25/2013,3.08,3.02,3.12,3.55,0.0
09/24/2013,3.12,3.02,3.19,3.63,0.0
09/23/2013,3.24,3.1,3.27,3.7,0.0
09/20/2013,3.16,3.18,3.21,3.69,0.0
09/19/2013,3.04,3.12,3.28,3.69,0.0
09/18/2013,2.96,3.1,3.28,3.72,0.0
09/17/2013,2.92,3.08,3.32,3.77,0.0
09/16/2013,2.96,3.04,3.43,3.83,0.0
09/13/2013,3.2,3.06,3.59,3.94,0.0
09/12/2013,3.2,3.18,3.69,4.11,0.0
09/11/2013,3.24,3.22,3.82,4.29,0.0
09/10/2013,3.24,3.36,3.94,4.47,0.0
09/09/2013,3.12,3.44,4.0,4.85,0.0
09/04/2013,2.92,3.24,3.95,4.97,0.0
09/03/2013,3.16,3.44,3.97,5.14,0.0
08/30/2013,3.2,3.46,4.03,5.21,0.0
08/29/2013,3.48,3.56,4.11,5.31,0.0
08/28/2013,3.76,3.82,4.23,5.38,0.0
08/20/2013,3.56,4.12,4.38,0.0,0.0
08/16/2013,3.72,4.2,4.58,0.0,0.0
08/15/2013,3.72,4.42,4.83,0.0,0.0
08/13/2013,3.64,4.52,5.02,0.0,0.0
08/12/2013,3.88,4.56,5.55,0.0,0.0
08/09/2013,4.68,4.66,5.84,0.0,0.0
08/08/2013,4.68,4.5,5.99,0.0,0.0
08/07/2013,5.12,4.6,6.09,0.0,0.0
08/06/2013,5.4,4.66,6.19,0.0,0.0
08/05/2013,5.24,4.64,6.16,0.0,0.0
08/02/2013,4.64,4.64,0.0,0.0,0.0
08/01/2013,4.32,4.96,0.0,0.0,0.0
07/31/2013,4.08,5.24,0.0,0.0,0.0
07/30/2013,3.92,5.52,0.0,0.0,0.0
07/29/2013,4.04,6.54,0.0,0.0,0.0
07/26/2013,4.64,7.02,0.0,0.0,0.0
07/25/2013,5.6,7.48,0.0,0.0,0.0
07/24/2013,6.4,7.58,0.0,0.0,0.0
07/23/2013,7.12,7.72,0.0,0.0,0.0
07/22/2013,9.04,7.68,0.0,0.0,0.0
07/19/2013,9.4,0.0,0.0,0.0,0.0
07/18/2013,9.36,0.0,0.0,0.0,0.0
07/17/2013,8.76,0.0,0.0,0.0,0.0
07/16/2013,8.32,0.0,0.0,0.0,0.0
07/09/2013,6.32,0.0,0.0,0.0,0.0
06/28/2013,0.0,0.0,0.0,0.0,0.0
06/20/2013,0.0,0.0,0.0,0.0,0.0
06/18/2013,0.0,0.0,0.0,0.0,0.0
06/07/2013,0.0,0.0,0.0,0.0,0.0
