12/30/2022,0.39,0.72,0.94,0.96,1.0
12/29/2022,0.51,0.8,0.96,0.98,1.02
12/28/2022,0.65,0.88,1.0,1.01,1.03
12/27/2022,0.78,0.97,1.03,1.03,1.04
12/23/2022,0.92,1.06,1.06,1.05,1.05
12/22/2022,1.06,1.13,1.09,1.07,1.06
12/21/2022,1.09,1.14,1.08,1.07,1.06
12/20/2022,1.12,1.13,1.08,1.06,1.06
12/19/2022,1.16,1.14,1.07,1.06,1.06
12/16/2022,1.2,1.14,1.07,1.05,1.06
12/15/2022,1.21,1.15,1.07,1.05,1.06
12/14/2022,1.19,1.13,1.07,1.04,1.06
12/13/2022,1.15,1.11,1.07,1.03,1.06
12/12/2022,1.11,1.08,1.06,1.01,1.06
12/09/2022,1.09,1.06,1.05,1.0,1.06
12/08/2022,1.09,1.04,1.04,0.99,1.06
12/07/2022,1.07,1.02,1.03,0.99,1.06
12/06/2022,1.08,1.02,1.03,0.99,1.07
12/05/2022,1.06,1.0,1.02,0.98,1.07
12/02/2022,1.02,1.0,1.01,0.98,1.08
12/01/2022,0.99,1.0,0.99,0.98,1.08
11/30/2022,0.98,1.01,0.99,0.98,1.09
11/29/2022,0.95,1.02,0.98,0.99,1.09
11/28/2022,0.95,1.04,0.98,1.01,1.1
11/25/2022,0.97,1.05,0.97,1.01,1.1
11/23/2022,1.0,1.04,0.97,1.02,1.11
11/22/2022,1.04,1.04,0.97,1.03,1.12
11/21/2022,1.08,1.04,0.97,1.04,1.13
11/18/2022,1.12,1.04,0.97,1.05,1.14
11/17/2022,1.13,1.03,0.97,1.05,1.15
11/16/2022,1.09,0.99,0.97,1.05,1.15
11/15/2022,1.04,0.97,0.97,1.05,1.16
11/14/2022,1.0,0.94,0.98,1.05,1.17
11/11/2022,0.96,0.91,0.99,1.04,1.18
11/10/2022,0.92,0.9,1.0,1.04,1.19
11/09/2022,0.9,0.89,1.01,1.04,1.21
11/08/2022,0.89,0.89,1.02,1.05,1.22
11/07/2022,0.88,0.9,1.04,1.05,1.24
11/04/2022,0.86,0.9,1.05,1.05,1.26
11/03/2022,0.87,0.92,1.06,1.06,1.28
11/02/2022,0.88,0.94,1.08,1.07,1.29
11/01/2022,0.9,0.98,1.09,1.08,1.31
10/31/2022,0.91,1.02,1.1,1.09,1.33
10/28/2022,0.94,1.07,1.11,1.1,1.35
10/27/2022,0.96,1.1,1.11,1.11,1.36
10/26/2022,1.01,1.13,1.12,1.12,1.38
10/25/2022,1.06,1.15,1.12,1.14,1.39
10/24/2022,1.12,1.18,1.12,1.15,1.41
10/21/2022,1.2,1.2,1.13,1.16,1.42
10/20/2022,1.23,1.21,1.13,1.17,1.44
10/19/2022,1.25,1.22,1.13,1.18,1.45
10/18/2022,1.24,1.21,1.13,1.19,1.46
10/17/2022,1.24,1.19,1.12,1.19,1.48
10/14/2022,1.2,1.15,1.12,1.19,1.49
10/13/2022,1.19,1.13,1.12,1.19,1.51
10/12/2022,1.19,1.11,1.12,1.2,1.53
10/11/2022,1.18,1.1,1.13,1.21,1.55
10/10/2022,1.14,1.06,1.13,1.21,1.57
10/07/2022,1.11,1.05,1.15,1.23,1.59
10/06/2022,1.07,1.05,1.15,1.24,1.62
10/05/2022,1.03,1.04,1.16,1.26,1.64
10/04/2022,1.02,1.04,1.17,1.27,1.66
10/03/2022,0.98,1.05,1.18,1.29,1.68
09/30/2022,0.99,1.08,1.2,1.32,1.71
09/29/2022,1.02,1.11,1.22,1.34,1.73
09/28/2022,1.06,1.14,1.25,1.37,1.75
09/27/2022,1.06,1.16,1.26,1.4,1.79
09/26/2022,1.12,1.2,1.29,1.44,1.82
09/23/2022,1.16,1.24,1.32,1.47,1.85
09/22/2022,1.19,1.26,1.34,1.5,1.88
09/21/2022,1.22,1.28,1.37,1.52,1.92
09/20/2022,1.26,1.3,1.39,1.55,1.96
09/19/2022,1.29,1.32,1.41,1.57,2.0
09/16/2022,1.31,1.33,1.44,1.59,2.04
09/15/2022,1.33,1.34,1.46,1.62,2.07
09/14/2022,1.34,1.36,1.49,1.63,2.11
09/13/2022,1.35,1.37,1.52,1.65,2.13
09/12/2022,1.35,1.38,1.55,1.66,2.16
09/09/2022,1.35,1.4,1.58,1.68,2.18
09/08/2022,1.35,1.42,1.61,1.7,2.21
09/07/2022,1.37,1.45,1.64,1.72,2.25
09/06/2022,1.38,1.48,1.67,1.74,2.29
09/02/2022,1.41,1.51,1.69,1.77,2.33
09/01/2022,1.44,1.54,1.73,1.79,2.38
08/31/2022,1.5,1.59,1.75,1.83,2.42
08/30/2022,1.53,1.62,1.77,1.86,2.45
08/29/2022,1.58,1.68,1.79,1.9,2.48
08/26/2022,1.61,1.73,1.81,1.93,2.51
08/25/2022,1.64,1.77,1.83,1.96,2.54
08/24/2022,1.67,1.8,1.84,1.99,2.56
08/23/2022,1.71,1.83,1.86,2.02,2.59
08/22/2022,1.78,1.85,1.87,2.05,2.62
08/19/2022,1.84,1.88,1.89,2.08,2.64
08/18/2022,1.9,1.91,1.92,2.1,2.67
08/17/2022,1.93,1.92,1.95,2.11,2.69
08/16/2022,1.95,1.93,1.98,2.13,2.71
08/15/2022,1.93,1.91,2.01,2.17,2.74
08/12/2022,1.91,1.89,2.03,2.2,2.76
08/11/2022,1.92,1.88,2.06,2.23,2.8
08/10/2022,1.91,1.88,2.09,2.27,2.83
08/09/2022,1.9,1.88,2.12,2.31,2.87
08/08/2022,1.88,1.89,2.15,2.37,2.9
08/05/2022,1.86,1.91,2.18,2.43,2.93
08/04/2022,1.84,1.93,2.19,2.48,2.97
08/03/2022,1.84,1.97,2.21,2.53,3.01
08/02/2022,1.86,2.04,2.23,2.58,3.05
08/01/2022,1.9,2.11,2.3,2.62,3.1
07/29/2022,1.96,2.17,2.36,2.65,3.15
07/28/2022,2.02,2.23,2.41,2.68,3.2
07/27/2022,2.1,2.29,2.46,2.72,3.24
07/26/2022,2.22,2.36,2.53,2.78,3.28
07/25/2022,2.32,2.41,2.61,2.84,3.32
07/22/2022,2.37,2.44,2.69,2.9,3.36
07/21/2022,2.45,2.46,2.75,2.96,3.4
07/20/2022,2.49,2.45,2.81,3.02,3.43
07/19/2022,2.49,2.43,2.85,3.04,3.47
07/18/2022,2.5,2.49,2.87,3.07,3.5
07/15/2022,2.51,2.55,2.9,3.1,3.55
07/14/2022,2.46,2.58,2.91,3.11,3.59
07/13/2022,2.41,2.63,2.94,3.14,3.63
07/12/2022,2.36,2.69,2.99,3.16,3.67
07/11/2022,2.48,2.81,3.05,3.18,3.72
07/08/2022,2.59,2.94,3.13,3.21,3.77
07/07/2022,2.7,3.05,3.22,3.24,3.82
07/06/2022,2.85,3.17,3.3,3.27,3.89
07/05/2022,3.03,3.28,3.35,3.3,3.96
07/01/2022,3.13,3.26,3.36,3.3,4.02
06/30/2022,3.29,3.24,3.37,3.32,4.09
06/29/2022,3.4,3.24,3.38,3.37,4.17
06/28/2022,3.5,3.24,3.39,3.4,4.24
06/27/2022,3.53,3.28,3.4,3.43,4.31
06/24/2022,3.39,3.29,3.37,3.44,4.38
06/23/2022,3.2,3.33,3.35,3.43,4.44
06/22/2022,3.08,3.38,3.33,3.46,4.5
06/21/2022,2.98,3.42,3.32,3.49,4.56
06/17/2022,3.02,3.42,3.31,3.53,4.64
06/16/2022,3.2,3.46,3.32,3.58,4.71
06/15/2022,3.46,3.5,3.36,3.65,4.8
06/14/2022,3.69,3.51,3.43,3.71,4.87
06/13/2022,3.86,3.54,3.48,3.76,4.95
06/10/2022,3.81,3.52,3.5,3.79,5.02
06/09/2022,3.73,3.45,3.51,3.8,5.07
06/08/2022,3.54,3.36,3.49,3.81,5.1
06/07/2022,3.34,3.27,3.5,3.83,5.13
06/06/2022,3.22,3.21,3.53,3.85,5.17
06/03/2022,3.23,3.2,3.58,3.9,5.22
06/02/2022,3.17,3.18,3.64,3.94,5.26
06/01/2022,3.18,3.21,3.72,3.99,5.31
05/31/2022,3.21,3.34,3.81,4.06,5.36
05/27/2022,3.2,3.41,3.87,4.12,5.4
05/26/2022,3.17,3.49,3.92,4.18,5.44
05/25/2022,3.19,3.57,3.98,4.26,5.48
05/24/2022,3.25,3.61,4.04,4.33,5.53
05/23/2022,3.48,3.73,4.11,4.4,5.59
05/20/2022,3.63,3.84,4.17,4.5,5.64
05/19/2022,3.81,3.97,4.25,4.62,5.7
05/18/2022,3.95,4.11,4.31,4.73,5.75
05/17/2022,3.97,4.23,4.38,4.85,5.8
05/16/2022,3.98,4.27,4.42,4.97,5.84
05/13/2022,4.06,4.33,4.48,5.09,5.89
05/12/2022,4.13,4.35,4.53,5.2,5.96
05/11/2022,4.26,4.4,4.61,5.32,6.03
05/10/2022,4.49,4.47,4.69,5.45,6.1
05/09/2022,4.56,4.49,4.74,5.54,6.15
05/06/2022,4.61,4.51,4.83,5.64,6.21
05/05/2022,4.58,4.53,4.94,5.74,6.27
05/04/2022,4.53,4.52,5.05,5.84,6.33
05/03/2022,4.44,4.53,5.16,5.94,6.39
05/02/2022,4.41,4.58,5.31,6.04,6.45
04/29/2022,4.41,4.63,5.46,6.14,6.51
04/28/2022,4.48,4.71,5.63,6.25,6.59
04/27/2022,4.52,4.82,5.78,6.33,6.69
04/26/2022,4.62,4.91,5.94,6.39,6.77
04/25/2022,4.74,5.0,6.07,6.44,6.84
04/22/2022,4.85,5.16,6.2,6.49,6.9
04/21/2022,4.93,5.36,6.35,6.53,6.96
04/20/2022,5.13,5.57,6.5,6.59,7.03
04/19/2022,5.19,5.79,6.65,6.62,7.1
04/18/2022,5.26,6.05,6.77,6.65,7.17
04/14/2022,5.46,6.3,6.9,6.67,7.24
04/13/2022,5.78,6.54,7.02,6.69,7.31
04/12/2022,6.01,6.74,7.09,6.7,7.4
04/11/2022,6.39,6.98,7.14,6.73,7.49
04/08/2022,6.84,7.15,7.16,6.77,7.59
04/07/2022,7.14,7.25,7.15,6.79,7.69
04/06/2022,7.3,7.34,7.12,6.79,7.78
04/05/2022,7.48,7.43,7.11,6.78,7.88
04/04/2022,7.56,7.5,7.04,6.75,7.96
04/01/2022,7.45,7.48,6.95,6.72,8.04
03/31/2022,7.36,7.5,6.85,6.7,8.11
03/30/2022,7.38,7.5,6.76,6.71,8.2
03/29/2022,7.39,7.44,6.68,6.73,8.31
03/28/2022,7.44,7.3,6.61,6.75,8.42
03/25/2022,7.51,7.17,6.58,6.76,8.52
03/24/2022,7.64,7.05,6.56,6.78,8.62
03/23/2022,7.63,6.9,6.51,6.8,8.72
03/22/2022,7.49,6.78,6.45,6.82,8.84
03/21/2022,7.16,6.58,6.38,6.84,8.95
03/18/2022,6.82,6.42,6.34,6.87,9.06
03/17/2022,6.46,6.2,6.3,6.89,9.15
03/16/2022,6.18,6.02,6.31,6.93,9.26
03/15/2022,6.07,5.92,6.38,7.04,9.38
03/14/2022,6.0,5.91,6.47,7.15,9.51
03/11/2022,6.02,6.0,6.56,7.25,9.66
03/10/2022,5.94,6.06,6.65,7.31,9.79
03/09/2022,5.86,6.12,6.75,7.39,9.92
03/08/2022,5.76,6.12,6.84,7.47,10.06
03/07/2022,5.83,6.18,6.97,7.58,10.2
03/04/2022,5.97,6.26,7.09,7.68,10.36
03/03/2022,6.19,6.39,7.23,7.8,10.53
03/02/2022,6.38,6.6,7.38,7.94,10.67
03/01/2022,6.47,6.85,7.6,8.1,10.82
02/28/2022,6.53,7.02,7.76,8.26,10.99
02/25/2022,6.55,7.13,7.87,8.42,11.15
02/24/2022,6.6,7.23,7.94,8.59,11.32
02/23/2022,6.82,7.37,8.02,8.78,11.48
02/22/2022,7.24,7.57,8.14,8.98,11.65
02/18/2022,7.52,7.77,8.28,9.17,11.86
02/17/2022,7.7,7.92,8.39,9.35,12.05
02/16/2022,7.86,8.06,8.51,9.53,12.25
02/15/2022,7.91,8.16,8.6,9.7,12.48
02/14/2022,7.9,8.35,8.72,9.88,12.71
02/11/2022,8.01,8.51,8.88,10.09,12.96
02/10/2022,8.13,8.62,9.06,10.27,13.21
02/09/2022,8.27,8.65,9.27,10.46,13.46
02/08/2022,8.41,8.68,9.48,10.65,13.69
02/07/2022,8.8,8.72,9.68,10.86,13.92
02/04/2022,9.0,8.8,9.87,11.07,14.16
02/03/2022,9.11,8.86,10.07,11.25,14.42
02/02/2022,9.03,8.96,10.26,11.42,14.68
02/01/2022,8.94,9.04,10.46,11.59,14.92
01/31/2022,8.64,9.09,10.65,11.72,15.16
01/28/2022,8.6,9.25,10.88,11.87,15.4
01/27/2022,8.62,9.5,11.1,12.08,15.65
01/26/2022,8.88,9.88,11.37,12.26,15.91
01/25/2022,9.14,10.28,11.63,12.45,16.15
01/24/2022,9.55,10.65,11.93,12.64,16.38
01/21/2022,9.89,10.94,12.2,12.83,16.59
01/20/2022,10.38,11.27,12.44,13.05,16.82
01/19/2022,10.88,11.57,12.65,13.25,17.05
01/18/2022,11.42,11.89,12.86,13.41,17.27
01/14/2022,11.75,12.21,13.03,13.55,17.47
01/13/2022,11.99,12.51,13.18,13.72,17.67
01/12/2022,12.16,12.7,13.37,13.89,17.84
01/11/2022,12.26,12.86,13.44,14.06,18.0
01/10/2022,12.35,12.98,13.54,14.19,18.15
01/07/2022,12.66,13.22,13.64,14.32,18.34
01/06/2022,13.03,13.46,13.77,14.55,18.55
01/05/2022,13.24,13.61,13.94,14.76,18.76
01/04/2022,13.46,13.73,14.09,14.98,18.96
01/03/2022,13.62,13.84,14.17,15.26,19.15
12/31/2021,13.77,13.85,14.22,15.55,19.34
12/30/2021,13.88,13.86,14.33,15.83,19.52
12/29/2021,13.98,14.03,14.48,16.15,19.71
12/28/2021,14.01,14.03,14.66,16.45,19.92
12/27/2021,14.06,14.09,14.79,16.73,20.12
12/23/2021,13.93,14.07,14.88,16.98,20.31
12/22/2021,13.83,14.08,15.1,17.26,20.51
12/21/2021,14.09,14.26,15.33,17.58,20.73
12/20/2021,14.05,14.45,15.6,17.93,20.98
12/17/2021,14.12,14.51,15.98,18.26,21.21
12/16/2021,14.2,14.59,16.39,18.59,21.43
12/15/2021,14.34,14.8,16.82,18.93,21.65
12/14/2021,14.44,14.93,17.2,19.22,21.85
12/13/2021,14.85,15.3,17.66,19.56,22.07
12/10/2021,14.89,15.49,18.05,19.84,22.29
12/09/2021,14.97,15.69,18.44,20.11,22.5
12/08/2021,15.25,16.11,18.84,20.36,22.7
12/07/2021,15.42,16.4,19.24,20.6,22.89
12/06/2021,15.74,16.74,19.68,20.85,23.09
12/03/2021,16.1,17.45,20.13,21.14,23.31
12/02/2021,16.4,18.2,20.6,21.4,23.54
12/01/2021,16.98,18.84,20.99,21.62,23.75
11/30/2021,17.38,19.47,21.37,21.79,23.97
11/29/2021,17.75,20.03,21.7,21.93,24.19
11/26/2021,18.79,20.61,22.01,22.11,24.46
11/24/2021,19.99,21.19,22.33,22.36,24.7
11/23/2021,20.71,21.58,22.48,22.55,24.89
11/22/2021,21.56,22.08,22.7,22.77,25.08
11/19/2021,22.31,22.61,22.9,22.94,25.28
11/18/2021,22.42,22.82,22.98,23.03,25.42
11/17/2021,22.39,23.0,23.0,23.13,25.55
11/16/2021,22.44,23.14,23.01,23.2,25.67
11/15/2021,22.6,23.26,22.95,23.28,25.79
11/12/2021,22.9,23.36,22.88,23.38,25.9
11/11/2021,23.22,23.42,22.86,23.52,25.99
11/10/2021,23.6,23.46,22.95,23.64,26.1
11/09/2021,23.85,23.39,23.04,23.76,26.21
11/08/2021,23.93,23.32,23.11,23.89,26.31
11/05/2021,23.82,23.2,23.1,24.03,26.41
11/04/2021,23.61,23.15,23.13,24.16,26.54
11/03/2021,23.33,23.01,23.19,24.27,26.64
11/02/2021,22.93,22.88,23.23,24.37,26.72
11/01/2021,22.72,22.64,23.3,24.47,26.82
10/29/2021,22.58,22.39,23.39,24.58,26.91
10/28/2021,22.68,22.3,23.57,24.75,27.03
10/27/2021,22.69,22.44,23.73,24.89,27.11
10/26/2021,22.82,22.69,23.94,25.05,27.23
10/25/2021,22.55,22.9,24.17,25.18,27.33
10/22/2021,22.21,23.0,24.44,25.33,27.41
10/21/2021,21.93,23.12,24.66,25.49,27.51
10/20/2021,22.18,23.37,24.9,25.68,27.62
10/19/2021,22.55,23.59,25.11,25.88,27.78
10/18/2021,23.24,23.96,25.39,26.15,27.97
10/15/2021,23.78,24.39,25.68,26.45,28.19
10/14/2021,24.31,24.83,25.97,26.81,28.41
10/13/2021,24.56,25.02,26.12,27.04,28.64
10/12/2021,24.62,25.2,26.23,27.23,28.83
10/11/2021,24.67,25.44,26.32,27.4,29.02
10/08/2021,24.99,25.89,26.5,27.63,29.25
10/07/2021,25.35,26.2,26.68,27.82,29.48
10/06/2021,25.48,26.43,26.84,27.97,29.71
10/05/2021,25.77,26.64,27.02,28.14,29.97
10/04/2021,26.2,26.83,27.25,28.3,30.27
10/01/2021,26.79,26.97,27.48,28.42,30.56
09/30/2021,27.05,27.11,27.79,28.47,30.83
09/29/2021,27.38,27.21,28.05,28.56,31.1
09/28/2021,27.51,27.26,28.24,28.67,31.4
09/27/2021,27.45,27.21,28.38,28.74,31.71
09/24/2021,27.14,27.1,28.51,28.8,32.01
09/23/2021,27.17,27.16,28.62,28.93,32.32
09/22/2021,27.05,27.25,28.75,29.01,32.6
09/21/2021,27.01,27.41,28.88,29.08,32.92
09/20/2021,26.96,27.68,29.03,29.17,33.24
09/17/2021,27.06,28.0,29.15,29.24,33.58
09/16/2021,27.14,28.48,29.15,29.32,33.86
09/15/2021,27.46,28.9,29.24,29.34,34.13
09/14/2021,27.8,29.22,29.37,29.41,34.42
09/13/2021,28.4,29.55,29.51,29.47,34.69
09/10/2021,28.94,29.91,29.65,29.5,34.97
09/09/2021,29.81,30.09,29.82,29.53,35.34
09/08/2021,30.33,30.24,29.89,29.56,35.69
09/07/2021,30.64,30.36,29.92,29.68,36.03
09/03/2021,30.69,30.39,29.91,29.79,36.29
09/02/2021,30.88,30.31,29.86,29.93,36.54
09/01/2021,30.38,29.83,29.74,30.02,36.76
08/31/2021,30.15,29.58,29.56,30.23,37.02
08/30/2021,30.07,29.52,29.5,30.43,37.33
08/27/2021,30.08,29.48,29.44,30.64,37.62
08/26/2021,29.73,29.39,29.29,30.87,37.88
08/25/2021,29.29,29.54,29.25,31.14,38.14
08/24/2021,29.01,29.55,29.22,31.44,38.41
08/23/2021,28.97,29.48,29.34,31.81,38.71
08/20/2021,28.87,29.44,29.5,32.24,39.04
08/19/2021,29.05,29.41,29.74,32.71,39.33
08/18/2021,29.79,29.64,30.11,33.2,39.62
08/17/2021,30.08,29.54,30.55,33.64,39.89
08/16/2021,29.99,29.47,30.88,34.13,40.17
08/13/2021,30.01,29.4,31.23,34.67,40.47
08/12/2021,29.78,29.19,31.61,35.22,40.71
08/11/2021,29.48,28.96,31.94,35.7,40.98
08/10/2021,29.01,28.89,32.39,36.18,41.26
08/09/2021,28.95,29.19,32.98,36.77,41.52
08/06/2021,28.78,29.55,33.64,37.31,41.71
08/05/2021,28.6,30.07,34.35,37.92,41.93
08/04/2021,28.43,30.59,34.98,38.4,42.18
08/03/2021,28.77,31.56,35.68,38.92,42.45
08/02/2021,29.43,32.29,36.46,39.44,42.73
07/30/2021,30.31,33.06,37.3,39.9,42.99
07/29/2021,31.55,34.02,38.23,40.45,43.36
07/28/2021,32.75,34.93,39.07,41.15,43.69
07/27/2021,34.34,35.9,39.83,41.82,44.18
07/26/2021,35.15,36.77,40.55,42.38,44.6
07/23/2021,35.81,37.73,41.19,42.79,44.97
07/22/2021,36.5,38.63,41.85,43.15,45.29
07/21/2021,37.1,39.36,42.3,43.5,45.59
07/20/2021,37.45,39.81,42.6,43.81,45.82
07/19/2021,38.38,40.63,43.01,44.23,45.98
07/16/2021,39.64,41.55,43.32,44.59,46.09
07/15/2021,40.76,42.45,43.66,44.89,46.16
07/14/2021,41.62,43.22,44.26,45.14,46.19
07/13/2021,42.17,43.76,44.78,45.38,46.2
07/12/2021,42.88,44.34,45.19,45.61,46.22
07/09/2021,43.45,44.66,45.32,45.83,46.18
07/08/2021,44.13,45.07,45.41,45.95,46.16
07/07/2021,44.82,45.25,45.57,46.03,46.13
07/06/2021,45.35,45.4,45.81,46.15,46.14
07/02/2021,45.8,45.4,46.02,46.22,46.21
07/01/2021,45.86,45.09,46.11,46.27,46.44
06/30/2021,46.01,44.88,46.11,46.21,46.59
06/29/2021,45.67,45.3,46.1,46.25,46.76
06/28/2021,45.44,45.8,46.18,46.34,47.09
06/25/2021,44.99,46.04,46.25,46.28,47.38
06/24/2021,44.31,45.98,46.42,46.11,47.34
06/23/2021,43.75,45.75,46.39,45.94,47.25
06/22/2021,44.92,45.88,46.43,45.97,47.33
06/21/2021,46.15,46.23,46.52,45.97,47.43
06/18/2021,47.1,46.65,46.63,46.02,47.5
06/17/2021,47.66,47.13,46.87,46.09,47.61
06/16/2021,47.75,47.34,46.87,46.27,47.72
06/15/2021,46.84,46.91,46.72,46.22,47.79
06/14/2021,46.31,46.57,46.61,46.54,48.03
06/11/2021,46.21,46.46,46.39,46.83,48.29
06/10/2021,46.61,46.85,46.18,47.14,48.66
06/09/2021,46.94,47.04,46.03,47.43,49.15
06/08/2021,46.97,46.97,46.01,47.68,49.59
06/07/2021,46.83,46.82,45.84,47.82,49.97
06/04/2021,46.72,46.6,45.71,47.73,50.31
06/03/2021,47.09,46.6,45.56,47.59,50.59
06/02/2021,47.14,46.4,45.73,47.42,50.89
06/01/2021,46.97,46.54,45.88,47.23,51.1
05/28/2021,46.8,46.65,46.53,47.03,51.34
05/27/2021,46.48,46.32,47.01,46.83,51.53
05/26/2021,46.1,45.5,47.29,46.53,51.69
05/25/2021,45.66,45.02,47.63,46.36,51.9
05/24/2021,46.11,45.05,48.03,46.23,52.1
05/21/2021,46.49,44.87,48.33,46.13,52.16
05/20/2021,46.16,44.82,48.3,46.21,52.34
05/19/2021,44.9,44.53,48.09,46.61,52.59
05/18/2021,44.39,45.06,47.94,46.98,52.83
05/17/2021,43.98,45.22,47.57,47.27,53.19
05/14/2021,43.26,46.42,47.22,47.85,53.48
05/13/2021,43.49,47.7,47.08,48.48,53.63
05/12/2021,44.16,49.07,47.04,48.57,53.88
05/11/2021,45.72,50.24,47.04,48.57,54.06
05/10/2021,46.46,51.02,46.82,48.7,54.14
05/07/2021,49.57,51.79,46.75,48.89,54.22
05/06/2021,51.9,51.77,46.91,48.97,54.29
05/05/2021,53.99,51.66,47.65,49.14,54.34
05/04/2021,54.76,50.82,47.94,49.17,54.25
05/03/2021,55.58,49.93,48.3,49.35,54.13
04/30/2021,54.0,48.03,48.56,49.52,53.79
04/29/2021,51.64,46.47,48.87,49.75,53.49
04/28/2021,49.32,45.01,48.32,50.18,53.23
04/27/2021,46.88,43.83,47.74,50.86,52.93
04/26/2021,44.28,42.62,47.54,51.5,52.63
04/23/2021,42.06,41.72,47.44,52.11,52.35
04/22/2021,41.29,42.05,47.56,52.89,52.15
04/21/2021,40.71,43.64,47.88,53.58,52.07
04/20/2021,40.79,45.05,48.35,54.35,52.04
04/19/2021,40.97,46.67,49.06,54.97,52.02
04/16/2021,41.38,49.1,50.26,55.65,51.96
04/15/2021,42.8,51.27,51.39,56.24,51.88
04/14/2021,46.57,51.63,52.76,56.85,51.82
04/13/2021,49.32,51.64,54.37,57.44,51.71
04/12/2021,52.37,52.46,55.94,57.98,51.6
04/09/2021,56.81,53.17,57.31,58.2,51.46
04/08/2021,59.74,53.08,58.32,58.47,51.19
04/07/2021,56.7,52.13,58.55,58.56,50.74
04/06/2021,53.96,51.65,59.0,58.68,50.38
04/05/2021,52.55,51.45,59.13,59.1,50.01
04/01/2021,49.53,51.43,58.92,59.11,49.48
03/31/2021,46.43,51.52,58.72,58.79,48.93
03/30/2021,47.56,53.88,59.46,59.19,48.72
03/29/2021,49.33,57.1,60.35,59.54,48.53
03/26/2021,50.35,59.41,60.73,59.57,48.28
03/25/2021,53.33,61.45,60.72,59.55,48.02
03/24/2021,56.61,63.55,61.17,59.61,47.78
03/23/2021,60.21,64.97,61.78,59.54,47.52
03/22/2021,64.87,66.36,62.19,59.33,47.24
03/19/2021,68.47,66.8,62.93,58.91,46.89
03/18/2021,69.56,66.41,62.94,58.06,46.39
03/17/2021,70.49,65.93,62.42,57.24,45.84
03/16/2021,69.73,65.03,61.85,56.28,45.27
03/15/2021,67.85,63.59,60.77,55.0,44.57
03/12/2021,65.13,62.05,59.66,53.77,43.93
03/11/2021,63.26,59.99,58.6,52.58,43.3
03/10/2021,61.37,58.79,57.64,51.41,42.68
03/09/2021,60.32,58.59,56.83,50.55,42.14
03/08/2021,59.34,58.03,55.81,49.72,41.58
03/05/2021,58.98,59.05,54.96,49.07,41.11
03/04/2021,56.71,59.48,53.88,48.27,40.62
03/03/2021,56.21,58.91,52.89,47.52,40.15
03/02/2021,56.86,58.67,51.91,46.8,39.67
03/01/2021,56.71,57.94,50.7,45.97,39.17
02/26/2021,59.12,57.26,49.62,45.23,38.77
02/25/2021,62.24,57.21,48.88,44.71,38.47
02/24/2021,61.61,56.5,47.72,43.9,38.07
02/23/2021,60.49,55.06,46.53,42.92,37.56
02/22/2021,59.16,53.6,45.57,42.07,37.07
02/19/2021,55.39,50.88,44.08,40.91,36.42
02/18/2021,52.17,48.28,42.67,39.86,35.85
02/17/2021,51.38,46.87,41.83,39.08,35.46
02/16/2021,49.64,45.14,40.87,38.25,35.01
02/12/2021,48.04,43.46,39.99,37.53,34.65
02/11/2021,46.37,41.99,39.22,36.99,34.33
02/10/2021,44.4,40.56,38.46,36.49,34.02
02/09/2021,42.36,38.95,37.6,35.95,33.68
02/08/2021,40.65,38.0,36.85,35.5,33.39
02/05/2021,38.88,37.53,36.31,35.14,33.15
02/04/2021,37.6,37.29,35.93,34.87,32.96
02/03/2021,36.72,37.06,35.65,34.72,32.81
02/02/2021,35.54,36.78,35.19,34.45,32.67
02/01/2021,35.35,36.59,34.8,34.26,32.55
01/29/2021,36.19,36.53,34.56,34.14,32.47
01/28/2021,36.97,36.46,34.49,34.09,32.39
01/27/2021,37.41,36.37,34.46,34.02,32.31
01/26/2021,38.03,36.25,34.45,33.94,32.27
01/25/2021,37.82,35.7,34.25,33.74,32.17
01/22/2021,36.86,35.09,33.95,33.43,32.04
01/21/2021,35.95,34.57,33.66,33.16,31.92
01/20/2021,35.34,34.25,33.55,32.97,31.86
01/19/2021,34.48,33.59,33.28,32.78,31.79
01/15/2021,33.58,33.02,33.09,32.54,31.71
01/14/2021,33.31,32.59,32.95,32.36,31.67
01/13/2021,33.19,32.51,32.91,32.3,31.63
01/12/2021,33.16,32.56,32.84,32.23,31.61
01/11/2021,32.7,32.66,32.78,32.24,31.6
01/08/2021,32.45,32.79,32.76,32.2,31.61
01/07/2021,31.88,32.81,32.6,32.06,31.61
01/06/2021,31.84,32.76,32.45,31.93,31.59
01/05/2021,31.96,32.85,32.33,31.85,31.63
01/04/2021,32.61,32.97,32.38,31.83,31.67
12/31/2020,33.13,33.17,32.3,31.77,31.69
12/30/2020,33.74,33.31,32.24,31.78,31.73
12/29/2020,33.68,33.31,32.2,31.67,31.7
12/28/2020,33.74,33.13,32.07,31.54,31.67
12/24/2020,33.33,32.91,32.03,31.4,31.62
12/23/2020,33.21,32.72,31.9,31.27,31.59
12/22/2020,32.87,32.4,31.68,31.15,31.54
12/21/2020,32.93,32.14,31.52,31.05,31.52
12/18/2020,32.52,31.82,31.35,30.91,31.49
12/17/2020,32.49,31.8,31.27,30.89,31.48
12/16/2020,32.23,31.43,31.08,30.84,31.42
12/15/2020,31.92,31.17,31.01,30.8,31.38
12/14/2020,31.34,31.09,30.85,30.69,31.34
12/11/2020,31.12,31.01,30.75,30.61,31.37
12/10/2020,31.1,31.15,30.64,30.6,31.4
12/09/2020,30.63,31.08,30.55,30.59,31.39
12/08/2020,30.42,30.97,30.53,30.65,31.4
12/07/2020,30.84,30.9,30.51,30.69,31.4
12/04/2020,30.89,30.87,30.45,30.76,31.34
12/03/2020,31.2,30.74,30.44,30.79,31.26
12/02/2020,31.53,30.72,30.55,30.88,31.21
12/01/2020,31.51,30.86,30.61,30.99,31.12
11/30/2020,30.97,30.61,30.49,30.95,31.0
11/27/2020,30.85,30.5,30.41,30.98,30.89
11/25/2020,30.28,30.14,30.32,30.97,30.77
11/24/2020,29.91,30.02,30.35,31.02,30.68
11/23/2020,30.2,30.09,30.49,31.16,30.61
11/20/2020,30.26,30.11,30.59,31.25,30.51
11/19/2020,30.15,30.04,30.7,31.41,30.36
11/18/2020,30.0,30.14,30.81,31.5,30.21
11/17/2020,30.13,30.38,30.96,31.61,30.07
11/16/2020,29.98,30.37,31.06,31.69,29.91
11/13/2020,29.96,30.36,31.12,31.74,29.76
11/12/2020,29.92,30.31,31.23,31.79,29.63
11/11/2020,30.29,30.5,31.38,31.84,29.5
11/10/2020,30.63,30.68,31.52,31.9,29.37
11/09/2020,30.77,30.88,31.7,31.93,29.25
11/06/2020,30.76,31.07,31.82,31.99,29.13
11/05/2020,30.7,31.37,32.09,32.08,29.01
11/04/2020,30.71,31.48,32.17,32.06,28.86
11/03/2020,30.73,31.53,32.23,31.99,28.69
11/02/2020,30.99,31.75,32.35,31.96,28.54
10/30/2020,31.37,31.88,32.43,32.0,28.39
10/29/2020,32.03,32.14,32.53,32.14,28.26
10/28/2020,32.26,32.26,32.52,32.2,28.1
10/27/2020,32.34,32.36,32.51,32.18,27.93
10/26/2020,32.5,32.51,32.45,32.14,27.78
10/23/2020,32.39,32.58,32.45,32.11,27.61
10/22/2020,32.25,32.81,32.43,31.92,27.45
10/21/2020,32.26,32.87,32.35,31.74,27.26
10/20/2020,32.38,32.92,32.22,31.54,27.07
10/19/2020,32.52,32.95,32.07,31.25,26.88
10/16/2020,32.78,32.98,32.06,31.04,26.71
10/15/2020,33.38,32.92,32.14,30.8,26.54
10/14/2020,33.47,32.77,32.16,30.58,26.35
10/13/2020,33.47,32.66,32.09,30.33,26.16
10/12/2020,33.39,32.39,31.96,30.06,25.94
10/09/2020,33.17,32.33,31.88,29.77,25.74
10/08/2020,32.46,32.05,31.47,29.32,25.51
10/07/2020,32.07,31.83,31.18,28.92,25.31
10/06/2020,31.84,31.51,30.85,28.53,25.1
10/05/2020,31.39,31.18,30.39,28.12,24.9
10/02/2020,31.48,31.14,30.07,27.78,24.75
10/01/2020,31.63,31.35,29.75,27.47,24.59
09/30/2020,31.58,31.56,29.48,27.16,24.45
09/29/2020,31.18,31.53,29.17,26.84,24.33
09/28/2020,30.98,31.54,28.9,26.57,24.26
09/25/2020,30.8,31.43,28.49,26.26,24.17
09/24/2020,31.07,30.89,27.95,25.95,24.07
09/23/2020,31.53,30.53,27.47,25.67,23.97
09/22/2020,31.87,30.19,27.04,25.4,23.91
09/21/2020,32.1,29.61,26.59,25.12,23.84
09/18/2020,32.06,29.01,26.1,24.79,23.79
09/17/2020,30.7,28.14,25.53,24.38,23.69
09/16/2020,29.53,27.41,24.96,24.0,23.55
09/15/2020,28.52,26.82,24.49,23.69,23.48
09/14/2020,27.12,26.27,24.09,23.41,23.41
09/11/2020,25.95,25.56,23.68,23.11,23.35
09/10/2020,25.58,25.02,23.49,22.98,23.37
09/09/2020,25.29,24.41,23.24,22.78,23.38
09/08/2020,25.12,23.89,23.0,22.6,23.39
09/04/2020,25.42,23.57,22.88,22.51,23.41
09/03/2020,25.16,23.19,22.68,22.38,23.39
09/02/2020,24.45,22.91,22.49,22.27,23.4
09/01/2020,23.53,22.51,22.3,22.13,23.32
08/31/2020,22.66,22.17,22.12,21.99,23.21
08/28/2020,21.72,21.9,21.98,21.82,0.0
08/27/2020,21.22,21.8,21.89,21.72,0.0
08/26/2020,21.37,21.96,21.97,21.71,0.0
08/25/2020,21.48,22.06,21.96,21.69,0.0
08/24/2020,21.67,22.12,21.95,21.67,0.0
08/21/2020,22.08,22.18,21.98,21.68,0.0
08/20/2020,22.37,22.16,21.97,21.71,0.0
08/19/2020,22.55,22.08,21.95,21.71,0.0
08/18/2020,22.64,22.09,21.94,21.74,0.0
08/17/2020,22.56,22.08,21.9,21.83,0.0
08/14/2020,22.28,22.05,21.78,21.95,0.0
08/13/2020,21.95,21.98,21.68,22.09,0.0
08/12/2020,21.61,21.98,21.58,22.18,0.0
08/11/2020,21.54,21.85,21.5,22.28,0.0
08/10/2020,21.6,21.79,21.44,22.41,0.0
08/07/2020,21.82,21.77,21.43,22.57,0.0
08/06/2020,22.01,21.78,21.49,22.79,0.0
08/05/2020,22.35,21.81,21.53,23.0,0.0
08/04/2020,22.16,21.78,21.56,23.1,0.0
08/03/2020,21.99,21.72,21.71,23.28,0.0
07/31/2020,21.73,21.5,21.9,23.42,0.0
07/30/2020,21.55,21.38,22.14,23.58,0.0
07/29/2020,21.28,21.18,22.28,23.75,0.0
07/28/2020,21.39,21.14,22.49,23.97,0.0
07/27/2020,21.46,21.09,22.73,24.18,0.0
07/24/2020,21.28,21.09,22.96,24.32,0.0
07/23/2020,21.21,21.19,23.3,24.41,0.0
07/22/2020,21.09,21.25,23.59,24.54,0.0
07/21/2020,20.9,21.34,23.76,24.51,0.0
07/20/2020,20.73,21.7,24.05,24.42,0.0
07/17/2020,20.9,22.31,24.38,0.0,0.0
07/16/2020,21.18,22.91,24.68,0.0,0.0
07/15/2020,21.4,23.38,25.03,0.0,0.0
07/14/2020,21.79,23.84,25.39,0.0,0.0
07/13/2020,22.66,24.36,25.72,0.0,0.0
07/10/2020,23.71,24.83,25.93,0.0,0.0
07/09/2020,24.63,25.4,26.02,0.0,0.0
07/08/2020,25.35,25.94,26.19,0.0,0.0
07/07/2020,25.89,26.18,26.09,0.0,0.0
07/06/2020,26.05,26.41,25.79,0.0,0.0
07/02/2020,25.96,26.45,0.0,0.0,0.0
07/01/2020,26.16,26.45,0.0,0.0,0.0
06/30/2020,26.52,26.68,0.0,0.0,0.0
06/29/2020,26.47,26.94,0.0,0.0,0.0
06/26/2020,26.78,27.08,0.0,0.0,0.0
06/25/2020,26.94,27.03,0.0,0.0,0.0
06/24/2020,26.74,26.64,0.0,0.0,0.0
06/23/2020,26.84,26.43,0.0,0.0,0.0
06/22/2020,27.41,26.0,0.0,0.0,0.0
06/19/2020,27.38,25.16,0.0,0.0,0.0
06/18/2020,27.12,0.0,0.0,0.0,0.0
06/17/2020,26.53,0.0,0.0,0.0,0.0
06/16/2020,26.03,0.0,0.0,0.0,0.0
06/15/2020,24.58,0.0,0.0,0.0,0.0
06/12/2020,22.94,0.0,0.0,0.0,0.0
06/11/2020,0.0,0.0,0.0,0.0,0.0
06/10/2020,0.0,0.0,0.0,0.0,0.0
06/09/2020,0.0,0.0,0.0,0.0,0.0
06/08/2020,0.0,0.0,0.0,0.0,0.0
