12/30/2022,18.71,18.6,19.37,20.18,21.66
12/29/2022,18.57,18.66,19.5,20.28,21.73
12/28/2022,18.42,18.76,19.65,20.4,21.82
12/27/2022,18.41,18.98,19.8,20.6,21.91
12/23/2022,18.42,19.14,19.92,20.8,21.97
12/22/2022,18.49,19.22,20.06,20.98,22.02
12/21/2022,18.76,19.43,20.26,21.11,22.1
12/20/2022,19.1,19.62,20.47,21.26,22.17
12/19/2022,19.55,19.81,20.66,21.41,22.23
12/16/2022,19.85,19.97,20.81,21.55,22.3
12/15/2022,19.96,20.15,20.96,21.66,22.37
12/14/2022,20.1,20.33,21.09,21.79,22.44
12/13/2022,20.15,20.55,21.23,21.98,22.51
12/12/2022,20.07,20.61,21.41,22.15,22.59
12/09/2022,20.09,20.71,21.63,22.35,22.67
12/08/2022,20.33,20.89,21.86,22.52,22.77
12/07/2022,20.56,21.1,21.95,22.66,22.87
12/06/2022,20.95,21.31,22.08,22.79,22.98
12/05/2022,21.16,21.5,22.21,22.87,23.11
12/02/2022,21.32,21.65,22.34,22.97,23.21
12/01/2022,21.45,21.78,22.41,23.02,23.29
11/30/2022,21.64,21.86,22.52,23.07,23.36
11/29/2022,21.68,21.91,22.69,23.08,23.4
11/28/2022,21.85,22.22,22.92,23.12,23.46
11/25/2022,21.97,22.55,23.17,23.14,23.51
11/23/2022,22.12,22.83,23.33,23.2,23.55
11/22/2022,22.07,22.81,23.44,23.21,23.59
11/21/2022,22.14,22.85,23.53,23.17,23.63
11/18/2022,22.58,22.92,23.55,23.17,23.68
11/17/2022,23.13,23.03,23.63,23.16,23.75
11/16/2022,23.53,23.04,23.64,23.15,23.81
11/15/2022,23.55,23.19,23.68,23.19,23.88
11/14/2022,23.55,23.47,23.67,23.24,23.93
11/11/2022,23.25,23.63,23.57,23.23,23.98
11/10/2022,22.93,23.78,23.44,23.14,24.02
11/09/2022,22.54,23.84,23.39,23.06,24.08
11/08/2022,22.83,24.08,23.41,23.09,24.2
11/07/2022,23.39,24.2,23.33,23.07,24.3
11/04/2022,24.01,24.19,23.29,23.06,24.41
11/03/2022,24.64,24.24,23.23,23.06,24.49
11/02/2022,25.14,24.25,23.2,23.09,24.58
11/01/2022,25.33,24.17,23.18,23.1,24.66
10/31/2022,25.02,23.87,23.12,23.05,24.7
10/28/2022,24.38,23.51,23.02,23.03,24.73
10/27/2022,23.84,23.1,22.82,22.99,24.72
10/26/2022,23.36,22.94,22.67,23.02,24.73
10/25/2022,23.01,22.75,22.59,23.09,24.71
10/24/2022,22.73,22.46,22.51,23.18,24.69
10/21/2022,22.64,22.39,22.49,23.34,24.7
10/20/2022,22.36,22.21,22.46,23.44,24.7
10/19/2022,22.53,22.16,22.51,23.56,24.71
10/18/2022,22.49,22.2,22.56,23.65,24.71
10/17/2022,22.2,22.37,22.64,23.71,24.72
10/14/2022,22.15,22.54,22.79,23.79,24.74
10/13/2022,22.07,22.54,22.94,23.87,24.76
10/12/2022,21.78,22.4,23.06,23.9,24.75
10/11/2022,21.91,22.43,23.26,23.97,24.76
10/10/2022,22.55,22.55,23.53,24.09,24.79
10/07/2022,22.93,22.58,23.82,24.2,24.8
10/06/2022,23.02,22.72,24.06,24.33,24.8
10/05/2022,23.01,22.87,24.27,24.47,24.81
10/04/2022,22.95,22.92,24.38,24.57,24.8
10/03/2022,22.55,22.91,24.38,24.63,24.76
09/30/2022,22.24,23.05,24.42,24.73,24.73
09/29/2022,22.41,23.33,24.53,24.9,24.74
09/28/2022,22.73,23.72,24.65,25.11,24.74
09/27/2022,22.89,24.09,24.73,25.32,24.73
09/26/2022,23.28,24.52,24.86,25.53,24.74
09/23/2022,23.86,25.05,25.01,25.75,24.76
09/22/2022,24.25,25.41,25.14,25.92,24.77
09/21/2022,24.7,25.66,25.26,26.06,24.76
09/20/2022,25.28,25.84,25.4,26.23,24.76
09/19/2022,25.75,25.84,25.48,26.34,24.76
09/16/2022,26.24,25.8,25.57,26.42,24.77
09/15/2022,26.56,25.73,25.69,26.45,24.78
09/14/2022,26.62,25.59,25.8,26.44,24.8
09/13/2022,26.4,25.38,25.94,26.33,24.8
09/12/2022,25.93,25.2,26.04,26.21,24.78
09/09/2022,25.35,24.96,26.11,26.06,24.77
09/08/2022,24.9,24.87,26.17,25.95,24.74
09/07/2022,24.56,24.86,26.26,25.85,24.72
09/06/2022,24.36,24.96,26.43,25.77,24.74
09/02/2022,24.48,25.13,26.6,25.74,24.8
09/01/2022,24.58,25.35,26.73,25.68,24.86
08/31/2022,24.84,25.65,26.81,25.65,24.91
08/30/2022,25.17,26.02,26.87,25.61,24.98
08/29/2022,25.56,26.51,26.8,25.56,25.01
08/26/2022,25.78,26.89,26.72,25.5,25.05
08/25/2022,26.11,27.25,26.61,25.41,25.07
08/24/2022,26.46,27.48,26.49,25.27,25.08
08/23/2022,26.87,27.66,26.34,25.15,25.09
08/22/2022,27.45,27.89,26.18,25.03,25.09
08/19/2022,28.0,28.06,26.04,24.88,25.08
08/18/2022,28.39,28.12,25.85,24.74,25.04
08/17/2022,28.49,27.97,25.65,24.57,25.01
08/16/2022,28.44,27.73,25.4,24.37,24.94
08/15/2022,28.33,27.1,25.09,24.14,24.85
08/12/2022,28.13,26.55,24.81,23.95,24.78
08/11/2022,27.85,25.97,24.49,23.77,24.72
08/10/2022,27.46,25.51,24.17,23.62,24.68
08/09/2022,27.01,25.03,23.89,23.47,24.64
08/08/2022,25.86,24.46,23.61,23.28,24.57
08/05/2022,24.98,24.01,23.3,23.18,24.53
08/04/2022,24.1,23.59,23.05,23.12,24.48
08/03/2022,23.56,23.33,22.87,23.11,24.45
08/02/2022,23.06,23.08,22.69,23.16,24.45
08/01/2022,23.06,23.09,22.66,23.28,24.47
07/29/2022,23.05,23.06,22.65,23.35,24.5
07/28/2022,23.08,23.0,22.66,23.47,24.55
07/27/2022,23.09,22.84,22.67,23.54,24.62
07/26/2022,23.11,22.75,22.69,23.6,24.68
07/25/2022,23.11,22.75,22.7,23.71,24.77
07/22/2022,23.07,22.58,22.76,23.86,24.85
07/21/2022,22.92,22.5,22.88,24.04,24.93
07/20/2022,22.58,22.42,23.0,24.17,25.0
07/19/2022,22.4,22.3,23.2,24.35,25.08
07/18/2022,22.39,22.23,23.38,24.46,25.21
07/15/2022,22.08,22.25,23.49,24.6,25.35
07/14/2022,22.08,22.33,23.71,24.74,25.5
07/13/2022,22.27,22.51,23.89,24.88,25.66
07/12/2022,22.21,22.62,24.02,25.02,25.8
07/11/2022,22.08,22.64,24.19,25.15,25.94
07/08/2022,22.41,22.94,24.5,25.28,26.1
07/07/2022,22.57,23.26,24.81,25.34,26.25
07/06/2022,22.75,23.58,25.05,25.46,26.38
07/05/2022,23.03,24.1,25.37,25.51,26.52
07/01/2022,23.21,24.52,25.58,25.57,26.65
06/30/2022,23.47,24.73,25.78,25.6,26.79
06/29/2022,23.94,25.09,25.95,25.68,26.94
06/28/2022,24.42,25.27,26.07,25.74,27.09
06/27/2022,25.18,25.42,26.23,25.82,27.25
06/24/2022,25.83,25.75,26.4,25.85,27.41
06/23/2022,25.99,26.05,26.45,25.88,27.55
06/22/2022,26.23,26.37,26.38,25.84,27.67
06/21/2022,26.11,26.51,26.39,25.8,27.81
06/17/2022,25.65,26.65,26.22,25.75,27.91
06/16/2022,25.66,26.64,26.09,25.65,28.0
06/15/2022,26.11,26.83,26.03,25.66,28.08
06/14/2022,26.5,26.81,25.97,25.63,28.14
06/13/2022,26.91,26.87,25.98,25.7,28.23
06/10/2022,27.64,27.04,26.02,25.76,28.34
06/09/2022,27.61,27.05,25.91,25.82,28.45
06/08/2022,27.55,26.85,25.79,25.85,28.48
06/07/2022,27.13,26.4,25.58,25.83,28.47
06/06/2022,26.84,26.28,25.44,25.83,28.47
06/03/2022,26.43,25.79,25.3,25.81,0.0
06/02/2022,26.49,25.55,25.16,25.95,0.0
06/01/2022,26.14,25.24,25.08,26.1,0.0
05/31/2022,25.67,25.13,25.04,26.26,0.0
05/27/2022,25.71,25.09,25.12,26.44,0.0
05/26/2022,25.15,25.0,25.12,26.58,0.0
05/25/2022,24.6,24.76,25.21,26.74,0.0
05/24/2022,24.34,24.74,25.35,26.92,0.0
05/23/2022,24.58,24.75,25.54,27.15,0.0
05/20/2022,24.47,24.6,25.61,27.3,0.0
05/19/2022,24.84,24.8,25.82,27.52,0.0
05/18/2022,24.92,24.78,26.16,27.73,0.0
05/17/2022,25.14,24.92,26.52,27.99,0.0
05/16/2022,24.92,24.94,26.82,28.21,0.0
05/13/2022,24.73,25.15,27.11,28.44,0.0
05/12/2022,24.76,25.25,27.37,28.68,0.0
05/11/2022,24.64,25.65,27.73,28.97,0.0
05/10/2022,24.7,25.95,28.01,29.22,0.0
05/09/2022,24.97,26.33,28.35,29.51,0.0
05/06/2022,25.56,26.61,28.65,29.83,0.0
05/05/2022,25.74,26.85,28.88,30.07,0.0
05/04/2022,26.67,27.53,29.21,30.35,0.0
05/03/2022,27.21,28.13,29.52,30.5,0.0
05/02/2022,27.69,28.7,29.84,30.65,0.0
04/29/2022,27.66,29.07,30.09,30.76,0.0
04/28/2022,27.95,29.49,30.4,30.92,0.0
04/27/2022,28.39,29.8,30.63,31.08,0.0
04/26/2022,29.05,30.07,30.85,31.11,0.0
04/25/2022,29.71,30.38,31.1,31.12,0.0
04/22/2022,30.48,30.69,31.43,31.11,0.0
04/21/2022,31.03,30.92,31.68,0.0,0.0
04/20/2022,31.2,30.89,31.75,0.0,0.0
04/19/2022,31.09,30.91,31.69,0.0,0.0
04/18/2022,31.05,30.98,31.63,0.0,0.0
04/14/2022,30.9,31.11,31.6,0.0,0.0
04/13/2022,30.81,31.3,31.64,0.0,0.0
04/12/2022,30.58,31.47,31.72,0.0,0.0
04/11/2022,30.73,31.63,31.63,0.0,0.0
04/08/2022,30.91,31.82,31.5,0.0,0.0
04/07/2022,31.33,32.18,31.32,0.0,0.0
04/06/2022,31.8,32.43,0.0,0.0,0.0
04/05/2022,32.36,32.62,0.0,0.0,0.0
04/04/2022,32.53,32.47,0.0,0.0,0.0
04/01/2022,32.72,32.28,0.0,0.0,0.0
03/31/2022,33.02,32.09,0.0,0.0,0.0
03/30/2022,33.07,31.98,0.0,0.0,0.0
03/29/2022,32.87,31.96,0.0,0.0,0.0
03/28/2022,32.4,31.62,0.0,0.0,0.0
03/25/2022,31.83,31.17,0.0,0.0,0.0
03/24/2022,31.15,30.47,0.0,0.0,0.0
03/23/2022,30.89,0.0,0.0,0.0,0.0
03/22/2022,31.06,0.0,0.0,0.0,0.0
03/21/2022,30.84,0.0,0.0,0.0,0.0
03/18/2022,30.51,0.0,0.0,0.0,0.0
03/17/2022,29.79,0.0,0.0,0.0,0.0
03/16/2022,0.0,0.0,0.0,0.0,0.0
03/15/2022,0.0,0.0,0.0,0.0,0.0
03/09/2022,0.0,0.0,0.0,0.0,0.0
03/07/2022,0.0,0.0,0.0,0.0,0.0
