12/30/2022,1.14,1.16,1.21,1.25,1.29
12/29/2022,1.15,1.16,1.22,1.26,1.3
12/28/2022,1.16,1.17,1.23,1.27,1.3
12/27/2022,1.16,1.18,1.24,1.29,1.31
12/23/2022,1.17,1.2,1.25,1.31,1.31
12/22/2022,1.17,1.21,1.25,1.32,1.32
12/21/2022,1.18,1.21,1.26,1.32,1.32
12/20/2022,1.19,1.22,1.28,1.32,1.32
12/19/2022,1.21,1.23,1.28,1.33,1.33
12/16/2022,1.23,1.24,1.29,1.33,1.33
12/15/2022,1.24,1.26,1.3,1.33,1.34
12/14/2022,1.24,1.27,1.31,1.33,1.34
12/13/2022,1.25,1.28,1.32,1.33,1.35
12/12/2022,1.25,1.29,1.34,1.33,1.36
12/09/2022,1.26,1.29,1.36,1.33,1.36
12/08/2022,1.27,1.3,1.38,1.33,1.37
12/07/2022,1.29,1.31,1.38,1.33,1.38
12/06/2022,1.31,1.33,1.38,1.33,1.38
12/05/2022,1.33,1.34,1.37,1.33,1.39
12/02/2022,1.33,1.34,1.37,1.33,1.4
12/01/2022,1.33,1.35,1.37,1.32,1.4
11/30/2022,1.34,1.36,1.36,1.32,1.4
11/29/2022,1.35,1.37,1.36,1.32,1.41
11/28/2022,1.35,1.39,1.35,1.32,1.41
11/25/2022,1.36,1.43,1.35,1.32,1.42
11/23/2022,1.36,1.45,1.34,1.32,1.43
11/22/2022,1.38,1.44,1.34,1.32,1.43
11/21/2022,1.39,1.42,1.33,1.32,1.44
11/18/2022,1.43,1.41,1.32,1.33,1.44
11/17/2022,1.51,1.4,1.32,1.33,1.45
11/16/2022,1.54,1.39,1.31,1.33,1.46
11/15/2022,1.5,1.37,1.3,1.33,1.46
11/14/2022,1.45,1.34,1.3,1.33,1.47
11/11/2022,1.39,1.31,1.29,1.33,1.47
11/10/2022,1.29,1.26,1.27,1.32,1.47
11/09/2022,1.23,1.23,1.26,1.31,1.48
11/08/2022,1.24,1.24,1.27,1.32,1.5
11/07/2022,1.23,1.25,1.27,1.32,1.51
11/04/2022,1.23,1.24,1.28,1.33,1.53
11/03/2022,1.24,1.24,1.29,1.34,1.55
11/02/2022,1.24,1.23,1.3,1.35,1.56
11/01/2022,1.25,1.24,1.31,1.36,1.58
10/31/2022,1.26,1.25,1.33,1.37,1.59
10/28/2022,1.24,1.26,1.33,1.38,1.6
10/27/2022,1.24,1.28,1.34,1.4,1.61
10/26/2022,1.23,1.29,1.35,1.41,1.62
10/25/2022,1.24,1.29,1.36,1.42,1.63
10/24/2022,1.25,1.3,1.36,1.43,1.64
10/21/2022,1.29,1.33,1.38,1.45,1.65
10/20/2022,1.31,1.34,1.39,1.46,1.66
10/19/2022,1.34,1.37,1.4,1.48,1.67
10/18/2022,1.35,1.39,1.42,1.49,1.67
10/17/2022,1.36,1.4,1.43,1.5,1.68
10/14/2022,1.37,1.4,1.44,1.5,1.69
10/13/2022,1.38,1.41,1.45,1.51,1.7
10/12/2022,1.4,1.42,1.47,1.53,1.71
10/11/2022,1.42,1.42,1.49,1.54,1.72
10/10/2022,1.44,1.42,1.5,1.55,1.73
10/07/2022,1.44,1.43,1.51,1.56,1.73
10/06/2022,1.45,1.44,1.52,1.58,1.74
10/05/2022,1.43,1.43,1.53,1.58,1.74
10/04/2022,1.42,1.45,1.54,1.59,1.74
10/03/2022,1.41,1.46,1.54,1.6,1.75
09/30/2022,1.41,1.48,1.56,1.61,1.75
09/29/2022,1.42,1.5,1.57,1.63,1.76
09/28/2022,1.44,1.53,1.58,1.65,1.77
09/27/2022,1.47,1.55,1.6,1.67,1.77
09/26/2022,1.51,1.57,1.61,1.7,1.78
09/23/2022,1.55,1.6,1.63,1.73,1.78
09/22/2022,1.57,1.61,1.65,1.76,1.79
09/21/2022,1.62,1.63,1.66,1.78,1.79
09/20/2022,1.63,1.63,1.67,1.79,1.8
09/19/2022,1.63,1.63,1.67,1.81,1.81
09/16/2022,1.65,1.63,1.68,1.82,1.81
09/15/2022,1.66,1.64,1.69,1.83,1.82
09/14/2022,1.64,1.64,1.71,1.84,1.82
09/13/2022,1.64,1.64,1.74,1.84,1.83
09/12/2022,1.63,1.66,1.77,1.84,1.83
09/09/2022,1.61,1.66,1.8,1.85,1.83
09/08/2022,1.61,1.68,1.84,1.85,1.84
09/07/2022,1.63,1.69,1.86,1.85,1.84
09/06/2022,1.64,1.7,1.87,1.86,1.84
09/02/2022,1.69,1.71,1.89,1.86,1.84
09/01/2022,1.72,1.73,1.91,1.88,1.85
08/31/2022,1.75,1.75,1.92,1.89,1.85
08/30/2022,1.75,1.78,1.94,1.9,1.85
08/29/2022,1.75,1.83,1.94,1.9,1.85
08/26/2022,1.73,1.88,1.94,1.9,1.84
08/25/2022,1.74,1.94,1.94,1.9,1.84
08/24/2022,1.76,1.99,1.93,1.9,1.84
08/23/2022,1.82,2.02,1.93,1.9,1.83
08/22/2022,1.91,2.05,1.93,1.9,1.83
08/19/2022,2.03,2.08,1.94,1.9,1.83
08/18/2022,2.13,2.09,1.95,1.9,1.82
08/17/2022,2.22,2.09,1.95,1.89,1.82
08/16/2022,2.23,2.09,1.95,1.88,1.81
08/15/2022,2.19,2.06,1.94,1.87,1.8
08/12/2022,2.13,2.0,1.91,1.85,1.79
08/11/2022,2.05,1.94,1.88,1.83,1.79
08/10/2022,1.96,1.88,1.85,1.81,1.77
08/09/2022,1.95,1.84,1.83,1.8,1.77
08/08/2022,1.92,1.82,1.82,1.8,1.77
08/05/2022,1.86,1.8,1.8,1.81,1.76
08/04/2022,1.82,1.8,1.8,1.81,1.76
08/03/2022,1.79,1.81,1.79,1.82,1.76
08/02/2022,1.74,1.82,1.78,1.81,1.77
08/01/2022,1.72,1.82,1.78,1.81,1.77
07/29/2022,1.74,1.82,1.78,1.82,1.78
07/28/2022,1.79,1.83,1.77,1.82,1.79
07/27/2022,1.84,1.83,1.78,1.82,1.8
07/26/2022,1.9,1.82,1.78,1.82,1.8
07/25/2022,1.93,1.82,1.8,1.82,1.81
07/22/2022,1.9,1.81,1.81,1.82,1.81
07/21/2022,1.87,1.79,1.81,1.82,1.82
07/20/2022,1.81,1.77,1.82,1.81,1.82
07/19/2022,1.75,1.74,1.81,1.8,1.82
07/18/2022,1.72,1.73,1.81,1.8,1.83
07/15/2022,1.71,1.73,1.81,1.79,1.85
07/14/2022,1.71,1.72,1.82,1.78,1.86
07/13/2022,1.73,1.73,1.82,1.77,1.87
07/12/2022,1.72,1.74,1.82,1.77,1.88
07/11/2022,1.74,1.77,1.82,1.77,1.89
07/08/2022,1.75,1.81,1.83,1.76,1.91
07/07/2022,1.73,1.84,1.83,1.75,1.92
07/06/2022,1.72,1.86,1.83,1.74,1.93
07/05/2022,1.76,1.88,1.83,1.74,1.95
07/01/2022,1.8,1.89,1.83,1.74,1.97
06/30/2022,1.87,1.9,1.82,1.74,1.99
06/29/2022,1.95,1.92,1.81,1.74,2.01
06/28/2022,2.0,1.91,1.8,1.74,2.03
06/27/2022,2.01,1.89,1.78,1.74,2.05
06/24/2022,1.98,1.87,1.76,1.73,2.06
06/23/2022,1.92,1.85,1.73,1.72,2.08
06/22/2022,1.89,1.83,1.71,1.72,2.09
06/21/2022,1.82,1.8,1.68,1.71,2.11
06/17/2022,1.78,1.78,1.67,1.72,2.14
06/16/2022,1.75,1.77,1.66,1.73,2.17
06/15/2022,1.77,1.74,1.66,1.74,2.2
06/14/2022,1.77,1.7,1.65,1.75,2.23
06/13/2022,1.78,1.68,1.65,1.77,2.27
06/10/2022,1.77,1.67,1.66,1.78,2.3
06/09/2022,1.79,1.66,1.67,1.8,2.33
06/08/2022,1.72,1.62,1.66,1.8,2.35
06/07/2022,1.64,1.59,1.66,1.81,2.37
06/06/2022,1.59,1.57,1.67,1.83,2.39
06/03/2022,1.57,1.57,1.69,1.85,2.41
06/02/2022,1.53,1.56,1.71,1.87,2.44
06/01/2022,1.52,1.57,1.74,1.9,2.47
05/31/2022,1.54,1.61,1.78,1.94,2.49
05/27/2022,1.55,1.63,1.81,1.97,2.52
05/26/2022,1.56,1.65,1.84,1.99,2.55
05/25/2022,1.58,1.68,1.87,2.02,2.58
05/24/2022,1.62,1.7,1.9,2.06,2.61
05/23/2022,1.68,1.74,1.93,2.09,2.65
05/20/2022,1.7,1.77,1.96,2.12,2.68
05/19/2022,1.73,1.81,1.99,2.16,2.72
05/18/2022,1.77,1.86,2.03,2.19,2.74
05/17/2022,1.78,1.92,2.07,2.24,2.77
05/16/2022,1.8,1.95,2.1,2.28,2.8
05/13/2022,1.84,2.0,2.13,2.32,2.83
05/12/2022,1.89,2.03,2.16,2.35,2.87
05/11/2022,1.95,2.06,2.2,2.39,2.91
05/10/2022,2.05,2.09,2.23,2.43,2.94
05/09/2022,2.1,2.11,2.26,2.47,2.97
05/06/2022,2.17,2.15,2.3,2.5,3.0
05/05/2022,2.16,2.17,2.33,2.56,3.04
05/04/2022,2.16,2.2,2.36,2.61,3.06
05/03/2022,2.13,2.22,2.4,2.66,3.09
05/02/2022,2.12,2.26,2.44,2.71,3.12
04/29/2022,2.12,2.27,2.47,2.77,3.15
04/28/2022,2.18,2.3,2.52,2.82,3.19
04/27/2022,2.23,2.34,2.56,2.86,3.23
04/26/2022,2.31,2.37,2.6,2.9,3.26
04/25/2022,2.39,2.42,2.64,2.92,3.29
04/22/2022,2.41,2.45,2.68,2.95,3.32
04/21/2022,2.42,2.49,2.75,2.98,3.35
04/20/2022,2.44,2.53,2.82,3.01,3.37
04/19/2022,2.43,2.57,2.88,3.03,3.4
04/18/2022,2.44,2.63,2.94,3.05,3.43
04/14/2022,2.5,2.68,3.02,3.08,3.46
04/13/2022,2.56,2.73,3.08,3.11,3.51
04/12/2022,2.62,2.78,3.12,3.14,3.55
04/11/2022,2.71,2.83,3.16,3.17,3.6
04/08/2022,2.81,2.87,3.17,3.21,3.65
04/07/2022,2.86,2.91,3.19,3.24,3.7
04/06/2022,2.91,3.01,3.22,3.27,3.75
04/05/2022,2.95,3.11,3.25,3.29,3.8
04/04/2022,2.96,3.2,3.26,3.31,3.85
04/01/2022,2.94,3.26,3.26,3.32,3.9
03/31/2022,2.96,3.36,3.28,3.35,3.94
03/30/2022,3.11,3.43,3.3,3.39,3.99
03/29/2022,3.27,3.47,3.32,3.42,4.05
03/28/2022,3.44,3.49,3.34,3.45,4.1
03/25/2022,3.57,3.47,3.38,3.47,4.15
03/24/2022,3.76,3.48,3.41,3.5,4.19
03/23/2022,3.74,3.44,3.41,3.52,4.23
03/22/2022,3.66,3.39,3.38,3.52,4.27
03/21/2022,3.54,3.33,3.36,3.52,4.31
03/18/2022,3.37,3.27,3.36,3.54,4.36
03/17/2022,3.2,3.2,3.35,3.53,4.39
03/16/2022,3.13,3.17,3.37,3.55,4.43
03/15/2022,3.11,3.17,3.4,3.59,4.48
03/14/2022,3.11,3.2,3.43,3.63,4.52
03/11/2022,3.17,3.28,3.47,3.67,4.58
03/10/2022,3.2,3.34,3.51,3.69,4.64
03/09/2022,3.21,3.38,3.56,3.71,4.69
03/08/2022,3.23,3.38,3.58,3.74,4.74
03/07/2022,3.28,3.4,3.62,3.77,4.8
03/04/2022,3.39,3.44,3.67,3.8,4.86
03/03/2022,3.49,3.5,3.7,3.85,4.93
03/02/2022,3.54,3.57,3.74,3.9,4.98
03/01/2022,3.52,3.63,3.8,3.95,5.04
02/28/2022,3.52,3.66,3.85,4.02,5.09
02/25/2022,3.49,3.66,3.86,4.09,5.15
02/24/2022,3.51,3.68,3.87,4.16,5.21
02/23/2022,3.59,3.73,3.88,4.23,5.27
02/22/2022,3.75,3.79,3.92,4.31,5.33
02/18/2022,3.8,3.84,3.96,4.39,5.41
02/17/2022,3.83,3.89,3.99,4.47,5.47
02/16/2022,3.85,3.91,4.03,4.54,5.54
02/15/2022,3.87,3.92,4.07,4.6,5.61
02/14/2022,3.83,3.96,4.11,4.67,5.68
02/11/2022,3.89,4.04,4.2,4.74,5.76
02/10/2022,3.96,4.07,4.3,4.82,5.85
02/09/2022,3.96,4.05,4.4,4.88,5.94
02/08/2022,3.96,4.03,4.48,4.94,6.02
02/07/2022,4.1,4.05,4.57,5.02,6.1
02/04/2022,4.19,4.07,4.66,5.11,6.18
02/03/2022,4.17,4.08,4.75,5.18,6.27
02/02/2022,4.15,4.15,4.85,5.25,6.36
02/01/2022,4.1,4.22,4.94,5.31,6.45
01/31/2022,4.01,4.27,5.02,5.36,6.53
01/28/2022,3.95,4.37,5.1,5.42,6.62
01/27/2022,3.99,4.54,5.2,5.5,6.72
01/26/2022,4.15,4.74,5.3,5.58,6.83
01/25/2022,4.34,4.93,5.4,5.66,6.93
01/24/2022,4.52,5.08,5.51,5.74,7.03
01/21/2022,4.79,5.25,5.62,5.82,7.12
01/20/2022,5.09,5.43,5.73,5.92,7.23
01/19/2022,5.33,5.55,5.81,6.0,7.32
01/18/2022,5.53,5.66,5.85,6.07,7.42
01/14/2022,5.64,5.78,5.91,6.12,7.51
01/13/2022,5.72,5.83,5.94,6.17,7.59
01/12/2022,5.77,5.86,5.98,6.2,7.67
01/11/2022,5.77,5.85,6.0,6.25,7.75
01/10/2022,5.8,5.87,6.02,6.3,7.84
01/07/2022,5.92,5.94,6.07,6.36,7.92
01/06/2022,5.93,5.99,6.11,6.42,8.0
01/05/2022,5.95,6.04,6.17,6.48,8.07
01/04/2022,5.93,6.06,6.23,6.55,8.14
01/03/2022,5.94,6.04,6.27,6.62,8.21
12/31/2021,5.95,6.04,6.29,6.69,8.29
12/30/2021,6.06,6.06,6.34,6.78,8.37
12/29/2021,6.12,6.09,6.38,6.88,8.44
12/28/2021,6.19,6.15,6.45,7.0,8.52
12/27/2021,6.13,6.18,6.52,7.09,8.6
12/23/2021,6.13,6.2,6.57,7.17,8.67
12/22/2021,6.07,6.23,6.64,7.25,8.74
12/21/2021,6.06,6.29,6.7,7.35,8.81
12/20/2021,6.1,6.39,6.8,7.47,8.89
12/17/2021,6.22,6.51,6.91,7.6,8.98
12/16/2021,6.28,6.55,7.02,7.7,9.07
12/15/2021,6.39,6.61,7.15,7.83,9.15
12/14/2021,6.53,6.66,7.28,7.95,9.23
12/13/2021,6.68,6.76,7.42,8.07,9.32
12/10/2021,6.79,6.86,7.55,8.2,9.42
12/09/2021,6.81,6.94,7.66,8.31,9.5
12/08/2021,6.84,7.04,7.76,8.42,9.57
12/07/2021,6.79,7.11,7.88,8.53,9.63
12/06/2021,6.85,7.2,8.01,8.65,9.7
12/03/2021,6.93,7.32,8.14,8.76,9.78
12/02/2021,7.08,7.5,8.28,8.89,9.88
12/01/2021,7.25,7.68,8.43,9.01,9.97
11/30/2021,7.44,7.9,8.59,9.14,10.07
11/29/2021,7.56,8.08,8.73,9.26,10.17
11/26/2021,7.72,8.24,8.87,9.37,10.27
11/24/2021,7.92,8.37,9.0,9.48,10.35
11/23/2021,8.11,8.47,9.11,9.58,10.43
11/22/2021,8.35,8.64,9.24,9.66,10.51
11/19/2021,8.6,8.82,9.37,9.74,10.59
11/18/2021,8.76,8.96,9.48,9.81,10.66
11/17/2021,8.83,9.06,9.59,9.88,10.73
11/16/2021,8.83,9.18,9.68,9.95,10.8
11/15/2021,8.93,9.29,9.76,10.0,10.85
11/12/2021,9.05,9.38,9.84,10.04,10.89
11/11/2021,9.16,9.49,9.94,10.1,10.94
11/10/2021,9.28,9.62,10.04,10.17,10.99
11/09/2021,9.54,9.75,10.13,10.22,11.04
11/08/2021,9.64,9.84,10.18,10.27,11.08
11/05/2021,9.71,9.91,10.19,10.31,11.13
11/04/2021,9.83,10.01,10.23,10.37,11.18
11/03/2021,9.97,10.12,10.3,10.44,11.23
11/02/2021,9.96,10.18,10.33,10.48,11.23
11/01/2021,10.04,10.24,10.36,10.51,11.25
10/29/2021,10.11,10.31,10.37,10.57,11.26
10/28/2021,10.19,10.38,10.41,10.65,11.28
10/27/2021,10.27,10.45,10.44,10.69,11.29
10/26/2021,10.4,10.52,10.46,10.72,11.3
10/25/2021,10.44,10.51,10.48,10.74,11.31
10/22/2021,10.51,10.48,10.52,10.76,11.32
10/21/2021,10.57,10.45,10.55,10.8,11.33
10/20/2021,10.64,10.48,10.6,10.86,11.35
10/19/2021,10.63,10.48,10.62,10.92,11.35
10/18/2021,10.58,10.49,10.65,11.0,11.36
10/15/2021,10.45,10.43,10.7,11.08,11.36
10/14/2021,10.33,10.44,10.79,11.16,11.37
10/13/2021,10.31,10.42,10.81,11.23,11.38
10/12/2021,10.33,10.41,10.82,11.29,11.38
10/11/2021,10.39,10.45,10.85,11.36,11.39
10/08/2021,10.41,10.55,10.9,11.44,11.42
10/07/2021,10.54,10.65,10.98,11.51,11.44
10/06/2021,10.53,10.72,11.06,11.57,11.47
10/05/2021,10.48,10.76,11.14,11.64,11.5
10/04/2021,10.5,10.81,11.26,11.7,11.54
10/01/2021,10.7,10.96,11.4,11.74,11.59
09/30/2021,10.76,11.14,11.52,11.77,11.63
09/29/2021,10.91,11.2,11.63,11.82,11.67
09/28/2021,11.04,11.24,11.73,11.85,11.72
09/27/2021,11.13,11.25,11.82,11.89,11.79
09/24/2021,11.23,11.25,11.89,11.94,11.84
09/23/2021,11.52,11.3,11.95,11.98,11.89
09/22/2021,11.48,11.4,12.0,12.02,11.92
09/21/2021,11.43,11.53,12.08,11.99,11.97
09/20/2021,11.38,11.7,12.14,11.99,12.03
09/17/2021,11.27,11.84,12.14,11.96,12.07
09/16/2021,11.08,11.9,12.09,11.9,12.09
09/15/2021,11.32,12.06,12.13,11.89,12.14
09/14/2021,11.62,12.23,12.15,11.88,12.18
09/13/2021,12.03,12.38,12.2,11.89,12.21
09/10/2021,12.41,12.53,12.29,11.89,12.28
09/09/2021,12.72,12.59,12.32,11.86,12.32
09/08/2021,12.8,12.59,12.32,11.84,12.36
09/07/2021,12.84,12.64,12.23,11.78,12.4
09/03/2021,12.74,12.58,12.13,11.72,12.44
09/02/2021,12.65,12.43,12.02,11.65,12.47
09/01/2021,12.46,12.28,11.9,11.59,12.5
08/31/2021,12.39,12.19,11.8,11.54,12.51
08/30/2021,12.44,12.08,11.71,11.47,12.52
08/27/2021,12.42,12.02,11.64,11.43,12.52
08/26/2021,12.21,12.04,11.56,11.39,12.52
08/25/2021,12.1,12.06,11.5,11.37,12.52
08/24/2021,12.0,12.06,11.46,11.37,12.51
08/23/2021,11.73,11.82,11.35,11.36,12.48
08/20/2021,11.63,11.69,11.29,11.38,12.48
08/19/2021,11.88,11.61,11.26,11.44,12.47
08/18/2021,12.02,11.53,11.24,11.48,12.46
08/17/2021,12.11,11.41,11.21,11.52,12.45
08/16/2021,11.91,11.34,11.17,11.6,12.43
08/13/2021,11.75,11.26,11.13,11.69,12.41
08/12/2021,11.35,11.08,11.06,11.75,12.36
08/11/2021,11.03,10.95,11.03,11.79,12.31
08/10/2021,10.71,10.86,11.02,11.83,12.26
08/09/2021,10.77,10.89,11.13,11.95,12.24
08/06/2021,10.77,10.89,11.23,12.07,12.19
08/05/2021,10.82,10.91,11.35,12.17,12.16
08/04/2021,10.86,10.95,11.45,12.28,12.17
08/03/2021,11.01,11.0,11.57,12.38,12.19
08/02/2021,11.01,11.0,11.73,12.49,12.21
07/30/2021,11.01,10.99,11.91,12.54,12.24
07/29/2021,11.01,11.03,12.08,12.67,12.29
07/28/2021,11.05,11.11,12.21,12.79,12.34
07/27/2021,10.99,11.18,12.32,12.88,12.4
07/26/2021,10.98,11.36,12.48,13.03,12.47
07/23/2021,10.97,11.56,12.65,13.16,12.54
07/22/2021,11.06,11.79,12.81,13.28,12.62
07/21/2021,11.16,11.95,12.95,13.41,12.68
07/20/2021,11.37,12.15,13.08,13.49,12.74
07/19/2021,11.74,12.47,13.23,13.58,12.8
07/16/2021,12.15,12.83,13.31,13.62,12.84
07/15/2021,12.51,13.12,13.49,13.65,12.87
07/14/2021,12.73,13.32,13.63,13.66,12.88
07/13/2021,12.92,13.45,13.73,13.65,12.89
07/12/2021,13.19,13.61,13.86,13.61,12.91
07/09/2021,13.52,13.75,13.97,13.57,12.92
07/08/2021,13.73,13.82,14.03,13.51,12.92
07/07/2021,13.9,13.94,14.14,13.44,12.93
07/06/2021,13.98,14.0,14.16,13.37,12.93
07/02/2021,14.02,14.0,14.13,13.26,12.93
07/01/2021,13.98,13.8,14.01,13.12,12.91
06/30/2021,13.91,13.85,13.91,12.97,12.89
06/29/2021,13.99,13.94,13.84,12.83,12.89
06/28/2021,14.03,14.02,13.75,12.69,12.88
06/25/2021,13.98,14.12,13.61,12.52,12.87
06/24/2021,13.61,14.19,13.48,12.32,12.86
06/23/2021,13.78,14.24,13.35,12.16,12.83
06/22/2021,13.88,14.34,13.19,12.06,12.81
06/21/2021,14.01,14.32,13.05,11.99,12.82
06/18/2021,14.26,14.27,12.89,11.94,12.83
06/17/2021,14.76,14.22,12.78,11.93,12.87
06/16/2021,14.7,13.97,12.53,11.9,12.89
06/15/2021,14.79,13.74,12.28,11.9,12.94
06/14/2021,14.63,13.48,12.02,11.91,12.97
06/11/2021,14.28,13.11,11.73,11.92,12.99
06/10/2021,13.69,12.78,11.39,11.92,13.02
06/09/2021,13.24,12.47,11.11,11.95,13.06
06/08/2021,12.68,12.05,10.92,11.95,13.1
06/07/2021,12.32,11.79,10.82,11.99,13.15
06/04/2021,11.94,11.51,10.78,12.02,13.22
06/03/2021,11.87,11.35,10.79,12.06,13.3
06/02/2021,11.7,11.1,10.87,12.09,13.37
06/01/2021,11.42,10.82,10.98,12.1,13.41
05/28/2021,11.25,10.56,11.13,12.14,13.46
05/27/2021,11.08,10.34,11.33,12.21,13.52
05/26/2021,10.82,10.0,11.49,12.26,13.6
05/25/2021,10.5,9.76,11.7,12.32,13.73
05/24/2021,10.22,9.8,11.9,12.42,13.86
05/21/2021,9.87,9.86,12.1,12.5,13.97
05/20/2021,9.61,10.05,12.28,12.61,14.08
05/19/2021,9.18,10.23,12.42,12.69,14.21
05/18/2021,9.02,10.64,12.59,12.8,14.37
05/17/2021,9.38,11.15,12.74,12.94,14.55
05/14/2021,9.85,11.69,12.93,13.08,14.78
05/13/2021,10.49,12.31,13.14,13.22,15.01
05/12/2021,11.28,12.98,13.39,13.39,15.25
05/11/2021,12.27,13.63,13.61,13.51,15.43
05/10/2021,12.91,14.01,13.73,13.56,15.55
05/07/2021,13.53,14.33,13.81,13.65,15.69
05/06/2021,14.12,14.5,13.89,13.73,15.77
05/05/2021,14.68,14.62,13.92,13.8,15.86
05/04/2021,14.99,14.54,13.89,13.89,15.93
05/03/2021,15.11,14.34,13.84,13.97,16.01
04/30/2021,15.13,14.16,13.77,14.02,16.04
04/29/2021,14.88,13.96,13.67,14.07,16.05
04/28/2021,14.55,13.8,13.59,14.12,16.07
04/27/2021,14.09,13.58,13.45,14.16,16.11
04/26/2021,13.58,13.44,13.34,14.24,16.15
04/23/2021,13.2,13.3,13.31,14.31,16.2
04/22/2021,13.04,13.27,13.34,14.43,16.25
04/21/2021,13.04,13.22,13.39,14.53,16.31
04/20/2021,13.07,13.23,13.56,14.64,16.39
04/19/2021,13.3,13.34,13.79,14.72,16.5
04/16/2021,13.39,13.38,13.95,14.78,16.59
04/15/2021,13.5,13.38,14.12,14.84,16.71
04/14/2021,13.4,13.39,14.27,14.95,16.81
04/13/2021,13.39,13.32,14.45,15.13,16.89
04/12/2021,13.37,13.24,14.64,15.3,16.95
04/09/2021,13.36,13.32,14.82,15.44,17.0
04/08/2021,13.27,13.4,15.0,15.55,17.06
04/07/2021,13.38,13.56,15.19,15.74,17.12
04/06/2021,13.26,13.89,15.35,15.93,17.17
04/05/2021,13.1,14.24,15.41,16.17,17.22
04/01/2021,13.27,14.53,15.48,16.49,17.27
03/31/2021,13.54,14.85,15.57,16.8,17.32
03/30/2021,13.74,15.16,15.73,17.11,17.37
03/29/2021,14.51,15.58,16.03,17.34,17.39
03/26/2021,15.38,16.04,16.34,17.54,17.42
03/25/2021,15.78,16.33,16.5,17.72,17.42
03/24/2021,16.16,16.61,16.63,17.82,17.39
03/23/2021,16.57,16.82,16.82,17.92,17.38
03/22/2021,16.64,16.81,16.95,17.97,17.33
03/19/2021,16.7,16.58,17.13,18.04,17.28
03/18/2021,16.88,16.43,17.47,18.06,17.23
03/17/2021,17.05,16.29,17.78,18.04,17.13
03/16/2021,17.06,16.3,18.08,18.03,17.04
03/15/2021,16.98,16.48,18.23,18.07,16.93
03/12/2021,16.45,16.63,18.29,18.07,16.83
03/11/2021,15.97,16.67,18.42,18.08,16.7
03/10/2021,15.53,16.65,18.42,18.06,16.56
03/09/2021,15.54,16.83,18.48,18.09,16.43
03/08/2021,15.98,17.08,18.55,18.14,16.3
03/05/2021,16.81,17.68,18.77,18.27,16.21
03/04/2021,17.36,18.51,18.88,18.4,16.11
03/03/2021,17.77,19.26,18.91,18.57,16.01
03/02/2021,18.12,19.87,18.9,18.68,15.88
03/01/2021,18.19,19.97,18.86,18.66,15.73
02/26/2021,18.56,19.95,18.79,18.59,15.58
02/25/2021,19.66,20.17,18.78,18.56,15.45
02/24/2021,20.75,20.19,18.77,18.57,15.33
02/23/2021,21.61,20.12,18.72,18.51,15.19
02/22/2021,21.75,20.02,18.66,18.42,15.04
02/19/2021,21.35,19.85,18.57,18.28,14.86
02/18/2021,20.68,19.25,18.35,18.04,14.64
02/17/2021,19.63,18.56,18.23,17.84,14.43
02/16/2021,18.63,17.94,18.08,17.63,14.22
02/12/2021,18.29,17.75,18.0,17.44,14.07
02/11/2021,18.35,17.62,17.91,17.29,13.91
02/10/2021,17.83,17.4,17.76,17.11,13.74
02/09/2021,17.5,17.35,17.76,16.97,13.61
02/08/2021,17.24,17.31,17.7,16.84,13.47
02/05/2021,17.21,17.3,17.62,16.69,13.32
02/04/2021,16.89,17.28,17.5,16.52,13.16
02/03/2021,16.96,17.44,17.43,16.4,13.03
02/02/2021,17.2,17.89,17.48,16.22,12.92
02/01/2021,17.38,18.23,17.48,16.04,12.79
01/29/2021,17.39,18.25,17.28,15.8,12.65
01/28/2021,17.67,18.2,17.13,15.58,12.5
01/27/2021,17.93,18.12,16.97,15.33,12.36
01/26/2021,18.59,18.16,16.79,15.06,12.21
01/25/2021,19.09,18.1,16.61,14.78,12.06
01/22/2021,19.12,17.95,16.39,14.47,11.91
01/21/2021,18.72,17.71,16.14,14.14,11.74
01/20/2021,18.32,17.43,15.87,13.82,11.58
01/19/2021,17.74,17.07,15.38,13.44,11.4
01/15/2021,17.11,16.72,14.94,13.09,11.25
01/14/2021,16.78,16.32,14.57,12.81,11.12
01/13/2021,16.7,16.06,14.28,12.57,11.03
01/12/2021,16.54,15.81,13.94,12.34,10.93
01/11/2021,16.4,15.41,13.51,12.09,10.83
01/08/2021,16.33,15.11,13.11,11.86,10.72
01/07/2021,15.86,14.83,12.73,11.65,10.61
01/06/2021,15.43,14.57,12.35,11.43,10.5
01/05/2021,15.08,14.32,12.01,11.25,10.41
01/04/2021,14.42,13.7,11.63,11.02,10.29
12/31/2020,13.89,13.17,11.28,10.81,10.19
12/30/2020,13.79,12.83,11.05,10.69,10.12
12/29/2020,13.71,12.49,10.82,10.52,10.05
12/28/2020,13.56,12.06,10.61,10.36,9.98
12/24/2020,12.98,11.6,10.43,10.24,9.92
12/23/2020,12.44,11.11,10.24,10.1,9.86
12/22/2020,11.87,10.64,10.07,9.95,9.8
12/21/2020,11.27,10.14,9.87,9.79,9.74
12/18/2020,10.56,9.7,9.71,9.66,9.68
12/17/2020,10.23,9.57,9.68,9.61,9.67
12/16/2020,9.79,9.39,9.63,9.54,9.65
12/15/2020,9.41,9.28,9.62,9.49,9.64
12/14/2020,9.01,9.15,9.54,9.42,9.63
12/11/2020,8.84,9.15,9.51,9.39,9.63
12/10/2020,8.9,9.26,9.56,9.37,9.65
12/09/2020,8.98,9.37,9.59,9.35,9.67
12/08/2020,9.14,9.5,9.6,9.35,9.69
12/07/2020,9.28,9.6,9.62,9.34,9.71
12/04/2020,9.47,9.72,9.64,9.35,9.73
12/03/2020,9.62,9.79,9.64,9.36,9.74
12/02/2020,9.75,9.87,9.62,9.41,9.75
12/01/2020,9.85,9.97,9.6,9.44,9.76
11/30/2020,9.91,9.93,9.56,9.49,9.77
11/27/2020,9.96,9.87,9.5,9.52,9.77
11/25/2020,9.96,9.86,9.43,9.56,9.78
11/24/2020,9.98,9.81,9.35,9.57,9.78
11/23/2020,10.08,9.71,9.28,9.57,9.77
11/20/2020,9.94,9.64,9.21,9.57,9.78
11/19/2020,9.78,9.56,9.16,9.57,9.77
11/18/2020,9.76,9.49,9.15,9.57,9.78
11/17/2020,9.64,9.37,9.18,9.57,9.78
11/16/2020,9.33,9.23,9.18,9.55,9.77
11/13/2020,9.33,9.19,9.27,9.58,9.78
11/12/2020,9.33,9.13,9.35,9.6,9.79
11/11/2020,9.21,8.99,9.42,9.61,9.8
11/10/2020,9.1,8.89,9.45,9.62,9.81
11/09/2020,9.14,8.85,9.5,9.66,9.82
11/06/2020,9.05,8.78,9.54,9.68,9.84
11/05/2020,8.93,8.76,9.58,9.71,9.85
11/04/2020,8.77,8.81,9.61,9.73,9.87
11/03/2020,8.67,8.99,9.67,9.77,9.89
11/02/2020,8.56,9.13,9.71,9.8,9.9
10/30/2020,8.51,9.35,9.77,9.84,9.93
10/29/2020,8.6,9.56,9.84,9.88,9.95
10/28/2020,8.85,9.84,9.91,9.93,9.98
10/27/2020,9.3,10.01,9.99,9.99,10.01
10/26/2020,9.69,10.15,10.06,10.03,10.04
10/23/2020,10.19,10.29,10.14,10.08,10.07
10/22/2020,10.53,10.39,10.18,10.12,10.09
10/21/2020,10.83,10.41,10.19,10.12,10.1
10/20/2020,10.72,10.35,10.16,10.1,10.1
10/19/2020,10.6,10.3,10.13,10.09,10.09
10/16/2020,10.39,10.2,10.08,10.05,10.08
10/15/2020,10.25,10.11,10.04,10.03,10.07
10/14/2020,9.99,9.99,9.98,9.99,10.05
10/13/2020,9.98,9.97,9.98,9.98,10.05
10/12/2020,9.99,9.98,9.98,9.98,10.06
10/09/2020,10.0,9.98,9.98,9.98,10.06
10/08/2020,9.98,9.97,9.98,9.98,10.06
10/07/2020,9.99,9.97,9.98,9.98,10.06
10/06/2020,9.97,9.97,9.98,9.98,10.06
10/05/2020,9.97,9.96,9.98,9.98,10.06
10/02/2020,9.96,9.96,9.98,9.98,10.06
10/01/2020,9.96,9.97,9.98,9.98,10.06
09/30/2020,9.96,9.97,9.98,9.98,10.06
09/29/2020,9.96,9.98,9.98,9.99,10.06
09/28/2020,9.96,9.98,9.98,9.99,10.06
09/25/2020,9.97,9.98,9.98,9.99,10.06
09/24/2020,9.98,9.99,9.99,10.0,10.06
09/23/2020,9.99,9.99,9.99,10.0,10.06
09/22/2020,9.99,9.99,9.99,10.0,10.06
09/21/2020,10.0,9.99,9.99,10.01,10.06
09/18/2020,10.0,9.99,9.99,10.02,10.06
09/17/2020,9.99,10.0,9.99,10.02,10.05
09/16/2020,9.99,10.0,9.99,10.02,10.05
09/15/2020,9.99,9.99,9.99,10.03,10.05
09/14/2020,9.99,9.99,9.99,10.04,10.05
09/11/2020,9.99,9.99,10.0,10.06,10.04
09/10/2020,10.0,9.99,10.0,10.07,10.04
09/09/2020,10.0,9.99,10.01,10.08,10.04
09/08/2020,9.99,9.99,10.01,10.09,10.03
09/04/2020,9.98,9.99,10.02,10.1,10.03
09/03/2020,9.98,9.99,10.03,10.11,10.03
09/02/2020,9.98,9.99,10.03,10.11,10.02
09/01/2020,9.97,9.99,10.04,10.12,10.02
08/31/2020,9.99,9.99,10.05,10.13,10.01
08/28/2020,10.0,10.0,10.07,10.13,10.01
08/27/2020,10.0,10.01,10.09,10.13,10.01
08/26/2020,9.99,10.02,10.11,10.13,10.01
08/25/2020,10.0,10.03,10.13,10.14,10.0
08/24/2020,10.0,10.03,10.15,10.13,10.0
08/21/2020,10.01,10.05,10.16,10.13,10.0
08/20/2020,10.02,10.07,10.17,10.14,9.99
08/19/2020,10.04,10.08,10.18,10.14,9.99
08/18/2020,10.06,10.09,10.19,10.14,9.99
08/17/2020,10.07,10.11,10.19,10.14,9.98
08/14/2020,10.08,10.14,10.19,10.14,9.97
08/13/2020,10.12,10.18,10.19,10.13,9.97
08/12/2020,10.13,10.19,10.19,10.13,9.97
08/11/2020,10.13,10.23,10.19,10.12,9.96
08/07/2020,10.16,10.26,10.18,10.12,9.96
08/04/2020,10.2,10.28,10.18,10.11,9.95
08/03/2020,10.24,10.27,10.17,10.1,9.94
07/31/2020,10.26,10.27,10.17,10.09,9.93
07/30/2020,10.32,10.28,10.16,10.08,9.92
07/29/2020,10.36,10.27,10.15,10.07,9.91
07/27/2020,10.35,10.24,10.13,10.05,9.9
07/24/2020,10.3,10.2,10.11,10.03,9.89
07/23/2020,10.29,10.19,10.1,10.02,9.88
07/22/2020,10.24,10.15,10.07,10.0,9.87
07/21/2020,10.18,10.11,10.05,9.97,9.86
07/20/2020,10.14,10.08,10.03,9.96,9.86
07/17/2020,10.11,10.07,10.01,9.94,9.85
07/16/2020,10.09,10.06,10.0,9.93,9.85
07/14/2020,10.07,10.04,9.98,9.91,9.85
07/13/2020,10.04,10.03,9.97,9.9,9.84
07/10/2020,10.03,10.02,9.96,9.89,9.84
07/07/2020,10.03,10.02,9.94,9.89,9.84
07/06/2020,10.03,10.01,9.93,9.88,9.84
07/02/2020,10.01,9.99,9.92,9.87,9.84
07/01/2020,10.02,9.98,9.91,9.87,9.84
06/30/2020,10.01,9.97,9.9,9.86,9.84
06/29/2020,10.0,9.95,9.88,9.85,9.83
06/26/2020,9.99,9.93,9.86,9.84,9.83
06/25/2020,9.97,9.92,9.85,9.83,9.83
06/24/2020,9.95,9.92,9.84,9.82,9.83
06/23/2020,9.93,9.89,9.83,9.81,9.83
06/22/2020,9.9,9.87,9.82,9.81,9.83
06/19/2020,9.88,9.85,9.82,9.8,9.83
06/18/2020,9.87,9.84,9.82,9.8,9.83
06/16/2020,9.88,9.83,9.81,9.8,9.83
06/12/2020,9.85,9.82,9.81,9.79,9.83
06/11/2020,9.84,9.81,9.8,9.78,9.83
06/10/2020,9.83,9.79,9.8,9.77,9.83
06/09/2020,9.82,9.78,9.79,9.76,9.83
06/03/2020,9.78,9.76,9.78,9.75,9.83
06/02/2020,9.79,9.77,9.78,9.75,9.83
05/29/2020,9.77,9.77,9.78,9.75,0.0
05/26/2020,9.76,9.79,9.78,9.75,0.0
05/21/2020,9.75,9.79,9.78,9.75,0.0
05/15/2020,9.74,9.79,9.79,9.75,0.0
05/14/2020,9.74,9.79,9.78,9.76,0.0
05/13/2020,9.76,9.8,9.77,9.77,0.0
05/06/2020,9.82,9.8,9.76,9.78,0.0
05/05/2020,9.83,9.8,9.75,9.78,0.0
05/04/2020,9.84,9.79,9.74,9.79,0.0
05/01/2020,9.83,9.78,9.74,9.79,0.0
04/24/2020,9.83,9.78,9.74,9.79,0.0
04/23/2020,9.79,9.77,9.73,9.79,0.0
04/22/2020,9.77,9.77,9.73,9.8,0.0
04/20/2020,9.75,9.78,9.74,9.8,0.0
04/17/2020,9.73,9.77,9.75,9.81,0.0
04/13/2020,9.74,9.74,9.75,9.82,0.0
04/08/2020,9.75,9.71,9.76,9.82,0.0
04/06/2020,9.76,9.7,9.77,9.83,0.0
04/03/2020,9.81,9.69,9.78,9.84,0.0
04/02/2020,9.8,9.7,9.79,9.84,0.0
04/01/2020,9.74,9.69,9.8,9.85,0.0
03/31/2020,9.68,9.7,9.81,9.85,0.0
03/27/2020,9.65,9.69,9.81,9.85,0.0
03/26/2020,9.58,9.69,9.81,9.85,0.0
03/24/2020,9.59,9.73,9.83,9.86,0.0
03/23/2020,9.64,9.76,9.86,9.87,0.0
03/18/2020,9.72,9.82,9.88,9.89,0.0
03/17/2020,9.73,9.84,9.89,9.9,0.0
03/13/2020,9.81,9.87,9.91,9.91,0.0
03/12/2020,9.86,9.89,9.92,9.91,0.0
03/10/2020,9.89,9.91,9.93,0.0,0.0
03/09/2020,9.91,9.91,9.93,0.0,0.0
03/06/2020,9.95,9.94,9.94,0.0,0.0
03/05/2020,9.93,9.94,9.93,0.0,0.0
03/03/2020,9.93,9.94,9.93,0.0,0.0
03/02/2020,9.94,9.95,9.93,0.0,0.0
02/28/2020,9.92,9.94,9.93,0.0,0.0
02/27/2020,9.93,9.94,9.93,0.0,0.0
02/26/2020,9.94,9.94,9.93,0.0,0.0
02/25/2020,9.95,9.94,9.93,0.0,0.0
02/24/2020,9.96,9.94,0.0,0.0,0.0
02/21/2020,9.96,9.94,0.0,0.0,0.0
02/20/2020,9.96,9.93,0.0,0.0,0.0
02/11/2020,9.95,9.93,0.0,0.0,0.0
02/10/2020,9.94,9.92,0.0,0.0,0.0
02/07/2020,9.93,9.91,0.0,0.0,0.0
02/06/2020,9.92,9.91,0.0,0.0,0.0
02/05/2020,9.91,9.91,0.0,0.0,0.0
02/04/2020,9.9,9.91,0.0,0.0,0.0
02/03/2020,9.91,9.91,0.0,0.0,0.0
01/29/2020,9.9,0.0,0.0,0.0,0.0
01/28/2020,9.91,0.0,0.0,0.0,0.0
01/27/2020,9.92,0.0,0.0,0.0,0.0
01/23/2020,9.92,0.0,0.0,0.0,0.0
01/17/2020,9.91,0.0,0.0,0.0,0.0
01/15/2020,0.0,0.0,0.0,0.0,0.0
01/13/2020,0.0,0.0,0.0,0.0,0.0
01/10/2020,0.0,0.0,0.0,0.0,0.0
01/09/2020,0.0,0.0,0.0,0.0,0.0
