12/30/2022,10.02,10.0,9.98,9.97,9.91
12/28/2022,10.01,10.0,9.98,9.97,9.91
12/27/2022,10.0,9.99,9.98,9.96,9.91
12/23/2022,9.98,9.98,9.97,9.96,9.9
12/22/2022,9.99,9.98,9.97,9.96,9.9
12/21/2022,9.98,9.98,9.97,9.95,9.9
12/20/2022,9.98,9.98,9.96,9.95,9.9
12/15/2022,9.98,9.98,9.96,9.95,9.9
12/14/2022,9.98,9.97,9.96,9.94,9.89
12/13/2022,9.98,9.97,9.96,9.94,9.89
12/12/2022,9.98,9.97,9.95,9.94,9.89
12/09/2022,9.97,9.96,9.95,9.93,9.89
12/07/2022,9.97,9.96,9.95,9.93,9.88
12/06/2022,9.97,9.96,9.95,9.93,9.88
12/05/2022,9.96,9.95,9.94,9.92,9.88
12/02/2022,9.96,9.95,9.94,9.92,9.88
12/01/2022,9.95,9.95,9.94,9.91,9.87
11/29/2022,9.95,9.95,9.93,9.91,9.87
11/28/2022,9.95,9.95,9.93,9.9,9.87
11/23/2022,9.95,9.94,9.92,9.9,9.87
11/22/2022,9.95,9.94,9.92,9.89,9.87
11/21/2022,9.94,9.94,9.92,9.89,9.86
11/18/2022,9.94,9.94,9.91,9.89,9.86
11/17/2022,9.94,9.93,9.91,9.88,9.86
11/14/2022,9.94,9.93,9.9,9.88,9.86
11/11/2022,9.93,9.93,9.9,9.88,9.86
11/10/2022,9.93,9.92,9.89,9.87,9.85
11/08/2022,9.93,9.92,9.89,9.87,9.85
11/07/2022,9.92,9.91,9.88,9.86,9.85
11/04/2022,9.92,9.91,9.88,9.86,9.85
11/03/2022,9.92,9.9,9.87,9.86,9.85
11/02/2022,9.92,9.9,9.87,9.85,9.84
11/01/2022,9.91,9.89,9.87,9.85,9.84
10/31/2022,9.9,9.89,9.86,9.85,9.84
10/26/2022,9.89,9.88,9.86,9.85,9.84
10/25/2022,9.88,9.87,9.85,9.85,9.84
10/24/2022,9.88,9.87,9.85,9.85,9.84
10/21/2022,9.88,9.86,9.85,9.84,9.83
10/19/2022,9.87,9.86,9.84,9.84,9.83
10/18/2022,9.87,9.85,9.84,9.84,9.84
10/17/2022,9.86,9.84,9.83,9.84,9.84
10/11/2022,9.85,9.85,9.83,9.84,9.83
10/10/2022,9.84,9.84,9.83,9.84,9.83
10/06/2022,9.84,9.84,9.83,9.84,9.83
10/05/2022,9.83,9.83,9.83,9.83,9.83
10/03/2022,9.82,9.83,9.83,9.83,9.83
09/30/2022,9.84,9.83,9.84,9.83,9.83
09/28/2022,9.84,9.83,9.84,9.83,9.83
09/26/2022,9.83,9.83,9.84,9.84,9.83
09/22/2022,9.84,9.83,9.84,9.84,9.83
09/21/2022,9.84,9.83,9.84,9.84,9.83
09/20/2022,9.82,9.82,9.83,9.84,9.82
09/19/2022,9.82,9.82,9.83,9.84,9.82
09/16/2022,9.82,9.83,9.83,9.84,9.82
09/15/2022,9.82,9.83,9.84,9.84,9.82
09/14/2022,9.82,9.84,9.84,9.83,9.82
09/12/2022,9.82,9.84,9.84,9.83,9.82
09/09/2022,9.82,9.84,9.84,9.83,9.82
09/08/2022,9.83,9.85,9.84,9.83,9.82
09/07/2022,9.85,9.85,9.84,9.83,9.82
09/06/2022,9.86,9.85,9.84,9.83,9.82
09/02/2022,9.87,9.85,9.84,9.83,9.82
08/30/2022,9.86,9.85,9.84,9.83,9.82
08/29/2022,9.86,9.84,9.84,9.83,9.82
08/26/2022,9.85,9.84,9.84,9.83,9.81
08/25/2022,9.84,9.84,9.83,9.83,9.81
08/23/2022,9.83,9.83,9.83,9.83,9.81
08/22/2022,9.83,9.83,9.83,9.83,9.81
08/18/2022,9.83,9.83,9.83,9.82,9.81
08/17/2022,9.83,9.84,9.83,9.83,9.81
08/09/2022,9.83,9.84,9.83,9.83,9.8
08/05/2022,9.83,9.84,9.83,9.83,9.8
08/03/2022,9.83,9.84,9.83,9.83,9.8
08/02/2022,9.84,9.84,9.83,9.83,9.8
08/01/2022,9.85,9.84,9.83,9.83,9.8
07/29/2022,9.85,9.83,9.82,9.82,9.79
07/28/2022,9.85,9.83,9.82,9.82,9.79
07/27/2022,9.84,9.83,9.82,9.82,9.79
07/26/2022,9.84,9.82,9.82,9.82,9.79
07/25/2022,9.83,9.82,9.83,9.82,9.79
07/22/2022,9.82,9.82,9.83,9.81,9.78
07/19/2022,9.81,9.82,9.82,9.81,9.78
07/18/2022,9.81,9.81,9.82,9.81,9.78
07/14/2022,9.81,9.82,9.82,9.81,9.78
07/13/2022,9.81,9.82,9.82,9.81,9.78
07/11/2022,9.81,9.82,9.82,9.81,9.78
07/08/2022,9.82,9.81,9.82,9.81,9.78
07/07/2022,9.82,9.82,9.82,9.81,9.77
07/05/2022,9.83,9.82,9.82,9.81,9.77
06/30/2022,9.82,9.84,9.82,9.81,9.77
06/28/2022,9.82,9.84,9.81,9.8,9.77
06/27/2022,9.81,9.83,9.81,9.8,9.77
06/24/2022,9.82,9.83,9.81,9.8,9.77
06/23/2022,9.81,9.83,9.81,9.8,9.77
06/22/2022,9.86,9.83,9.81,9.8,9.77
06/21/2022,9.86,9.82,9.81,9.8,9.77
06/17/2022,9.86,9.82,9.81,9.8,9.77
06/16/2022,9.84,9.81,9.8,9.79,9.77
06/15/2022,9.84,9.82,9.8,9.79,9.78
06/14/2022,9.79,9.79,9.79,9.78,9.77
06/13/2022,9.78,9.79,9.79,9.78,9.77
06/10/2022,9.78,9.79,9.79,9.78,9.77
06/08/2022,9.78,9.79,9.79,9.77,9.77
06/07/2022,9.79,9.79,9.79,9.77,9.77
06/06/2022,9.79,9.79,9.79,9.77,9.78
06/03/2022,9.79,9.79,9.79,9.77,9.78
06/01/2022,9.79,9.8,9.78,9.76,9.77
05/18/2022,9.79,9.79,9.78,9.76,9.78
05/06/2022,9.79,9.79,9.78,9.76,9.77
05/02/2022,9.79,9.79,9.78,9.76,9.77
04/28/2022,9.8,9.78,9.77,9.75,9.77
04/27/2022,9.8,9.79,9.77,9.75,9.77
04/25/2022,9.8,9.79,9.77,9.75,9.77
04/22/2022,9.79,9.79,9.76,9.75,9.77
04/21/2022,9.78,9.78,9.76,9.75,9.77
04/14/2022,9.77,9.78,9.75,9.74,9.77
04/13/2022,9.77,9.77,9.75,9.74,9.77
04/11/2022,9.78,9.77,9.75,9.74,9.77
04/08/2022,9.78,9.76,9.74,9.74,9.77
04/07/2022,9.78,9.76,9.74,9.74,9.77
04/06/2022,9.78,9.76,9.74,9.74,9.77
04/05/2022,9.77,9.75,9.74,9.74,9.77
04/04/2022,9.76,9.74,9.73,9.74,9.77
03/29/2022,9.75,9.73,9.73,9.74,9.77
03/24/2022,9.75,9.73,9.73,9.75,9.77
03/23/2022,9.74,9.73,9.73,9.75,9.77
03/22/2022,9.74,9.73,9.73,9.75,9.77
03/21/2022,9.73,9.72,9.73,9.76,9.77
03/18/2022,9.72,9.72,9.72,9.76,9.77
03/15/2022,9.71,9.72,9.73,9.76,9.77
03/10/2022,9.71,9.72,9.73,9.77,9.77
03/01/2022,9.71,9.72,9.74,9.77,9.77
02/28/2022,9.72,9.72,9.74,9.77,9.77
02/24/2022,9.72,9.72,9.75,9.78,9.77
02/23/2022,9.73,9.73,9.76,9.78,9.77
02/22/2022,9.72,9.73,9.76,9.78,9.77
02/18/2022,9.72,9.73,9.77,9.78,9.77
02/17/2022,9.72,9.73,9.78,9.79,9.77
02/14/2022,9.73,9.73,9.78,9.79,9.77
02/11/2022,9.73,9.74,9.79,9.79,9.77
02/07/2022,9.74,9.75,9.79,9.79,9.77
02/03/2022,9.73,9.76,9.8,9.8,9.77
02/01/2022,9.73,9.77,9.8,9.8,9.77
01/31/2022,9.72,9.78,9.81,9.8,9.77
01/28/2022,9.74,9.79,9.81,9.8,9.77
01/27/2022,9.75,9.8,9.81,9.8,9.77
01/26/2022,9.78,9.81,9.81,9.8,9.77
01/25/2022,9.8,9.82,9.82,9.8,9.77
01/19/2022,9.83,9.84,9.82,9.8,9.77
01/05/2022,9.83,9.84,9.82,9.8,9.77
01/04/2022,9.84,9.84,9.82,9.8,9.77
01/03/2022,9.84,9.84,9.81,9.8,9.77
12/30/2021,9.85,9.84,9.81,9.79,9.77
12/23/2021,9.85,9.84,9.81,9.79,9.77
12/22/2021,9.85,9.84,9.8,9.79,9.77
12/09/2021,9.85,9.83,9.8,9.78,9.76
12/01/2021,9.84,9.82,9.79,9.78,9.76
11/30/2021,9.83,9.82,9.79,9.78,9.77
11/23/2021,9.83,9.81,9.79,9.77,9.76
11/22/2021,9.83,9.8,9.78,9.77,9.76
11/19/2021,9.81,9.8,9.78,9.76,9.76
11/18/2021,9.79,9.79,9.77,9.76,9.76
11/17/2021,9.8,9.78,9.77,9.76,9.76
11/16/2021,9.79,9.77,9.77,9.75,9.76
11/15/2021,9.77,9.77,9.76,9.75,9.76
11/10/2021,9.78,9.77,9.76,9.75,9.77
11/09/2021,9.78,9.77,9.76,9.75,9.77
11/05/2021,9.77,9.77,9.76,9.74,9.77
11/03/2021,9.76,9.77,9.76,9.74,9.78
11/02/2021,9.76,9.77,9.75,9.74,0.0
10/28/2021,9.75,9.76,9.75,9.74,0.0
10/27/2021,9.75,9.76,9.75,9.74,0.0
10/26/2021,9.76,9.76,9.74,9.74,0.0
10/25/2021,9.78,9.76,9.74,9.74,0.0
10/08/2021,9.77,9.76,9.74,9.74,0.0
10/07/2021,9.77,9.75,9.74,9.74,0.0
10/06/2021,9.77,9.75,9.73,9.73,0.0
10/05/2021,9.75,9.75,9.73,9.73,0.0
10/04/2021,9.74,9.75,9.73,9.73,0.0
10/01/2021,9.74,9.74,9.73,9.73,0.0
09/30/2021,9.74,9.74,9.72,9.74,0.0
09/29/2021,9.74,9.73,9.72,9.74,0.0
09/24/2021,9.75,9.73,9.73,9.74,0.0
09/23/2021,9.75,9.73,9.73,9.74,0.0
09/22/2021,9.74,9.73,9.73,9.74,0.0
09/21/2021,9.73,9.72,9.73,9.74,0.0
09/16/2021,9.72,9.72,9.72,9.74,0.0
09/15/2021,9.71,9.71,9.72,9.75,0.0
09/13/2021,9.7,9.7,9.72,9.75,0.0
09/10/2021,9.71,9.71,9.72,9.76,0.0
09/07/2021,9.71,9.71,9.74,9.76,0.0
09/02/2021,9.71,9.72,9.74,9.76,0.0
08/31/2021,9.7,9.72,9.75,9.77,0.0
08/30/2021,9.7,9.72,9.75,9.77,0.0
08/27/2021,9.71,9.73,9.75,9.78,0.0
08/24/2021,9.71,9.73,9.75,9.8,0.0
08/23/2021,9.72,9.73,9.76,9.8,0.0
08/19/2021,9.74,9.74,9.78,9.81,0.0
08/18/2021,9.75,9.74,9.78,9.81,0.0
08/17/2021,9.75,9.74,9.78,0.0,0.0
08/16/2021,9.75,9.76,9.78,0.0,0.0
08/13/2021,9.74,9.77,9.79,0.0,0.0
08/11/2021,9.74,9.78,9.79,0.0,0.0
08/04/2021,9.73,9.78,9.8,0.0,0.0
08/03/2021,9.72,9.78,9.81,0.0,0.0
07/29/2021,9.77,9.77,9.83,0.0,0.0
07/23/2021,9.8,9.78,9.84,0.0,0.0
07/22/2021,9.82,9.82,9.84,0.0,0.0
07/21/2021,9.82,9.82,9.85,0.0,0.0
07/13/2021,9.83,9.83,0.0,0.0,0.0
07/12/2021,9.77,9.81,0.0,0.0,0.0
07/09/2021,9.76,9.8,0.0,0.0,0.0
07/08/2021,9.81,9.8,0.0,0.0,0.0
07/07/2021,9.82,9.82,0.0,0.0,0.0
07/06/2021,9.82,9.84,0.0,0.0,0.0
07/02/2021,9.85,9.89,0.0,0.0,0.0
07/01/2021,9.85,9.9,0.0,0.0,0.0
06/30/2021,9.79,9.87,0.0,0.0,0.0
06/29/2021,9.82,9.88,0.0,0.0,0.0
06/23/2021,9.85,0.0,0.0,0.0,0.0
06/21/2021,9.94,0.0,0.0,0.0,0.0
06/15/2021,9.95,0.0,0.0,0.0,0.0
06/14/2021,9.95,0.0,0.0,0.0,0.0
05/28/2021,9.94,0.0,0.0,0.0,0.0
05/26/2021,0.0,0.0,0.0,0.0,0.0
05/19/2021,0.0,0.0,0.0,0.0,0.0
05/12/2021,0.0,0.0,0.0,0.0,0.0
05/11/2021,0.0,0.0,0.0,0.0,0.0
