12/30/2022,2.64,2.42,2.32,2.25,1.52
12/29/2022,2.49,2.33,2.28,2.21,1.48
12/28/2022,2.33,2.25,2.23,2.17,1.44
12/27/2022,2.24,2.2,2.2,2.13,1.4
12/23/2022,2.23,2.19,2.2,2.09,1.37
12/22/2022,2.2,2.17,2.19,2.05,1.35
12/21/2022,2.16,2.18,2.18,2.0,1.32
12/20/2022,2.16,2.2,2.17,1.95,1.29
12/19/2022,2.15,2.2,2.16,1.9,1.26
12/16/2022,2.14,2.2,2.16,1.85,1.24
12/15/2022,2.13,2.22,2.16,1.8,1.21
12/14/2022,2.19,2.23,2.15,1.76,1.19
12/13/2022,2.23,2.22,2.13,1.71,1.16
12/12/2022,2.24,2.21,2.09,1.66,1.14
12/09/2022,2.26,2.21,2.04,1.61,1.11
12/08/2022,2.31,2.21,1.99,1.56,1.09
12/07/2022,2.27,2.18,1.91,1.51,1.06
12/06/2022,2.21,2.14,1.83,1.45,1.03
12/05/2022,2.18,2.12,1.75,1.39,1.01
12/02/2022,2.16,2.12,1.67,1.34,0.98
12/01/2022,2.11,2.1,1.59,1.28,0.96
11/30/2022,2.1,2.08,1.52,1.23,0.93
11/29/2022,2.07,2.03,1.45,1.18,0.91
11/28/2022,2.07,1.97,1.38,1.13,0.89
11/25/2022,2.09,1.88,1.31,1.08,0.86
11/23/2022,2.1,1.77,1.24,1.03,0.84
11/22/2022,2.05,1.65,1.17,0.98,0.82
11/21/2022,1.98,1.51,1.1,0.93,0.8
11/18/2022,1.87,1.37,1.03,0.89,0.78
11/17/2022,1.67,1.22,0.94,0.83,0.76
11/16/2022,1.45,1.08,0.87,0.79,0.74
11/15/2022,1.24,0.96,0.81,0.74,0.72
11/14/2022,1.04,0.86,0.75,0.71,0.71
11/11/2022,0.88,0.79,0.71,0.68,0.7
11/10/2022,0.77,0.73,0.68,0.66,0.69
11/09/2022,0.71,0.71,0.66,0.64,0.69
11/08/2022,0.69,0.69,0.65,0.63,0.69
11/07/2022,0.69,0.68,0.65,0.63,0.69
11/04/2022,0.69,0.68,0.64,0.63,0.69
11/03/2022,0.7,0.67,0.64,0.62,0.7
11/02/2022,0.71,0.66,0.64,0.62,0.7
11/01/2022,0.69,0.65,0.64,0.62,0.7
10/31/2022,0.67,0.64,0.63,0.62,0.7
10/28/2022,0.66,0.63,0.63,0.62,0.71
10/27/2022,0.64,0.62,0.62,0.61,0.71
10/26/2022,0.61,0.62,0.61,0.61,0.71
10/25/2022,0.61,0.61,0.61,0.62,0.71
10/24/2022,0.61,0.61,0.6,0.62,0.71
10/21/2022,0.61,0.61,0.6,0.62,0.71
10/20/2022,0.61,0.61,0.6,0.63,0.71
10/19/2022,0.62,0.62,0.6,0.63,0.71
10/18/2022,0.62,0.62,0.6,0.64,0.71
10/17/2022,0.61,0.62,0.61,0.64,0.72
10/14/2022,0.62,0.62,0.61,0.65,0.72
10/13/2022,0.62,0.61,0.61,0.65,0.72
10/12/2022,0.62,0.61,0.61,0.65,0.72
10/11/2022,0.63,0.6,0.62,0.66,0.72
10/10/2022,0.63,0.6,0.62,0.67,0.73
10/07/2022,0.63,0.59,0.63,0.67,0.73
10/06/2022,0.61,0.59,0.63,0.68,0.73
10/05/2022,0.59,0.58,0.64,0.69,0.73
10/04/2022,0.58,0.59,0.65,0.7,0.73
10/03/2022,0.56,0.59,0.65,0.7,0.73
09/30/2022,0.56,0.6,0.66,0.71,0.73
09/29/2022,0.57,0.6,0.67,0.72,0.73
09/28/2022,0.58,0.62,0.68,0.73,0.73
09/27/2022,0.59,0.63,0.69,0.74,0.73
09/26/2022,0.61,0.65,0.7,0.75,0.73
09/23/2022,0.63,0.67,0.71,0.76,0.73
09/22/2022,0.64,0.68,0.73,0.77,0.73
09/21/2022,0.66,0.69,0.74,0.78,0.73
09/20/2022,0.67,0.7,0.75,0.78,0.73
09/19/2022,0.69,0.71,0.76,0.79,0.73
09/16/2022,0.7,0.72,0.77,0.8,0.73
09/15/2022,0.72,0.73,0.78,0.8,0.73
09/14/2022,0.73,0.74,0.79,0.8,0.73
09/13/2022,0.74,0.74,0.79,0.8,0.73
09/12/2022,0.73,0.75,0.8,0.8,0.72
09/09/2022,0.74,0.76,0.81,0.8,0.72
09/08/2022,0.74,0.78,0.81,0.79,0.72
09/07/2022,0.74,0.79,0.82,0.79,0.72
09/06/2022,0.75,0.8,0.82,0.79,0.71
09/02/2022,0.76,0.81,0.83,0.79,0.71
09/01/2022,0.78,0.82,0.84,0.79,0.71
08/31/2022,0.81,0.82,0.84,0.79,0.71
08/30/2022,0.83,0.83,0.83,0.79,0.71
08/29/2022,0.84,0.84,0.83,0.79,0.71
08/26/2022,0.85,0.85,0.82,0.78,0.7
08/25/2022,0.85,0.85,0.81,0.78,0.7
08/24/2022,0.84,0.85,0.8,0.77,0.7
08/23/2022,0.84,0.85,0.8,0.76,0.69
08/22/2022,0.84,0.85,0.79,0.76,0.69
08/19/2022,0.85,0.85,0.78,0.75,0.69
08/18/2022,0.85,0.86,0.77,0.74,0.68
08/17/2022,0.86,0.85,0.77,0.74,0.68
08/16/2022,0.86,0.83,0.76,0.73,0.67
08/15/2022,0.85,0.81,0.76,0.72,0.67
08/12/2022,0.86,0.8,0.75,0.71,0.67
08/11/2022,0.86,0.78,0.74,0.7,0.66
08/10/2022,0.84,0.76,0.73,0.69,0.66
08/09/2022,0.8,0.74,0.72,0.68,0.65
08/08/2022,0.78,0.73,0.71,0.68,0.65
08/05/2022,0.74,0.71,0.7,0.67,0.64
08/04/2022,0.69,0.69,0.69,0.66,0.64
08/03/2022,0.68,0.69,0.68,0.66,0.64
08/02/2022,0.68,0.7,0.68,0.65,0.64
08/01/2022,0.68,0.7,0.67,0.65,0.64
07/29/2022,0.68,0.71,0.67,0.65,0.64
07/28/2022,0.7,0.7,0.66,0.64,0.64
07/27/2022,0.71,0.7,0.66,0.64,0.64
07/26/2022,0.71,0.7,0.65,0.64,0.64
07/25/2022,0.73,0.69,0.65,0.64,0.64
07/22/2022,0.73,0.69,0.65,0.64,0.64
07/21/2022,0.71,0.68,0.64,0.64,0.65
07/20/2022,0.69,0.67,0.64,0.63,0.65
07/19/2022,0.68,0.66,0.63,0.63,0.65
07/18/2022,0.66,0.64,0.63,0.63,0.65
07/15/2022,0.65,0.62,0.62,0.62,0.66
07/14/2022,0.65,0.62,0.61,0.62,0.66
07/13/2022,0.65,0.62,0.61,0.63,0.67
07/12/2022,0.64,0.61,0.61,0.62,0.68
07/11/2022,0.62,0.61,0.61,0.62,0.68
07/08/2022,0.6,0.61,0.61,0.62,0.69
07/07/2022,0.59,0.61,0.61,0.62,0.69
07/06/2022,0.59,0.61,0.61,0.62,0.7
07/05/2022,0.59,0.61,0.61,0.62,0.71
07/01/2022,0.6,0.62,0.62,0.62,0.72
06/30/2022,0.61,0.61,0.62,0.62,0.73
06/29/2022,0.62,0.61,0.63,0.62,0.74
06/28/2022,0.63,0.61,0.63,0.62,0.74
06/27/2022,0.63,0.61,0.63,0.62,0.75
06/24/2022,0.63,0.61,0.63,0.62,0.76
06/23/2022,0.62,0.62,0.63,0.62,0.77
06/22/2022,0.6,0.62,0.63,0.62,0.78
06/21/2022,0.59,0.62,0.62,0.62,0.79
06/17/2022,0.58,0.62,0.62,0.62,0.8
06/16/2022,0.59,0.63,0.62,0.62,0.81
06/15/2022,0.62,0.64,0.63,0.63,0.82
06/14/2022,0.64,0.64,0.63,0.63,0.83
06/13/2022,0.64,0.65,0.63,0.64,0.84
06/10/2022,0.65,0.65,0.63,0.64,0.85
06/09/2022,0.66,0.65,0.62,0.64,0.86
06/08/2022,0.65,0.64,0.62,0.65,0.87
06/07/2022,0.65,0.63,0.62,0.66,0.87
06/06/2022,0.66,0.63,0.62,0.67,0.88
06/03/2022,0.66,0.63,0.62,0.68,0.89
06/02/2022,0.64,0.62,0.62,0.68,0.9
06/01/2022,0.63,0.62,0.62,0.69,0.9
05/31/2022,0.62,0.62,0.63,0.7,0.91
05/27/2022,0.61,0.61,0.63,0.71,0.92
05/26/2022,0.6,0.6,0.64,0.73,0.92
05/25/2022,0.61,0.6,0.64,0.74,0.94
05/24/2022,0.6,0.59,0.66,0.75,0.95
05/23/2022,0.61,0.6,0.67,0.77,0.96
05/20/2022,0.61,0.6,0.68,0.78,0.97
05/19/2022,0.6,0.6,0.7,0.8,0.98
05/18/2022,0.59,0.61,0.71,0.82,0.98
05/17/2022,0.58,0.63,0.73,0.83,0.99
05/16/2022,0.58,0.64,0.75,0.85,1.0
05/13/2022,0.59,0.65,0.77,0.87,1.01
05/12/2022,0.61,0.67,0.79,0.89,1.02
05/11/2022,0.63,0.69,0.81,0.91,1.03
05/10/2022,0.67,0.72,0.84,0.93,1.03
05/09/2022,0.69,0.74,0.86,0.94,1.04
05/06/2022,0.72,0.77,0.88,0.96,1.05
05/05/2022,0.73,0.79,0.9,0.98,1.06
05/04/2022,0.75,0.82,0.92,1.0,1.06
05/03/2022,0.76,0.84,0.93,1.02,1.07
05/02/2022,0.79,0.86,0.95,1.04,1.07
04/29/2022,0.82,0.88,0.97,1.05,1.08
04/28/2022,0.86,0.91,1.0,1.07,1.08
04/27/2022,0.89,0.93,1.01,1.08,1.09
04/26/2022,0.92,0.95,1.03,1.08,1.1
04/25/2022,0.93,0.97,1.04,1.09,1.1
04/22/2022,0.94,0.99,1.06,1.09,1.1
04/21/2022,0.95,1.0,1.08,1.1,1.11
04/20/2022,0.98,1.02,1.1,1.11,1.11
04/19/2022,0.99,1.03,1.11,1.11,1.11
04/18/2022,1.01,1.05,1.12,1.11,1.12
04/14/2022,1.04,1.07,1.14,1.12,1.12
04/13/2022,1.05,1.08,1.14,1.12,1.12
04/12/2022,1.06,1.09,1.15,1.13,1.13
04/11/2022,1.07,1.11,1.15,1.14,1.13
04/08/2022,1.09,1.12,1.14,1.15,1.13
04/07/2022,1.11,1.14,1.15,1.15,1.14
04/06/2022,1.12,1.16,1.15,1.15,1.14
04/05/2022,1.13,1.17,1.15,1.15,1.15
04/04/2022,1.15,1.19,1.15,1.15,1.15
04/01/2022,1.15,1.2,1.15,1.15,1.16
03/31/2022,1.17,1.2,1.14,1.15,1.16
03/30/2022,1.2,1.21,1.14,1.15,1.17
03/29/2022,1.22,1.2,1.15,1.15,1.17
03/28/2022,1.24,1.19,1.16,1.14,1.18
03/25/2022,1.24,1.17,1.16,1.14,1.18
03/24/2022,1.24,1.16,1.16,1.13,1.19
03/23/2022,1.21,1.14,1.15,1.13,1.19
03/22/2022,1.18,1.13,1.14,1.12,1.19
03/21/2022,1.13,1.11,1.13,1.12,1.2
03/18/2022,1.09,1.09,1.13,1.11,1.21
03/17/2022,1.07,1.08,1.13,1.11,1.21
03/16/2022,1.07,1.07,1.12,1.1,1.22
03/15/2022,1.08,1.1,1.12,1.11,1.23
03/14/2022,1.08,1.13,1.12,1.11,1.24
03/11/2022,1.09,1.15,1.13,1.12,1.25
03/10/2022,1.09,1.16,1.12,1.12,1.25
03/09/2022,1.07,1.15,1.12,1.12,1.26
03/08/2022,1.12,1.15,1.12,1.12,1.27
03/07/2022,1.17,1.16,1.12,1.12,1.28
03/04/2022,1.2,1.17,1.12,1.12,1.29
03/03/2022,1.23,1.17,1.12,1.12,1.3
03/02/2022,1.23,1.17,1.12,1.13,1.31
03/01/2022,1.18,1.14,1.11,1.12,1.31
02/28/2022,1.15,1.12,1.11,1.12,1.31
02/25/2022,1.13,1.1,1.1,1.12,1.32
02/24/2022,1.11,1.09,1.1,1.13,1.33
02/23/2022,1.1,1.09,1.1,1.13,1.34
02/22/2022,1.09,1.08,1.1,1.14,1.35
02/18/2022,1.08,1.08,1.1,1.15,1.36
02/17/2022,1.08,1.08,1.1,1.16,1.37
02/16/2022,1.07,1.07,1.1,1.17,1.39
02/15/2022,1.07,1.07,1.11,1.19,1.4
02/14/2022,1.07,1.08,1.12,1.2,1.41
02/11/2022,1.08,1.1,1.13,1.22,1.43
02/10/2022,1.07,1.1,1.13,1.23,1.44
02/09/2022,1.07,1.1,1.14,1.24,1.46
02/08/2022,1.07,1.11,1.16,1.25,1.48
02/07/2022,1.1,1.12,1.17,1.27,1.49
02/04/2022,1.12,1.12,1.19,1.29,1.51
02/03/2022,1.14,1.12,1.2,1.3,1.53
02/02/2022,1.14,1.13,1.22,1.32,1.54
02/01/2022,1.15,1.14,1.24,1.34,1.56
01/31/2022,1.13,1.15,1.26,1.35,1.57
01/28/2022,1.11,1.15,1.27,1.36,1.59
01/27/2022,1.1,1.16,1.29,1.37,1.6
01/26/2022,1.13,1.18,1.31,1.39,1.62
01/25/2022,1.14,1.21,1.33,1.4,1.63
01/24/2022,1.16,1.23,1.34,1.42,1.64
01/21/2022,1.19,1.26,1.37,1.44,1.65
01/20/2022,1.22,1.29,1.39,1.46,1.67
01/19/2022,1.24,1.31,1.41,1.47,1.68
01/18/2022,1.27,1.34,1.43,1.48,1.69
01/14/2022,1.29,1.38,1.45,1.49,1.7
01/13/2022,1.32,1.4,1.47,1.51,1.72
01/12/2022,1.36,1.42,1.48,1.52,1.73
01/11/2022,1.38,1.43,1.49,1.53,1.74
01/10/2022,1.41,1.44,1.5,1.55,1.75
01/07/2022,1.46,1.46,1.52,1.56,1.76
01/06/2022,1.47,1.48,1.53,1.58,1.77
01/05/2022,1.48,1.5,1.54,1.59,1.78
01/04/2022,1.49,1.51,1.55,1.6,1.79
01/03/2022,1.48,1.52,1.56,1.61,1.79
12/31/2021,1.46,1.52,1.55,1.62,1.8
12/30/2021,1.5,1.54,1.56,1.64,1.81
12/29/2021,1.51,1.54,1.57,1.66,1.82
12/28/2021,1.54,1.55,1.58,1.68,1.83
12/27/2021,1.56,1.56,1.6,1.7,1.84
12/23/2021,1.58,1.57,1.61,1.72,1.85
12/22/2021,1.58,1.58,1.62,1.73,1.86
12/21/2021,1.57,1.59,1.63,1.75,1.87
12/20/2021,1.56,1.6,1.65,1.77,1.89
12/17/2021,1.56,1.59,1.66,1.78,1.9
12/16/2021,1.56,1.58,1.67,1.79,1.91
12/15/2021,1.57,1.59,1.69,1.81,1.92
12/14/2021,1.6,1.6,1.72,1.83,1.93
12/13/2021,1.63,1.62,1.75,1.84,1.94
12/10/2021,1.62,1.63,1.77,1.85,1.95
12/09/2021,1.61,1.65,1.8,1.86,1.96
12/08/2021,1.61,1.67,1.81,1.87,1.97
12/07/2021,1.6,1.68,1.84,1.88,1.98
12/06/2021,1.61,1.7,1.85,1.89,1.99
12/03/2021,1.64,1.73,1.88,1.9,2.0
12/02/2021,1.69,1.76,1.9,1.91,2.01
12/01/2021,1.73,1.79,1.92,1.92,2.03
11/30/2021,1.76,1.83,1.94,1.93,2.04
11/29/2021,1.79,1.88,1.96,1.94,2.05
11/26/2021,1.82,1.92,1.96,1.95,2.06
11/24/2021,1.83,1.94,1.97,1.96,2.06
11/23/2021,1.86,1.96,1.97,1.96,2.07
11/22/2021,1.9,1.99,1.98,1.97,2.07
11/19/2021,1.96,2.01,1.98,1.97,2.08
11/18/2021,2.01,2.02,1.99,1.98,2.08
11/17/2021,2.05,2.03,1.99,1.98,2.08
11/16/2021,2.06,2.04,1.99,1.98,2.08
11/15/2021,2.09,2.05,1.99,1.98,2.08
11/12/2021,2.06,2.03,1.98,1.98,2.08
11/11/2021,2.03,2.01,1.97,1.97,2.07
11/10/2021,2.02,2.0,1.97,1.98,2.07
11/09/2021,2.02,1.98,1.97,1.99,2.07
11/08/2021,2.01,1.96,1.96,2.0,2.06
11/05/2021,2.01,1.95,1.96,2.01,2.06
11/04/2021,1.99,1.95,1.95,2.02,2.06
11/03/2021,1.98,1.95,1.95,2.03,2.06
11/02/2021,1.94,1.94,1.95,2.04,2.06
11/01/2021,1.92,1.92,1.95,2.04,2.06
10/29/2021,1.9,1.92,1.95,2.04,2.06
10/28/2021,1.91,1.92,1.96,2.06,2.07
10/27/2021,1.92,1.94,1.97,2.06,2.07
10/26/2021,1.93,1.95,1.99,2.07,2.07
10/25/2021,1.93,1.96,2.01,2.08,2.07
10/22/2021,1.93,1.96,2.04,2.09,2.08
10/21/2021,1.94,1.95,2.05,2.1,2.08
10/20/2021,1.96,1.96,2.07,2.11,2.08
10/19/2021,1.97,1.97,2.08,2.13,2.08
10/18/2021,1.98,1.97,2.1,2.14,2.08
10/15/2021,1.98,1.98,2.11,2.15,2.09
10/14/2021,1.97,1.99,2.12,2.16,2.09
10/13/2021,1.96,2.0,2.13,2.17,2.09
10/12/2021,1.97,2.03,2.13,2.18,2.09
10/11/2021,1.97,2.07,2.14,2.18,2.09
10/08/2021,1.97,2.11,2.16,2.18,2.09
10/07/2021,2.01,2.15,2.18,2.18,2.1
10/06/2021,2.04,2.18,2.19,2.18,2.1
10/05/2021,2.09,2.2,2.21,2.18,2.1
10/04/2021,2.17,2.22,2.22,2.18,2.1
10/01/2021,2.25,2.24,2.24,2.18,2.11
09/30/2021,2.29,2.26,2.25,2.17,2.11
09/29/2021,2.31,2.25,2.25,2.16,2.11
09/28/2021,2.3,2.23,2.25,2.14,2.11
09/27/2021,2.28,2.22,2.23,2.13,2.11
09/24/2021,2.23,2.21,2.21,2.11,2.11
09/23/2021,2.22,2.2,2.2,2.11,2.11
09/22/2021,2.18,2.2,2.19,2.1,2.11
09/21/2021,2.16,2.21,2.17,2.09,2.11
09/20/2021,2.15,2.21,2.16,2.08,2.12
09/17/2021,2.19,2.24,2.14,2.08,2.12
09/16/2021,2.19,2.24,2.12,2.08,2.12
09/15/2021,2.22,2.25,2.11,2.08,2.13
09/14/2021,2.26,2.26,2.1,2.07,2.13
09/13/2021,2.28,2.25,2.08,2.07,2.13
09/10/2021,2.29,2.22,2.07,2.06,2.14
09/09/2021,2.29,2.2,2.06,2.05,2.14
09/08/2021,2.28,2.17,2.04,2.04,2.15
09/07/2021,2.26,2.13,2.03,2.03,2.15
09/03/2021,2.22,2.1,2.02,2.03,2.16
09/02/2021,2.16,2.05,2.01,2.02,2.17
09/01/2021,2.11,2.0,2.0,2.01,2.18
08/31/2021,2.06,1.97,1.99,2.01,2.18
08/30/2021,2.0,1.94,1.98,2.01,2.19
08/27/2021,1.98,1.92,1.98,2.01,2.2
08/26/2021,1.94,1.91,1.98,2.01,2.21
08/25/2021,1.9,1.92,1.98,2.01,2.22
08/24/2021,1.88,1.92,1.98,2.01,2.23
08/23/2021,1.87,1.93,1.99,2.02,2.24
08/20/2021,1.86,1.94,1.99,2.03,2.25
08/19/2021,1.88,1.96,2.0,2.04,2.26
08/18/2021,1.93,2.0,2.02,2.05,2.26
08/17/2021,1.96,2.01,2.03,2.06,2.27
08/16/2021,1.99,2.02,2.04,2.07,2.28
08/13/2021,2.02,2.03,2.05,2.09,2.29
08/12/2021,2.04,2.04,2.06,2.1,2.3
08/11/2021,2.06,2.04,2.06,2.11,2.31
08/10/2021,2.05,2.04,2.06,2.12,2.32
08/09/2021,2.05,2.04,2.07,2.13,2.32
08/06/2021,2.04,2.04,2.07,2.15,2.33
08/05/2021,2.04,2.05,2.08,2.16,2.34
08/04/2021,2.02,2.04,2.08,2.17,2.34
08/03/2021,2.03,2.06,2.09,2.18,2.34
08/02/2021,2.03,2.07,2.1,2.19,2.34
07/30/2021,2.04,2.08,2.11,2.2,2.35
07/29/2021,2.06,2.08,2.13,2.22,2.36
07/28/2021,2.07,2.07,2.14,2.23,2.36
07/27/2021,2.09,2.08,2.16,2.25,2.37
07/26/2021,2.1,2.09,2.17,2.27,2.37
07/23/2021,2.11,2.1,2.2,2.3,2.38
07/22/2021,2.1,2.12,2.22,2.32,2.39
07/21/2021,2.08,2.12,2.23,2.34,2.39
07/20/2021,2.06,2.12,2.24,2.36,2.4
07/19/2021,2.08,2.13,2.25,2.37,2.41
07/16/2021,2.1,2.15,2.26,2.39,2.42
07/15/2021,2.14,2.18,2.28,2.41,2.43
07/14/2021,2.16,2.21,2.31,2.43,2.43
07/13/2021,2.17,2.23,2.33,2.44,2.44
07/12/2021,2.18,2.26,2.36,2.46,2.45
07/09/2021,2.21,2.29,2.39,2.47,2.46
07/08/2021,2.22,2.32,2.42,2.47,2.46
07/07/2021,2.25,2.34,2.45,2.48,2.47
07/06/2021,2.3,2.36,2.48,2.49,2.48
07/02/2021,2.33,2.37,2.49,2.5,2.49
07/01/2021,2.38,2.38,2.51,2.5,2.5
06/30/2021,2.41,2.39,2.53,2.51,2.51
06/29/2021,2.42,2.41,2.54,2.52,2.53
06/28/2021,2.41,2.43,2.55,2.52,2.54
06/25/2021,2.41,2.47,2.56,2.52,2.55
06/24/2021,2.38,2.49,2.56,2.52,2.56
06/23/2021,2.37,2.52,2.55,2.51,2.57
06/22/2021,2.41,2.56,2.55,2.51,2.58
06/21/2021,2.45,2.59,2.55,2.5,2.59
06/18/2021,2.52,2.62,2.56,2.5,2.6
06/17/2021,2.61,2.64,2.56,2.5,2.61
06/16/2021,2.68,2.67,2.57,2.5,2.62
06/15/2021,2.71,2.67,2.57,2.49,2.64
06/14/2021,2.73,2.67,2.56,2.48,2.65
06/11/2021,2.71,2.65,2.54,2.47,2.66
06/10/2021,2.68,2.62,2.53,2.46,2.68
06/09/2021,2.66,2.58,2.51,2.46,2.69
06/08/2021,2.62,2.53,2.48,2.45,2.7
06/07/2021,2.6,2.51,2.46,2.45,2.71
06/04/2021,2.59,2.5,2.44,2.45,2.72
06/03/2021,2.56,2.48,2.42,2.44,2.73
06/02/2021,2.5,2.47,2.41,2.44,2.74
06/01/2021,2.44,2.47,2.4,2.44,2.74
05/28/2021,2.41,2.46,2.39,2.44,2.75
05/27/2021,2.41,2.44,2.38,2.44,2.76
05/26/2021,2.41,2.45,2.38,2.44,2.77
05/25/2021,2.44,2.43,2.39,2.45,2.78
05/24/2021,2.49,2.43,2.41,2.46,2.8
05/21/2021,2.5,2.41,2.42,2.47,2.82
05/20/2021,2.47,2.38,2.42,2.48,2.83
05/19/2021,2.49,2.37,2.43,2.5,2.85
05/18/2021,2.43,2.35,2.43,2.52,2.87
05/17/2021,2.37,2.33,2.43,2.54,2.89
05/14/2021,2.31,2.32,2.43,2.56,2.91
05/13/2021,2.29,2.32,2.44,2.59,2.94
05/12/2021,2.24,2.32,2.44,2.61,2.96
05/11/2021,2.27,2.35,2.46,2.63,2.99
05/10/2021,2.29,2.39,2.47,2.65,3.02
05/07/2021,2.33,2.44,2.5,2.68,3.05
05/06/2021,2.36,2.46,2.53,2.71,3.08
05/05/2021,2.4,2.48,2.57,2.73,3.11
05/04/2021,2.44,2.51,2.61,2.75,3.14
05/03/2021,2.49,2.53,2.65,2.79,3.17
04/30/2021,2.54,2.53,2.68,2.83,3.2
04/29/2021,2.56,2.55,2.72,2.86,3.22
04/28/2021,2.57,2.56,2.75,2.89,3.25
04/27/2021,2.58,2.56,2.76,2.92,3.26
04/26/2021,2.56,2.56,2.78,2.94,3.28
04/23/2021,2.53,2.55,2.8,2.97,3.3
04/22/2021,2.54,2.59,2.83,2.99,3.32
04/21/2021,2.55,2.65,2.85,3.01,3.34
04/20/2021,2.55,2.71,2.87,3.03,3.37
04/19/2021,2.56,2.77,2.92,3.04,3.39
04/16/2021,2.58,2.84,2.97,3.06,3.41
04/15/2021,2.64,2.89,3.01,3.08,3.43
04/14/2021,2.75,2.94,3.05,3.09,3.46
04/13/2021,2.86,2.97,3.09,3.11,3.48
04/12/2021,2.97,3.0,3.14,3.15,3.5
04/09/2021,3.09,3.05,3.17,3.17,3.51
04/08/2021,3.15,3.07,3.19,3.19,3.53
04/07/2021,3.13,3.05,3.2,3.2,3.54
04/06/2021,3.07,3.04,3.19,3.21,3.55
04/05/2021,3.03,3.08,3.18,3.24,3.56
04/01/2021,3.0,3.11,3.18,3.26,3.57
03/31/2021,2.99,3.12,3.17,3.28,3.58
03/30/2021,2.97,3.17,3.17,3.31,3.59
03/29/2021,3.02,3.22,3.19,3.35,3.61
03/26/2021,3.13,3.27,3.22,3.39,3.62
03/25/2021,3.21,3.3,3.24,3.42,3.63
03/24/2021,3.26,3.32,3.25,3.45,3.64
03/23/2021,3.37,3.34,3.28,3.5,3.66
03/22/2021,3.42,3.34,3.3,3.53,3.68
03/19/2021,3.41,3.29,3.32,3.55,3.69
03/18/2021,3.38,3.25,3.34,3.57,3.7
03/17/2021,3.38,3.21,3.36,3.59,3.71
03/16/2021,3.32,3.17,3.38,3.6,3.71
03/15/2021,3.25,3.16,3.41,3.61,3.71
03/12/2021,3.16,3.18,3.45,3.62,3.71
03/11/2021,3.12,3.18,3.48,3.63,3.72
03/10/2021,3.04,3.19,3.52,3.64,3.73
03/09/2021,3.03,3.22,3.57,3.67,3.73
03/08/2021,3.06,3.26,3.63,3.71,3.74
03/05/2021,3.19,3.35,3.69,3.74,3.75
03/04/2021,3.24,3.42,3.73,3.76,3.76
03/03/2021,3.33,3.51,3.78,3.79,3.78
03/02/2021,3.41,3.59,3.82,3.82,3.79
03/01/2021,3.46,3.67,3.84,3.84,3.8
02/26/2021,3.5,3.71,3.84,3.84,3.8
02/25/2021,3.61,3.79,3.86,3.86,3.81
02/24/2021,3.7,3.85,3.87,3.87,3.81
02/23/2021,3.77,3.93,3.9,3.88,3.81
02/22/2021,3.88,4.0,3.93,3.89,3.82
02/19/2021,3.93,4.03,3.94,3.89,3.81
02/18/2021,3.97,4.04,3.94,3.88,3.81
02/17/2021,4.0,4.05,3.93,3.87,3.81
02/16/2021,4.08,4.04,3.93,3.87,3.81
02/12/2021,4.12,4.0,3.92,3.86,3.81
02/11/2021,4.13,3.96,3.91,3.85,3.81
02/10/2021,4.12,3.92,3.89,3.84,3.8
02/09/2021,4.09,3.89,3.87,3.84,3.79
02/08/2021,4.0,3.88,3.85,3.83,3.78
02/05/2021,3.89,3.87,3.83,3.83,3.77
02/04/2021,3.8,3.85,3.82,3.84,3.75
02/03/2021,3.73,3.83,3.8,3.83,3.73
02/02/2021,3.69,3.81,3.79,3.82,3.72
02/01/2021,3.75,3.82,3.79,3.82,3.71
01/29/2021,3.84,3.84,3.79,3.81,3.69
01/28/2021,3.89,3.85,3.8,3.81,3.67
01/27/2021,3.93,3.86,3.81,3.81,3.66
01/26/2021,3.93,3.85,3.81,3.81,3.64
01/25/2021,3.89,3.83,3.81,3.79,3.63
01/22/2021,3.84,3.79,3.82,3.77,3.61
01/21/2021,3.81,3.79,3.83,3.77,3.6
01/20/2021,3.79,3.78,3.84,3.77,3.59
01/19/2021,3.77,3.76,3.83,3.76,3.58
01/15/2021,3.77,3.75,3.82,3.76,3.57
01/14/2021,3.75,3.75,3.8,3.76,3.57
01/13/2021,3.77,3.75,3.79,3.76,3.56
01/12/2021,3.77,3.75,3.79,3.76,3.55
01/11/2021,3.75,3.76,3.79,3.76,3.54
01/08/2021,3.74,3.8,3.78,3.75,3.54
01/07/2021,3.74,3.85,3.76,3.75,3.53
01/06/2021,3.72,3.87,3.75,3.74,3.53
01/05/2021,3.74,3.9,3.76,3.74,3.53
01/04/2021,3.78,3.9,3.76,3.74,3.53
12/31/2020,3.86,3.88,3.76,3.75,3.52
12/30/2020,3.95,3.86,3.77,3.76,3.52
12/29/2020,4.01,3.84,3.76,3.76,3.51
12/28/2020,4.06,3.83,3.76,3.75,3.5
12/24/2020,4.01,3.81,3.75,3.74,3.49
12/23/2020,3.91,3.75,3.73,3.73,3.47
12/22/2020,3.77,3.68,3.7,3.7,3.45
12/21/2020,3.66,3.64,3.67,3.67,3.43
12/18/2020,3.59,3.62,3.66,3.63,3.42
12/17/2020,3.61,3.63,3.67,3.61,3.42
12/16/2020,3.6,3.64,3.69,3.59,3.41
12/15/2020,3.59,3.67,3.71,3.56,3.41
12/14/2020,3.62,3.69,3.72,3.54,3.41
12/11/2020,3.65,3.7,3.72,3.51,3.41
12/10/2020,3.66,3.7,3.71,3.48,3.41
12/09/2020,3.67,3.7,3.72,3.46,3.41
12/08/2020,3.75,3.71,3.71,3.45,3.41
12/07/2020,3.76,3.71,3.68,3.44,3.41
12/04/2020,3.75,3.69,3.64,3.42,3.4
12/03/2020,3.74,3.7,3.6,3.4,3.4
12/02/2020,3.73,3.74,3.57,3.39,3.39
12/01/2020,3.68,3.76,3.51,3.37,3.39
11/30/2020,3.66,3.76,3.46,3.36,3.38
11/27/2020,3.64,3.73,3.41,3.34,3.37
11/25/2020,3.67,3.73,3.37,3.33,3.37
11/24/2020,3.75,3.73,3.34,3.32,3.38
11/23/2020,3.84,3.7,3.32,3.32,3.38
11/20/2020,3.86,3.65,3.31,3.32,3.38
11/19/2020,3.83,3.58,3.29,3.32,3.38
11/18/2020,3.78,3.51,3.26,3.31,3.38
11/17/2020,3.71,3.4,3.21,3.29,3.37
11/16/2020,3.57,3.27,3.18,3.27,3.36
11/13/2020,3.44,3.16,3.16,3.25,3.36
11/12/2020,3.34,3.09,3.15,3.24,3.36
11/11/2020,3.23,3.02,3.13,3.23,3.36
11/10/2020,3.09,2.95,3.12,3.21,3.36
11/09/2020,2.96,2.94,3.13,3.2,3.37
11/06/2020,2.88,2.96,3.15,3.2,3.38
11/05/2020,2.84,2.99,3.18,3.21,3.39
11/04/2020,2.81,3.01,3.21,3.22,3.41
11/03/2020,2.81,3.03,3.23,3.23,3.42
11/02/2020,2.93,3.09,3.27,3.25,3.44
10/30/2020,3.05,3.15,3.3,3.28,3.46
10/29/2020,3.13,3.21,3.31,3.31,3.48
10/28/2020,3.2,3.25,3.33,3.34,3.5
10/27/2020,3.24,3.29,3.33,3.36,3.51
10/26/2020,3.26,3.32,3.33,3.37,3.52
10/23/2020,3.25,3.35,3.32,3.38,3.53
10/22/2020,3.28,3.38,3.32,3.38,3.55
10/21/2020,3.29,3.41,3.32,3.39,3.57
10/20/2020,3.34,3.44,3.33,3.4,3.59
10/19/2020,3.38,3.45,3.33,3.4,3.61
10/16/2020,3.44,3.45,3.35,3.4,3.63
10/15/2020,3.48,3.42,3.36,3.4,3.65
10/14/2020,3.53,3.41,3.38,3.42,3.68
10/13/2020,3.54,3.38,3.4,3.43,3.7
10/12/2020,3.51,3.33,3.4,3.43,3.72
10/09/2020,3.45,3.3,3.39,3.44,3.74
10/08/2020,3.37,3.27,3.39,3.44,3.75
10/07/2020,3.3,3.24,3.38,3.44,3.77
10/06/2020,3.21,3.22,3.38,3.45,3.78
10/05/2020,3.15,3.22,3.38,3.45,3.78
10/02/2020,3.15,3.25,3.38,3.46,3.8
10/01/2020,3.17,3.29,3.39,3.48,3.81
09/30/2020,3.18,3.35,3.42,3.5,3.82
09/29/2020,3.23,3.41,3.45,3.52,3.84
09/28/2020,3.29,3.46,3.48,3.54,3.85
09/25/2020,3.34,3.49,3.51,3.56,3.86
09/24/2020,3.42,3.5,3.53,3.58,3.87
09/23/2020,3.51,3.52,3.55,3.59,3.87
09/22/2020,3.59,3.53,3.56,3.61,3.88
09/21/2020,3.62,3.53,3.56,3.63,3.88
09/18/2020,3.63,3.51,3.56,3.64,3.87
09/17/2020,3.58,3.49,3.57,3.65,3.86
09/16/2020,3.52,3.49,3.57,3.66,3.85
09/15/2020,3.47,3.5,3.57,3.66,3.84
09/14/2020,3.44,3.51,3.59,3.68,3.83
09/11/2020,3.39,3.53,3.59,3.69,3.82
09/10/2020,3.39,3.55,3.61,3.72,3.82
09/09/2020,3.46,3.58,3.63,3.75,3.81
09/08/2020,3.53,3.59,3.65,3.78,3.81
09/04/2020,3.58,3.59,3.68,3.82,3.8
09/03/2020,3.67,3.62,3.71,3.86,3.79
09/02/2020,3.71,3.65,3.73,3.9,3.78
09/01/2020,3.69,3.65,3.74,3.94,3.77
08/31/2020,3.65,3.65,3.75,3.97,3.76
08/28/2020,3.61,3.67,3.76,4.01,3.75
08/27/2020,3.57,3.66,3.77,4.04,3.73
08/26/2020,3.59,3.68,3.8,4.07,3.72
08/25/2020,3.61,3.69,3.83,4.09,3.71
08/24/2020,3.65,3.71,3.87,4.11,3.69
08/21/2020,3.72,3.76,3.93,4.12,3.68
08/20/2020,3.75,3.79,3.97,4.14,3.67
08/19/2020,3.76,3.81,4.02,4.15,3.66
08/18/2020,3.76,3.82,4.08,4.15,3.65
08/17/2020,3.77,3.84,4.13,4.15,3.64
08/14/2020,3.8,3.86,4.19,4.15,3.62
08/13/2020,3.84,3.88,4.24,4.15,3.61
08/12/2020,3.86,3.92,4.26,4.15,3.6
08/11/2020,3.88,3.97,4.29,4.16,3.59
08/10/2020,3.92,4.04,4.31,4.15,3.58
08/07/2020,3.92,4.1,4.3,4.14,3.56
08/06/2020,3.92,4.15,4.31,4.11,3.55
08/05/2020,3.98,4.24,4.31,4.08,3.53
08/04/2020,4.06,4.33,4.32,4.05,3.52
08/03/2020,4.16,4.42,4.31,4.02,3.51
07/31/2020,4.28,4.52,4.3,3.99,3.48
07/30/2020,4.38,4.59,4.29,3.96,3.46
07/29/2020,4.49,4.61,4.27,3.92,3.44
07/28/2020,4.6,4.62,4.25,3.88,3.41
07/27/2020,4.69,4.58,4.21,3.83,3.38
07/24/2020,4.76,4.51,4.16,3.78,3.35
07/23/2020,4.8,4.46,4.08,3.72,3.33
07/22/2020,4.73,4.39,4.0,3.66,3.29
07/21/2020,4.64,4.3,3.91,3.6,3.26
07/20/2020,4.47,4.2,3.82,3.55,3.22
07/17/2020,4.25,4.08,3.72,3.48,3.18
07/16/2020,4.12,3.99,3.64,3.42,3.14
07/15/2020,4.06,3.94,3.57,3.37,3.11
07/14/2020,3.97,3.88,3.51,3.32,3.08
07/13/2020,3.92,3.85,3.46,3.28,3.06
07/10/2020,3.9,3.81,3.42,3.25,3.03
07/09/2020,3.85,3.71,3.35,3.21,3.01
07/08/2020,3.82,3.61,3.3,3.18,2.99
07/07/2020,3.78,3.52,3.25,3.14,2.96
07/06/2020,3.78,3.45,3.23,3.12,2.95
07/02/2020,3.71,3.37,3.18,3.1,2.92
07/01/2020,3.56,3.29,3.14,3.08,2.9
06/30/2020,3.39,3.21,3.09,3.05,2.87
06/29/2020,3.25,3.15,3.04,3.03,2.84
06/26/2020,3.12,3.08,3.0,3.01,2.81
06/25/2020,3.03,3.03,2.97,2.99,2.79
06/24/2020,3.03,3.0,2.96,2.99,2.78
06/23/2020,3.03,2.99,2.96,2.99,2.77
06/22/2020,3.04,2.99,2.96,2.99,2.75
06/19/2020,3.03,3.0,2.95,2.99,2.74
06/18/2020,3.03,3.0,2.96,2.98,2.73
06/17/2020,2.96,2.99,2.97,2.97,2.72
06/16/2020,2.95,2.97,2.97,2.96,2.71
06/15/2020,2.94,2.94,2.97,2.95,2.69
06/12/2020,2.98,2.92,2.97,2.93,2.67
06/11/2020,2.97,2.91,2.97,2.93,2.65
06/10/2020,3.01,2.93,2.99,2.94,2.64
06/09/2020,2.99,2.94,2.99,2.92,2.63
06/08/2020,2.94,2.93,2.99,2.91,2.62
06/05/2020,2.87,2.91,2.98,2.89,2.61
06/04/2020,2.84,2.92,2.97,2.88,2.61
06/03/2020,2.86,2.95,2.96,2.86,2.61
06/02/2020,2.89,2.97,2.95,2.85,2.62
06/01/2020,2.92,3.0,2.95,2.84,2.63
05/29/2020,2.95,3.02,2.94,2.83,2.64
05/28/2020,2.99,3.03,2.94,2.82,2.65
05/27/2020,3.04,3.04,2.94,2.81,2.66
05/26/2020,3.05,3.04,2.92,2.8,2.67
05/22/2020,3.08,3.06,2.91,2.78,2.68
05/21/2020,3.1,3.05,2.88,2.77,2.69
05/20/2020,3.07,3.03,2.85,2.75,2.7
05/19/2020,3.05,2.98,2.82,2.72,2.71
05/18/2020,3.04,2.94,2.79,2.69,2.72
05/15/2020,3.03,2.9,2.76,2.65,2.74
05/14/2020,3.0,2.86,2.73,2.62,2.76
05/13/2020,2.98,2.85,2.71,2.59,2.78
05/12/2020,2.91,2.83,2.69,2.57,2.8
05/11/2020,2.85,2.8,2.67,2.55,2.82
05/08/2020,2.77,2.76,2.65,2.52,2.84
05/07/2020,2.71,2.72,2.63,2.5,2.86
05/06/2020,2.71,2.68,2.61,2.49,2.89
05/05/2020,2.75,2.66,2.59,2.47,2.92
05/04/2020,2.74,2.64,2.56,2.45,2.95
05/01/2020,2.75,2.62,2.53,2.43,2.97
04/30/2020,2.72,2.61,2.5,2.41,3.0
04/29/2020,2.65,2.58,2.46,2.38,3.03
04/28/2020,2.57,2.55,2.43,2.35,3.05
04/27/2020,2.54,2.55,2.42,2.33,3.08
04/24/2020,2.49,2.53,2.4,2.32,3.11
04/23/2020,2.5,2.55,2.39,2.33,3.14
04/22/2020,2.51,2.54,2.39,2.34,3.17
04/21/2020,2.53,2.51,2.37,2.36,3.2
04/20/2020,2.57,2.49,2.36,2.39,3.24
04/17/2020,2.58,2.44,2.34,2.42,3.27
04/16/2020,2.6,2.39,2.31,2.45,3.31
04/15/2020,2.56,2.35,2.27,2.48,3.34
04/14/2020,2.49,2.32,2.25,2.51,3.38
04/13/2020,2.41,2.29,2.22,2.54,3.42
04/09/2020,2.31,2.26,2.22,2.58,3.46
04/08/2020,2.19,2.23,2.22,2.6,3.49
04/07/2020,2.13,2.24,2.25,2.65,3.53
04/06/2020,2.14,2.24,2.29,2.7,3.58
04/03/2020,2.17,2.23,2.34,2.76,3.62
04/02/2020,2.21,2.23,2.41,2.83,3.67
04/01/2020,2.28,2.22,2.48,2.9,3.73
03/31/2020,2.34,2.2,2.55,2.97,3.78
03/30/2020,2.33,2.19,2.61,3.04,3.83
03/27/2020,2.29,2.15,2.67,3.1,3.87
03/26/2020,2.25,2.17,2.73,3.16,3.92
03/25/2020,2.17,2.2,2.79,3.23,3.97
03/24/2020,2.06,2.25,2.85,3.3,4.03
03/23/2020,2.05,2.34,2.93,3.37,4.09
03/20/2020,2.01,2.45,3.02,3.44,4.15
03/19/2020,2.1,2.59,3.12,3.51,4.21
03/18/2020,2.23,2.74,3.23,3.6,4.26
03/17/2020,2.45,2.9,3.35,3.68,4.33
03/16/2020,2.63,3.03,3.46,3.75,4.39
03/13/2020,2.89,3.19,3.57,3.83,4.45
03/12/2020,3.08,3.3,3.66,3.89,4.51
03/11/2020,3.24,3.38,3.75,3.95,4.56
03/10/2020,3.36,3.45,3.82,4.0,4.61
03/09/2020,3.43,3.52,3.88,4.04,4.66
03/06/2020,3.49,3.6,3.93,4.08,4.7
03/05/2020,3.52,3.66,3.98,4.12,4.74
03/04/2020,3.52,3.73,4.03,4.16,4.78
03/03/2020,3.55,3.8,4.07,4.2,4.82
03/02/2020,3.61,3.89,4.12,4.25,4.87
02/28/2020,3.7,3.96,4.15,4.3,4.9
02/27/2020,3.8,4.02,4.19,4.34,4.94
02/26/2020,3.94,4.11,4.23,4.38,4.98
02/25/2020,4.06,4.18,4.27,4.42,5.01
02/24/2020,4.17,4.23,4.3,4.45,5.04
02/21/2020,4.22,4.27,4.33,4.49,5.07
02/20/2020,4.25,4.3,4.36,4.52,5.08
02/19/2020,4.28,4.32,4.38,4.56,5.1
02/18/2020,4.31,4.34,4.41,4.59,5.14
02/14/2020,4.3,4.34,4.43,4.61,5.17
02/13/2020,4.33,4.35,4.46,4.65,5.19
02/12/2020,4.35,4.35,4.5,4.68,5.23
02/11/2020,4.36,4.35,4.52,4.72,5.26
02/10/2020,4.38,4.36,4.53,4.76,5.29
02/07/2020,4.38,4.36,4.56,4.82,5.32
02/06/2020,4.37,4.38,4.59,4.86,5.35
02/05/2020,4.36,4.42,4.63,4.9,5.38
02/04/2020,4.34,4.44,4.68,4.93,5.4
02/03/2020,4.35,4.47,4.71,4.97,5.42
01/31/2020,4.34,4.52,4.75,5.02,5.45
01/30/2020,4.39,4.58,4.79,5.07,5.48
01/29/2020,4.47,4.64,4.84,5.12,5.5
01/28/2020,4.55,4.68,4.9,5.17,5.51
01/27/2020,4.59,4.71,4.96,5.23,5.53
01/24/2020,4.71,4.76,5.04,5.27,5.54
01/23/2020,4.77,4.81,5.1,5.31,5.55
01/22/2020,4.81,4.85,5.14,5.36,5.56
01/21/2020,4.82,4.92,5.18,5.4,5.56
01/17/2020,4.82,4.95,5.23,5.44,5.57
01/16/2020,4.82,4.97,5.27,5.48,5.57
01/15/2020,4.84,5.01,5.31,5.51,5.58
01/14/2020,4.89,5.05,5.36,5.54,5.57
01/13/2020,5.02,5.11,5.42,5.58,5.57
01/10/2020,5.09,5.21,5.49,5.61,5.57
01/09/2020,5.13,5.32,5.53,5.64,5.56
01/08/2020,5.17,5.39,5.57,5.65,5.55
01/07/2020,5.21,5.43,5.61,5.65,5.55
01/06/2020,5.21,5.44,5.64,5.64,5.53
01/03/2020,5.34,5.5,5.68,5.69,5.52
01/02/2020,5.52,5.56,5.73,5.72,5.5
12/31/2019,5.6,5.61,5.76,5.74,5.49
12/30/2019,5.65,5.67,5.79,5.77,5.47
12/27/2019,5.66,5.73,5.81,5.81,5.46
12/26/2019,5.66,5.77,5.81,5.83,5.43
12/24/2019,5.6,5.73,5.79,5.82,5.4
12/23/2019,5.61,5.75,5.79,5.83,5.38
12/20/2019,5.7,5.8,5.76,5.86,5.36
12/19/2019,5.79,5.85,5.75,5.87,5.34
12/18/2019,5.88,5.86,5.78,5.87,5.32
12/17/2019,5.87,5.91,5.8,5.88,5.3
12/16/2019,5.88,5.91,5.81,5.89,5.28
12/13/2019,5.89,5.9,5.82,5.87,5.25
12/12/2019,5.9,5.89,5.85,5.85,5.23
12/11/2019,5.84,5.85,5.85,5.83,5.2
12/10/2019,5.95,5.85,5.87,5.82,5.19
12/09/2019,5.94,5.82,5.88,5.79,5.17
12/06/2019,5.9,5.72,5.89,5.76,5.14
12/05/2019,5.88,5.65,5.89,5.73,5.12
12/04/2019,5.86,5.7,5.87,5.7,5.1
12/03/2019,5.75,5.7,5.86,5.66,5.07
12/02/2019,5.71,5.7,5.87,5.64,5.03
11/29/2019,5.53,5.74,5.86,5.61,4.99
11/27/2019,5.42,5.8,5.83,5.57,4.95
11/26/2019,5.55,5.85,5.82,5.52,4.91
11/25/2019,5.65,5.89,5.8,5.49,4.87
11/22/2019,5.69,5.93,5.78,5.46,4.83
11/21/2019,5.95,6.06,5.79,5.44,4.81
11/20/2019,6.19,6.13,5.77,5.41,4.77
11/19/2019,6.16,6.05,5.69,5.34,4.72
11/18/2019,6.13,6.02,5.65,5.28,4.68
11/15/2019,6.17,6.05,5.62,5.24,4.63
11/14/2019,6.17,5.98,5.54,5.18,4.59
11/13/2019,6.06,5.86,5.45,5.11,4.54
11/12/2019,5.94,5.79,5.36,5.04,4.49
11/11/2019,5.91,5.71,5.29,4.98,4.45
11/08/2019,5.92,5.63,5.22,4.92,4.41
11/07/2019,5.79,5.52,5.14,4.86,4.35
11/06/2019,5.65,5.41,5.06,4.81,4.3
11/05/2019,5.64,5.34,4.99,4.77,4.26
11/04/2019,5.51,5.27,4.91,4.72,4.22
11/01/2019,5.33,5.19,4.84,4.67,4.17
10/31/2019,5.24,5.1,4.78,4.63,4.13
10/30/2019,5.16,5.04,4.73,4.61,4.1
10/29/2019,5.04,4.93,4.67,4.57,4.06
10/28/2019,5.03,4.87,4.61,4.55,4.02
10/25/2019,5.04,4.81,4.57,4.54,4.08
10/24/2019,4.95,4.76,4.54,4.52,4.15
10/23/2019,4.92,4.71,4.51,4.51,4.23
10/22/2019,4.82,4.64,4.49,4.5,4.3
10/21/2019,4.72,4.56,4.44,4.47,4.36
10/18/2019,4.58,4.49,4.41,4.42,4.43
10/17/2019,4.57,4.46,4.4,4.38,4.5
10/16/2019,4.49,4.42,4.39,4.33,4.57
10/15/2019,4.46,4.41,4.39,4.29,4.66
10/14/2019,4.4,4.35,4.4,4.24,4.75
10/11/2019,4.39,4.33,4.41,4.21,4.86
10/10/2019,4.35,4.31,4.41,4.17,4.98
10/09/2019,4.35,4.31,4.41,4.13,5.11
10/08/2019,4.35,4.33,4.43,4.1,5.25
10/07/2019,4.29,4.33,4.42,4.07,5.4
10/04/2019,4.28,4.33,4.39,4.03,5.53
10/03/2019,4.28,4.34,4.34,4.0,5.67
10/02/2019,4.27,4.35,4.29,3.97,5.81
10/01/2019,4.31,4.38,4.23,3.94,5.94
09/30/2019,4.36,4.44,4.19,3.92,6.07
09/27/2019,4.39,4.48,4.14,3.89,6.2
09/26/2019,4.4,4.5,4.09,3.84,6.32
09/25/2019,4.44,4.52,4.04,3.8,6.44
09/24/2019,4.44,4.53,3.98,3.75,6.57
09/23/2019,4.53,4.52,3.94,3.72,6.7
09/20/2019,4.57,4.44,3.88,3.67,6.81
09/19/2019,4.61,4.35,3.83,3.63,6.92
09/18/2019,4.6,4.23,3.77,3.59,7.04
09/17/2019,4.61,4.09,3.72,3.54,7.15
09/16/2019,4.51,3.94,3.66,3.48,7.26
09/13/2019,4.32,3.81,3.59,3.63,7.37
09/12/2019,4.09,3.69,3.51,3.78,7.48
09/11/2019,3.86,3.57,3.44,3.94,7.6
09/10/2019,3.56,3.44,3.37,4.09,7.71
09/09/2019,3.37,3.36,3.31,4.25,7.83
09/06/2019,3.3,3.32,3.29,4.44,7.96
09/05/2019,3.29,3.3,3.28,4.63,8.08
09/04/2019,3.28,3.32,3.27,4.82,8.2
09/03/2019,3.32,3.35,3.27,5.03,8.33
08/30/2019,3.36,3.37,3.25,5.25,8.47
08/29/2019,3.33,3.38,3.54,5.51,8.6
08/28/2019,3.32,3.34,3.83,5.79,8.75
08/27/2019,3.36,3.3,4.12,6.1,8.89
08/26/2019,3.37,3.29,4.42,6.41,9.04
08/23/2019,3.39,3.27,4.7,6.72,9.18
08/22/2019,3.43,3.26,5.0,7.04,9.32
08/21/2019,3.36,3.25,5.29,7.34,9.47
08/20/2019,3.25,3.22,5.56,7.64,9.61
08/19/2019,3.21,3.19,5.87,7.94,9.75
08/16/2019,3.14,3.12,6.19,8.22,9.88
08/15/2019,3.1,3.69,6.58,8.51,10.02
08/14/2019,3.14,4.31,7.02,8.8,10.17
08/13/2019,3.19,4.95,7.49,9.09,10.32
08/12/2019,3.17,5.55,7.97,9.38,10.47
08/09/2019,3.1,6.13,8.45,9.67,10.64
08/08/2019,4.29,6.73,8.93,9.95,10.79
08/07/2019,5.49,7.32,9.38,10.22,10.94
08/06/2019,6.7,7.91,9.86,10.49,11.08
08/05/2019,7.92,8.56,10.31,10.76,11.23
08/02/2019,9.16,9.25,10.77,11.04,11.39
08/01/2019,9.17,9.46,10.91,11.11,11.45
07/31/2019,9.16,9.72,11.04,11.18,11.5
07/30/2019,9.11,10.04,11.16,11.26,11.56
07/29/2019,9.19,10.39,11.3,11.33,11.62
07/26/2019,9.34,10.77,11.45,11.4,11.66
07/25/2019,9.74,11.12,11.56,11.47,11.71
07/24/2019,10.29,11.44,11.66,11.53,11.76
07/23/2019,10.96,11.81,11.78,11.59,11.82
07/22/2019,11.59,12.06,11.86,11.62,11.87
07/19/2019,12.2,12.29,11.93,11.69,11.92
07/18/2019,12.5,12.37,11.93,11.7,11.95
07/17/2019,12.59,12.36,11.91,11.7,11.97
07/16/2019,12.65,12.29,11.88,11.69,11.97
07/15/2019,12.53,12.21,11.8,11.67,11.96
07/12/2019,12.37,12.12,11.72,11.63,11.95
07/11/2019,12.23,12.01,11.65,11.6,11.94
07/10/2019,12.13,11.89,11.58,11.59,11.94
07/09/2019,11.92,11.75,11.48,11.57,11.92
07/08/2019,11.9,11.67,11.4,11.56,11.93
07/05/2019,11.87,11.57,11.39,11.54,11.93
07/03/2019,11.78,11.5,11.37,11.54,11.92
07/02/2019,11.64,11.47,11.38,11.55,11.94
07/01/2019,11.58,11.46,11.39,11.55,11.95
06/28/2019,11.43,11.39,11.39,11.56,11.95
06/27/2019,11.27,11.31,11.39,11.6,11.96
06/26/2019,11.22,11.3,11.4,11.63,11.96
06/25/2019,11.29,11.27,11.45,11.67,11.98
06/24/2019,11.34,11.2,11.48,11.68,12.0
06/21/2019,11.34,11.14,11.5,11.71,12.02
06/20/2019,11.35,11.2,11.52,11.75,12.04
06/19/2019,11.38,11.24,11.56,11.78,12.08
06/18/2019,11.25,11.29,11.59,11.81,12.11
06/17/2019,11.07,11.32,11.6,11.86,12.13
06/14/2019,10.94,11.4,11.65,11.9,12.16
06/13/2019,11.04,11.47,11.74,11.93,12.19
06/12/2019,11.09,11.51,11.8,11.94,12.21
06/11/2019,11.33,11.63,11.87,11.99,12.24
06/10/2019,11.58,11.75,11.91,12.04,12.27
06/07/2019,11.86,11.86,11.99,12.12,12.28
06/06/2019,11.89,11.85,12.03,12.16,12.28
06/05/2019,11.92,11.88,12.06,12.2,12.28
06/04/2019,11.93,11.89,12.07,12.24,12.28
06/03/2019,11.92,11.87,12.13,12.25,12.26
05/31/2019,11.87,11.91,12.15,12.26,12.25
05/30/2019,11.81,12.01,12.16,12.26,12.24
05/29/2019,11.83,12.09,12.16,12.28,12.24
05/28/2019,11.85,12.1,12.16,12.28,12.23
05/24/2019,11.81,12.07,12.19,12.28,12.25
05/23/2019,11.95,12.12,12.25,12.3,12.26
05/22/2019,12.21,12.2,12.32,12.31,12.27
05/21/2019,12.34,12.24,12.36,12.31,12.27
05/20/2019,12.36,12.26,12.41,12.32,12.27
05/17/2019,12.33,12.39,12.44,12.35,12.27
05/16/2019,12.29,12.4,12.43,12.34,12.25
05/15/2019,12.19,12.31,12.38,12.31,12.24
05/14/2019,12.13,12.23,12.37,12.29,12.22
05/13/2019,12.16,12.23,12.37,12.29,12.22
05/10/2019,12.45,12.31,12.38,12.32,12.21
05/09/2019,12.51,12.39,12.38,12.34,12.2
05/08/2019,12.42,12.44,12.37,12.34,12.18
05/07/2019,12.32,12.49,12.35,12.38,12.16
05/06/2019,12.29,12.56,12.36,12.41,12.14
05/03/2019,12.16,12.5,12.33,12.41,12.11
05/02/2019,12.27,12.46,12.32,12.43,12.08
05/01/2019,12.46,12.46,12.32,12.46,12.07
04/30/2019,12.66,12.52,12.33,12.49,12.06
04/29/2019,12.83,12.51,12.33,12.5,12.05
04/26/2019,12.83,12.46,12.33,12.49,12.03
04/25/2019,12.65,12.38,12.31,12.43,12.0
04/24/2019,12.46,12.3,12.29,12.4,11.96
04/23/2019,12.38,12.21,12.32,12.36,11.91
04/22/2019,12.18,12.15,12.34,12.32,11.88
04/18/2019,12.09,12.17,12.36,12.27,11.84
04/17/2019,12.11,12.17,12.41,12.24,11.81
04/16/2019,12.14,12.17,12.46,12.22,11.78
04/15/2019,12.04,12.14,12.47,12.19,11.76
04/12/2019,12.12,12.15,12.5,12.19,11.73
04/11/2019,12.25,12.19,12.5,12.21,11.71
04/10/2019,12.23,12.25,12.46,12.22,11.68
04/09/2019,12.21,12.27,12.44,12.22,11.65
04/08/2019,12.23,12.43,12.44,12.23,11.63
04/05/2019,12.18,12.52,12.4,12.22,11.61
04/04/2019,12.14,12.55,12.33,12.19,11.58
04/03/2019,12.27,12.65,12.27,12.17,11.56
04/02/2019,12.34,12.74,12.24,12.16,11.53
04/01/2019,12.64,12.81,12.22,12.15,11.51
03/29/2019,12.86,12.84,12.21,12.14,11.47
03/28/2019,12.97,12.81,12.22,12.11,11.43
03/27/2019,13.04,12.68,12.2,12.06,11.38
03/26/2019,13.14,12.62,12.19,12.03,11.32
03/25/2019,12.98,12.44,12.12,11.95,11.25
03/22/2019,12.82,12.27,12.07,11.88,11.17
03/21/2019,12.65,12.1,12.01,11.8,11.1
03/20/2019,12.31,11.89,11.92,11.74,11.03
03/19/2019,12.09,11.73,11.87,11.69,10.97
03/18/2019,11.89,11.64,11.82,11.64,10.93
03/15/2019,11.72,11.58,11.79,11.59,10.89
03/14/2019,11.55,11.64,11.76,11.56,10.86
03/13/2019,11.47,11.72,11.76,11.56,10.84
03/12/2019,11.38,11.77,11.74,11.52,10.81
03/11/2019,11.39,11.81,11.71,11.47,10.8
03/08/2019,11.43,11.86,11.68,11.44,10.78
03/07/2019,11.72,11.91,11.66,11.41,10.77
03/06/2019,11.98,11.96,11.66,11.38,10.76
03/05/2019,12.16,12.01,11.66,11.35,10.76
03/04/2019,12.24,12.0,11.64,11.32,10.75
03/01/2019,12.29,12.0,11.6,11.28,10.75
02/28/2019,12.1,11.88,11.53,11.21,10.73
02/27/2019,11.94,11.8,11.47,11.15,10.72
02/26/2019,11.86,11.71,11.39,11.08,10.71
02/25/2019,11.77,11.61,11.29,11.03,10.7
02/22/2019,11.71,11.5,11.23,10.99,10.71
02/21/2019,11.66,11.4,11.16,10.96,10.72
02/20/2019,11.66,11.37,11.1,10.94,10.72
02/19/2019,11.55,11.31,11.02,10.91,10.72
02/15/2019,11.44,11.27,10.98,10.87,10.72
02/14/2019,11.28,11.2,10.91,10.81,10.72
02/13/2019,11.15,11.18,10.88,10.76,10.73
02/12/2019,11.08,11.15,10.83,10.69,10.72
02/11/2019,11.07,11.07,10.77,10.62,10.73
02/08/2019,11.1,10.98,10.75,10.54,10.75
02/07/2019,11.12,10.95,10.74,10.47,10.79
02/06/2019,11.21,10.92,10.75,10.39,10.84
02/05/2019,11.22,10.83,10.73,10.32,10.89
02/04/2019,11.07,10.73,10.7,10.26,10.92
02/01/2019,10.86,10.69,10.67,10.22,10.97
01/31/2019,10.79,10.63,10.61,10.18,11.0
01/30/2019,10.64,10.58,10.55,10.15,11.03
01/29/2019,10.43,10.5,10.46,10.12,11.05
01/28/2019,10.39,10.47,10.39,10.11,11.08
01/25/2019,10.51,10.52,10.32,10.13,11.12
01/24/2019,10.47,10.53,10.22,10.12,11.14
01/23/2019,10.51,10.57,10.12,10.13,11.16
01/22/2019,10.57,10.64,10.07,10.14,11.18
01/18/2019,10.55,10.68,10.03,10.16,11.23
01/17/2019,10.52,10.65,9.98,10.18,11.27
01/16/2019,10.6,10.59,9.96,10.22,11.33
01/15/2019,10.62,10.52,9.94,10.25,11.39
01/14/2019,10.7,10.42,9.93,10.28,11.45
01/11/2019,10.81,10.32,9.93,10.35,11.51
01/10/2019,10.78,10.12,9.94,10.37,11.56
01/09/2019,10.58,9.91,9.92,10.43,11.61
01/08/2019,10.42,9.68,9.91,10.47,11.65
01/07/2019,10.14,9.5,9.9,10.5,11.68
01/04/2019,9.83,9.38,9.91,10.54,11.73
01/03/2019,9.45,9.3,9.94,10.57,11.78
01/02/2019,9.24,9.33,10.04,10.64,11.84
12/31/2018,8.93,9.36,10.11,10.69,11.91
12/28/2018,8.85,9.45,10.21,10.75,12.0
12/27/2018,8.94,9.54,10.36,10.84,12.09
12/26/2018,9.16,9.76,10.5,10.96,12.18
12/24/2018,9.42,9.93,10.69,11.11,12.27
12/21/2018,9.79,10.15,10.86,11.3,12.37
12/20/2018,10.04,10.3,11.01,11.46,12.46
12/19/2018,10.15,10.43,11.12,11.58,12.54
12/18/2018,10.35,10.58,11.21,11.72,12.62
12/17/2018,10.43,10.74,11.29,11.82,12.68
12/14/2018,10.51,10.86,11.36,11.9,12.75
12/13/2018,10.56,10.97,11.4,11.97,12.82
12/12/2018,10.71,11.17,11.49,12.06,12.9
12/11/2018,10.8,11.25,11.57,12.1,12.95
12/10/2018,11.06,11.45,11.7,12.15,13.0
12/07/2018,11.21,11.58,11.87,12.19,13.06
12/06/2018,11.39,11.72,12.03,12.22,13.12
12/04/2018,11.64,11.81,12.16,12.3,13.19
12/03/2018,11.69,11.84,12.29,12.37,13.24
11/30/2018,11.84,11.85,12.36,12.44,13.28
11/29/2018,11.95,11.86,12.42,12.53,13.33
11/28/2018,12.04,11.83,12.48,12.62,13.39
11/27/2018,11.98,11.81,12.5,12.68,13.44
11/26/2018,11.99,11.89,12.53,12.75,13.5
11/23/2018,11.85,11.95,12.5,12.78,13.53
11/21/2018,11.78,12.17,12.5,12.82,13.58
11/20/2018,11.62,12.35,12.47,12.86,13.64
11/19/2018,11.64,12.51,12.54,12.91,13.7
11/16/2018,11.79,12.73,12.63,12.98,13.76
11/15/2018,12.05,12.86,12.74,13.05,13.82
11/14/2018,12.56,12.98,12.87,13.13,13.88
11/13/2018,13.08,13.12,13.01,13.25,13.96
11/12/2018,13.37,13.19,13.11,13.33,14.02
11/09/2018,13.68,13.17,13.18,13.4,14.06
11/08/2018,13.68,13.05,13.2,13.44,14.07
11/07/2018,13.39,12.82,13.15,13.45,14.08
11/06/2018,13.15,12.59,13.12,13.46,14.1
11/05/2018,13.01,12.57,13.12,13.5,14.12
11/02/2018,12.66,12.52,13.11,13.52,14.13
11/01/2018,12.42,12.61,13.14,13.55,14.16
10/31/2018,12.25,12.76,13.21,13.61,14.2
10/30/2018,12.02,12.9,13.31,13.67,14.24
10/29/2018,12.14,13.04,13.4,13.74,14.28
10/26/2018,12.39,13.18,13.51,13.8,14.32
10/25/2018,12.81,13.35,13.63,13.86,14.36
10/24/2018,13.27,13.48,13.76,13.94,14.41
10/23/2018,13.78,13.65,13.9,14.03,14.46
10/22/2018,13.94,13.66,13.96,14.08,14.47
10/19/2018,13.98,13.69,14.02,14.1,14.48
10/18/2018,13.89,13.67,14.02,14.11,14.48
10/17/2018,13.69,13.65,14.03,14.13,14.49
10/16/2018,13.51,13.73,14.06,14.17,14.54
10/15/2018,13.38,13.76,14.09,14.2,14.59
10/12/2018,13.4,13.84,14.11,14.25,14.64
10/11/2018,13.45,13.91,14.11,14.29,14.68
10/10/2018,13.61,14.04,14.16,14.35,14.73
10/09/2018,13.94,14.15,14.22,14.42,14.78
10/08/2018,14.15,14.26,14.29,14.49,14.82
10/05/2018,14.29,14.34,14.31,14.54,14.88
10/04/2018,14.38,14.37,14.33,14.58,14.92
10/03/2018,14.46,14.41,14.37,14.64,14.97
10/02/2018,14.36,14.39,14.39,14.68,15.01
10/01/2018,14.37,14.41,14.43,14.71,15.05
09/28/2018,14.4,14.37,14.45,14.71,15.09
09/27/2018,14.36,14.32,14.47,14.71,15.12
09/26/2018,14.35,14.29,14.5,14.72,15.14
09/25/2018,14.42,14.28,14.56,14.75,15.16
09/24/2018,14.44,14.31,14.6,14.75,15.19
09/21/2018,14.34,14.28,14.63,14.75,15.21
09/20/2018,14.27,14.3,14.69,14.78,15.22
09/19/2018,14.23,14.33,14.75,14.79,15.23
09/18/2018,14.14,14.39,14.82,14.81,15.24
09/17/2018,14.19,14.44,14.86,14.82,15.24
09/14/2018,14.23,14.52,14.89,14.84,15.26
09/13/2018,14.32,14.63,14.91,14.86,15.29
09/12/2018,14.43,14.71,14.94,14.88,15.31
09/11/2018,14.64,14.83,14.98,14.9,15.34
09/10/2018,14.7,14.89,14.97,14.86,15.35
09/07/2018,14.82,14.98,14.98,14.85,15.39
09/06/2018,14.94,15.08,15.02,14.85,15.45
09/05/2018,15.0,15.18,15.03,14.86,15.5
09/04/2018,15.02,15.25,15.02,14.91,15.55
08/31/2018,15.08,15.27,15.0,14.97,15.6
08/30/2018,15.15,15.25,14.99,15.03,15.66
08/29/2018,15.22,15.19,14.98,15.08,15.72
08/28/2018,15.36,15.16,14.96,15.11,15.77
08/27/2018,15.47,15.12,14.93,15.13,15.81
08/24/2018,15.47,15.05,14.85,15.15,15.85
08/23/2018,15.35,14.99,14.79,15.22,15.9
08/22/2018,15.16,14.95,14.74,15.27,15.95
08/21/2018,14.95,14.87,14.7,15.3,15.98
08/20/2018,14.78,14.8,14.74,15.34,16.01
08/17/2018,14.63,14.73,14.82,15.39,16.06
08/16/2018,14.62,14.74,14.92,15.47,16.11
08/15/2018,14.73,14.77,15.02,15.52,16.17
08/14/2018,14.79,14.77,15.08,15.55,16.22
08/13/2018,14.81,14.74,15.13,15.58,16.27
08/10/2018,14.84,14.65,15.2,15.63,16.33
08/09/2018,14.85,14.59,15.33,15.67,16.41
08/08/2018,14.81,14.53,15.43,15.67,16.47
08/07/2018,14.75,14.53,15.51,15.66,16.54
08/06/2018,14.67,14.69,15.61,15.67,16.6
08/03/2018,14.46,14.91,15.71,15.67,16.65
08/02/2018,14.33,15.1,15.83,15.68,16.71
08/01/2018,14.25,15.28,15.9,15.72,16.77
07/31/2018,14.31,15.4,15.94,15.75,16.82
07/30/2018,14.71,15.53,16.0,15.78,16.87
07/27/2018,15.35,15.75,16.12,15.85,16.92
07/26/2018,15.87,16.07,16.22,15.93,16.99
07/25/2018,16.3,16.33,16.25,16.04,17.05
07/24/2018,16.48,16.5,16.23,16.14,17.08
07/23/2018,16.34,16.52,16.16,16.18,17.09
07/20/2018,16.14,16.52,16.05,16.23,17.09
07/19/2018,16.28,16.57,15.97,16.29,17.09
07/18/2018,16.35,16.52,15.94,16.36,17.1
07/17/2018,16.51,16.49,15.93,16.44,17.13
07/16/2018,16.7,16.47,15.9,16.49,17.15
07/13/2018,16.9,16.49,15.9,16.56,17.18
07/12/2018,16.85,16.36,15.86,16.59,17.19
07/11/2018,16.69,16.17,15.9,16.63,17.21
07/10/2018,16.47,15.95,15.96,16.66,17.22
07/09/2018,16.24,15.8,16.01,16.69,17.23
07/06/2018,16.08,15.58,16.09,16.72,17.24
07/05/2018,15.86,15.38,16.15,16.75,17.24
07/03/2018,15.64,15.36,16.28,16.81,17.26
07/02/2018,15.44,15.36,16.41,16.88,17.26
06/29/2018,15.35,15.33,16.51,16.97,17.25
06/28/2018,15.08,15.31,16.59,17.04,17.26
06/27/2018,14.9,15.37,16.7,17.14,17.28
06/26/2018,15.09,15.63,16.86,17.27,17.3
06/25/2018,15.28,15.96,17.01,17.43,17.32
06/22/2018,15.31,16.23,17.13,17.53,17.33
06/21/2018,15.53,16.59,17.29,17.63,17.35
06/20/2018,15.84,16.92,17.44,17.75,17.38
06/19/2018,16.17,17.2,17.53,17.82,17.4
06/18/2018,16.64,17.47,17.64,17.89,17.41
06/15/2018,17.15,17.68,17.78,17.97,17.43
06/14/2018,17.65,17.88,17.91,18.0,17.46
06/13/2018,18.0,18.03,18.03,18.05,17.48
06/12/2018,18.22,18.09,18.1,18.06,17.46
06/11/2018,18.3,18.07,18.16,18.02,17.46
06/08/2018,18.21,18.04,18.18,17.99,17.47
06/07/2018,18.12,18.0,18.15,17.94,17.47
06/06/2018,18.05,17.96,18.16,17.89,17.48
06/05/2018,17.95,17.87,18.13,17.83,17.48
06/04/2018,17.84,17.81,18.11,17.81,17.47
06/01/2018,17.87,17.89,18.12,17.81,17.48
05/31/2018,17.88,17.93,18.06,17.79,17.48
05/30/2018,17.86,18.02,18.06,17.8,17.5
05/29/2018,17.79,18.11,18.04,17.79,17.58
05/25/2018,17.78,18.25,18.0,17.77,17.69
05/24/2018,17.91,18.33,17.97,17.76,17.78
05/23/2018,17.98,18.31,17.91,17.76,17.87
05/22/2018,18.18,18.36,17.86,17.73,17.96
05/21/2018,18.42,18.38,17.81,17.7,18.06
05/18/2018,18.72,18.41,17.81,17.64,18.17
05/17/2018,18.74,18.35,17.77,17.54,18.25
05/16/2018,18.64,18.19,17.73,17.47,18.35
05/15/2018,18.53,18.09,17.69,17.42,18.44
05/14/2018,18.34,17.98,17.63,17.32,18.54
05/11/2018,18.09,17.75,17.53,17.21,18.64
05/10/2018,17.95,17.61,17.48,17.13,18.75
05/09/2018,17.73,17.52,17.48,17.08,18.85
05/08/2018,17.65,17.36,17.41,17.01,18.93
05/07/2018,17.63,17.24,17.36,16.99,19.01
05/04/2018,17.42,17.22,17.26,16.93,19.07
05/03/2018,17.26,17.2,17.14,16.88,19.18
05/02/2018,17.3,17.26,17.12,16.91,19.26
05/01/2018,17.06,17.28,17.08,16.9,19.33
04/30/2018,16.85,17.27,16.98,16.87,19.4
04/27/2018,17.02,17.31,16.94,16.9,19.49
04/26/2018,17.14,17.36,16.9,16.94,19.58
04/25/2018,17.22,17.45,16.85,17.0,19.67
04/24/2018,17.5,17.46,16.84,17.06,19.77
04/23/2018,17.69,17.48,16.86,17.13,19.87
04/20/2018,17.59,17.3,16.78,17.14,19.96
04/19/2018,17.58,17.08,16.72,17.15,20.06
04/18/2018,17.67,16.97,16.74,17.17,20.17
04/17/2018,17.43,16.88,16.72,17.2,20.26
04/16/2018,17.27,16.7,16.67,17.37,20.36
04/13/2018,17.0,16.57,16.69,17.6,20.43
04/12/2018,16.58,16.43,16.73,17.8,20.47
04/11/2018,16.27,16.26,16.78,17.97,20.48
04/10/2018,16.34,16.22,16.86,18.18,20.54
04/09/2018,16.12,16.24,16.96,18.42,20.6
04/06/2018,16.14,16.27,17.06,18.7,20.67
04/05/2018,16.29,16.37,17.18,18.96,20.73
04/04/2018,16.25,16.51,17.28,19.23,20.77
04/03/2018,16.1,16.55,17.35,19.46,20.8
04/02/2018,16.37,16.64,17.7,19.76,20.83
03/29/2018,16.41,16.82,18.12,20.08,20.86
03/28/2018,16.44,17.04,18.48,20.36,20.87
03/27/2018,16.76,17.3,18.83,20.62,20.89
03/26/2018,17.0,17.51,19.17,20.86,20.9
03/23/2018,16.9,17.67,19.51,21.02,20.9
03/22/2018,17.23,17.84,19.91,21.22,20.91
03/21/2018,17.63,17.99,20.26,21.47,20.93
03/20/2018,17.83,18.04,20.59,21.61,20.9
03/19/2018,18.02,18.16,20.92,21.75,20.87
03/16/2018,18.44,18.77,21.33,21.93,20.86
03/15/2018,18.44,19.41,21.71,22.07,20.84
03/14/2018,18.36,19.93,22.02,22.21,20.8
03/13/2018,18.25,20.36,22.28,22.34,20.76
03/12/2018,18.31,20.83,22.53,22.48,20.73
03/09/2018,19.1,21.34,22.7,22.6,20.69
03/08/2018,20.38,21.98,22.91,22.78,20.63
03/07/2018,21.49,22.52,23.2,22.98,20.58
03/06/2018,22.47,23.14,23.39,23.17,20.51
03/05/2018,23.35,23.67,23.54,23.32,20.44
03/02/2018,23.58,23.89,23.52,23.35,20.29
03/01/2018,23.57,24.0,23.4,23.26,20.13
02/28/2018,23.54,24.11,23.35,23.14,19.97
02/27/2018,23.81,24.21,23.33,23.0,19.82
02/26/2018,23.99,24.23,23.31,22.9,19.66
02/23/2018,24.19,24.06,23.23,22.79,19.49
02/22/2018,24.43,23.85,23.19,22.65,19.32
02/21/2018,24.68,23.89,23.21,22.51,19.14
02/20/2018,24.6,23.65,23.19,22.31,18.94
02/16/2018,24.47,23.41,23.15,22.13,18.75
02/15/2018,23.93,23.14,23.08,21.89,18.54
02/14/2018,23.27,22.81,22.9,21.64,18.33
02/13/2018,23.1,22.59,22.65,21.39,18.12
02/12/2018,22.69,22.45,22.39,21.15,17.92
02/09/2018,22.36,22.39,22.23,20.94,17.74
02/08/2018,22.36,22.41,22.16,20.77,17.56
02/07/2018,22.35,22.53,22.06,20.61,17.39
02/06/2018,22.08,22.53,21.81,20.38,17.18
02/05/2018,22.2,22.73,21.64,20.19,17.01
02/02/2018,22.43,22.88,21.5,19.99,16.83
02/01/2018,22.46,23.01,21.26,19.79,16.64
01/31/2018,22.71,22.99,21.06,19.6,16.47
01/30/2018,22.98,22.7,20.79,19.4,16.3
01/29/2018,23.26,22.33,20.5,19.18,16.11
01/26/2018,23.34,22.07,20.21,18.97,15.92
01/25/2018,23.56,21.91,19.95,18.77,15.73
01/24/2018,23.27,21.59,19.65,18.47,15.53
01/23/2018,22.43,21.09,19.31,18.18,15.31
01/22/2018,21.4,20.55,18.92,17.85,15.08
01/19/2018,20.81,20.11,18.54,17.55,14.87
01/18/2018,20.25,19.52,18.17,17.24,14.66
01/17/2018,19.91,19.13,17.9,16.99,14.47
01/16/2018,19.76,18.87,17.75,16.8,14.33
01/12/2018,19.7,18.67,17.61,16.65,14.2
01/11/2018,19.41,18.35,17.42,16.42,14.05
01/10/2018,18.78,17.98,17.2,16.18,13.89
01/09/2018,18.35,17.7,16.91,15.99,13.75
01/08/2018,17.98,17.52,16.72,15.78,13.64
01/05/2018,17.64,17.29,16.5,15.58,13.55
01/04/2018,17.28,16.98,16.27,15.37,13.45
01/03/2018,17.18,16.83,16.1,15.2,13.36
01/02/2018,17.06,16.68,15.92,15.01,13.28
12/29/2017,17.07,16.62,15.77,14.85,13.21
12/28/2017,16.94,16.54,15.63,14.69,13.15
12/27/2017,16.67,16.49,15.45,14.54,13.1
12/26/2017,16.47,16.42,15.28,14.35,13.03
12/22/2017,16.3,16.13,15.13,14.17,12.98
12/21/2017,16.17,15.91,14.91,13.97,12.93
12/20/2017,16.15,15.72,14.73,13.83,12.9
12/19/2017,16.31,15.56,14.57,13.66,12.87
12/18/2017,16.36,15.36,14.38,13.49,12.85
12/15/2017,15.95,15.16,14.18,13.35,12.8
12/14/2017,15.64,14.91,13.96,13.2,12.76
12/13/2017,15.28,14.72,13.77,13.04,12.73
12/12/2017,14.82,14.42,13.56,12.88,12.7
12/11/2017,14.37,14.15,13.32,12.7,12.66
12/08/2017,14.36,14.13,13.19,12.59,12.62
12/07/2017,14.18,13.9,13.01,12.44,12.56
12/06/2017,14.16,13.74,12.88,12.32,12.51
12/05/2017,14.02,13.57,12.72,12.2,12.46
12/04/2017,13.92,13.4,12.56,12.08,12.42
12/01/2017,13.9,13.2,12.45,11.96,12.37
11/30/2017,13.62,13.01,12.35,11.85,12.32
11/29/2017,13.31,12.82,12.2,11.75,12.28
11/28/2017,13.12,12.7,12.11,11.69,12.26
11/27/2017,12.87,12.49,11.98,11.61,12.23
11/24/2017,12.49,12.24,11.81,11.51,12.19
11/22/2017,12.39,12.11,11.71,11.51,12.17
11/21/2017,12.32,12.03,11.61,11.52,12.16
11/20/2017,12.28,11.86,11.51,11.53,12.14
11/17/2017,12.11,11.72,11.43,11.52,12.12
11/16/2017,11.99,11.7,11.34,11.54,12.11
11/15/2017,11.82,11.69,11.27,11.58,12.08
11/14/2017,11.73,11.59,11.22,11.61,12.05
11/13/2017,11.44,11.51,11.18,11.66,12.01
11/10/2017,11.34,11.47,11.17,11.72,11.99
11/09/2017,11.4,11.38,11.14,11.8,11.97
11/08/2017,11.55,11.32,11.2,11.9,11.96
11/07/2017,11.44,11.19,11.27,11.98,11.94
11/06/2017,11.58,11.16,11.36,12.08,11.94
11/03/2017,11.59,11.13,11.42,12.2,11.93
11/02/2017,11.36,10.98,11.47,12.26,11.92
11/01/2017,11.08,10.86,11.52,12.32,11.91
10/31/2017,10.94,10.85,11.63,12.42,11.92
10/30/2017,10.74,10.85,11.73,12.53,11.93
10/27/2017,10.66,10.87,11.85,12.62,11.93
10/26/2017,10.59,10.91,12.0,12.65,11.94
10/25/2017,10.63,11.09,12.19,12.68,11.95
10/24/2017,10.76,11.35,12.37,12.71,11.97
10/23/2017,10.96,11.55,12.54,12.73,11.98
10/20/2017,11.07,11.71,12.74,12.76,12.0
10/19/2017,11.22,11.96,12.9,12.78,12.02
10/18/2017,11.55,12.19,13.06,12.8,12.03
10/17/2017,11.94,12.4,13.2,12.81,12.04
10/16/2017,12.15,12.61,13.36,12.82,12.05
10/13/2017,12.34,12.83,13.5,12.85,12.06
10/12/2017,12.7,13.1,13.52,12.88,12.07
10/11/2017,12.82,13.28,13.47,12.84,12.05
10/10/2017,12.87,13.39,13.38,12.79,12.01
10/09/2017,13.07,13.52,13.32,12.76,11.99
10/06/2017,13.31,13.78,13.28,12.72,11.96
10/05/2017,13.5,13.84,13.19,12.67,11.93
10/04/2017,13.74,13.93,13.1,12.58,11.9
10/03/2017,13.91,14.01,13.01,12.48,11.85
10/02/2017,13.97,14.12,12.93,12.37,11.81
09/29/2017,14.25,14.17,12.86,12.27,11.77
09/28/2017,14.17,13.95,12.77,12.15,11.72
09/27/2017,14.12,13.66,12.62,12.02,11.67
09/26/2017,14.1,13.38,12.49,11.9,11.62
09/25/2017,14.26,13.11,12.38,11.8,11.57
09/22/2017,14.08,12.78,12.19,11.67,11.51
09/21/2017,13.73,12.54,12.09,11.58,11.48
09/20/2017,13.2,12.27,11.91,11.5,11.44
09/19/2017,12.65,12.02,11.72,11.43,11.41
09/18/2017,11.97,11.75,11.49,11.33,11.39
09/15/2017,11.48,11.55,11.32,11.25,11.36
09/14/2017,11.35,11.59,11.25,11.23,11.36
09/13/2017,11.34,11.59,11.2,11.22,11.38
09/12/2017,11.39,11.6,11.17,11.23,11.39
09/11/2017,11.52,11.65,11.15,11.24,11.4
09/08/2017,11.62,11.6,11.11,11.24,11.4
09/07/2017,11.83,11.64,11.1,11.26,11.4
09/06/2017,11.84,11.55,11.11,11.27,11.41
09/05/2017,11.8,11.41,11.13,11.28,11.41
09/01/2017,11.77,11.23,11.12,11.28,11.41
08/31/2017,11.59,11.08,11.1,11.27,11.4
08/30/2017,11.45,10.9,11.05,11.25,11.39
08/29/2017,11.26,10.81,11.04,11.25,11.41
08/28/2017,11.02,10.74,11.05,11.24,11.4
08/25/2017,10.7,10.65,11.03,11.21,11.42
08/24/2017,10.57,10.61,11.06,11.21,11.45
08/23/2017,10.36,10.56,11.07,11.19,11.47
08/22/2017,10.37,10.68,11.14,11.21,11.52
08/21/2017,10.46,10.85,11.21,11.23,11.56
08/18/2017,10.6,11.01,11.31,11.25,11.63
08/17/2017,10.65,11.12,11.36,11.27,11.68
08/16/2017,10.76,11.2,11.43,11.3,11.73
08/15/2017,10.99,11.27,11.47,11.32,11.74
08/14/2017,11.25,11.36,11.49,11.33,11.77
08/11/2017,11.42,11.41,11.49,11.34,11.77
08/10/2017,11.59,11.52,11.51,11.35,11.68
08/09/2017,11.65,11.57,11.51,11.38,11.59
08/08/2017,11.54,11.59,11.47,11.37,11.48
08/07/2017,11.46,11.57,11.41,11.4,11.36
08/04/2017,11.41,11.61,11.37,11.45,11.23
08/03/2017,11.45,11.6,11.35,11.47,11.11
08/02/2017,11.49,11.65,11.34,11.5,10.98
08/01/2017,11.65,11.67,11.35,11.53,10.86
07/31/2017,11.67,11.62,11.32,11.55,10.74
07/28/2017,11.81,11.57,11.31,11.57,10.61
07/27/2017,11.75,11.49,11.27,11.56,10.49
07/26/2017,11.81,11.45,11.28,11.55,10.36
07/25/2017,11.68,11.35,11.26,11.55,10.24
07/24/2017,11.58,11.26,11.31,11.55,10.11
07/21/2017,11.34,11.13,11.38,11.53,9.99
07/20/2017,11.24,11.1,11.41,11.54,9.87
07/19/2017,11.09,11.03,11.42,11.53,9.75
07/18/2017,11.01,11.02,11.47,11.57,9.63
07/17/2017,10.95,11.02,11.51,11.56,9.52
07/14/2017,10.92,11.04,11.57,11.63,9.42
07/13/2017,10.96,11.05,11.59,11.69,9.31
07/12/2017,10.97,11.12,11.6,11.74,9.2
07/11/2017,11.03,11.18,11.65,11.83,9.09
07/10/2017,11.09,11.36,11.69,11.9,8.98
07/07/2017,11.16,11.62,11.73,12.0,8.87
07/06/2017,11.14,11.71,11.77,12.1,8.76
07/05/2017,11.26,11.81,11.79,12.17,8.64
07/03/2017,11.32,11.91,11.84,12.16,8.53
06/30/2017,11.62,12.0,11.84,12.21,8.43
06/29/2017,12.07,12.1,11.92,12.2,8.32
06/28/2017,12.28,12.12,12.01,12.01,8.22
06/27/2017,12.36,12.09,12.06,11.8,8.11
06/26/2017,12.5,12.13,12.15,11.58,8.01
06/23/2017,12.38,12.02,12.17,11.33,7.89
06/22/2017,12.13,11.84,12.19,11.02,7.76
06/21/2017,11.97,11.82,12.29,10.74,7.65
06/20/2017,11.82,11.76,12.34,10.47,7.54
06/19/2017,11.75,11.77,12.28,10.19,7.43
06/16/2017,11.65,11.67,12.32,9.92,7.33
06/15/2017,11.56,11.75,12.25,9.66,7.22
06/14/2017,11.67,11.89,11.95,9.41,7.13
06/13/2017,11.7,12.02,11.65,9.17,7.05
06/12/2017,11.78,12.17,11.31,8.92,6.96
06/09/2017,11.68,12.32,10.98,8.68,6.87
06/08/2017,11.94,12.55,10.6,8.44,6.79
06/07/2017,12.11,12.76,10.21,8.2,6.69
06/06/2017,12.34,12.93,9.83,7.96,6.61
06/05/2017,12.57,12.8,9.41,7.7,6.51
06/02/2017,12.96,12.97,9.05,7.48,6.44
06/01/2017,13.15,12.75,8.61,7.21,6.33
05/31/2017,13.4,12.01,8.17,6.94,6.23
05/30/2017,13.51,11.27,7.75,6.66,6.12
05/26/2017,13.03,10.45,7.29,6.35,6.0
05/25/2017,12.98,9.65,6.86,6.06,5.89
05/24/2017,12.34,8.66,6.39,5.74,5.77
05/23/2017,10.61,7.66,5.92,5.42,5.64
05/22/2017,9.04,6.72,5.48,5.12,5.52
05/19/2017,7.86,6.01,5.15,4.91,5.45
05/18/2017,6.31,5.13,4.74,4.64,5.34
05/17/2017,4.99,4.47,4.44,4.44,5.27
05/16/2017,4.7,4.34,4.4,4.43,5.28
05/15/2017,4.41,4.22,4.35,4.42,5.3
05/12/2017,4.16,4.14,4.31,4.43,5.32
05/11/2017,3.95,4.07,4.27,4.45,5.35
05/10/2017,3.96,4.12,4.28,4.5,5.39
05/09/2017,3.99,4.18,4.3,4.56,5.43
05/08/2017,4.03,4.24,4.32,4.62,5.47
05/05/2017,4.12,4.29,4.35,4.67,5.51
05/04/2017,4.19,4.35,4.39,4.73,5.55
05/03/2017,4.27,4.41,4.43,4.78,5.58
05/02/2017,4.37,4.46,4.47,4.84,5.62
05/01/2017,4.44,4.48,4.52,4.92,5.66
04/28/2017,4.47,4.47,4.58,4.99,5.69
04/27/2017,4.51,4.47,4.64,5.06,5.71
04/26/2017,4.54,4.44,4.69,5.13,5.73
04/25/2017,4.54,4.41,4.75,5.19,5.75
04/24/2017,4.52,4.41,4.8,5.26,5.77
04/21/2017,4.48,4.41,4.86,5.32,5.79
04/20/2017,4.42,4.43,4.92,5.39,5.81
04/19/2017,4.33,4.44,4.97,5.45,5.82
04/18/2017,4.28,4.49,5.04,5.52,5.84
04/17/2017,4.29,4.56,5.14,5.58,5.86
04/13/2017,4.34,4.68,5.25,5.66,5.89
04/12/2017,4.44,4.81,5.36,5.73,5.92
04/11/2017,4.56,4.95,5.48,5.8,5.95
04/10/2017,4.7,5.08,5.58,5.86,5.98
04/07/2017,4.83,5.2,5.68,5.92,6.0
04/06/2017,5.01,5.31,5.78,5.99,6.03
04/05/2017,5.18,5.41,5.88,6.04,6.06
04/04/2017,5.35,5.5,5.96,6.09,6.09
04/03/2017,5.47,5.59,6.03,6.13,6.11
03/31/2017,5.58,5.72,6.09,6.18,6.13
03/30/2017,5.6,5.83,6.15,6.21,6.15
03/29/2017,5.63,5.92,6.19,6.25,6.16
03/28/2017,5.65,6.0,6.22,6.28,6.17
03/27/2017,5.71,6.08,6.25,6.31,6.17
03/24/2017,5.86,6.16,6.28,6.33,6.18
03/23/2017,6.05,6.25,6.32,6.35,6.19
03/22/2017,6.2,6.35,6.36,6.37,6.2
03/21/2017,6.34,6.41,6.38,6.38,6.2
03/20/2017,6.45,6.47,6.41,6.4,6.2
03/17/2017,6.46,6.47,6.41,6.4,6.2
03/16/2017,6.46,6.47,6.41,6.39,6.18
03/15/2017,6.49,6.47,6.41,6.37,6.18
03/14/2017,6.49,6.45,6.42,6.34,6.17
03/13/2017,6.5,6.42,6.42,6.31,6.17
03/10/2017,6.48,6.41,6.42,6.28,6.16
03/09/2017,6.47,6.4,6.4,6.25,6.15
03/08/2017,6.44,6.37,6.38,6.22,6.14
03/07/2017,6.41,6.35,6.37,6.19,6.14
03/06/2017,6.34,6.34,6.36,6.17,6.13
03/03/2017,6.34,6.35,6.36,6.15,6.13
03/02/2017,6.32,6.35,6.35,6.12,6.12
03/01/2017,6.29,6.36,6.32,6.11,6.11
02/28/2017,6.3,6.39,6.28,6.1,6.11
02/27/2017,6.35,6.42,6.26,6.1,6.12
02/24/2017,6.37,6.43,6.22,6.08,6.12
02/23/2017,6.38,6.41,6.18,6.08,6.12
02/22/2017,6.43,6.39,6.15,6.09,6.13
02/21/2017,6.47,6.38,6.11,6.09,6.13
02/17/2017,6.5,6.37,6.08,6.09,6.13
02/16/2017,6.48,6.37,6.04,6.08,6.14
02/15/2017,6.43,6.35,6.01,6.08,6.14
02/14/2017,6.35,6.27,5.98,6.07,6.14
02/13/2017,6.28,6.18,5.95,6.06,6.14
02/10/2017,6.24,6.09,5.93,6.04,6.14
02/09/2017,6.26,6.01,5.91,6.03,6.14
02/08/2017,6.27,5.95,5.92,6.03,6.15
02/07/2017,6.2,5.9,5.94,6.03,6.15
02/06/2017,6.08,5.85,5.95,6.02,6.16
02/03/2017,5.93,5.79,5.95,6.01,6.15
02/02/2017,5.75,5.71,5.94,6.0,6.14
02/01/2017,5.63,5.67,5.95,5.98,6.13
01/31/2017,5.61,5.69,5.97,5.99,6.13
01/30/2017,5.61,5.72,5.99,6.0,6.14
01/27/2017,5.65,5.78,6.02,6.02,6.15
01/26/2017,5.67,5.82,6.04,6.04,6.15
01/25/2017,5.71,5.88,6.06,6.05,6.16
01/24/2017,5.77,5.97,6.09,6.06,6.17
01/23/2017,5.83,6.04,6.11,6.08,6.18
01/20/2017,5.91,6.11,6.12,6.1,6.19
01/19/2017,5.97,6.17,6.14,6.11,6.2
01/18/2017,6.05,6.22,6.14,6.12,6.21
01/17/2017,6.17,6.26,6.14,6.12,6.22
01/13/2017,6.26,6.27,6.14,6.13,6.23
01/12/2017,6.32,6.26,6.14,6.13,6.23
01/11/2017,6.37,6.27,6.14,6.15,6.23
01/10/2017,6.39,6.24,6.14,6.16,6.23
01/09/2017,6.34,6.2,6.11,6.17,6.22
01/06/2017,6.27,6.17,6.1,6.17,6.22
01/05/2017,6.2,6.13,6.09,6.18,6.21
01/04/2017,6.17,6.11,6.08,6.19,6.21
01/03/2017,6.1,6.05,6.07,6.2,6.21
12/30/2016,6.06,6.03,6.05,6.21,6.22
12/29/2016,6.06,6.02,6.06,6.22,6.23
12/28/2016,6.05,6.02,6.07,6.24,6.24
12/27/2016,6.05,6.02,6.1,6.25,6.25
12/23/2016,6.01,6.03,6.12,6.27,6.27
12/22/2016,5.99,6.01,6.15,6.28,6.28
12/21/2016,5.99,6.02,6.16,6.29,6.3
12/20/2016,6.0,6.04,6.2,6.29,6.31
12/19/2016,5.99,6.05,6.23,6.28,6.33
12/16/2016,6.05,6.08,6.28,6.29,6.36
12/15/2016,6.04,6.08,6.31,6.28,6.38
12/14/2016,6.06,6.09,6.32,6.28,6.4
12/13/2016,6.09,6.12,6.35,6.27,6.42
12/12/2016,6.11,6.18,6.37,6.27,6.44
12/09/2016,6.11,6.21,6.4,6.27,6.46
12/08/2016,6.13,6.28,6.42,6.28,6.48
12/07/2016,6.12,6.31,6.43,6.28,6.49
12/06/2016,6.15,6.36,6.41,6.29,6.5
12/05/2016,6.24,6.41,6.4,6.29,6.51
12/02/2016,6.32,6.48,6.39,6.31,6.53
12/01/2016,6.43,6.53,6.38,6.33,6.55
11/30/2016,6.49,6.56,6.37,6.34,6.56
11/29/2016,6.57,6.57,6.35,6.33,6.58
11/28/2016,6.58,6.56,6.32,6.31,6.59
11/25/2016,6.64,6.58,6.3,6.3,6.61
11/23/2016,6.63,6.56,6.28,6.28,6.62
11/22/2016,6.62,6.55,6.27,6.27,6.64
11/21/2016,6.58,6.46,6.25,6.25,6.66
11/18/2016,6.53,6.4,6.24,6.24,6.68
11/17/2016,6.52,6.3,6.22,6.23,6.7
11/16/2016,6.49,6.23,6.23,6.22,6.73
11/15/2016,6.47,6.18,6.23,6.23,6.75
11/14/2016,6.34,6.13,6.21,6.23,6.78
11/11/2016,6.26,6.09,6.19,6.25,6.8
11/10/2016,6.08,6.03,6.16,6.26,6.82
11/09/2016,5.96,6.0,6.15,6.27,6.85
11/08/2016,5.89,5.99,6.14,6.3,6.88
11/07/2016,5.92,6.05,6.15,6.34,6.91
11/04/2016,5.92,6.08,6.16,6.38,6.95
11/03/2016,5.98,6.15,6.19,6.43,6.98
11/02/2016,6.03,6.23,6.22,6.47,7.01
11/01/2016,6.09,6.27,6.26,6.52,7.05
10/31/2016,6.18,6.29,6.28,6.57,7.08
10/28/2016,6.24,6.29,6.32,6.61,7.12
10/27/2016,6.31,6.29,6.38,6.64,7.16
10/26/2016,6.43,6.29,6.41,6.67,7.2
10/25/2016,6.45,6.28,6.45,6.7,7.24
10/24/2016,6.4,6.24,6.49,6.71,7.27
10/21/2016,6.35,6.24,6.53,6.73,7.31
10/20/2016,6.26,6.23,6.57,6.74,7.34
10/19/2016,6.16,6.22,6.6,6.77,7.37
10/18/2016,6.12,6.24,6.65,6.79,7.41
10/17/2016,6.09,6.28,6.71,6.83,7.45
10/14/2016,6.13,6.35,6.77,6.87,7.48
10/13/2016,6.2,6.47,6.82,6.92,7.52
10/12/2016,6.28,6.53,6.86,6.96,7.55
10/11/2016,6.36,6.63,6.9,7.01,7.58
10/10/2016,6.47,6.73,6.94,7.07,7.61
10/07/2016,6.57,6.81,6.98,7.12,7.64
10/06/2016,6.74,6.9,7.0,7.17,7.65
10/05/2016,6.78,6.98,7.04,7.23,7.66
10/04/2016,6.89,7.06,7.07,7.28,7.68
10/03/2016,6.99,7.14,7.1,7.32,7.69
09/30/2016,7.06,7.19,7.13,7.36,7.7
09/29/2016,7.07,7.17,7.14,7.38,7.69
09/28/2016,7.18,7.2,7.17,7.43,7.69
09/27/2016,7.23,7.18,7.2,7.45,7.69
09/26/2016,7.29,7.15,7.23,7.48,7.69
09/23/2016,7.32,7.14,7.27,7.51,7.69
09/22/2016,7.28,7.1,7.31,7.54,7.69
09/21/2016,7.22,7.1,7.35,7.55,7.69
09/20/2016,7.13,7.08,7.38,7.57,7.67
09/19/2016,7.0,7.06,7.41,7.58,7.66
09/16/2016,6.96,7.07,7.44,7.62,7.66
09/15/2016,6.92,7.11,7.49,7.67,7.65
09/14/2016,6.98,7.15,7.54,7.72,7.64
09/13/2016,7.02,7.23,7.59,7.77,7.63
09/12/2016,7.12,7.32,7.65,7.84,7.62
09/09/2016,7.17,7.41,7.7,7.89,7.62
09/08/2016,7.29,7.52,7.76,7.94,7.63
09/07/2016,7.32,7.6,7.78,7.98,7.63
09/06/2016,7.43,7.69,7.82,8.03,7.64
09/02/2016,7.51,7.75,7.84,8.07,7.66
09/01/2016,7.64,7.82,7.9,8.1,7.68
08/31/2016,7.75,7.87,7.95,8.12,7.7
08/30/2016,7.89,7.93,8.01,8.14,7.71
08/29/2016,7.95,7.96,8.05,8.15,7.72
08/26/2016,7.99,7.98,8.1,8.15,7.74
08/25/2016,7.99,7.99,8.12,8.15,7.75
08/24/2016,8.0,7.99,8.15,8.13,7.76
08/23/2016,7.98,7.96,8.17,8.1,7.76
08/22/2016,7.96,7.94,8.2,8.08,7.77
08/19/2016,7.97,7.93,8.23,8.06,7.77
08/18/2016,8.0,7.99,8.24,8.04,7.78
08/17/2016,7.98,8.03,8.24,8.0,7.78
08/16/2016,7.95,8.09,8.25,7.96,7.78
08/15/2016,7.92,8.14,8.25,7.92,7.77
08/12/2016,7.89,8.22,8.24,7.9,7.76
08/11/2016,7.97,8.26,8.23,7.88,7.73
08/10/2016,8.08,8.31,8.2,7.85,7.7
08/09/2016,8.23,8.38,8.17,7.82,7.68
08/08/2016,8.36,8.45,8.15,7.78,7.65
08/05/2016,8.55,8.53,8.13,7.75,7.63
08/04/2016,8.54,8.5,8.07,7.7,7.59
08/03/2016,8.54,8.46,7.98,7.63,7.55
08/02/2016,8.53,8.41,7.89,7.55,7.51
08/01/2016,8.54,8.35,7.81,7.48,7.48
07/29/2016,8.5,8.26,7.74,7.39,7.43
07/28/2016,8.45,8.21,7.69,7.36,7.4
07/27/2016,8.37,8.09,7.62,7.32,7.36
07/26/2016,8.29,7.95,7.54,7.28,7.33
07/25/2016,8.16,7.85,7.44,7.26,7.29
07/22/2016,8.02,7.73,7.36,7.25,7.25
07/21/2016,7.97,7.64,7.3,7.26,7.22
07/20/2016,7.8,7.51,7.21,7.27,7.19
07/19/2016,7.61,7.37,7.12,7.28,7.15
07/18/2016,7.54,7.26,7.05,7.29,7.13
07/15/2016,7.45,7.23,6.96,7.33,7.1
07/14/2016,7.3,7.17,6.94,7.35,7.07
07/13/2016,7.22,7.16,6.94,7.39,7.05
07/12/2016,7.12,7.13,6.94,7.42,7.04
07/11/2016,6.98,7.03,6.96,7.45,7.02
07/08/2016,7.0,6.98,7.01,7.48,7.0
07/07/2016,7.03,6.97,7.08,7.52,6.98
07/06/2016,7.09,6.91,7.15,7.57,6.97
07/05/2016,7.13,6.87,7.24,7.61,6.96
07/01/2016,7.08,6.84,7.3,7.63,6.95
06/30/2016,6.95,6.7,7.38,7.61,6.93
06/29/2016,6.91,6.71,7.45,7.58,6.92
06/28/2016,6.73,6.73,7.5,7.56,6.9
06/27/2016,6.62,6.76,7.57,7.54,6.89
06/24/2016,6.6,6.89,7.67,7.53,6.88
06/23/2016,6.45,7.05,7.73,7.51,6.87
06/22/2016,6.51,7.18,7.79,7.48,6.85
06/21/2016,6.73,7.4,7.9,7.48,6.85
06/20/2016,6.9,7.61,7.97,7.48,6.84
06/17/2016,7.18,7.77,8.02,7.47,6.83
06/16/2016,7.65,8.05,8.06,7.47,6.83
06/15/2016,7.85,8.18,8.02,7.43,6.81
06/14/2016,8.06,8.28,7.97,7.39,6.79
06/13/2016,8.32,8.38,7.93,7.37,6.77
06/10/2016,8.35,8.44,7.85,7.32,6.74
06/09/2016,8.45,8.42,7.74,7.24,6.7
06/08/2016,8.51,8.41,7.63,7.18,6.65
06/07/2016,8.49,8.4,7.52,7.1,6.61
06/06/2016,8.45,8.34,7.41,7.03,6.56
06/03/2016,8.54,8.27,7.33,6.96,6.52
06/02/2016,8.39,8.08,7.19,6.87,6.47
06/01/2016,8.3,7.86,7.05,6.79,6.43
05/31/2016,8.31,7.67,6.95,6.72,6.39
05/27/2016,8.23,7.48,6.86,6.65,6.34
05/26/2016,8.01,7.26,6.75,6.58,6.27
05/25/2016,7.77,7.05,6.65,6.51,6.21
05/24/2016,7.42,6.85,6.56,6.44,6.15
05/23/2016,7.02,6.65,6.46,6.37,6.08
05/20/2016,6.72,6.48,6.37,6.32,6.03
05/19/2016,6.51,6.38,6.31,6.27,5.99
05/18/2016,6.34,6.29,6.26,6.25,5.95
05/17/2016,6.28,6.25,6.25,6.25,5.93
05/16/2016,6.27,6.24,6.24,6.24,5.9
05/13/2016,6.23,6.25,6.24,6.24,5.89
05/12/2016,6.25,6.25,6.24,6.24,5.87
05/11/2016,6.25,6.26,6.24,6.23,5.85
05/10/2016,6.21,6.27,6.24,6.22,5.83
05/09/2016,6.2,6.27,6.23,6.21,5.79
05/06/2016,6.27,6.26,6.24,6.2,5.75
05/05/2016,6.25,6.23,6.22,6.19,5.71
05/04/2016,6.27,6.24,6.24,6.19,5.68
05/03/2016,6.33,6.26,6.25,6.19,5.64
05/02/2016,6.33,6.25,6.24,6.19,5.61
04/29/2016,6.25,6.23,6.23,6.18,5.58
04/28/2016,6.22,6.23,6.23,6.17,5.54
04/27/2016,6.2,6.23,6.22,6.15,5.52
04/26/2016,6.18,6.21,6.19,6.13,5.49
04/25/2016,6.18,6.19,6.19,6.11,5.46
04/22/2016,6.21,6.21,6.17,6.1,5.45
04/21/2016,6.24,6.21,6.17,6.08,5.43
04/20/2016,6.25,6.24,6.16,6.07,5.4
04/19/2016,6.23,6.24,6.16,6.07,5.39
04/18/2016,6.21,6.23,6.16,6.07,5.37
04/15/2016,6.21,6.23,6.15,6.03,5.35
04/14/2016,6.17,6.24,6.13,5.97,5.32
04/13/2016,6.22,6.21,6.12,5.91,5.3
04/12/2016,6.26,6.18,6.09,5.85,5.26
04/11/2016,6.26,6.18,6.07,5.8,5.24
04/08/2016,6.26,6.14,6.04,5.75,5.21
04/07/2016,6.3,6.14,6.02,5.7,5.19
04/06/2016,6.19,6.09,5.99,5.65,5.17
04/05/2016,6.1,6.08,5.99,5.61,5.15
04/04/2016,6.1,6.09,5.98,5.57,5.14
04/01/2016,6.02,6.07,5.93,5.53,5.12
03/31/2016,5.97,6.03,5.83,5.5,5.11
03/30/2016,5.98,6.03,5.75,5.48,5.11
03/29/2016,6.06,6.01,5.69,5.44,5.11
03/28/2016,6.07,5.97,5.61,5.37,5.11
03/24/2016,6.11,5.95,5.55,5.3,5.11
03/23/2016,6.1,5.91,5.49,5.23,5.11
03/22/2016,6.08,5.9,5.44,5.17,5.12
03/21/2016,5.95,5.89,5.37,5.1,5.12
03/18/2016,5.86,5.88,5.31,5.03,5.12
03/17/2016,5.78,5.8,5.27,4.98,5.13
03/16/2016,5.71,5.63,5.24,4.92,5.13
03/15/2016,5.72,5.48,5.2,4.88,5.14
03/14/2016,5.83,5.37,5.16,4.85,5.15
03/11/2016,5.91,5.25,5.07,4.81,5.17
03/10/2016,5.81,5.16,4.98,4.79,5.18
03/09/2016,5.55,5.07,4.9,4.77,5.2
03/08/2016,5.24,4.97,4.8,4.73,5.21
03/07/2016,4.91,4.85,4.7,4.7,5.22
03/04/2016,4.6,4.74,4.61,4.67,5.24
03/03/2016,4.51,4.74,4.57,4.66,5.26
03/02/2016,4.58,4.84,4.57,4.68,5.31
03/01/2016,4.7,4.92,4.58,4.69,5.35
02/29/2016,4.79,4.96,4.59,4.68,5.39
02/26/2016,4.88,4.89,4.59,4.69,5.43
02/25/2016,4.97,4.8,4.61,4.68,5.46
02/24/2016,5.1,4.72,4.62,4.69,5.5
02/23/2016,5.13,4.63,4.61,4.69,5.53
02/22/2016,5.12,4.55,4.63,4.7,5.56
02/19/2016,4.91,4.48,4.63,4.7,5.59
02/18/2016,4.63,4.4,4.63,4.71,5.62
02/17/2016,4.35,4.3,4.6,4.73,5.64
02/16/2016,4.13,4.24,4.57,4.75,5.67
02/12/2016,3.97,4.22,4.54,4.78,5.7
02/11/2016,4.05,4.3,4.58,4.85,5.75
02/10/2016,4.17,4.42,4.62,4.92,5.8
02/09/2016,4.24,4.52,4.67,4.99,5.85
02/08/2016,4.35,4.6,4.71,5.06,5.9
02/05/2016,4.46,4.7,4.77,5.14,5.94
02/04/2016,4.55,4.78,4.82,5.21,5.98
02/03/2016,4.67,4.85,4.87,5.28,6.02
02/02/2016,4.8,4.9,4.94,5.34,6.07
02/01/2016,4.85,4.9,5.01,5.4,6.1
01/29/2016,4.95,4.86,5.06,5.46,6.14
01/28/2016,5.02,4.87,5.12,5.52,6.17
01/27/2016,5.04,4.82,5.17,5.57,6.2
01/26/2016,5.0,4.81,5.22,5.62,6.22
01/25/2016,4.96,4.83,5.3,5.69,6.26
01/22/2016,4.78,4.84,5.36,5.74,6.28
01/21/2016,4.72,4.85,5.43,5.81,6.31
01/20/2016,4.6,4.89,5.49,5.87,6.34
01/19/2016,4.63,4.99,5.56,5.93,6.37
01/15/2016,4.71,5.11,5.65,6.01,6.4
01/14/2016,4.89,5.26,5.76,6.1,6.45
01/13/2016,4.98,5.37,5.85,6.16,6.48
01/12/2016,5.17,5.52,5.95,6.25,6.52
01/11/2016,5.34,5.63,6.03,6.31,6.55
01/08/2016,5.51,5.76,6.12,6.37,6.58
01/07/2016,5.62,5.88,6.2,6.42,6.6
01/06/2016,5.76,6.01,6.28,6.47,6.63
01/05/2016,5.86,6.09,6.35,6.52,6.65
01/04/2016,5.92,6.13,6.41,6.56,6.67
12/31/2015,6.01,6.19,6.46,6.59,6.68
12/30/2015,6.15,6.26,6.52,6.63,6.69
12/29/2015,6.25,6.32,6.56,6.66,6.7
12/28/2015,6.32,6.38,6.61,6.69,6.69
12/24/2015,6.35,6.43,6.65,6.71,6.67
12/23/2015,6.37,6.48,6.67,6.73,6.66
12/22/2015,6.37,6.51,6.69,6.74,6.66
12/21/2015,6.4,6.56,6.71,6.75,6.66
12/18/2015,6.44,6.62,6.74,6.77,6.66
12/17/2015,6.5,6.68,6.78,6.79,6.67
12/16/2015,6.6,6.73,6.79,6.8,6.67
12/15/2015,6.66,6.77,6.81,6.82,6.68
12/14/2015,6.72,6.8,6.83,6.82,6.69
12/11/2015,6.8,6.84,6.84,6.82,6.69
12/10/2015,6.85,6.87,6.86,6.83,6.7
12/09/2015,6.85,6.86,6.86,6.83,6.7
12/08/2015,6.88,6.87,6.86,6.82,6.71
12/07/2015,6.88,6.86,6.85,6.82,6.71
12/04/2015,6.89,6.86,6.85,6.81,6.71
12/03/2015,6.88,6.87,6.85,6.81,6.72
12/02/2015,6.87,6.85,6.84,6.8,6.72
12/01/2015,6.85,6.85,6.84,6.8,6.72
11/30/2015,6.84,6.86,6.83,6.79,6.72
11/27/2015,6.84,6.84,6.81,6.78,6.72
11/25/2015,6.86,6.84,6.81,6.79,6.73
11/24/2015,6.82,6.85,6.81,6.79,6.73
11/23/2015,6.85,6.85,6.8,6.79,6.73
11/20/2015,6.87,6.85,6.8,6.79,6.74
11/19/2015,6.84,6.84,6.79,6.78,6.74
11/18/2015,6.83,6.83,6.78,6.77,6.74
11/17/2015,6.88,6.84,6.78,6.77,6.74
11/16/2015,6.84,6.83,6.77,6.76,6.74
11/13/2015,6.82,6.81,6.75,6.74,6.75
11/12/2015,6.84,6.79,6.76,6.7,6.75
11/11/2015,6.83,6.77,6.77,6.64,6.76
11/10/2015,6.8,6.77,6.75,6.59,6.77
11/09/2015,6.81,6.76,6.76,6.57,6.78
11/06/2015,6.8,6.76,6.77,6.56,6.79
11/05/2015,6.73,6.74,6.76,6.55,6.8
11/04/2015,6.71,6.73,6.74,6.55,6.82
11/03/2015,6.73,6.71,6.74,6.55,6.83
11/02/2015,6.7,6.71,6.72,6.55,6.84
10/30/2015,6.72,6.7,6.7,6.56,6.86
10/29/2015,6.74,6.73,6.66,6.57,6.88
10/28/2015,6.74,6.77,6.57,6.58,6.89
10/27/2015,6.7,6.74,6.51,6.58,6.9
10/26/2015,6.71,6.75,6.47,6.59,6.91
10/23/2015,6.68,6.77,6.46,6.6,6.93
10/22/2015,6.72,6.78,6.46,6.62,6.95
10/21/2015,6.8,6.76,6.46,6.63,6.97
10/20/2015,6.79,6.77,6.46,6.64,6.98
10/19/2015,6.79,6.74,6.47,6.65,6.99
10/16/2015,6.87,6.71,6.48,6.66,7.01
10/15/2015,6.83,6.58,6.49,6.66,7.02
10/14/2015,6.73,6.37,6.48,6.66,7.02
10/13/2015,6.75,6.28,6.5,6.67,7.04
10/12/2015,6.69,6.2,6.51,6.68,7.05
10/09/2015,6.55,6.14,6.52,6.68,7.06
10/08/2015,6.34,6.14,6.54,6.7,7.08
10/07/2015,6.01,6.15,6.56,6.7,7.09
10/06/2015,5.8,6.16,6.58,6.71,7.11
10/05/2015,5.71,6.19,6.6,6.72,7.12
10/02/2015,5.73,6.26,6.64,6.76,7.15
10/01/2015,5.93,6.39,6.7,6.81,7.17
09/30/2015,6.28,6.59,6.8,6.89,7.21
09/29/2015,6.51,6.73,6.87,6.95,7.24
09/28/2015,6.68,6.83,6.92,6.99,7.26
09/25/2015,6.78,6.9,6.95,7.03,7.28
09/24/2015,6.84,6.94,6.98,7.06,7.29
09/23/2015,6.9,6.97,6.98,7.09,7.31
09/22/2015,6.95,7.0,6.99,7.12,7.33
09/21/2015,6.98,7.01,6.99,7.14,7.35
09/18/2015,7.01,7.02,7.01,7.17,7.36
09/17/2015,7.04,7.02,7.02,7.18,7.38
09/16/2015,7.04,7.02,7.03,7.2,7.41
09/15/2015,7.04,7.02,7.05,7.22,7.43
09/14/2015,7.04,7.02,7.07,7.24,7.44
09/11/2015,7.02,7.01,7.1,7.26,7.45
09/10/2015,7.0,7.01,7.12,7.28,7.46
09/09/2015,6.99,6.98,7.15,7.3,7.47
09/08/2015,6.99,6.99,7.18,7.32,7.48
09/04/2015,6.99,6.97,7.21,7.33,7.5
09/03/2015,7.0,7.0,7.24,7.35,7.51
09/02/2015,7.02,7.02,7.27,7.37,7.52
09/01/2015,6.98,7.05,7.3,7.38,7.53
08/31/2015,6.98,7.09,7.33,7.4,7.54
08/28/2015,6.95,7.13,7.35,7.42,7.56
08/27/2015,6.99,7.18,7.38,7.44,7.57
08/26/2015,7.02,7.23,7.42,7.46,7.59
08/25/2015,7.12,7.32,7.47,7.48,7.61
08/24/2015,7.2,7.38,7.49,7.5,7.62
08/21/2015,7.31,7.44,7.52,7.53,7.64
08/20/2015,7.37,7.49,7.53,7.54,7.65
08/19/2015,7.44,7.51,7.54,7.54,7.67
08/18/2015,7.51,7.55,7.55,7.54,7.69
08/17/2015,7.55,7.56,7.56,7.53,7.71
08/14/2015,7.57,7.56,7.56,7.53,7.73
08/13/2015,7.61,7.58,7.56,7.52,7.75
08/12/2015,7.58,7.6,7.57,7.52,7.77
08/11/2015,7.59,7.61,7.56,7.53,7.79
08/10/2015,7.58,7.6,7.56,7.54,7.8
08/07/2015,7.56,7.59,7.57,7.55,7.82
08/06/2015,7.54,7.57,7.56,7.55,7.83
08/05/2015,7.62,7.57,7.55,7.58,7.84
08/04/2015,7.64,7.56,7.53,7.62,7.86
08/03/2015,7.63,7.55,7.52,7.63,7.87
07/31/2015,7.62,7.55,7.51,7.64,7.88
07/30/2015,7.59,7.55,7.5,7.64,7.89
07/29/2015,7.52,7.54,7.48,7.64,7.9
07/28/2015,7.47,7.51,7.49,7.63,7.92
07/27/2015,7.48,7.52,7.51,7.64,7.93
07/24/2015,7.49,7.55,7.54,7.66,7.95
07/23/2015,7.52,7.56,7.55,7.67,7.96
07/22/2015,7.55,7.54,7.58,7.68,7.97
07/21/2015,7.55,7.51,7.65,7.68,7.99
07/20/2015,7.56,7.48,7.67,7.68,8.01
07/17/2015,7.6,7.47,7.68,7.7,8.04
07/16/2015,7.59,7.44,7.69,7.71,8.06
07/15/2015,7.53,7.43,7.69,7.73,8.08
07/14/2015,7.47,7.47,7.69,7.73,8.1
07/13/2015,7.39,7.49,7.71,7.74,8.11
07/10/2015,7.33,7.53,7.71,7.75,8.13
07/09/2015,7.29,7.54,7.72,7.77,8.15
07/08/2015,7.33,7.63,7.74,7.8,8.17
07/07/2015,7.47,7.79,7.76,7.84,8.2
07/06/2015,7.59,7.85,7.79,7.89,8.22
07/02/2015,7.72,7.9,7.82,7.94,8.24
07/01/2015,7.78,7.93,7.84,7.98,8.26
06/30/2015,7.93,7.95,7.87,8.02,8.27
06/29/2015,8.1,7.91,7.87,8.04,8.28
06/26/2015,8.12,7.92,7.87,8.06,8.29
06/25/2015,8.07,7.9,7.87,8.08,8.29
06/24/2015,8.08,7.9,7.88,8.1,8.3
06/23/2015,7.96,7.86,7.88,8.11,8.3
06/22/2015,7.72,7.74,7.87,8.09,8.29
06/19/2015,7.73,7.72,7.91,8.11,8.3
06/18/2015,7.73,7.74,7.96,8.13,8.3
06/17/2015,7.73,7.75,8.01,8.15,8.31
06/16/2015,7.76,7.8,8.06,8.17,8.32
06/15/2015,7.76,7.82,8.11,8.2,8.34
06/12/2015,7.72,7.82,8.14,8.22,8.35
06/11/2015,7.74,7.84,8.17,8.23,8.36
06/10/2015,7.77,7.86,8.2,8.25,8.37
06/09/2015,7.85,7.9,8.23,8.27,8.38
06/08/2015,7.88,8.0,8.27,8.3,8.39
06/05/2015,7.91,8.1,8.31,8.34,8.4
06/04/2015,7.93,8.18,8.32,8.38,8.41
06/03/2015,7.95,8.27,8.34,8.41,8.41
06/02/2015,7.96,8.31,8.36,8.43,8.41
06/01/2015,8.11,8.39,8.39,8.46,8.43
05/29/2015,8.28,8.46,8.42,8.49,8.43
05/28/2015,8.44,8.51,8.43,8.51,8.44
05/27/2015,8.59,8.53,8.45,8.53,8.44
05/26/2015,8.66,8.56,8.46,8.55,8.45
05/22/2015,8.67,8.54,8.46,8.55,8.45
05/21/2015,8.63,8.52,8.46,8.56,8.44
05/20/2015,8.58,8.47,8.47,8.55,8.43
05/19/2015,8.47,8.42,8.48,8.54,8.42
05/18/2015,8.47,8.41,8.49,8.53,8.41
05/15/2015,8.41,8.39,8.49,8.52,8.4
05/14/2015,8.41,8.38,8.5,8.51,8.4
05/13/2015,8.35,8.35,8.51,8.5,8.39
05/12/2015,8.36,8.37,8.53,8.5,8.39
05/11/2015,8.35,8.35,8.54,8.5,8.38
05/08/2015,8.37,8.37,8.56,8.49,8.37
05/07/2015,8.35,8.41,8.58,8.48,8.35
05/06/2015,8.36,8.48,8.59,8.47,8.34
05/05/2015,8.37,8.54,8.6,8.47,8.32
05/04/2015,8.36,8.58,8.59,8.47,8.31
05/01/2015,8.37,8.6,8.58,8.48,8.29
04/30/2015,8.47,8.63,8.58,8.48,8.27
04/29/2015,8.6,8.67,8.57,8.49,8.25
04/28/2015,8.71,8.7,8.57,8.49,8.24
04/27/2015,8.8,8.73,8.57,8.49,8.22
04/24/2015,8.83,8.74,8.56,8.48,8.2
04/23/2015,8.78,8.74,8.52,8.46,8.17
04/22/2015,8.73,8.69,8.47,8.44,8.14
04/21/2015,8.7,8.66,8.44,8.42,8.11
04/20/2015,8.65,8.6,8.42,8.4,8.08
04/17/2015,8.66,8.56,8.41,8.39,8.05
04/16/2015,8.7,8.53,8.41,8.38,8.02
04/15/2015,8.65,8.47,8.4,8.36,8.0
04/14/2015,8.62,8.44,8.39,8.36,7.97
04/13/2015,8.54,8.41,8.37,8.35,7.94
04/10/2015,8.46,8.37,8.34,8.34,7.91
04/09/2015,8.36,8.29,8.31,8.32,7.88
04/08/2015,8.29,8.24,8.31,8.31,7.86
04/07/2015,8.26,8.21,8.3,8.3,7.84
04/06/2015,8.28,8.23,8.3,8.29,7.82
04/02/2015,8.29,8.27,8.3,8.29,7.8
04/01/2015,8.22,8.29,8.3,8.28,7.78
03/31/2015,8.2,8.32,8.31,8.29,7.77
03/30/2015,8.17,8.34,8.31,8.28,7.75
03/27/2015,8.19,8.32,8.32,8.26,7.73
03/26/2015,8.25,8.31,8.32,8.24,7.72
03/25/2015,8.36,8.34,8.33,8.23,7.71
03/24/2015,8.44,8.37,8.34,8.21,7.7
03/23/2015,8.5,8.39,8.34,8.18,7.7
03/20/2015,8.45,8.36,8.32,8.14,7.69
03/19/2015,8.38,8.34,8.3,8.1,7.68
03/18/2015,8.31,8.31,8.28,8.05,7.69
03/17/2015,8.29,8.3,8.27,8.02,7.7
03/16/2015,8.27,8.29,8.25,7.98,7.71
03/13/2015,8.27,8.32,8.23,7.96,7.71
03/12/2015,8.31,8.33,8.2,7.92,7.73
03/11/2015,8.3,8.33,8.17,7.89,7.74
03/10/2015,8.3,8.32,8.13,7.85,7.74
03/09/2015,8.31,8.29,8.07,7.8,7.75
03/06/2015,8.37,8.28,8.03,7.75,7.76
03/05/2015,8.35,8.25,7.97,7.71,7.77
03/04/2015,8.36,8.24,7.93,7.67,7.78
03/03/2015,8.33,8.24,7.88,7.63,7.79
03/02/2015,8.26,8.22,7.83,7.58,7.8
02/27/2015,8.19,8.15,7.77,7.53,7.8
02/26/2015,8.15,8.08,7.72,7.49,7.8
02/25/2015,8.12,8.02,7.67,7.45,7.83
02/24/2015,8.16,7.94,7.61,7.41,7.85
02/23/2015,8.18,7.86,7.55,7.38,7.87
02/20/2015,8.1,7.78,7.49,7.35,7.88
02/19/2015,8.01,7.7,7.43,7.32,7.9
02/18/2015,7.91,7.61,7.38,7.29,7.91
02/17/2015,7.72,7.52,7.32,7.25,7.9
02/13/2015,7.54,7.44,7.26,7.23,7.9
02/12/2015,7.46,7.4,7.22,7.21,7.89
02/11/2015,7.38,7.36,7.19,7.2,7.9
02/10/2015,7.32,7.32,7.16,7.19,7.9
02/09/2015,7.32,7.29,7.15,7.2,7.91
02/06/2015,7.34,7.24,7.14,7.21,7.92
02/05/2015,7.35,7.2,7.13,7.24,7.93
02/04/2015,7.34,7.17,7.13,7.27,7.94
02/03/2015,7.32,7.16,7.13,7.32,7.95
02/02/2015,7.26,7.12,7.12,7.37,7.95
01/30/2015,7.14,7.08,7.12,7.43,7.95
01/29/2015,7.05,7.04,7.11,7.47,7.95
01/28/2015,7.0,7.02,7.11,7.53,7.95
01/27/2015,6.99,7.01,7.13,7.59,7.95
01/26/2015,6.98,7.01,7.15,7.64,7.94
01/23/2015,7.02,7.04,7.2,7.7,7.94
01/22/2015,7.02,7.07,7.26,7.76,7.94
01/21/2015,7.03,7.09,7.32,7.82,7.94
01/20/2015,7.02,7.1,7.4,7.88,7.94
01/16/2015,7.04,7.12,7.5,7.94,7.94
01/15/2015,7.06,7.15,7.6,8.01,7.94
01/14/2015,7.11,7.18,7.69,8.08,7.94
01/13/2015,7.15,7.21,7.78,8.12,7.94
01/12/2015,7.18,7.25,7.88,8.21,7.94
01/09/2015,7.19,7.29,7.95,8.29,7.93
01/08/2015,7.24,7.35,8.03,8.35,7.91
01/07/2015,7.25,7.46,8.11,8.42,7.9
01/06/2015,7.27,7.56,8.19,8.48,7.89
01/05/2015,7.32,7.7,8.28,8.54,7.88
01/02/2015,7.39,7.89,8.36,8.56,7.88
12/31/2014,7.46,8.05,8.44,8.58,7.87
12/30/2014,7.67,8.19,8.53,8.58,7.86
12/29/2014,7.84,8.36,8.58,8.6,7.86
12/26/2014,8.09,8.52,8.69,8.61,7.86
12/24/2014,8.38,8.61,8.79,8.62,7.86
12/23/2014,8.64,8.71,8.85,8.62,7.84
12/22/2014,8.72,8.77,8.9,8.61,7.82
12/19/2014,8.88,8.83,8.95,8.6,7.81
12/18/2014,8.95,8.85,8.96,8.58,7.8
12/17/2014,8.84,8.83,8.9,8.53,7.79
12/16/2014,8.78,8.83,8.84,8.48,7.78
12/15/2014,8.81,8.86,8.78,8.44,7.77
12/12/2014,8.78,8.8,8.72,8.37,7.74
12/11/2014,8.76,8.87,8.65,8.31,7.71
12/10/2014,8.83,8.96,8.62,8.25,7.7
12/09/2014,8.88,9.0,8.58,8.19,7.68
12/08/2014,8.91,9.03,8.54,8.12,7.66
12/05/2014,8.82,9.07,8.49,8.06,7.64
12/04/2014,8.98,9.07,8.44,8.0,7.62
12/03/2014,9.09,8.96,8.38,7.93,7.6
12/02/2014,9.11,8.85,8.3,7.86,7.58
12/01/2014,9.14,8.69,8.22,7.8,7.57
11/28/2014,9.31,8.64,8.16,7.75,7.56
11/26/2014,9.15,8.43,8.03,7.67,7.53
11/25/2014,8.82,8.29,7.9,7.57,7.51
11/24/2014,8.58,8.16,7.78,7.48,7.49
11/21/2014,8.24,8.05,7.67,7.38,7.48
11/20/2014,7.97,7.92,7.56,7.29,7.46
11/19/2014,7.72,7.82,7.46,7.22,7.44
11/18/2014,7.75,7.81,7.42,7.19,7.44
11/17/2014,7.74,7.76,7.37,7.16,7.44
11/14/2014,7.86,7.75,7.36,7.14,7.45
11/13/2014,7.87,7.68,7.31,7.12,7.45
11/12/2014,7.92,7.62,7.29,7.11,7.46
11/11/2014,7.87,7.51,7.21,7.09,7.46
11/10/2014,7.78,7.41,7.14,7.06,7.47
11/07/2014,7.65,7.29,7.05,7.03,7.46
11/06/2014,7.49,7.2,6.98,7.01,7.46
11/05/2014,7.31,7.11,6.92,7.02,7.45
11/04/2014,7.15,7.03,6.89,7.05,7.45
11/03/2014,7.03,6.98,6.86,7.08,7.45
10/31/2014,6.94,6.96,6.84,7.1,7.46
10/30/2014,6.9,6.94,6.84,7.11,7.46
10/29/2014,6.9,6.96,6.86,7.12,7.48
10/28/2014,6.92,6.91,6.89,7.15,7.49
10/27/2014,6.94,6.87,6.89,7.16,7.51
10/24/2014,6.99,6.81,6.9,7.19,7.53
10/23/2014,6.99,6.76,6.92,7.22,7.55
10/22/2014,7.01,6.74,6.98,7.24,7.57
10/21/2014,6.9,6.74,7.06,7.27,7.59
10/20/2014,6.8,6.73,7.13,7.3,7.62
10/17/2014,6.62,6.71,7.16,7.33,7.64
10/16/2014,6.53,6.74,7.19,7.36,7.68
10/15/2014,6.47,6.76,7.21,7.39,7.7
10/14/2014,6.58,6.87,7.27,7.44,7.73
10/13/2014,6.66,6.91,7.31,7.51,7.76
10/10/2014,6.79,7.0,7.38,7.57,7.8
10/09/2014,6.95,7.08,7.44,7.62,7.81
10/08/2014,7.05,7.21,7.49,7.66,7.84
10/07/2014,7.15,7.38,7.54,7.69,7.86
10/06/2014,7.17,7.53,7.59,7.72,7.9
10/03/2014,7.21,7.62,7.64,7.76,7.93
10/02/2014,7.2,7.64,7.67,7.78,7.96
10/01/2014,7.38,7.65,7.7,7.81,7.99
09/30/2014,7.61,7.68,7.73,7.84,8.01
09/29/2014,7.89,7.71,7.8,7.87,8.05
09/26/2014,8.02,7.76,7.85,7.89,8.08
09/25/2014,8.08,7.81,7.89,7.91,8.12
09/24/2014,7.93,7.77,7.88,7.89,8.14
09/23/2014,7.75,7.7,7.84,7.85,8.14
09/22/2014,7.54,7.65,7.82,7.83,8.12
09/19/2014,7.5,7.66,7.82,7.82,8.12
09/18/2014,7.54,7.7,7.85,7.82,8.1
09/17/2014,7.61,7.75,7.88,7.83,8.09
09/16/2014,7.64,7.79,7.91,7.83,8.08
09/15/2014,7.77,7.89,7.95,7.85,8.09
09/12/2014,7.82,7.94,7.96,7.87,8.09
09/11/2014,7.86,7.97,7.96,7.88,8.07
09/10/2014,7.89,7.98,7.95,7.9,8.05
09/09/2014,7.93,7.99,7.93,7.92,8.02
09/08/2014,8.01,7.99,7.91,7.93,8.0
09/05/2014,8.06,7.99,7.9,7.96,7.97
09/04/2014,8.09,8.0,7.88,7.99,7.95
09/03/2014,8.07,8.01,7.87,8.01,7.93
09/02/2014,8.04,8.04,7.85,8.02,7.91
08/29/2014,7.96,8.0,7.83,8.02,7.88
08/28/2014,7.91,7.97,7.83,8.02,7.86
08/27/2014,7.9,7.95,7.83,8.01,7.84
08/26/2014,7.95,7.91,7.86,8.02,7.83
08/25/2014,8.04,7.87,7.88,8.04,7.83
08/22/2014,8.05,7.84,7.9,8.08,7.82
08/21/2014,8.03,7.81,7.94,8.11,7.81
08/20/2014,7.99,7.76,7.99,8.14,7.81
08/19/2014,7.87,7.72,8.01,8.17,7.81
08/18/2014,7.71,7.66,8.01,8.19,7.79
08/15/2014,7.64,7.66,8.02,8.23,7.77
08/14/2014,7.58,7.68,8.05,8.28,7.74
08/13/2014,7.54,7.72,8.04,8.33,7.72
08/12/2014,7.56,7.81,8.07,8.39,7.7
08/11/2014,7.61,7.89,8.12,8.42,7.69
08/08/2014,7.69,7.97,8.2,8.42,7.68
08/07/2014,7.78,8.08,8.25,8.41,7.68
08/06/2014,7.91,8.22,8.33,8.39,7.68
08/05/2014,8.07,8.31,8.4,8.36,7.68
08/04/2014,8.17,8.36,8.46,8.33,7.71
08/01/2014,8.25,8.38,8.51,8.33,7.74
07/31/2014,8.38,8.42,8.57,8.31,7.78
07/30/2014,8.53,8.36,8.64,8.26,7.82
07/29/2014,8.55,8.33,8.67,8.19,7.88
07/28/2014,8.55,8.36,8.68,8.13,7.94
07/25/2014,8.52,8.43,8.65,8.06,8.02
07/24/2014,8.47,8.43,8.58,7.98,8.09
07/23/2014,8.18,8.44,8.47,7.91,8.16
07/22/2014,8.11,8.49,8.38,7.84,8.24
07/21/2014,8.17,8.55,8.32,7.8,8.32
07/18/2014,8.34,8.64,8.31,7.75,8.42
07/17/2014,8.39,8.72,8.25,7.69,8.5
07/16/2014,8.7,8.92,8.21,7.67,8.61
07/15/2014,8.86,9.01,8.12,7.64,8.71
07/14/2014,8.94,9.01,8.02,7.61,8.8
07/11/2014,8.95,8.87,7.87,7.55,8.89
07/10/2014,9.05,8.74,7.76,7.51,8.97
07/09/2014,9.14,8.51,7.64,7.48,9.06
07/08/2014,9.16,8.27,7.52,7.45,9.13
07/07/2014,9.07,8.09,7.42,7.39,9.23
07/03/2014,8.8,7.97,7.3,7.3,9.33
07/02/2014,8.42,7.77,7.18,7.21,9.43
07/01/2014,7.87,7.51,7.05,7.1,9.52
06/30/2014,7.38,7.22,6.96,7.02,9.63
06/27/2014,7.11,7.03,6.92,6.96,9.76
06/26/2014,7.14,6.87,6.89,6.93,9.9
06/25/2014,7.13,6.79,6.9,6.94,10.06
06/24/2014,7.14,6.78,6.96,6.96,10.22
06/23/2014,7.05,6.77,7.04,7.01,10.36
06/20/2014,6.95,6.74,7.04,7.08,10.5
06/19/2014,6.61,6.63,6.97,7.14,10.61
06/18/2014,6.45,6.58,6.93,7.25,10.73
06/17/2014,6.41,6.59,6.9,7.39,10.86
06/16/2014,6.49,6.69,6.92,7.57,10.99
06/13/2014,6.53,6.8,6.92,7.76,11.12
06/12/2014,6.65,6.91,6.96,7.97,11.27
06/11/2014,6.71,7.02,7.01,8.2,11.42
06/10/2014,6.77,7.15,7.06,8.42,11.57
06/09/2014,6.89,7.32,7.13,8.63,11.71
06/06/2014,7.07,7.34,7.24,8.85,11.88
06/05/2014,7.16,7.32,7.4,9.08,12.05
06/04/2014,7.33,7.28,7.59,9.31,12.22
06/03/2014,7.52,7.21,7.79,9.55,12.37
06/02/2014,7.74,7.16,8.01,9.78,12.51
05/30/2014,7.6,7.04,8.23,9.99,12.62
05/29/2014,7.47,7.02,8.51,10.23,12.75
05/28/2014,7.23,7.0,8.79,10.43,12.87
05/27/2014,6.91,6.97,9.05,10.64,12.95
05/23/2014,6.57,6.94,9.28,10.81,13.02
05/22/2014,6.48,7.15,9.6,11.06,13.11
05/21/2014,6.57,7.48,9.97,11.36,13.21
05/20/2014,6.77,7.9,10.33,11.65,13.32
05/19/2014,7.03,8.36,10.72,11.94,13.39
05/16/2014,7.3,8.87,11.09,12.25,13.45
05/15/2014,7.83,9.43,11.46,12.56,13.51
05/14/2014,8.4,10.0,11.83,12.88,13.56
05/13/2014,9.02,10.59,12.15,13.19,13.62
05/12/2014,9.69,11.13,12.47,13.48,13.66
05/09/2014,10.44,11.63,12.75,13.71,13.7
05/08/2014,11.03,12.05,13.01,13.92,13.72
05/07/2014,11.6,12.45,13.29,14.08,13.72
05/06/2014,12.15,12.76,13.52,14.22,13.7
05/05/2014,12.57,13.07,13.74,14.33,13.67
05/02/2014,12.83,13.31,13.93,14.41,13.63
05/01/2014,13.07,13.49,14.13,14.48,13.59
04/30/2014,13.3,13.66,14.31,14.56,13.54
04/29/2014,13.36,13.71,14.49,14.63,13.49
04/28/2014,13.57,13.82,14.65,14.72,13.43
04/25/2014,13.78,13.87,14.75,14.79,13.38
04/24/2014,13.91,13.98,14.86,14.91,13.31
04/23/2014,14.01,14.14,14.9,15.01,13.24
04/22/2014,14.06,14.29,14.95,15.12,13.16
04/21/2014,14.06,14.4,14.97,15.19,13.08
04/17/2014,13.96,14.56,14.96,15.25,13.01
04/16/2014,14.05,14.77,14.97,15.26,12.95
04/15/2014,14.26,14.97,15.01,15.28,12.89
04/14/2014,14.52,15.27,15.09,15.3,12.84
04/11/2014,14.74,15.49,15.17,15.27,12.8
04/10/2014,15.17,15.64,15.25,15.22,12.73
04/09/2014,15.48,15.74,15.37,15.17,12.64
04/08/2014,15.68,15.66,15.45,15.07,12.53
04/07/2014,16.01,15.61,15.54,14.99,0.0
04/04/2014,16.24,15.53,15.59,14.83,0.0
04/03/2014,16.1,15.36,15.59,14.65,0.0
04/02/2014,15.99,15.18,15.51,14.46,0.0
04/01/2014,15.64,15.05,15.44,14.25,0.0
03/31/2014,15.2,14.91,15.32,14.05,0.0
03/28/2014,14.83,14.86,15.16,13.85,0.0
03/27/2014,14.61,14.87,15.01,13.69,0.0
03/26/2014,14.37,15.0,14.88,13.52,0.0
03/25/2014,14.46,15.24,14.77,13.36,0.0
03/24/2014,14.63,15.47,14.68,13.19,0.0
03/21/2014,14.89,15.64,14.48,13.01,0.0
03/20/2014,15.13,15.82,14.3,12.85,0.0
03/19/2014,15.63,15.84,14.1,12.69,0.0
03/18/2014,16.02,15.83,13.86,12.52,0.0
03/17/2014,16.31,15.72,13.61,12.34,0.0
03/14/2014,16.4,15.45,13.34,12.15,0.0
03/13/2014,16.5,15.15,13.1,11.96,0.0
03/12/2014,16.06,14.76,12.78,11.71,0.0
03/11/2014,15.64,14.31,12.43,11.46,0.0
03/10/2014,15.14,13.89,12.05,11.2,0.0
03/07/2014,14.51,13.32,11.7,10.97,0.0
03/06/2014,13.8,12.79,11.37,10.77,0.0
03/05/2014,13.46,12.37,11.12,10.63,0.0
03/04/2014,12.98,11.89,10.87,10.5,0.0
03/03/2014,12.64,11.5,10.65,10.38,0.0
02/28/2014,12.13,11.23,10.49,10.33,0.0
02/27/2014,11.78,11.05,10.36,10.24,0.0
02/26/2014,11.27,10.81,10.19,10.11,0.0
02/25/2014,10.79,10.54,10.03,9.99,0.0
02/24/2014,10.36,10.2,9.85,0.0,0.0
02/21/2014,10.33,10.08,9.8,0.0,0.0
02/20/2014,10.32,9.95,9.76,0.0,0.0
02/19/2014,10.35,9.87,9.76,0.0,0.0
02/18/2014,10.3,9.85,9.81,0.0,0.0
02/14/2014,10.05,9.8,9.82,0.0,0.0
02/13/2014,9.82,9.75,9.87,0.0,0.0
02/12/2014,9.57,9.68,9.84,0.0,0.0
02/11/2014,9.38,9.58,9.77,0.0,0.0
02/10/2014,9.4,9.52,9.72,0.0,0.0
02/07/2014,9.55,9.51,0.0,0.0,0.0
02/06/2014,9.69,9.53,0.0,0.0,0.0
02/05/2014,9.78,9.58,0.0,0.0,0.0
02/04/2014,9.77,9.66,0.0,0.0,0.0
02/03/2014,9.65,9.76,0.0,0.0,0.0
01/31/2014,9.46,9.85,0.0,0.0,0.0
01/30/2014,9.37,9.99,0.0,0.0,0.0
01/29/2014,9.38,9.99,0.0,0.0,0.0
01/28/2014,9.54,9.96,0.0,0.0,0.0
01/27/2014,9.88,9.91,0.0,0.0,0.0
01/24/2014,10.23,0.0,0.0,0.0,0.0
01/23/2014,10.62,0.0,0.0,0.0,0.0
01/22/2014,10.61,0.0,0.0,0.0,0.0
01/21/2014,10.37,0.0,0.0,0.0,0.0
01/17/2014,9.93,0.0,0.0,0.0,0.0
01/16/2014,0.0,0.0,0.0,0.0,0.0
01/15/2014,0.0,0.0,0.0,0.0,0.0
01/14/2014,0.0,0.0,0.0,0.0,0.0
01/13/2014,0.0,0.0,0.0,0.0,0.0
