12/30/2022,19.15,19.35,19.82,19.99,19.56
12/29/2022,19.18,19.55,19.89,20.05,19.55
12/28/2022,19.2,19.72,19.92,20.1,19.55
12/27/2022,18.96,19.92,19.95,20.16,19.55
12/23/2022,19.09,20.04,19.96,20.24,19.55
12/22/2022,19.56,20.13,20.02,20.3,19.55
12/21/2022,19.91,20.2,20.04,20.26,19.56
12/20/2022,20.24,20.22,20.06,20.25,19.55
12/19/2022,20.87,20.36,20.24,20.28,19.57
12/16/2022,21.0,20.4,20.3,20.25,19.56
12/15/2022,20.71,20.29,20.3,20.16,19.52
12/14/2022,20.48,20.23,20.31,20.08,19.49
12/13/2022,20.21,20.13,20.28,20.02,19.47
12/12/2022,19.84,19.98,20.28,19.97,19.46
12/09/2022,19.8,19.88,20.34,19.98,19.46
12/08/2022,19.86,19.9,20.39,19.96,19.47
12/07/2022,19.98,19.89,20.3,19.92,19.47
12/06/2022,20.05,19.9,20.26,19.9,19.47
12/05/2022,20.11,20.11,20.24,19.89,19.51
12/02/2022,19.96,20.2,20.17,19.85,19.54
12/01/2022,19.94,20.32,20.1,19.79,19.57
11/30/2022,19.79,20.39,20.0,19.7,19.57
11/29/2022,19.75,20.44,19.97,19.65,19.57
11/28/2022,20.12,20.59,19.97,19.63,19.63
11/25/2022,20.45,20.81,20.02,19.59,19.71
11/23/2022,20.69,20.87,19.98,19.54,19.74
11/22/2022,20.98,20.71,19.94,19.47,19.78
11/21/2022,21.12,20.62,19.9,19.4,19.83
11/18/2022,21.06,20.36,19.77,19.29,19.85
11/17/2022,21.17,20.14,19.68,19.2,19.9
11/16/2022,21.05,19.88,19.52,19.13,19.94
11/15/2022,20.43,19.62,19.36,19.05,19.97
11/14/2022,20.11,19.5,19.25,19.01,20.01
11/11/2022,19.66,19.35,19.15,18.95,20.04
11/10/2022,19.11,19.24,18.98,18.86,20.07
11/09/2022,18.71,19.1,18.87,18.81,20.12
11/08/2022,18.81,19.18,18.85,18.85,20.22
11/07/2022,18.89,19.19,18.79,18.86,20.33
11/04/2022,19.04,19.19,18.75,18.86,20.44
11/03/2022,19.37,19.22,18.73,18.87,20.52
11/02/2022,19.48,19.17,18.75,18.89,20.66
11/01/2022,19.56,19.11,18.76,18.91,20.78
10/31/2022,19.49,19.01,18.76,18.93,20.91
10/28/2022,19.33,18.95,18.74,18.95,21.04
10/27/2022,19.07,18.72,18.68,18.94,21.15
10/26/2022,18.85,18.65,18.66,18.98,21.27
10/25/2022,18.65,18.52,18.69,19.01,21.37
10/24/2022,18.53,18.39,18.7,19.05,21.45
10/21/2022,18.57,18.32,18.69,19.13,21.54
10/20/2022,18.36,18.24,18.69,19.23,21.65
10/19/2022,18.44,18.33,18.75,19.35,21.78
10/18/2022,18.39,18.42,18.81,19.43,21.89
10/17/2022,18.26,18.52,18.89,19.5,22.0
10/14/2022,18.06,18.53,18.95,19.63,22.1
10/13/2022,18.11,18.64,19.05,19.83,22.23
10/12/2022,18.22,18.68,19.15,19.95,22.37
10/11/2022,18.44,18.85,19.26,20.09,22.51
10/10/2022,18.77,19.0,19.38,20.26,22.62
10/07/2022,19.0,19.07,19.54,20.42,22.73
10/06/2022,19.16,19.15,19.73,20.61,22.82
10/05/2022,19.14,19.17,19.86,20.76,22.93
10/04/2022,19.25,19.19,19.94,20.9,23.01
10/03/2022,19.22,19.25,19.99,21.01,23.07
09/30/2022,19.13,19.37,20.18,21.14,23.14
09/29/2022,19.14,19.47,20.42,21.28,23.2
09/28/2022,19.19,19.62,20.59,21.42,23.24
09/27/2022,19.13,19.66,20.71,21.59,23.26
09/26/2022,19.28,19.75,20.88,21.8,23.29
09/23/2022,19.6,20.02,21.09,22.02,23.32
09/22/2022,19.81,20.32,21.34,22.17,23.34
09/21/2022,20.04,20.56,21.56,22.44,23.36
09/20/2022,20.2,20.69,21.75,22.66,23.39
09/19/2022,20.23,20.73,21.88,22.89,23.4
09/16/2022,20.44,20.98,22.02,23.13,23.42
09/15/2022,20.83,21.37,22.18,23.36,23.43
09/14/2022,21.07,21.55,22.33,23.56,23.42
09/13/2022,21.18,21.77,22.56,23.72,23.39
09/12/2022,21.24,22.02,22.82,23.85,23.37
09/09/2022,21.53,22.17,23.02,23.96,23.32
09/08/2022,21.9,22.35,23.1,24.07,23.25
09/07/2022,22.04,22.56,23.38,24.21,23.18
09/06/2022,22.35,22.82,23.65,24.35,23.13
09/02/2022,22.79,23.03,23.97,24.5,23.1
09/01/2022,22.81,23.06,24.2,24.56,23.05
08/31/2022,22.8,22.99,24.36,24.63,23.0
08/30/2022,23.09,23.1,24.56,24.8,22.97
08/29/2022,23.29,23.35,24.7,24.93,22.91
08/26/2022,23.28,23.62,24.77,24.98,22.83
08/25/2022,23.3,23.87,24.85,25.03,22.74
08/24/2022,23.17,23.85,24.92,25.03,22.64
08/23/2022,23.12,24.2,25.03,25.1,22.53
08/22/2022,23.41,24.48,25.12,25.12,22.42
08/19/2022,23.96,24.91,25.24,25.13,22.33
08/18/2022,24.44,25.34,25.32,25.15,22.22
08/17/2022,24.53,25.72,25.46,25.11,22.13
08/16/2022,25.29,26.02,25.65,25.06,22.05
08/15/2022,25.54,26.04,25.72,24.93,21.92
08/12/2022,25.86,25.91,25.66,24.78,21.77
08/11/2022,26.24,25.82,25.61,24.62,21.67
08/10/2022,26.91,25.99,25.62,24.5,21.58
08/09/2022,26.75,25.85,25.55,24.29,21.44
08/08/2022,26.54,25.77,25.44,24.11,21.31
08/05/2022,25.96,25.56,25.25,23.9,21.16
08/04/2022,25.4,25.29,25.05,23.71,21.13
08/03/2022,25.07,25.19,24.81,23.49,21.07
08/02/2022,24.96,25.28,24.59,23.29,21.06
08/01/2022,24.99,25.39,24.38,23.07,21.07
07/29/2022,25.16,25.4,24.21,22.88,21.13
07/28/2022,25.19,25.4,24.02,22.68,21.2
07/27/2022,25.3,25.26,23.76,22.43,21.24
07/26/2022,25.6,25.26,23.5,22.15,21.26
07/25/2022,25.8,25.11,23.29,21.9,21.3
07/22/2022,25.63,24.93,23.07,21.69,21.34
07/21/2022,25.62,24.81,22.91,21.53,21.4
07/20/2022,25.21,24.43,22.65,21.38,21.47
07/19/2022,24.91,23.9,22.29,21.14,21.5
07/18/2022,24.42,23.36,21.91,20.9,21.56
07/15/2022,24.23,23.03,21.63,20.69,21.68
07/14/2022,24.0,22.64,21.32,20.45,21.79
07/13/2022,23.66,22.26,21.02,20.24,21.92
07/12/2022,22.88,21.75,20.6,19.95,22.03
07/11/2022,22.3,21.46,20.29,19.72,22.21
07/08/2022,21.84,21.2,20.07,19.52,22.37
07/07/2022,21.28,21.02,19.89,19.3,22.55
07/06/2022,20.86,20.86,19.85,19.14,22.76
07/05/2022,20.62,20.69,19.77,19.03,22.98
07/01/2022,20.63,20.45,19.67,18.9,23.2
06/30/2022,20.57,20.22,19.52,18.77,23.43
06/29/2022,20.75,20.0,19.36,18.72,23.65
06/28/2022,20.86,19.78,19.23,18.66,23.84
06/27/2022,20.75,19.44,19.05,18.59,24.03
06/24/2022,20.28,19.12,18.84,18.51,24.22
06/23/2022,19.87,18.94,18.68,18.42,24.43
06/22/2022,19.24,18.76,18.44,18.56,24.63
06/21/2022,18.69,18.84,18.28,18.65,24.84
06/17/2022,18.14,18.85,18.21,18.82,25.04
06/16/2022,17.96,18.88,18.12,19.07,25.26
06/15/2022,18.02,18.83,18.04,19.39,25.51
06/14/2022,18.29,18.72,18.08,19.71,25.75
06/13/2022,18.98,18.68,18.1,20.05,26.07
06/10/2022,19.56,18.66,18.16,20.36,26.38
06/09/2022,19.8,18.57,18.2,20.7,26.69
06/08/2022,19.63,18.43,18.16,21.0,26.97
06/07/2022,19.15,18.11,18.46,21.27,27.24
06/06/2022,18.37,17.72,18.56,21.55,27.48
06/03/2022,17.76,17.57,18.81,21.86,27.75
06/02/2022,17.33,17.36,19.17,22.22,28.04
06/01/2022,17.22,17.26,19.67,22.66,28.32
05/31/2022,17.07,17.43,20.21,23.13,28.62
05/27/2022,17.07,17.51,20.73,23.6,28.89
05/26/2022,17.37,17.66,21.21,24.12,29.18
05/25/2022,17.39,17.84,21.76,24.69,29.49
05/24/2022,17.31,17.9,22.28,25.22,29.81
05/23/2022,17.8,18.81,22.85,25.8,30.14
05/20/2022,17.95,19.39,23.47,26.39,30.44
05/19/2022,17.95,20.06,24.0,26.92,30.73
05/18/2022,18.28,20.97,24.65,27.51,31.01
05/17/2022,18.49,22.07,25.36,28.09,31.32
05/16/2022,19.82,22.99,25.97,28.59,31.57
05/13/2022,20.83,23.96,26.64,29.03,31.82
05/12/2022,22.17,24.77,27.34,29.48,32.09
05/11/2022,23.67,25.68,28.12,29.93,32.38
05/10/2022,25.65,26.67,28.88,30.45,32.7
05/09/2022,26.16,26.89,29.3,30.69,32.85
05/06/2022,27.09,27.55,29.89,31.02,33.06
05/05/2022,27.37,27.94,30.35,31.26,33.24
05/04/2022,27.7,28.33,30.77,31.45,33.42
05/03/2022,27.68,28.65,31.1,31.63,33.56
05/02/2022,27.63,28.96,31.39,31.79,33.7
04/29/2022,28.01,29.32,31.56,32.09,33.81
04/28/2022,28.52,29.92,31.84,32.4,33.96
04/27/2022,28.97,30.57,32.05,32.68,34.13
04/26/2022,29.61,31.1,32.33,32.95,34.27
04/25/2022,30.3,31.71,32.59,33.22,34.39
04/22/2022,30.63,32.23,32.76,33.41,34.46
04/21/2022,31.32,32.76,32.91,33.65,34.56
04/20/2022,32.16,33.21,33.01,33.86,34.66
04/19/2022,32.59,33.56,33.13,33.98,34.76
04/18/2022,33.12,33.81,33.21,34.11,34.84
04/14/2022,33.82,33.81,33.48,34.18,34.94
04/13/2022,34.2,33.76,33.64,34.24,35.01
04/12/2022,34.27,33.54,33.73,34.29,35.08
04/11/2022,34.53,33.57,33.87,34.4,35.19
04/08/2022,34.5,33.48,33.97,34.47,35.27
04/07/2022,33.79,33.29,34.01,34.5,35.37
04/06/2022,33.32,33.07,34.09,34.54,35.49
04/05/2022,32.81,32.8,34.18,34.51,35.61
04/04/2022,32.61,32.7,34.19,34.55,35.75
04/01/2022,32.45,32.61,34.26,34.55,35.88
03/31/2022,32.79,33.15,34.36,34.6,36.06
03/30/2022,32.81,33.52,34.48,34.7,36.22
03/29/2022,32.8,33.93,34.66,34.83,36.48
03/28/2022,32.79,34.17,34.81,34.95,36.7
03/25/2022,32.77,34.47,34.97,35.02,36.94
03/24/2022,33.51,34.73,35.1,35.09,37.16
03/23/2022,34.23,35.12,35.27,35.23,37.42
03/22/2022,35.05,35.55,35.37,35.4,37.66
03/21/2022,35.55,35.68,35.47,35.49,37.89
03/18/2022,36.17,35.9,35.51,35.6,38.1
03/17/2022,35.94,35.57,35.33,35.54,38.24
03/16/2022,36.01,35.45,35.28,35.53,38.36
03/15/2022,36.04,35.39,35.29,35.58,38.48
03/14/2022,35.81,35.45,35.34,35.6,38.54
03/11/2022,35.63,35.46,35.29,35.56,38.56
03/10/2022,35.2,35.47,35.27,35.5,38.59
03/09/2022,34.89,35.43,35.29,35.47,38.6
03/08/2022,34.74,35.19,35.32,35.47,38.59
03/07/2022,35.09,35.26,35.4,35.54,38.58
03/04/2022,35.29,35.13,35.44,35.57,38.57
03/03/2022,35.74,35.09,35.52,35.7,38.56
03/02/2022,35.96,35.12,35.57,35.78,38.52
03/01/2022,35.64,35.18,35.67,35.87,38.51
02/28/2022,35.42,35.22,35.68,35.97,38.49
02/25/2022,34.96,35.12,35.61,36.07,38.44
02/24/2022,34.45,35.08,35.52,36.24,38.43
02/23/2022,34.28,35.16,35.5,36.43,38.41
02/22/2022,34.72,35.45,35.61,36.7,38.43
02/18/2022,35.02,35.53,35.68,36.95,38.45
02/17/2022,35.28,35.76,35.79,37.22,38.5
02/16/2022,35.71,35.94,36.0,37.51,38.55
02/15/2022,36.03,36.01,36.11,37.74,38.61
02/14/2022,36.17,36.16,36.21,38.12,38.62
02/11/2022,36.05,36.13,36.35,38.45,38.57
02/10/2022,36.25,36.1,36.55,38.87,38.52
02/09/2022,36.18,35.97,36.82,39.22,38.44
02/08/2022,35.98,35.84,37.07,39.6,38.33
02/07/2022,36.16,35.78,37.33,39.93,38.21
02/04/2022,36.22,35.82,37.66,40.28,38.1
02/03/2022,35.95,35.82,37.95,40.61,37.98
02/02/2022,35.75,36.07,38.29,40.94,37.89
02/01/2022,35.7,36.21,38.61,41.2,37.79
01/31/2022,35.4,36.26,39.1,41.38,37.65
01/28/2022,35.42,36.57,39.6,41.48,37.53
01/27/2022,35.69,37.0,40.25,41.57,37.43
01/26/2022,36.38,37.67,40.85,41.67,37.32
01/25/2022,36.72,38.31,41.47,41.73,37.18
01/24/2022,37.12,38.87,42.0,41.71,37.03
01/21/2022,37.72,39.5,42.51,41.62,36.87
01/20/2022,38.31,40.09,43.01,41.58,36.72
01/19/2022,38.95,40.52,43.38,41.43,36.54
01/18/2022,39.89,41.02,43.69,41.26,36.38
01/14/2022,40.62,41.95,43.95,41.15,36.2
01/13/2022,41.29,42.64,43.94,41.0,36.0
01/12/2022,41.87,43.51,43.85,40.81,35.8
01/11/2022,42.09,44.03,43.67,40.62,35.58
01/10/2022,42.14,44.64,43.44,40.38,35.35
01/07/2022,43.27,45.13,43.12,40.16,35.11
01/06/2022,43.98,45.52,42.69,39.96,34.84
01/05/2022,45.14,45.93,42.33,39.77,34.58
01/04/2022,45.97,46.24,41.88,39.6,34.33
01/03/2022,47.14,46.37,41.39,39.47,34.08
12/31/2021,46.99,45.95,40.76,39.12,33.73
12/30/2021,47.06,45.25,40.18,38.69,33.39
12/29/2021,46.71,44.2,39.46,38.17,33.04
12/28/2021,46.5,43.32,38.92,37.65,32.72
12/27/2021,45.6,42.24,38.25,37.06,32.37
12/23/2021,44.9,41.12,37.67,36.5,32.04
12/22/2021,43.43,39.85,37.17,35.91,31.69
12/21/2021,41.69,38.72,36.69,35.36,31.36
12/20/2021,40.13,37.52,36.28,34.84,31.06
12/17/2021,38.88,36.4,36.02,34.38,30.8
12/16/2021,37.33,35.57,35.7,33.92,30.55
12/15/2021,36.27,35.12,35.42,33.58,30.34
12/14/2021,35.76,34.71,35.16,33.29,30.18
12/13/2021,34.92,34.52,34.82,32.98,30.0
12/10/2021,33.93,34.25,34.47,32.63,29.86
12/09/2021,33.8,34.22,34.19,32.35,29.75
12/08/2021,33.96,34.5,33.95,32.11,29.65
12/07/2021,33.67,34.66,33.68,31.85,29.53
12/06/2021,34.12,35.04,33.5,31.65,29.44
12/03/2021,34.58,35.64,33.37,31.49,29.36
12/02/2021,34.65,35.84,33.1,31.24,29.26
12/01/2021,35.03,35.72,32.81,30.99,29.15
11/30/2021,35.66,35.61,32.58,30.8,29.08
11/29/2021,35.95,35.12,32.21,30.55,28.97
11/26/2021,36.71,34.69,31.82,30.33,28.89
11/24/2021,37.04,34.15,31.42,30.07,28.78
11/23/2021,36.41,33.4,30.92,29.72,28.64
11/22/2021,35.56,32.69,30.44,29.4,28.5
11/19/2021,34.28,31.96,29.96,29.07,28.35
11/18/2021,32.68,31.1,29.41,28.69,28.17
11/17/2021,31.26,30.36,28.94,28.34,28.01
11/16/2021,30.39,29.91,28.63,28.09,27.9
11/15/2021,29.82,29.55,28.4,27.91,27.84
11/12/2021,29.63,29.3,28.26,27.78,27.76
11/11/2021,29.51,28.95,28.15,27.68,27.67
11/10/2021,29.46,28.68,28.03,27.59,27.59
11/09/2021,29.44,28.44,27.88,27.46,27.51
11/08/2021,29.29,28.2,27.75,27.36,27.43
11/05/2021,28.97,27.96,27.62,27.28,27.35
11/04/2021,28.4,27.73,27.49,27.21,27.27
11/03/2021,27.9,27.52,27.33,27.17,27.19
11/02/2021,27.45,27.35,27.18,27.11,27.11
11/01/2021,27.11,27.25,27.08,27.06,27.05
10/29/2021,26.94,27.23,27.03,27.03,27.01
10/28/2021,27.06,27.35,27.04,27.1,26.98
10/27/2021,27.13,27.39,27.04,27.15,26.94
10/26/2021,27.25,27.33,26.97,27.19,26.9
10/25/2021,27.38,27.3,26.94,27.21,26.87
10/22/2021,27.51,27.29,26.95,27.23,26.82
10/21/2021,27.63,27.24,26.95,27.23,26.76
10/20/2021,27.64,27.15,26.99,27.28,26.73
10/19/2021,27.4,27.01,26.98,27.31,26.66
10/18/2021,27.22,26.92,26.97,27.36,26.61
10/15/2021,27.06,26.83,26.93,27.4,26.56
10/14/2021,26.85,26.73,26.97,27.45,26.51
10/13/2021,26.66,26.69,27.04,27.49,26.47
10/12/2021,26.62,26.61,27.12,27.55,26.45
10/11/2021,26.62,26.57,27.16,27.6,26.41
10/08/2021,26.6,26.61,27.2,27.64,26.37
10/07/2021,26.61,26.66,27.23,27.66,26.32
10/06/2021,26.72,26.83,27.34,27.68,26.28
10/05/2021,26.59,26.96,27.45,27.72,26.27
10/04/2021,26.53,27.02,27.58,27.77,26.25
10/01/2021,26.61,27.03,27.68,27.74,26.23
09/30/2021,26.7,27.21,27.81,27.67,26.21
09/29/2021,26.94,27.38,27.89,27.6,26.17
09/28/2021,27.32,27.63,28.03,27.56,26.16
09/27/2021,27.52,27.75,28.11,27.5,26.14
09/24/2021,27.45,27.8,28.15,27.41,26.12
09/23/2021,27.71,27.8,28.16,27.33,26.09
09/22/2021,27.81,27.84,28.11,27.22,26.03
09/21/2021,27.94,27.95,28.1,27.12,26.0
09/20/2021,27.97,28.13,28.14,27.04,25.97
09/17/2021,28.14,28.33,28.1,26.98,25.92
09/16/2021,27.9,28.41,27.9,26.86,25.83
09/15/2021,27.87,28.4,27.71,26.73,25.73
09/14/2021,27.96,28.42,27.53,26.62,25.67
09/13/2021,28.29,28.48,27.37,26.53,25.63
09/10/2021,28.52,28.51,27.22,26.41,25.61
09/09/2021,28.93,28.51,27.09,26.29,25.58
09/08/2021,28.92,28.37,26.91,26.18,25.55
09/07/2021,28.89,28.25,26.71,26.02,25.53
09/03/2021,28.67,28.15,26.5,25.87,25.38
09/02/2021,28.51,27.87,26.31,25.72,25.23
09/01/2021,28.09,27.39,26.08,25.57,25.06
08/31/2021,27.82,27.02,25.9,25.46,24.92
08/30/2021,27.6,26.63,25.72,25.35,24.76
08/27/2021,27.63,26.26,25.55,25.22,24.6
08/26/2021,27.23,25.93,25.35,25.09,24.45
08/25/2021,26.68,25.67,25.19,24.98,24.31
08/24/2021,26.22,25.45,25.08,24.88,24.19
08/23/2021,25.66,25.17,24.91,24.82,24.08
08/20/2021,24.9,24.85,24.73,24.72,23.96
08/19/2021,24.63,24.75,24.64,24.72,23.87
08/18/2021,24.66,24.77,24.66,24.75,23.8
08/17/2021,24.68,24.78,24.67,24.74,23.75
08/16/2021,24.67,24.81,24.72,24.75,23.71
08/13/2021,24.8,24.84,24.7,24.78,23.68
08/12/2021,24.87,24.78,24.68,24.82,23.64
08/11/2021,24.89,24.71,24.64,24.85,23.62
08/10/2021,24.87,24.71,24.6,24.85,23.62
08/09/2021,24.95,24.66,24.65,24.88,23.62
08/06/2021,24.89,24.61,24.66,24.9,23.58
08/05/2021,24.69,24.54,24.71,24.86,23.54
08/04/2021,24.52,24.55,24.74,24.8,23.5
08/03/2021,24.55,24.57,24.73,24.73,23.45
08/02/2021,24.38,24.62,24.72,24.72,23.42
07/30/2021,24.32,24.56,24.75,24.73,23.41
07/29/2021,24.38,24.57,24.84,24.81,23.42
07/28/2021,24.58,24.57,24.92,24.87,23.4
07/27/2021,24.59,24.49,24.92,24.92,23.37
07/26/2021,24.87,24.64,24.99,25.04,23.37
07/23/2021,24.79,24.72,25.05,24.89,23.36
07/22/2021,24.77,24.87,25.02,24.74,23.36
07/21/2021,24.57,24.94,24.92,24.56,23.33
07/20/2021,24.39,24.88,24.8,24.39,23.31
07/19/2021,24.4,24.82,24.76,24.18,23.29
07/16/2021,24.64,24.94,24.81,23.97,23.28
07/15/2021,24.98,25.11,24.93,23.8,23.27
07/14/2021,25.31,25.26,25.02,23.64,23.24
07/13/2021,25.38,25.34,25.13,23.49,23.19
07/12/2021,25.23,25.35,25.24,23.33,23.14
07/09/2021,25.23,25.37,24.97,23.19,23.1
07/08/2021,25.24,25.17,24.67,23.02,23.07
07/07/2021,25.22,24.91,24.37,22.85,23.06
07/06/2021,25.31,24.72,24.15,22.75,23.05
07/02/2021,25.47,24.71,23.86,22.68,23.09
07/01/2021,25.51,24.69,23.49,22.58,23.17
06/30/2021,25.09,24.74,23.14,22.46,23.25
06/29/2021,24.6,24.78,22.83,22.39,23.4
06/28/2021,24.14,24.92,22.57,22.39,23.58
06/25/2021,23.94,25.12,22.32,22.36,23.75
06/24/2021,23.86,24.58,22.09,22.25,23.89
06/23/2021,24.4,24.18,21.94,22.21,24.04
06/22/2021,24.97,23.83,21.82,22.19,24.19
06/21/2021,25.69,23.57,21.77,22.18,24.37
06/18/2021,26.3,23.0,21.66,22.13,24.5
06/17/2021,25.29,22.29,21.53,22.09,24.59
06/16/2021,23.96,21.54,21.31,22.03,24.75
06/15/2021,22.69,20.89,21.2,21.93,24.98
06/14/2021,21.46,20.22,21.13,21.83,25.2
06/11/2021,19.71,19.53,20.98,21.7,25.35
06/10/2021,19.29,19.61,21.09,21.83,25.6
06/09/2021,19.12,19.71,21.23,21.97,25.84
06/08/2021,19.09,19.81,21.38,22.1,26.09
06/07/2021,18.99,19.96,21.48,22.23,26.41
06/04/2021,19.34,20.32,21.7,22.4,26.76
06/03/2021,19.94,20.78,22.0,22.59,27.11
06/02/2021,20.29,21.09,22.27,22.75,27.43
06/01/2021,20.54,21.52,22.45,22.84,27.67
05/28/2021,20.93,22.03,22.64,22.88,27.92
05/27/2021,21.29,22.43,22.79,22.94,28.19
05/26/2021,21.61,22.57,22.94,23.01,28.57
05/25/2021,21.88,22.75,23.1,23.12,28.96
05/24/2021,22.49,22.94,23.24,23.26,29.32
05/21/2021,23.14,23.0,23.37,23.35,29.65
05/20/2021,23.57,23.08,23.44,23.5,29.98
05/19/2021,23.54,23.22,23.5,23.75,30.28
05/18/2021,23.62,23.46,23.58,24.05,30.58
05/17/2021,23.39,23.39,23.5,24.41,30.88
05/14/2021,22.86,23.24,23.31,24.78,31.13
05/13/2021,22.58,23.14,23.2,25.14,31.38
05/12/2021,22.91,23.3,23.23,25.53,31.68
05/11/2021,23.3,23.45,23.31,25.86,31.92
05/10/2021,23.39,23.54,23.42,26.18,32.15
05/07/2021,23.62,23.73,23.52,26.56,32.38
05/06/2021,23.7,23.81,23.72,26.86,32.65
05/05/2021,23.69,23.78,24.02,27.09,32.94
05/04/2021,23.61,23.7,24.34,27.47,33.21
05/03/2021,23.69,23.62,24.91,28.03,33.47
04/30/2021,23.85,23.38,25.55,28.57,33.7
04/29/2021,23.91,23.25,26.14,29.0,33.88
04/28/2021,23.88,23.17,26.65,29.37,34.03
04/27/2021,23.79,23.16,27.06,29.7,34.16
04/26/2021,23.55,23.31,27.51,30.08,34.31
04/23/2021,22.91,23.31,27.97,30.58,34.44
04/22/2021,22.6,23.63,28.38,31.11,34.57
04/21/2021,22.46,24.25,28.74,31.63,34.7
04/20/2021,22.53,24.98,29.36,32.11,34.83
04/19/2021,23.06,26.21,30.23,32.51,35.01
04/16/2021,23.71,27.72,31.16,32.96,35.22
04/15/2021,24.66,29.02,31.87,33.44,35.46
04/14/2021,26.05,30.13,32.47,34.12,35.68
04/13/2021,27.44,30.97,32.98,34.8,35.86
04/12/2021,29.35,31.71,33.47,35.38,36.0
04/09/2021,31.72,32.64,34.21,35.96,36.13
04/08/2021,33.38,33.14,34.86,36.45,36.22
04/07/2021,34.21,33.23,35.32,36.81,36.27
04/06/2021,34.5,33.74,35.68,37.11,36.3
04/05/2021,34.06,34.26,35.66,37.35,36.28
04/01/2021,33.55,34.61,35.58,37.49,36.23
03/31/2021,32.91,34.73,35.66,37.62,36.19
03/30/2021,32.24,34.81,36.12,37.82,36.17
03/29/2021,32.99,34.99,36.71,37.99,36.19
03/26/2021,34.46,35.24,37.22,38.11,36.21
03/25/2021,35.66,35.79,37.62,38.2,36.2
03/24/2021,36.56,36.58,38.11,38.45,36.23
03/23/2021,37.37,37.42,38.6,38.78,36.27
03/22/2021,36.98,37.62,38.79,38.95,36.23
03/19/2021,36.01,37.05,38.89,38.9,36.12
03/18/2021,35.93,36.56,38.94,38.84,36.01
03/17/2021,36.59,36.58,39.06,38.75,35.95
03/16/2021,37.46,37.43,39.33,38.69,35.92
03/15/2021,38.25,38.44,39.49,38.62,35.87
03/12/2021,38.09,39.2,39.55,38.53,35.81
03/11/2021,37.19,39.45,39.41,38.3,35.66
03/10/2021,36.56,39.64,39.38,38.03,35.47
03/09/2021,37.4,39.78,39.47,37.77,35.31
03/08/2021,38.63,39.97,39.61,37.55,35.18
03/05/2021,40.31,40.73,39.83,37.51,35.1
03/04/2021,41.7,41.31,39.98,37.49,34.99
03/03/2021,42.71,41.54,39.84,37.47,34.86
03/02/2021,42.16,41.22,39.32,37.23,34.61
03/01/2021,41.3,40.54,38.72,36.93,34.33
02/26/2021,41.15,39.89,38.19,36.62,34.07
02/25/2021,40.92,39.37,37.72,36.3,33.82
02/24/2021,40.37,39.13,37.22,36.0,33.6
02/23/2021,40.28,39.15,36.76,35.72,33.41
02/22/2021,39.77,39.26,36.35,35.49,33.19
02/19/2021,38.63,38.92,35.9,35.2,32.93
02/18/2021,37.81,38.64,35.57,34.96,32.68
02/17/2021,37.88,38.14,35.43,34.76,32.43
02/16/2021,38.03,37.41,35.24,34.52,32.17
02/12/2021,38.75,36.89,35.12,34.4,31.95
02/11/2021,39.2,36.49,34.98,34.31,31.75
02/10/2021,39.47,36.08,34.77,34.19,31.53
02/09/2021,38.39,35.32,34.43,34.01,31.26
02/08/2021,36.8,34.37,34.01,33.76,30.99
02/05/2021,35.03,33.43,33.6,33.51,30.73
02/04/2021,33.78,32.88,33.35,33.34,30.53
02/03/2021,32.69,32.51,33.12,33.19,30.33
02/02/2021,32.24,32.73,33.07,33.16,30.19
02/01/2021,31.94,33.06,33.07,33.15,30.05
01/29/2021,31.82,33.35,33.15,33.12,29.9
01/28/2021,31.97,33.48,33.21,33.1,29.79
01/27/2021,32.32,33.47,33.25,33.02,29.63
01/26/2021,33.22,33.55,33.36,32.91,29.46
01/25/2021,34.19,33.65,33.45,32.85,29.31
01/22/2021,34.89,33.78,33.55,32.8,29.19
01/21/2021,34.98,33.82,33.57,32.68,29.04
01/20/2021,34.61,33.73,33.53,32.49,28.88
01/19/2021,33.87,33.4,33.37,32.26,28.67
01/15/2021,33.1,33.08,33.2,32.0,28.44
01/14/2021,32.68,32.95,33.01,31.72,28.24
01/13/2021,32.65,32.95,32.91,31.52,28.05
01/12/2021,32.86,33.04,32.79,31.34,27.89
01/11/2021,32.93,33.18,32.59,31.21,27.73
01/08/2021,33.06,33.26,32.45,31.1,27.57
01/07/2021,33.22,33.31,32.31,30.89,27.4
01/06/2021,33.24,33.32,32.11,30.65,27.24
01/05/2021,33.22,33.32,31.87,30.4,27.07
01/04/2021,33.43,33.34,31.69,30.11,26.89
12/31/2020,33.46,33.31,31.46,29.83,26.71
12/30/2020,33.4,33.07,31.11,29.5,26.5
12/29/2020,33.4,32.87,30.81,29.19,26.33
12/28/2020,33.42,32.55,30.5,28.87,26.16
12/24/2020,33.26,32.01,30.23,28.51,26.01
12/23/2020,33.16,31.65,30.03,28.22,25.86
12/22/2020,32.74,31.32,29.68,27.95,25.7
12/21/2020,32.34,30.91,29.32,27.72,25.55
12/18/2020,31.67,30.41,28.94,27.46,25.41
12/17/2020,30.76,30.04,28.5,27.21,25.22
12/16/2020,30.13,29.6,28.09,26.94,25.06
12/15/2020,29.9,29.16,27.72,26.69,24.96
12/14/2020,29.48,28.74,27.36,26.47,24.89
12/11/2020,29.15,28.45,27.04,26.24,24.87
12/10/2020,29.33,28.45,26.77,26.01,24.87
12/09/2020,29.08,28.4,26.5,25.78,24.86
12/08/2020,28.42,28.04,26.26,25.59,24.86
12/07/2020,28.01,27.74,26.13,25.4,24.87
12/04/2020,27.74,27.46,25.99,25.27,24.9
12/03/2020,27.57,26.96,25.8,25.07,24.89
12/02/2020,27.73,26.57,25.61,24.89,24.88
12/01/2020,27.65,26.28,25.45,24.75,24.88
11/30/2020,27.46,25.97,25.34,24.59,24.86
11/27/2020,27.18,25.63,25.14,24.44,24.88
11/25/2020,26.34,25.09,24.79,24.26,24.88
11/24/2020,25.42,24.6,24.46,24.04,24.86
11/23/2020,24.9,24.49,24.36,23.92,24.9
11/20/2020,24.48,24.52,24.23,23.83,24.96
11/19/2020,24.07,24.52,24.17,23.75,24.99
11/18/2020,23.84,24.64,24.13,23.67,25.06
11/17/2020,23.78,24.64,24.04,23.58,25.14
11/16/2020,24.09,24.62,23.98,23.5,25.24
11/13/2020,24.55,24.71,23.9,23.47,25.34
11/12/2020,24.97,24.65,23.85,23.46,25.45
11/11/2020,25.44,24.49,23.84,23.5,25.58
11/10/2020,25.5,24.33,23.75,23.51,25.71
11/09/2020,25.16,24.23,23.63,23.46,25.84
11/06/2020,24.87,23.94,23.49,23.39,25.92
11/05/2020,24.33,23.83,23.37,23.35,26.01
11/04/2020,23.54,23.63,23.19,23.22,26.09
11/03/2020,23.15,23.45,23.05,23.18,26.17
11/02/2020,23.3,23.34,22.94,23.24,26.26
10/30/2020,23.02,23.09,22.84,23.31,26.31
10/29/2020,23.32,23.05,22.86,23.49,26.4
10/28/2020,23.72,23.19,23.0,23.74,26.52
10/27/2020,23.75,23.18,23.1,23.95,26.55
10/26/2020,23.38,23.03,23.07,24.14,26.54
10/23/2020,23.15,23.03,23.11,24.34,26.47
10/22/2020,22.78,22.9,23.1,24.52,26.38
10/21/2020,22.66,22.75,23.02,24.7,26.3
10/20/2020,22.62,22.66,23.05,24.86,26.22
10/19/2020,22.68,22.55,23.2,25.01,26.13
10/16/2020,22.91,22.6,23.42,25.12,0.0
10/15/2020,23.03,22.66,23.72,25.31,0.0
10/14/2020,22.84,22.82,24.01,25.51,0.0
10/13/2020,22.7,23.02,24.33,25.69,0.0
10/12/2020,22.41,23.12,24.69,25.89,0.0
10/09/2020,22.29,23.19,25.0,26.09,0.0
10/08/2020,22.3,23.31,25.33,26.23,0.0
10/07/2020,22.8,23.29,25.68,26.45,0.0
10/06/2020,23.34,23.45,25.97,26.69,0.0
10/05/2020,23.82,23.84,26.24,26.98,0.0
10/02/2020,24.09,24.24,26.38,27.21,0.0
10/01/2020,24.31,24.77,26.63,27.44,0.0
09/30/2020,23.78,25.21,26.86,27.65,0.0
09/29/2020,23.55,25.64,27.03,27.92,0.0
09/28/2020,23.87,26.27,27.28,28.22,0.0
09/25/2020,24.39,26.81,27.55,28.46,0.0
09/24/2020,25.22,27.36,27.7,28.68,0.0
09/23/2020,26.64,28.08,28.03,28.96,0.0
09/22/2020,27.73,28.49,28.32,29.16,0.0
09/21/2020,28.67,28.63,28.54,29.27,0.0
09/18/2020,29.23,28.53,28.69,29.31,0.0
09/17/2020,29.5,28.5,28.78,29.31,0.0
09/16/2020,29.51,28.5,28.87,29.31,0.0
09/15/2020,29.24,28.41,29.06,29.16,0.0
09/14/2020,28.59,28.29,29.19,28.93,0.0
09/11/2020,27.82,28.28,29.28,28.6,0.0
09/10/2020,27.49,28.04,29.34,28.23,0.0
09/09/2020,27.5,27.99,29.4,27.89,0.0
09/08/2020,27.58,28.15,29.5,27.57,0.0
09/04/2020,27.98,28.45,29.6,27.26,0.0
09/03/2020,28.74,28.86,29.7,0.0,0.0
09/02/2020,28.58,29.07,29.72,0.0,0.0
09/01/2020,28.48,29.24,29.71,0.0,0.0
08/31/2020,28.72,29.71,29.54,0.0,0.0
08/28/2020,28.92,30.1,29.26,0.0,0.0
08/27/2020,28.98,30.28,28.76,0.0,0.0
08/26/2020,29.55,30.64,28.32,0.0,0.0
08/25/2020,30.01,30.81,27.84,0.0,0.0
08/24/2020,30.69,30.85,27.28,0.0,0.0
08/21/2020,31.27,30.74,26.66,0.0,0.0
08/20/2020,31.58,30.54,0.0,0.0,0.0
08/19/2020,31.74,30.36,0.0,0.0,0.0
08/18/2020,31.61,30.17,0.0,0.0,0.0
08/17/2020,31.01,29.37,0.0,0.0,0.0
08/14/2020,30.21,28.41,0.0,0.0,0.0
08/13/2020,29.51,27.24,0.0,0.0,0.0
08/12/2020,28.99,26.0,0.0,0.0,0.0
08/11/2020,28.74,24.86,0.0,0.0,0.0
08/10/2020,27.72,23.71,0.0,0.0,0.0
08/07/2020,26.62,22.58,0.0,0.0,0.0
08/06/2020,24.97,0.0,0.0,0.0,0.0
08/05/2020,23.01,0.0,0.0,0.0,0.0
08/04/2020,20.99,0.0,0.0,0.0,0.0
08/03/2020,19.7,0.0,0.0,0.0,0.0
07/31/2020,18.54,0.0,0.0,0.0,0.0
07/30/2020,0.0,0.0,0.0,0.0,0.0
07/29/2020,0.0,0.0,0.0,0.0,0.0
07/28/2020,0.0,0.0,0.0,0.0,0.0
07/27/2020,0.0,0.0,0.0,0.0,0.0
