12/30/2022,9.09,9.17,9.51,9.57,9.29
12/29/2022,9.06,9.21,9.56,9.59,9.28
12/28/2022,9.09,9.28,9.62,9.62,9.28
12/27/2022,9.12,9.39,9.67,9.66,9.28
12/23/2022,9.2,9.48,9.7,9.72,9.27
12/22/2022,9.25,9.55,9.71,9.72,9.27
12/21/2022,9.36,9.65,9.73,9.71,9.27
12/20/2022,9.48,9.67,9.75,9.7,9.26
12/19/2022,9.65,9.71,9.76,9.7,9.27
12/16/2022,9.76,9.78,9.77,9.68,9.25
12/15/2022,9.85,9.85,9.77,9.65,9.24
12/14/2022,9.93,9.91,9.78,9.62,9.23
12/13/2022,9.87,9.95,9.78,9.59,9.21
12/12/2022,9.78,9.95,9.8,9.56,9.2
12/09/2022,9.79,9.92,9.84,9.52,9.19
12/08/2022,9.85,9.88,9.8,9.47,9.19
12/07/2022,9.9,9.82,9.74,9.42,9.2
12/06/2022,10.03,9.82,9.72,9.4,9.21
12/05/2022,10.11,9.81,9.69,9.36,9.23
12/02/2022,10.04,9.77,9.63,9.3,9.24
12/01/2022,9.91,9.7,9.55,9.24,9.24
11/30/2022,9.74,9.64,9.47,9.19,9.24
11/29/2022,9.61,9.62,9.41,9.16,9.24
11/28/2022,9.51,9.65,9.36,9.13,9.25
11/25/2022,9.5,9.76,9.32,9.1,9.25
11/23/2022,9.49,9.73,9.27,9.07,9.26
11/22/2022,9.54,9.66,9.22,9.05,9.27
11/21/2022,9.63,9.61,9.19,9.03,9.28
11/18/2022,9.8,9.57,9.13,9.03,9.29
11/17/2022,10.01,9.48,9.06,9.01,9.31
11/16/2022,9.96,9.4,9.01,9.0,9.33
11/15/2022,9.77,9.31,8.96,8.98,9.35
11/14/2022,9.59,9.21,8.92,8.95,9.35
11/11/2022,9.33,9.07,8.87,8.9,9.36
11/10/2022,8.96,8.89,8.77,8.83,9.36
11/09/2022,8.83,8.81,8.75,8.81,9.39
11/08/2022,8.84,8.79,8.75,8.83,9.43
11/07/2022,8.82,8.77,8.74,8.82,9.47
11/04/2022,8.81,8.7,8.76,8.83,9.51
11/03/2022,8.81,8.64,8.77,8.83,9.56
11/02/2022,8.8,8.62,8.8,8.83,9.62
11/01/2022,8.74,8.61,8.82,8.84,9.67
10/31/2022,8.72,8.64,8.82,8.83,9.72
10/28/2022,8.59,8.67,8.82,8.85,9.77
10/27/2022,8.47,8.65,8.81,8.87,9.82
10/26/2022,8.44,8.68,8.81,8.91,9.88
10/25/2022,8.49,8.72,8.85,8.97,9.93
10/24/2022,8.56,8.72,8.85,9.01,9.98
10/21/2022,8.75,8.82,8.9,9.11,10.04
10/20/2022,8.83,8.89,8.92,9.19,10.09
10/19/2022,8.92,8.99,8.94,9.24,10.14
10/18/2022,8.94,9.03,8.95,9.3,10.18
10/17/2022,8.88,9.01,8.93,9.33,10.21
10/14/2022,8.89,8.97,8.94,9.36,10.25
10/13/2022,8.95,8.96,8.98,9.41,10.31
10/12/2022,9.06,8.94,9.02,9.45,10.36
10/11/2022,9.11,8.99,9.1,9.48,10.41
10/10/2022,9.14,8.98,9.16,9.52,10.46
10/07/2022,9.04,8.98,9.25,9.56,10.49
10/06/2022,8.97,8.96,9.33,9.62,10.53
10/05/2022,8.83,8.89,9.37,9.66,10.56
10/04/2022,8.88,8.88,9.44,9.71,10.6
10/03/2022,8.81,8.85,9.5,9.74,10.63
09/30/2022,8.93,8.91,9.56,9.81,10.68
09/29/2022,8.94,8.99,9.63,9.89,10.73
09/28/2022,8.95,9.09,9.7,9.96,10.78
09/27/2022,8.88,9.2,9.73,10.04,10.83
09/26/2022,8.89,9.34,9.79,10.13,10.87
09/23/2022,8.9,9.51,9.85,10.18,10.89
09/22/2022,9.04,9.71,9.95,10.29,10.94
09/21/2022,9.23,9.85,10.05,10.41,10.98
09/20/2022,9.52,10.0,10.13,10.5,11.02
09/19/2022,9.79,10.14,10.19,10.61,11.08
09/16/2022,10.13,10.22,10.26,10.69,11.12
09/15/2022,10.38,10.28,10.34,10.77,11.16
09/14/2022,10.47,10.3,10.4,10.85,11.19
09/13/2022,10.48,10.25,10.45,10.9,11.2
09/12/2022,10.48,10.24,10.52,10.95,11.2
09/09/2022,10.3,10.19,10.51,10.97,11.2
09/08/2022,10.18,10.19,10.58,11.0,11.21
09/07/2022,10.13,10.24,10.68,11.04,11.23
09/06/2022,10.01,10.25,10.74,11.06,11.26
09/02/2022,9.99,10.24,10.85,11.09,11.29
09/01/2022,10.07,10.3,10.93,11.14,11.33
08/31/2022,10.21,10.39,11.02,11.2,11.37
08/30/2022,10.35,10.5,11.13,11.28,11.41
08/29/2022,10.48,10.66,11.22,11.35,11.46
08/26/2022,10.5,10.8,11.31,11.4,11.51
08/25/2022,10.53,10.83,11.37,11.43,11.54
08/24/2022,10.58,10.96,11.4,11.44,11.56
08/23/2022,10.65,11.12,11.44,11.47,11.58
08/22/2022,10.83,11.24,11.46,11.49,11.61
08/19/2022,11.1,11.45,11.51,11.52,11.63
08/18/2022,11.13,11.56,11.56,11.55,11.64
08/17/2022,11.35,11.65,11.61,11.58,11.65
08/16/2022,11.59,11.76,11.67,11.6,11.65
08/15/2022,11.65,11.79,11.69,11.62,11.66
08/12/2022,11.79,11.82,11.69,11.61,11.65
08/11/2022,11.99,11.9,11.72,11.61,11.67
08/10/2022,11.94,11.84,11.68,11.59,11.66
08/09/2022,11.93,11.75,11.64,11.56,11.64
08/08/2022,11.93,11.68,11.61,11.54,11.65
08/05/2022,11.85,11.58,11.56,11.55,11.65
08/04/2022,11.81,11.56,11.54,11.55,11.67
08/03/2022,11.74,11.58,11.55,11.55,11.71
08/02/2022,11.57,11.58,11.52,11.52,11.73
08/01/2022,11.43,11.6,11.53,11.49,11.77
07/29/2022,11.3,11.57,11.5,11.45,11.82
07/28/2022,11.32,11.55,11.47,11.43,11.87
07/27/2022,11.42,11.52,11.47,11.42,11.92
07/26/2022,11.58,11.53,11.46,11.43,11.97
07/25/2022,11.76,11.55,11.48,11.46,12.03
07/22/2022,11.83,11.54,11.53,11.5,12.09
07/21/2022,11.78,11.53,11.54,11.52,12.13
07/20/2022,11.62,11.52,11.54,11.53,12.18
07/19/2022,11.48,11.47,11.49,11.54,12.22
07/18/2022,11.33,11.46,11.44,11.57,12.27
07/15/2022,11.25,11.44,11.39,11.61,12.33
07/14/2022,11.28,11.39,11.37,11.65,12.4
07/13/2022,11.42,11.41,11.37,11.68,12.46
07/12/2022,11.46,11.39,11.38,11.7,12.52
07/11/2022,11.58,11.4,11.41,11.72,12.6
07/08/2022,11.63,11.52,11.47,11.74,12.66
07/07/2022,11.5,11.55,11.51,11.73,12.72
07/06/2022,11.4,11.56,11.54,11.71,12.78
07/05/2022,11.31,11.51,11.58,11.7,12.83
07/01/2022,11.22,11.42,11.63,11.7,12.89
06/30/2022,11.41,11.34,11.7,11.69,12.95
06/29/2022,11.6,11.36,11.77,11.72,13.02
06/28/2022,11.71,11.33,11.82,11.73,13.08
06/27/2022,11.71,11.37,11.86,11.73,13.14
06/24/2022,11.62,11.42,11.88,11.76,13.22
06/23/2022,11.26,11.42,11.85,11.75,13.27
06/22/2022,11.12,11.48,11.82,11.8,13.33
06/21/2022,10.96,11.53,11.79,11.86,13.39
06/17/2022,11.04,11.65,11.8,11.95,13.47
06/16/2022,11.23,11.84,11.84,12.05,13.55
06/15/2022,11.59,12.07,11.87,12.19,13.64
06/14/2022,11.84,12.19,11.91,12.3,13.72
06/13/2022,12.1,12.3,11.92,12.43,13.81
06/10/2022,12.26,12.35,11.91,12.52,13.89
06/09/2022,12.45,12.34,11.92,12.61,13.96
06/08/2022,12.55,12.27,11.92,12.68,14.01
06/07/2022,12.54,12.16,11.96,12.74,14.04
06/06/2022,12.5,12.06,12.03,12.82,14.09
06/03/2022,12.44,11.96,12.1,12.89,14.13
06/02/2022,12.22,11.83,12.15,12.96,14.16
06/01/2022,12.0,11.68,12.24,13.05,14.19
05/31/2022,11.77,11.62,12.35,13.15,14.23
05/27/2022,11.62,11.55,12.49,13.24,14.28
05/26/2022,11.47,11.47,12.6,13.35,14.34
05/25/2022,11.45,11.51,12.74,13.47,14.42
05/24/2022,11.37,11.56,12.88,13.59,14.49
05/23/2022,11.47,11.76,13.03,13.72,14.57
05/20/2022,11.48,11.99,13.2,13.84,14.64
05/19/2022,11.47,12.24,13.36,13.96,14.71
05/18/2022,11.57,12.47,13.53,14.08,14.76
05/17/2022,11.75,12.81,13.73,14.2,14.83
05/16/2022,12.05,13.08,13.91,14.32,14.9
05/13/2022,12.51,13.43,14.09,14.44,14.99
05/12/2022,13.01,13.74,14.28,14.56,15.09
05/11/2022,13.36,13.98,14.45,14.68,15.17
05/10/2022,13.86,14.2,14.6,14.79,15.24
05/09/2022,14.11,14.29,14.7,14.85,15.3
05/06/2022,14.35,14.41,14.77,14.93,15.35
05/05/2022,14.46,14.48,14.83,14.99,15.41
05/04/2022,14.59,14.59,14.88,15.05,15.47
05/03/2022,14.53,14.65,14.9,15.1,15.5
05/02/2022,14.47,14.74,14.94,15.15,15.54
04/29/2022,14.47,14.75,14.95,15.2,15.57
04/28/2022,14.5,14.83,14.97,15.26,15.61
04/27/2022,14.6,14.93,15.03,15.31,15.66
04/26/2022,14.77,15.0,15.09,15.34,15.71
04/25/2022,15.0,15.1,15.14,15.35,15.75
04/22/2022,15.02,15.12,15.18,15.35,15.77
04/21/2022,15.16,15.17,15.25,15.36,15.8
04/20/2022,15.26,15.17,15.28,15.36,15.83
04/19/2022,15.24,15.15,15.33,15.33,15.86
04/18/2022,15.2,15.15,15.35,15.31,15.87
04/14/2022,15.22,15.15,15.42,15.32,15.89
04/13/2022,15.18,15.1,15.48,15.34,15.92
04/12/2022,15.08,15.13,15.51,15.36,15.94
04/11/2022,15.05,15.18,15.51,15.38,15.97
04/08/2022,15.09,15.17,15.48,15.41,16.01
04/07/2022,15.08,15.25,15.47,15.44,16.05
04/06/2022,15.03,15.33,15.46,15.45,16.1
04/05/2022,15.18,15.4,15.46,15.45,16.15
04/04/2022,15.3,15.51,15.43,15.46,16.2
04/01/2022,15.25,15.56,15.39,15.48,16.25
03/31/2022,15.41,15.7,15.41,15.54,16.29
03/30/2022,15.62,15.85,15.46,15.61,16.36
03/29/2022,15.62,15.89,15.48,15.66,16.42
03/28/2022,15.71,15.84,15.49,15.69,16.46
03/25/2022,15.87,15.79,15.54,15.74,16.51
03/24/2022,15.99,15.69,15.54,15.77,16.56
03/23/2022,16.08,15.59,15.51,15.83,16.6
03/22/2022,16.15,15.52,15.48,15.88,16.64
03/21/2022,15.97,15.35,15.44,15.9,16.68
03/18/2022,15.7,15.22,15.44,15.93,16.71
03/17/2022,15.4,15.12,15.46,15.93,16.74
03/16/2022,15.1,15.06,15.5,15.97,16.75
03/15/2022,14.88,15.08,15.54,16.01,16.78
03/14/2022,14.73,15.14,15.62,16.08,16.81
03/11/2022,14.75,15.29,15.71,16.15,16.86
03/10/2022,14.83,15.39,15.81,16.19,16.9
03/09/2022,15.03,15.44,15.95,16.24,16.94
03/08/2022,15.28,15.44,16.06,16.3,16.99
03/07/2022,15.55,15.54,16.18,16.38,17.05
03/04/2022,15.82,15.66,16.29,16.43,17.12
03/03/2022,15.94,15.8,16.34,16.47,17.18
03/02/2022,15.85,15.93,16.42,16.5,17.24
03/01/2022,15.6,16.0,16.48,16.51,17.24
02/28/2022,15.53,16.1,16.55,16.55,17.26
02/25/2022,15.5,16.14,16.58,16.6,17.26
02/24/2022,15.67,16.24,16.59,16.66,17.26
02/23/2022,16.0,16.45,16.64,16.75,17.28
02/22/2022,16.4,16.68,16.73,16.85,17.31
02/18/2022,16.66,16.82,16.8,16.94,17.33
02/17/2022,16.77,16.91,16.81,17.01,17.34
02/16/2022,16.81,16.88,16.8,17.05,17.34
02/15/2022,16.9,16.92,16.78,17.11,17.34
02/14/2022,16.96,16.96,16.77,17.18,17.35
02/11/2022,16.97,17.01,16.78,17.23,17.37
02/10/2022,17.04,17.01,16.83,17.29,17.4
02/09/2022,16.96,16.94,16.87,17.34,17.42
02/08/2022,16.93,16.83,16.9,17.37,17.42
02/07/2022,16.96,16.77,16.94,17.4,17.44
02/04/2022,17.04,16.78,17.0,17.45,17.47
02/03/2022,16.98,16.71,17.06,17.49,17.51
02/02/2022,16.91,16.72,17.13,17.54,17.56
02/01/2022,16.72,16.65,17.21,17.54,17.59
01/31/2022,16.58,16.57,17.29,17.54,17.62
01/28/2022,16.53,16.56,17.34,17.54,17.65
01/27/2022,16.44,16.65,17.43,17.57,17.68
01/26/2022,16.52,16.81,17.55,17.61,17.71
01/25/2022,16.57,16.98,17.64,17.64,17.74
01/24/2022,16.56,17.11,17.71,17.68,17.77
01/21/2022,16.59,17.22,17.79,17.72,17.79
01/20/2022,16.86,17.41,17.88,17.81,17.82
01/19/2022,17.1,17.55,17.95,17.9,17.85
01/18/2022,17.4,17.78,17.99,17.98,17.87
01/14/2022,17.65,18.0,18.02,17.98,17.9
01/13/2022,17.84,18.11,18.03,17.97,17.91
01/12/2022,17.97,18.2,18.04,17.92,17.91
01/11/2022,18.0,18.28,18.01,17.87,17.91
01/10/2022,18.17,18.3,17.97,17.81,17.89
01/07/2022,18.35,18.32,17.97,17.76,17.89
01/06/2022,18.38,18.36,17.97,17.72,17.89
01/05/2022,18.44,18.35,18.0,17.67,17.88
01/04/2022,18.56,18.35,18.07,17.64,17.88
01/03/2022,18.43,18.19,18.08,17.57,17.87
12/31/2021,18.28,18.04,17.96,17.53,17.86
12/30/2021,18.34,17.95,17.9,17.52,17.86
12/29/2021,18.26,17.87,17.78,17.52,17.85
12/28/2021,18.14,17.74,17.66,17.49,17.83
12/27/2021,17.94,17.65,17.56,17.47,17.85
12/23/2021,17.81,17.62,17.49,17.48,17.85
12/22/2021,17.55,17.58,17.4,17.49,17.83
12/21/2021,17.48,17.66,17.33,17.53,17.82
12/20/2021,17.34,17.8,17.28,17.58,17.82
12/17/2021,17.35,17.97,17.26,17.65,17.82
12/16/2021,17.42,17.88,17.27,17.7,17.82
12/15/2021,17.61,17.85,17.31,17.75,17.83
12/14/2021,17.84,17.7,17.34,17.78,17.84
12/13/2021,18.26,17.59,17.37,17.81,17.84
12/10/2021,18.59,17.48,17.39,17.85,17.85
12/09/2021,18.34,17.36,17.41,17.85,17.87
12/08/2021,18.09,17.22,17.44,17.86,17.88
12/07/2021,17.55,17.0,17.46,17.84,17.87
12/06/2021,16.91,16.76,17.47,17.79,17.86
12/03/2021,16.37,16.56,17.48,17.77,17.84
12/02/2021,16.38,16.66,17.61,17.82,17.87
12/01/2021,16.36,16.77,17.71,17.85,17.9
11/30/2021,16.44,16.98,17.82,17.9,17.94
11/29/2021,16.62,17.15,17.93,17.95,17.99
11/26/2021,16.74,17.29,18.03,17.98,18.04
11/24/2021,16.93,17.46,18.1,18.02,18.08
11/23/2021,17.18,17.66,18.17,18.05,18.12
11/22/2021,17.52,17.93,18.26,18.1,18.16
11/19/2021,17.68,18.18,18.31,18.13,18.19
11/18/2021,17.84,18.41,18.38,18.16,18.22
11/17/2021,18.0,18.56,18.4,18.19,18.24
11/16/2021,18.14,18.64,18.39,18.19,18.25
11/15/2021,18.33,18.66,18.36,18.18,18.29
11/12/2021,18.67,18.71,18.34,18.18,18.33
11/11/2021,18.98,18.77,18.32,18.22,18.34
11/10/2021,19.13,18.73,18.29,18.22,18.35
11/09/2021,19.15,18.69,18.24,18.17,18.34
11/08/2021,18.98,18.6,18.18,18.12,18.33
11/05/2021,18.74,18.44,18.1,18.06,18.33
11/04/2021,18.55,18.34,18.04,18.0,18.35
11/03/2021,18.33,18.24,18.0,17.95,18.36
11/02/2021,18.22,18.13,17.97,17.91,18.39
11/01/2021,18.21,18.07,17.95,17.89,18.42
10/29/2021,18.13,17.98,17.91,17.87,18.45
10/28/2021,18.13,17.88,17.95,17.86,18.48
10/27/2021,18.15,17.85,17.96,17.88,18.52
10/26/2021,18.04,17.8,17.92,17.9,18.56
10/25/2021,17.93,17.77,17.88,17.91,18.62
10/22/2021,17.82,17.77,17.87,17.92,18.67
10/21/2021,17.62,17.74,17.83,17.92,18.72
10/20/2021,17.55,17.75,17.8,17.92,18.77
10/19/2021,17.57,17.8,17.8,17.95,18.83
10/18/2021,17.6,17.83,17.8,17.98,18.91
10/15/2021,17.71,17.84,17.82,18.04,19.02
10/14/2021,17.86,18.02,17.85,18.1,19.11
10/13/2021,17.95,18.07,17.89,18.14,19.18
10/12/2021,18.04,18.03,17.94,18.19,19.24
10/11/2021,18.05,18.0,17.98,18.22,19.27
10/08/2021,17.97,17.97,17.99,18.25,19.32
10/07/2021,18.18,17.92,18.0,18.27,19.37
10/06/2021,18.19,17.85,18.0,18.29,19.41
10/05/2021,18.03,17.8,18.02,18.31,19.47
10/04/2021,17.95,17.78,18.05,18.4,19.55
10/01/2021,17.97,17.81,18.14,18.48,19.62
09/30/2021,17.65,17.69,18.14,18.46,19.66
09/29/2021,17.5,17.71,18.18,18.49,19.73
09/28/2021,17.58,17.85,18.27,18.51,19.82
09/27/2021,17.61,17.95,18.33,18.54,19.91
09/24/2021,17.64,18.02,18.39,18.61,19.98
09/23/2021,17.72,18.09,18.45,18.7,20.05
09/22/2021,17.92,18.16,18.51,18.78,20.1
09/21/2021,18.13,18.24,18.57,18.86,20.18
09/20/2021,18.29,18.32,18.71,18.95,0.0
09/17/2021,18.4,18.48,18.81,19.04,0.0
09/16/2021,18.46,18.59,18.85,19.1,0.0
09/15/2021,18.4,18.64,18.87,19.16,0.0
09/14/2021,18.34,18.68,18.84,19.23,0.0
09/13/2021,18.35,18.7,18.83,19.34,0.0
09/10/2021,18.56,18.75,18.9,19.42,0.0
09/09/2021,18.71,18.8,19.0,19.52,0.0
09/08/2021,18.88,18.85,19.09,19.62,0.0
09/07/2021,19.02,18.9,19.18,19.71,0.0
09/03/2021,19.04,19.1,19.26,19.85,0.0
09/02/2021,18.95,19.14,19.31,19.99,0.0
09/01/2021,18.89,19.12,19.36,20.11,0.0
08/31/2021,18.82,19.11,19.42,20.22,0.0
08/30/2021,18.79,19.0,19.51,20.29,0.0
08/27/2021,19.17,18.97,19.66,20.33,0.0
08/26/2021,19.34,19.06,19.76,20.4,0.0
08/25/2021,19.34,19.2,19.88,20.46,0.0
08/24/2021,19.39,19.33,20.0,20.54,0.0
08/23/2021,19.21,19.45,20.11,20.62,0.0
08/20/2021,18.77,19.42,20.22,20.69,0.0
08/19/2021,18.77,19.49,20.42,20.76,0.0
08/18/2021,19.06,19.6,20.61,20.86,0.0
08/17/2021,19.26,19.74,20.78,20.98,0.0
08/16/2021,19.69,20.02,20.93,21.14,0.0
08/13/2021,20.07,20.34,21.01,21.28,0.0
08/12/2021,20.2,20.46,21.07,21.36,0.0
08/11/2021,20.15,20.57,21.1,21.4,0.0
08/10/2021,20.21,20.68,21.15,21.43,0.0
08/09/2021,20.35,20.76,21.21,21.5,0.0
08/06/2021,20.62,21.03,21.32,0.0,0.0
08/05/2021,20.73,21.35,21.4,0.0,0.0
08/04/2021,20.99,21.62,21.49,0.0,0.0
08/03/2021,21.15,21.82,21.59,0.0,0.0
08/02/2021,21.17,21.84,21.69,0.0,0.0
07/30/2021,21.43,21.68,21.75,0.0,0.0
07/29/2021,21.97,21.67,21.81,0.0,0.0
07/28/2021,22.25,21.63,21.82,0.0,0.0
07/27/2021,22.49,21.62,21.81,0.0,0.0
07/26/2021,22.5,21.65,21.87,0.0,0.0
07/23/2021,21.92,21.62,0.0,0.0,0.0
07/22/2021,21.37,21.44,0.0,0.0,0.0
07/21/2021,21.0,21.36,0.0,0.0,0.0
07/20/2021,20.75,21.37,0.0,0.0,0.0
07/19/2021,20.81,21.55,0.0,0.0,0.0
07/16/2021,21.32,21.82,0.0,0.0,0.0
07/15/2021,21.52,21.94,0.0,0.0,0.0
07/14/2021,21.72,22.02,0.0,0.0,0.0
07/13/2021,21.99,21.99,0.0,0.0,0.0
07/12/2021,22.29,22.09,0.0,0.0,0.0
07/09/2021,22.32,0.0,0.0,0.0,0.0
07/08/2021,22.37,0.0,0.0,0.0,0.0
07/07/2021,22.32,0.0,0.0,0.0,0.0
07/06/2021,21.99,0.0,0.0,0.0,0.0
07/02/2021,21.88,0.0,0.0,0.0,0.0
07/01/2021,0.0,0.0,0.0,0.0,0.0
06/30/2021,0.0,0.0,0.0,0.0,0.0
06/29/2021,0.0,0.0,0.0,0.0,0.0
06/28/2021,0.0,0.0,0.0,0.0,0.0
