12/30/2022,43.06,42.97,43.97,44.39,42.61
12/29/2022,42.65,42.98,44.22,44.48,42.48
12/28/2022,42.77,43.42,44.36,44.7,42.38
12/27/2022,43.03,43.93,44.44,44.9,42.26
12/23/2022,42.9,44.32,44.54,45.07,42.11
12/22/2022,42.89,44.31,44.68,45.16,41.97
12/21/2022,43.32,44.43,44.8,45.01,41.87
12/20/2022,44.07,44.48,44.83,44.9,41.72
12/19/2022,44.83,44.48,44.88,44.81,41.61
12/16/2022,45.73,44.66,44.99,44.83,41.49
12/15/2022,45.73,44.97,45.1,44.83,41.35
12/14/2022,45.53,45.45,45.23,44.8,41.21
12/13/2022,44.89,45.31,45.34,44.72,41.03
12/12/2022,44.13,44.95,45.38,44.63,40.97
12/09/2022,43.59,44.76,45.45,44.54,40.91
12/08/2022,44.21,45.05,45.58,44.49,40.93
12/07/2022,45.37,45.18,45.3,44.41,40.92
12/06/2022,45.74,45.18,45.11,44.29,40.87
12/05/2022,45.78,45.29,44.98,44.2,40.87
12/02/2022,45.93,45.33,44.91,44.08,40.86
12/01/2022,45.9,45.22,44.76,43.81,40.8
11/30/2022,44.98,45.02,44.48,43.41,40.68
11/29/2022,44.63,45.37,44.43,43.11,40.58
11/28/2022,44.8,45.81,44.46,42.87,40.52
11/25/2022,44.73,46.14,44.42,42.51,40.42
11/23/2022,44.55,46.11,44.2,42.2,40.32
11/22/2022,45.05,45.42,44.02,41.9,40.26
11/21/2022,46.1,45.03,43.85,41.64,40.21
11/18/2022,46.81,44.67,43.65,41.37,40.17
11/17/2022,47.56,44.5,43.46,41.1,40.19
11/16/2022,47.67,44.3,43.11,40.82,40.17
11/15/2022,45.79,43.94,42.61,40.48,40.1
11/14/2022,43.95,43.5,41.98,40.05,39.99
11/11/2022,42.52,43.12,41.4,39.62,39.94
11/10/2022,41.44,42.7,40.7,39.15,39.91
11/09/2022,40.92,42.3,40.24,38.78,39.88
11/08/2022,42.09,42.63,40.13,38.73,40.04
11/07/2022,43.04,42.67,39.95,38.55,40.14
11/04/2022,43.72,42.64,39.71,38.41,40.23
11/03/2022,43.97,42.42,39.4,38.15,40.26
11/02/2022,43.67,41.92,39.09,37.87,40.28
11/01/2022,43.16,41.29,38.75,37.62,40.24
10/31/2022,42.3,40.47,38.33,37.34,40.19
10/28/2022,41.56,39.68,37.87,37.31,40.16
10/27/2022,40.87,38.7,37.37,37.29,40.12
10/26/2022,40.17,38.18,37.03,37.37,40.11
10/25/2022,39.41,37.64,36.78,37.44,40.1
10/24/2022,38.65,37.23,36.48,37.44,40.09
10/21/2022,37.8,36.79,36.29,37.55,40.09
10/20/2022,36.52,36.39,36.01,37.64,40.06
10/19/2022,36.19,36.25,35.85,37.79,40.04
10/18/2022,35.87,36.22,35.79,37.94,40.02
10/17/2022,35.8,36.2,35.78,38.04,40.03
10/14/2022,35.77,36.07,36.13,38.16,40.06
10/13/2022,36.26,36.05,36.59,38.33,40.13
10/12/2022,36.31,35.88,36.97,38.44,40.16
10/11/2022,36.57,35.92,37.34,38.62,40.18
10/10/2022,36.59,35.74,37.55,38.77,40.17
10/07/2022,36.36,35.79,37.93,38.97,40.14
10/06/2022,35.84,35.63,38.27,39.27,40.11
10/05/2022,35.44,35.45,38.56,39.52,40.06
10/04/2022,35.28,35.36,38.81,39.72,40.02
10/03/2022,34.9,35.36,38.96,39.93,39.99
09/30/2022,35.21,36.19,39.21,40.25,40.01
09/29/2022,35.42,37.14,39.47,40.66,40.04
09/28/2022,35.46,38.06,39.73,40.98,40.02
09/27/2022,35.44,38.75,39.96,41.36,39.98
09/26/2022,35.82,39.35,40.29,41.74,39.96
09/23/2022,37.17,40.08,40.56,42.06,39.92
09/22/2022,38.85,40.91,41.1,42.38,39.91
09/21/2022,40.65,41.67,41.55,42.68,39.87
09/20/2022,42.06,42.25,41.9,42.87,39.84
09/19/2022,42.88,42.57,42.22,43.04,39.81
09/16/2022,42.98,42.23,42.28,43.0,39.65
09/15/2022,42.97,41.81,42.43,42.95,39.47
09/14/2022,42.68,41.4,42.44,42.84,39.25
09/13/2022,42.45,41.18,42.67,42.77,39.04
09/12/2022,42.25,41.23,42.94,42.73,38.85
09/09/2022,41.49,41.05,43.05,42.62,38.64
09/08/2022,40.64,41.28,43.11,42.47,38.46
09/07/2022,40.12,41.44,43.18,42.29,38.3
09/06/2022,39.91,41.55,43.18,42.11,38.19
09/02/2022,40.21,41.87,43.28,42.03,38.1
09/01/2022,40.62,42.32,43.39,41.95,38.08
08/31/2022,41.92,43.05,43.53,41.93,38.08
08/30/2022,42.76,43.48,43.56,41.88,38.09
08/29/2022,43.18,44.15,43.56,41.75,38.1
08/26/2022,43.53,44.65,43.48,41.56,38.11
08/25/2022,44.01,45.05,43.41,41.31,38.08
08/24/2022,44.18,44.94,43.07,40.94,38.0
08/23/2022,44.21,44.93,42.71,40.6,37.94
08/22/2022,45.12,44.81,42.39,40.31,37.88
08/19/2022,45.78,44.7,42.11,40.05,37.78
08/18/2022,46.09,44.46,41.76,39.78,37.68
08/17/2022,45.69,44.0,41.37,39.42,37.57
08/16/2022,45.65,43.64,41.07,39.05,37.47
08/15/2022,44.5,42.98,40.55,38.6,37.33
08/12/2022,43.62,42.32,40.01,38.17,37.21
08/11/2022,42.82,41.76,39.44,37.78,37.14
08/10/2022,42.31,41.2,38.94,37.44,37.06
08/09/2022,41.62,40.5,38.43,37.06,36.97
08/08/2022,41.45,39.96,38.06,36.82,36.92
08/05/2022,41.01,39.51,37.73,36.57,36.8
08/04/2022,40.7,39.07,37.44,36.3,36.77
08/03/2022,40.09,38.74,37.13,35.98,36.75
08/02/2022,39.37,38.51,36.76,35.67,36.8
08/01/2022,38.47,38.13,36.42,35.32,36.86
07/29/2022,38.01,37.7,36.1,34.98,37.0
07/28/2022,37.44,37.12,35.78,34.66,37.11
07/27/2022,37.38,36.68,35.55,34.44,37.24
07/26/2022,37.65,36.36,35.35,34.32,37.38
07/25/2022,37.79,36.16,35.24,34.28,37.56
07/22/2022,37.39,35.95,35.11,34.18,37.71
07/21/2022,36.8,35.81,34.91,34.2,37.86
07/20/2022,35.98,35.52,34.61,34.23,38.03
07/19/2022,35.07,35.01,34.25,34.3,38.18
07/18/2022,34.54,34.7,33.91,34.45,38.4
07/15/2022,34.51,34.5,33.61,34.66,38.65
07/14/2022,34.81,34.44,33.43,34.84,38.95
07/13/2022,35.07,34.43,33.32,35.05,39.21
07/12/2022,34.94,34.33,33.3,35.29,39.49
07/11/2022,34.86,34.32,33.33,35.46,39.79
07/08/2022,34.49,34.26,33.3,35.51,40.02
07/07/2022,34.08,34.02,33.4,35.58,40.22
07/06/2022,33.78,33.69,33.58,35.72,40.47
07/05/2022,33.72,33.49,33.95,35.89,40.76
07/01/2022,33.78,33.13,34.32,36.05,41.06
06/30/2022,34.04,32.73,34.73,36.25,41.38
06/29/2022,33.97,32.42,35.04,36.5,41.75
06/28/2022,33.59,32.22,35.37,36.68,42.08
06/27/2022,33.25,32.26,35.77,36.89,42.41
06/24/2022,32.48,32.34,36.02,37.02,42.72
06/23/2022,31.42,32.33,36.13,37.03,43.01
06/22/2022,30.86,32.78,36.36,37.25,43.25
06/21/2022,30.85,33.46,36.74,37.52,43.49
06/17/2022,31.27,34.42,37.08,37.93,43.75
06/16/2022,32.2,35.51,37.51,38.4,44.04
06/15/2022,33.23,36.74,38.01,39.01,44.38
06/14/2022,34.7,37.66,38.55,39.56,44.7
06/13/2022,36.07,38.51,38.9,40.04,45.04
06/10/2022,37.56,39.28,39.2,40.43,45.36
06/09/2022,38.82,39.71,39.35,40.83,45.66
06/08/2022,40.24,39.93,39.39,41.23,45.93
06/07/2022,40.63,39.93,39.48,41.51,46.15
06/06/2022,40.95,40.02,39.56,41.84,46.35
06/03/2022,40.99,39.75,39.69,42.06,46.54
06/02/2022,40.59,39.51,39.85,42.36,46.71
06/01/2022,39.62,39.27,40.15,42.65,46.88
05/31/2022,39.24,39.43,40.51,43.06,47.01
05/27/2022,39.09,39.3,40.8,43.37,47.1
05/26/2022,38.52,39.12,41.01,43.7,47.15
05/25/2022,38.43,39.0,41.4,44.12,47.17
05/24/2022,38.92,38.84,41.88,44.54,47.22
05/23/2022,39.62,39.03,42.3,44.87,47.33
05/20/2022,39.5,39.09,42.75,45.21,47.41
05/19/2022,39.72,39.62,43.22,45.64,47.5
05/18/2022,39.56,40.19,43.78,46.06,47.54
05/17/2022,38.76,41.03,44.34,46.52,47.57
05/16/2022,38.44,41.6,44.88,46.99,47.61
05/13/2022,38.68,42.31,45.4,47.48,47.72
05/12/2022,39.51,42.9,45.99,47.93,47.85
05/11/2022,40.81,43.8,46.67,48.43,48.01
05/10/2022,43.3,44.92,47.38,48.98,48.18
05/09/2022,44.75,45.57,47.79,49.25,48.28
05/06/2022,45.94,46.41,48.27,49.45,48.39
05/05/2022,46.29,46.82,48.65,49.57,48.46
05/04/2022,46.79,47.38,49.0,49.68,48.49
05/03/2022,46.54,47.65,49.27,49.75,48.45
05/02/2022,46.39,48.16,49.69,49.84,48.38
04/29/2022,46.88,48.49,50.07,50.04,48.34
04/28/2022,47.35,49.07,50.45,50.29,48.32
04/27/2022,47.97,49.55,50.74,50.48,48.31
04/26/2022,48.76,49.85,51.02,50.64,48.29
04/25/2022,49.93,50.01,51.09,50.78,48.23
04/22/2022,50.1,50.13,50.97,50.86,48.11
04/21/2022,50.8,50.48,50.94,51.01,48.05
04/20/2022,51.12,50.61,50.82,51.07,47.96
04/19/2022,50.94,50.89,50.81,51.1,47.9
04/18/2022,50.09,51.21,50.68,50.96,47.82
04/14/2022,50.16,51.65,50.81,50.84,47.82
04/13/2022,50.15,51.82,50.9,50.59,47.81
04/12/2022,50.1,51.94,50.95,50.22,47.83
04/11/2022,50.84,52.19,51.03,49.91,47.91
04/08/2022,52.33,52.17,51.16,49.79,48.1
04/07/2022,53.13,51.8,51.22,49.61,48.25
04/06/2022,53.49,51.4,51.27,49.36,48.38
04/05/2022,53.77,51.03,51.3,49.01,48.5
04/04/2022,53.53,50.72,51.21,48.62,48.6
04/01/2022,52.0,50.15,50.83,48.23,48.72
03/31/2022,50.47,49.97,50.44,47.95,48.87
03/30/2022,49.32,49.98,49.98,47.77,49.11
03/29/2022,48.3,49.96,49.36,47.59,49.4
03/28/2022,47.91,49.88,48.78,47.39,49.71
03/25/2022,48.3,50.16,48.59,47.31,50.07
03/24/2022,49.47,50.64,48.51,47.34,50.49
03/23/2022,50.64,51.14,48.34,47.35,50.91
03/22/2022,51.63,51.56,48.0,47.3,51.32
03/21/2022,51.84,51.69,47.57,47.14,51.68
03/18/2022,52.02,51.52,47.27,46.92,52.03
03/17/2022,51.81,50.9,46.94,46.64,52.32
03/16/2022,51.64,49.98,46.66,46.35,52.55
03/15/2022,51.49,48.76,46.4,46.13,52.76
03/14/2022,51.53,47.68,46.14,45.95,53.02
03/11/2022,51.02,47.03,45.89,45.69,53.33
03/10/2022,50.0,46.38,45.69,45.36,53.64
03/09/2022,48.32,45.54,45.45,45.09,53.88
03/08/2022,46.03,44.44,45.17,44.85,54.16
03/07/2022,43.82,43.46,44.87,44.7,54.47
03/04/2022,43.04,43.03,44.61,44.67,54.85
03/03/2022,42.76,42.98,44.51,44.81,55.26
03/02/2022,42.75,43.34,44.54,45.03,55.7
03/01/2022,42.84,44.04,44.82,45.44,56.13
02/28/2022,43.1,44.6,45.08,45.9,56.63
02/25/2022,43.02,44.76,45.01,46.41,57.07
02/24/2022,43.21,45.0,44.85,46.89,57.55
02/23/2022,43.92,45.36,44.86,47.4,58.05
02/22/2022,45.23,45.91,45.05,48.0,58.56
02/18/2022,46.11,46.29,45.32,48.58,59.12
02/17/2022,46.49,46.2,45.5,49.2,59.64
02/16/2022,46.78,46.03,45.72,49.78,60.15
02/15/2022,46.79,45.74,45.88,50.46,60.63
02/14/2022,46.58,45.6,46.14,51.21,61.11
02/11/2022,46.46,45.57,46.55,52.03,61.61
02/10/2022,45.9,45.27,47.24,52.83,62.15
02/09/2022,45.28,44.71,47.84,53.65,62.64
02/08/2022,44.7,44.37,48.43,54.47,63.12
02/07/2022,44.61,44.19,49.04,55.34,63.62
02/04/2022,44.67,44.36,49.73,56.21,64.14
02/03/2022,44.64,44.79,50.7,57.15,64.71
02/02/2022,44.14,45.41,51.66,58.01,65.23
02/01/2022,44.04,46.02,52.82,58.75,65.71
01/31/2022,43.78,46.68,54.02,59.38,66.18
01/28/2022,44.05,47.53,55.26,60.09,66.61
01/27/2022,44.95,49.21,56.61,60.98,67.06
01/26/2022,46.67,50.97,58.12,61.93,67.51
01/25/2022,48.0,52.48,59.52,62.67,67.92
01/24/2022,49.59,53.89,60.92,63.47,68.29
01/21/2022,51.01,55.1,62.14,64.25,68.58
01/20/2022,53.47,56.61,63.33,65.03,68.88
01/19/2022,55.26,57.91,64.31,65.71,69.13
01/18/2022,56.97,59.61,65.11,66.36,69.37
01/14/2022,58.18,61.36,65.73,66.83,69.55
01/13/2022,59.18,62.98,66.36,67.37,69.7
01/12/2022,59.75,64.01,66.87,67.74,69.73
01/11/2022,60.55,65.27,67.4,68.21,69.8
01/10/2022,62.26,66.56,67.76,68.7,69.85
01/07/2022,64.53,67.94,68.26,69.13,69.93
01/06/2022,66.79,69.18,68.82,69.66,70.02
01/05/2022,68.26,70.04,69.24,70.08,70.04
01/04/2022,69.98,70.71,69.62,70.53,70.05
01/03/2022,70.87,70.61,69.73,70.81,69.95
12/31/2021,71.35,70.11,69.56,71.01,69.8
12/30/2021,71.58,69.74,69.56,71.19,69.62
12/29/2021,71.83,69.73,69.6,71.47,69.49
12/28/2021,71.43,69.54,69.68,71.64,69.31
12/27/2021,70.34,68.96,69.76,71.77,69.17
12/23/2021,68.87,68.57,69.72,71.91,68.98
12/22/2021,67.9,68.46,69.89,72.07,68.81
12/21/2021,67.63,68.43,70.1,72.27,68.69
12/20/2021,67.65,68.53,70.44,72.45,68.65
12/17/2021,67.58,68.85,70.91,72.68,68.66
12/16/2021,68.26,69.01,71.46,72.98,68.63
12/15/2021,69.02,69.39,71.91,73.13,68.55
12/14/2021,69.23,69.47,72.34,73.15,68.39
12/13/2021,69.41,69.82,72.69,73.1,68.21
12/10/2021,70.13,70.57,73.18,73.18,68.09
12/09/2021,69.75,70.87,73.58,73.11,67.95
12/08/2021,69.75,71.33,73.88,72.92,67.76
12/07/2021,69.71,71.76,74.2,72.73,67.55
12/06/2021,70.23,72.34,74.41,72.54,67.33
12/03/2021,71.0,72.97,74.59,72.38,67.12
12/02/2021,71.98,73.9,74.96,72.27,66.94
12/01/2021,72.9,74.44,75.01,72.02,66.64
11/30/2021,73.82,75.22,74.99,71.73,66.34
11/29/2021,74.45,75.55,74.74,71.38,65.98
11/26/2021,74.93,75.79,74.48,71.01,65.62
11/24/2021,75.82,76.29,74.23,70.73,65.25
11/23/2021,75.99,76.42,73.71,70.39,64.83
11/22/2021,76.62,76.63,73.21,70.01,64.39
11/19/2021,76.65,76.48,72.65,69.58,63.94
11/18/2021,76.66,76.21,72.08,69.08,63.47
11/17/2021,76.76,76.02,71.46,68.59,63.02
11/16/2021,76.86,75.57,70.82,68.06,62.56
11/15/2021,76.63,74.75,69.99,67.5,62.05
11/12/2021,76.31,73.93,69.3,66.98,61.55
11/11/2021,75.76,73.17,68.61,66.56,61.02
11/10/2021,75.28,72.18,67.94,66.05,60.5
11/09/2021,74.28,71.0,67.37,65.56,59.97
11/08/2021,72.87,69.79,66.69,65.11,59.47
11/05/2021,71.54,68.81,66.13,64.86,59.03
11/04/2021,70.57,67.95,65.52,64.64,58.64
11/03/2021,69.08,66.91,64.88,64.28,58.27
11/02/2021,67.72,66.06,64.3,63.96,57.94
11/01/2021,66.72,65.23,63.88,63.62,57.6
10/29/2021,66.07,64.67,63.51,63.32,57.3
10/28/2021,65.33,64.06,63.25,63.01,56.99
10/27/2021,64.73,63.71,62.99,62.78,56.72
10/26/2021,64.39,63.74,62.83,62.6,56.51
10/25/2021,63.74,63.59,62.77,62.37,56.29
10/22/2021,63.26,63.45,62.88,62.11,56.1
10/21/2021,62.79,63.09,62.99,61.86,55.91
10/20/2021,62.69,62.85,62.97,61.61,55.69
10/19/2021,63.08,62.55,62.91,61.25,55.47
10/18/2021,63.45,62.52,62.82,60.94,55.27
10/15/2021,63.64,62.35,62.65,60.58,55.07
10/14/2021,63.38,62.44,62.49,60.23,54.85
10/13/2021,63.02,62.27,62.31,59.78,54.62
10/12/2021,62.02,61.93,62.04,59.28,54.34
10/11/2021,61.6,61.94,61.76,58.78,54.05
10/08/2021,61.07,62.31,61.44,58.3,53.78
10/07/2021,61.5,62.89,61.24,57.86,53.55
10/06/2021,61.52,63.08,61.0,57.44,53.3
10/05/2021,61.84,63.27,60.61,57.07,53.11
10/04/2021,62.28,63.12,60.15,56.6,52.92
10/01/2021,63.55,62.95,59.7,56.11,52.73
09/30/2021,64.28,62.53,59.12,55.48,52.49
09/29/2021,64.64,62.36,58.54,54.94,52.29
09/28/2021,64.71,62.15,57.96,54.39,52.06
09/27/2021,63.97,61.57,57.2,53.84,51.82
09/24/2021,62.35,60.57,56.29,53.2,51.55
09/23/2021,60.79,59.6,55.35,52.63,51.33
09/22/2021,60.07,58.91,54.62,52.26,51.13
09/21/2021,59.6,57.94,53.96,51.91,50.95
09/20/2021,59.18,57.17,53.34,51.58,50.82
09/17/2021,58.8,56.44,52.69,51.28,50.75
09/16/2021,58.41,55.72,51.95,50.97,50.66
09/15/2021,57.75,54.72,51.23,50.66,50.52
09/14/2021,56.29,53.77,50.51,50.42,50.36
09/13/2021,55.16,52.83,49.97,50.22,50.22
09/10/2021,54.08,52.0,49.51,50.1,50.1
09/09/2021,53.02,51.1,49.14,49.97,49.97
09/08/2021,51.69,50.34,48.93,49.76,49.85
09/07/2021,51.25,49.98,48.9,49.69,49.81
09/03/2021,50.5,49.52,48.79,49.61,49.78
09/02/2021,49.93,48.94,48.69,49.55,49.73
09/01/2021,49.18,48.19,48.6,49.47,49.72
08/31/2021,48.98,47.74,48.63,49.46,49.74
08/30/2021,48.71,47.24,48.75,49.4,49.77
08/27/2021,48.53,47.12,48.91,49.32,49.8
08/26/2021,47.96,47.02,49.14,49.27,49.83
08/25/2021,47.2,47.19,49.41,49.23,49.92
08/24/2021,46.49,47.53,49.47,49.16,49.95
08/23/2021,45.77,47.81,49.54,49.15,49.97
08/20/2021,45.7,48.06,49.65,49.23,50.02
08/19/2021,46.08,48.45,49.86,49.34,50.04
08/18/2021,47.18,49.02,50.11,49.5,50.12
08/17/2021,48.57,49.52,50.33,49.64,50.18
08/16/2021,49.85,50.25,50.49,49.74,50.23
08/13/2021,50.41,50.71,50.42,49.8,50.22
08/12/2021,50.81,51.26,50.39,49.91,50.26
08/11/2021,50.85,51.62,50.25,50.03,50.26
08/10/2021,50.47,51.4,49.97,49.99,50.25
08/09/2021,50.66,51.27,49.82,49.99,50.25
08/06/2021,51.0,51.25,49.81,50.06,50.25
08/05/2021,51.71,51.27,49.79,50.22,50.32
08/04/2021,52.39,51.21,49.75,50.34,50.4
08/03/2021,52.33,51.13,49.69,50.38,50.47
08/02/2021,51.89,50.72,49.48,50.29,50.55
07/30/2021,51.5,50.13,49.35,50.22,50.62
07/29/2021,50.82,49.52,49.23,50.1,50.68
07/28/2021,50.03,48.88,49.24,49.97,50.75
07/27/2021,49.93,48.54,49.29,49.95,50.87
07/26/2021,49.55,48.38,49.35,49.94,50.93
07/23/2021,48.75,48.38,49.47,49.94,51.02
07/22/2021,48.21,48.31,49.7,49.91,51.07
07/21/2021,47.74,48.29,49.91,49.96,51.14
07/20/2021,47.15,48.26,50.01,50.01,51.22
07/19/2021,47.2,48.25,50.08,50.13,51.29
07/16/2021,48.0,48.57,50.27,50.28,51.47
07/15/2021,48.4,48.95,50.39,50.39,51.58
07/14/2021,48.83,49.6,50.51,50.6,51.66
07/13/2021,49.37,50.05,50.65,50.74,51.75
07/12/2021,49.29,50.33,50.72,50.79,51.88
07/09/2021,49.14,50.56,50.73,50.8,51.99
07/08/2021,49.5,51.09,50.72,50.75,52.06
07/07/2021,50.37,51.53,50.8,50.74,52.18
07/06/2021,50.72,51.75,50.89,50.73,52.24
07/02/2021,51.36,51.92,51.07,50.72,52.31
07/01/2021,51.99,51.97,51.14,50.65,52.39
06/30/2021,52.69,51.83,51.11,50.6,52.46
06/29/2021,52.69,51.42,51.1,50.49,52.52
06/28/2021,52.78,51.26,51.09,50.5,52.62
06/25/2021,52.47,51.11,51.02,50.51,52.67
06/24/2021,51.96,50.89,50.92,50.44,52.63
06/23/2021,50.97,50.34,50.58,50.41,52.5
06/22/2021,50.14,50.07,50.34,50.46,52.34
06/21/2021,49.74,50.03,50.22,50.57,52.21
06/18/2021,49.75,50.22,50.12,50.82,52.09
06/17/2021,49.82,50.31,49.98,51.02,51.93
06/16/2021,49.71,50.39,49.99,51.26,51.77
06/15/2021,49.99,50.78,50.03,51.52,51.7
06/14/2021,50.32,50.91,50.12,51.78,51.65
06/11/2021,50.69,50.94,50.21,51.93,51.62
06/10/2021,50.8,50.96,50.21,52.09,51.62
06/09/2021,51.07,50.82,50.44,52.23,51.61
06/08/2021,51.57,50.62,50.65,52.33,51.58
06/07/2021,51.5,50.4,50.83,52.42,51.46
06/04/2021,51.18,50.02,51.11,52.45,51.37
06/03/2021,51.12,49.66,51.38,52.65,51.26
06/02/2021,50.57,49.59,51.7,52.77,51.09
06/01/2021,49.67,49.28,51.9,52.72,50.85
05/28/2021,49.31,49.33,52.22,52.76,50.68
05/27/2021,48.86,49.47,52.42,52.97,50.58
05/26/2021,48.2,49.46,52.66,53.18,50.53
05/25/2021,48.62,50.07,52.93,53.36,50.53
05/24/2021,48.9,50.68,53.18,53.63,50.51
05/21/2021,49.35,51.26,53.43,53.75,50.5
05/20/2021,50.09,52.2,53.66,53.9,50.47
05/19/2021,50.72,53.1,54.15,54.13,50.46
05/18/2021,51.52,53.8,54.35,54.31,50.4
05/17/2021,52.47,54.51,54.44,54.54,50.28
05/14/2021,53.17,55.11,54.47,54.74,50.1
05/13/2021,54.32,55.37,54.72,54.83,49.9
05/12/2021,55.49,55.86,55.04,54.83,49.73
05/11/2021,56.08,55.8,55.01,54.59,49.49
05/10/2021,56.55,55.68,55.1,54.22,49.23
05/07/2021,57.04,55.6,54.99,53.86,48.97
05/06/2021,56.43,55.12,54.75,53.37,48.69
05/05/2021,56.24,55.2,54.64,52.83,48.45
05/04/2021,55.52,54.91,54.57,52.27,48.18
05/03/2021,54.81,54.37,54.56,51.88,47.88
04/30/2021,54.15,53.84,54.55,51.53,47.59
04/29/2021,53.82,54.07,54.56,51.31,47.34
04/28/2021,54.15,54.22,54.32,51.14,47.07
04/27/2021,54.3,54.22,53.99,50.99,46.8
04/26/2021,53.93,54.52,53.48,50.82,46.52
04/23/2021,53.52,54.39,52.99,50.51,46.26
04/22/2021,54.32,54.37,52.5,50.29,46.0
04/21/2021,54.29,54.08,51.65,49.86,45.73
04/20/2021,54.14,54.22,50.95,49.42,45.53
04/19/2021,55.12,54.75,50.63,48.98,45.37
04/16/2021,55.26,55.26,50.37,48.61,45.2
04/15/2021,54.43,55.05,49.93,48.19,44.95
04/14/2021,53.87,54.41,49.59,47.89,44.68
04/13/2021,54.31,53.76,49.37,47.7,44.47
04/12/2021,54.38,52.44,48.97,47.38,44.19
04/09/2021,55.26,51.58,48.56,47.25,44.03
04/08/2021,55.66,50.62,48.24,47.05,43.85
04/07/2021,54.96,49.21,47.75,46.8,43.63
04/06/2021,53.22,47.68,47.02,46.48,43.35
04/05/2021,50.5,46.51,46.1,46.02,43.08
04/01/2021,47.9,45.48,45.28,45.46,42.74
03/31/2021,45.58,44.81,44.76,44.96,42.4
03/30/2021,43.47,44.77,44.62,44.62,42.12
03/29/2021,42.14,44.98,44.67,44.39,41.86
03/26/2021,42.51,45.5,44.85,44.24,41.65
03/25/2021,43.05,45.54,45.08,44.08,41.43
03/24/2021,44.05,45.87,45.26,44.0,41.25
03/23/2021,46.08,46.28,45.59,44.08,41.13
03/22/2021,47.82,46.35,45.88,44.09,40.99
03/19/2021,48.49,45.69,45.78,43.89,40.76
03/18/2021,48.03,45.08,45.45,43.65,40.5
03/17/2021,47.69,44.7,45.04,43.36,40.24
03/16/2021,46.48,44.47,44.54,43.0,39.91
03/15/2021,44.88,44.35,44.1,42.61,39.58
03/12/2021,42.88,44.2,43.62,42.21,39.23
03/11/2021,42.12,44.62,43.36,42.01,38.95
03/10/2021,41.71,44.66,43.07,41.71,38.67
03/09/2021,42.45,44.89,42.98,41.59,38.42
03/08/2021,43.82,45.41,42.95,41.64,38.22
03/05/2021,45.52,45.87,43.0,41.76,38.05
03/04/2021,47.12,45.83,42.94,41.8,37.84
03/03/2021,47.6,45.37,42.69,41.72,37.58
03/02/2021,47.33,44.62,42.27,41.48,37.25
03/01/2021,47.01,43.84,41.74,41.23,36.91
02/26/2021,46.22,43.03,41.21,40.99,36.62
02/25/2021,44.54,42.09,40.7,40.8,36.26
02/24/2021,43.14,41.49,40.24,40.64,35.96
02/23/2021,41.9,41.06,39.94,40.46,35.69
02/22/2021,40.67,40.49,39.76,40.23,35.38
02/19/2021,39.85,40.12,39.71,40.15,35.15
02/18/2021,39.65,40.05,39.78,40.02,35.04
02/17/2021,39.84,40.02,39.89,39.84,34.96
02/16/2021,40.22,39.92,39.91,39.62,34.87
02/12/2021,40.31,39.64,39.93,39.32,34.78
02/11/2021,40.39,39.4,39.97,39.05,34.67
02/10/2021,40.46,39.31,40.16,38.78,34.53
02/09/2021,40.2,39.0,40.22,38.5,34.36
02/08/2021,39.63,38.83,40.16,38.17,34.18
02/05/2021,38.96,39.02,40.09,37.9,34.0
02/04/2021,38.4,39.29,40.16,37.62,33.81
02/03/2021,38.15,39.5,40.0,37.35,33.62
02/02/2021,37.8,39.77,39.75,37.11,33.47
02/01/2021,38.02,39.89,39.47,36.82,33.27
01/29/2021,39.08,40.22,39.16,36.54,33.12
01/28/2021,40.18,40.55,38.87,36.25,32.95
01/27/2021,40.86,41.01,38.51,35.9,32.75
01/26/2021,41.73,41.45,38.25,35.62,32.58
01/25/2021,41.76,41.49,37.85,35.25,32.36
01/22/2021,41.36,41.17,37.33,34.79,32.08
01/21/2021,40.92,41.04,36.78,34.33,31.81
01/20/2021,41.16,40.5,36.28,33.89,31.57
01/19/2021,41.16,39.73,35.78,33.44,31.34
01/15/2021,41.23,39.05,35.29,33.02,31.14
01/14/2021,40.98,38.1,34.7,32.59,30.91
01/13/2021,41.15,37.19,34.1,32.24,30.67
01/12/2021,39.85,36.02,33.35,31.72,30.4
01/11/2021,38.29,35.05,32.71,31.28,30.12
01/08/2021,36.87,34.2,32.12,30.91,29.85
01/07/2021,35.22,33.5,31.6,30.53,29.61
01/06/2021,33.24,32.53,30.98,30.16,29.29
01/05/2021,32.19,32.05,30.58,30.06,29.07
01/04/2021,31.81,31.84,30.3,30.08,28.9
12/31/2020,31.53,31.52,30.01,30.11,28.73
12/30/2020,31.77,31.31,29.84,30.24,28.6
12/29/2020,31.82,31.0,29.77,30.3,28.48
12/28/2020,31.92,30.68,29.57,30.29,28.36
12/24/2020,31.87,30.38,29.39,30.22,28.23
12/23/2020,31.51,30.04,29.27,30.19,28.1
12/22/2020,30.84,29.7,29.05,30.1,27.97
12/21/2020,30.17,29.43,28.97,30.0,27.86
12/18/2020,29.45,29.11,29.06,29.88,27.73
12/17/2020,28.88,28.76,29.21,29.82,27.6
12/16/2020,28.57,28.49,29.41,29.73,27.49
12/15/2020,28.57,28.38,29.71,29.7,27.41
12/14/2020,28.7,28.54,29.95,29.64,27.31
12/11/2020,28.77,28.46,30.09,29.6,27.25
12/10/2020,28.63,28.41,30.14,29.53,27.2
12/09/2020,28.41,28.49,30.26,29.47,27.16
12/08/2020,28.19,28.4,30.3,29.37,27.13
12/07/2020,28.38,28.51,30.28,29.28,27.14
12/04/2020,28.15,29.02,30.27,29.25,27.15
12/03/2020,28.19,29.66,30.35,29.24,27.18
12/02/2020,28.57,30.33,30.35,29.26,27.21
12/01/2020,28.6,31.03,30.35,29.23,27.26
11/30/2020,28.63,31.36,30.19,29.1,27.24
11/27/2020,29.89,31.72,30.18,29.07,27.27
11/25/2020,31.12,31.87,30.09,28.97,27.32
11/24/2020,32.08,32.02,29.95,28.79,27.3
11/23/2020,33.46,32.2,29.86,28.68,27.3
11/20/2020,34.09,32.06,29.66,28.43,27.29
11/19/2020,33.55,31.53,29.36,28.09,27.18
11/18/2020,32.62,31.05,29.04,27.71,27.06
11/17/2020,31.96,30.37,28.73,27.34,26.92
11/16/2020,30.93,29.67,28.32,26.95,26.76
11/13/2020,30.02,29.03,27.97,26.66,26.65
11/12/2020,29.51,28.64,27.75,26.43,26.55
11/11/2020,29.47,28.31,27.52,26.25,26.48
11/10/2020,28.77,27.88,27.18,26.01,26.39
11/09/2020,28.42,27.52,26.92,25.85,26.3
11/06/2020,28.03,27.27,26.62,25.72,26.25
11/05/2020,27.76,27.2,26.37,25.58,26.19
11/04/2020,27.16,27.03,26.04,25.38,26.09
11/03/2020,26.99,27.1,25.82,25.24,26.0
11/02/2020,26.61,26.97,25.6,25.12,25.92
10/30/2020,26.51,26.92,25.48,24.98,25.87
10/29/2020,26.64,26.87,25.33,24.9,25.83
10/28/2020,26.89,26.72,25.22,24.86,25.79
10/27/2020,27.2,26.47,25.07,24.86,25.75
10/26/2020,27.34,26.33,25.01,24.9,25.72
10/23/2020,27.33,25.97,24.94,25.01,25.64
10/22/2020,27.1,25.54,24.76,25.06,25.55
10/21/2020,26.56,25.05,24.56,25.13,25.46
10/20/2020,25.74,24.55,24.32,25.15,25.34
10/19/2020,25.33,24.22,24.2,25.28,25.26
10/16/2020,24.61,24.05,24.01,25.38,25.2
10/15/2020,23.98,23.79,23.91,25.47,0.0
10/14/2020,23.54,23.71,23.93,25.67,0.0
10/13/2020,23.35,23.67,24.05,25.81,0.0
10/12/2020,23.11,23.69,24.18,25.93,0.0
10/09/2020,23.48,23.91,24.53,26.14,0.0
10/08/2020,23.6,23.99,24.82,26.26,0.0
10/07/2020,23.88,24.07,25.17,26.41,0.0
10/06/2020,23.99,24.09,25.45,26.51,0.0
10/05/2020,24.27,24.18,25.82,26.57,0.0
10/02/2020,24.33,23.98,26.05,26.63,0.0
10/01/2020,24.38,24.03,26.31,26.67,0.0
09/30/2020,24.25,24.14,26.66,26.71,0.0
09/29/2020,24.2,24.44,26.87,26.78,0.0
09/28/2020,24.08,24.67,27.05,26.75,0.0
09/25/2020,23.62,25.16,27.26,26.79,0.0
09/24/2020,23.68,25.65,27.4,26.81,0.0
09/23/2020,24.04,26.26,27.58,26.8,0.0
09/22/2020,24.68,26.81,27.72,26.76,0.0
09/21/2020,25.25,27.46,27.77,26.72,0.0
09/18/2020,26.69,28.12,27.96,26.75,0.0
09/17/2020,27.62,28.59,28.0,26.77,0.0
09/16/2020,28.49,29.17,27.99,26.71,0.0
09/15/2020,28.94,29.31,27.96,26.63,0.0
09/14/2020,29.67,29.43,27.8,26.53,0.0
09/11/2020,29.54,29.35,27.6,26.27,0.0
09/10/2020,29.57,29.15,27.39,26.05,0.0
09/09/2020,29.84,28.9,27.07,25.79,0.0
09/08/2020,29.68,28.62,26.74,25.54,0.0
09/04/2020,29.19,28.08,26.35,25.24,0.0
09/03/2020,29.17,27.8,26.07,25.02,0.0
09/02/2020,28.74,27.4,25.86,0.0,0.0
09/01/2020,27.96,26.82,25.49,0.0,0.0
08/31/2020,27.56,26.6,25.3,0.0,0.0
08/28/2020,26.97,26.16,25.09,0.0,0.0
08/27/2020,26.44,25.86,24.73,0.0,0.0
08/26/2020,26.06,25.62,24.49,0.0,0.0
08/25/2020,25.68,25.24,24.23,0.0,0.0
08/24/2020,25.64,24.86,23.99,0.0,0.0
08/21/2020,25.36,24.62,23.82,0.0,0.0
08/20/2020,25.27,24.33,23.63,0.0,0.0
08/19/2020,25.19,24.31,0.0,0.0,0.0
08/18/2020,24.8,24.16,0.0,0.0,0.0
08/17/2020,24.09,23.99,0.0,0.0,0.0
08/14/2020,23.88,24.01,0.0,0.0,0.0
08/13/2020,23.39,23.61,0.0,0.0,0.0
08/12/2020,23.44,23.36,0.0,0.0,0.0
08/11/2020,23.51,23.22,0.0,0.0,0.0
08/10/2020,23.9,23.12,0.0,0.0,0.0
08/07/2020,24.13,23.02,0.0,0.0,0.0
08/06/2020,23.83,22.93,0.0,0.0,0.0
08/05/2020,23.28,0.0,0.0,0.0,0.0
08/04/2020,22.92,0.0,0.0,0.0,0.0
08/03/2020,22.34,0.0,0.0,0.0,0.0
07/31/2020,21.9,0.0,0.0,0.0,0.0
07/30/2020,22.02,0.0,0.0,0.0,0.0
07/29/2020,0.0,0.0,0.0,0.0,0.0
07/28/2020,0.0,0.0,0.0,0.0,0.0
07/27/2020,0.0,0.0,0.0,0.0,0.0
07/24/2020,0.0,0.0,0.0,0.0,0.0
