12/30/2022,10.27,10.27,10.26,10.25,10.19
12/29/2022,10.27,10.27,10.26,10.24,10.19
12/28/2022,10.27,10.27,10.26,10.24,10.19
12/27/2022,10.27,10.27,10.26,10.24,10.19
12/23/2022,10.28,10.27,10.25,10.23,10.18
12/20/2022,10.27,10.27,10.25,10.23,10.18
12/19/2022,10.27,10.26,10.25,10.23,10.18
12/13/2022,10.27,10.26,10.25,10.22,10.17
12/12/2022,10.26,10.26,10.24,10.22,10.17
12/05/2022,10.26,10.25,10.24,10.22,10.17
12/02/2022,10.26,10.25,10.23,10.21,10.16
12/01/2022,10.26,10.25,10.23,10.21,10.16
11/30/2022,10.26,10.25,10.23,10.2,10.16
11/28/2022,10.26,10.25,10.22,10.2,10.15
11/23/2022,10.25,10.24,10.22,10.2,10.15
11/22/2022,10.24,10.24,10.21,10.19,10.15
11/21/2022,10.24,10.23,10.21,10.19,10.14
11/18/2022,10.24,10.23,10.2,10.18,10.14
11/17/2022,10.24,10.23,10.2,10.18,10.14
11/16/2022,10.23,10.22,10.2,10.18,10.13
11/14/2022,10.23,10.22,10.19,10.17,10.13
11/10/2022,10.23,10.21,10.19,10.17,10.13
11/08/2022,10.22,10.21,10.18,10.17,10.12
11/07/2022,10.21,10.2,10.18,10.16,10.12
11/04/2022,10.21,10.19,10.18,10.16,10.12
11/02/2022,10.21,10.19,10.17,10.16,10.11
11/01/2022,10.2,10.19,10.17,10.15,10.11
10/31/2022,10.2,10.18,10.16,10.15,10.11
10/28/2022,10.19,10.17,10.16,10.15,10.1
10/27/2022,10.18,10.17,10.16,10.15,10.1
10/20/2022,10.17,10.17,10.15,10.14,10.1
10/19/2022,10.17,10.16,10.15,10.14,10.1
10/18/2022,10.17,10.16,10.15,10.14,10.09
10/17/2022,10.16,10.16,10.15,10.13,10.09
10/14/2022,10.16,10.16,10.14,10.13,10.09
10/13/2022,10.16,10.15,10.14,10.13,10.09
10/07/2022,10.16,10.15,10.14,10.13,10.08
10/06/2022,10.15,10.15,10.14,10.12,10.08
10/04/2022,10.15,10.14,10.14,10.12,10.08
10/03/2022,10.15,10.14,10.13,10.12,10.08
09/29/2022,10.14,10.14,10.13,10.12,10.07
09/28/2022,10.14,10.14,10.13,10.11,10.07
09/27/2022,10.14,10.14,10.13,10.11,10.07
09/26/2022,10.14,10.14,10.12,10.11,10.07
09/22/2022,10.13,10.13,10.12,10.1,10.06
09/21/2022,10.13,10.13,10.12,10.1,10.06
09/20/2022,10.14,10.13,10.12,10.1,10.06
09/19/2022,10.14,10.13,10.11,10.1,10.06
09/15/2022,10.13,10.13,10.11,10.09,10.06
09/14/2022,10.13,10.12,10.11,10.09,10.06
09/13/2022,10.13,10.12,10.11,10.09,10.05
09/12/2022,10.13,10.12,10.1,10.08,10.05
09/09/2022,10.12,10.11,10.1,10.08,10.05
09/08/2022,10.12,10.11,10.09,10.08,10.05
09/07/2022,10.11,10.11,10.09,10.07,10.05
09/02/2022,10.11,10.11,10.09,10.07,10.05
09/01/2022,10.11,10.1,10.08,10.07,10.04
08/31/2022,10.11,10.1,10.08,10.06,10.04
08/29/2022,10.1,10.09,10.08,10.06,10.04
08/26/2022,10.1,10.09,10.07,10.06,10.04
08/23/2022,10.1,10.09,10.07,10.05,10.04
08/22/2022,10.09,10.09,10.07,10.05,10.04
08/19/2022,10.09,10.08,10.06,10.05,10.04
08/17/2022,10.09,10.08,10.06,10.05,10.03
08/16/2022,10.09,10.07,10.06,10.04,10.03
08/10/2022,10.08,10.07,10.05,10.04,10.03
08/09/2022,10.08,10.06,10.05,10.04,10.03
08/08/2022,10.08,10.06,10.05,10.04,10.03
08/05/2022,10.07,10.06,10.04,10.04,10.03
08/03/2022,10.06,10.05,10.04,10.03,10.02
07/29/2022,10.05,10.05,10.04,10.03,10.02
07/28/2022,10.05,10.04,10.03,10.03,10.02
07/27/2022,10.04,10.04,10.03,10.03,10.02
07/22/2022,10.04,10.04,10.03,10.03,10.02
07/20/2022,10.04,10.04,10.03,10.02,10.02
07/15/2022,10.05,10.04,10.03,10.02,10.02
07/14/2022,10.04,10.04,10.03,10.02,10.02
07/13/2022,10.04,10.03,10.03,10.02,10.01
07/12/2022,10.04,10.03,10.02,10.02,10.01
07/11/2022,10.04,10.03,10.02,10.02,10.01
07/07/2022,10.03,10.02,10.02,10.02,10.01
07/06/2022,10.03,10.02,10.02,10.02,10.01
07/05/2022,10.03,10.02,10.02,10.02,10.01
06/30/2022,10.02,10.02,10.02,10.02,10.0
06/29/2022,10.02,10.02,10.02,10.02,10.0
06/28/2022,10.02,10.02,10.02,10.02,10.0
06/27/2022,10.01,10.02,10.02,10.02,10.0
06/23/2022,10.01,10.02,10.02,10.02,10.0
06/22/2022,10.02,10.02,10.02,10.02,10.0
06/16/2022,10.03,10.02,10.02,10.02,10.0
06/15/2022,10.03,10.02,10.02,10.02,9.99
06/14/2022,10.03,10.02,10.02,10.02,9.99
06/13/2022,10.02,10.02,10.02,10.02,9.99
06/10/2022,10.02,10.01,10.02,10.02,9.99
06/08/2022,10.01,10.01,10.02,10.02,9.99
06/06/2022,10.01,10.01,10.02,10.02,9.99
06/03/2022,10.01,10.02,10.02,10.02,9.98
06/02/2022,10.01,10.02,10.02,10.02,9.98
06/01/2022,10.01,10.02,10.02,10.02,9.98
05/20/2022,10.01,10.02,10.03,10.01,9.98
05/17/2022,10.01,10.02,10.03,10.01,9.98
05/12/2022,10.02,10.03,10.03,10.01,9.98
05/11/2022,10.03,10.03,10.03,10.01,9.97
05/10/2022,10.03,10.03,10.02,10.01,9.97
05/09/2022,10.03,10.03,10.02,10.01,9.97
05/06/2022,10.03,10.03,10.02,10.01,9.97
05/05/2022,10.03,10.03,10.02,10.01,9.97
05/04/2022,10.03,10.03,10.02,10.01,9.97
05/03/2022,10.03,10.03,10.02,10.0,9.96
05/02/2022,10.03,10.03,10.01,10.0,9.96
04/29/2022,10.03,10.03,10.01,10.0,9.96
04/28/2022,10.03,10.03,10.01,10.0,9.96
04/26/2022,10.03,10.02,10.01,9.99,9.96
04/25/2022,10.03,10.02,10.0,9.99,0.0
04/22/2022,10.03,10.02,10.0,9.98,0.0
04/21/2022,10.03,10.02,10.0,9.98,0.0
04/20/2022,10.02,10.01,10.0,9.98,0.0
04/19/2022,10.01,10.01,9.99,9.98,0.0
04/18/2022,10.01,10.0,9.99,9.97,0.0
04/14/2022,10.0,9.99,9.99,9.97,0.0
04/07/2022,10.0,9.99,9.98,9.97,0.0
04/06/2022,10.01,9.99,9.98,9.96,0.0
04/05/2022,10.0,9.99,9.98,9.96,0.0
04/04/2022,10.0,9.99,9.97,9.96,0.0
04/01/2022,9.98,9.98,9.97,9.95,0.0
03/31/2022,9.98,9.98,9.97,9.95,0.0
03/24/2022,9.98,9.98,9.96,9.95,0.0
03/23/2022,9.98,9.98,9.96,9.95,0.0
03/22/2022,9.98,9.98,9.96,9.94,0.0
03/21/2022,9.98,9.98,9.96,9.94,0.0
03/18/2022,9.98,9.97,9.95,9.94,0.0
03/16/2022,9.98,9.97,9.95,9.94,0.0
03/15/2022,9.98,9.96,9.95,9.94,0.0
03/11/2022,9.98,9.96,9.94,9.93,0.0
03/10/2022,9.98,9.95,9.94,9.93,0.0
03/07/2022,9.96,9.95,9.94,9.93,0.0
03/04/2022,9.95,9.94,9.93,9.92,0.0
03/02/2022,9.95,9.94,9.93,9.92,0.0
03/01/2022,9.94,9.93,9.93,9.92,0.0
02/28/2022,9.93,9.93,9.92,9.92,0.0
02/24/2022,9.93,9.93,9.92,9.92,0.0
02/23/2022,9.93,9.93,9.92,9.92,0.0
02/14/2022,9.93,9.93,9.92,9.92,0.0
02/11/2022,9.93,9.93,9.92,0.0,0.0
02/10/2022,9.93,9.93,9.92,0.0,0.0
02/09/2022,9.94,9.92,9.92,0.0,0.0
02/08/2022,9.93,9.92,9.92,0.0,0.0
02/07/2022,9.93,9.92,9.92,0.0,0.0
02/04/2022,9.92,9.92,9.92,0.0,0.0
02/01/2022,9.92,9.92,9.91,0.0,0.0
01/28/2022,9.91,9.91,9.91,0.0,0.0
01/27/2022,9.91,9.91,9.92,0.0,0.0
01/26/2022,9.92,9.92,9.92,0.0,0.0
01/24/2022,9.92,9.92,0.0,0.0,0.0
01/20/2022,9.91,9.91,0.0,0.0,0.0
01/19/2022,9.91,9.91,0.0,0.0,0.0
01/14/2022,9.92,9.91,0.0,0.0,0.0
01/13/2022,9.92,9.92,0.0,0.0,0.0
01/12/2022,9.91,9.91,0.0,0.0,0.0
01/10/2022,9.91,9.91,0.0,0.0,0.0
01/07/2022,9.91,9.91,0.0,0.0,0.0
01/06/2022,9.9,9.92,0.0,0.0,0.0
01/05/2022,9.92,9.92,0.0,0.0,0.0
01/03/2022,9.91,0.0,0.0,0.0,0.0
12/31/2021,9.91,0.0,0.0,0.0,0.0
12/28/2021,9.9,0.0,0.0,0.0,0.0
12/23/2021,9.93,0.0,0.0,0.0,0.0
12/22/2021,9.92,0.0,0.0,0.0,0.0
12/21/2021,0.0,0.0,0.0,0.0,0.0
12/20/2021,0.0,0.0,0.0,0.0,0.0
12/14/2021,0.0,0.0,0.0,0.0,0.0
12/13/2021,0.0,0.0,0.0,0.0,0.0
