12/30/2022,8.19,8.32,8.53,8.8,9.22
12/29/2022,8.17,8.34,8.58,8.85,9.25
12/28/2022,8.19,8.41,8.63,8.91,9.28
12/27/2022,8.25,8.49,8.69,8.98,9.32
12/23/2022,8.32,8.54,8.74,9.06,9.34
12/22/2022,8.45,8.58,8.79,9.1,9.37
12/21/2022,8.5,8.58,8.85,9.11,9.39
12/20/2022,8.63,8.58,8.89,9.11,9.41
12/19/2022,8.73,8.6,8.94,9.16,9.43
12/16/2022,8.76,8.67,9.0,9.2,9.47
12/15/2022,8.71,8.73,9.04,9.2,9.5
12/14/2022,8.65,8.82,9.1,9.22,9.53
12/13/2022,8.53,8.86,9.16,9.24,9.55
12/12/2022,8.47,8.88,9.22,9.26,9.58
12/09/2022,8.58,8.94,9.31,9.31,9.61
12/08/2022,8.76,9.01,9.37,9.34,9.64
12/07/2022,8.99,9.12,9.38,9.39,9.68
12/06/2022,9.19,9.2,9.38,9.44,9.71
12/05/2022,9.3,9.29,9.45,9.48,9.76
12/02/2022,9.29,9.33,9.46,9.49,9.8
12/01/2022,9.26,9.35,9.43,9.5,9.82
11/30/2022,9.25,9.39,9.42,9.5,9.83
11/29/2022,9.22,9.46,9.43,9.51,9.84
11/28/2022,9.27,9.56,9.45,9.54,9.86
11/25/2022,9.36,9.69,9.49,9.54,9.88
11/23/2022,9.44,9.73,9.51,9.55,9.9
11/22/2022,9.53,9.63,9.53,9.55,9.92
11/21/2022,9.7,9.57,9.57,9.57,9.95
11/18/2022,9.85,9.61,9.57,9.6,9.98
11/17/2022,10.01,9.59,9.57,9.63,10.01
11/16/2022,10.01,9.52,9.58,9.65,10.03
11/15/2022,9.74,9.44,9.55,9.66,10.04
11/14/2022,9.43,9.4,9.54,9.66,10.05
11/11/2022,9.36,9.34,9.53,9.66,10.06
11/10/2022,9.18,9.29,9.47,9.63,10.08
11/09/2022,9.03,9.29,9.46,9.63,10.11
11/08/2022,9.15,9.43,9.51,9.68,10.17
11/07/2022,9.36,9.57,9.57,9.71,10.23
11/04/2022,9.31,9.54,9.59,9.7,10.28
11/03/2022,9.41,9.56,9.64,9.74,10.32
11/02/2022,9.56,9.63,9.71,9.8,10.37
11/01/2022,9.71,9.66,9.76,9.84,10.41
10/31/2022,9.77,9.68,9.79,9.87,10.45
10/28/2022,9.76,9.73,9.82,9.9,10.49
10/27/2022,9.7,9.65,9.8,9.91,10.53
10/26/2022,9.7,9.62,9.8,9.93,10.59
10/25/2022,9.62,9.59,9.8,9.96,10.63
10/24/2022,9.6,9.58,9.78,9.98,10.67
10/21/2022,9.69,9.65,9.79,10.05,10.72
10/20/2022,9.61,9.73,9.83,10.11,10.77
10/19/2022,9.54,9.8,9.89,10.13,10.81
10/18/2022,9.56,9.86,9.93,10.16,10.85
10/17/2022,9.56,9.9,9.96,10.17,10.89
10/14/2022,9.61,9.91,9.98,10.18,10.94
10/13/2022,9.86,9.94,10.03,10.22,11.0
10/12/2022,10.05,9.97,10.09,10.25,11.06
10/11/2022,10.17,10.01,10.14,10.29,11.11
10/10/2022,10.24,9.97,10.18,10.33,11.15
10/07/2022,10.21,9.93,10.24,10.36,11.18
10/06/2022,10.03,9.93,10.3,10.4,11.21
10/05/2022,9.89,9.98,10.3,10.42,11.25
10/04/2022,9.85,10.0,10.3,10.42,11.29
10/03/2022,9.7,10.01,10.3,10.44,11.33
09/30/2022,9.64,10.05,10.31,10.47,11.38
09/29/2022,9.82,10.12,10.35,10.54,11.45
09/28/2022,10.07,10.21,10.4,10.6,11.52
09/27/2022,10.14,10.28,10.44,10.67,11.59
09/26/2022,10.32,10.39,10.51,10.76,11.65
09/23/2022,10.46,10.56,10.58,10.85,11.71
09/22/2022,10.42,10.68,10.63,10.91,11.77
09/21/2022,10.35,10.63,10.64,10.95,11.8
09/20/2022,10.41,10.61,10.64,10.99,11.87
09/19/2022,10.45,10.59,10.65,11.04,11.94
09/16/2022,10.66,10.58,10.68,11.09,12.0
09/15/2022,10.94,10.59,10.74,11.16,12.05
09/14/2022,10.9,10.58,10.79,11.24,12.09
09/13/2022,10.8,10.6,10.87,11.3,12.14
09/12/2022,10.73,10.64,10.95,11.36,12.18
09/09/2022,10.49,10.59,11.0,11.39,12.22
09/08/2022,10.23,10.58,11.02,11.42,12.25
09/07/2022,10.27,10.65,11.11,11.49,12.29
09/06/2022,10.39,10.67,11.17,11.54,12.34
09/02/2022,10.55,10.71,11.27,11.61,12.39
09/01/2022,10.69,10.78,11.35,11.69,12.45
08/31/2022,10.93,10.9,11.44,11.79,12.52
08/30/2022,11.03,11.0,11.57,11.87,12.58
08/29/2022,10.94,11.14,11.65,11.93,12.64
08/26/2022,10.88,11.26,11.72,11.97,12.7
08/25/2022,10.88,11.4,11.79,12.01,12.76
08/24/2022,10.87,11.47,11.84,12.03,12.81
08/23/2022,10.98,11.57,11.91,12.07,12.88
08/22/2022,11.35,11.68,11.98,12.15,12.95
08/19/2022,11.63,11.82,12.06,12.22,13.01
08/18/2022,11.92,11.91,12.15,12.3,13.05
08/17/2022,12.06,11.98,12.23,12.37,13.09
08/16/2022,12.16,12.13,12.31,12.44,13.13
08/15/2022,12.01,12.15,12.33,12.5,13.16
08/12/2022,12.01,12.19,12.33,12.55,13.19
08/11/2022,11.89,12.18,12.31,12.58,13.22
08/10/2022,11.9,12.21,12.3,12.62,13.24
08/09/2022,12.1,12.25,12.33,12.66,13.27
08/08/2022,12.28,12.27,12.39,12.76,13.29
08/05/2022,12.37,12.31,12.42,12.84,13.29
08/04/2022,12.47,12.39,12.49,12.9,13.3
08/03/2022,12.52,12.48,12.57,12.94,13.31
08/02/2022,12.4,12.48,12.6,12.94,13.34
08/01/2022,12.27,12.51,12.67,12.98,13.41
07/29/2022,12.25,12.46,12.72,13.0,13.49
07/28/2022,12.31,12.45,12.77,13.04,13.58
07/27/2022,12.43,12.4,12.83,13.08,13.67
07/26/2022,12.57,12.41,12.87,13.09,13.76
07/25/2022,12.75,12.51,13.0,13.14,13.86
07/22/2022,12.68,12.54,13.1,13.17,13.93
07/21/2022,12.59,12.6,13.16,13.21,14.01
07/20/2022,12.36,12.66,13.18,13.26,14.09
07/19/2022,12.25,12.72,13.18,13.29,14.17
07/18/2022,12.26,12.84,13.22,13.35,14.26
07/15/2022,12.39,12.99,13.26,13.44,14.36
07/14/2022,12.61,13.1,13.34,13.5,14.48
07/13/2022,12.96,13.26,13.42,13.6,14.59
07/12/2022,13.2,13.33,13.43,13.68,14.71
07/11/2022,13.42,13.5,13.45,13.74,14.83
07/08/2022,13.58,13.67,13.48,13.79,14.94
07/07/2022,13.59,13.72,13.52,13.79,15.04
07/06/2022,13.56,13.69,13.56,13.8,15.14
07/05/2022,13.45,13.63,13.57,13.81,15.25
07/01/2022,13.58,13.6,13.61,13.83,15.34
06/30/2022,13.76,13.54,13.66,13.83,15.43
06/29/2022,13.84,13.58,13.71,13.86,15.54
06/28/2022,13.82,13.57,13.77,13.86,15.65
06/27/2022,13.8,13.53,13.86,13.88,15.75
06/24/2022,13.62,13.41,13.87,13.82,15.84
06/23/2022,13.31,13.3,13.85,13.75,15.92
06/22/2022,13.32,13.32,13.83,13.7,16.01
06/21/2022,13.32,13.42,13.85,13.68,16.1
06/17/2022,13.26,13.52,13.9,13.73,16.19
06/16/2022,13.19,13.62,13.95,13.83,16.27
06/15/2022,13.28,13.79,13.98,13.99,16.36
06/14/2022,13.33,13.83,14.01,14.13,16.44
06/13/2022,13.52,13.97,14.01,14.27,16.52
06/10/2022,13.77,14.19,14.05,14.43,16.61
06/09/2022,14.04,14.33,14.02,14.57,16.7
06/08/2022,14.3,14.4,13.98,14.7,16.74
06/07/2022,14.34,14.34,13.89,14.81,16.78
06/06/2022,14.43,14.29,13.81,14.93,16.81
06/03/2022,14.6,14.28,13.83,15.05,16.85
06/02/2022,14.62,14.28,13.94,15.16,16.89
06/01/2022,14.51,14.18,14.1,15.28,16.91
05/31/2022,14.35,14.18,14.27,15.45,16.95
05/27/2022,14.14,14.04,14.41,15.58,17.0
05/26/2022,13.96,13.91,14.55,15.74,17.06
05/25/2022,13.93,13.72,14.7,15.91,17.15
05/24/2022,13.84,13.55,14.84,16.08,17.24
05/23/2022,14.01,13.44,15.04,16.29,17.36
05/20/2022,13.94,13.33,15.25,16.49,17.48
05/19/2022,13.86,13.39,15.44,16.68,17.55
05/18/2022,13.5,13.6,15.6,16.84,17.6
05/17/2022,13.25,14.02,15.83,17.04,17.66
05/16/2022,12.86,14.37,16.08,17.23,17.73
05/13/2022,12.73,14.78,16.35,17.43,17.81
05/12/2022,12.91,15.18,16.65,17.63,17.9
05/11/2022,13.7,15.68,17.01,17.85,18.01
05/10/2022,14.78,16.14,17.35,18.1,18.11
05/09/2022,15.87,16.65,17.71,18.32,18.2
05/06/2022,16.84,17.16,18.07,18.52,18.29
05/05/2022,17.45,17.49,18.33,18.65,18.34
05/04/2022,17.65,17.6,18.46,18.72,18.35
05/03/2022,17.49,17.64,18.55,18.73,18.31
05/02/2022,17.43,17.79,18.65,18.75,18.29
04/29/2022,17.49,17.92,18.76,18.77,18.25
04/28/2022,17.53,18.12,18.85,18.8,18.24
04/27/2022,17.55,18.35,18.94,18.82,18.24
04/26/2022,17.79,18.56,19.08,18.79,18.24
04/25/2022,18.16,18.77,19.15,18.74,18.21
04/22/2022,18.35,18.97,19.2,18.69,18.17
04/21/2022,18.71,19.17,19.24,18.65,18.13
04/20/2022,19.15,19.33,19.27,18.63,18.09
04/19/2022,19.34,19.45,19.28,18.55,18.06
04/18/2022,19.38,19.51,19.23,18.46,18.04
04/14/2022,19.58,19.6,19.2,18.42,18.04
04/13/2022,19.63,19.57,19.14,18.39,18.04
04/12/2022,19.5,19.53,19.05,18.38,18.02
04/11/2022,19.57,19.6,18.91,18.39,18.02
04/08/2022,19.65,19.54,18.73,18.43,18.0
04/07/2022,19.61,19.43,18.55,18.48,17.98
04/06/2022,19.51,19.3,18.39,18.42,17.97
04/05/2022,19.56,19.22,18.28,18.35,17.95
04/04/2022,19.62,19.1,18.1,18.29,17.9
04/01/2022,19.43,18.94,17.93,18.23,17.85
03/31/2022,19.26,18.81,17.83,18.18,17.8
03/30/2022,19.09,18.71,17.79,18.17,17.77
03/29/2022,18.88,18.57,17.8,18.16,17.75
03/28/2022,18.58,18.22,17.79,18.12,17.7
03/25/2022,18.45,17.92,17.88,18.09,17.68
03/24/2022,18.36,17.68,18.0,18.05,17.65
03/23/2022,18.34,17.49,17.98,18.03,17.64
03/22/2022,18.26,17.34,17.92,17.97,17.63
03/21/2022,17.85,17.1,17.88,17.88,17.62
03/18/2022,17.4,16.93,17.87,17.83,17.62
03/17/2022,17.0,16.86,17.87,17.73,17.61
03/16/2022,16.64,16.88,17.91,17.68,17.6
03/15/2022,16.42,17.04,17.96,17.66,17.6
03/14/2022,16.34,17.36,18.07,17.68,17.61
03/11/2022,16.46,17.83,18.17,17.68,17.63
03/10/2022,16.72,18.32,18.24,17.64,17.64
03/09/2022,17.11,18.46,18.3,17.6,17.66
03/08/2022,17.66,18.49,18.29,17.56,17.68
03/07/2022,18.38,18.66,18.28,17.56,17.72
03/04/2022,19.21,18.81,18.27,17.62,17.76
03/03/2022,19.92,18.88,18.17,17.67,17.77
03/02/2022,19.81,18.94,18.09,17.69,17.75
03/01/2022,19.32,18.88,17.97,17.67,17.71
02/28/2022,18.93,18.79,17.85,17.65,17.67
02/25/2022,18.42,18.51,17.61,17.57,17.6
02/24/2022,17.85,18.16,17.3,17.49,17.53
02/23/2022,18.06,18.13,17.17,17.53,17.53
02/22/2022,18.43,18.09,17.09,17.55,17.55
02/18/2022,18.65,17.9,17.01,17.52,17.56
02/17/2022,18.6,17.74,17.02,17.48,17.56
02/16/2022,18.47,17.45,17.06,17.42,17.56
02/15/2022,18.2,17.24,17.07,17.36,17.58
02/14/2022,17.75,17.06,17.06,17.33,17.6
02/11/2022,17.16,16.91,17.08,17.29,17.64
02/10/2022,16.87,16.71,17.1,17.28,17.7
02/09/2022,16.42,16.44,17.16,17.25,17.76
02/08/2022,16.28,16.21,17.22,17.25,17.85
02/07/2022,16.38,16.08,17.28,17.28,17.95
02/04/2022,16.65,16.12,17.34,17.36,18.07
02/03/2022,16.55,16.3,17.35,17.41,18.19
02/02/2022,16.47,16.67,17.41,17.49,18.32
02/01/2022,16.14,16.89,17.43,17.52,18.42
01/31/2022,15.79,17.05,17.46,17.53,18.51
01/28/2022,15.59,17.25,17.48,17.53,18.61
01/27/2022,16.05,17.5,17.56,17.58,18.83
01/26/2022,16.87,17.87,17.66,17.65,19.08
01/25/2022,17.65,18.24,17.77,17.72,19.29
01/24/2022,18.32,18.47,17.88,17.81,19.52
01/21/2022,18.9,18.55,17.98,17.88,19.73
01/20/2022,18.94,18.4,17.97,17.9,19.89
01/19/2022,18.87,18.14,17.91,17.87,20.05
01/18/2022,18.83,17.96,17.83,17.82,20.19
01/14/2022,18.62,17.87,17.77,17.76,20.36
01/13/2022,18.19,17.71,17.67,17.69,20.52
01/12/2022,17.85,17.63,17.62,17.63,20.7
01/11/2022,17.41,17.44,17.53,17.57,20.86
01/10/2022,17.09,17.3,17.46,17.54,21.02
01/07/2022,17.13,17.29,17.47,17.55,21.19
01/06/2022,17.22,17.41,17.55,17.6,21.37
01/05/2022,17.42,17.54,17.66,17.65,21.54
01/04/2022,17.47,17.67,17.74,17.71,21.72
01/03/2022,17.51,17.7,17.75,17.79,21.88
12/31/2021,17.46,17.66,17.7,17.87,22.04
12/30/2021,17.59,17.63,17.68,17.98,22.21
12/29/2021,17.67,17.61,17.63,18.11,22.37
12/28/2021,17.88,17.63,17.64,18.27,22.53
12/27/2021,17.88,17.62,17.66,18.45,22.7
12/23/2021,17.87,17.65,17.67,18.61,22.87
12/22/2021,17.67,17.69,17.69,18.78,23.01
12/21/2021,17.54,17.77,17.7,18.96,23.15
12/20/2021,17.37,17.8,17.73,19.14,23.28
12/17/2021,17.35,17.8,17.83,19.33,23.42
12/16/2021,17.44,17.74,17.97,19.49,23.56
12/15/2021,17.72,17.74,18.16,19.69,23.71
12/14/2021,18.0,17.64,18.37,20.09,23.86
12/13/2021,18.22,17.65,18.6,20.51,24.0
12/10/2021,18.25,17.69,18.86,20.87,24.16
12/09/2021,18.05,17.7,19.09,21.23,24.33
12/08/2021,17.75,17.7,19.32,21.57,24.5
12/07/2021,17.29,17.64,19.55,21.89,24.65
12/06/2021,17.08,17.66,19.81,22.23,24.8
12/03/2021,17.13,17.86,20.1,22.56,24.98
12/02/2021,17.34,18.19,20.37,22.95,25.14
12/01/2021,17.64,18.59,20.66,23.34,25.31
11/30/2021,17.99,19.09,21.31,23.76,25.51
11/29/2021,18.24,19.55,21.94,24.15,25.67
11/26/2021,18.59,20.03,22.45,24.5,25.82
11/24/2021,19.04,20.49,23.0,24.84,25.97
11/23/2021,19.54,20.95,23.51,25.14,26.1
11/22/2021,20.2,21.47,24.01,25.44,26.24
11/19/2021,20.86,21.96,24.51,25.72,26.36
11/18/2021,21.46,22.34,24.92,25.98,26.46
11/17/2021,21.94,22.55,25.33,26.21,26.55
11/16/2021,22.37,22.73,25.72,26.43,26.63
11/15/2021,22.75,23.54,26.1,26.62,26.7
11/12/2021,23.05,24.33,26.45,26.79,26.76
11/11/2021,23.21,24.88,26.74,26.96,26.8
11/10/2021,23.15,25.5,27.01,27.12,26.82
11/09/2021,23.1,26.06,27.24,27.24,26.84
11/08/2021,24.33,26.55,27.42,27.33,26.85
11/05/2021,25.61,27.07,27.61,27.42,26.87
11/04/2021,26.56,27.5,27.8,27.5,26.9
11/03/2021,27.84,28.12,28.05,27.62,26.93
11/02/2021,29.02,28.7,28.28,27.73,26.96
11/01/2021,28.77,28.66,28.16,27.62,26.87
10/29/2021,28.52,28.58,28.03,27.5,26.8
10/28/2021,28.43,28.6,28.0,27.45,26.74
10/27/2021,28.39,28.52,27.93,27.44,26.64
10/26/2021,28.38,28.41,27.84,27.43,26.53
10/25/2021,28.56,28.3,27.73,27.42,26.43
10/22/2021,28.63,28.15,27.6,27.38,26.32
10/21/2021,28.76,28.11,27.5,27.4,26.24
10/20/2021,28.66,27.98,27.37,27.32,26.14
10/19/2021,28.44,27.87,27.25,27.28,26.03
10/18/2021,28.03,27.65,27.1,27.25,25.92
10/15/2021,27.67,27.48,26.96,27.19,25.83
10/14/2021,27.46,27.4,26.88,27.14,25.74
10/13/2021,27.3,27.34,26.89,27.09,25.67
10/12/2021,27.29,27.26,26.93,27.06,25.59
10/11/2021,27.27,27.16,26.98,27.04,25.52
10/08/2021,27.28,27.04,27.0,27.0,25.46
10/07/2021,27.34,26.89,27.04,26.95,25.38
10/06/2021,27.37,26.76,27.0,26.88,25.31
10/05/2021,27.22,26.63,26.99,26.83,25.24
10/04/2021,27.04,26.55,27.06,26.79,25.18
10/01/2021,26.8,26.44,27.05,26.73,25.11
09/30/2021,26.45,26.36,27.01,26.63,25.03
09/29/2021,26.15,26.45,26.97,26.53,24.94
09/28/2021,26.04,26.61,26.96,26.43,24.88
09/27/2021,26.06,26.81,26.98,26.37,24.83
09/24/2021,26.08,26.95,26.98,26.32,24.78
09/23/2021,26.27,27.18,26.98,26.3,24.75
09/22/2021,26.74,27.23,26.94,26.24,24.72
09/21/2021,27.18,27.34,26.93,26.19,24.69
09/20/2021,27.57,27.56,26.91,26.13,24.66
09/17/2021,27.82,27.65,26.88,26.1,24.62
09/16/2021,28.09,27.65,26.77,26.03,24.56
09/15/2021,27.72,27.5,26.56,25.85,24.48
09/14/2021,27.5,27.31,26.35,25.64,24.41
09/13/2021,27.56,27.15,26.15,25.43,24.34
09/10/2021,27.48,27.02,26.01,25.27,24.3
09/09/2021,27.21,26.77,25.86,25.08,24.23
09/08/2021,27.28,26.66,25.75,24.95,24.2
09/07/2021,27.11,26.53,25.61,24.78,24.18
09/03/2021,26.74,26.25,25.41,24.59,24.14
09/02/2021,26.56,26.11,25.32,24.47,24.12
09/01/2021,26.33,25.88,25.23,24.35,24.09
08/31/2021,26.03,25.63,25.02,24.24,24.07
08/30/2021,25.94,25.39,24.8,24.13,24.06
08/27/2021,25.76,25.15,24.58,24.01,24.05
08/26/2021,25.66,25.0,24.39,23.91,24.05
08/25/2021,25.43,24.94,24.23,23.81,24.08
08/24/2021,25.22,24.84,24.1,23.74,24.11
08/23/2021,24.84,24.7,23.91,23.65,24.14
08/20/2021,24.54,24.57,23.76,23.57,24.17
08/19/2021,24.34,24.54,23.65,23.49,24.2
08/18/2021,24.45,24.57,23.58,23.42,24.23
08/17/2021,24.45,24.42,23.54,23.36,24.28
08/16/2021,24.57,24.22,23.5,23.32,24.33
08/13/2021,24.59,24.0,23.44,23.29,24.37
08/12/2021,24.73,23.78,23.37,23.24,24.4
08/11/2021,24.69,23.51,23.25,23.2,24.4
08/10/2021,24.38,23.36,23.2,23.19,24.42
08/09/2021,23.86,23.12,23.12,23.19,24.43
08/06/2021,23.41,22.96,23.07,23.19,24.42
08/05/2021,22.83,22.77,22.97,23.14,24.41
08/04/2021,22.34,22.6,22.85,23.08,24.43
08/03/2021,22.35,22.67,22.83,23.11,24.49
08/02/2021,22.39,22.78,22.88,23.18,24.59
07/30/2021,22.51,22.87,22.93,23.25,24.66
07/29/2021,22.72,22.95,22.97,23.33,24.72
07/28/2021,22.86,22.98,23.04,23.39,24.79
07/27/2021,22.98,23.03,23.1,23.45,24.86
07/26/2021,23.17,23.13,23.22,23.58,24.95
07/23/2021,23.23,23.18,23.31,23.68,25.05
07/22/2021,23.19,23.17,23.32,23.77,25.14
07/21/2021,23.1,23.1,23.32,23.83,25.23
07/20/2021,23.07,23.0,23.33,23.9,25.31
07/19/2021,23.08,22.98,23.38,24.0,25.38
07/16/2021,23.13,22.99,23.43,24.1,25.46
07/15/2021,23.14,22.99,23.52,24.2,25.54
07/14/2021,23.1,23.1,23.6,24.35,25.6
07/13/2021,22.92,23.18,23.67,24.48,25.66
07/12/2021,22.87,23.31,23.81,24.62,25.71
07/09/2021,22.85,23.43,23.94,24.77,25.75
07/08/2021,22.84,23.48,24.06,24.9,25.8
07/07/2021,23.1,23.55,24.2,25.04,25.87
07/06/2021,23.43,23.66,24.36,25.2,25.94
07/02/2021,23.75,23.79,24.51,25.33,26.01
07/01/2021,24.01,23.87,24.65,25.45,26.06
06/30/2021,24.11,24.05,24.8,25.55,26.11
06/29/2021,23.99,24.1,24.98,25.61,26.17
06/28/2021,23.89,24.16,25.13,25.65,26.21
06/25/2021,23.83,24.31,25.28,25.67,26.25
06/24/2021,23.74,24.44,25.44,25.65,26.29
06/23/2021,23.98,24.65,25.61,25.69,26.35
06/22/2021,24.22,24.86,25.78,25.78,26.39
06/21/2021,24.42,25.06,25.96,25.88,26.41
06/18/2021,24.79,25.24,26.1,25.99,26.43
06/17/2021,25.15,25.42,26.24,26.07,26.45
06/16/2021,25.33,25.55,26.3,26.12,26.47
06/15/2021,25.5,25.86,26.36,26.18,26.5
06/14/2021,25.69,26.11,26.39,26.26,26.51
06/11/2021,25.68,26.25,26.35,26.32,26.52
06/10/2021,25.7,26.43,26.26,26.41,26.54
06/09/2021,25.77,26.57,26.21,26.51,26.56
06/08/2021,26.21,26.71,26.24,26.62,26.59
06/07/2021,26.54,26.87,26.29,26.71,26.6
06/04/2021,26.82,26.96,26.37,26.77,26.63
06/03/2021,27.17,27.05,26.39,26.83,26.64
06/02/2021,27.38,27.05,26.4,26.88,26.65
06/01/2021,27.21,26.87,26.34,26.85,26.63
05/28/2021,27.21,26.67,26.34,26.84,26.64
05/27/2021,27.09,26.44,26.36,26.79,26.67
05/26/2021,26.93,26.08,26.4,26.74,26.7
05/25/2021,26.73,25.84,26.48,26.7,26.75
05/24/2021,26.53,25.77,26.57,26.69,26.82
05/21/2021,26.13,25.72,26.63,26.68,26.86
05/20/2021,25.8,25.78,26.67,26.69,26.91
05/19/2021,25.22,25.73,26.73,26.68,27.0
05/18/2021,24.96,25.76,26.79,26.68,27.09
05/17/2021,25.0,25.81,26.84,26.72,27.18
05/14/2021,25.31,26.01,26.92,26.77,27.3
05/13/2021,25.76,26.27,26.96,26.83,27.42
05/12/2021,26.23,26.71,27.07,26.94,27.57
05/11/2021,26.55,27.12,27.13,27.01,27.72
05/10/2021,26.61,27.37,27.16,26.99,27.85
05/07/2021,26.72,27.54,27.16,26.94,27.97
05/06/2021,26.78,27.57,27.14,26.86,28.07
05/05/2021,27.2,27.73,27.15,26.84,28.21
05/04/2021,27.68,27.83,27.14,26.82,28.31
05/03/2021,28.13,27.88,27.18,26.82,28.39
04/30/2021,28.36,27.83,27.15,26.77,28.43
04/29/2021,28.35,27.65,27.1,26.71,28.46
04/28/2021,28.25,27.43,27.05,26.67,28.47
04/27/2021,27.98,27.14,26.95,26.6,28.47
04/26/2021,27.63,26.94,26.8,26.56,28.48
04/23/2021,27.31,26.79,26.64,26.48,28.5
04/22/2021,26.94,26.71,26.51,26.48,28.52
04/21/2021,26.6,26.58,26.39,26.44,28.57
04/20/2021,26.3,26.46,26.32,26.42,28.62
04/19/2021,26.26,26.48,26.29,26.41,28.68
04/16/2021,26.27,26.47,26.23,26.45,28.75
04/15/2021,26.48,26.56,26.25,26.55,28.85
04/14/2021,26.55,26.67,26.29,26.67,28.96
04/13/2021,26.61,26.76,26.33,26.8,0.0
04/12/2021,26.69,26.66,26.37,26.94,0.0
04/09/2021,26.67,26.5,26.33,27.04,0.0
04/08/2021,26.64,26.31,26.37,27.14,0.0
04/07/2021,26.79,26.21,26.37,27.33,0.0
04/06/2021,26.91,26.19,26.4,27.5,0.0
04/05/2021,26.63,26.1,26.38,27.64,0.0
04/01/2021,26.33,26.0,26.44,27.83,0.0
03/31/2021,25.99,25.93,26.54,28.02,0.0
03/30/2021,25.64,25.9,26.66,28.2,0.0
03/29/2021,25.46,25.9,26.82,28.43,0.0
03/26/2021,25.57,26.08,27.08,28.71,0.0
03/25/2021,25.67,26.17,27.3,28.99,0.0
03/24/2021,25.88,26.42,27.56,29.28,0.0
03/23/2021,26.17,26.54,27.89,29.58,0.0
03/22/2021,26.34,26.62,28.16,29.79,0.0
03/19/2021,26.6,26.66,28.41,29.96,0.0
03/18/2021,26.66,26.89,28.74,30.09,0.0
03/17/2021,26.97,27.15,29.06,30.2,0.0
03/16/2021,26.91,27.43,29.36,30.27,0.0
03/15/2021,26.9,27.75,29.7,30.35,0.0
03/12/2021,26.71,28.08,30.03,30.41,0.0
03/11/2021,27.11,28.44,30.41,30.51,0.0
03/10/2021,27.33,28.69,30.72,30.56,0.0
03/09/2021,27.95,29.24,31.1,30.71,0.0
03/08/2021,28.59,29.71,31.38,30.82,0.0
03/05/2021,29.44,30.17,31.61,30.95,0.0
03/04/2021,29.78,30.6,31.7,31.05,0.0
03/03/2021,30.06,30.97,31.73,31.16,0.0
03/02/2021,30.52,31.28,31.69,31.25,0.0
03/01/2021,30.83,31.66,31.65,0.0,0.0
02/26/2021,30.9,31.97,31.57,0.0,0.0
02/25/2021,31.42,32.37,31.54,0.0,0.0
02/24/2021,31.89,32.74,31.5,0.0,0.0
02/23/2021,32.04,32.96,31.44,0.0,0.0
02/22/2021,32.49,33.04,31.38,0.0,0.0
02/19/2021,33.05,33.04,31.34,0.0,0.0
02/18/2021,33.32,32.8,31.28,0.0,0.0
02/17/2021,33.59,32.49,31.25,0.0,0.0
02/16/2021,33.89,32.11,31.23,0.0,0.0
02/12/2021,33.6,31.63,0.0,0.0,0.0
02/11/2021,33.04,31.17,0.0,0.0,0.0
02/10/2021,32.28,30.71,0.0,0.0,0.0
02/09/2021,31.38,30.26,0.0,0.0,0.0
02/08/2021,30.33,29.92,0.0,0.0,0.0
02/05/2021,29.67,29.72,0.0,0.0,0.0
02/04/2021,29.29,29.64,0.0,0.0,0.0
02/03/2021,29.15,29.75,0.0,0.0,0.0
02/02/2021,29.14,30.01,0.0,0.0,0.0
02/01/2021,29.52,30.35,0.0,0.0,0.0
01/29/2021,29.77,0.0,0.0,0.0,0.0
01/28/2021,29.99,0.0,0.0,0.0,0.0
01/27/2021,30.36,0.0,0.0,0.0,0.0
01/26/2021,30.88,0.0,0.0,0.0,0.0
01/25/2021,31.19,0.0,0.0,0.0,0.0
01/22/2021,0.0,0.0,0.0,0.0,0.0
01/21/2021,0.0,0.0,0.0,0.0,0.0
01/20/2021,0.0,0.0,0.0,0.0,0.0
01/19/2021,0.0,0.0,0.0,0.0,0.0
