12/30/2022,1.22,1.0,0.9,0.92,0.96
12/29/2022,1.22,0.95,0.89,0.91,0.96
12/28/2022,1.11,0.88,0.87,0.89,0.95
12/27/2022,1.01,0.85,0.86,0.89,0.95
12/23/2022,0.93,0.83,0.86,0.89,0.95
12/22/2022,0.78,0.78,0.84,0.88,0.95
12/21/2022,0.69,0.75,0.83,0.87,0.94
12/20/2022,0.65,0.73,0.83,0.87,0.94
12/19/2022,0.69,0.75,0.84,0.88,0.95
12/16/2022,0.73,0.77,0.86,0.89,0.95
12/15/2022,0.77,0.8,0.87,0.9,0.96
12/14/2022,0.81,0.83,0.89,0.91,0.96
12/13/2022,0.82,0.85,0.9,0.92,0.96
12/12/2022,0.81,0.87,0.91,0.93,0.97
12/09/2022,0.82,0.89,0.92,0.93,0.97
12/08/2022,0.83,0.9,0.93,0.94,0.98
12/07/2022,0.84,0.9,0.93,0.94,0.98
12/06/2022,0.89,0.92,0.94,0.95,0.99
12/05/2022,0.93,0.93,0.95,0.95,0.99
12/02/2022,0.96,0.94,0.95,0.96,1.0
12/01/2022,0.97,0.94,0.95,0.96,1.0
11/30/2022,0.96,0.95,0.95,0.96,1.01
11/29/2022,0.95,0.95,0.95,0.96,1.01
11/28/2022,0.94,0.95,0.95,0.97,1.01
11/25/2022,0.92,0.96,0.95,0.96,1.02
11/23/2022,0.92,0.96,0.96,0.97,1.03
11/22/2022,0.93,0.96,0.96,0.97,1.03
11/21/2022,0.95,0.96,0.96,0.98,1.04
11/18/2022,0.97,0.96,0.96,0.98,1.05
11/17/2022,1.0,0.97,0.96,0.99,1.06
11/16/2022,1.0,0.96,0.97,1.0,1.06
11/15/2022,0.98,0.96,0.97,1.01,1.07
11/14/2022,0.97,0.95,0.97,1.01,1.08
11/11/2022,0.96,0.95,0.97,1.02,1.09
11/10/2022,0.94,0.95,0.97,1.02,1.1
11/09/2022,0.93,0.95,0.97,1.01,1.11
11/08/2022,0.93,0.95,0.98,1.01,1.13
11/07/2022,0.94,0.96,0.98,1.01,1.14
11/04/2022,0.95,0.96,0.99,1.01,1.16
11/03/2022,0.96,0.96,1.0,1.01,1.18
11/02/2022,0.98,0.97,1.02,1.01,1.19
11/01/2022,0.98,0.97,1.03,1.01,1.21
10/31/2022,0.99,0.98,1.05,1.01,1.22
10/28/2022,0.97,0.99,1.05,1.01,1.23
10/27/2022,0.97,0.99,1.05,1.01,1.25
10/26/2022,0.96,0.99,1.05,1.02,1.26
10/25/2022,0.97,1.0,1.04,1.02,1.28
10/24/2022,0.98,1.0,1.04,1.02,1.29
10/21/2022,1.01,1.02,1.04,1.03,1.31
10/20/2022,1.01,1.04,1.03,1.04,1.32
10/19/2022,1.02,1.07,1.03,1.04,1.34
10/18/2022,1.03,1.1,1.03,1.05,1.35
10/17/2022,1.03,1.11,1.03,1.06,1.36
10/14/2022,1.03,1.11,1.02,1.06,1.38
10/13/2022,1.07,1.11,1.02,1.07,1.4
10/12/2022,1.12,1.1,1.03,1.09,1.42
10/11/2022,1.16,1.09,1.03,1.1,1.43
10/10/2022,1.19,1.07,1.03,1.11,1.44
10/07/2022,1.19,1.05,1.04,1.11,1.46
10/06/2022,1.15,1.02,1.04,1.12,1.46
10/05/2022,1.08,0.99,1.03,1.13,1.47
10/04/2022,1.01,0.96,1.03,1.14,1.48
10/03/2022,0.96,0.94,1.03,1.15,1.48
09/30/2022,0.92,0.94,1.04,1.16,1.5
09/29/2022,0.89,0.94,1.05,1.19,1.51
09/28/2022,0.89,0.96,1.08,1.21,1.53
09/27/2022,0.91,0.98,1.1,1.24,1.54
09/26/2022,0.93,1.0,1.12,1.27,1.56
09/23/2022,0.96,1.02,1.14,1.3,1.57
09/22/2022,0.98,1.05,1.17,1.34,1.59
09/21/2022,1.02,1.07,1.2,1.37,1.61
09/20/2022,1.04,1.1,1.22,1.4,1.62
09/19/2022,1.06,1.12,1.25,1.43,1.64
09/16/2022,1.08,1.14,1.28,1.46,1.67
09/15/2022,1.12,1.17,1.31,1.49,1.69
09/14/2022,1.13,1.2,1.34,1.51,1.71
09/13/2022,1.15,1.23,1.38,1.54,1.72
09/12/2022,1.17,1.25,1.41,1.56,1.74
09/09/2022,1.19,1.27,1.45,1.59,1.76
09/08/2022,1.23,1.3,1.49,1.61,1.77
09/07/2022,1.27,1.32,1.53,1.63,1.78
09/06/2022,1.3,1.35,1.55,1.65,1.8
09/02/2022,1.33,1.38,1.59,1.67,1.82
09/01/2022,1.34,1.42,1.62,1.7,1.84
08/31/2022,1.36,1.46,1.64,1.73,1.86
08/30/2022,1.37,1.49,1.67,1.75,1.87
08/29/2022,1.4,1.53,1.69,1.77,1.88
08/26/2022,1.44,1.58,1.72,1.78,1.9
08/25/2022,1.49,1.62,1.74,1.8,1.92
08/24/2022,1.55,1.69,1.76,1.8,1.94
08/23/2022,1.6,1.73,1.78,1.81,1.96
08/22/2022,1.65,1.75,1.8,1.81,1.98
08/19/2022,1.72,1.79,1.82,1.82,2.0
08/18/2022,1.76,1.82,1.84,1.83,2.01
08/17/2022,1.83,1.83,1.86,1.84,2.03
08/16/2022,1.86,1.85,1.88,1.84,2.04
08/15/2022,1.85,1.86,1.89,1.84,2.05
08/12/2022,1.86,1.86,1.89,1.84,2.06
08/11/2022,1.88,1.87,1.88,1.84,2.07
08/10/2022,1.84,1.84,1.86,1.83,2.08
08/09/2022,1.84,1.83,1.85,1.84,2.1
08/08/2022,1.86,1.84,1.85,1.85,2.11
08/05/2022,1.86,1.84,1.84,1.86,2.12
08/04/2022,1.85,1.85,1.84,1.87,2.13
08/03/2022,1.84,1.89,1.84,1.89,2.14
08/02/2022,1.83,1.92,1.84,1.9,2.15
08/01/2022,1.81,1.92,1.84,1.91,2.16
07/29/2022,1.82,1.91,1.83,1.92,2.18
07/28/2022,1.86,1.9,1.83,1.93,2.2
07/27/2022,1.94,1.88,1.83,1.94,2.22
07/26/2022,2.0,1.87,1.84,1.94,2.24
07/25/2022,2.02,1.85,1.85,1.95,2.26
07/22/2022,2.0,1.84,1.87,1.97,2.28
07/21/2022,1.95,1.83,1.88,1.99,2.3
07/20/2022,1.83,1.79,1.88,1.99,2.31
07/19/2022,1.73,1.76,1.89,1.99,2.33
07/18/2022,1.68,1.76,1.9,2.0,2.36
07/15/2022,1.67,1.75,1.92,2.01,2.39
07/14/2022,1.7,1.76,1.94,2.04,2.43
07/13/2022,1.76,1.78,1.96,2.07,2.46
07/12/2022,1.79,1.81,1.98,2.11,2.5
07/11/2022,1.83,1.85,2.0,2.15,2.54
07/08/2022,1.83,1.9,2.03,2.17,2.58
07/07/2022,1.81,1.94,2.07,2.19,2.61
07/06/2022,1.8,1.98,2.09,2.21,2.65
07/05/2022,1.82,2.03,2.1,2.24,2.69
07/01/2022,1.87,2.05,2.12,2.26,2.74
06/30/2022,1.97,2.09,2.15,2.28,2.79
06/29/2022,2.06,2.13,2.18,2.3,2.84
06/28/2022,2.15,2.14,2.22,2.33,2.89
06/27/2022,2.23,2.15,2.27,2.36,2.93
06/24/2022,2.23,2.16,2.3,2.38,2.97
06/23/2022,2.2,2.17,2.31,2.37,3.01
06/22/2022,2.2,2.21,2.32,2.38,3.05
06/21/2022,2.14,2.2,2.33,2.39,3.09
06/17/2022,2.08,2.18,2.34,2.4,3.13
06/16/2022,2.09,2.19,2.36,2.42,3.18
06/15/2022,2.13,2.2,2.37,2.45,3.22
06/14/2022,2.22,2.22,2.39,2.47,3.26
06/13/2022,2.25,2.29,2.42,2.51,3.3
06/10/2022,2.28,2.38,2.46,2.54,3.34
06/09/2022,2.29,2.44,2.48,2.57,3.37
06/08/2022,2.28,2.45,2.48,2.59,3.39
06/07/2022,2.23,2.43,2.47,2.61,3.4
06/06/2022,2.33,2.47,2.49,2.64,3.43
06/03/2022,2.47,2.5,2.51,2.68,3.46
06/02/2022,2.58,2.53,2.53,2.72,3.49
06/01/2022,2.63,2.54,2.57,2.77,3.51
05/31/2022,2.64,2.56,2.6,2.82,3.54
05/27/2022,2.61,2.54,2.62,2.85,3.56
05/26/2022,2.53,2.54,2.62,2.89,3.58
05/25/2022,2.48,2.53,2.64,2.93,3.61
05/24/2022,2.46,2.5,2.67,2.98,3.65
05/23/2022,2.48,2.5,2.69,3.03,3.69
05/20/2022,2.48,2.5,2.73,3.08,3.72
05/19/2022,2.56,2.52,2.76,3.15,3.75
05/18/2022,2.57,2.54,2.81,3.21,3.78
05/17/2022,2.55,2.59,2.88,3.3,3.81
05/16/2022,2.52,2.64,2.95,3.38,3.84
05/13/2022,2.53,2.7,3.01,3.45,3.88
05/12/2022,2.47,2.71,3.06,3.51,3.92
05/11/2022,2.5,2.76,3.13,3.57,3.96
05/10/2022,2.64,2.83,3.21,3.66,4.0
05/09/2022,2.75,2.89,3.29,3.73,4.03
05/06/2022,2.87,2.95,3.37,3.8,4.07
05/05/2022,2.94,3.01,3.46,3.87,4.11
05/04/2022,3.02,3.08,3.55,3.93,4.14
05/03/2022,3.02,3.17,3.65,3.99,4.17
05/02/2022,3.02,3.26,3.75,4.04,4.19
04/29/2022,3.03,3.32,3.83,4.09,4.22
04/28/2022,3.08,3.41,3.91,4.13,4.24
04/27/2022,3.14,3.51,3.98,4.16,4.27
04/26/2022,3.31,3.6,4.07,4.18,4.3
04/25/2022,3.49,3.7,4.15,4.2,4.32
04/22/2022,3.6,3.79,4.22,4.22,4.33
04/21/2022,3.73,3.91,4.3,4.25,4.35
04/20/2022,3.87,4.02,4.36,4.27,4.36
04/19/2022,3.88,4.13,4.4,4.26,4.37
04/18/2022,3.91,4.25,4.44,4.25,4.38
04/14/2022,3.97,4.34,4.47,4.27,4.4
04/13/2022,4.09,4.41,4.49,4.28,4.42
04/12/2022,4.18,4.46,4.49,4.3,4.44
04/11/2022,4.38,4.54,4.47,4.32,4.47
04/08/2022,4.59,4.6,4.45,4.34,4.5
04/07/2022,4.71,4.66,4.44,4.36,4.53
04/06/2022,4.73,4.69,4.42,4.36,4.56
04/05/2022,4.74,4.7,4.39,4.34,4.58
04/04/2022,4.7,4.68,4.32,4.33,4.6
04/01/2022,4.62,4.62,4.26,4.31,4.62
03/31/2022,4.62,4.6,4.23,4.31,4.64
03/30/2022,4.65,4.58,4.21,4.33,4.68
03/29/2022,4.66,4.52,4.21,4.34,4.71
03/28/2022,4.65,4.41,4.21,4.34,4.74
03/25/2022,4.63,4.29,4.21,4.33,4.78
03/24/2022,4.58,4.21,4.21,4.34,4.8
03/23/2022,4.5,4.15,4.2,4.34,4.84
03/22/2022,4.37,4.08,4.17,4.35,4.87
03/21/2022,4.16,3.97,4.15,4.35,4.91
03/18/2022,3.95,3.89,4.15,4.35,4.95
03/17/2022,3.84,3.85,4.16,4.34,4.98
03/16/2022,3.8,3.85,4.2,4.36,5.02
03/15/2022,3.79,3.91,4.25,4.39,5.06
03/14/2022,3.78,4.01,4.31,4.42,5.1
03/11/2022,3.83,4.13,4.35,4.44,5.15
03/10/2022,3.87,4.21,4.4,4.44,5.19
03/09/2022,3.89,4.25,4.44,4.44,5.23
03/08/2022,4.03,4.25,4.48,4.45,5.27
03/07/2022,4.23,4.34,4.54,4.49,5.32
03/04/2022,4.43,4.41,4.57,4.51,5.37
03/03/2022,4.56,4.47,4.59,4.54,5.42
03/02/2022,4.6,4.56,4.61,4.56,5.45
03/01/2022,4.47,4.59,4.63,4.58,5.48
02/28/2022,4.45,4.61,4.63,4.62,5.51
02/25/2022,4.4,4.58,4.6,4.65,5.53
02/24/2022,4.39,4.6,4.56,4.7,5.57
02/23/2022,4.51,4.63,4.54,4.75,5.6
02/22/2022,4.71,4.71,4.55,4.82,5.65
02/18/2022,4.77,4.73,4.56,4.87,5.68
02/17/2022,4.76,4.73,4.56,4.93,5.72
02/16/2022,4.8,4.71,4.57,4.97,5.75
02/15/2022,4.75,4.67,4.57,5.02,5.79
02/14/2022,4.7,4.66,4.58,5.08,5.83
02/11/2022,4.7,4.66,4.63,5.15,5.88
02/10/2022,4.71,4.62,4.69,5.22,5.91
02/09/2022,4.61,4.52,4.75,5.27,6.01
02/08/2022,4.58,4.45,4.82,5.33,6.1
02/07/2022,4.61,4.4,4.87,5.4,6.21
02/04/2022,4.62,4.4,4.94,5.47,6.32
02/03/2022,4.52,4.39,5.02,5.55,6.44
02/02/2022,4.43,4.43,5.11,5.62,6.58
02/01/2022,4.32,4.46,5.2,5.67,6.71
01/31/2022,4.19,4.49,5.29,5.72,6.84
01/28/2022,4.17,4.59,5.39,5.78,6.99
01/27/2022,4.25,4.76,5.52,5.86,7.15
01/26/2022,4.42,4.99,5.64,5.94,7.32
01/25/2022,4.61,5.18,5.77,6.01,7.48
01/24/2022,4.8,5.35,5.9,6.09,7.62
01/21/2022,5.02,5.49,6.01,6.15,7.76
01/20/2022,5.28,5.66,6.13,6.24,7.9
01/19/2022,5.55,5.79,6.22,6.3,8.03
01/18/2022,5.75,5.94,6.28,6.34,8.15
01/14/2022,5.89,6.09,6.34,6.37,8.27
01/13/2022,5.96,6.18,6.37,6.4,8.39
01/12/2022,6.04,6.28,6.41,6.42,8.5
01/11/2022,6.03,6.3,6.42,6.44,8.6
01/10/2022,6.13,6.35,6.43,6.45,8.71
01/07/2022,6.3,6.45,6.46,6.47,8.82
01/06/2022,6.41,6.53,6.48,6.49,8.93
01/05/2022,6.52,6.59,6.53,6.5,9.04
01/04/2022,6.57,6.66,6.55,6.53,9.13
01/03/2022,6.57,6.61,6.54,6.55,9.22
12/31/2021,6.59,6.58,6.51,6.59,9.3
12/30/2021,6.65,6.55,6.5,6.61,9.38
12/29/2021,6.67,6.54,6.49,6.61,9.45
12/28/2021,6.74,6.55,6.5,6.75,9.53
12/27/2021,6.65,6.51,6.5,6.88,9.6
12/23/2021,6.58,6.47,6.49,7.02,9.67
12/22/2021,6.46,6.44,6.47,7.16,9.74
12/21/2021,6.41,6.46,6.46,7.34,9.83
12/20/2021,6.35,6.44,6.46,7.54,9.91
12/17/2021,6.37,6.48,6.52,7.75,9.99
12/16/2021,6.36,6.44,6.59,7.96,10.07
12/15/2021,6.41,6.46,6.63,8.2,10.13
12/14/2021,6.51,6.43,6.64,8.44,10.18
12/13/2021,6.54,6.46,6.85,8.69,10.22
12/10/2021,6.58,6.49,7.06,8.94,10.28
12/09/2021,6.51,6.51,7.3,9.15,10.33
12/08/2021,6.5,6.5,7.53,9.36,10.39
12/07/2021,6.35,6.46,7.77,9.55,10.45
12/06/2021,6.38,6.48,8.08,9.76,10.53
12/03/2021,6.4,6.56,8.38,9.95,10.62
12/02/2021,6.5,6.74,8.73,10.18,10.72
12/01/2021,6.5,6.81,9.07,10.38,10.8
11/30/2021,6.57,6.85,9.45,10.59,10.9
11/29/2021,6.58,7.23,9.81,10.77,10.97
11/26/2021,6.72,7.64,10.16,10.96,11.05
11/24/2021,6.99,8.08,10.48,11.17,11.13
11/23/2021,7.11,8.56,10.8,11.37,11.2
11/22/2021,7.14,9.09,11.1,11.57,11.26
11/19/2021,7.88,9.68,11.4,11.73,11.32
11/18/2021,8.55,10.21,11.65,11.89,11.34
11/17/2021,9.18,10.71,11.89,12.01,11.36
11/16/2021,10.0,11.33,12.16,12.15,11.38
11/15/2021,11.04,12.04,12.45,12.29,11.4
11/12/2021,11.48,12.39,12.54,12.31,11.33
11/11/2021,11.86,12.69,12.63,12.31,11.27
11/10/2021,12.24,12.87,12.71,12.33,11.2
11/09/2021,12.66,13.04,12.77,12.32,11.13
11/08/2021,13.04,13.11,12.81,12.32,11.04
11/05/2021,13.3,13.11,12.75,12.29,10.94
11/04/2021,13.52,13.1,12.73,12.23,10.85
11/03/2021,13.5,13.07,12.67,12.17,10.75
11/02/2021,13.41,12.99,12.56,12.06,10.65
11/01/2021,13.18,12.87,12.42,11.92,10.55
10/29/2021,12.92,12.7,12.26,11.75,10.45
10/28/2021,12.67,12.57,12.12,11.62,10.35
10/27/2021,12.65,12.54,12.06,11.52,10.25
10/26/2021,12.57,12.51,11.96,11.42,10.15
10/25/2021,12.55,12.5,11.92,11.36,10.06
10/22/2021,12.47,12.4,11.88,11.31,9.98
10/21/2021,12.46,12.36,11.8,11.29,9.91
10/20/2021,12.44,12.26,11.72,11.26,9.83
10/19/2021,12.46,12.13,11.59,11.23,9.75
10/18/2021,12.45,11.97,11.45,11.2,9.67
10/15/2021,12.32,11.83,11.28,11.17,9.59
10/14/2021,12.25,11.68,11.15,11.14,9.52
10/13/2021,12.07,11.57,11.0,11.09,9.45
10/12/2021,11.8,11.41,10.87,11.04,9.38
10/11/2021,11.49,11.34,10.78,10.95,9.3
10/08/2021,11.34,11.37,10.76,10.9,9.24
10/07/2021,11.11,11.24,10.75,10.8,9.18
10/06/2021,11.06,11.18,10.76,10.7,9.13
10/05/2021,11.03,11.06,10.77,10.61,9.1
10/04/2021,11.19,10.92,10.82,10.5,9.08
10/01/2021,11.4,10.73,10.84,10.36,9.06
09/30/2021,11.37,10.62,10.86,10.23,9.03
09/29/2021,11.3,10.43,10.85,10.07,8.99
09/28/2021,11.08,10.32,10.85,9.93,8.97
09/27/2021,10.65,10.23,10.75,9.76,8.94
09/24/2021,10.06,10.15,10.67,9.58,8.91
09/23/2021,9.86,10.26,10.58,9.46,8.91
09/22/2021,9.57,10.34,10.46,9.32,8.91
09/21/2021,9.56,10.49,10.38,9.24,8.93
09/20/2021,9.81,10.72,10.29,9.19,8.94
09/17/2021,10.25,10.95,10.18,9.14,8.96
09/16/2021,10.67,11.11,10.03,9.07,8.98
09/15/2021,11.11,11.27,9.9,8.99,9.0
09/14/2021,11.43,11.37,9.74,8.89,9.02
09/13/2021,11.63,11.28,9.52,8.77,9.01
09/10/2021,11.66,11.19,9.3,8.66,9.0
09/09/2021,11.56,10.9,9.06,8.53,8.97
09/08/2021,11.42,10.57,8.82,8.4,8.94
09/07/2021,11.32,10.27,8.62,8.27,8.92
09/03/2021,10.93,9.86,8.42,8.14,8.9
09/02/2021,10.72,9.4,8.24,8.01,8.9
09/01/2021,10.23,8.95,8.05,7.9,8.9
08/31/2021,9.72,8.53,7.85,7.81,8.91
08/30/2021,9.22,8.11,7.65,7.72,8.92
08/27/2021,8.79,7.76,7.52,7.65,8.94
08/26/2021,8.08,7.41,7.4,7.59,8.95
08/25/2021,7.66,7.22,7.35,7.57,8.99
08/24/2021,7.33,7.06,7.32,7.57,9.02
08/23/2021,7.0,6.97,7.27,7.6,9.07
08/20/2021,6.73,6.99,7.27,7.65,9.12
08/19/2021,6.74,7.08,7.31,7.75,9.19
08/18/2021,6.78,7.15,7.38,7.83,9.26
08/17/2021,6.79,7.17,7.45,7.9,9.34
08/16/2021,6.94,7.19,7.52,8.01,9.42
08/13/2021,7.25,7.27,7.59,8.13,9.5
08/12/2021,7.42,7.38,7.67,8.24,9.56
08/11/2021,7.52,7.47,7.74,8.35,9.62
08/10/2021,7.55,7.58,7.83,8.49,9.68
08/09/2021,7.45,7.58,7.92,8.62,9.72
08/06/2021,7.29,7.56,7.99,8.7,9.73
08/05/2021,7.35,7.55,8.09,8.78,9.77
08/04/2021,7.42,7.6,8.16,8.9,9.83
08/03/2021,7.62,7.73,8.26,9.02,9.94
08/02/2021,7.71,7.85,8.42,9.14,10.14
07/30/2021,7.82,7.92,8.56,9.25,10.33
07/29/2021,7.75,7.96,8.67,9.33,10.54
07/28/2021,7.78,8.0,8.79,9.42,10.78
07/27/2021,7.84,8.07,8.95,9.48,11.02
07/26/2021,8.0,8.26,9.14,9.57,11.29
07/23/2021,8.02,8.42,9.27,9.67,11.55
07/22/2021,8.18,8.62,9.4,9.78,11.82
07/21/2021,8.22,8.72,9.55,9.89,12.1
07/20/2021,8.31,8.8,9.67,10.01,12.38
07/19/2021,8.53,8.98,9.79,10.12,12.63
07/16/2021,8.81,9.19,9.92,10.24,12.87
07/15/2021,9.07,9.39,10.02,10.32,13.07
07/14/2021,9.22,9.58,10.12,10.41,13.26
07/13/2021,9.29,9.82,10.19,10.47,13.45
07/12/2021,9.44,10.01,10.23,10.53,13.64
07/09/2021,9.57,10.13,10.3,10.59,13.82
07/08/2021,9.7,10.17,10.36,10.63,14.01
07/07/2021,9.93,10.37,10.48,10.7,14.21
07/06/2021,10.35,10.53,10.61,10.78,14.42
07/02/2021,10.59,10.59,10.69,10.83,14.62
07/01/2021,10.68,10.64,10.76,10.87,14.84
06/30/2021,10.64,10.66,10.79,10.88,15.02
06/29/2021,10.81,10.67,10.83,10.89,15.22
06/28/2021,10.72,10.56,10.79,10.87,15.4
06/25/2021,10.59,10.45,10.79,10.81,15.55
06/24/2021,10.59,10.48,10.82,10.76,15.71
06/23/2021,10.67,10.55,10.86,10.76,15.87
06/22/2021,10.53,10.59,10.87,10.77,15.99
06/21/2021,10.41,10.69,10.9,10.87,16.12
06/18/2021,10.31,10.79,10.95,11.14,16.26
06/17/2021,10.36,10.89,10.98,11.41,16.38
06/16/2021,10.43,10.93,10.99,11.75,16.52
06/15/2021,10.65,10.98,11.0,12.15,16.69
06/14/2021,10.97,11.02,11.02,12.55,16.88
06/11/2021,11.26,11.13,11.0,13.0,17.03
06/10/2021,11.42,11.17,10.91,13.42,17.17
06/09/2021,11.42,11.17,10.87,13.85,17.27
06/08/2021,11.31,11.15,10.86,14.31,17.37
06/07/2021,11.07,11.12,10.96,14.75,17.47
06/04/2021,10.99,11.12,11.32,15.14,17.57
06/03/2021,10.93,11.08,11.67,15.5,17.65
06/02/2021,10.92,11.06,12.16,15.82,17.71
06/01/2021,10.99,11.03,12.73,16.12,17.76
05/28/2021,11.17,11.02,13.32,16.43,17.81
05/27/2021,11.25,10.87,13.93,16.75,17.84
05/26/2021,11.22,10.64,14.54,17.05,17.9
05/25/2021,11.2,10.57,15.19,17.4,17.98
05/24/2021,11.06,10.57,15.9,17.72,18.09
05/21/2021,10.88,10.8,16.56,18.06,18.15
05/20/2021,10.48,11.53,17.15,18.4,18.22
05/19/2021,10.05,12.26,17.71,18.81,18.32
05/18/2021,9.93,13.25,18.21,19.15,18.42
05/17/2021,10.08,14.43,18.66,19.55,18.53
05/14/2021,10.72,15.62,19.13,19.92,18.63
05/13/2021,12.57,17.0,19.69,20.28,18.75
05/12/2021,14.46,18.45,20.26,20.65,18.89
05/11/2021,16.58,19.82,20.81,20.97,19.02
05/10/2021,18.78,21.22,21.3,21.2,19.15
05/07/2021,20.51,22.32,21.69,21.37,19.24
05/06/2021,21.42,22.76,21.84,21.37,19.19
05/05/2021,22.43,23.16,22.08,21.35,19.16
05/04/2021,23.07,23.16,22.11,21.29,19.1
05/03/2021,23.66,22.89,22.11,21.24,18.99
04/30/2021,24.14,22.64,22.08,21.21,18.87
04/29/2021,24.11,22.38,21.92,21.07,18.72
04/28/2021,23.89,22.07,21.75,20.92,18.53
04/27/2021,23.25,21.8,21.55,20.68,18.34
04/26/2021,22.12,21.37,21.19,20.43,18.12
04/23/2021,21.15,21.06,20.9,20.18,17.92
04/22/2021,20.65,20.92,20.68,20.0,17.74
04/21/2021,20.25,21.01,20.44,19.79,17.59
04/20/2021,20.35,21.05,20.36,19.61,17.47
04/19/2021,20.62,21.33,20.41,19.41,17.35
04/16/2021,20.97,21.51,20.49,19.19,17.23
04/15/2021,21.19,21.47,20.42,18.93,17.09
04/14/2021,21.76,21.43,20.34,18.74,16.94
04/13/2021,21.75,21.3,20.12,18.57,16.76
04/12/2021,22.04,21.01,19.96,18.45,16.56
04/09/2021,22.06,20.73,19.75,18.25,16.34
04/08/2021,21.75,20.44,19.55,18.03,16.13
04/07/2021,21.1,19.87,19.19,17.84,15.88
04/06/2021,20.84,19.66,18.88,17.68,15.68
04/05/2021,19.99,19.5,18.45,17.5,15.44
04/01/2021,19.41,19.48,18.03,17.34,15.22
03/31/2021,19.13,19.37,17.65,17.22,15.01
03/30/2021,18.64,19.25,17.4,17.13,14.8
03/29/2021,18.49,18.94,17.21,17.06,14.6
03/26/2021,19.0,18.91,17.17,17.11,14.43
03/25/2021,19.55,18.76,17.0,17.1,14.24
03/24/2021,19.6,18.65,16.83,17.01,14.06
03/23/2021,19.85,18.5,16.82,16.98,13.91
03/22/2021,19.39,18.1,16.7,16.9,13.74
03/19/2021,18.82,17.41,16.5,16.75,13.54
03/18/2021,17.97,16.58,16.28,16.53,13.31
03/17/2021,17.7,15.94,16.14,16.38,13.11
03/16/2021,17.15,15.56,16.08,16.15,12.92
03/15/2021,16.81,15.48,16.12,16.01,12.74
03/12/2021,15.99,15.43,16.2,15.81,12.55
03/11/2021,15.19,15.24,16.27,15.66,12.36
03/10/2021,14.19,15.01,16.19,15.47,12.15
03/09/2021,13.96,15.15,16.21,15.38,11.97
03/08/2021,14.16,15.29,16.31,15.33,11.81
03/05/2021,14.86,15.6,16.42,15.29,11.67
03/04/2021,15.29,15.97,16.5,15.27,11.54
03/03/2021,15.84,16.34,16.6,15.26,11.41
03/02/2021,16.33,16.6,16.45,15.13,11.25
03/01/2021,16.42,16.76,16.27,14.95,11.06
02/26/2021,16.35,16.98,16.0,14.67,10.85
02/25/2021,16.64,17.31,15.87,14.44,10.67
02/24/2021,16.84,17.36,15.7,14.22,10.49
02/23/2021,16.86,17.28,15.5,13.92,10.28
02/22/2021,17.1,17.32,15.35,13.67,10.08
02/19/2021,17.62,17.24,15.14,13.38,9.88
02/18/2021,17.97,17.03,14.92,13.09,9.67
02/17/2021,17.88,16.85,14.72,12.8,9.46
02/16/2021,17.71,16.31,14.4,12.46,9.24
02/12/2021,17.54,15.78,14.04,12.14,9.01
02/11/2021,16.86,15.03,13.52,11.75,8.75
02/10/2021,16.09,14.43,13.01,11.38,8.51
02/09/2021,15.83,14.05,12.65,11.11,8.31
02/08/2021,14.91,13.72,12.24,10.85,8.1
02/05/2021,14.02,13.37,11.84,10.58,7.89
02/04/2021,13.19,13.03,11.45,10.32,7.69
02/03/2021,12.76,12.82,11.12,10.09,7.5
02/02/2021,12.26,12.58,10.77,9.84,7.32
02/01/2021,12.53,12.48,10.54,9.68,7.18
01/29/2021,12.72,12.3,10.33,9.48,7.04
01/28/2021,12.87,12.0,10.12,9.29,6.91
01/27/2021,12.87,11.59,9.85,9.06,6.77
01/26/2021,12.9,11.25,9.64,8.83,6.63
01/25/2021,12.43,10.77,9.41,8.57,6.46
01/22/2021,11.88,10.31,9.18,8.29,6.32
01/21/2021,11.14,9.88,8.97,8.05,6.19
01/20/2021,10.31,9.42,8.72,7.81,6.07
01/19/2021,9.6,8.96,8.48,7.56,5.95
01/15/2021,9.1,8.6,8.28,7.37,5.85
01/14/2021,8.73,8.35,8.06,7.17,5.77
01/13/2021,8.62,8.23,7.93,7.03,5.71
01/12/2021,8.53,8.12,7.79,6.9,5.67
01/11/2021,8.32,8.04,7.63,6.77,5.62
01/08/2021,8.1,8.05,7.47,6.64,5.58
01/07/2021,7.97,8.05,7.29,6.5,5.55
01/06/2021,7.83,8.06,7.14,6.38,5.52
01/05/2021,7.71,8.03,7.0,6.25,5.49
01/04/2021,7.76,7.99,6.87,6.13,5.47
12/31/2020,8.0,7.95,6.75,6.01,5.45
12/30/2020,8.13,7.78,6.59,5.88,5.41
12/29/2020,8.29,7.63,6.43,5.75,5.37
12/28/2020,8.35,7.46,6.3,5.64,5.35
12/24/2020,8.23,7.21,6.13,5.51,5.31
12/23/2020,7.9,6.88,5.94,5.36,5.26
12/22/2020,7.43,6.53,5.73,5.2,5.21
12/21/2020,6.97,6.22,5.54,5.05,5.16
12/18/2020,6.57,5.97,5.36,4.91,5.13
12/17/2020,6.2,5.74,5.2,4.79,5.1
12/16/2020,5.86,5.56,5.05,4.68,5.09
12/15/2020,5.62,5.39,4.93,4.6,5.1
12/14/2020,5.47,5.24,4.81,4.53,5.11
12/11/2020,5.36,5.13,4.73,4.47,5.15
12/10/2020,5.29,5.06,4.66,4.43,5.17
12/09/2020,5.25,4.99,4.59,4.36,5.2
12/08/2020,5.16,4.92,4.53,4.35,5.22
12/07/2020,5.0,4.85,4.46,4.33,5.24
12/04/2020,4.9,4.76,4.39,4.33,5.25
12/03/2020,4.82,4.65,4.31,4.33,5.28
12/02/2020,4.74,4.54,4.24,4.33,5.3
12/01/2020,4.68,4.46,4.21,4.36,5.33
11/30/2020,4.71,4.39,4.17,4.39,5.36
11/27/2020,4.62,4.33,4.15,4.43,5.39
11/25/2020,4.47,4.27,4.12,4.47,5.42
11/24/2020,4.33,4.19,4.05,4.53,5.45
11/23/2020,4.24,4.14,4.07,4.6,5.48
11/20/2020,4.08,4.06,4.07,4.65,5.51
11/19/2020,4.04,4.01,4.11,4.73,5.55
11/18/2020,4.06,3.98,4.17,4.81,5.57
11/17/2020,4.06,3.95,4.22,4.88,5.59
11/16/2020,4.04,3.96,4.31,4.94,5.6
11/13/2020,4.05,3.96,4.39,5.0,5.61
11/12/2020,3.98,3.96,4.48,5.05,5.62
11/11/2020,3.9,3.98,4.58,5.1,5.62
11/10/2020,3.85,3.9,4.69,5.16,5.63
11/09/2020,3.87,3.99,4.83,5.22,5.63
11/06/2020,3.86,4.07,4.95,5.28,5.64
11/05/2020,3.94,4.2,5.1,5.35,5.64
11/04/2020,4.06,4.36,5.22,5.41,5.65
11/03/2020,3.96,4.49,5.34,5.5,5.65
11/02/2020,4.11,4.66,5.43,5.6,5.65
10/30/2020,4.27,4.83,5.52,5.7,5.65
10/29/2020,4.47,5.01,5.6,5.82,5.65
10/28/2020,4.65,5.17,5.67,5.92,5.64
10/27/2020,5.03,5.48,5.79,6.03,5.65
10/26/2020,5.2,5.66,5.84,6.09,5.63
10/23/2020,5.39,5.83,5.89,6.15,5.62
10/22/2020,5.55,5.99,5.92,6.18,5.6
10/21/2020,5.7,6.09,5.93,6.23,5.58
10/20/2020,5.93,6.19,6.0,6.27,5.55
10/19/2020,6.12,6.2,6.07,6.3,5.52
10/16/2020,6.27,6.2,6.14,6.33,5.49
10/15/2020,6.43,6.19,6.23,6.34,5.45
10/14/2020,6.48,6.16,6.29,6.36,5.42
10/13/2020,6.44,6.1,6.31,6.36,5.37
10/12/2020,6.28,6.02,6.3,6.36,5.33
10/09/2020,6.13,5.95,6.31,6.37,5.29
10/08/2020,5.94,5.84,6.28,6.37,5.24
10/07/2020,5.84,5.77,6.29,6.34,5.19
10/06/2020,5.75,5.81,6.31,6.3,5.15
10/05/2020,5.76,5.93,6.35,6.26,5.11
10/02/2020,5.77,6.07,6.39,6.22,5.07
10/01/2020,5.75,6.27,6.42,6.18,5.03
09/30/2020,5.71,6.42,6.46,6.14,5.0
09/29/2020,5.86,6.52,6.5,6.09,4.96
09/28/2020,6.11,6.59,6.53,6.04,4.93
09/25/2020,6.37,6.66,6.58,5.99,4.9
09/24/2020,6.79,6.72,6.63,5.94,4.88
09/23/2020,7.13,6.82,6.62,5.89,4.85
09/22/2020,7.18,6.82,6.54,5.8,4.81
09/21/2020,7.07,6.77,6.42,5.7,4.76
09/18/2020,6.95,6.71,6.3,5.61,4.71
09/17/2020,6.65,6.58,6.14,5.48,4.64
09/16/2020,6.51,6.5,6.01,5.37,4.59
09/15/2020,6.46,6.48,5.88,5.27,4.54
09/14/2020,6.47,6.48,5.76,5.18,4.49
09/11/2020,6.46,6.49,5.66,5.09,4.44
09/10/2020,6.5,6.54,5.55,5.02,4.4
09/09/2020,6.49,6.42,5.42,4.93,4.35
09/08/2020,6.49,6.27,5.29,4.83,4.29
09/04/2020,6.48,6.07,5.17,4.74,4.24
09/03/2020,6.51,5.89,5.05,4.65,4.19
09/02/2020,6.57,5.7,4.93,4.56,4.14
09/01/2020,6.35,5.51,4.8,4.48,4.1
08/31/2020,6.04,5.28,4.66,4.38,4.05
08/28/2020,5.66,5.05,4.53,4.3,4.0
08/27/2020,5.26,4.82,4.39,4.21,3.96
08/26/2020,4.82,4.55,4.26,4.1,3.91
08/25/2020,4.67,4.42,4.18,4.04,3.88
08/24/2020,4.52,4.31,4.12,3.99,3.86
08/21/2020,4.44,4.27,4.07,3.96,3.84
08/20/2020,4.39,4.22,4.03,3.92,3.82
08/19/2020,4.29,4.17,3.99,3.88,3.81
08/18/2020,4.17,4.09,3.96,3.85,3.79
08/17/2020,4.11,4.05,3.94,3.83,3.78
08/14/2020,4.1,4.0,3.92,3.82,3.76
08/13/2020,4.06,3.96,3.9,3.81,3.75
08/12/2020,4.06,3.96,3.88,3.82,3.74
08/11/2020,4.01,3.94,3.86,3.82,3.73
08/10/2020,3.98,3.92,3.84,3.82,3.72
08/07/2020,3.91,3.88,3.8,3.81,3.71
08/06/2020,3.87,3.84,3.76,3.81,3.69
08/05/2020,3.87,3.81,3.74,3.81,3.69
08/04/2020,3.87,3.83,3.73,3.81,3.7
08/03/2020,3.85,3.83,3.73,3.81,3.7
07/31/2020,3.84,3.84,3.73,3.8,3.71
07/30/2020,3.81,3.83,3.73,3.79,3.71
07/29/2020,3.75,3.8,3.75,3.78,3.7
07/28/2020,3.79,3.78,3.76,3.77,3.7
07/27/2020,3.8,3.75,3.77,3.76,3.7
07/24/2020,3.85,3.72,3.78,3.74,3.7
07/23/2020,3.86,3.69,3.79,3.73,3.7
07/22/2020,3.84,3.66,3.8,3.73,3.7
07/21/2020,3.76,3.64,3.8,3.72,3.69
07/20/2020,3.7,3.63,3.79,3.71,3.68
07/17/2020,3.6,3.61,3.78,3.71,3.67
07/16/2020,3.52,3.64,3.77,3.71,3.66
07/15/2020,3.48,3.7,3.77,3.72,3.66
07/14/2020,3.51,3.75,3.76,3.72,3.65
07/13/2020,3.55,3.79,3.76,3.73,3.65
07/10/2020,3.62,3.85,3.75,3.73,3.65
07/09/2020,3.75,3.9,3.75,3.73,3.64
07/08/2020,3.92,3.94,3.76,3.73,3.64
07/07/2020,3.98,3.96,3.76,3.73,3.64
07/06/2020,4.03,3.96,3.76,3.72,3.63
07/02/2020,4.07,3.95,3.76,3.71,3.63
07/01/2020,4.04,3.9,3.75,3.68,3.61
06/30/2020,3.97,3.83,3.72,3.65,3.6
06/29/2020,3.93,3.77,3.71,3.63,3.58
06/26/2020,3.9,3.73,3.7,3.61,3.58
06/25/2020,3.83,3.66,3.67,3.6,3.57
06/24/2020,3.76,3.61,3.65,3.58,3.56
06/23/2020,3.69,3.58,3.63,3.58,3.56
06/22/2020,3.62,3.56,3.62,3.59,3.55
06/19/2020,3.55,3.56,3.6,3.6,3.54
06/18/2020,3.49,3.57,3.58,3.61,3.52
06/17/2020,3.45,3.59,3.57,3.62,3.51
06/16/2020,3.46,3.61,3.56,3.63,3.49
06/15/2020,3.5,3.65,3.56,3.64,3.48
06/12/2020,3.56,3.67,3.56,3.65,3.47
06/11/2020,3.64,3.68,3.57,3.66,3.45
06/10/2020,3.73,3.69,3.57,3.68,3.45
06/09/2020,3.77,3.68,3.59,3.67,3.43
06/08/2020,3.8,3.67,3.6,3.66,3.43
06/05/2020,3.77,3.65,3.62,3.65,3.42
06/04/2020,3.72,3.6,3.64,3.64,3.41
06/03/2020,3.65,3.56,3.64,3.62,3.41
06/02/2020,3.59,3.51,3.64,3.6,3.41
06/01/2020,3.55,3.47,3.64,3.58,3.41
05/29/2020,3.52,3.45,3.64,3.58,3.42
05/28/2020,3.49,3.45,3.66,3.57,3.43
05/27/2020,3.46,3.45,3.67,3.56,3.44
05/26/2020,3.42,3.49,3.67,3.55,3.45
05/22/2020,3.39,3.53,3.66,3.55,3.45
05/21/2020,3.38,3.6,3.65,3.55,3.46
05/20/2020,3.42,3.67,3.65,3.55,3.47
05/19/2020,3.43,3.73,3.65,3.54,3.49
05/18/2020,3.56,3.78,3.64,3.54,3.5
05/15/2020,3.68,3.81,3.64,3.54,3.52
05/14/2020,3.83,3.83,3.64,3.54,3.54
05/13/2020,3.92,3.86,3.62,3.54,3.55
05/12/2020,4.02,3.9,3.62,3.55,3.57
05/11/2020,4.0,3.85,3.59,3.53,3.58
05/08/2020,3.94,3.79,3.56,3.5,3.58
05/07/2020,3.83,3.7,3.52,3.47,3.58
05/06/2020,3.81,3.63,3.49,3.44,3.58
05/05/2020,3.78,3.57,3.45,3.4,3.59
05/04/2020,3.7,3.51,3.42,3.35,3.59
05/01/2020,3.63,3.47,3.4,3.31,3.61
04/30/2020,3.57,3.45,3.4,3.29,3.62
04/29/2020,3.46,3.38,3.37,3.24,3.64
04/28/2020,3.36,3.33,3.37,3.22,3.65
04/27/2020,3.31,3.33,3.37,3.2,3.67
04/24/2020,3.31,3.33,3.36,3.2,3.69
04/23/2020,3.33,3.34,3.36,3.19,3.71
04/22/2020,3.3,3.34,3.34,3.19,3.74
04/21/2020,3.3,3.34,3.31,3.2,3.76
04/20/2020,3.34,3.34,3.28,3.22,3.77
04/17/2020,3.35,3.34,3.24,3.24,3.79
04/16/2020,3.34,3.34,3.2,3.26,3.8
04/15/2020,3.38,3.37,3.18,3.3,3.81
04/14/2020,3.38,3.41,3.16,3.32,3.83
04/13/2020,3.35,3.42,3.13,3.34,3.83
04/09/2020,3.33,3.4,3.13,3.36,3.84
04/08/2020,3.35,3.38,3.12,3.38,3.85
04/07/2020,3.35,3.34,3.12,3.4,3.86
04/06/2020,3.43,3.29,3.14,3.43,3.87
04/03/2020,3.49,3.21,3.15,3.46,3.88
04/02/2020,3.47,3.13,3.19,3.51,3.9
04/01/2020,3.41,3.06,3.22,3.54,3.91
03/31/2020,3.32,2.99,3.26,3.57,3.92
03/30/2020,3.14,2.92,3.28,3.6,3.91
03/27/2020,2.93,2.85,3.31,3.63,3.91
03/26/2020,2.8,2.87,3.34,3.66,3.92
03/25/2020,2.71,2.86,3.39,3.69,3.92
03/24/2020,2.65,2.9,3.43,3.72,3.93
03/23/2020,2.69,2.99,3.5,3.77,3.93
03/20/2020,2.76,3.1,3.59,3.84,3.94
03/19/2020,2.94,3.24,3.7,3.9,3.95
03/18/2020,3.01,3.38,3.78,3.96,3.96
03/17/2020,3.14,3.54,3.87,4.03,3.97
03/16/2020,3.29,3.64,3.94,4.08,3.97
03/13/2020,3.43,3.77,4.02,4.14,3.98
03/12/2020,3.54,3.81,4.06,4.19,3.97
03/11/2020,3.74,3.91,4.1,4.24,3.98
03/10/2020,3.93,3.97,4.14,4.28,3.98
03/09/2020,4.0,4.01,4.16,4.31,3.97
03/06/2020,4.1,4.08,4.21,4.33,3.97
03/05/2020,4.09,4.16,4.23,4.34,3.95
03/04/2020,4.08,4.19,4.25,4.34,3.92
03/03/2020,4.01,4.19,4.27,4.33,3.9
03/02/2020,4.02,4.23,4.3,4.33,3.87
02/28/2020,4.06,4.27,4.33,4.32,3.84
02/27/2020,4.23,4.3,4.37,4.32,3.82
02/26/2020,4.3,4.29,4.4,4.32,3.8
02/25/2020,4.38,4.3,4.44,4.32,3.77
02/24/2020,4.45,4.32,4.46,4.31,3.74
02/21/2020,4.48,4.33,4.45,4.3,3.71
02/20/2020,4.38,4.3,4.43,4.29,3.67
02/19/2020,4.28,4.31,4.42,4.28,3.63
02/18/2020,4.22,4.35,4.4,4.26,3.6
02/14/2020,4.19,4.37,4.38,4.22,3.56
02/13/2020,4.18,4.39,4.35,4.19,3.52
02/12/2020,4.23,4.44,4.33,4.18,3.49
02/11/2020,4.34,4.51,4.33,4.16,3.46
02/10/2020,4.47,4.57,4.33,4.13,3.44
02/07/2020,4.55,4.6,4.31,4.09,3.4
02/06/2020,4.59,4.58,4.29,4.05,3.37
02/05/2020,4.65,4.55,4.28,4.0,3.34
02/04/2020,4.67,4.53,4.26,3.96,3.3
02/03/2020,4.68,4.46,4.21,3.91,3.26
01/31/2020,4.64,4.39,4.15,3.86,3.22
01/30/2020,4.56,4.32,4.09,3.82,3.18
01/29/2020,4.46,4.23,4.05,3.76,3.14
01/28/2020,4.38,4.16,3.99,3.72,3.1
01/27/2020,4.24,4.09,3.91,3.68,3.06
01/24/2020,4.13,4.03,3.83,3.64,3.02
01/23/2020,4.07,4.0,3.78,3.6,2.98
01/22/2020,4.0,4.0,3.73,3.56,2.95
01/21/2020,3.94,3.99,3.67,3.5,2.91
01/17/2020,3.94,3.97,3.63,3.46,2.88
01/16/2020,3.92,3.92,3.6,3.41,2.85
01/15/2020,3.93,3.87,3.57,3.36,2.81
01/14/2020,4.01,3.87,3.53,3.32,2.78
01/13/2020,4.05,3.82,3.5,3.27,2.75
01/10/2020,4.0,3.72,3.47,3.22,2.72
01/09/2020,3.91,3.64,3.45,3.17,2.7
01/08/2020,3.81,3.56,3.4,3.11,2.67
01/07/2020,3.73,3.45,3.34,3.05,2.63
01/06/2020,3.59,3.35,3.26,2.98,2.6
01/03/2020,3.45,3.3,3.2,2.93,2.57
01/02/2020,3.37,3.29,3.16,2.89,2.55
12/31/2019,3.3,3.26,3.11,2.85,2.52
12/30/2019,3.18,3.2,3.05,2.8,2.49
12/27/2019,3.11,3.18,3.0,2.76,2.47
12/26/2019,3.14,3.22,2.96,2.74,2.45
12/24/2019,3.21,3.25,2.93,2.72,2.44
12/23/2019,3.22,3.25,2.89,2.7,2.42
12/20/2019,3.21,3.23,2.84,2.67,2.41
12/19/2019,3.24,3.17,2.8,2.65,2.39
12/18/2019,3.29,3.11,2.75,2.62,2.38
12/17/2019,3.3,3.03,2.7,2.58,2.37
12/16/2019,3.28,2.96,2.65,2.55,2.35
12/13/2019,3.24,2.91,2.6,2.52,2.34
12/12/2019,3.1,2.83,2.56,2.49,2.33
12/11/2019,2.93,2.71,2.5,2.44,2.31
12/10/2019,2.75,2.61,2.46,2.39,2.3
12/09/2019,2.65,2.54,2.42,2.36,2.29
12/06/2019,2.58,2.46,2.4,2.33,2.29
12/05/2019,2.56,2.43,2.39,2.32,2.29
12/04/2019,2.5,2.39,2.37,2.3,2.29
12/03/2019,2.47,2.36,2.36,2.28,2.29
12/02/2019,2.42,2.34,2.35,2.26,2.29
11/29/2019,2.34,2.29,2.33,2.24,2.3
11/27/2019,2.3,2.29,2.31,2.23,2.31
11/26/2019,2.29,2.3,2.3,2.23,2.32
11/25/2019,2.26,2.3,2.29,2.22,2.34
11/22/2019,2.25,2.31,2.28,2.22,2.35
11/21/2019,2.24,2.33,2.27,2.22,2.37
11/20/2019,2.27,2.34,2.26,2.21,2.38
11/19/2019,2.3,2.34,2.25,2.21,2.4
11/18/2019,2.34,2.36,2.24,2.2,2.42
11/15/2019,2.37,2.36,2.23,2.19,2.44
11/14/2019,2.42,2.37,2.22,2.19,2.46
11/13/2019,2.41,2.34,2.2,2.18,2.48
11/12/2019,2.38,2.31,2.19,2.17,2.5
11/11/2019,2.37,2.27,2.19,2.16,2.51
11/08/2019,2.35,2.24,2.18,2.15,2.52
11/07/2019,2.32,2.21,2.17,2.14,2.53
11/06/2019,2.27,2.18,2.15,2.14,2.54
11/05/2019,2.23,2.16,2.14,2.15,2.55
11/04/2019,2.17,2.13,2.12,2.15,2.56
11/01/2019,2.13,2.09,2.11,2.15,2.59
10/31/2019,2.1,2.07,2.1,2.15,2.62
10/30/2019,2.09,2.07,2.1,2.17,2.65
10/29/2019,2.1,2.08,2.1,2.18,2.69
10/28/2019,2.09,2.1,2.1,2.21,2.72
10/25/2019,2.06,2.12,2.1,2.23,2.76
10/24/2019,2.03,2.12,2.11,2.24,2.79
10/23/2019,2.05,2.12,2.12,2.26,2.83
10/22/2019,2.06,2.11,2.14,2.27,2.86
10/21/2019,2.11,2.11,2.16,2.29,2.9
10/18/2019,2.17,2.12,2.17,2.33,2.96
10/17/2019,2.21,2.13,2.19,2.36,3.0
10/16/2019,2.19,2.13,2.21,2.39,3.03
10/15/2019,2.15,2.11,2.23,2.42,3.05
10/14/2019,2.1,2.1,2.26,2.45,3.08
10/11/2019,2.06,2.09,2.28,2.48,3.09
10/10/2019,2.05,2.09,2.3,2.51,3.1
10/09/2019,2.07,2.12,2.32,2.55,3.12
10/08/2019,2.07,2.17,2.35,2.6,3.13
10/07/2019,2.09,2.21,2.39,2.64,3.14
10/04/2019,2.11,2.23,2.43,2.68,3.13
10/03/2019,2.13,2.26,2.47,2.72,3.13
10/02/2019,2.18,2.3,2.52,2.77,3.12
10/01/2019,2.27,2.36,2.57,2.82,3.12
09/30/2019,2.32,2.42,2.62,2.87,3.12
09/27/2019,2.35,2.48,2.68,2.9,3.11
09/26/2019,2.39,2.5,2.72,2.92,3.1
09/25/2019,2.42,2.52,2.77,2.93,3.09
09/24/2019,2.45,2.54,2.81,2.96,3.08
09/23/2019,2.52,2.57,2.85,2.98,3.07
09/20/2019,2.61,2.63,2.91,3.03,3.07
09/19/2019,2.62,2.69,2.95,3.08,3.06
09/18/2019,2.63,2.74,3.01,3.14,3.05
09/17/2019,2.62,2.79,3.06,3.19,3.04
09/16/2019,2.62,2.83,3.09,3.24,3.02
09/13/2019,2.65,2.87,3.11,3.28,3.0
09/12/2019,2.76,2.94,3.12,3.35,2.98
09/11/2019,2.84,3.01,3.14,3.41,2.96
09/10/2019,2.96,3.09,3.17,3.45,2.95
09/09/2019,3.04,3.13,3.19,3.51,2.92
09/06/2019,3.09,3.18,3.23,3.59,2.89
09/05/2019,3.13,3.22,3.28,3.64,2.86
09/04/2019,3.18,3.28,3.34,3.67,2.83
09/03/2019,3.21,3.33,3.39,3.69,2.8
08/30/2019,3.23,3.35,3.44,3.71,2.76
08/29/2019,3.28,3.34,3.49,3.7,2.73
08/28/2019,3.31,3.31,3.55,3.69,2.69
08/27/2019,3.39,3.26,3.61,3.69,2.65
08/26/2019,3.44,3.25,3.63,3.66,2.61
08/23/2019,3.48,3.24,3.69,3.63,2.57
08/22/2019,3.4,3.27,3.79,3.59,2.53
08/21/2019,3.3,3.33,3.85,3.54,2.49
08/20/2019,3.14,3.39,3.86,3.47,2.45
08/19/2019,3.07,3.45,3.87,3.42,2.4
08/16/2019,3.01,3.53,3.89,3.37,2.36
08/15/2019,3.13,3.64,3.89,3.33,2.33
08/14/2019,3.37,3.8,3.89,3.29,2.29
08/13/2019,3.64,3.95,3.9,3.25,2.26
08/12/2019,3.84,4.01,3.87,3.21,2.22
08/09/2019,4.05,4.14,3.83,3.17,2.18
08/08/2019,4.15,4.31,3.75,3.11,2.14
08/07/2019,4.23,4.36,3.64,3.04,2.08
08/06/2019,4.25,4.34,3.52,2.97,2.02
08/05/2019,4.18,4.29,3.4,2.89,1.97
08/02/2019,4.23,4.24,3.28,2.8,1.91
08/01/2019,4.46,4.13,3.17,2.72,1.86
07/31/2019,4.49,3.97,3.04,2.62,1.79
07/30/2019,4.43,3.85,2.91,2.52,1.73
07/29/2019,4.39,3.72,2.81,2.44,1.68
07/26/2019,4.26,3.52,2.68,2.34,1.62
07/25/2019,3.8,3.19,2.51,2.2,1.54
07/24/2019,3.45,2.92,2.38,2.09,1.48
07/23/2019,3.27,2.7,2.28,2.0,1.42
07/22/2019,3.06,2.51,2.19,1.91,1.37
07/19/2019,2.79,2.32,2.09,1.82,1.32
07/18/2019,2.58,2.21,2.01,1.75,1.28
07/17/2019,2.39,2.1,1.94,1.69,1.25
07/16/2019,2.12,1.96,1.86,1.61,1.21
07/15/2019,1.97,1.89,1.8,1.56,1.18
07/12/2019,1.86,1.84,1.75,1.51,1.15
07/11/2019,1.84,1.83,1.71,1.48,1.13
07/10/2019,1.82,1.84,1.67,1.45,1.1
07/09/2019,1.8,1.86,1.65,1.42,1.09
07/08/2019,1.82,1.87,1.61,1.39,1.07
07/05/2019,1.83,1.85,1.57,1.36,1.05
07/03/2019,1.82,1.81,1.52,1.33,1.03
07/02/2019,1.86,1.78,1.48,1.3,1.01
07/01/2019,1.92,1.76,1.44,1.27,0.99
06/28/2019,1.92,1.71,1.39,1.23,0.97
06/27/2019,1.87,1.65,1.35,1.2,0.95
06/26/2019,1.8,1.59,1.3,1.16,0.93
06/25/2019,1.7,1.5,1.25,1.12,0.91
06/24/2019,1.6,1.43,1.2,1.08,0.89
06/21/2019,1.49,1.35,1.14,1.05,0.87
06/20/2019,1.43,1.28,1.11,1.02,0.85
06/19/2019,1.37,1.22,1.08,0.99,0.84
06/18/2019,1.31,1.17,1.05,0.97,0.82
06/17/2019,1.27,1.13,1.03,0.95,0.81
06/14/2019,1.2,1.08,1.0,0.92,0.8
06/13/2019,1.14,1.04,0.97,0.9,0.79
06/12/2019,1.08,1.01,0.95,0.88,0.78
06/11/2019,1.03,0.99,0.93,0.87,0.77
06/10/2019,0.98,0.97,0.91,0.85,0.77
06/07/2019,0.95,0.94,0.89,0.84,0.76
06/06/2019,0.94,0.94,0.89,0.83,0.76
06/05/2019,0.95,0.94,0.88,0.82,0.75
06/04/2019,0.96,0.94,0.87,0.81,0.75
06/03/2019,0.95,0.93,0.86,0.8,0.74
05/31/2019,0.93,0.92,0.84,0.79,0.74
05/30/2019,0.93,0.91,0.83,0.78,0.74
05/29/2019,0.93,0.89,0.82,0.77,0.73
05/28/2019,0.92,0.87,0.8,0.76,0.73
05/24/2019,0.9,0.85,0.79,0.76,0.73
05/23/2019,0.9,0.85,0.78,0.75,0.72
05/22/2019,0.88,0.83,0.77,0.74,0.72
05/21/2019,0.84,0.82,0.76,0.73,0.72
05/20/2019,0.82,0.8,0.75,0.73,0.71
05/17/2019,0.8,0.79,0.74,0.72,0.71
05/16/2019,0.79,0.77,0.73,0.71,0.71
05/15/2019,0.79,0.76,0.72,0.71,0.71
05/14/2019,0.79,0.75,0.72,0.7,0.71
05/13/2019,0.79,0.74,0.71,0.7,0.71
05/10/2019,0.77,0.73,0.71,0.7,0.71
05/09/2019,0.75,0.72,0.7,0.69,0.71
05/08/2019,0.73,0.71,0.7,0.69,0.71
05/07/2019,0.71,0.7,0.69,0.68,0.71
05/06/2019,0.69,0.69,0.69,0.68,0.71
05/03/2019,0.69,0.69,0.69,0.68,0.71
05/02/2019,0.69,0.69,0.69,0.68,0.71
05/01/2019,0.69,0.69,0.68,0.68,0.71
04/30/2019,0.69,0.69,0.68,0.68,0.71
04/29/2019,0.69,0.68,0.68,0.68,0.71
04/26/2019,0.69,0.68,0.68,0.68,0.71
04/25/2019,0.68,0.68,0.68,0.68,0.71
04/24/2019,0.68,0.68,0.68,0.69,0.71
04/23/2019,0.68,0.68,0.68,0.68,0.7
04/22/2019,0.68,0.69,0.67,0.68,0.7
04/18/2019,0.68,0.68,0.67,0.69,0.7
04/17/2019,0.68,0.68,0.67,0.69,0.7
04/16/2019,0.68,0.68,0.67,0.69,0.7
04/15/2019,0.69,0.68,0.68,0.69,0.71
04/12/2019,0.69,0.67,0.68,0.69,0.7
04/11/2019,0.69,0.67,0.68,0.69,0.7
04/10/2019,0.69,0.67,0.68,0.7,0.7
04/09/2019,0.67,0.67,0.69,0.7,0.7
04/08/2019,0.66,0.67,0.68,0.7,0.7
04/05/2019,0.65,0.66,0.68,0.7,0.7
04/04/2019,0.66,0.66,0.69,0.71,0.7
04/03/2019,0.65,0.66,0.69,0.71,0.7
04/02/2019,0.66,0.67,0.69,0.71,0.7
04/01/2019,0.67,0.68,0.7,0.72,0.7
03/29/2019,0.68,0.69,0.7,0.72,0.7
03/28/2019,0.67,0.69,0.71,0.73,0.69
03/27/2019,0.67,0.7,0.71,0.73,0.69
03/26/2019,0.68,0.7,0.71,0.73,0.69
03/25/2019,0.69,0.7,0.72,0.73,0.69
03/22/2019,0.7,0.7,0.72,0.73,0.69
03/21/2019,0.71,0.71,0.73,0.73,0.69
03/20/2019,0.72,0.71,0.73,0.74,0.69
03/19/2019,0.73,0.72,0.74,0.74,0.68
03/18/2019,0.72,0.72,0.74,0.74,0.68
03/15/2019,0.71,0.72,0.74,0.73,0.68
03/14/2019,0.71,0.72,0.74,0.73,0.67
03/13/2019,0.71,0.72,0.74,0.73,0.67
03/12/2019,0.7,0.72,0.74,0.73,0.67
03/11/2019,0.72,0.73,0.75,0.72,0.67
03/08/2019,0.73,0.74,0.75,0.72,0.67
03/07/2019,0.73,0.74,0.75,0.72,0.66
03/06/2019,0.74,0.75,0.75,0.72,0.66
03/05/2019,0.74,0.76,0.75,0.72,0.66
03/04/2019,0.74,0.76,0.74,0.72,0.65
03/01/2019,0.74,0.76,0.74,0.72,0.65
02/28/2019,0.75,0.76,0.74,0.71,0.65
02/27/2019,0.77,0.77,0.73,0.71,0.65
02/26/2019,0.77,0.76,0.73,0.7,0.65
02/25/2019,0.78,0.76,0.72,0.7,0.65
02/22/2019,0.78,0.76,0.72,0.7,0.64
02/21/2019,0.77,0.75,0.71,0.69,0.64
02/20/2019,0.76,0.74,0.71,0.68,0.64
02/19/2019,0.75,0.74,0.7,0.68,0.64
02/15/2019,0.74,0.73,0.7,0.67,0.64
02/14/2019,0.74,0.72,0.69,0.67,0.64
02/13/2019,0.72,0.71,0.69,0.66,0.64
02/12/2019,0.72,0.7,0.68,0.66,0.64
02/11/2019,0.72,0.69,0.67,0.66,0.63
02/08/2019,0.71,0.68,0.67,0.65,0.63
02/07/2019,0.71,0.67,0.66,0.65,0.63
02/06/2019,0.7,0.67,0.66,0.64,0.63
02/05/2019,0.68,0.67,0.65,0.64,0.63
02/04/2019,0.67,0.67,0.65,0.63,0.63
02/01/2019,0.65,0.67,0.65,0.62,0.63
01/31/2019,0.64,0.67,0.64,0.62,0.64
01/30/2019,0.65,0.66,0.64,0.62,0.64
01/29/2019,0.66,0.66,0.64,0.61,0.64
01/28/2019,0.67,0.66,0.64,0.61,0.64
01/25/2019,0.69,0.66,0.64,0.61,0.65
01/24/2019,0.69,0.65,0.63,0.61,0.67
01/23/2019,0.67,0.64,0.63,0.6,0.69
01/22/2019,0.65,0.63,0.62,0.6,0.71
01/18/2019,0.64,0.63,0.61,0.6,0.74
01/17/2019,0.63,0.63,0.6,0.59,0.77
01/16/2019,0.61,0.62,0.6,0.59,0.79
01/15/2019,0.61,0.62,0.59,0.59,0.81
01/14/2019,0.61,0.63,0.59,0.59,0.82
01/11/2019,0.62,0.62,0.59,0.59,0.83
01/10/2019,0.63,0.61,0.59,0.59,0.85
01/09/2019,0.63,0.61,0.59,0.59,0.86
01/08/2019,0.64,0.61,0.59,0.6,0.88
01/07/2019,0.65,0.61,0.58,0.6,0.9
01/04/2019,0.63,0.59,0.58,0.6,0.91
01/03/2019,0.6,0.58,0.57,0.6,0.92
01/02/2019,0.59,0.57,0.57,0.6,0.93
12/31/2018,0.59,0.56,0.57,0.61,0.95
12/28/2018,0.57,0.56,0.57,0.61,0.96
12/27/2018,0.56,0.57,0.58,0.61,0.97
12/26/2018,0.55,0.56,0.58,0.62,0.98
12/24/2018,0.55,0.56,0.59,0.62,0.99
12/21/2018,0.54,0.56,0.59,0.63,1.0
12/20/2018,0.56,0.56,0.59,0.63,1.02
12/19/2018,0.57,0.57,0.6,0.64,1.03
12/18/2018,0.58,0.57,0.61,0.64,1.04
12/17/2018,0.58,0.57,0.62,0.65,1.06
12/14/2018,0.58,0.58,0.63,0.66,1.07
12/13/2018,0.57,0.58,0.63,0.66,1.08
12/12/2018,0.56,0.59,0.64,0.67,1.09
12/11/2018,0.56,0.6,0.64,0.69,1.1
12/10/2018,0.56,0.61,0.65,0.72,1.12
12/07/2018,0.58,0.62,0.66,0.77,1.13
12/06/2018,0.6,0.63,0.67,0.83,1.14
12/04/2018,0.62,0.64,0.68,0.89,1.15
12/03/2018,0.64,0.65,0.68,0.95,1.17
11/30/2018,0.65,0.67,0.69,0.99,1.18
11/29/2018,0.65,0.68,0.7,1.03,1.2
11/28/2018,0.66,0.68,0.7,1.05,1.21
11/27/2018,0.66,0.69,0.71,1.08,1.22
11/26/2018,0.66,0.69,0.74,1.1,1.23
11/23/2018,0.69,0.69,0.78,1.13,1.24
11/21/2018,0.71,0.7,0.84,1.17,1.25
11/20/2018,0.71,0.71,0.93,1.2,1.26
11/19/2018,0.71,0.71,1.01,1.22,1.27
11/16/2018,0.72,0.72,1.1,1.25,1.29
11/15/2018,0.7,0.71,1.16,1.26,1.3
11/14/2018,0.69,0.71,1.2,1.28,1.31
11/13/2018,0.71,0.72,1.24,1.31,1.32
11/12/2018,0.71,0.73,1.27,1.33,1.33
11/09/2018,0.72,0.79,1.31,1.35,1.34
11/08/2018,0.73,0.87,1.35,1.36,1.35
11/07/2018,0.73,0.99,1.4,1.38,1.37
11/06/2018,0.74,1.14,1.44,1.41,1.38
11/05/2018,0.74,1.31,1.48,1.42,1.4
11/02/2018,0.86,1.48,1.51,1.44,1.42
11/01/2018,1.02,1.6,1.54,1.46,1.43
10/31/2018,1.25,1.69,1.57,1.49,1.45
10/30/2018,1.55,1.75,1.6,1.5,1.47
10/29/2018,1.88,1.82,1.62,1.52,1.48
10/26/2018,2.11,1.83,1.62,1.52,1.48
10/25/2018,2.18,1.83,1.61,1.51,1.47
10/24/2018,2.13,1.81,1.58,1.49,1.46
10/23/2018,1.95,1.73,1.54,1.46,1.45
10/22/2018,1.76,1.64,1.48,1.42,1.43
10/19/2018,1.55,1.54,1.42,1.39,1.41
10/18/2018,1.48,1.47,1.39,1.37,1.4
10/17/2018,1.49,1.45,1.39,1.36,1.4
10/16/2018,1.51,1.45,1.38,1.36,1.4
10/15/2018,1.53,1.43,1.37,1.36,1.41
10/12/2018,1.53,1.42,1.36,1.36,1.41
10/11/2018,1.46,1.38,1.34,1.35,1.42
10/10/2018,1.41,1.35,1.32,1.34,1.42
10/09/2018,1.38,1.34,1.32,1.33,1.42
10/08/2018,1.33,1.31,1.31,1.32,1.43
10/05/2018,1.31,1.3,1.32,1.33,1.43
10/04/2018,1.31,1.31,1.32,1.33,1.44
10/03/2018,1.28,1.33,1.32,1.33,1.44
10/02/2018,1.3,1.31,1.32,1.33,1.45
10/01/2018,1.29,1.31,1.32,1.33,1.46
09/28/2018,1.28,1.3,1.32,1.33,1.46
09/27/2018,1.3,1.3,1.33,1.34,1.47
09/26/2018,1.37,1.3,1.33,1.35,1.48
09/25/2018,1.31,1.29,1.33,1.36,1.48
09/24/2018,1.33,1.31,1.33,1.38,1.49
09/21/2018,1.32,1.33,1.34,1.4,1.5
09/20/2018,1.3,1.34,1.34,1.41,1.5
09/19/2018,1.22,1.32,1.33,1.42,1.5
09/18/2018,1.28,1.33,1.33,1.43,1.51
09/17/2018,1.29,1.33,1.34,1.43,1.52
09/14/2018,1.34,1.34,1.34,1.44,1.52
09/13/2018,1.38,1.35,1.35,1.44,1.53
09/12/2018,1.41,1.37,1.38,1.44,1.54
09/11/2018,1.38,1.36,1.4,1.44,1.54
09/10/2018,1.37,1.36,1.42,1.44,1.55
09/07/2018,1.34,1.35,1.43,1.43,1.56
09/06/2018,1.32,1.34,1.44,1.43,1.57
09/05/2018,1.33,1.34,1.47,1.43,1.57
09/04/2018,1.34,1.34,1.48,1.44,1.58
08/31/2018,1.34,1.35,1.48,1.46,1.6
08/30/2018,1.35,1.35,1.48,1.47,1.6
08/29/2018,1.37,1.36,1.48,1.49,1.62
08/28/2018,1.35,1.39,1.48,1.5,1.62
08/27/2018,1.34,1.43,1.47,1.51,1.63
08/24/2018,1.36,1.49,1.48,1.53,1.63
08/23/2018,1.34,1.51,1.47,1.53,1.64
08/22/2018,1.34,1.55,1.47,1.55,1.64
08/21/2018,1.43,1.59,1.48,1.56,1.65
08/20/2018,1.52,1.62,1.49,1.57,1.65
08/17/2018,1.61,1.62,1.51,1.58,1.66
08/16/2018,1.69,1.62,1.53,1.6,1.67
08/15/2018,1.75,1.61,1.55,1.6,1.67
08/14/2018,1.76,1.56,1.55,1.6,1.68
08/13/2018,1.72,1.51,1.55,1.6,1.68
08/10/2018,1.63,1.46,1.55,1.59,1.69
08/09/2018,1.55,1.43,1.55,1.59,1.7
08/08/2018,1.47,1.4,1.55,1.59,1.72
08/07/2018,1.37,1.37,1.55,1.59,1.73
08/06/2018,1.3,1.36,1.55,1.59,1.74
08/03/2018,1.3,1.4,1.57,1.6,1.76
08/02/2018,1.31,1.45,1.58,1.61,1.78
08/01/2018,1.32,1.49,1.6,1.63,1.81
07/31/2018,1.36,1.54,1.62,1.64,1.83
07/30/2018,1.41,1.6,1.64,1.65,1.85
07/27/2018,1.5,1.63,1.65,1.67,1.88
07/26/2018,1.59,1.66,1.67,1.69,1.9
07/25/2018,1.67,1.7,1.69,1.7,1.93
07/24/2018,1.73,1.73,1.7,1.71,1.95
07/23/2018,1.78,1.74,1.71,1.73,1.98
07/20/2018,1.76,1.73,1.7,1.73,2.0
07/19/2018,1.73,1.72,1.7,1.74,2.02
07/18/2018,1.72,1.71,1.7,1.75,2.04
07/17/2018,1.73,1.7,1.69,1.74,2.05
07/16/2018,1.7,1.69,1.68,1.74,2.06
07/13/2018,1.71,1.68,1.69,1.74,2.08
07/12/2018,1.71,1.69,1.7,1.74,2.09
07/11/2018,1.69,1.69,1.71,1.74,2.1
07/10/2018,1.68,1.67,1.71,1.74,2.12
07/09/2018,1.67,1.68,1.72,1.73,2.15
07/06/2018,1.66,1.67,1.74,1.74,2.17
07/05/2018,1.67,1.67,1.75,1.74,2.2
07/03/2018,1.69,1.69,1.76,1.74,2.23
07/02/2018,1.67,1.67,1.76,1.75,2.26
06/29/2018,1.69,1.67,1.77,1.77,2.29
06/28/2018,1.69,1.7,1.77,1.78,2.32
06/27/2018,1.67,1.71,1.77,1.8,2.35
06/26/2018,1.68,1.73,1.77,1.84,2.38
06/25/2018,1.67,1.74,1.77,1.87,2.41
06/22/2018,1.65,1.76,1.76,1.89,2.44
06/21/2018,1.7,1.8,1.77,1.92,2.47
06/20/2018,1.74,1.82,1.77,1.96,2.5
06/19/2018,1.77,1.84,1.77,1.99,2.53
06/18/2018,1.81,1.85,1.79,2.02,2.56
06/15/2018,1.88,1.87,1.82,2.06,2.59
06/14/2018,1.9,1.85,1.82,2.09,2.62
06/13/2018,1.9,1.83,1.85,2.12,2.65
06/12/2018,1.92,1.81,1.89,2.15,2.68
06/11/2018,1.9,1.8,1.93,2.19,2.71
06/08/2018,1.87,1.76,1.96,2.22,2.74
06/07/2018,1.81,1.74,1.99,2.26,2.77
06/06/2018,1.76,1.72,2.02,2.3,2.8
06/05/2018,1.7,1.69,2.06,2.33,2.82
06/04/2018,1.7,1.72,2.11,2.36,2.86
06/01/2018,1.64,1.76,2.15,2.39,2.89
05/31/2018,1.67,1.79,2.21,2.42,2.93
05/30/2018,1.68,1.87,2.27,2.44,2.96
05/29/2018,1.69,1.98,2.33,2.47,2.99
05/25/2018,1.75,2.07,2.39,2.51,3.02
05/24/2018,1.87,2.16,2.46,2.57,3.05
05/23/2018,1.92,2.23,2.52,2.61,3.08
05/22/2018,2.06,2.32,2.59,2.65,3.11
05/21/2018,2.26,2.42,2.65,2.72,3.14
05/18/2018,2.39,2.49,2.68,2.78,3.16
05/17/2018,2.45,2.54,2.7,2.81,3.19
05/16/2018,2.54,2.62,2.73,2.86,3.23
05/15/2018,2.58,2.66,2.73,2.9,3.25
05/14/2018,2.57,2.68,2.72,2.93,3.27
05/11/2018,2.6,2.71,2.72,2.95,3.29
05/10/2018,2.63,2.75,2.77,2.99,3.31
05/09/2018,2.69,2.82,2.79,3.02,3.33
05/08/2018,2.74,2.86,2.82,3.05,3.35
05/07/2018,2.78,2.89,2.87,3.07,3.38
05/04/2018,2.82,2.87,2.92,3.1,3.41
05/03/2018,2.87,2.86,2.95,3.13,3.43
05/02/2018,2.94,2.84,2.98,3.15,3.45
05/01/2018,2.98,2.8,3.02,3.18,3.48
04/30/2018,2.99,2.75,3.05,3.2,3.5
04/27/2018,2.92,2.74,3.08,3.23,3.53
04/26/2018,2.85,2.79,3.12,3.27,3.55
04/25/2018,2.73,2.77,3.13,3.28,3.58
04/24/2018,2.62,2.78,3.15,3.29,3.6
04/23/2018,2.52,2.86,3.17,3.32,3.63
04/20/2018,2.56,2.96,3.21,3.35,3.66
04/19/2018,2.72,3.04,3.27,3.4,3.7
04/18/2018,2.81,3.12,3.31,3.44,3.73
04/17/2018,2.93,3.23,3.38,3.48,3.77
04/16/2018,3.2,3.35,3.42,3.51,3.81
04/13/2018,3.37,3.41,3.48,3.54,3.84
04/12/2018,3.36,3.44,3.51,3.53,3.87
04/11/2018,3.43,3.48,3.53,3.55,3.89
04/09/2018,3.53,3.51,3.55,3.56,3.92
04/06/2018,3.5,3.48,3.54,3.55,3.93
04/05/2018,3.46,3.46,3.55,3.55,3.95
04/04/2018,3.53,3.5,3.58,3.57,3.97
04/03/2018,3.54,3.5,3.59,3.59,3.99
04/02/2018,3.5,3.52,3.6,3.61,3.99
03/27/2018,3.46,3.49,3.6,3.62,4.01
03/26/2018,3.46,3.54,3.6,3.63,4.03
03/23/2018,3.47,3.57,3.57,3.64,4.05
03/22/2018,3.46,3.58,3.58,3.65,4.07
03/21/2018,3.55,3.59,3.58,3.66,4.09
03/20/2018,3.53,3.61,3.59,3.68,4.11
03/19/2018,3.63,3.64,3.6,3.71,4.13
03/16/2018,3.68,3.66,3.61,3.72,4.14
03/15/2018,3.7,3.69,3.64,3.76,4.15
03/14/2018,3.63,3.68,3.65,3.78,4.14
03/13/2018,3.69,3.7,3.68,3.81,4.14
03/12/2018,3.64,3.66,3.68,3.83,4.13
03/09/2018,3.63,3.58,3.67,3.84,4.12
03/08/2018,3.68,3.58,3.68,3.88,4.12
03/01/2018,3.73,3.58,3.69,3.91,4.12
02/28/2018,3.71,3.57,3.72,3.95,4.12
02/27/2018,3.68,3.56,3.75,3.97,4.12
02/26/2018,3.52,3.57,3.76,4.0,4.12
02/23/2018,3.47,3.59,3.79,4.03,4.12
02/22/2018,3.43,3.62,3.83,4.06,4.11
02/21/2018,3.43,3.66,3.87,4.11,4.12
02/20/2018,3.44,3.7,3.91,4.15,4.12
02/15/2018,3.61,3.76,3.97,4.2,4.13
02/14/2018,3.71,3.78,4.03,4.24,4.15
02/13/2018,3.81,3.81,4.08,4.28,4.17
02/08/2018,3.89,3.87,4.13,4.31,4.2
02/07/2018,3.96,3.95,4.18,4.35,4.22
02/06/2018,3.91,3.95,4.21,4.36,4.22
02/05/2018,3.85,3.99,4.24,4.39,4.24
02/02/2018,3.8,4.04,4.28,4.38,4.25
02/01/2018,3.84,4.07,4.33,4.41,4.27
01/31/2018,3.95,4.12,4.38,4.43,4.28
01/30/2018,3.99,4.18,4.43,4.47,4.3
01/29/2018,4.13,4.27,4.47,4.49,4.33
01/26/2018,4.27,4.35,4.51,4.52,4.35
01/25/2018,4.3,4.4,4.53,4.54,4.38
01/24/2018,4.29,4.41,4.54,4.55,4.39
01/22/2018,4.38,4.48,4.57,4.56,4.41
01/19/2018,4.41,4.5,4.59,4.53,4.4
01/18/2018,4.43,4.53,4.55,4.5,4.39
01/16/2018,4.5,4.59,4.57,4.47,4.37
01/12/2018,4.53,4.63,4.59,4.44,4.34
01/11/2018,4.58,4.67,4.61,4.41,4.31
01/10/2018,4.58,4.67,4.59,4.37,4.29
01/09/2018,4.63,4.68,4.6,4.34,4.25
01/08/2018,4.68,4.66,4.61,4.3,4.21
01/05/2018,4.73,4.67,4.61,4.27,4.17
01/04/2018,4.75,4.66,4.61,4.24,4.14
01/02/2018,4.75,4.67,4.55,4.2,4.09
12/29/2017,4.72,4.58,4.48,4.17,4.04
12/28/2017,4.64,4.56,4.4,4.13,3.99
12/27/2017,4.61,4.55,4.34,4.09,3.94
12/26/2017,4.56,4.56,4.28,4.06,3.9
12/22/2017,4.6,4.52,4.22,4.06,3.85
12/21/2017,4.43,4.53,4.17,4.07,3.8
12/20/2017,4.47,4.56,4.12,4.08,3.76
12/19/2017,4.49,4.55,4.07,4.09,3.7
12/18/2017,4.55,4.56,4.03,4.08,3.66
12/15/2017,4.44,4.43,3.97,4.09,3.6
12/14/2017,4.63,4.38,3.96,4.12,3.56
12/12/2017,4.65,4.25,3.92,4.13,3.52
12/11/2017,4.61,4.13,3.85,4.13,3.45
12/08/2017,4.56,4.0,3.81,4.14,3.4
12/07/2017,4.42,3.93,3.83,4.17,3.37
12/06/2017,4.13,3.8,3.84,4.19,0.0
12/05/2017,3.85,3.67,3.84,4.21,0.0
12/04/2017,3.65,3.58,3.87,4.23,0.0
12/01/2017,3.44,3.49,3.84,4.25,0.0
11/30/2017,3.44,3.51,3.91,4.27,0.0
11/29/2017,3.48,3.54,3.99,4.29,0.0
11/28/2017,3.5,3.58,4.06,4.28,0.0
11/27/2017,3.52,3.57,4.13,4.24,0.0
11/22/2017,3.55,3.62,4.21,4.22,0.0
11/21/2017,3.58,3.72,4.28,4.21,0.0
11/20/2017,3.61,3.87,4.38,4.17,0.0
11/15/2017,3.67,4.01,4.48,4.12,0.0
11/14/2017,3.63,4.15,4.55,4.08,0.0
11/13/2017,3.7,4.18,4.62,4.05,0.0
11/10/2017,3.87,4.32,4.65,3.97,0.0
11/09/2017,4.14,4.44,4.66,3.92,0.0
11/08/2017,4.35,4.54,4.62,3.85,0.0
11/07/2017,4.67,4.69,4.58,3.8,0.0
11/06/2017,4.67,4.79,4.52,3.73,0.0
11/03/2017,4.77,4.84,4.45,3.64,0.0
11/02/2017,4.73,4.89,4.31,3.53,0.0
11/01/2017,4.74,4.96,4.18,3.43,0.0
10/31/2017,4.72,4.96,4.04,3.31,0.0
10/30/2017,4.92,5.06,3.98,3.24,0.0
10/27/2017,4.92,4.99,3.8,3.1,0.0
10/26/2017,5.06,4.89,3.66,3.01,0.0
10/25/2017,5.18,4.7,3.5,2.91,0.0
10/24/2017,5.2,4.46,3.36,2.77,0.0
10/23/2017,5.2,4.24,3.2,2.67,0.0
10/20/2017,5.05,4.06,3.04,2.58,0.0
10/19/2017,4.73,3.73,2.85,0.0,0.0
10/18/2017,4.22,3.39,2.67,0.0,0.0
10/17/2017,3.72,3.12,2.48,0.0,0.0
10/16/2017,3.29,2.89,2.33,0.0,0.0
10/13/2017,3.08,2.62,2.16,0.0,0.0
10/12/2017,2.74,2.42,2.07,0.0,0.0
10/11/2017,2.56,2.31,2.02,0.0,0.0
10/10/2017,2.52,2.26,1.92,0.0,0.0
10/09/2017,2.5,2.15,1.88,0.0,0.0
10/06/2017,2.16,2.01,1.84,0.0,0.0
10/05/2017,2.11,1.97,0.0,0.0,0.0
10/04/2017,2.05,1.95,0.0,0.0,0.0
10/03/2017,1.99,1.85,0.0,0.0,0.0
10/02/2017,1.81,1.76,0.0,0.0,0.0
09/29/2017,1.87,1.71,0.0,0.0,0.0
09/27/2017,1.84,1.71,0.0,0.0,0.0
09/26/2017,1.85,1.73,0.0,0.0,0.0
09/25/2017,1.71,1.58,0.0,0.0,0.0
09/22/2017,1.71,1.6,0.0,0.0,0.0
09/18/2017,1.55,1.67,0.0,0.0,0.0
09/14/2017,1.58,0.0,0.0,0.0,0.0
09/13/2017,1.61,0.0,0.0,0.0,0.0
09/12/2017,1.46,0.0,0.0,0.0,0.0
09/11/2017,1.49,0.0,0.0,0.0,0.0
09/07/2017,1.79,0.0,0.0,0.0,0.0
09/06/2017,0.0,0.0,0.0,0.0,0.0
09/05/2017,0.0,0.0,0.0,0.0,0.0
09/01/2017,0.0,0.0,0.0,0.0,0.0
08/31/2017,0.0,0.0,0.0,0.0,0.0
