12/30/2022,1.64,1.73,1.75,1.49,1.12
12/29/2022,1.67,1.75,1.73,1.48,1.11
12/28/2022,1.7,1.79,1.7,1.46,1.09
12/27/2022,1.74,1.81,1.67,1.43,1.08
12/23/2022,1.76,1.83,1.63,1.4,1.06
12/22/2022,1.82,1.87,1.59,1.37,1.04
12/21/2022,1.84,1.95,1.55,1.34,1.02
12/20/2022,1.88,1.94,1.51,1.3,1.0
12/19/2022,1.88,1.91,1.46,1.27,0.99
12/16/2022,1.89,1.84,1.42,1.23,0.96
12/15/2022,1.92,1.77,1.37,1.19,0.94
12/14/2022,2.05,1.7,1.34,1.15,0.92
12/13/2022,2.0,1.62,1.29,1.11,0.9
12/12/2022,1.93,1.54,1.25,1.07,0.88
12/09/2022,1.79,1.44,1.19,1.03,0.86
12/08/2022,1.61,1.31,1.12,0.98,0.84
12/07/2022,1.35,1.16,1.04,0.92,0.81
12/06/2022,1.24,1.08,0.98,0.89,0.79
12/05/2022,1.15,1.02,0.95,0.86,0.78
12/02/2022,1.09,1.0,0.92,0.84,0.77
12/01/2022,1.01,0.98,0.9,0.82,0.76
11/30/2022,0.97,0.97,0.88,0.81,0.76
11/29/2022,0.91,0.96,0.86,0.79,0.75
11/28/2022,0.89,0.95,0.84,0.79,0.75
11/25/2022,0.9,0.95,0.82,0.78,0.74
11/23/2022,0.95,0.93,0.82,0.78,0.74
11/22/2022,0.97,0.91,0.81,0.77,0.74
11/21/2022,1.0,0.89,0.79,0.77,0.74
11/18/2022,1.01,0.87,0.78,0.77,0.74
11/17/2022,0.99,0.85,0.76,0.76,0.74
11/16/2022,0.91,0.81,0.74,0.75,0.73
11/15/2022,0.85,0.79,0.73,0.74,0.73
11/14/2022,0.78,0.76,0.71,0.73,0.73
11/11/2022,0.74,0.73,0.7,0.72,0.72
11/10/2022,0.71,0.7,0.7,0.71,0.72
11/09/2022,0.71,0.7,0.7,0.71,0.73
11/08/2022,0.73,0.7,0.71,0.71,0.73
11/07/2022,0.73,0.7,0.71,0.71,0.73
11/04/2022,0.72,0.68,0.71,0.7,0.74
11/03/2022,0.7,0.67,0.71,0.7,0.74
11/02/2022,0.69,0.67,0.71,0.7,0.74
11/01/2022,0.68,0.67,0.71,0.69,0.75
10/31/2022,0.66,0.67,0.71,0.69,0.75
10/28/2022,0.64,0.68,0.71,0.69,0.75
10/27/2022,0.64,0.69,0.71,0.69,0.76
10/26/2022,0.65,0.7,0.71,0.7,0.76
10/25/2022,0.66,0.71,0.71,0.7,0.77
10/24/2022,0.68,0.73,0.71,0.7,0.77
10/21/2022,0.72,0.75,0.72,0.7,0.78
10/20/2022,0.74,0.75,0.71,0.71,0.79
10/19/2022,0.75,0.75,0.71,0.71,0.8
10/18/2022,0.76,0.75,0.7,0.71,0.81
10/17/2022,0.77,0.75,0.7,0.71,0.82
10/14/2022,0.77,0.74,0.7,0.71,0.82
10/13/2022,0.77,0.73,0.7,0.71,0.83
10/12/2022,0.76,0.73,0.7,0.71,0.84
10/11/2022,0.75,0.71,0.69,0.71,0.85
10/10/2022,0.73,0.7,0.69,0.71,0.85
10/07/2022,0.72,0.69,0.68,0.71,0.86
10/06/2022,0.7,0.67,0.68,0.72,0.86
10/05/2022,0.69,0.66,0.68,0.72,0.87
10/04/2022,0.68,0.66,0.68,0.72,0.88
10/03/2022,0.67,0.65,0.68,0.73,0.89
09/30/2022,0.66,0.66,0.69,0.73,0.9
09/29/2022,0.64,0.66,0.69,0.74,0.91
09/28/2022,0.64,0.66,0.7,0.74,0.92
09/27/2022,0.63,0.67,0.71,0.75,0.93
09/26/2022,0.63,0.67,0.72,0.76,0.94
09/23/2022,0.65,0.68,0.73,0.77,0.95
09/22/2022,0.68,0.69,0.74,0.78,0.95
09/21/2022,0.69,0.7,0.75,0.79,0.95
09/20/2022,0.71,0.71,0.76,0.8,0.95
09/19/2022,0.71,0.71,0.76,0.81,0.95
09/16/2022,0.7,0.72,0.77,0.81,0.95
09/15/2022,0.71,0.72,0.78,0.82,0.94
09/14/2022,0.71,0.73,0.78,0.83,0.94
09/13/2022,0.71,0.74,0.79,0.84,0.94
09/12/2022,0.72,0.76,0.8,0.84,0.93
09/09/2022,0.73,0.77,0.81,0.86,0.93
09/08/2022,0.74,0.79,0.82,0.87,0.93
09/07/2022,0.76,0.8,0.83,0.89,0.92
09/06/2022,0.78,0.81,0.84,0.91,0.92
09/02/2022,0.8,0.81,0.85,0.92,0.92
09/01/2022,0.82,0.82,0.86,0.94,0.91
08/31/2022,0.84,0.83,0.88,0.95,0.91
08/30/2022,0.84,0.83,0.88,0.97,0.91
08/29/2022,0.84,0.83,0.88,0.98,0.9
08/26/2022,0.83,0.84,0.88,0.99,0.9
08/25/2022,0.82,0.85,0.9,1.0,0.89
08/24/2022,0.82,0.86,0.91,1.01,0.89
08/23/2022,0.82,0.87,0.93,1.02,0.88
08/22/2022,0.83,0.88,0.96,1.04,0.88
08/19/2022,0.85,0.89,0.98,1.05,0.87
08/18/2022,0.88,0.91,1.0,1.07,0.87
08/17/2022,0.9,0.92,1.02,1.08,0.86
08/16/2022,0.92,0.94,1.04,1.1,0.86
08/15/2022,0.93,0.93,1.06,1.11,0.85
08/12/2022,0.93,0.93,1.07,1.13,0.84
08/11/2022,0.93,0.95,1.08,1.13,0.84
08/10/2022,0.95,0.97,1.09,1.13,0.83
08/09/2022,0.96,1.0,1.1,1.12,0.82
08/08/2022,0.93,1.03,1.12,1.11,0.82
08/05/2022,0.92,1.07,1.13,1.09,0.81
08/04/2022,0.96,1.09,1.15,1.08,0.8
08/03/2022,0.99,1.11,1.17,1.06,0.79
08/02/2022,1.04,1.14,1.18,1.05,0.79
08/01/2022,1.13,1.18,1.2,1.04,0.78
07/29/2022,1.21,1.21,1.23,1.02,0.78
07/28/2022,1.22,1.2,1.22,1.0,0.77
07/27/2022,1.23,1.2,1.2,0.98,0.76
07/26/2022,1.23,1.2,1.18,0.96,0.75
07/25/2022,1.23,1.2,1.14,0.93,0.74
07/22/2022,1.2,1.19,1.11,0.91,0.73
07/21/2022,1.19,1.2,1.07,0.89,0.72
07/20/2022,1.17,1.22,1.04,0.87,0.72
07/19/2022,1.18,1.23,1.0,0.84,0.71
07/18/2022,1.17,1.23,0.96,0.82,0.7
07/15/2022,1.18,1.24,0.93,0.8,0.69
07/14/2022,1.22,1.24,0.9,0.78,0.69
07/13/2022,1.27,1.21,0.87,0.76,0.68
07/12/2022,1.28,1.16,0.83,0.74,0.68
07/11/2022,1.29,1.09,0.8,0.72,0.67
07/08/2022,1.3,1.02,0.77,0.69,0.66
07/07/2022,1.26,0.94,0.73,0.67,0.65
07/06/2022,1.15,0.85,0.69,0.64,0.64
07/05/2022,1.04,0.77,0.65,0.61,0.64
07/01/2022,0.89,0.7,0.62,0.59,0.63
06/30/2022,0.73,0.62,0.58,0.56,0.62
06/29/2022,0.63,0.56,0.56,0.54,0.62
06/28/2022,0.56,0.53,0.54,0.53,0.62
06/27/2022,0.51,0.5,0.53,0.52,0.62
06/24/2022,0.5,0.51,0.53,0.52,0.63
06/23/2022,0.5,0.51,0.53,0.52,0.63
06/22/2022,0.5,0.52,0.53,0.52,0.64
06/21/2022,0.5,0.52,0.53,0.52,0.65
06/17/2022,0.5,0.53,0.53,0.53,0.66
06/16/2022,0.51,0.53,0.53,0.53,0.66
06/15/2022,0.53,0.54,0.53,0.53,0.67
06/14/2022,0.55,0.55,0.53,0.54,0.68
06/13/2022,0.55,0.56,0.53,0.54,0.69
06/10/2022,0.56,0.56,0.54,0.55,0.69
06/09/2022,0.56,0.56,0.53,0.56,0.7
06/08/2022,0.56,0.55,0.53,0.56,0.7
06/07/2022,0.56,0.54,0.52,0.56,0.71
06/06/2022,0.57,0.53,0.52,0.57,0.71
06/03/2022,0.56,0.53,0.52,0.57,0.72
06/02/2022,0.55,0.53,0.53,0.58,0.73
06/01/2022,0.54,0.52,0.53,0.59,0.73
05/31/2022,0.52,0.52,0.53,0.59,0.74
05/27/2022,0.5,0.51,0.54,0.6,0.75
05/26/2022,0.5,0.51,0.54,0.61,0.75
05/25/2022,0.51,0.51,0.56,0.62,0.76
05/24/2022,0.51,0.51,0.56,0.63,0.77
05/23/2022,0.52,0.51,0.57,0.64,0.78
05/20/2022,0.52,0.51,0.58,0.65,0.79
05/19/2022,0.52,0.52,0.59,0.66,0.8
05/18/2022,0.51,0.52,0.6,0.67,0.81
05/17/2022,0.5,0.54,0.62,0.68,0.82
05/16/2022,0.5,0.55,0.63,0.69,0.83
05/13/2022,0.5,0.56,0.65,0.71,0.84
05/12/2022,0.52,0.58,0.66,0.72,0.85
05/11/2022,0.54,0.6,0.68,0.73,0.87
05/10/2022,0.57,0.62,0.69,0.75,0.88
05/09/2022,0.59,0.63,0.71,0.76,0.89
05/06/2022,0.61,0.65,0.72,0.77,0.91
05/05/2022,0.63,0.67,0.73,0.79,0.92
05/04/2022,0.67,0.68,0.74,0.8,0.93
05/03/2022,0.67,0.7,0.75,0.81,0.93
05/02/2022,0.67,0.72,0.77,0.82,0.94
04/29/2022,0.69,0.73,0.78,0.83,0.95
04/28/2022,0.7,0.75,0.79,0.84,0.96
04/27/2022,0.7,0.75,0.8,0.85,0.97
04/26/2022,0.73,0.77,0.81,0.85,0.98
04/25/2022,0.76,0.78,0.82,0.86,0.99
04/22/2022,0.78,0.79,0.84,0.86,1.0
04/21/2022,0.79,0.8,0.85,0.87,1.01
04/20/2022,0.8,0.8,0.86,0.88,1.01
04/19/2022,0.8,0.81,0.86,0.88,1.02
04/18/2022,0.8,0.82,0.87,0.88,1.03
04/14/2022,0.8,0.83,0.88,0.89,1.04
04/13/2022,0.81,0.83,0.89,0.89,1.05
04/12/2022,0.81,0.85,0.89,0.9,1.06
04/11/2022,0.82,0.86,0.89,0.91,1.06
04/08/2022,0.84,0.87,0.89,0.92,1.08
04/07/2022,0.85,0.88,0.9,0.93,1.08
04/06/2022,0.86,0.89,0.9,0.94,1.09
04/05/2022,0.88,0.91,0.91,0.95,1.09
04/04/2022,0.89,0.92,0.92,0.96,1.1
04/01/2022,0.9,0.93,0.92,0.97,1.1
03/31/2022,0.91,0.94,0.92,0.98,1.1
03/30/2022,0.92,0.94,0.92,0.99,1.1
03/29/2022,0.93,0.94,0.93,1.0,1.11
03/28/2022,0.95,0.93,0.93,1.01,1.11
03/25/2022,0.96,0.92,0.94,1.03,1.11
03/24/2022,0.97,0.92,0.95,1.04,1.11
03/23/2022,0.96,0.91,0.96,1.04,1.11
03/22/2022,0.95,0.92,0.97,1.05,1.11
03/21/2022,0.92,0.91,0.97,1.06,1.11
03/18/2022,0.88,0.9,0.98,1.06,1.11
03/17/2022,0.86,0.9,0.99,1.07,1.11
03/16/2022,0.87,0.91,1.01,1.08,1.11
03/15/2022,0.88,0.92,1.03,1.09,1.11
03/14/2022,0.9,0.94,1.06,1.11,1.11
03/11/2022,0.93,0.96,1.08,1.13,1.11
03/10/2022,0.94,0.98,1.1,1.13,1.11
03/09/2022,0.95,1.0,1.11,1.14,1.11
03/08/2022,0.95,1.02,1.12,1.15,1.11
03/07/2022,0.97,1.04,1.13,1.16,1.11
03/04/2022,1.0,1.06,1.14,1.17,1.12
03/03/2022,1.02,1.09,1.15,1.19,1.12
03/02/2022,1.06,1.12,1.17,1.2,1.12
03/01/2022,1.08,1.15,1.18,1.21,1.11
02/28/2022,1.1,1.17,1.2,1.22,1.11
02/25/2022,1.13,1.2,1.21,1.23,1.11
02/24/2022,1.15,1.21,1.21,1.24,1.11
02/23/2022,1.18,1.22,1.21,1.24,1.1
02/22/2022,1.21,1.22,1.22,1.24,1.1
02/18/2022,1.25,1.23,1.22,1.24,1.1
02/17/2022,1.26,1.22,1.23,1.24,1.1
02/16/2022,1.27,1.22,1.24,1.23,1.1
02/15/2022,1.25,1.22,1.24,1.22,1.1
02/14/2022,1.23,1.22,1.24,1.21,1.1
02/11/2022,1.21,1.22,1.24,1.2,1.1
02/10/2022,1.18,1.22,1.25,1.19,1.1
02/09/2022,1.17,1.21,1.25,1.18,1.1
02/08/2022,1.18,1.21,1.26,1.17,1.1
02/07/2022,1.2,1.21,1.25,1.17,1.1
02/04/2022,1.23,1.21,1.25,1.16,1.1
02/03/2022,1.25,1.23,1.24,1.15,1.11
02/02/2022,1.25,1.25,1.23,1.15,1.11
02/01/2022,1.24,1.26,1.22,1.13,1.11
01/31/2022,1.22,1.27,1.21,1.12,1.11
01/28/2022,1.19,1.27,1.19,1.1,1.11
01/27/2022,1.21,1.29,1.18,1.1,1.11
01/26/2022,1.25,1.3,1.17,1.09,1.11
01/25/2022,1.29,1.31,1.15,1.08,1.12
01/24/2022,1.31,1.3,1.14,1.08,1.12
01/21/2022,1.35,1.28,1.13,1.07,1.12
01/20/2022,1.37,1.26,1.12,1.06,1.12
01/19/2022,1.35,1.22,1.09,1.05,1.12
01/18/2022,1.33,1.18,1.07,1.03,1.12
01/14/2022,1.28,1.15,1.05,1.02,1.13
01/13/2022,1.22,1.11,1.02,1.0,1.13
01/12/2022,1.15,1.07,1.0,0.98,1.13
01/11/2022,1.09,1.03,0.98,0.97,1.13
01/10/2022,1.04,1.0,0.97,0.96,1.13
01/07/2022,1.02,0.99,0.97,0.96,1.14
01/06/2022,1.0,0.98,0.96,0.96,1.15
01/05/2022,0.99,0.98,0.96,0.96,1.16
01/04/2022,0.98,0.97,0.96,0.97,1.17
01/03/2022,0.96,0.96,0.96,0.97,1.18
12/31/2021,0.97,0.94,0.95,0.98,1.19
12/30/2021,0.97,0.93,0.94,0.99,1.19
12/29/2021,0.96,0.93,0.94,1.0,1.2
12/28/2021,0.97,0.93,0.94,1.01,1.21
12/27/2021,0.95,0.94,0.94,1.03,1.22
12/23/2021,0.92,0.94,0.94,1.04,1.23
12/22/2021,0.9,0.94,0.95,1.05,1.24
12/21/2021,0.89,0.95,0.95,1.06,1.25
12/20/2021,0.9,0.95,0.96,1.07,1.26
12/17/2021,0.92,0.95,0.98,1.09,1.27
12/16/2021,0.96,0.96,1.0,1.1,1.28
12/15/2021,0.98,0.96,1.02,1.12,1.29
12/14/2021,1.0,0.95,1.04,1.13,1.3
12/13/2021,1.0,0.95,1.05,1.14,1.31
12/10/2021,0.98,0.94,1.07,1.15,1.32
12/09/2021,0.96,0.94,1.08,1.16,1.32
12/08/2021,0.93,0.95,1.1,1.17,1.33
12/07/2021,0.9,0.96,1.11,1.19,1.34
12/06/2021,0.89,0.98,1.13,1.2,1.35
12/03/2021,0.9,1.01,1.16,1.22,1.36
12/02/2021,0.93,1.04,1.17,1.23,1.38
12/01/2021,0.98,1.09,1.2,1.25,1.39
11/30/2021,1.02,1.13,1.22,1.27,1.41
11/29/2021,1.06,1.16,1.24,1.29,1.42
11/26/2021,1.11,1.2,1.26,1.31,1.43
11/24/2021,1.15,1.23,1.27,1.33,1.45
11/23/2021,1.2,1.25,1.29,1.34,1.46
11/22/2021,1.23,1.27,1.3,1.35,1.47
11/19/2021,1.26,1.29,1.31,1.37,1.47
11/18/2021,1.28,1.3,1.32,1.38,1.48
11/17/2021,1.3,1.31,1.33,1.39,1.49
11/16/2021,1.29,1.3,1.34,1.39,1.49
11/15/2021,1.31,1.31,1.34,1.4,1.5
11/12/2021,1.32,1.31,1.35,1.41,1.5
11/11/2021,1.32,1.31,1.36,1.42,1.5
11/10/2021,1.31,1.32,1.38,1.42,1.51
11/09/2021,1.31,1.32,1.39,1.43,1.51
11/08/2021,1.3,1.33,1.39,1.44,1.52
11/05/2021,1.3,1.33,1.41,1.44,1.52
11/04/2021,1.3,1.34,1.42,1.45,1.53
11/03/2021,1.32,1.35,1.44,1.46,1.54
11/02/2021,1.34,1.37,1.44,1.47,1.55
11/01/2021,1.35,1.38,1.45,1.47,1.56
10/29/2021,1.36,1.4,1.46,1.48,1.57
10/28/2021,1.37,1.41,1.47,1.48,1.58
10/27/2021,1.38,1.43,1.48,1.48,1.58
10/26/2021,1.4,1.45,1.48,1.49,1.59
10/25/2021,1.42,1.46,1.49,1.49,1.6
10/22/2021,1.44,1.49,1.5,1.5,1.61
10/21/2021,1.45,1.51,1.51,1.51,1.62
10/20/2021,1.48,1.52,1.51,1.52,1.63
10/19/2021,1.49,1.51,1.52,1.53,1.64
10/18/2021,1.51,1.52,1.52,1.55,1.65
10/15/2021,1.54,1.52,1.51,1.55,1.66
10/14/2021,1.56,1.52,1.51,1.56,1.67
10/13/2021,1.56,1.52,1.51,1.57,1.68
10/12/2021,1.53,1.52,1.51,1.58,1.68
10/11/2021,1.53,1.52,1.51,1.58,1.69
10/08/2021,1.5,1.51,1.51,1.58,1.7
10/07/2021,1.48,1.5,1.51,1.58,1.71
10/06/2021,1.48,1.51,1.52,1.58,1.72
10/05/2021,1.51,1.52,1.55,1.59,1.73
10/04/2021,1.51,1.52,1.56,1.59,1.74
10/01/2021,1.52,1.51,1.57,1.59,1.76
09/30/2021,1.52,1.5,1.58,1.59,1.77
09/29/2021,1.54,1.5,1.59,1.59,1.78
09/28/2021,1.53,1.5,1.6,1.59,1.79
09/27/2021,1.52,1.5,1.61,1.59,1.8
09/24/2021,1.5,1.5,1.62,1.6,1.81
09/23/2021,1.48,1.52,1.62,1.61,1.83
09/22/2021,1.47,1.54,1.62,1.62,1.84
09/21/2021,1.46,1.57,1.63,1.63,1.86
09/20/2021,1.47,1.6,1.63,1.64,1.87
09/17/2021,1.51,1.63,1.64,1.66,1.89
09/16/2021,1.56,1.66,1.64,1.67,1.91
09/15/2021,1.62,1.69,1.64,1.68,1.92
09/14/2021,1.68,1.71,1.64,1.7,1.94
09/13/2021,1.73,1.72,1.64,1.71,1.95
09/10/2021,1.76,1.73,1.65,1.72,1.97
09/09/2021,1.76,1.72,1.65,1.74,1.98
09/08/2021,1.76,1.7,1.65,1.74,2.0
09/07/2021,1.75,1.69,1.66,1.75,2.02
09/03/2021,1.71,1.66,1.66,1.75,2.04
09/02/2021,1.7,1.64,1.67,1.76,2.06
09/01/2021,1.68,1.62,1.68,1.77,2.08
08/31/2021,1.65,1.59,1.68,1.78,2.1
08/30/2021,1.63,1.57,1.69,1.79,2.11
08/27/2021,1.62,1.56,1.7,1.81,2.13
08/26/2021,1.58,1.57,1.72,1.82,2.15
08/25/2021,1.56,1.58,1.74,1.83,2.16
08/24/2021,1.54,1.6,1.76,1.85,2.18
08/23/2021,1.51,1.63,1.78,1.87,2.2
08/20/2021,1.51,1.66,1.8,1.89,2.22
08/19/2021,1.55,1.7,1.82,1.92,2.24
08/18/2021,1.6,1.74,1.85,1.94,2.26
08/17/2021,1.66,1.77,1.88,1.96,2.27
08/16/2021,1.75,1.81,1.91,1.99,2.28
08/13/2021,1.82,1.85,1.93,2.01,2.3
08/12/2021,1.86,1.88,1.94,2.03,2.31
08/11/2021,1.88,1.91,1.96,2.05,2.32
08/10/2021,1.88,1.92,1.97,2.07,2.32
08/09/2021,1.88,1.93,1.99,2.09,2.33
08/06/2021,1.88,1.93,2.01,2.1,2.33
08/05/2021,1.9,1.94,2.02,2.12,2.33
08/04/2021,1.94,1.95,2.03,2.14,2.34
08/03/2021,1.97,1.98,2.05,2.16,2.35
08/02/2021,1.99,2.0,2.07,2.18,2.36
07/30/2021,1.99,2.01,2.09,2.2,2.37
07/29/2021,1.98,2.01,2.1,2.22,2.38
07/28/2021,1.97,2.02,2.12,2.23,2.39
07/27/2021,1.99,2.02,2.14,2.26,2.4
07/26/2021,2.01,2.05,2.16,2.3,2.41
07/23/2021,2.03,2.08,2.19,2.33,2.43
07/22/2021,2.05,2.11,2.21,2.35,2.45
07/21/2021,2.06,2.12,2.24,2.38,2.47
07/20/2021,2.05,2.12,2.25,2.41,2.48
07/19/2021,2.09,2.14,2.27,2.43,2.5
07/16/2021,2.13,2.16,2.29,2.46,2.51
07/15/2021,2.17,2.2,2.32,2.48,2.53
07/14/2021,2.17,2.22,2.34,2.5,2.54
07/13/2021,2.19,2.26,2.38,2.52,2.55
07/12/2021,2.2,2.28,2.42,2.53,2.56
07/09/2021,2.2,2.3,2.45,2.55,2.57
07/08/2021,2.22,2.32,2.48,2.56,2.59
07/07/2021,2.27,2.35,2.51,2.58,2.61
07/06/2021,2.33,2.38,2.55,2.58,2.62
07/02/2021,2.35,2.4,2.57,2.58,2.64
07/01/2021,2.39,2.41,2.6,2.59,2.67
06/30/2021,2.42,2.44,2.63,2.59,2.69
06/29/2021,2.44,2.47,2.63,2.59,2.71
06/28/2021,2.44,2.5,2.65,2.58,2.73
06/25/2021,2.44,2.56,2.65,2.57,2.75
06/24/2021,2.43,2.6,2.68,2.56,2.76
06/23/2021,2.47,2.64,2.69,2.55,2.78
06/22/2021,2.5,2.67,2.69,2.54,2.8
06/21/2021,2.56,2.72,2.68,2.53,2.81
06/18/2021,2.68,2.75,2.68,2.54,2.83
06/17/2021,2.77,2.8,2.68,2.54,2.85
06/16/2021,2.8,2.81,2.66,2.54,2.87
06/15/2021,2.85,2.8,2.65,2.54,2.9
06/14/2021,2.89,2.79,2.62,2.54,2.94
06/11/2021,2.82,2.75,2.58,2.53,2.96
06/10/2021,2.82,2.76,2.54,2.54,2.98
06/09/2021,2.82,2.74,2.51,2.54,3.0
06/08/2021,2.75,2.7,2.48,2.55,3.02
06/07/2021,2.7,2.64,2.44,2.55,3.03
06/04/2021,2.67,2.6,2.43,2.56,3.04
06/03/2021,2.69,2.56,2.41,2.57,3.05
06/02/2021,2.65,2.52,2.4,2.57,3.06
06/01/2021,2.66,2.5,2.41,2.58,3.07
05/28/2021,2.59,2.45,2.41,2.59,3.08
05/27/2021,2.53,2.41,2.42,2.6,3.09
05/26/2021,2.43,2.32,2.43,2.6,3.11
05/25/2021,2.38,2.28,2.45,2.62,3.13
05/24/2021,2.35,2.25,2.48,2.64,3.16
05/21/2021,2.32,2.24,2.51,2.66,3.18
05/20/2021,2.29,2.26,2.55,2.7,3.2
05/19/2021,2.21,2.26,2.57,2.74,3.22
05/18/2021,2.17,2.29,2.6,2.78,3.25
05/17/2021,2.15,2.32,2.62,2.83,3.28
05/14/2021,2.16,2.37,2.66,2.87,3.31
05/13/2021,2.23,2.44,2.69,2.92,3.33
05/12/2021,2.32,2.53,2.73,2.97,3.36
05/11/2021,2.41,2.62,2.79,3.02,3.39
05/10/2021,2.48,2.7,2.83,3.05,3.41
05/07/2021,2.59,2.78,2.88,3.09,3.43
05/06/2021,2.64,2.83,2.92,3.12,3.44
05/05/2021,2.74,2.88,2.98,3.16,3.44
05/04/2021,2.82,2.92,3.03,3.2,3.45
05/03/2021,2.92,2.93,3.09,3.26,3.45
04/30/2021,2.98,2.94,3.12,3.34,3.44
04/29/2021,3.02,2.95,3.16,3.39,3.42
04/28/2021,3.02,2.93,3.19,3.43,3.41
04/27/2021,3.01,2.95,3.21,3.46,3.39
04/26/2021,2.93,2.96,3.22,3.48,3.37
04/23/2021,2.91,2.97,3.25,3.51,3.35
04/22/2021,2.87,3.02,3.27,3.52,3.34
04/21/2021,2.85,3.09,3.3,3.54,3.32
04/20/2021,2.9,3.15,3.34,3.55,3.31
04/19/2021,2.99,3.25,3.43,3.56,3.3
04/16/2021,3.03,3.3,3.53,3.57,3.29
04/15/2021,3.16,3.38,3.61,3.59,3.27
04/14/2021,3.32,3.44,3.68,3.62,3.26
04/13/2021,3.39,3.48,3.71,3.64,3.24
04/12/2021,3.51,3.49,3.75,3.67,3.22
04/09/2021,3.56,3.53,3.78,3.69,3.21
04/08/2021,3.59,3.52,3.78,3.7,3.18
04/07/2021,3.56,3.51,3.76,3.7,3.15
04/06/2021,3.56,3.54,3.75,3.71,3.12
04/05/2021,3.47,3.62,3.72,3.72,3.09
04/01/2021,3.49,3.77,3.71,3.75,3.06
03/31/2021,3.46,3.83,3.7,3.73,3.03
03/30/2021,3.46,3.92,3.71,3.75,3.0
03/29/2021,3.52,3.94,3.73,3.76,2.97
03/26/2021,3.77,4.0,3.77,3.76,2.95
03/25/2021,4.04,4.03,3.77,3.77,2.92
03/24/2021,4.21,4.03,3.78,3.76,2.89
03/23/2021,4.38,4.02,3.79,3.73,2.87
03/22/2021,4.36,3.97,3.79,3.7,2.84
03/19/2021,4.24,3.82,3.78,3.64,2.79
03/18/2021,4.02,3.65,3.74,3.54,2.74
03/17/2021,3.85,3.56,3.68,3.46,2.7
03/16/2021,3.66,3.51,3.67,3.38,2.66
03/15/2021,3.58,3.52,3.67,3.32,2.63
03/12/2021,3.41,3.53,3.64,3.25,2.59
03/11/2021,3.28,3.5,3.63,3.19,2.56
03/10/2021,3.28,3.54,3.62,3.15,2.54
03/09/2021,3.36,3.56,3.59,3.11,2.52
03/08/2021,3.45,3.61,3.56,3.07,2.49
03/05/2021,3.66,3.73,3.54,3.04,2.48
03/04/2021,3.72,3.82,3.49,3.0,2.46
03/03/2021,3.79,3.81,3.41,2.95,2.44
03/02/2021,3.76,3.83,3.32,2.9,2.42
03/01/2021,3.77,3.82,3.22,2.84,2.39
02/26/2021,3.81,3.76,3.11,2.77,2.36
02/25/2021,3.92,3.76,3.04,2.73,2.35
02/24/2021,3.82,3.7,2.96,2.67,2.34
02/23/2021,3.9,3.61,2.88,2.6,2.34
02/22/2021,3.87,3.51,2.79,2.54,2.32
02/19/2021,3.7,3.35,2.69,2.46,2.29
02/18/2021,3.6,3.16,2.59,2.38,2.26
02/17/2021,3.58,3.02,2.53,2.33,2.24
02/16/2021,3.33,2.81,2.44,2.26,2.21
02/12/2021,3.16,2.63,2.35,2.19,2.18
02/11/2021,3.0,2.47,2.28,2.14,2.16
02/10/2021,2.71,2.32,2.21,2.08,2.12
02/09/2021,2.46,2.21,2.15,2.03,2.09
02/08/2021,2.3,2.15,2.1,2.01,2.07
02/05/2021,2.11,2.07,2.05,1.98,2.04
02/04/2021,1.94,2.02,2.01,1.95,2.02
02/03/2021,1.92,2.02,1.99,1.94,2.01
02/02/2021,1.96,2.03,1.99,1.94,1.99
02/01/2021,1.99,2.06,1.98,1.94,1.98
01/29/2021,2.04,2.07,1.97,1.94,1.96
01/28/2021,2.1,2.09,1.97,1.94,1.95
01/27/2021,2.12,2.11,1.96,1.93,1.93
01/26/2021,2.11,2.09,1.95,1.93,1.92
01/25/2021,2.12,2.06,1.94,1.93,1.9
01/22/2021,2.11,2.02,1.93,1.92,1.89
01/21/2021,2.08,2.0,1.91,1.92,1.87
01/20/2021,2.09,1.96,1.9,1.92,1.85
01/19/2021,2.06,1.94,1.89,1.92,1.84
01/15/2021,1.99,1.9,1.89,1.93,1.82
01/14/2021,1.94,1.87,1.87,1.94,1.81
01/13/2021,1.91,1.86,1.86,1.95,1.79
01/12/2021,1.83,1.81,1.84,1.97,1.77
01/11/2021,1.83,1.81,1.85,2.01,1.76
01/08/2021,1.81,1.82,1.86,2.07,1.75
01/07/2021,1.8,1.84,1.87,2.11,1.74
01/06/2021,1.8,1.83,1.89,2.12,1.73
01/05/2021,1.79,1.84,1.9,2.14,1.71
01/04/2021,1.79,1.84,1.92,2.15,1.7
12/31/2020,1.83,1.87,1.95,2.16,1.69
12/30/2020,1.87,1.88,1.98,2.17,1.68
12/29/2020,1.86,1.86,1.99,2.17,1.67
12/28/2020,1.88,1.87,2.05,2.17,1.66
12/24/2020,1.9,1.88,2.12,2.15,1.65
12/23/2020,1.91,1.9,2.2,2.13,1.63
12/22/2020,1.88,1.9,2.24,2.11,1.62
12/21/2020,1.87,1.94,2.27,2.1,1.6
12/18/2020,1.85,1.96,2.29,2.07,1.59
12/17/2020,1.87,1.99,2.3,2.04,1.57
12/16/2020,1.89,2.02,2.31,2.01,1.55
12/15/2020,1.93,2.09,2.31,1.99,1.53
12/14/2020,2.02,2.13,2.33,1.97,1.52
12/11/2020,2.07,2.23,2.31,1.94,1.51
12/10/2020,2.11,2.35,2.28,1.91,1.49
12/09/2020,2.16,2.49,2.24,1.88,1.47
12/08/2020,2.25,2.58,2.21,1.85,1.45
12/07/2020,2.24,2.59,2.18,1.81,1.43
12/04/2020,2.38,2.62,2.13,1.78,1.42
12/03/2020,2.59,2.62,2.07,1.75,1.4
12/02/2020,2.83,2.59,2.01,1.71,1.37
12/01/2020,2.9,2.54,1.94,1.67,1.35
11/30/2020,2.94,2.53,1.89,1.64,1.33
11/27/2020,2.86,2.4,1.8,1.58,1.3
11/25/2020,2.65,2.22,1.69,1.51,1.27
11/24/2020,2.36,2.0,1.57,1.43,1.22
11/23/2020,2.17,1.84,1.49,1.37,1.19
11/20/2020,2.11,1.76,1.42,1.33,1.17
11/19/2020,1.94,1.63,1.36,1.29,1.15
11/18/2020,1.79,1.53,1.32,1.25,1.13
11/17/2020,1.64,1.43,1.28,1.22,1.12
11/16/2020,1.51,1.34,1.24,1.2,1.1
11/13/2020,1.41,1.24,1.19,1.17,1.09
11/12/2020,1.32,1.19,1.17,1.15,1.08
11/11/2020,1.27,1.16,1.16,1.14,1.07
11/10/2020,1.22,1.15,1.14,1.14,1.07
11/09/2020,1.17,1.13,1.14,1.13,1.07
11/06/2020,1.08,1.09,1.12,1.1,1.06
11/05/2020,1.07,1.1,1.12,1.1,1.06
11/04/2020,1.06,1.12,1.12,1.09,1.06
11/03/2020,1.08,1.12,1.12,1.09,1.07
11/02/2020,1.09,1.13,1.12,1.08,1.07
10/30/2020,1.1,1.14,1.13,1.08,1.07
10/29/2020,1.12,1.15,1.13,1.07,1.08
10/28/2020,1.17,1.15,1.13,1.07,1.08
10/27/2020,1.17,1.14,1.13,1.06,1.08
10/26/2020,1.18,1.14,1.12,1.06,1.08
10/23/2020,1.18,1.14,1.11,1.06,1.08
10/22/2020,1.17,1.14,1.1,1.05,1.07
10/21/2020,1.12,1.12,1.08,1.04,1.07
10/20/2020,1.11,1.12,1.07,1.03,1.07
10/19/2020,1.11,1.12,1.05,1.03,1.07
10/16/2020,1.11,1.12,1.04,1.03,1.07
10/15/2020,1.11,1.12,1.04,1.02,1.07
10/14/2020,1.12,1.12,1.03,1.02,1.07
10/13/2020,1.12,1.12,1.02,1.02,1.07
10/12/2020,1.12,1.1,1.02,1.02,1.07
10/09/2020,1.13,1.08,1.01,1.02,1.07
10/08/2020,1.12,1.06,1.01,1.01,1.08
10/07/2020,1.12,1.04,1.0,1.01,1.08
10/06/2020,1.13,1.02,0.99,1.01,1.08
10/05/2020,1.09,0.99,0.99,1.01,1.08
10/02/2020,1.04,0.97,0.98,1.01,1.09
10/01/2020,1.01,0.95,0.98,1.01,1.09
09/30/2020,0.97,0.94,0.97,1.0,1.1
09/29/2020,0.9,0.92,0.97,1.0,1.1
09/28/2020,0.9,0.93,0.97,1.01,1.11
09/25/2020,0.9,0.94,0.98,1.02,1.12
09/24/2020,0.9,0.95,0.99,1.03,1.12
09/23/2020,0.92,0.95,1.0,1.04,1.13
09/22/2020,0.94,0.97,1.01,1.05,1.13
09/21/2020,0.96,0.98,1.01,1.06,1.14
09/18/2020,0.98,0.99,1.02,1.07,1.14
09/17/2020,0.99,1.0,1.03,1.08,1.15
09/16/2020,0.99,1.01,1.04,1.09,1.15
09/15/2020,1.0,1.01,1.04,1.09,1.16
09/14/2020,1.0,1.01,1.05,1.1,1.16
09/11/2020,1.0,1.02,1.06,1.1,1.16
09/10/2020,1.01,1.03,1.07,1.1,1.16
09/09/2020,1.02,1.04,1.08,1.1,1.16
09/08/2020,1.02,1.04,1.09,1.11,1.16
09/04/2020,1.03,1.05,1.1,1.11,1.16
09/03/2020,1.04,1.06,1.1,1.11,1.16
09/02/2020,1.05,1.06,1.12,1.11,1.16
09/01/2020,1.06,1.07,1.13,1.12,1.17
08/31/2020,1.07,1.08,1.14,1.12,1.17
08/28/2020,1.07,1.09,1.14,1.13,1.17
08/27/2020,1.07,1.1,1.14,1.13,1.17
08/26/2020,1.07,1.11,1.13,1.14,1.17
08/25/2020,1.07,1.11,1.14,1.15,1.17
08/24/2020,1.1,1.13,1.14,1.16,1.17
08/21/2020,1.12,1.15,1.14,1.16,1.17
08/20/2020,1.13,1.15,1.14,1.17,1.17
08/19/2020,1.15,1.17,1.14,1.18,1.16
08/18/2020,1.16,1.19,1.14,1.19,1.16
08/17/2020,1.17,1.2,1.14,1.19,1.15
08/14/2020,1.17,1.18,1.14,1.2,1.14
08/13/2020,1.18,1.17,1.15,1.21,1.14
08/12/2020,1.2,1.16,1.15,1.22,1.13
08/11/2020,1.23,1.16,1.16,1.22,1.13
08/10/2020,1.22,1.15,1.17,1.22,1.12
08/07/2020,1.19,1.13,1.17,1.22,1.11
08/06/2020,1.16,1.12,1.18,1.22,1.11
08/05/2020,1.12,1.11,1.18,1.22,1.1
08/04/2020,1.09,1.09,1.18,1.22,1.09
08/03/2020,1.08,1.09,1.19,1.22,1.08
07/31/2020,1.07,1.1,1.21,1.22,1.08
07/30/2020,1.09,1.12,1.23,1.22,1.07
07/29/2020,1.09,1.15,1.24,1.22,1.07
07/28/2020,1.09,1.17,1.25,1.22,1.06
07/27/2020,1.1,1.18,1.25,1.22,1.06
07/24/2020,1.13,1.21,1.26,1.22,1.05
07/23/2020,1.16,1.24,1.27,1.22,1.05
07/22/2020,1.2,1.26,1.28,1.22,1.05
07/21/2020,1.25,1.28,1.29,1.22,1.04
07/20/2020,1.27,1.3,1.28,1.22,1.04
07/17/2020,1.28,1.32,1.28,1.22,1.03
07/16/2020,1.31,1.34,1.27,1.21,1.02
07/15/2020,1.33,1.34,1.25,1.2,1.01
07/14/2020,1.31,1.33,1.24,1.19,1.0
07/13/2020,1.33,1.32,1.23,1.18,1.0
07/10/2020,1.36,1.31,1.23,1.17,0.99
07/09/2020,1.36,1.31,1.21,1.16,0.98
07/08/2020,1.35,1.3,1.19,1.14,0.97
07/07/2020,1.35,1.3,1.19,1.13,0.96
07/06/2020,1.31,1.26,1.18,1.11,0.95
07/02/2020,1.26,1.23,1.17,1.09,0.95
07/01/2020,1.26,1.2,1.15,1.07,0.94
06/30/2020,1.25,1.17,1.14,1.05,0.93
06/29/2020,1.24,1.15,1.12,1.03,0.93
06/26/2020,1.22,1.15,1.11,1.02,0.93
06/25/2020,1.2,1.14,1.1,1.01,0.92
06/24/2020,1.14,1.1,1.09,0.99,0.92
06/23/2020,1.08,1.08,1.06,0.97,0.91
06/22/2020,1.06,1.08,1.04,0.96,0.91
06/19/2020,1.08,1.1,1.03,0.95,0.91
06/18/2020,1.08,1.1,1.01,0.94,0.91
06/17/2020,1.07,1.1,1.0,0.93,0.91
06/16/2020,1.08,1.1,0.99,0.92,0.91
06/15/2020,1.09,1.09,0.98,0.91,0.9
06/12/2020,1.12,1.07,0.96,0.9,0.9
06/11/2020,1.12,1.06,0.94,0.89,0.89
06/10/2020,1.14,1.07,0.93,0.88,0.89
06/09/2020,1.13,1.05,0.91,0.88,0.89
06/08/2020,1.09,1.01,0.9,0.86,0.89
06/05/2020,1.01,0.96,0.87,0.85,0.89
06/04/2020,0.99,0.92,0.86,0.84,0.89
06/03/2020,1.0,0.9,0.84,0.83,0.9
06/02/2020,0.96,0.87,0.83,0.82,0.9
06/01/2020,0.93,0.86,0.82,0.82,0.91
05/29/2020,0.9,0.85,0.81,0.81,0.92
05/28/2020,0.86,0.82,0.8,0.8,0.93
05/27/2020,0.8,0.79,0.79,0.8,0.94
05/26/2020,0.79,0.78,0.79,0.79,0.95
05/22/2020,0.79,0.78,0.79,0.8,0.97
05/21/2020,0.79,0.79,0.8,0.8,0.98
05/20/2020,0.79,0.79,0.8,0.81,0.99
05/19/2020,0.78,0.78,0.79,0.81,1.01
05/18/2020,0.78,0.78,0.79,0.82,1.02
05/15/2020,0.78,0.78,0.79,0.82,1.04
05/14/2020,0.78,0.78,0.79,0.83,1.06
05/13/2020,0.78,0.78,0.79,0.84,1.08
05/12/2020,0.78,0.79,0.8,0.85,1.1
05/11/2020,0.78,0.8,0.8,0.86,1.11
05/08/2020,0.77,0.8,0.8,0.86,1.13
05/07/2020,0.77,0.81,0.81,0.87,1.15
05/06/2020,0.78,0.81,0.82,0.88,1.17
05/05/2020,0.81,0.81,0.83,0.89,1.19
05/04/2020,0.82,0.81,0.84,0.89,1.21
05/01/2020,0.82,0.81,0.85,0.9,1.23
04/30/2020,0.84,0.81,0.86,0.9,1.25
04/29/2020,0.83,0.8,0.87,0.9,1.27
04/28/2020,0.81,0.8,0.87,0.9,1.28
04/27/2020,0.8,0.8,0.88,0.91,1.3
04/24/2020,0.8,0.81,0.9,0.92,1.32
04/23/2020,0.79,0.81,0.91,0.93,1.34
04/22/2020,0.78,0.83,0.92,0.95,1.37
04/21/2020,0.8,0.84,0.93,0.97,1.39
04/20/2020,0.8,0.86,0.94,0.99,1.41
04/17/2020,0.81,0.88,0.94,1.01,1.44
04/16/2020,0.84,0.9,0.94,1.03,1.46
04/15/2020,0.88,0.93,0.95,1.06,1.49
04/14/2020,0.89,0.95,0.95,1.09,1.51
04/13/2020,0.92,0.97,0.96,1.11,1.54
04/09/2020,0.95,0.98,0.98,1.14,1.56
04/08/2020,0.97,1.0,0.99,1.16,1.59
04/07/2020,0.98,1.01,1.01,1.18,1.61
04/06/2020,1.0,1.02,1.03,1.21,1.64
04/03/2020,1.01,1.01,1.05,1.23,1.66
04/02/2020,1.02,1.0,1.07,1.26,1.69
04/01/2020,1.03,0.98,1.1,1.29,1.72
03/31/2020,1.03,0.97,1.13,1.32,1.74
03/30/2020,1.04,0.96,1.16,1.34,1.76
03/27/2020,1.01,0.96,1.19,1.37,1.79
03/26/2020,0.98,0.97,1.21,1.4,1.81
03/25/2020,0.93,0.98,1.24,1.43,1.84
03/24/2020,0.9,1.0,1.27,1.46,1.86
03/23/2020,0.89,1.04,1.3,1.49,1.88
03/20/2020,0.9,1.08,1.34,1.52,1.91
03/19/2020,0.96,1.15,1.39,1.56,1.93
03/18/2020,1.02,1.22,1.44,1.6,1.95
03/17/2020,1.1,1.28,1.49,1.63,1.98
03/16/2020,1.19,1.35,1.53,1.66,2.0
03/13/2020,1.26,1.41,1.58,1.69,2.02
03/12/2020,1.34,1.46,1.61,1.73,2.04
03/11/2020,1.41,1.5,1.65,1.76,2.06
03/10/2020,1.46,1.53,1.68,1.79,2.07
03/09/2020,1.51,1.56,1.71,1.81,2.09
03/06/2020,1.56,1.6,1.74,1.84,2.1
03/05/2020,1.58,1.63,1.77,1.86,2.12
03/04/2020,1.58,1.66,1.78,1.88,2.13
03/03/2020,1.6,1.69,1.8,1.91,2.14
03/02/2020,1.61,1.72,1.82,1.94,2.16
02/28/2020,1.64,1.74,1.83,1.96,2.17
02/27/2020,1.68,1.77,1.86,1.99,2.18
02/26/2020,1.74,1.81,1.89,2.02,2.2
02/25/2020,1.79,1.84,1.91,2.04,2.21
02/24/2020,1.83,1.86,1.93,2.07,2.22
02/21/2020,1.85,1.89,1.95,2.1,2.24
02/20/2020,1.86,1.9,1.98,2.12,2.25
02/19/2020,1.87,1.91,2.0,2.14,2.26
02/18/2020,1.89,1.91,2.02,2.17,2.28
02/14/2020,1.9,1.91,2.04,2.19,2.3
02/13/2020,1.92,1.92,2.07,2.2,2.32
02/12/2020,1.95,1.95,2.1,2.23,2.34
02/11/2020,1.94,1.97,2.12,2.25,2.36
02/10/2020,1.94,1.99,2.14,2.26,2.38
02/07/2020,1.93,2.0,2.17,2.28,2.4
02/06/2020,1.91,2.02,2.2,2.29,2.42
02/05/2020,1.95,2.05,2.23,2.3,2.44
02/04/2020,2.0,2.08,2.26,2.31,2.46
02/03/2020,2.04,2.12,2.29,2.33,2.48
01/31/2020,2.08,2.18,2.32,2.34,2.5
01/30/2020,2.13,2.23,2.35,2.35,2.52
01/29/2020,2.15,2.25,2.36,2.36,2.53
01/28/2020,2.17,2.27,2.38,2.36,2.55
01/27/2020,2.21,2.3,2.4,2.36,2.56
01/24/2020,2.28,2.34,2.41,2.37,2.58
01/23/2020,2.32,2.38,2.42,2.37,2.59
01/22/2020,2.35,2.4,2.43,2.37,2.61
01/21/2020,2.37,2.44,2.43,2.37,2.62
01/17/2020,2.39,2.46,2.43,2.38,2.63
01/16/2020,2.4,2.47,2.42,2.38,2.64
01/15/2020,2.43,2.47,2.42,2.37,2.66
01/14/2020,2.46,2.48,2.41,2.37,2.67
01/13/2020,2.5,2.5,2.4,2.38,2.68
01/10/2020,2.53,2.49,2.39,2.38,2.7
01/09/2020,2.53,2.49,2.38,2.38,2.71
01/08/2020,2.5,2.47,2.36,2.38,2.72
01/07/2020,2.5,2.45,2.35,2.38,2.74
01/06/2020,2.49,2.42,2.34,2.39,2.75
01/03/2020,2.46,2.39,2.34,2.4,2.76
01/02/2020,2.44,2.38,2.33,2.42,2.77
12/31/2019,2.43,2.37,2.33,2.44,2.79
12/30/2019,2.4,2.34,2.32,2.45,2.8
12/27/2019,2.34,2.3,2.32,2.47,2.81
12/26/2019,2.33,2.29,2.33,2.5,2.82
12/24/2019,2.31,2.28,2.33,2.52,2.83
12/23/2019,2.3,2.26,2.34,2.55,2.84
12/20/2019,2.27,2.26,2.35,2.57,2.85
12/19/2019,2.26,2.27,2.37,2.6,2.87
12/18/2019,2.24,2.28,2.4,2.63,2.89
12/17/2019,2.24,2.29,2.44,2.66,2.9
12/16/2019,2.23,2.29,2.47,2.68,2.92
12/13/2019,2.24,2.31,2.51,2.71,2.94
12/12/2019,2.28,2.34,2.55,2.73,2.96
12/11/2019,2.31,2.37,2.6,2.76,2.98
12/10/2019,2.34,2.37,2.64,2.79,3.0
12/09/2019,2.35,2.41,2.69,2.82,3.02
12/06/2019,2.37,2.44,2.73,2.84,3.04
12/05/2019,2.4,2.47,2.77,2.87,3.05
12/04/2019,2.42,2.52,2.8,2.89,3.07
12/03/2019,2.41,2.58,2.84,2.91,3.08
12/02/2019,2.46,2.65,2.88,2.94,3.1
11/29/2019,2.5,2.71,2.91,2.96,3.11
11/27/2019,2.54,2.77,2.93,2.99,3.13
11/26/2019,2.62,2.83,2.96,3.01,3.14
11/25/2019,2.76,2.91,3.0,3.05,3.15
11/22/2019,2.84,2.97,3.02,3.07,3.16
11/21/2019,2.92,3.02,3.05,3.1,3.17
11/20/2019,2.99,3.06,3.06,3.12,3.18
11/19/2019,3.04,3.08,3.07,3.13,3.19
11/18/2019,3.06,3.1,3.08,3.13,3.19
11/15/2019,3.1,3.1,3.09,3.14,3.2
11/14/2019,3.13,3.11,3.09,3.15,3.21
11/13/2019,3.13,3.1,3.1,3.15,3.21
11/12/2019,3.13,3.09,3.11,3.15,3.21
11/11/2019,3.13,3.08,3.11,3.14,3.22
11/08/2019,3.11,3.08,3.12,3.14,3.22
11/07/2019,3.08,3.07,3.14,3.14,3.22
11/06/2019,3.06,3.07,3.15,3.14,3.22
11/05/2019,3.05,3.06,3.15,3.14,3.22
11/04/2019,3.03,3.06,3.15,3.15,3.22
11/01/2019,3.04,3.07,3.16,3.16,3.22
10/31/2019,3.06,3.08,3.17,3.17,3.22
10/30/2019,3.08,3.1,3.17,3.19,3.22
10/29/2019,3.08,3.12,3.18,3.2,3.22
10/28/2019,3.08,3.15,3.18,3.21,3.21
10/25/2019,3.09,3.17,3.17,3.22,3.21
10/24/2019,3.09,3.2,3.17,3.23,3.21
10/23/2019,3.12,3.22,3.17,3.24,3.21
10/22/2019,3.17,3.23,3.18,3.25,3.22
10/21/2019,3.21,3.24,3.2,3.25,3.22
10/18/2019,3.25,3.25,3.21,3.26,3.22
10/17/2019,3.31,3.26,3.22,3.26,3.23
10/16/2019,3.32,3.25,3.23,3.26,3.23
10/15/2019,3.29,3.23,3.24,3.26,3.23
10/14/2019,3.27,3.2,3.24,3.25,3.23
10/11/2019,3.26,3.17,3.24,3.24,3.23
10/10/2019,3.22,3.14,3.24,3.24,3.22
10/09/2019,3.18,3.12,3.25,3.24,3.22
10/08/2019,3.17,3.14,3.26,3.25,3.22
10/07/2019,3.14,3.15,3.26,3.25,3.22
10/04/2019,3.09,3.16,3.26,3.25,3.22
10/03/2019,3.06,3.18,3.26,3.26,3.22
10/02/2019,3.07,3.21,3.27,3.27,3.23
10/01/2019,3.11,3.24,3.27,3.28,3.23
09/30/2019,3.16,3.27,3.27,3.29,3.23
09/27/2019,3.24,3.31,3.28,3.3,3.23
09/26/2019,3.29,3.35,3.29,3.3,3.23
09/25/2019,3.35,3.37,3.3,3.3,3.23
09/24/2019,3.38,3.37,3.3,3.29,3.23
09/23/2019,3.38,3.37,3.3,3.28,3.23
09/20/2019,3.39,3.36,3.3,3.27,3.23
09/19/2019,3.41,3.35,3.3,3.26,3.23
09/18/2019,3.39,3.33,3.3,3.25,3.22
09/17/2019,3.37,3.3,3.29,3.24,3.22
09/16/2019,3.36,3.27,3.3,3.22,3.21
09/13/2019,3.33,3.24,3.29,3.21,3.2
09/12/2019,3.29,3.22,3.27,3.2,3.2
09/11/2019,3.28,3.23,3.26,3.19,3.19
09/10/2019,3.22,3.23,3.25,3.19,3.18
09/09/2019,3.19,3.23,3.24,3.18,3.17
09/06/2019,3.16,3.24,3.23,3.19,3.16
09/05/2019,3.16,3.26,3.22,3.19,3.16
09/04/2019,3.18,3.26,3.21,3.19,3.15
09/03/2019,3.24,3.29,3.21,3.2,3.16
08/30/2019,3.28,3.32,3.19,3.21,3.15
08/29/2019,3.33,3.33,3.19,3.21,3.15
08/28/2019,3.36,3.33,3.19,3.21,3.15
08/27/2019,3.35,3.3,3.17,3.2,3.14
08/26/2019,3.34,3.27,3.16,3.2,3.14
08/23/2019,3.36,3.25,3.16,3.2,3.14
08/22/2019,3.34,3.22,3.16,3.19,3.13
08/21/2019,3.29,3.19,3.16,3.19,3.13
08/20/2019,3.25,3.15,3.16,3.18,3.13
08/19/2019,3.2,3.12,3.16,3.17,3.13
08/16/2019,3.13,3.07,3.15,3.17,3.13
08/15/2019,3.1,3.05,3.15,3.17,3.15
08/14/2019,3.08,3.05,3.15,3.16,3.16
08/13/2019,3.04,3.05,3.16,3.17,3.17
08/12/2019,3.04,3.06,3.17,3.18,3.19
08/09/2019,3.0,3.07,3.17,3.18,3.2
08/08/2019,2.99,3.09,3.18,3.18,3.22
08/07/2019,3.02,3.13,3.19,3.19,3.24
08/06/2019,3.05,3.16,3.2,3.2,3.25
08/05/2019,3.07,3.2,3.2,3.2,3.28
08/02/2019,3.14,3.24,3.22,3.2,3.3
08/01/2019,3.2,3.25,3.23,3.2,3.32
07/31/2019,3.23,3.24,3.22,3.2,3.34
07/30/2019,3.28,3.27,3.23,3.19,3.37
07/29/2019,3.32,3.28,3.24,3.17,3.39
07/26/2019,3.33,3.28,3.24,3.15,3.41
07/25/2019,3.29,3.26,3.23,3.14,3.43
07/24/2019,3.25,3.25,3.22,3.12,3.45
07/23/2019,3.25,3.24,3.21,3.12,3.47
07/22/2019,3.24,3.21,3.2,3.11,3.5
07/19/2019,3.23,3.2,3.19,3.1,3.52
07/18/2019,3.23,3.21,3.18,3.1,3.55
07/17/2019,3.25,3.2,3.17,3.1,3.58
07/16/2019,3.22,3.2,3.14,3.09,3.6
07/15/2019,3.18,3.19,3.11,3.08,3.63
07/12/2019,3.18,3.2,3.08,3.08,3.65
07/11/2019,3.18,3.2,3.07,3.08,3.68
07/10/2019,3.16,3.19,3.06,3.07,3.71
07/09/2019,3.18,3.19,3.06,3.08,3.73
07/08/2019,3.21,3.19,3.06,3.09,3.76
07/05/2019,3.21,3.17,3.05,3.1,3.78
07/03/2019,3.22,3.16,3.04,3.13,3.81
07/02/2019,3.22,3.14,3.04,3.16,3.84
07/01/2019,3.19,3.09,3.03,3.18,3.86
06/28/2019,3.18,3.04,3.02,3.2,3.89
06/27/2019,3.13,2.97,3.02,3.23,3.91
06/26/2019,3.09,2.95,3.01,3.26,3.94
06/25/2019,3.06,2.93,3.01,3.28,3.96
06/24/2019,2.99,2.93,3.02,3.31,3.99
06/21/2019,2.89,2.92,3.04,3.35,4.02
06/20/2019,2.8,2.93,3.06,3.4,4.05
06/19/2019,2.8,2.93,3.12,3.44,4.09
06/18/2019,2.81,2.94,3.17,3.49,4.12
06/17/2019,2.87,2.97,3.22,3.55,4.15
06/14/2019,2.95,3.01,3.28,3.61,4.19
06/13/2019,3.05,3.07,3.36,3.68,4.23
06/12/2019,3.07,3.08,3.41,3.73,4.26
06/11/2019,3.07,3.09,3.46,3.78,4.29
06/10/2019,3.06,3.11,3.51,3.83,4.32
06/07/2019,3.06,3.15,3.57,3.88,4.36
06/06/2019,3.08,3.2,3.63,3.94,4.39
06/05/2019,3.1,3.3,3.7,4.0,4.43
06/04/2019,3.11,3.39,3.76,4.06,4.47
06/03/2019,3.16,3.47,3.84,4.11,4.5
05/31/2019,3.25,3.56,3.91,4.17,4.54
05/30/2019,3.32,3.65,3.98,4.23,4.58
05/29/2019,3.51,3.74,4.06,4.29,4.62
05/28/2019,3.68,3.83,4.13,4.34,4.65
05/24/2019,3.78,3.9,4.19,4.39,4.67
05/23/2019,3.87,3.98,4.25,4.43,4.7
05/22/2019,3.98,4.06,4.31,4.46,4.72
05/21/2019,3.98,4.09,4.34,4.49,4.74
05/20/2019,3.98,4.13,4.39,4.52,4.76
05/17/2019,4.02,4.2,4.44,4.55,4.77
05/16/2019,4.08,4.26,4.48,4.57,4.79
05/15/2019,4.14,4.32,4.52,4.59,4.81
05/14/2019,4.21,4.37,4.56,4.61,4.82
05/13/2019,4.28,4.43,4.6,4.64,4.83
05/10/2019,4.39,4.48,4.63,4.67,4.85
05/09/2019,4.45,4.52,4.65,4.69,4.85
05/08/2019,4.5,4.57,4.67,4.71,4.85
05/07/2019,4.53,4.59,4.68,4.73,4.85
05/06/2019,4.58,4.64,4.71,4.74,4.86
05/03/2019,4.58,4.67,4.72,4.75,4.85
05/02/2019,4.6,4.7,4.72,4.76,4.85
05/01/2019,4.63,4.72,4.73,4.77,4.85
04/30/2019,4.66,4.75,4.74,4.78,4.85
04/29/2019,4.71,4.77,4.75,4.8,4.85
04/26/2019,4.76,4.78,4.76,4.81,4.85
04/25/2019,4.8,4.78,4.78,4.83,4.85
04/24/2019,4.82,4.77,4.78,4.84,4.84
04/23/2019,4.83,4.77,4.8,4.86,4.84
04/22/2019,4.83,4.77,4.8,4.87,4.84
04/18/2019,4.81,4.76,4.8,4.89,4.84
04/17/2019,4.75,4.75,4.8,4.9,4.83
04/16/2019,4.72,4.74,4.8,4.92,4.84
04/15/2019,4.71,4.73,4.8,4.96,4.84
04/12/2019,4.71,4.73,4.81,4.95,4.84
04/11/2019,4.71,4.74,4.82,4.96,4.84
04/10/2019,4.74,4.77,4.85,4.97,4.85
04/09/2019,4.75,4.8,4.88,4.98,4.85
04/08/2019,4.75,4.82,4.91,4.99,4.86
04/05/2019,4.74,4.82,4.93,5.0,4.87
04/04/2019,4.76,4.83,4.95,5.0,4.87
04/03/2019,4.81,4.85,4.98,5.01,4.88
04/02/2019,4.84,4.86,5.01,5.02,4.89
04/01/2019,4.89,4.88,5.07,5.03,4.9
03/29/2019,4.9,4.89,5.07,5.02,4.9
03/28/2019,4.91,4.91,5.07,5.02,4.9
03/27/2019,4.89,4.93,5.07,5.01,4.9
03/26/2019,4.89,4.97,5.08,4.99,4.9
03/25/2019,4.86,4.99,5.08,4.98,4.9
03/22/2019,4.88,5.03,5.08,4.97,4.89
03/21/2019,4.92,5.07,5.09,4.95,4.89
03/20/2019,4.98,5.11,5.09,4.94,4.89
03/19/2019,5.05,5.17,5.1,4.93,4.88
03/18/2019,5.13,5.26,5.1,4.92,4.89
03/15/2019,5.18,5.24,5.09,4.9,4.89
03/14/2019,5.22,5.23,5.08,4.89,4.89
03/13/2019,5.24,5.21,5.05,4.87,4.89
03/12/2019,5.28,5.18,5.01,4.84,4.89
03/11/2019,5.4,5.16,4.97,4.82,4.89
03/08/2019,5.3,5.13,4.93,4.8,4.91
03/07/2019,5.23,5.11,4.89,4.78,4.92
03/06/2019,5.18,5.08,4.86,4.77,4.93
03/05/2019,5.08,5.02,4.81,4.75,4.95
03/04/2019,4.92,4.94,4.75,4.72,4.96
03/01/2019,4.96,4.94,4.74,4.73,4.98
02/28/2019,4.99,4.93,4.72,4.73,5.0
02/27/2019,4.97,4.88,4.7,4.72,5.02
02/26/2019,4.96,4.83,4.67,4.72,5.04
02/25/2019,4.97,4.78,4.65,4.73,5.05
02/22/2019,4.91,4.73,4.64,4.74,5.07
02/21/2019,4.87,4.68,4.62,4.75,5.08
02/20/2019,4.79,4.64,4.61,4.75,5.1
02/19/2019,4.69,4.6,4.61,4.76,5.12
02/15/2019,4.59,4.55,4.61,4.77,5.13
02/14/2019,4.55,4.54,4.62,4.78,5.16
02/13/2019,4.48,4.52,4.63,4.78,5.18
02/12/2019,4.49,4.52,4.65,4.79,5.21
02/11/2019,4.5,4.52,4.67,4.81,5.23
02/08/2019,4.51,4.52,4.71,4.82,5.25
02/07/2019,4.52,4.54,4.74,4.82,5.27
02/06/2019,4.55,4.56,4.78,4.83,5.29
02/05/2019,4.54,4.58,4.81,4.83,5.32
02/04/2019,4.53,4.63,4.84,4.84,5.35
02/01/2019,4.54,4.67,4.87,4.85,5.37
01/31/2019,4.57,4.71,4.9,4.87,5.41
01/30/2019,4.57,4.74,4.91,4.88,5.44
01/29/2019,4.62,4.78,4.93,4.91,5.47
01/28/2019,4.72,4.81,4.96,4.93,5.5
01/25/2019,4.79,4.89,4.97,4.97,5.52
01/24/2019,4.85,4.93,4.96,5.01,5.55
01/23/2019,4.9,5.0,4.97,5.06,5.59
01/22/2019,4.93,5.04,4.96,5.1,5.62
01/18/2019,4.91,5.06,4.95,5.15,5.65
01/17/2019,4.99,5.08,4.95,5.19,5.68
01/16/2019,5.01,5.08,4.95,5.24,5.71
01/15/2019,5.09,5.09,4.96,5.28,5.74
01/14/2019,5.14,5.09,4.97,5.32,5.77
01/11/2019,5.2,5.1,4.99,5.35,5.81
01/10/2019,5.17,5.04,5.0,5.37,5.83
01/09/2019,5.15,4.98,5.05,5.4,5.86
01/08/2019,5.08,4.94,5.09,5.42,5.89
01/07/2019,5.03,4.88,5.14,5.46,5.91
01/04/2019,5.0,4.84,5.19,5.47,5.93
01/03/2019,4.91,4.82,5.25,5.5,5.96
01/02/2019,4.81,4.82,5.32,5.54,5.99
12/31/2018,4.8,4.83,5.37,5.58,6.02
12/28/2018,4.72,4.86,5.43,5.62,6.06
12/27/2018,4.68,4.89,5.48,5.65,6.09
12/26/2018,4.73,4.97,5.54,5.68,6.13
12/24/2018,4.83,5.12,5.61,5.72,6.18
12/21/2018,4.86,5.25,5.67,5.76,6.22
12/20/2018,4.99,5.4,5.74,5.81,6.27
12/19/2018,5.09,5.55,5.79,5.86,6.31
12/18/2018,5.21,5.68,5.84,5.89,6.35
12/17/2018,5.42,5.82,5.9,5.94,6.38
12/14/2018,5.63,5.92,5.96,5.99,6.42
12/13/2018,5.81,6.01,6.0,6.03,6.45
12/12/2018,6.01,6.08,6.03,6.06,6.48
12/11/2018,6.16,6.11,6.03,6.08,6.51
12/10/2018,6.23,6.1,6.02,6.1,6.53
12/07/2018,6.21,6.09,6.01,6.12,6.55
12/06/2018,6.21,6.09,6.02,6.13,6.57
12/04/2018,6.14,6.04,6.01,6.14,6.59
12/03/2018,6.07,6.0,6.0,6.17,6.6
11/30/2018,5.98,5.99,6.0,6.17,6.62
11/29/2018,5.96,6.0,6.03,6.19,6.64
11/28/2018,5.98,6.0,6.05,6.22,6.66
11/27/2018,5.93,5.98,6.06,6.26,6.68
11/26/2018,5.92,5.96,6.07,6.29,6.71
11/23/2018,5.99,5.93,6.09,6.33,6.73
11/21/2018,6.03,5.93,6.13,6.35,6.76
11/20/2018,6.02,5.95,6.15,6.36,6.79
11/19/2018,6.04,5.99,6.2,6.39,6.83
11/16/2018,5.99,6.0,6.25,6.42,6.87
11/15/2018,5.87,6.02,6.26,6.44,6.89
11/14/2018,5.84,6.06,6.29,6.46,6.92
11/13/2018,5.88,6.1,6.34,6.5,6.95
11/12/2018,5.94,6.13,6.4,6.54,6.98
11/09/2018,6.02,6.17,6.46,6.59,7.01
11/08/2018,6.17,6.26,6.52,6.63,7.04
11/07/2018,6.28,6.33,6.55,6.68,7.07
11/06/2018,6.31,6.35,6.57,6.72,7.08
11/05/2018,6.31,6.41,6.59,6.76,7.11
11/02/2018,6.33,6.51,6.62,6.8,7.13
11/01/2018,6.34,6.5,6.64,6.82,7.15
10/31/2018,6.37,6.52,6.66,6.84,7.16
10/30/2018,6.39,6.58,6.7,6.87,7.18
10/29/2018,6.5,6.67,6.74,6.9,7.2
10/26/2018,6.68,6.75,6.79,6.94,7.22
10/25/2018,6.67,6.79,6.82,6.97,7.22
10/24/2018,6.68,6.78,6.86,6.99,7.24
10/23/2018,6.76,6.78,6.91,7.01,7.25
10/22/2018,6.83,6.77,6.93,7.03,7.27
10/19/2018,6.82,6.74,6.95,7.04,7.28
10/18/2018,6.92,6.78,6.98,7.06,7.3
10/17/2018,6.88,6.8,7.0,7.08,7.32
10/16/2018,6.8,6.82,7.01,7.09,7.34
10/15/2018,6.71,6.81,7.02,7.1,7.35
10/12/2018,6.66,6.83,7.04,7.12,7.36
10/11/2018,6.65,6.86,7.05,7.13,7.36
10/10/2018,6.72,6.93,7.09,7.17,7.38
10/09/2018,6.83,7.03,7.12,7.22,7.4
10/08/2018,6.92,7.1,7.15,7.28,7.41
10/05/2018,7.0,7.15,7.18,7.32,7.43
10/04/2018,7.06,7.18,7.2,7.35,7.44
10/03/2018,7.15,7.2,7.22,7.38,7.44
10/02/2018,7.23,7.21,7.23,7.4,7.45
10/01/2018,7.27,7.23,7.24,7.42,7.46
09/28/2018,7.3,7.24,7.26,7.44,7.47
09/27/2018,7.29,7.25,7.27,7.45,7.48
09/26/2018,7.26,7.25,7.28,7.45,7.5
09/25/2018,7.19,7.22,7.32,7.45,7.52
09/24/2018,7.19,7.21,7.37,7.46,7.54
09/21/2018,7.18,7.22,7.4,7.46,7.55
09/20/2018,7.2,7.22,7.43,7.47,7.57
09/19/2018,7.23,7.23,7.47,7.48,7.59
09/18/2018,7.25,7.25,7.5,7.49,7.6
09/17/2018,7.23,7.25,7.52,7.49,7.61
09/14/2018,7.25,7.28,7.54,7.49,7.62
09/13/2018,7.24,7.3,7.55,7.48,7.64
09/12/2018,7.23,7.32,7.55,7.49,7.65
09/11/2018,7.25,7.42,7.56,7.5,7.67
09/10/2018,7.27,7.53,7.58,7.51,7.7
09/07/2018,7.31,7.59,7.59,7.52,7.71
09/06/2018,7.35,7.64,7.6,7.54,7.72
09/05/2018,7.41,7.71,7.61,7.56,7.73
09/04/2018,7.59,7.74,7.62,7.58,7.73
08/31/2018,7.78,7.79,7.61,7.59,7.74
08/30/2018,7.87,7.8,7.6,7.59,7.74
08/29/2018,7.93,7.81,7.58,7.6,7.73
08/28/2018,8.01,7.79,7.57,7.59,7.72
08/27/2018,7.89,7.71,7.54,7.57,7.69
08/24/2018,7.8,7.64,7.5,7.55,7.67
08/23/2018,7.74,7.59,7.48,7.53,7.65
08/22/2018,7.69,7.56,7.49,7.52,7.63
08/21/2018,7.57,7.5,7.49,7.5,7.6
08/20/2018,7.52,7.49,7.5,7.5,7.59
08/17/2018,7.47,7.43,7.5,7.5,7.58
08/16/2018,7.44,7.39,7.49,7.5,7.57
08/15/2018,7.44,7.35,7.49,7.52,7.57
08/14/2018,7.44,7.36,7.49,7.55,7.57
08/13/2018,7.45,7.37,7.5,7.58,7.57
08/10/2018,7.39,7.36,7.51,7.61,7.55
08/09/2018,7.34,7.37,7.51,7.64,7.56
08/08/2018,7.26,7.41,7.5,7.67,7.56
08/07/2018,7.27,7.47,7.5,7.7,7.55
08/06/2018,7.29,7.51,7.51,7.71,7.54
08/03/2018,7.33,7.56,7.53,7.73,7.53
08/02/2018,7.41,7.59,7.55,7.75,7.52
08/01/2018,7.56,7.63,7.6,7.79,7.51
07/31/2018,7.67,7.63,7.65,7.82,7.5
07/30/2018,7.74,7.64,7.69,7.85,7.49
07/27/2018,7.79,7.66,7.74,7.88,7.47
07/26/2018,7.77,7.64,7.78,7.9,7.45
07/25/2018,7.7,7.6,7.8,7.9,7.43
07/24/2018,7.58,7.53,7.81,7.89,7.4
07/23/2018,7.53,7.51,7.81,7.89,7.37
07/20/2018,7.53,7.51,7.82,7.89,7.35
07/19/2018,7.51,7.52,7.83,7.88,7.32
07/18/2018,7.5,7.57,7.87,7.87,7.3
07/17/2018,7.48,7.66,7.91,7.84,7.28
07/16/2018,7.49,7.74,7.96,7.81,7.26
07/13/2018,7.49,7.82,8.0,7.78,7.23
07/12/2018,7.52,7.91,8.03,7.76,7.21
07/11/2018,7.64,8.0,8.05,7.73,7.2
07/10/2018,7.85,8.09,8.07,7.71,7.18
07/09/2018,7.98,8.1,8.07,7.68,7.15
07/06/2018,8.15,8.12,8.08,7.65,7.13
07/05/2018,8.3,8.15,8.06,7.65,7.11
07/03/2018,8.36,8.18,8.02,7.63,7.08
07/02/2018,8.34,8.15,7.94,7.59,7.05
06/29/2018,8.21,8.17,7.85,7.55,7.01
06/28/2018,8.1,8.18,7.76,7.5,6.98
06/27/2018,8.0,8.15,7.68,7.47,6.94
06/26/2018,7.99,8.11,7.59,7.45,6.91
06/25/2018,7.97,8.05,7.51,7.41,6.87
06/22/2018,8.13,8.05,7.46,7.37,6.84
06/21/2018,8.25,8.04,7.41,7.33,6.81
06/20/2018,8.31,7.98,7.4,7.29,6.78
06/19/2018,8.22,7.86,7.35,7.24,6.75
06/18/2018,8.13,7.72,7.31,7.19,6.72
06/15/2018,7.96,7.53,7.24,7.13,6.69
06/14/2018,7.83,7.34,7.16,7.06,6.66
06/13/2018,7.64,7.21,7.13,7.01,6.64
06/12/2018,7.5,7.08,7.12,6.96,6.62
06/11/2018,7.3,6.98,7.08,6.91,6.61
06/08/2018,7.09,6.88,7.03,6.86,6.59
06/07/2018,6.86,6.79,6.97,6.81,6.58
06/06/2018,6.78,6.82,6.95,6.77,6.59
06/05/2018,6.67,6.84,6.93,6.74,6.6
06/04/2018,6.65,6.91,6.92,6.72,6.62
06/01/2018,6.68,6.96,6.93,6.7,6.64
05/31/2018,6.72,6.97,6.92,6.69,6.66
05/30/2018,6.85,7.04,6.91,6.67,6.68
05/29/2018,7.02,7.16,6.9,6.66,6.7
05/25/2018,7.16,7.19,6.88,6.65,6.71
05/24/2018,7.24,7.18,6.85,6.63,6.73
05/23/2018,7.23,7.16,6.81,6.61,6.74
05/22/2018,7.23,7.08,6.74,6.58,6.75
05/21/2018,7.3,7.01,6.68,6.54,6.76
05/18/2018,7.23,6.94,6.62,6.51,6.76
05/17/2018,7.12,6.9,6.57,6.48,6.77
05/16/2018,7.09,6.87,6.54,6.46,6.78
05/15/2018,6.93,6.77,6.48,6.42,6.78
05/14/2018,6.71,6.64,6.41,6.37,6.78
05/11/2018,6.66,6.57,6.38,6.33,6.79
05/10/2018,6.67,6.52,6.36,6.31,6.8
05/09/2018,6.64,6.47,6.34,6.29,6.82
05/08/2018,6.61,6.4,6.33,6.27,6.83
05/07/2018,6.57,6.35,6.31,6.26,6.84
05/04/2018,6.47,6.3,6.29,6.25,6.85
05/03/2018,6.38,6.25,6.27,6.25,6.87
05/02/2018,6.29,6.22,6.25,6.25,6.89
05/01/2018,6.18,6.19,6.24,6.27,6.9
04/30/2018,6.14,6.18,6.23,6.28,6.93
04/27/2018,6.14,6.19,6.22,6.3,6.96
04/26/2018,6.12,6.19,6.21,6.33,6.99
04/25/2018,6.14,6.21,6.19,6.36,7.02
04/24/2018,6.2,6.25,6.2,6.42,7.06
04/23/2018,6.22,6.27,6.21,6.47,7.1
04/20/2018,6.23,6.28,6.22,6.52,7.14
04/19/2018,6.26,6.28,6.24,6.58,7.18
04/18/2018,6.27,6.29,6.27,6.63,7.21
04/17/2018,6.3,6.3,6.31,6.68,7.25
04/16/2018,6.31,6.28,6.34,6.73,7.28
04/13/2018,6.32,6.24,6.36,6.78,7.32
04/12/2018,6.31,6.22,6.39,6.83,7.36
04/11/2018,6.3,6.18,6.43,6.87,7.4
04/10/2018,6.29,6.15,6.5,6.92,7.43
04/09/2018,6.25,6.16,6.57,6.97,7.45
04/06/2018,6.17,6.17,6.64,7.02,7.48
04/05/2018,6.14,6.2,6.72,7.07,7.5
04/04/2018,6.06,6.26,6.8,7.11,7.53
04/03/2018,6.02,6.32,6.88,7.15,7.55
04/02/2018,6.08,6.4,6.96,7.19,7.58
03/29/2018,6.17,6.48,7.05,7.25,7.61
03/28/2018,6.27,6.57,7.13,7.3,7.64
03/27/2018,6.46,6.68,7.22,7.35,7.67
03/26/2018,6.62,6.84,7.3,7.39,7.69
03/23/2018,6.71,6.98,7.37,7.42,7.72
03/22/2018,6.8,7.12,7.44,7.45,7.74
03/21/2018,6.86,7.24,7.5,7.49,7.77
03/20/2018,6.91,7.35,7.54,7.52,7.78
03/19/2018,7.07,7.44,7.56,7.54,7.8
03/16/2018,7.25,7.52,7.59,7.57,7.81
03/15/2018,7.43,7.61,7.63,7.61,7.83
03/14/2018,7.63,7.7,7.66,7.66,7.84
03/13/2018,7.79,7.76,7.68,7.69,7.85
03/12/2018,7.82,7.76,7.66,7.71,7.85
03/09/2018,7.8,7.76,7.64,7.74,7.85
03/08/2018,7.79,7.76,7.62,7.76,7.85
03/07/2018,7.76,7.75,7.61,7.78,7.85
03/06/2018,7.74,7.72,7.6,7.79,7.84
03/05/2018,7.7,7.68,7.58,7.81,7.85
03/02/2018,7.72,7.66,7.59,7.84,7.86
03/01/2018,7.74,7.65,7.61,7.87,7.87
02/28/2018,7.74,7.63,7.64,7.9,7.89
02/27/2018,7.71,7.6,7.66,7.92,7.9
02/26/2018,7.66,7.56,7.69,7.95,7.92
02/23/2018,7.59,7.52,7.72,7.94,7.94
02/22/2018,7.56,7.48,7.76,7.94,7.96
02/21/2018,7.53,7.46,7.8,7.94,7.98
02/20/2018,7.49,7.48,7.83,7.94,8.01
02/16/2018,7.46,7.48,7.87,7.95,8.04
02/15/2018,7.44,7.53,7.93,7.96,8.06
02/14/2018,7.4,7.58,7.98,7.97,8.08
02/13/2018,7.4,7.64,8.03,7.98,8.08
02/12/2018,7.46,7.71,8.08,7.99,8.08
02/09/2018,7.5,7.82,8.14,8.0,8.08
02/08/2018,7.61,7.93,8.15,8.02,8.08
02/07/2018,7.76,8.04,8.17,8.03,8.08
02/06/2018,7.88,8.13,8.18,8.05,8.08
02/05/2018,7.97,8.18,8.18,8.05,8.07
02/02/2018,8.13,8.27,8.19,8.07,8.07
02/01/2018,8.24,8.33,8.18,8.06,8.06
01/31/2018,8.32,8.39,8.17,8.05,8.05
01/30/2018,8.38,8.42,8.15,8.03,8.03
01/29/2018,8.4,8.44,8.12,8.01,8.01
01/26/2018,8.41,8.46,8.09,7.99,7.98
01/25/2018,8.41,8.37,8.06,7.96,7.96
01/24/2018,8.45,8.29,8.03,7.94,7.93
01/23/2018,8.45,8.22,8.0,7.91,7.91
01/22/2018,8.48,8.18,7.99,7.89,7.89
01/19/2018,8.51,8.12,7.97,7.89,7.87
01/18/2018,8.33,8.04,7.92,7.88,7.86
01/17/2018,8.14,7.95,7.88,7.88,7.84
01/16/2018,7.99,7.88,7.84,7.88,7.83
01/12/2018,7.87,7.81,7.8,7.89,7.82
01/11/2018,7.72,7.73,7.75,7.89,7.81
01/10/2018,7.75,7.76,7.75,7.94,7.81
01/09/2018,7.76,7.77,7.76,7.99,7.81
01/08/2018,7.77,7.79,7.76,8.02,7.81
01/05/2018,7.74,7.8,7.75,8.08,7.81
01/04/2018,7.74,7.82,7.78,8.13,7.81
01/03/2018,7.76,7.81,7.8,8.16,7.81
01/02/2018,7.78,7.82,7.84,8.2,7.81
12/29/2017,7.81,7.81,7.88,8.19,7.82
12/28/2017,7.85,7.8,7.93,8.17,7.82
12/27/2017,7.89,7.78,7.97,8.16,7.83
12/26/2017,7.86,7.74,8.04,8.14,7.82
12/22/2017,7.86,7.75,8.1,8.12,7.82
12/21/2017,7.8,7.72,8.14,8.11,7.83
12/20/2017,7.74,7.71,8.22,8.09,7.83
12/19/2017,7.66,7.74,8.29,8.07,7.82
12/18/2017,7.63,7.8,8.33,8.07,7.82
12/15/2017,7.64,7.86,8.39,8.05,7.82
12/14/2017,7.64,7.95,8.38,8.03,7.83
12/13/2017,7.68,8.06,8.36,8.0,7.83
12/12/2017,7.81,8.16,8.34,7.98,7.84
12/11/2017,7.97,8.33,8.34,7.96,7.85
12/08/2017,8.08,8.44,8.31,7.93,7.85
12/07/2017,8.25,8.56,8.3,7.91,7.85
12/06/2017,8.44,8.73,8.28,7.89,7.85
12/05/2017,8.52,8.84,8.24,7.86,7.84
12/04/2017,8.69,8.86,8.2,7.83,7.83
12/01/2017,8.81,8.91,8.14,7.81,7.81
11/30/2017,8.87,8.8,8.06,7.78,7.8
11/29/2017,9.03,8.66,7.97,7.75,7.78
11/28/2017,9.17,8.52,7.88,7.72,7.76
11/27/2017,9.03,8.34,7.77,7.68,7.74
11/24/2017,9.02,8.18,7.67,7.63,7.71
11/22/2017,8.74,8.04,7.59,7.6,7.69
11/21/2017,8.3,7.82,7.47,7.54,7.65
11/20/2017,7.88,7.63,7.37,7.49,7.61
11/17/2017,7.65,7.54,7.32,7.47,7.58
11/16/2017,7.34,7.37,7.25,7.43,7.55
11/15/2017,7.33,7.33,7.27,7.45,7.55
11/14/2017,7.34,7.28,7.3,7.47,7.54
11/13/2017,7.39,7.24,7.32,7.49,7.54
11/10/2017,7.43,7.2,7.35,7.51,7.53
11/09/2017,7.39,7.16,7.36,7.52,7.52
11/08/2017,7.32,7.14,7.38,7.55,7.53
11/07/2017,7.23,7.12,7.4,7.57,7.54
11/06/2017,7.1,7.1,7.42,7.57,7.55
11/03/2017,6.97,7.1,7.43,7.58,7.56
11/02/2017,6.92,7.14,7.46,7.6,7.57
11/01/2017,6.95,7.22,7.51,7.63,7.59
10/31/2017,7.02,7.31,7.56,7.67,7.61
10/30/2017,7.11,7.41,7.62,7.71,7.63
10/27/2017,7.23,7.5,7.67,7.75,7.65
10/26/2017,7.36,7.57,7.71,7.77,7.67
10/25/2017,7.48,7.63,7.75,7.79,7.68
10/24/2017,7.6,7.69,7.79,7.81,7.7
10/23/2017,7.7,7.74,7.81,7.82,7.71
10/20/2017,7.76,7.77,7.82,7.82,7.71
10/19/2017,7.78,7.79,7.83,7.82,7.72
10/18/2017,7.78,7.81,7.84,7.82,7.72
10/17/2017,7.78,7.82,7.85,7.81,7.72
10/16/2017,7.77,7.84,7.86,7.8,7.72
10/13/2017,7.78,7.84,7.87,7.79,7.73
10/12/2017,7.81,7.84,7.88,7.79,7.73
10/11/2017,7.84,7.88,7.87,7.77,7.73
10/10/2017,7.86,7.89,7.87,7.75,7.74
10/09/2017,7.9,7.88,7.86,7.73,7.74
10/06/2017,7.9,7.87,7.85,7.7,7.74
10/05/2017,7.88,7.86,7.83,7.67,7.74
10/04/2017,7.92,7.86,7.83,7.64,7.74
10/03/2017,7.91,7.87,7.81,7.61,7.74
10/02/2017,7.86,7.88,7.79,7.58,7.74
09/29/2017,7.84,7.9,7.77,7.55,7.74
09/28/2017,7.84,7.91,7.76,7.52,7.74
09/27/2017,7.81,7.87,7.72,7.51,7.74
09/26/2017,7.83,7.85,7.69,7.51,7.74
09/25/2017,7.9,7.85,7.66,7.53,7.75
09/22/2017,7.97,7.83,7.62,7.54,7.75
09/21/2017,7.99,7.81,7.58,7.55,7.76
09/20/2017,7.93,7.79,7.53,7.55,7.76
09/19/2017,7.86,7.74,7.48,7.56,7.77
09/18/2017,7.79,7.69,7.43,7.56,7.77
09/15/2017,7.69,7.64,7.37,7.56,7.77
09/14/2017,7.62,7.6,7.33,7.56,7.78
09/13/2017,7.65,7.57,7.33,7.57,7.79
09/12/2017,7.63,7.53,7.35,7.59,7.8
09/11/2017,7.59,7.47,7.37,7.59,7.81
09/08/2017,7.6,7.41,7.39,7.61,7.82
09/07/2017,7.58,7.36,7.42,7.62,7.83
09/06/2017,7.49,7.27,7.44,7.62,7.84
09/05/2017,7.43,7.22,7.47,7.63,7.85
09/01/2017,7.34,7.16,7.5,7.65,7.86
08/31/2017,7.21,7.09,7.52,7.66,7.88
08/30/2017,7.13,7.05,7.54,7.67,7.89
08/29/2017,7.04,7.09,7.57,7.69,7.91
08/28/2017,7.01,7.16,7.61,7.72,7.93
08/25/2017,6.99,7.27,7.66,7.74,7.95
08/24/2017,6.97,7.38,7.71,7.78,7.97
08/23/2017,6.97,7.48,7.75,7.81,7.99
08/22/2017,7.14,7.61,7.8,7.84,8.01
08/21/2017,7.31,7.71,7.84,7.87,8.03
08/18/2017,7.54,7.83,7.89,7.9,8.05
08/17/2017,7.8,7.95,7.94,7.94,8.07
08/16/2017,7.99,8.04,7.98,7.96,8.09
08/15/2017,8.07,8.05,7.99,7.97,8.1
08/14/2017,8.11,8.06,7.99,7.97,8.1
08/11/2017,8.12,8.05,7.98,7.97,8.1
08/10/2017,8.1,8.03,7.98,7.97,8.1
08/09/2017,8.08,8.01,7.97,7.97,8.11
08/08/2017,8.04,7.99,7.96,7.97,8.11
08/07/2017,8.02,7.96,7.95,7.97,8.11
08/04/2017,7.98,7.94,7.94,7.97,8.11
08/03/2017,7.96,7.93,7.93,7.98,8.11
08/02/2017,7.94,7.93,7.93,7.99,8.11
08/01/2017,7.94,7.93,7.93,8.0,8.12
07/31/2017,7.91,7.92,7.93,8.02,8.12
07/28/2017,7.9,7.92,7.93,8.02,8.12
07/27/2017,7.9,7.92,7.93,8.03,8.13
07/26/2017,7.91,7.92,7.95,8.04,8.13
07/25/2017,7.92,7.93,7.96,8.05,8.14
07/24/2017,7.93,7.94,7.98,8.06,8.14
07/21/2017,7.94,7.94,7.99,8.08,8.15
07/20/2017,7.94,7.93,8.01,8.1,8.15
07/19/2017,7.94,7.93,8.03,8.12,8.15
07/18/2017,7.95,7.93,8.04,8.13,8.15
07/17/2017,7.94,7.93,8.06,8.14,8.16
07/14/2017,7.93,7.94,8.08,8.16,8.16
07/13/2017,7.92,7.95,8.08,8.17,8.16
07/12/2017,7.91,7.97,8.1,8.18,8.17
07/11/2017,7.91,7.99,8.11,8.18,8.17
07/10/2017,7.93,8.02,8.13,8.19,8.17
07/07/2017,7.95,8.05,8.14,8.2,8.18
07/06/2017,7.98,8.08,8.19,8.21,8.18
07/05/2017,8.03,8.12,8.21,8.22,8.19
07/03/2017,8.07,8.15,8.23,8.22,8.2
06/30/2017,8.12,8.19,8.25,8.23,8.2
06/29/2017,8.15,8.21,8.26,8.23,8.21
06/28/2017,8.18,8.22,8.28,8.24,8.21
06/27/2017,8.21,8.22,8.28,8.24,8.22
06/26/2017,8.23,8.24,8.28,8.24,8.23
06/23/2017,8.27,8.23,8.28,8.24,8.24
06/22/2017,8.28,8.24,8.28,8.24,8.24
06/21/2017,8.25,8.29,8.27,8.24,8.25
06/20/2017,8.22,8.3,8.27,8.23,8.26
06/19/2017,8.24,8.31,8.26,8.23,8.26
06/16/2017,8.19,8.31,8.25,8.22,8.26
06/15/2017,8.2,8.31,8.24,8.22,8.27
06/14/2017,8.33,8.33,8.25,8.22,8.27
06/13/2017,8.38,8.34,8.25,8.22,8.28
06/12/2017,8.38,8.32,8.24,8.22,8.28
06/09/2017,8.43,8.32,8.24,8.22,8.29
06/08/2017,8.42,8.31,8.24,8.22,8.29
06/07/2017,8.34,8.26,8.21,8.2,8.29
06/06/2017,8.3,8.23,8.2,8.19,8.29
06/05/2017,8.26,8.21,8.19,8.18,8.29
06/02/2017,8.22,8.18,8.17,8.17,8.29
06/01/2017,8.2,8.18,8.17,8.16,8.29
05/31/2017,8.18,8.17,8.17,8.16,8.29
05/30/2017,8.17,8.17,8.17,8.16,8.28
05/26/2017,8.17,8.17,8.17,8.16,8.28
05/25/2017,8.15,8.17,8.17,8.15,8.28
05/24/2017,8.15,8.17,8.17,8.16,8.28
05/23/2017,8.16,8.17,8.17,8.16,8.28
05/22/2017,8.17,8.17,8.17,8.17,8.29
05/19/2017,8.17,8.17,8.16,8.17,8.3
05/18/2017,8.18,8.16,8.16,8.18,8.31
05/17/2017,8.19,8.16,8.16,8.18,8.32
05/16/2017,8.18,8.16,8.16,8.19,8.32
05/15/2017,8.17,8.16,8.16,8.2,8.33
05/12/2017,8.16,8.17,8.15,8.22,8.35
05/11/2017,8.14,8.17,8.15,8.23,8.36
05/10/2017,8.14,8.17,8.15,8.25,8.37
05/09/2017,8.15,8.16,8.15,8.26,8.38
05/08/2017,8.15,8.17,8.16,8.28,8.4
05/05/2017,8.17,8.16,8.18,8.3,8.42
05/04/2017,8.19,8.16,8.19,8.31,8.43
05/03/2017,8.19,8.15,8.19,8.32,8.45
05/02/2017,8.18,8.16,8.2,8.32,8.46
05/01/2017,8.18,8.15,8.21,8.33,8.48
04/28/2017,8.15,8.14,8.24,8.34,8.49
04/27/2017,8.14,8.12,8.27,8.35,8.5
04/26/2017,8.1,8.13,8.29,8.37,8.52
04/25/2017,8.13,8.14,8.31,8.38,8.53
04/24/2017,8.13,8.16,8.33,8.38,8.55
04/21/2017,8.13,8.19,8.36,8.4,8.56
04/20/2017,8.11,8.21,8.38,8.4,8.58
04/19/2017,8.16,8.24,8.4,8.41,8.6
04/18/2017,8.15,8.24,8.4,8.41,8.62
04/17/2017,8.2,8.28,8.42,8.4,8.63
04/13/2017,8.25,8.34,8.44,8.4,8.65
04/12/2017,8.31,8.41,8.47,8.41,8.67
04/11/2017,8.32,8.45,8.48,8.41,8.68
04/10/2017,8.33,8.49,8.49,8.41,8.7
04/07/2017,8.35,8.5,8.49,8.42,8.71
04/06/2017,8.43,8.54,8.5,8.43,8.73
04/05/2017,8.5,8.56,8.5,8.44,8.75
04/04/2017,8.58,8.57,8.5,8.45,8.76
04/03/2017,8.64,8.56,8.49,8.46,8.77
03/31/2017,8.65,8.56,8.46,8.47,8.78
03/30/2017,8.64,8.54,8.43,8.48,8.78
03/29/2017,8.62,8.53,8.41,8.49,8.78
03/28/2017,8.55,8.52,8.39,8.49,8.79
03/27/2017,8.47,8.5,8.37,8.51,8.78
03/24/2017,8.47,8.48,8.38,8.52,8.79
03/23/2017,8.44,8.46,8.38,8.54,8.79
03/22/2017,8.44,8.44,8.38,8.56,8.79
03/21/2017,8.49,8.43,8.4,8.58,8.8
03/20/2017,8.52,8.43,8.41,8.6,8.8
03/17/2017,8.5,8.36,8.43,8.62,8.8
03/16/2017,8.49,8.32,8.45,8.64,8.8
03/15/2017,8.43,8.28,8.47,8.66,8.8
03/14/2017,8.37,8.25,8.48,8.67,8.8
03/13/2017,8.34,8.25,8.51,8.69,8.8
03/10/2017,8.22,8.28,8.54,8.71,8.81
03/09/2017,8.15,8.3,8.57,8.73,8.81
03/08/2017,8.14,8.32,8.62,8.76,8.82
03/07/2017,8.14,8.36,8.65,8.8,8.82
03/06/2017,8.15,8.39,8.69,8.82,8.83
03/03/2017,8.34,8.5,8.76,8.87,8.84
03/02/2017,8.44,8.59,8.8,8.89,8.85
03/01/2017,8.5,8.65,8.84,8.92,8.85
02/28/2017,8.59,8.7,8.88,8.95,8.85
02/27/2017,8.63,8.77,8.92,8.98,8.87
02/24/2017,8.66,8.81,8.93,9.0,8.88
02/23/2017,8.73,8.85,8.95,9.03,8.88
02/22/2017,8.8,8.91,8.99,9.05,8.89
02/21/2017,8.82,8.94,9.01,9.07,8.9
02/17/2017,8.92,8.99,9.04,9.09,8.91
02/16/2017,8.95,9.01,9.05,9.09,8.92
02/15/2017,8.98,9.01,9.05,9.08,8.92
02/14/2017,9.02,9.03,9.06,9.08,8.93
02/13/2017,9.07,9.06,9.08,9.08,8.93
02/10/2017,9.07,9.06,9.08,9.06,8.93
02/09/2017,9.07,9.05,9.1,9.05,8.92
02/08/2017,9.05,9.04,9.11,9.04,8.91
02/07/2017,9.04,9.06,9.12,9.03,8.91
02/06/2017,9.05,9.09,9.14,9.02,8.91
02/03/2017,9.05,9.09,9.14,9.0,8.9
02/02/2017,9.03,9.09,9.13,8.98,8.9
02/01/2017,9.04,9.08,9.12,8.96,8.89
01/31/2017,9.08,9.09,9.1,8.94,8.89
01/30/2017,9.12,9.1,9.09,8.93,8.88
01/27/2017,9.13,9.11,9.07,8.91,8.88
01/26/2017,9.14,9.15,9.06,8.9,8.88
01/25/2017,9.13,9.18,9.04,8.89,8.88
01/24/2017,9.1,9.19,9.02,8.87,8.88
01/23/2017,9.08,9.19,8.99,8.85,8.89
01/20/2017,9.09,9.19,8.96,8.84,8.89
01/19/2017,9.16,9.17,8.93,8.82,8.9
01/18/2017,9.24,9.15,8.9,8.8,8.92
01/17/2017,9.28,9.12,8.87,8.77,8.93
01/13/2017,9.3,9.08,8.84,8.76,8.94
01/12/2017,9.28,9.02,8.81,8.75,8.95
01/11/2017,9.18,8.96,8.78,8.75,8.96
01/10/2017,9.06,8.9,8.74,8.74,8.96
01/09/2017,8.96,8.85,8.72,8.73,8.98
01/06/2017,8.85,8.79,8.68,8.73,8.99
01/05/2017,8.76,8.73,8.66,8.74,9.0
01/04/2017,8.74,8.69,8.65,8.75,9.02
01/03/2017,8.74,8.65,8.63,8.76,9.04
12/30/2016,8.74,8.62,8.6,8.77,9.06
12/29/2016,8.72,8.61,8.6,8.78,9.08
12/28/2016,8.7,8.6,8.62,8.79,9.11
12/27/2016,8.63,8.59,8.64,8.79,9.13
12/23/2016,8.57,8.59,8.66,8.79,9.15
12/22/2016,8.51,8.59,8.68,8.78,9.18
12/21/2016,8.5,8.58,8.7,8.79,9.21
12/20/2016,8.51,8.59,8.74,8.8,9.25
12/19/2016,8.54,8.6,8.78,8.82,9.27
12/16/2016,8.6,8.61,8.82,8.82,9.3
12/15/2016,8.67,8.57,8.85,8.83,9.33
12/14/2016,8.65,8.58,8.87,8.83,9.36
12/13/2016,8.68,8.64,8.89,8.84,9.38
12/12/2016,8.66,8.69,8.89,8.85,9.39
12/09/2016,8.62,8.74,8.89,8.86,9.42
12/08/2016,8.47,8.77,8.88,8.89,9.43
12/07/2016,8.51,8.83,8.9,8.92,9.45
12/06/2016,8.6,8.89,8.91,8.95,9.47
12/05/2016,8.72,8.96,8.92,8.99,9.49
12/02/2016,8.86,9.03,8.93,9.03,9.52
12/01/2016,9.07,9.13,8.96,9.09,9.56
11/30/2016,9.15,9.15,8.96,9.12,9.58
11/29/2016,9.19,9.14,8.94,9.14,9.59
11/28/2016,9.19,9.09,8.93,9.16,9.6
11/25/2016,9.19,9.04,8.93,9.19,9.6
11/23/2016,9.18,9.0,8.95,9.22,9.6
11/22/2016,9.15,8.97,8.97,9.25,9.61
11/21/2016,9.08,8.92,8.98,9.27,9.61
11/18/2016,8.98,8.89,9.0,9.29,9.6
11/17/2016,8.88,8.84,9.03,9.31,9.59
11/16/2016,8.81,8.8,9.07,9.34,9.58
11/15/2016,8.78,8.77,9.11,9.38,9.57
11/14/2016,8.76,8.75,9.15,9.43,9.58
11/11/2016,8.79,8.77,9.2,9.47,9.59
11/10/2016,8.79,8.81,9.26,9.52,9.61
11/09/2016,8.8,8.89,9.33,9.58,9.63
11/08/2016,8.75,8.96,9.4,9.63,9.65
11/07/2016,8.73,9.04,9.44,9.69,9.66
11/04/2016,8.75,9.11,9.49,9.73,9.66
11/03/2016,8.84,9.23,9.55,9.78,9.67
11/02/2016,8.99,9.34,9.61,9.83,9.68
11/01/2016,9.18,9.45,9.69,9.89,9.68
10/31/2016,9.35,9.55,9.77,9.92,9.68
10/28/2016,9.48,9.63,9.82,9.94,9.68
10/27/2016,9.61,9.7,9.87,9.97,9.68
10/26/2016,9.69,9.76,9.92,9.98,9.67
10/25/2016,9.72,9.83,9.97,9.98,9.65
10/24/2016,9.74,9.84,10.01,9.99,9.65
10/21/2016,9.78,9.86,10.04,10.0,9.64
10/20/2016,9.79,9.87,10.06,10.01,9.62
10/19/2016,9.83,9.88,10.08,10.04,9.61
10/18/2016,9.94,9.93,10.1,10.04,9.59
10/17/2016,9.94,9.99,10.11,10.05,9.57
10/14/2016,9.94,10.01,10.09,10.04,9.55
10/13/2016,9.94,10.04,10.1,10.02,9.54
10/12/2016,9.92,10.07,10.09,9.99,9.52
10/11/2016,9.93,10.1,10.06,9.96,9.5
10/10/2016,10.05,10.19,10.06,9.96,9.49
10/07/2016,10.08,10.22,10.07,9.91,9.48
10/06/2016,10.13,10.26,10.08,9.86,9.48
10/05/2016,10.22,10.28,10.12,9.81,9.46
10/04/2016,10.28,10.27,10.1,9.75,9.45
10/03/2016,10.32,10.22,10.07,9.73,9.43
09/30/2016,10.36,10.17,10.05,9.72,9.41
09/29/2016,10.39,10.17,10.01,9.71,9.39
09/28/2016,10.34,10.1,9.94,9.69,9.37
09/27/2016,10.27,10.02,9.89,9.66,9.34
09/26/2016,10.12,9.94,9.84,9.62,9.31
09/23/2016,9.98,9.92,9.76,9.59,9.28
09/22/2016,9.94,9.91,9.67,9.56,9.25
09/21/2016,9.86,9.95,9.58,9.52,9.22
09/20/2016,9.76,9.92,9.49,9.48,9.18
09/19/2016,9.76,9.92,9.48,9.45,9.16
09/16/2016,9.86,9.92,9.49,9.43,9.14
09/15/2016,9.88,9.85,9.48,9.38,9.11
09/14/2016,10.04,9.79,9.48,9.36,9.09
09/13/2016,10.08,9.76,9.48,9.33,9.07
09/12/2016,10.08,9.75,9.47,9.3,9.04
09/09/2016,9.98,9.6,9.43,9.27,9.0
09/08/2016,9.82,9.42,9.38,9.24,8.97
09/07/2016,9.53,9.2,9.3,9.18,8.92
09/06/2016,9.45,9.06,9.25,9.13,8.89
09/02/2016,9.41,9.04,9.21,9.1,8.85
09/01/2016,9.21,9.06,9.18,9.07,8.83
08/31/2016,9.02,9.1,9.15,9.05,8.81
08/30/2016,8.87,9.17,9.14,9.05,8.81
08/29/2016,8.67,9.2,9.11,9.03,8.8
08/26/2016,8.66,9.18,9.08,9.02,8.79
08/25/2016,8.91,9.26,9.11,9.05,8.8
08/24/2016,9.18,9.34,9.14,9.09,8.82
08/23/2016,9.47,9.41,9.16,9.12,8.83
08/22/2016,9.73,9.45,9.17,9.14,8.84
08/19/2016,9.71,9.38,9.13,9.13,8.82
08/18/2016,9.62,9.3,9.08,9.1,8.8
08/17/2016,9.49,9.2,9.03,9.08,8.78
08/16/2016,9.34,9.11,8.99,9.05,8.76
08/15/2016,9.16,9.02,8.95,9.02,8.75
08/12/2016,9.05,8.98,8.93,9.0,8.74
08/11/2016,8.99,8.95,8.94,8.97,8.73
08/10/2016,8.91,8.95,8.96,8.95,8.73
08/09/2016,8.89,8.92,8.98,8.92,8.73
08/08/2016,8.87,8.89,8.99,8.89,8.73
08/05/2016,8.9,8.88,9.01,8.88,8.73
08/04/2016,8.91,8.86,9.0,8.86,8.74
08/03/2016,8.98,8.86,9.02,8.84,8.76
08/02/2016,8.95,8.86,9.01,8.83,8.77
08/01/2016,8.92,8.88,9.02,8.81,8.79
07/29/2016,8.85,8.89,9.01,8.78,8.81
07/28/2016,8.8,8.92,8.98,8.74,8.84
07/27/2016,8.73,8.98,8.95,8.7,8.85
07/26/2016,8.77,9.03,8.91,8.66,8.88
07/25/2016,8.84,9.08,8.89,8.64,8.91
07/22/2016,8.93,9.14,8.88,8.61,8.95
07/21/2016,9.05,9.15,8.86,8.59,8.98
07/20/2016,9.23,9.18,8.84,8.58,9.02
07/19/2016,9.28,9.16,8.81,8.57,9.06
07/18/2016,9.33,9.16,8.78,8.57,9.1
07/15/2016,9.35,9.13,8.72,8.56,9.14
07/14/2016,9.26,9.04,8.65,8.56,9.18
07/13/2016,9.13,8.91,8.56,8.55,9.22
07/12/2016,9.04,8.8,8.48,8.55,9.27
07/11/2016,8.99,8.69,8.41,8.54,9.31
07/08/2016,8.91,8.61,8.34,8.52,9.36
07/07/2016,8.82,8.57,8.31,8.5,9.4
07/06/2016,8.69,8.49,8.28,8.48,9.44
07/05/2016,8.55,8.45,8.27,8.48,9.48
07/01/2016,8.38,8.39,8.27,8.48,9.52
06/30/2016,8.31,8.31,8.28,8.48,9.56
06/29/2016,8.32,8.25,8.32,8.5,9.59
06/28/2016,8.29,8.2,8.37,8.52,9.63
06/27/2016,8.36,8.17,8.42,8.55,9.67
06/24/2016,8.4,8.14,8.46,8.57,9.71
06/23/2016,8.3,8.07,8.47,8.59,9.74
06/22/2016,8.18,8.04,8.47,8.63,9.78
06/21/2016,8.11,8.06,8.48,8.68,9.81
06/20/2016,7.98,8.09,8.49,8.71,9.84
06/17/2016,7.88,8.15,8.52,8.77,9.87
06/16/2016,7.85,8.25,8.56,8.85,9.91
06/15/2016,7.9,8.39,8.62,8.93,9.95
06/14/2016,8.0,8.53,8.68,9.01,9.99
06/13/2016,8.2,8.68,8.74,9.09,10.05
06/10/2016,8.43,8.78,8.79,9.19,10.09
06/09/2016,8.65,8.86,8.85,9.29,10.12
06/08/2016,8.88,8.9,8.92,9.38,10.14
06/07/2016,9.06,8.9,8.98,9.46,10.15
06/06/2016,9.15,8.89,9.03,9.55,10.16
06/03/2016,9.13,8.89,9.08,9.64,10.16
06/02/2016,9.07,8.88,9.14,9.73,10.17
06/01/2016,8.91,8.85,9.2,9.81,10.16
05/31/2016,8.74,8.82,9.24,9.89,10.17
05/27/2016,8.62,8.8,9.3,9.99,10.17
05/26/2016,8.64,8.8,9.39,10.09,10.18
05/25/2016,8.69,8.84,9.5,10.2,10.2
05/24/2016,8.8,8.95,9.62,10.31,10.24
05/23/2016,8.9,9.07,9.74,10.4,10.27
05/20/2016,8.97,9.17,9.88,10.48,10.33
05/19/2016,8.97,9.27,10.01,10.57,10.39
05/18/2016,9.0,9.41,10.15,10.64,10.45
05/17/2016,9.09,9.55,10.28,10.69,10.5
05/16/2016,9.23,9.67,10.43,10.75,10.56
05/13/2016,9.36,9.81,10.59,10.79,10.61
05/12/2016,9.56,9.97,10.73,10.85,10.66
05/11/2016,9.82,10.16,10.88,10.89,10.72
05/10/2016,10.02,10.29,10.99,10.94,10.76
05/09/2016,10.1,10.4,11.06,10.95,10.78
05/06/2016,10.25,10.6,11.14,10.96,10.8
05/05/2016,10.38,10.75,11.22,10.97,10.81
05/04/2016,10.5,10.89,11.25,10.97,10.82
05/03/2016,10.55,11.02,11.26,10.96,10.83
05/02/2016,10.71,11.2,11.29,10.98,10.85
04/29/2016,10.94,11.37,11.29,11.01,10.87
04/28/2016,11.13,11.49,11.28,10.99,10.89
04/27/2016,11.29,11.59,11.26,10.94,10.91
04/26/2016,11.48,11.69,11.26,10.9,10.94
04/25/2016,11.68,11.73,11.23,10.84,10.97
04/22/2016,11.79,11.68,11.15,10.77,10.98
04/21/2016,11.85,11.68,11.08,10.69,11.0
04/20/2016,11.89,11.61,11.01,10.61,11.02
04/19/2016,11.9,11.5,10.93,10.52,11.05
04/18/2016,11.77,11.38,10.88,10.44,11.07
04/15/2016,11.57,11.21,10.83,10.35,11.07
04/14/2016,11.51,11.08,10.75,10.27,11.08
04/13/2016,11.32,10.93,10.62,10.2,11.11
04/12/2016,11.1,10.83,10.5,10.17,11.14
04/11/2016,10.98,10.73,10.4,10.15,11.19
04/08/2016,10.84,10.61,10.32,10.19,11.26
04/07/2016,10.65,10.48,10.2,10.21,11.33
04/06/2016,10.54,10.4,10.11,10.26,11.4
04/05/2016,10.56,10.36,10.02,10.32,11.48
04/04/2016,10.48,10.38,9.97,10.38,11.56
04/01/2016,10.39,10.45,9.93,10.44,11.65
03/31/2016,10.32,10.42,9.86,10.48,11.74
03/30/2016,10.26,10.31,9.84,10.54,11.83
03/29/2016,10.16,10.18,9.85,10.59,11.91
03/28/2016,10.27,10.08,9.86,10.61,12.01
03/24/2016,10.51,10.02,9.97,10.63,12.12
03/23/2016,10.51,9.92,10.08,10.65,12.22
03/22/2016,10.36,9.81,10.18,10.67,12.33
03/21/2016,10.19,9.69,10.3,10.7,12.44
03/18/2016,9.88,9.56,10.39,10.72,12.54
03/17/2016,9.54,9.41,10.43,10.74,12.64
03/16/2016,9.33,9.31,10.51,10.8,12.75
03/15/2016,9.26,9.37,10.66,10.88,12.87
03/14/2016,9.18,9.52,10.79,10.98,12.99
03/11/2016,9.24,9.64,10.88,11.1,13.12
03/10/2016,9.27,9.92,10.94,11.2,13.24
03/09/2016,9.29,10.24,11.02,11.31,13.36
03/08/2016,9.48,10.56,11.1,11.43,13.48
03/07/2016,9.85,10.91,11.2,11.58,13.59
03/04/2016,10.05,11.22,11.3,11.7,13.69
03/03/2016,10.57,11.45,11.41,11.8,13.78
03/02/2016,11.18,11.72,11.54,11.9,13.89
03/01/2016,11.64,11.95,11.64,12.01,13.98
02/29/2016,11.97,12.07,11.72,12.11,14.06
02/26/2016,12.38,12.11,11.83,12.24,14.14
02/25/2016,12.34,11.96,11.83,12.34,14.2
02/24/2016,12.25,11.8,11.85,12.45,14.25
02/23/2016,12.26,11.65,11.87,12.54,14.31
02/22/2016,12.17,11.5,11.91,12.64,14.36
02/19/2016,11.83,11.38,11.94,12.73,14.41
02/18/2016,11.58,11.36,11.97,12.87,14.47
02/17/2016,11.35,11.36,11.99,13.0,14.53
02/16/2016,11.03,11.34,12.04,13.11,14.58
02/12/2016,10.82,11.37,12.13,13.24,14.63
02/11/2016,10.93,11.55,12.3,13.41,14.68
02/10/2016,11.14,11.71,12.53,13.6,14.74
02/09/2016,11.38,11.9,12.78,13.79,14.81
02/08/2016,11.64,12.09,12.99,13.99,14.87
02/05/2016,11.92,12.33,13.22,14.19,14.92
02/04/2016,12.18,12.5,13.41,14.36,14.97
02/03/2016,12.28,12.58,13.62,14.53,15.01
02/02/2016,12.41,12.61,13.82,14.7,15.06
02/01/2016,12.55,12.75,14.0,14.86,15.11
01/29/2016,12.74,12.9,14.18,15.0,15.16
01/28/2016,12.83,13.05,14.33,15.13,15.21
01/27/2016,12.87,13.36,14.54,15.28,15.26
01/26/2016,12.82,13.67,14.74,15.41,15.3
01/25/2016,12.95,13.89,14.94,15.53,15.33
01/22/2016,13.05,14.1,15.11,15.6,15.36
01/21/2016,13.28,14.32,15.29,15.67,15.37
01/20/2016,13.84,14.67,15.51,15.77,15.39
01/19/2016,14.53,15.02,15.74,15.88,15.4
01/15/2016,14.83,15.24,15.91,15.94,15.4
01/14/2016,15.15,15.45,16.05,16.0,15.39
01/13/2016,15.35,15.61,16.17,16.04,15.37
01/12/2016,15.49,15.73,16.24,16.05,15.33
01/11/2016,15.51,15.81,16.29,16.04,15.28
01/08/2016,15.66,15.99,16.35,16.07,15.23
01/07/2016,15.76,16.13,16.35,16.08,15.18
01/06/2016,15.87,16.27,16.35,16.08,15.13
01/05/2016,15.96,16.35,16.32,16.07,15.08
01/04/2016,16.1,16.46,16.3,16.06,15.03
12/31/2015,16.32,16.58,16.29,16.04,15.0
12/30/2015,16.49,16.65,16.27,16.01,14.95
12/29/2015,16.67,16.73,16.26,15.96,14.91
12/28/2015,16.74,16.75,16.21,15.89,14.85
12/24/2015,16.82,16.77,16.16,15.82,14.77
12/23/2015,16.83,16.7,16.12,15.75,14.69
12/22/2015,16.8,16.57,16.05,15.66,14.6
12/21/2015,16.79,16.44,15.99,15.58,14.52
12/18/2015,16.76,16.3,15.93,15.49,14.45
12/17/2015,16.71,16.15,15.86,15.42,14.37
12/16/2015,16.57,16.01,15.77,15.37,14.3
12/15/2015,16.33,15.89,15.69,15.33,14.22
12/14/2015,16.08,15.79,15.58,15.28,14.16
12/11/2015,15.83,15.67,15.46,15.24,14.1
12/10/2015,15.59,15.56,15.35,15.18,14.04
12/09/2015,15.45,15.53,15.27,15.14,13.99
12/08/2015,15.46,15.53,15.21,15.11,13.93
12/07/2015,15.49,15.54,15.15,15.07,13.88
12/04/2015,15.52,15.57,15.08,15.01,13.83
12/03/2015,15.54,15.58,15.05,14.93,13.78
12/02/2015,15.61,15.54,15.05,14.86,13.72
12/01/2015,15.61,15.49,15.05,14.78,13.67
11/30/2015,15.59,15.37,15.03,14.7,13.61
11/27/2015,15.62,15.25,15.03,14.61,13.55
11/25/2015,15.62,15.15,14.99,14.51,13.49
11/24/2015,15.46,15.01,14.95,14.38,13.43
11/23/2015,15.38,14.89,14.9,14.29,13.37
11/20/2015,15.15,14.76,14.83,14.19,13.32
11/19/2015,14.87,14.6,14.72,14.09,13.27
11/18/2015,14.67,14.52,14.61,14.01,13.2
11/17/2015,14.57,14.56,14.52,13.96,13.17
11/16/2015,14.39,14.6,14.43,13.89,13.13
11/13/2015,14.37,14.69,14.37,13.86,13.12
11/12/2015,14.32,14.8,14.3,13.81,13.1
11/11/2015,14.36,14.83,14.2,13.71,13.11
11/10/2015,14.55,14.88,14.06,13.63,13.13
11/09/2015,14.81,14.92,13.99,13.55,13.16
11/06/2015,15.01,14.9,13.9,13.47,13.18
11/05/2015,15.29,14.85,13.83,13.41,13.21
11/04/2015,15.3,14.7,13.75,13.33,13.22
11/03/2015,15.21,14.48,13.65,13.24,13.22
11/02/2015,15.03,14.25,13.53,13.12,13.24
10/30/2015,14.78,14.05,13.44,13.03,13.26
10/29/2015,14.41,13.79,13.31,12.96,13.27
10/28/2015,14.1,13.56,13.15,12.91,13.3
10/27/2015,13.75,13.25,13.0,12.84,13.32
10/26/2015,13.48,13.05,12.86,12.75,13.33
10/23/2015,13.31,12.9,12.75,12.69,13.34
10/22/2015,13.16,12.82,12.69,12.65,13.37
10/21/2015,13.02,12.8,12.64,12.62,13.41
10/20/2015,12.75,12.83,12.62,12.59,13.43
10/19/2015,12.63,12.81,12.55,12.56,13.46
10/16/2015,12.49,12.84,12.53,12.52,13.5
10/15/2015,12.47,12.83,12.55,12.48,13.56
10/14/2015,12.58,12.75,12.58,12.47,13.61
10/13/2015,12.91,12.75,12.64,12.47,13.69
10/12/2015,12.99,12.66,12.6,12.46,13.75
10/09/2015,13.19,12.61,12.59,12.46,13.8
10/08/2015,13.18,12.56,12.57,12.45,13.86
10/07/2015,12.91,12.48,12.53,12.4,13.9
10/06/2015,12.59,12.41,12.47,12.38,13.95
10/05/2015,12.34,12.29,12.44,12.38,14.01
10/02/2015,12.03,12.22,12.36,12.37,14.04
10/01/2015,11.94,12.27,12.31,12.4,14.09
09/30/2015,12.05,12.41,12.33,12.51,14.15
09/29/2015,12.22,12.53,12.33,12.64,14.21
09/28/2015,12.24,12.55,12.36,12.78,14.3
09/25/2015,12.41,12.56,12.38,12.9,14.39
09/24/2015,12.59,12.59,12.4,13.01,14.48
09/23/2015,12.78,12.58,12.36,13.11,14.57
09/22/2015,12.84,12.54,12.37,13.21,14.65
09/21/2015,12.86,12.6,12.42,13.37,14.75
09/18/2015,12.72,12.49,12.45,13.48,14.84
09/17/2015,12.58,12.35,12.47,13.58,14.94
09/16/2015,12.38,12.24,12.56,13.69,15.04
09/15/2015,12.23,12.14,12.7,13.79,15.13
09/14/2015,12.33,12.16,12.89,13.91,15.25
09/11/2015,12.26,12.2,13.07,14.0,15.36
09/10/2015,12.13,12.22,13.22,14.09,15.47
09/09/2015,12.09,12.14,13.38,14.19,15.59
09/08/2015,12.04,12.21,13.55,14.28,15.71
09/04/2015,11.99,12.25,13.76,14.36,15.85
09/03/2015,12.14,12.41,13.98,14.49,15.99
09/02/2015,12.31,12.59,14.2,14.64,16.09
09/01/2015,12.18,12.89,14.42,14.76,16.2
08/31/2015,12.37,13.26,14.61,14.91,16.3
08/28/2015,12.5,13.62,14.78,15.04,16.39
08/27/2015,12.67,13.93,14.9,15.15,16.45
08/26/2015,12.86,14.22,15.02,15.27,16.52
08/25/2015,13.6,14.63,15.22,15.4,16.59
08/24/2015,14.15,14.89,15.32,15.52,16.65
08/21/2015,14.74,15.28,15.42,15.63,16.72
08/20/2015,15.19,15.56,15.53,15.71,16.77
08/19/2015,15.57,15.8,15.66,15.78,16.84
08/18/2015,15.65,15.95,15.7,15.8,16.88
08/17/2015,15.64,15.97,15.73,15.79,16.96
08/14/2015,15.81,15.93,15.75,15.82,17.04
08/13/2015,15.92,15.86,15.76,15.88,17.11
08/12/2015,16.04,15.83,15.79,15.95,17.17
08/11/2015,16.24,15.81,15.79,16.03,17.22
08/10/2015,16.3,15.74,15.83,16.08,17.3
08/07/2015,16.06,15.57,15.81,16.12,17.34
08/06/2015,15.8,15.51,15.78,16.2,17.38
08/05/2015,15.62,15.52,15.77,16.3,17.42
08/04/2015,15.39,15.45,15.72,16.39,17.45
08/03/2015,15.17,15.49,15.7,16.48,17.48
07/31/2015,15.08,15.56,15.77,16.59,17.51
07/30/2015,15.22,15.65,15.89,16.73,17.55
07/29/2015,15.42,15.76,16.01,16.85,17.58
07/28/2015,15.52,15.77,16.14,16.98,17.59
07/27/2015,15.81,15.93,16.25,17.14,17.61
07/24/2015,16.04,16.06,16.4,17.34,17.63
07/23/2015,16.08,16.05,16.55,17.48,17.64
07/22/2015,16.1,16.02,16.7,17.54,17.65
07/21/2015,16.02,15.99,16.86,17.64,17.66
07/20/2015,16.05,15.9,16.97,17.7,17.66
07/17/2015,16.07,15.97,17.1,17.74,17.65
07/16/2015,16.03,16.12,17.27,17.75,17.67
07/15/2015,15.93,16.26,17.39,17.77,17.67
07/14/2015,15.95,16.51,17.59,17.79,17.67
07/13/2015,15.76,16.58,17.75,17.79,17.64
07/10/2015,15.86,16.73,17.97,17.8,17.62
07/09/2015,16.21,17.04,18.2,17.83,17.61
07/08/2015,16.58,17.38,18.31,17.89,17.59
07/07/2015,17.07,17.72,18.46,17.97,17.6
07/06/2015,17.4,18.04,18.6,18.13,17.59
07/02/2015,17.6,18.23,18.62,18.25,17.56
07/01/2015,17.87,18.42,18.57,18.34,17.52
06/30/2015,18.18,18.53,18.53,18.39,17.45
06/29/2015,18.38,18.66,18.42,18.42,17.38
06/26/2015,18.67,18.93,18.39,18.51,17.31
06/25/2015,18.86,19.22,18.33,18.56,17.22
06/24/2015,18.98,19.35,18.23,18.55,17.12
06/23/2015,18.88,19.23,18.15,18.53,17.02
06/22/2015,18.94,19.2,18.1,18.51,16.94
06/19/2015,19.18,19.16,18.18,18.49,16.86
06/18/2015,19.57,19.01,18.26,18.44,16.77
06/17/2015,19.72,18.72,18.3,18.38,16.69
06/16/2015,19.58,18.52,18.32,18.3,16.61
06/15/2015,19.45,18.19,18.29,18.21,16.53
06/12/2015,19.13,17.86,18.3,18.07,16.41
06/11/2015,18.45,17.45,18.23,17.92,16.27
06/10/2015,17.72,17.11,18.15,17.79,16.14
06/09/2015,17.46,17.07,18.18,17.75,16.05
06/08/2015,16.92,17.0,18.16,17.69,15.95
06/05/2015,16.58,17.21,18.15,17.62,15.86
06/04/2015,16.45,17.52,18.15,17.57,15.79
06/03/2015,16.51,17.88,18.21,17.58,15.73
06/02/2015,16.68,18.13,18.2,17.57,15.66
06/01/2015,17.08,18.4,18.22,17.56,15.6
05/29/2015,17.84,18.74,18.18,17.5,15.56
05/28/2015,18.59,19.01,18.16,17.44,15.53
05/27/2015,19.26,19.19,18.13,17.38,15.51
05/26/2015,19.57,19.29,18.09,17.29,15.46
05/22/2015,19.72,19.32,18.04,17.22,15.41
05/21/2015,19.64,19.09,17.82,17.04,15.32
05/20/2015,19.43,18.78,17.59,16.86,15.22
05/19/2015,19.12,18.53,17.42,16.69,15.14
05/18/2015,19.01,18.27,17.3,16.52,15.08
05/15/2015,18.93,18.04,17.14,16.35,15.02
05/14/2015,18.54,17.62,16.88,16.11,14.94
05/13/2015,18.12,17.31,16.66,15.89,14.86
05/12/2015,17.94,17.07,16.48,15.69,14.8
05/11/2015,17.53,16.89,16.3,15.51,14.74
05/08/2015,17.15,16.75,16.16,15.37,14.68
05/07/2015,16.7,16.55,16.02,15.23,14.64
05/06/2015,16.5,16.41,15.9,15.11,14.6
05/05/2015,16.2,16.32,15.77,15.01,14.56
05/04/2015,16.24,16.32,15.64,14.92,14.53
05/01/2015,16.36,16.23,15.5,14.85,14.5
04/30/2015,16.41,16.14,15.36,14.75,14.48
04/29/2015,16.32,16.01,15.18,14.62,14.45
04/28/2015,16.43,15.88,15.0,14.49,14.41
04/27/2015,16.41,15.7,14.83,14.34,14.36
04/24/2015,16.11,15.57,14.68,14.2,14.3
04/23/2015,15.88,15.48,14.57,14.1,14.26
04/22/2015,15.7,15.39,14.46,14.0,14.22
04/21/2015,15.33,15.22,14.35,13.88,14.17
04/20/2015,15.0,14.95,14.22,13.74,14.13
04/17/2015,15.04,14.77,14.16,13.65,14.09
04/16/2015,15.09,14.58,14.06,13.63,14.06
04/15/2015,15.08,14.34,13.93,13.62,14.01
04/14/2015,15.11,14.12,13.79,13.63,13.98
04/13/2015,14.9,13.95,13.66,13.63,13.96
04/10/2015,14.5,13.78,13.51,13.61,13.93
04/09/2015,14.06,13.66,13.41,13.6,13.9
04/08/2015,13.6,13.54,13.31,13.59,13.86
04/07/2015,13.13,13.48,13.2,13.6,13.84
04/06/2015,13.01,13.49,13.14,13.64,13.83
04/02/2015,13.07,13.56,13.09,13.69,13.81
04/01/2015,13.26,13.54,13.15,13.76,13.8
03/31/2015,13.47,13.51,13.26,13.83,13.8
03/30/2015,13.83,13.46,13.39,13.9,13.8
03/27/2015,13.97,13.37,13.46,13.96,13.77
03/26/2015,14.04,13.24,13.52,14.0,13.74
03/25/2015,13.82,13.15,13.57,14.06,13.71
03/24/2015,13.55,13.08,13.61,14.09,13.69
03/23/2015,13.09,12.93,13.66,14.11,13.65
03/20/2015,12.76,12.79,13.72,14.14,13.61
03/19/2015,12.43,12.62,13.75,14.16,13.57
03/18/2015,12.49,12.76,13.87,14.21,13.56
03/17/2015,12.61,13.02,13.99,14.28,13.57
03/16/2015,12.76,13.32,14.12,14.33,13.58
03/13/2015,12.81,13.55,14.26,14.37,13.57
03/12/2015,12.81,13.8,14.38,14.41,13.59
03/11/2015,13.04,13.98,14.51,14.43,13.59
03/10/2015,13.42,14.15,14.6,14.44,13.57
03/09/2015,13.87,14.38,14.7,14.47,13.55
03/06/2015,14.29,14.65,14.81,14.51,13.53
03/05/2015,14.79,14.89,14.92,14.53,13.49
03/04/2015,14.93,14.98,14.94,14.49,13.46
03/03/2015,14.87,14.96,14.91,14.4,13.42
03/02/2015,14.89,14.93,14.84,14.33,13.37
02/27/2015,15.0,14.96,14.79,14.29,13.34
02/26/2015,14.99,14.96,14.71,14.25,13.3
02/25/2015,15.02,15.03,14.65,14.19,13.27
02/24/2015,15.05,15.05,14.59,14.14,13.24
02/23/2015,14.96,15.02,14.52,14.08,13.23
02/20/2015,14.93,14.98,14.44,14.03,13.22
02/19/2015,14.94,14.96,14.35,13.94,13.21
02/18/2015,15.04,14.9,14.24,13.84,13.2
02/17/2015,15.05,14.86,14.13,13.77,13.21
02/13/2015,15.07,14.76,14.03,13.69,13.23
02/12/2015,15.02,14.61,13.96,13.59,13.25
02/11/2015,14.99,14.47,13.89,13.49,13.27
02/10/2015,14.77,14.27,13.78,13.37,13.28
02/09/2015,14.68,14.14,13.69,13.28,13.32
02/06/2015,14.44,14.02,13.61,13.19,13.34
02/05/2015,14.19,13.9,13.55,13.08,13.36
02/04/2015,13.95,13.73,13.43,12.99,13.4
02/03/2015,13.78,13.58,13.31,12.91,13.45
02/02/2015,13.6,13.39,13.22,12.86,13.49
01/30/2015,13.6,13.31,13.16,12.82,13.57
01/29/2015,13.62,13.31,13.08,12.77,13.66
01/28/2015,13.52,13.31,13.0,12.77,13.76
01/27/2015,13.39,13.28,12.92,12.76,13.85
01/26/2015,13.18,13.24,12.85,12.7,13.94
01/23/2015,13.01,13.2,12.77,12.62,14.03
01/22/2015,13.01,13.2,12.67,12.54,14.13
01/21/2015,13.1,13.12,12.61,12.46,14.21
01/20/2015,13.16,13.03,12.58,12.42,14.3
01/16/2015,13.29,13.05,12.6,12.43,14.39
01/15/2015,13.38,13.01,12.58,12.41,14.48
01/14/2015,13.39,12.84,12.5,12.38,14.55
01/13/2015,13.15,12.69,12.5,12.35,14.61
01/12/2015,12.89,12.56,12.5,12.35,14.68
01/09/2015,12.82,12.47,12.44,12.34,14.74
01/08/2015,12.63,12.35,12.34,12.38,14.78
01/07/2015,12.29,12.15,12.22,12.41,14.81
01/06/2015,12.24,12.1,12.13,12.48,14.87
01/05/2015,12.23,12.13,12.12,12.56,14.93
01/02/2015,12.13,12.15,12.12,12.64,14.99
12/31/2014,12.06,12.15,12.12,12.77,15.05
12/30/2014,12.01,12.16,12.15,12.91,15.12
12/29/2014,11.96,12.3,12.18,13.04,15.19
12/26/2014,12.03,12.43,12.24,13.19,15.27
12/24/2014,12.17,12.4,12.27,13.35,15.34
12/23/2014,12.25,12.32,12.39,13.49,15.43
12/22/2014,12.31,12.28,12.54,13.65,15.52
12/19/2014,12.64,12.16,12.67,13.81,15.61
12/18/2014,12.83,12.12,12.78,13.98,15.7
12/17/2014,12.63,12.09,12.89,14.12,15.8
12/16/2014,12.4,12.08,13.08,14.31,15.89
12/15/2014,12.25,12.15,13.28,14.54,15.98
12/12/2014,11.69,12.06,13.42,14.75,16.06
12/11/2014,11.4,12.05,13.57,14.94,16.15
12/10/2014,11.54,12.14,13.82,15.18,16.24
12/09/2014,11.76,12.46,14.07,15.44,16.34
12/08/2014,12.04,12.8,14.33,15.71,16.44
12/05/2014,12.43,13.18,14.64,15.96,16.56
12/04/2014,12.7,13.44,14.91,16.18,16.66
12/03/2014,12.73,13.7,15.14,16.36,16.76
12/02/2014,13.17,14.07,15.43,16.55,16.88
12/01/2014,13.56,14.42,15.74,16.73,17.0
11/28/2014,13.92,14.77,16.1,16.87,17.11
11/26/2014,14.18,15.09,16.39,17.02,17.23
11/25/2014,14.66,15.51,16.7,17.13,17.34
11/24/2014,14.98,15.67,16.93,17.18,17.42
11/21/2014,15.28,15.86,17.17,17.22,17.49
11/20/2014,15.62,16.1,17.35,17.26,17.55
11/19/2014,15.99,16.38,17.55,17.3,17.64
11/18/2014,16.37,16.59,17.69,17.34,17.73
11/17/2014,16.37,16.79,17.78,17.33,17.81
11/14/2014,16.43,17.07,17.88,17.34,17.89
11/13/2014,16.57,17.42,17.92,17.34,17.98
11/12/2014,16.77,17.69,17.98,17.34,18.07
11/11/2014,16.8,17.88,17.94,17.33,18.15
11/10/2014,17.2,18.18,17.93,17.36,18.25
11/07/2014,17.7,18.48,17.9,17.4,18.33
11/06/2014,18.28,18.61,17.84,17.4,18.4
11/05/2014,18.62,18.72,17.76,17.42,18.46
11/04/2014,18.96,18.79,17.71,17.47,18.54
11/03/2014,19.17,18.78,17.6,17.47,18.63
10/31/2014,19.26,18.69,17.47,17.42,18.71
10/30/2014,18.94,18.41,17.3,17.38,18.78
10/29/2014,18.83,18.27,17.17,17.35,18.84
10/28/2014,18.62,18.01,17.05,17.3,18.89
10/27/2014,18.39,17.67,16.95,17.23,18.96
10/24/2014,18.12,17.32,16.86,17.16,18.98
10/23/2014,17.88,17.07,16.8,17.15,19.02
10/22/2014,17.7,16.8,16.78,17.13,19.06
10/21/2014,17.4,16.63,16.82,17.16,19.11
10/20/2014,16.95,16.43,16.82,17.21,19.14
10/17/2014,16.52,16.26,16.79,17.26,19.15
10/16/2014,16.26,16.19,16.86,17.36,19.17
10/15/2014,15.9,16.07,16.89,17.44,19.18
10/14/2014,15.87,16.1,16.95,17.54,19.21
10/13/2014,15.9,16.24,17.01,17.67,19.26
10/10/2014,15.99,16.39,17.08,17.75,19.27
10/09/2014,16.11,16.53,17.19,17.85,19.29
10/08/2014,16.25,16.75,17.3,17.98,19.33
10/07/2014,16.34,17.0,17.43,18.12,19.36
10/06/2014,16.57,17.21,17.6,18.29,19.41
10/03/2014,16.79,17.32,17.77,18.45,19.43
10/02/2014,16.94,17.53,17.94,18.62,19.44
10/01/2014,17.25,17.71,18.12,18.8,19.46
09/30/2014,17.67,17.79,18.26,18.98,19.47
09/29/2014,17.84,17.78,18.38,19.14,19.48
09/26/2014,17.85,17.77,18.43,19.26,19.49
09/25/2014,18.13,17.86,18.51,19.39,19.48
09/24/2014,18.16,17.85,18.59,19.5,19.49
09/23/2014,17.92,17.85,18.67,19.61,19.47
09/22/2014,17.73,17.99,18.83,19.78,19.45
09/19/2014,17.69,18.22,19.02,20.0,19.45
09/18/2014,17.58,18.35,19.16,20.18,19.42
09/17/2014,17.55,18.54,19.35,20.33,19.38
09/16/2014,17.78,18.74,19.57,20.49,19.33
09/15/2014,18.26,18.98,19.82,20.68,19.3
09/12/2014,18.75,19.1,20.0,20.79,19.28
09/11/2014,19.11,19.16,20.16,20.88,19.27
09/10/2014,19.53,19.33,20.32,20.99,19.25
09/09/2014,19.69,19.5,20.5,21.06,19.22
09/08/2014,19.7,19.67,20.68,21.07,19.18
09/05/2014,19.45,19.82,20.89,21.04,19.13
09/04/2014,19.2,19.97,21.1,20.99,19.11
09/03/2014,19.14,20.17,21.22,20.91,19.09
09/02/2014,19.31,20.4,21.37,20.88,19.07
08/29/2014,19.63,20.66,21.53,20.84,19.01
08/28/2014,20.19,20.91,21.64,20.79,18.97
08/27/2014,20.74,21.17,21.75,20.74,18.93
08/26/2014,21.2,21.31,21.82,20.68,18.86
08/25/2014,21.5,21.49,21.84,20.61,18.81
08/22/2014,21.7,21.69,21.78,20.53,18.73
08/21/2014,21.63,21.97,21.65,20.41,18.64
08/20/2014,21.59,22.22,21.49,20.27,18.57
08/19/2014,21.41,22.28,21.29,20.12,18.49
08/18/2014,21.49,22.33,21.12,19.97,18.39
08/15/2014,21.69,22.4,20.94,19.81,18.21
08/14/2014,22.3,22.38,20.73,19.72,18.04
08/13/2014,22.86,22.32,20.53,19.56,17.86
08/12/2014,23.15,22.32,20.37,19.48,17.68
08/11/2014,23.17,22.18,20.17,19.33,17.48
08/08/2014,23.1,21.86,19.96,19.12,17.27
08/07/2014,22.45,21.33,19.63,18.9,17.04
08/06/2014,21.79,20.77,19.29,18.66,16.82
08/05/2014,21.5,20.29,19.04,18.42,16.63
08/04/2014,21.19,19.92,18.79,18.17,0.0
08/01/2014,20.62,19.47,18.52,17.91,0.0
07/31/2014,20.21,19.09,18.39,17.77,0.0
07/30/2014,19.74,18.73,18.18,17.65,0.0
07/29/2014,19.09,18.41,18.06,17.51,0.0
07/28/2014,18.65,18.17,17.91,17.38,0.0
07/25/2014,18.33,18.05,17.75,17.28,0.0
07/24/2014,17.97,17.92,17.69,17.23,0.0
07/23/2014,17.71,17.82,17.61,17.24,0.0
07/22/2014,17.73,17.79,17.49,17.26,0.0
07/21/2014,17.68,17.65,17.3,17.25,0.0
07/18/2014,17.77,17.56,17.13,17.18,0.0
07/17/2014,17.87,17.68,17.12,17.14,0.0
07/16/2014,17.92,17.64,17.11,17.11,0.0
07/15/2014,17.85,17.7,17.06,17.04,0.0
07/14/2014,17.63,17.65,16.99,17.01,0.0
07/11/2014,17.35,17.45,16.89,16.93,0.0
07/10/2014,17.49,17.45,16.88,16.88,0.0
07/09/2014,17.35,17.4,16.95,16.86,0.0
07/08/2014,17.56,17.19,17.0,16.87,0.0
07/07/2014,17.67,16.94,17.05,16.81,0.0
07/03/2014,17.56,16.7,16.99,16.61,0.0
07/02/2014,17.41,16.55,16.87,16.36,0.0
07/01/2014,17.45,16.59,16.85,16.16,0.0
06/30/2014,16.82,16.42,16.71,15.88,0.0
06/27/2014,16.22,16.34,16.69,15.63,0.0
06/26/2014,15.85,16.33,16.67,15.41,0.0
06/25/2014,15.69,16.31,16.59,15.18,0.0
06/24/2014,15.72,16.5,16.59,14.98,0.0
06/23/2014,16.01,16.82,16.7,14.84,0.0
06/20/2014,16.45,17.15,16.75,0.0,0.0
06/19/2014,16.82,17.28,16.57,0.0,0.0
06/18/2014,16.93,17.2,16.27,0.0,0.0
06/17/2014,17.27,17.12,15.95,0.0,0.0
06/16/2014,17.62,17.01,15.61,0.0,0.0
06/13/2014,17.85,17.04,15.27,0.0,0.0
06/12/2014,17.74,17.0,14.95,0.0,0.0
06/11/2014,17.46,16.87,14.62,0.0,0.0
06/10/2014,16.96,16.69,14.23,0.0,0.0
06/09/2014,16.4,16.59,13.85,0.0,0.0
06/06/2014,16.24,16.34,0.0,0.0,0.0
06/05/2014,16.26,15.86,0.0,0.0,0.0
06/04/2014,16.28,15.34,0.0,0.0,0.0
06/03/2014,16.41,14.78,0.0,0.0,0.0
06/02/2014,16.79,14.21,0.0,0.0,0.0
05/30/2014,16.45,13.51,0.0,0.0,0.0
05/29/2014,15.46,12.91,0.0,0.0,0.0
05/28/2014,14.39,12.37,0.0,0.0,0.0
05/27/2014,13.14,11.77,0.0,0.0,0.0
05/23/2014,11.63,11.11,0.0,0.0,0.0
05/22/2014,10.56,0.0,0.0,0.0,0.0
05/21/2014,10.35,0.0,0.0,0.0,0.0
05/20/2014,10.34,0.0,0.0,0.0,0.0
05/19/2014,10.4,0.0,0.0,0.0,0.0
05/16/2014,10.59,0.0,0.0,0.0,0.0
05/15/2014,0.0,0.0,0.0,0.0,0.0
05/14/2014,0.0,0.0,0.0,0.0,0.0
05/13/2014,0.0,0.0,0.0,0.0,0.0
05/12/2014,0.0,0.0,0.0,0.0,0.0
