12/30/2022,0.26,0.25,0.25,0.26,0.4
12/29/2022,0.26,0.25,0.25,0.26,0.41
12/28/2022,0.25,0.25,0.25,0.26,0.41
12/27/2022,0.25,0.25,0.25,0.27,0.42
12/23/2022,0.25,0.25,0.25,0.27,0.42
12/22/2022,0.25,0.25,0.25,0.27,0.43
12/21/2022,0.25,0.25,0.25,0.28,0.44
12/20/2022,0.25,0.25,0.25,0.29,0.44
12/19/2022,0.25,0.25,0.26,0.31,0.45
12/16/2022,0.25,0.25,0.26,0.32,0.45
12/15/2022,0.25,0.25,0.26,0.33,0.46
12/14/2022,0.25,0.25,0.26,0.34,0.47
12/13/2022,0.25,0.25,0.27,0.35,0.48
12/12/2022,0.25,0.25,0.27,0.36,0.48
12/09/2022,0.25,0.26,0.28,0.37,0.49
12/08/2022,0.25,0.26,0.28,0.38,0.5
12/07/2022,0.25,0.26,0.3,0.4,0.51
12/06/2022,0.26,0.26,0.32,0.41,0.51
12/05/2022,0.26,0.26,0.33,0.42,0.52
12/02/2022,0.26,0.26,0.35,0.43,0.53
12/01/2022,0.26,0.27,0.36,0.44,0.54
11/30/2022,0.26,0.28,0.38,0.45,0.55
11/29/2022,0.26,0.28,0.4,0.46,0.56
11/28/2022,0.27,0.29,0.41,0.47,0.57
11/25/2022,0.27,0.3,0.43,0.48,0.57
11/23/2022,0.28,0.3,0.45,0.49,0.58
11/22/2022,0.29,0.34,0.47,0.5,0.59
11/21/2022,0.31,0.37,0.48,0.51,0.6
11/18/2022,0.31,0.4,0.49,0.52,0.61
11/17/2022,0.32,0.43,0.51,0.53,0.62
11/16/2022,0.32,0.46,0.52,0.54,0.63
11/15/2022,0.38,0.48,0.54,0.55,0.64
11/14/2022,0.44,0.51,0.55,0.56,0.65
11/11/2022,0.49,0.54,0.56,0.57,0.66
11/10/2022,0.54,0.57,0.58,0.58,0.67
11/09/2022,0.59,0.6,0.59,0.59,0.68
11/08/2022,0.58,0.59,0.58,0.59,0.69
11/07/2022,0.58,0.59,0.58,0.59,0.69
11/04/2022,0.58,0.59,0.58,0.59,0.7
11/03/2022,0.6,0.59,0.58,0.59,0.71
11/02/2022,0.6,0.59,0.58,0.6,0.71
11/01/2022,0.6,0.59,0.59,0.6,0.72
10/31/2022,0.6,0.6,0.59,0.6,0.73
10/28/2022,0.6,0.59,0.59,0.61,0.73
10/27/2022,0.58,0.58,0.58,0.61,0.74
10/26/2022,0.58,0.58,0.59,0.61,0.74
10/25/2022,0.58,0.58,0.59,0.62,0.75
10/24/2022,0.59,0.57,0.59,0.62,0.76
10/21/2022,0.59,0.57,0.59,0.63,0.76
10/20/2022,0.58,0.57,0.59,0.63,0.77
10/19/2022,0.58,0.58,0.6,0.64,0.78
10/18/2022,0.57,0.58,0.6,0.64,0.78
10/17/2022,0.55,0.58,0.61,0.65,0.79
10/14/2022,0.56,0.58,0.61,0.66,0.8
10/13/2022,0.57,0.59,0.62,0.67,0.81
10/12/2022,0.58,0.59,0.63,0.67,0.81
10/11/2022,0.59,0.6,0.64,0.68,0.82
10/10/2022,0.6,0.61,0.64,0.69,0.84
10/07/2022,0.6,0.61,0.65,0.7,0.85
10/06/2022,0.6,0.62,0.66,0.71,0.86
10/05/2022,0.6,0.62,0.67,0.72,0.88
10/04/2022,0.6,0.63,0.68,0.73,0.89
10/03/2022,0.61,0.64,0.69,0.74,0.9
09/30/2022,0.62,0.65,0.7,0.75,0.92
09/29/2022,0.63,0.65,0.71,0.76,0.93
09/28/2022,0.64,0.67,0.72,0.77,0.94
09/27/2022,0.65,0.67,0.72,0.78,0.96
09/26/2022,0.66,0.68,0.73,0.79,0.97
09/23/2022,0.68,0.69,0.75,0.81,0.98
09/22/2022,0.68,0.71,0.76,0.82,1.0
09/21/2022,0.69,0.71,0.77,0.83,1.01
09/20/2022,0.7,0.73,0.78,0.84,1.02
09/19/2022,0.7,0.74,0.79,0.85,1.04
09/16/2022,0.71,0.75,0.8,0.86,1.05
09/15/2022,0.73,0.76,0.82,0.87,1.06
09/14/2022,0.74,0.76,0.83,0.88,1.07
09/13/2022,0.75,0.77,0.84,0.89,1.09
09/12/2022,0.77,0.79,0.85,0.89,1.1
09/09/2022,0.78,0.8,0.86,0.9,1.11
09/08/2022,0.78,0.81,0.87,0.91,1.12
09/07/2022,0.79,0.82,0.89,0.92,1.13
09/06/2022,0.79,0.84,0.9,0.92,1.14
09/02/2022,0.8,0.85,0.91,0.93,1.16
09/01/2022,0.82,0.86,0.92,0.94,1.17
08/31/2022,0.84,0.87,0.93,0.95,1.18
08/30/2022,0.86,0.89,0.93,0.96,1.19
08/29/2022,0.88,0.91,0.94,0.97,1.2
08/26/2022,0.89,0.91,0.95,0.98,1.22
08/25/2022,0.9,0.93,0.95,1.0,1.23
08/24/2022,0.9,0.94,0.96,1.02,1.24
08/23/2022,0.92,0.95,0.96,1.04,1.25
08/22/2022,0.93,0.96,0.96,1.05,1.26
08/19/2022,0.93,0.97,0.97,1.07,1.27
08/18/2022,0.95,0.98,0.98,1.09,1.27
08/17/2022,0.97,0.98,0.98,1.1,1.27
08/16/2022,0.98,0.98,0.99,1.11,1.27
08/15/2022,1.0,0.98,1.0,1.13,1.27
08/12/2022,1.01,0.98,1.02,1.15,1.27
08/11/2022,1.0,0.98,1.04,1.16,1.27
08/10/2022,0.99,0.98,1.05,1.17,1.27
08/09/2022,0.98,0.98,1.08,1.19,1.27
08/08/2022,0.96,0.97,1.1,1.2,1.27
08/05/2022,0.96,0.97,1.12,1.22,1.27
08/04/2022,0.96,0.98,1.14,1.24,1.27
08/03/2022,0.97,0.99,1.16,1.26,1.28
08/02/2022,0.97,1.0,1.18,1.27,1.28
08/01/2022,0.97,1.02,1.2,1.29,1.28
07/29/2022,0.98,1.06,1.23,1.3,1.29
07/28/2022,0.99,1.09,1.25,1.31,1.29
07/27/2022,1.01,1.13,1.27,1.33,1.29
07/26/2022,1.02,1.18,1.29,1.34,1.29
07/25/2022,1.06,1.23,1.32,1.37,1.3
07/22/2022,1.13,1.27,1.35,1.38,1.3
07/21/2022,1.19,1.3,1.38,1.4,1.3
07/20/2022,1.25,1.33,1.39,1.42,1.31
07/19/2022,1.35,1.36,1.41,1.43,1.31
07/18/2022,1.4,1.38,1.42,1.44,1.31
07/15/2022,1.41,1.4,1.42,1.45,1.31
07/14/2022,1.41,1.4,1.42,1.46,1.31
07/13/2022,1.41,1.41,1.43,1.46,1.31
07/12/2022,1.37,1.4,1.42,1.47,1.31
07/11/2022,1.37,1.41,1.43,1.47,1.31
07/08/2022,1.39,1.43,1.44,1.46,1.31
07/07/2022,1.39,1.45,1.45,1.45,1.31
07/06/2022,1.41,1.45,1.46,1.43,1.32
07/05/2022,1.44,1.45,1.47,1.42,1.32
07/01/2022,1.45,1.46,1.47,1.41,1.32
06/30/2022,1.47,1.44,1.48,1.39,1.32
06/29/2022,1.51,1.45,1.49,1.38,1.33
06/28/2022,1.5,1.44,1.49,1.37,1.33
06/27/2022,1.47,1.44,1.5,1.35,1.33
06/24/2022,1.46,1.46,1.5,1.34,1.33
06/23/2022,1.42,1.45,1.48,1.32,1.34
06/22/2022,1.39,1.45,1.44,1.3,1.34
06/21/2022,1.39,1.47,1.43,1.29,1.35
06/17/2022,1.41,1.49,1.41,1.29,1.36
06/16/2022,1.45,1.49,1.38,1.28,1.36
06/15/2022,1.48,1.51,1.36,1.27,1.37
06/14/2022,1.52,1.52,1.35,1.26,1.38
06/13/2022,1.55,1.54,1.33,1.26,1.39
06/10/2022,1.57,1.56,1.31,1.25,1.39
06/09/2022,1.52,1.54,1.28,1.23,1.39
06/08/2022,1.54,1.51,1.25,1.22,1.4
06/07/2022,1.52,1.43,1.23,1.21,1.4
06/06/2022,1.53,1.38,1.21,1.2,1.4
06/03/2022,1.54,1.32,1.19,1.19,1.41
06/02/2022,1.56,1.27,1.18,1.18,1.41
06/01/2022,1.48,1.21,1.15,1.17,1.41
05/31/2022,1.35,1.17,1.13,1.17,1.41
05/27/2022,1.24,1.12,1.11,1.16,1.41
05/26/2022,1.1,1.06,1.09,1.15,1.42
05/25/2022,0.98,1.01,1.08,1.15,1.42
05/24/2022,0.95,1.0,1.08,1.16,1.43
05/23/2022,1.0,1.03,1.1,1.18,1.45
05/20/2022,1.0,1.03,1.11,1.2,1.46
05/19/2022,1.02,1.05,1.12,1.21,1.48
05/18/2022,1.04,1.08,1.14,1.24,1.49
05/17/2022,1.05,1.09,1.15,1.25,1.51
05/16/2022,1.05,1.09,1.16,1.27,1.52
05/13/2022,1.06,1.11,1.18,1.29,1.54
05/12/2022,1.09,1.12,1.2,1.31,1.56
05/11/2022,1.11,1.14,1.22,1.33,1.57
05/10/2022,1.14,1.15,1.24,1.35,1.59
05/09/2022,1.14,1.16,1.26,1.38,1.6
05/06/2022,1.16,1.18,1.28,1.4,1.62
05/05/2022,1.16,1.19,1.29,1.43,1.64
05/04/2022,1.17,1.2,1.31,1.45,1.65
05/03/2022,1.17,1.22,1.33,1.47,1.67
05/02/2022,1.19,1.23,1.35,1.49,1.68
04/29/2022,1.21,1.25,1.38,1.51,1.7
04/28/2022,1.22,1.28,1.4,1.54,1.72
04/27/2022,1.23,1.3,1.42,1.56,1.73
04/26/2022,1.26,1.33,1.45,1.57,1.74
04/25/2022,1.28,1.35,1.49,1.59,1.76
04/22/2022,1.29,1.37,1.51,1.61,1.77
04/21/2022,1.34,1.4,1.55,1.63,1.78
04/20/2022,1.38,1.43,1.58,1.64,1.79
04/19/2022,1.4,1.45,1.6,1.64,1.8
04/18/2022,1.42,1.48,1.62,1.66,1.81
04/14/2022,1.45,1.5,1.65,1.67,1.82
04/13/2022,1.46,1.52,1.67,1.68,1.83
04/12/2022,1.48,1.54,1.68,1.69,1.84
04/11/2022,1.5,1.58,1.7,1.7,1.85
04/08/2022,1.53,1.63,1.71,1.72,1.86
04/07/2022,1.55,1.65,1.72,1.73,1.87
04/06/2022,1.58,1.69,1.74,1.74,1.88
04/05/2022,1.6,1.72,1.74,1.75,1.89
04/04/2022,1.66,1.75,1.74,1.76,1.9
04/01/2022,1.74,1.76,1.75,1.78,1.9
03/31/2022,1.76,1.79,1.75,1.79,1.91
03/30/2022,1.81,1.81,1.76,1.8,1.92
03/29/2022,1.84,1.82,1.77,1.82,1.93
03/28/2022,1.84,1.81,1.77,1.82,1.94
03/25/2022,1.79,1.78,1.76,1.83,1.95
03/24/2022,1.83,1.79,1.77,1.84,1.96
03/23/2022,1.81,1.78,1.77,1.85,1.97
03/22/2022,1.8,1.76,1.77,1.86,1.98
03/21/2022,1.79,1.74,1.77,1.86,1.99
03/18/2022,1.78,1.73,1.78,1.88,1.99
03/17/2022,1.75,1.71,1.79,1.88,2.0
03/16/2022,1.75,1.71,1.8,1.89,2.0
03/15/2022,1.72,1.72,1.81,1.9,2.0
03/14/2022,1.69,1.72,1.83,1.91,2.01
03/11/2022,1.68,1.74,1.85,1.92,2.02
03/10/2022,1.67,1.75,1.86,1.93,2.02
03/09/2022,1.67,1.75,1.88,1.93,2.03
03/08/2022,1.72,1.78,1.9,1.95,2.04
03/07/2022,1.76,1.81,1.93,1.96,2.05
03/04/2022,1.8,1.84,1.95,1.97,2.07
03/03/2022,1.82,1.87,1.97,1.98,2.08
03/02/2022,1.83,1.89,1.98,1.99,2.09
03/01/2022,1.84,1.91,2.0,1.99,2.09
02/28/2022,1.86,1.94,2.01,2.0,2.1
02/25/2022,1.87,1.96,2.01,2.01,2.11
02/24/2022,1.91,1.98,2.02,2.02,2.11
02/23/2022,1.95,2.01,2.03,2.02,2.12
02/22/2022,1.98,2.03,2.03,2.03,2.13
02/18/2022,2.01,2.05,2.04,2.03,2.14
02/17/2022,2.04,2.06,2.04,2.03,2.15
02/16/2022,2.05,2.07,2.04,2.04,2.16
02/15/2022,2.07,2.08,2.04,2.04,2.17
02/14/2022,2.08,2.09,2.03,2.05,2.18
02/11/2022,2.08,2.08,2.03,2.06,2.18
02/10/2022,2.09,2.07,2.03,2.07,2.19
02/09/2022,2.09,2.06,2.03,2.08,2.19
02/08/2022,2.1,2.05,2.03,2.09,2.2
02/07/2022,2.1,2.03,2.03,2.1,2.2
02/04/2022,2.08,2.03,2.02,2.11,2.21
02/03/2022,2.05,2.01,2.02,2.11,2.22
02/02/2022,2.03,2.0,2.02,2.11,2.22
02/01/2022,2.0,1.99,2.02,2.1,2.22
01/31/2022,1.97,1.98,2.04,2.1,2.23
01/28/2022,1.97,1.98,2.05,2.1,2.24
01/27/2022,1.98,1.99,2.07,2.11,2.25
01/26/2022,1.98,2.0,2.09,2.12,2.26
01/25/2022,1.99,2.01,2.11,2.13,2.27
01/24/2022,1.98,2.02,2.13,2.13,2.28
01/21/2022,1.99,2.02,2.15,2.14,2.29
01/20/2022,2.01,2.02,2.16,2.16,2.3
01/19/2022,2.03,2.04,2.16,2.18,2.31
01/18/2022,2.04,2.05,2.16,2.19,2.32
01/14/2022,2.06,2.1,2.16,2.2,2.34
01/13/2022,2.04,2.12,2.16,2.2,2.35
01/12/2022,2.04,2.16,2.17,2.21,2.36
01/11/2022,2.05,2.18,2.17,2.21,2.37
01/10/2022,2.07,2.21,2.18,2.22,2.39
01/07/2022,2.14,2.25,2.19,2.24,2.4
01/06/2022,2.2,2.27,2.21,2.26,2.41
01/05/2022,2.27,2.29,2.23,2.27,2.41
01/04/2022,2.3,2.28,2.25,2.28,2.42
01/03/2022,2.35,2.26,2.26,2.29,2.42
12/31/2021,2.35,2.23,2.25,2.3,2.43
12/30/2021,2.35,2.21,2.24,2.3,2.43
12/29/2021,2.31,2.18,2.23,2.3,2.44
12/28/2021,2.26,2.17,2.23,2.31,2.45
12/27/2021,2.18,2.15,2.23,2.31,2.46
12/23/2021,2.1,2.14,2.24,2.31,2.47
12/22/2021,2.06,2.14,2.25,2.31,2.48
12/21/2021,2.06,2.17,2.26,2.32,2.49
12/20/2021,2.07,2.22,2.28,2.33,2.5
12/17/2021,2.12,2.25,2.31,2.35,2.52
12/16/2021,2.17,2.27,2.33,2.36,2.54
12/15/2021,2.22,2.28,2.35,2.37,2.56
12/14/2021,2.29,2.28,2.37,2.39,2.57
12/13/2021,2.37,2.3,2.38,2.4,2.59
12/10/2021,2.38,2.31,2.38,2.41,2.61
12/09/2021,2.37,2.34,2.4,2.42,2.63
12/08/2021,2.34,2.35,2.39,2.43,2.65
12/07/2021,2.28,2.35,2.4,2.43,2.66
12/06/2021,2.23,2.35,2.39,2.44,2.68
12/03/2021,2.24,2.37,2.39,2.45,2.73
12/02/2021,2.3,2.4,2.4,2.47,2.77
12/01/2021,2.37,2.42,2.42,2.5,2.81
11/30/2021,2.43,2.45,2.44,2.52,2.85
11/29/2021,2.47,2.46,2.45,2.54,2.89
11/26/2021,2.5,2.46,2.46,2.55,2.93
11/24/2021,2.49,2.45,2.46,2.56,2.97
11/23/2021,2.48,2.43,2.47,2.56,3.01
11/22/2021,2.47,2.44,2.48,2.55,3.05
11/19/2021,2.44,2.42,2.48,2.55,3.09
11/18/2021,2.42,2.42,2.5,2.55,3.13
11/17/2021,2.42,2.4,2.51,2.56,3.17
11/16/2021,2.38,2.41,2.53,2.57,3.21
11/15/2021,2.41,2.43,2.55,2.58,3.25
11/12/2021,2.4,2.45,2.58,2.6,3.29
11/11/2021,2.41,2.46,2.6,2.62,3.33
11/10/2021,2.39,2.47,2.61,2.64,3.37
11/09/2021,2.44,2.51,2.62,2.65,3.42
11/08/2021,2.45,2.51,2.61,2.66,3.44
11/05/2021,2.5,2.54,2.61,2.68,3.49
11/04/2021,2.51,2.57,2.62,2.69,0.0
11/03/2021,2.56,2.62,2.64,2.72,0.0
11/02/2021,2.58,2.65,2.65,2.74,0.0
11/01/2021,2.57,2.67,2.65,2.76,0.0
10/29/2021,2.59,2.7,2.67,2.78,0.0
10/28/2021,2.64,2.75,2.7,2.81,0.0
10/27/2021,2.68,2.74,2.72,2.83,0.0
10/26/2021,2.73,2.73,2.73,2.86,0.0
10/25/2021,2.77,2.71,2.74,2.89,0.0
10/22/2021,2.81,2.68,2.74,2.93,0.0
10/21/2021,2.85,2.66,2.75,3.0,0.0
10/20/2021,2.81,2.65,2.77,3.07,0.0
10/19/2021,2.74,2.64,2.79,3.13,0.0
10/18/2021,2.64,2.64,2.81,3.19,0.0
10/15/2021,2.56,2.64,2.82,3.25,0.0
10/14/2021,2.47,2.66,2.84,3.31,0.0
10/13/2021,2.5,2.7,2.88,3.39,0.0
10/12/2021,2.54,2.72,2.93,3.47,0.0
10/11/2021,2.63,2.77,2.98,3.55,0.0
10/08/2021,2.72,2.8,3.05,3.63,0.0
10/07/2021,2.84,2.84,3.17,3.71,0.0
10/06/2021,2.9,2.89,3.28,3.78,0.0
10/05/2021,2.89,2.94,3.37,3.85,0.0
10/04/2021,2.91,2.97,3.46,3.92,0.0
10/01/2021,2.88,3.01,3.56,3.98,0.0
09/30/2021,2.84,3.03,3.64,4.03,0.0
09/29/2021,2.88,3.06,3.73,4.11,0.0
09/28/2021,2.98,3.14,3.84,4.18,0.0
09/27/2021,3.03,3.2,3.94,4.22,0.0
09/24/2021,3.14,3.31,4.04,4.3,0.0
09/23/2021,3.21,3.49,4.14,0.0,0.0
09/22/2021,3.25,3.66,4.22,0.0,0.0
09/21/2021,3.3,3.81,4.31,0.0,0.0
09/20/2021,3.36,3.95,4.4,0.0,0.0
09/17/2021,3.47,4.11,4.47,0.0,0.0
09/16/2021,3.77,4.26,4.54,0.0,0.0
09/15/2021,4.08,4.4,4.63,0.0,0.0
09/14/2021,4.32,4.55,4.7,0.0,0.0
09/13/2021,4.54,4.68,4.74,0.0,0.0
09/10/2021,4.75,4.78,4.8,0.0,0.0
09/09/2021,4.75,4.79,0.0,0.0,0.0
09/08/2021,4.73,4.78,0.0,0.0,0.0
09/07/2021,4.77,4.82,0.0,0.0,0.0
09/03/2021,4.81,4.84,0.0,0.0,0.0
09/02/2021,4.81,4.83,0.0,0.0,0.0
09/01/2021,4.82,4.81,0.0,0.0,0.0
08/31/2021,4.83,4.86,0.0,0.0,0.0
08/30/2021,4.86,4.84,0.0,0.0,0.0
08/27/2021,4.87,4.8,0.0,0.0,0.0
08/26/2021,4.84,4.81,0.0,0.0,0.0
08/25/2021,4.81,0.0,0.0,0.0,0.0
08/24/2021,4.89,0.0,0.0,0.0,0.0
08/23/2021,4.83,0.0,0.0,0.0,0.0
08/20/2021,4.73,0.0,0.0,0.0,0.0
08/19/2021,4.78,0.0,0.0,0.0,0.0
08/18/2021,0.0,0.0,0.0,0.0,0.0
08/17/2021,0.0,0.0,0.0,0.0,0.0
08/16/2021,0.0,0.0,0.0,0.0,0.0
08/13/2021,0.0,0.0,0.0,0.0,0.0
