12/26/2022,0.8089283033742855,2.75,4.367,1.132
12/19/2022,0.9726098909634838,2.89,4.835,0.944
12/12/2022,1.148971279014406,3.07,5.367,0.772
12/05/2022,1.2163778195938957,3.23,5.662,0.797
11/28/2022,1.2547111221313056,3.38,5.889,0.87
11/21/2022,1.271442094631132,3.51,6.052,0.967
11/14/2022,1.246130009268696,3.63,6.122,1.137
11/07/2022,1.2154176236997718,3.75,6.18,1.319
10/31/2022,1.1950585759702326,3.86,6.25,1.469
10/24/2022,1.1106912262190605,3.97,6.191,1.748
10/17/2022,1.0355723055393091,4.1,6.171,2.028
10/10/2022,0.9660797068565306,4.27,6.202,2.337
10/03/2022,0.8804941794242594,4.45,6.21,2.689
09/26/2022,0.8148650194970943,4.55,6.179,2.92
09/19/2022,0.7346359642707401,4.66,6.129,3.19
09/12/2022,0.642316121547638,4.71,5.994,3.425
09/05/2022,0.5468500708603776,4.77,5.863,3.676
08/29/2022,0.5100833265261667,4.81,5.83,3.789
08/22/2022,0.4669100555781595,4.87,5.803,3.936
08/15/2022,0.45970642806034373,4.93,5.849,4.01
08/08/2022,0.4733127929815546,4.97,5.916,4.023
08/01/2022,0.49753391844174805,4.99,5.985,3.994
07/25/2022,0.5291077395011341,5.01,6.068,3.951
07/18/2022,0.5588828141927429,5.04,6.157,3.922
07/11/2022,0.6085433427456092,5.09,6.307,3.872
07/04/2022,0.7264261834488073,5.2,6.652,3.747
06/27/2022,0.7689408299732822,5.3,6.837,3.762
06/20/2022,1.0346158707462396,5.51,7.579,3.44
06/13/2022,1.173518214600864,5.68,8.027,3.332
06/06/2022,1.2067228347885026,5.86,8.273,3.446
05/30/2022,1.2549183240354727,6.02,8.529,3.51
05/23/2022,1.333604139165742,6.16,8.827,3.492
05/16/2022,1.4161373520954808,6.3,9.132,3.467
05/09/2022,1.517291995629055,6.51,9.544,3.475
05/02/2022,1.6071372063392722,6.73,9.944,3.515
04/25/2022,1.6034743527727533,7.0,10.206,3.793
04/18/2022,1.579825939779443,7.26,10.419,4.1
04/11/2022,1.5003366288936626,7.46,10.46,4.459
04/04/2022,1.4654777378042971,7.69,10.62,4.759
03/28/2022,1.4453926802083925,7.92,10.81,5.029
03/21/2022,1.484723880053123,8.19,11.159,5.22
03/14/2022,1.4817843972724238,8.45,11.413,5.486
03/07/2022,1.6323648489231812,8.76,12.024,5.495
02/28/2022,1.6427142173853613,9.08,12.365,5.794
02/21/2022,1.7254303810933664,9.43,12.88,5.979
02/14/2022,1.7242940584482682,9.69,13.138,6.241
02/07/2022,1.7028667005963796,10.0,13.405,6.594
01/31/2022,1.9204712963228585,10.29,14.13,6.449
01/24/2022,1.9016966109240452,10.49,14.293,6.686
01/17/2022,1.7990539180358103,10.62,14.218,7.021
01/10/2022,1.6921007653210254,10.75,14.134,7.365
01/03/2022,1.5900770421586496,10.87,14.05,7.689
12/27/2021,1.4965326591825518,10.96,13.953,7.966
12/20/2021,1.4490151828052045,11.02,13.918,8.121
12/13/2021,1.4025102495169153,11.11,13.915,8.304
12/06/2021,1.3591008056799907,11.21,13.928,8.491
11/29/2021,1.3147147979695064,11.33,13.959,8.7
11/22/2021,1.1870383313103245,11.5,13.874,9.125
11/15/2021,1.1242419668381,11.65,13.898,9.401
11/08/2021,1.0852488193958103,11.79,13.96,9.619
11/01/2021,1.2059850745345069,11.96,14.371,9.548
10/25/2021,1.2268598126925505,12.09,14.543,9.636
10/18/2021,1.3157697366940768,12.18,14.811,9.548
10/11/2021,1.352231489057994,12.26,14.964,9.555
10/04/2021,1.4038500632190034,12.31,15.117,9.502
09/27/2021,1.453920561791462,12.4,15.307,9.492
09/20/2021,1.4581426542008844,12.42,15.336,9.503
09/13/2021,1.412600438906912,12.38,15.205,9.554
09/06/2021,1.6183278407047197,12.56,15.796,9.323
08/30/2021,1.7275633128774184,12.85,16.305,9.394
08/23/2021,1.8419717695990894,13.16,16.843,9.476
08/16/2021,1.7753858735497479,13.38,16.93,9.829
08/09/2021,1.644893613581134,13.6,16.889,10.31
08/02/2021,1.46988434919214,13.77,16.709,10.83
07/26/2021,1.502045272287091,14.06,17.064,11.055
07/19/2021,1.5027192019801972,14.33,17.335,11.324
07/12/2021,1.4293197682814018,14.5,17.358,11.641
07/05/2021,1.3298670046286583,14.64,17.299,11.98
06/28/2021,1.243147718495272,14.78,17.266,12.293
06/21/2021,1.1680908569113961,14.91,17.246,12.573
06/14/2021,1.19634704413059,15.01,17.402,12.617
06/07/2021,1.1742385830826716,15.03,17.378,12.681
05/31/2021,1.291789940354081,14.94,17.523,12.356
05/24/2021,1.418633585532219,14.86,17.697,12.022
05/17/2021,1.5684598337222408,14.73,17.866,11.593
05/10/2021,1.598071494020214,14.69,17.886,11.493
05/03/2021,1.587985358874571,14.7,17.875,11.524
04/26/2021,1.620253838137716,14.67,17.91,11.429
04/19/2021,1.6955168828413356,14.46,17.851,11.068
04/12/2021,1.724729688965781,14.25,17.699,10.8
04/05/2021,1.6745424748270792,14.02,17.369,10.67
03/29/2021,1.7444576521085284,13.86,17.348,10.371
03/22/2021,1.8572930571129584,13.66,17.374,9.945
03/15/2021,2.019749365639212,13.47,17.509,9.43
03/08/2021,1.9458963230347088,13.16,17.051,9.268
03/01/2021,1.7950285513049649,12.87,16.46,9.279
02/22/2021,1.7269315273050059,12.63,16.083,9.176
02/15/2021,1.6641818560481905,12.45,15.778,9.121
02/08/2021,1.5286599523765905,12.29,15.347,9.232
02/01/2021,1.3989268208165861,12.03,14.827,9.232
01/25/2021,1.0580790376904743,11.73,13.846,9.613
01/18/2021,0.9371932831598827,11.65,13.524,9.775
01/11/2021,0.9443999417619635,11.66,13.548,9.771
01/04/2021,1.0636687689313813,11.75,13.877,9.622
12/28/2020,1.1620482993404364,11.86,14.184,9.535
12/21/2020,1.1583997582872678,11.86,14.176,9.543
12/14/2020,1.4033709416971696,11.98,14.786,9.173
12/07/2020,1.623160497301484,12.13,15.376,8.883
11/30/2020,1.7074806001826202,12.26,15.674,8.845
11/23/2020,1.8103286994355474,12.41,16.03,8.789
11/16/2020,1.9986457915298548,12.61,16.607,8.612
11/09/2020,1.99089929428889,12.71,16.691,8.728
11/02/2020,1.9480811071410757,12.77,16.666,8.873
10/26/2020,1.8442234137977969,12.9,16.588,9.211
10/19/2020,1.7759110338077186,12.98,16.531,9.428
10/12/2020,1.726008400906554,13.05,16.502,9.597
10/05/2020,1.7316177407268614,13.05,16.513,9.586
09/28/2020,1.763689315043894,13.02,16.547,9.492
09/21/2020,1.8991330258831265,12.9,16.698,9.101
09/14/2020,2.143325978473643,12.77,17.056,8.483
09/07/2020,2.464385572510925,12.59,17.518,7.661
08/31/2020,2.8646040302282616,12.27,17.999,6.54
08/24/2020,3.185260782102464,11.93,18.3,5.559
08/17/2020,3.440313394154666,11.51,18.39,4.629
08/10/2020,3.709692878123471,11.04,18.459,3.62
08/03/2020,3.885157815327455,10.65,18.42,2.879
07/27/2020,3.9005437120996347,10.1,17.901,2.298
07/20/2020,3.8442543165092498,9.55,17.238,1.861
07/13/2020,3.7303526978021795,9.12,16.58,1.659
07/06/2020,3.4938476283318365,8.73,15.717,1.742
06/29/2020,3.0304217940742175,8.32,14.38,2.259
06/22/2020,2.795007379238917,8.06,13.65,2.469
06/15/2020,2.6442610026243627,7.88,13.168,2.591
06/08/2020,2.4206055544016256,7.65,12.491,2.808
06/01/2020,2.206492975289067,7.49,11.902,3.077
05/25/2020,1.9300314116614785,7.32,11.18,3.459
05/18/2020,1.7967251459252191,7.23,10.823,3.636
05/11/2020,1.6476900497362967,7.13,10.425,3.834
05/04/2020,1.5691721543540085,7.06,10.198,3.921
04/27/2020,1.6042529414029447,7.11,10.318,3.901
04/20/2020,1.6233306810382166,7.19,10.436,3.943
04/13/2020,1.6021243709525175,7.29,10.494,4.085
04/06/2020,1.5698097018428698,7.39,10.529,4.25
03/30/2020,1.5096667678663394,7.49,10.509,4.47
03/23/2020,1.3497865572008043,7.64,10.339,4.94
03/16/2020,1.22842327802757,7.76,10.216,5.303
03/09/2020,1.0441401965253516,7.88,9.968,5.791
03/02/2020,0.7695769941987611,7.99,9.529,6.45
02/24/2020,0.7091006628117055,8.02,9.438,6.601
02/17/2020,0.7236185113718416,8.01,9.457,6.562
02/10/2020,0.7584713244414716,7.95,9.466,6.433
02/03/2020,0.7760500950325309,7.89,9.442,6.337
01/27/2020,0.7914440915187883,7.83,9.412,6.247
01/20/2020,0.7908879503444215,7.82,9.401,6.238
01/13/2020,0.7536237456450003,7.78,9.287,6.272
01/06/2020,0.6650930386043746,7.71,9.04,6.379
12/30/2019,0.6053129355961262,7.66,8.87,6.449
12/23/2019,0.5653560824825359,7.63,8.76,6.499
12/16/2019,0.6106369625235603,7.66,8.881,6.438
12/09/2019,1.3826500822695527,7.89,10.655,5.124
12/02/2019,1.9141019434711413,8.17,11.998,4.341
11/25/2019,2.1911575137356056,8.43,12.812,4.047
11/18/2019,2.4772103766131774,8.74,13.694,3.785
11/11/2019,2.621773254879224,9.01,14.253,3.766
11/04/2019,2.737068687483016,9.28,14.754,3.805
10/28/2019,2.9439777512746255,9.62,15.507,3.732
10/21/2019,3.064183414875813,10.0,16.128,3.871
10/14/2019,3.144732103057429,10.38,16.669,4.09
10/07/2019,3.1421179163105895,10.77,17.054,4.485
09/30/2019,3.1082084872157463,11.15,17.366,4.933
09/23/2019,3.0714825410540754,11.56,17.702,5.417
09/16/2019,3.0348813815370117,12.0,18.069,5.93
09/09/2019,3.124132679640863,12.58,18.828,6.331
09/02/2019,3.0383276650157405,12.99,19.066,6.913
08/26/2019,2.879768219839923,13.38,19.139,7.62
08/19/2019,2.615007648172372,13.78,19.01,8.549
08/12/2019,2.275260424654725,14.15,18.7,9.599
08/05/2019,1.8313860870935978,14.51,18.172,10.847
07/29/2019,1.3559019138566033,14.89,17.601,12.178
07/22/2019,1.3265575750791971,15.02,17.673,12.366
07/15/2019,1.320901207509479,15.12,17.761,12.478
07/08/2019,1.2615050534976069,15.28,17.803,12.756
07/01/2019,1.2393929965914767,15.42,17.898,12.941
06/24/2019,1.135970950332798,15.61,17.881,13.338
06/17/2019,0.9895781929691053,15.8,17.779,13.82
06/10/2019,0.9794769012079866,15.91,17.868,13.951
06/03/2019,0.9297929877128563,16.01,17.869,14.15
05/27/2019,0.8842171678948559,16.1,17.868,14.331
05/20/2019,0.8317691987564818,16.13,17.793,14.466
05/13/2019,0.7403343839104055,16.2,17.68,14.719
05/06/2019,0.7041413210428712,16.24,17.648,14.831
04/29/2019,0.8508348840991415,16.15,17.851,14.448
04/22/2019,0.66891329781968,16.05,17.387,14.712
04/15/2019,0.6679970059813142,16.05,17.385,14.714
04/08/2019,0.7394322146079383,16.13,17.608,14.651
04/01/2019,0.787238845586268,16.22,17.794,14.645
03/25/2019,0.9138572098528304,16.37,18.197,14.542
03/18/2019,0.9496236096475277,16.5,18.399,14.6
03/11/2019,1.103947462518031,16.63,18.837,14.422
03/04/2019,1.1704763987368563,16.76,19.1,14.419
02/25/2019,1.2807985790123284,16.93,19.491,14.368
02/18/2019,1.3659868227768523,17.07,19.801,14.338
02/11/2019,1.689797325125117,17.33,20.709,13.95
02/04/2019,2.1501918519053134,17.66,21.96,13.359
01/28/2019,2.3849004172082324,17.96,22.729,13.19
01/21/2019,2.6350540791414514,18.27,23.54,12.999
01/14/2019,2.6921450555272837,18.53,23.914,13.145
01/07/2019,2.732051427041592,18.79,24.254,13.325
12/31/2018,2.6774801586566426,19.14,24.494,13.785
12/24/2018,2.5660134450154386,19.32,24.452,14.187
12/17/2018,2.457152823900052,19.5,24.414,14.585
12/10/2018,2.2675879255279168,19.6,24.135,15.064
12/03/2018,2.291574786036886,19.58,24.163,14.996
11/26/2018,2.26419411711982,19.6,24.128,15.071
11/19/2018,2.3303293758608463,19.54,24.2,14.879
11/12/2018,2.402613160706484,19.48,24.285,14.674
11/05/2018,2.558070561966577,19.32,24.436,14.203
10/29/2018,2.6975044022206895,19.18,24.575,13.784
10/22/2018,2.7815975625528577,19.03,24.593,13.466
10/15/2018,2.8574665352371147,18.9,24.614,13.185
10/08/2018,2.962255053164734,18.7,24.624,12.775
10/01/2018,3.060020424768436,18.49,24.61,12.369
09/24/2018,3.107218209266932,18.11,24.324,11.895
09/17/2018,2.9439777512746255,17.67,23.557,11.782
09/10/2018,2.8692638428698047,17.2,22.938,11.461
09/03/2018,2.620943532394393,16.71,21.951,11.468
08/27/2018,2.433523166111225,16.32,21.187,11.452
08/20/2018,2.1691150269176593,15.92,20.258,11.581
08/13/2018,1.7362675485074297,15.49,18.962,12.017
08/06/2018,1.5251065536545307,15.2,18.25,12.149
07/30/2018,1.14569411275436,14.92,17.211,12.628
07/23/2018,1.1168907735315932,14.87,17.103,12.636
07/16/2018,1.0869613608587936,14.83,17.003,12.656
07/09/2018,1.0044550761482567,14.75,16.758,12.741
07/02/2018,0.9338923920880821,14.67,16.537,12.802
06/25/2018,0.8766840936163951,14.57,16.323,12.816
06/18/2018,0.8964987451190325,14.46,16.252,12.667
06/11/2018,0.9122472252629765,14.37,16.194,12.545
06/04/2018,0.8358319209027614,14.25,15.921,12.578
05/28/2018,0.7563663133693885,14.11,15.622,12.597
05/21/2018,0.7500999933342221,13.99,15.49,12.489
05/14/2018,0.7496765969403074,13.87,15.369,12.37
05/07/2018,1.0524447728978465,13.69,15.794,11.585
04/30/2018,1.1773699503554522,13.52,15.874,11.165
04/23/2018,1.3372658673577218,13.39,16.064,10.715
04/16/2018,1.431600502933692,13.27,16.133,10.406
04/09/2018,1.4727525250360294,13.15,16.095,10.204
04/02/2018,1.4899345623214464,13.07,16.049,10.09
03/26/2018,1.511338810459124,12.99,16.012,9.967
03/19/2018,1.541012654068746,12.89,15.972,9.807
03/12/2018,1.5236141243766417,12.79,15.837,9.742
03/05/2018,1.4384436033435586,12.65,15.526,9.773
02/26/2018,1.2778888840583913,12.47,15.025,9.914
02/19/2018,1.1351761977772439,12.32,14.59,10.049
02/12/2018,0.9875246832358168,12.16,14.135,10.184
02/05/2018,0.8949217842917896,12.08,13.869,10.29
01/29/2018,0.8599040644164908,12.05,13.769,10.33
01/22/2018,0.8116865158421693,11.97,13.593,10.346
01/15/2018,0.7161249890905917,11.89,13.322,10.457
01/08/2018,0.6455811335533282,11.83,13.121,10.538
01/01/2018,0.6022250409938134,11.79,12.994,10.585
12/25/2017,0.5629875664701666,11.75,12.875,10.624
12/18/2017,0.4788423540164345,11.82,12.777,10.862
12/11/2017,0.4522499309010454,11.87,12.774,10.965
12/04/2017,0.3681711558501023,11.96,12.696,11.223
11/27/2017,0.3206711711395338,12.04,12.681,11.398
11/20/2017,0.31034658045482016,12.09,12.71,11.469
11/13/2017,0.3428556547586756,12.13,12.815,11.444
11/06/2017,0.3659029926086969,12.17,12.901,11.438
10/30/2017,0.33035586872341166,12.22,12.88,11.559
10/23/2017,0.3297423236407483,12.23,12.889,11.57
10/16/2017,0.3696079003484638,12.19,12.929,11.45
10/09/2017,0.36979724174201184,12.2,12.939,11.46
10/02/2017,0.37409891740019763,12.2,12.948,11.451
09/25/2017,0.41589662177036235,12.18,13.011,11.348
09/18/2017,0.4267610572674126,12.13,12.983,11.276
09/11/2017,0.5119326127528893,12.04,13.063,11.016
09/04/2017,1.43802120985749,11.75,14.626,8.873
08/28/2017,1.9196223586945427,11.44,15.279,7.6
08/21/2017,2.334050127996398,11.1,15.768,6.431
08/14/2017,2.607993481586946,10.77,15.985,5.554
08/07/2017,2.8126126644100857,10.46,16.085,4.834
07/31/2017,2.982064720960965,10.15,16.114,4.185
07/24/2017,3.099007099056083,9.83,16.028,3.631
07/17/2017,3.164396466942788,9.49,15.818,3.161
07/10/2017,3.195800369234599,9.14,15.531,2.748
07/03/2017,3.1932013716644927,8.79,15.176,2.403
06/26/2017,3.1206185284331056,8.44,14.681,2.198
06/19/2017,2.9854991207501635,8.11,14.08,2.139
06/12/2017,2.8327071857147534,7.81,13.475,2.144
06/05/2017,2.65083948967115,7.55,12.851,2.248
05/29/2017,2.494375673390037,7.34,12.328,2.351
05/22/2017,2.220350197603973,7.12,11.56,2.679
05/15/2017,1.9555216695296427,6.93,10.841,3.018
05/08/2017,1.7195813443975254,6.78,10.219,3.34
05/01/2017,1.365020146371474,6.61,9.34,3.879
04/24/2017,1.1483901775964473,6.53,8.826,4.233
04/17/2017,1.2725702338181575,6.69,9.235,4.144
04/10/2017,1.3002192122869127,6.81,9.41,4.209
04/03/2017,1.3105132582312933,6.98,9.601,4.358
03/27/2017,1.3288660579606961,7.14,9.797,4.482
03/20/2017,1.3054788393535914,7.27,9.88,4.659
03/13/2017,1.2552589374308394,7.37,9.88,4.859
03/06/2017,1.1939283898123874,7.48,9.867,5.092
02/27/2017,1.1203146879337074,7.6,9.84,5.359
02/20/2017,1.0404806581575652,7.77,9.85,5.689
02/13/2017,0.9410100955887775,7.95,9.832,6.067
02/06/2017,0.8914734993256951,8.16,9.942,6.377
01/30/2017,0.8956282711035868,8.36,10.151,6.568
01/23/2017,0.8483307138138992,8.53,10.226,6.833
01/16/2017,0.8146134052420203,8.68,10.309,7.05
01/09/2017,0.8314806071099913,8.83,10.492,7.167
01/02/2017,0.8408240006089264,8.93,10.611,7.248
12/26/2016,0.8287038071591079,9.02,10.677,7.362
12/19/2016,0.8218211484258602,9.03,10.673,7.386
12/12/2016,0.8178966927430381,9.03,10.665,7.394
12/05/2016,0.8429739023243839,8.98,10.665,7.294
11/28/2016,0.9500710499746846,8.87,10.77,6.969
11/21/2016,1.0446147615269468,8.8,10.889,6.71
11/14/2016,1.1634925869983013,8.69,11.016,6.363
11/07/2016,1.2571614852515964,8.57,11.084,6.055
10/31/2016,1.295883868253633,8.51,11.101,5.918
10/24/2016,1.3090855587011874,8.5,11.118,5.881
10/17/2016,1.3005095155361224,8.52,11.121,5.918
10/10/2016,1.2976305329330071,8.56,11.155,5.964
10/03/2016,1.2974686894102685,8.56,11.154,5.965
09/26/2016,1.2918804124221404,8.55,11.133,5.966
09/19/2016,1.253628732918961,8.48,10.987,5.972
09/12/2016,1.1872910342456056,8.4,10.774,6.025
09/05/2016,1.1322985472038722,8.34,10.604,6.075
08/29/2016,1.078445640725577,8.26,10.416,6.103
08/22/2016,0.9670884137450928,8.13,10.064,6.195
08/15/2016,0.8672254608808484,8.04,9.774,6.305
08/08/2016,0.7805126520435143,7.96,9.521,6.398
08/01/2016,0.7744675590365293,7.94,9.488,6.391
07/25/2016,0.7727256951855555,7.94,9.485,6.394
07/18/2016,0.7737086014773262,7.94,9.487,6.392
07/11/2016,0.7423341565629322,8.01,9.494,6.525
07/04/2016,0.7072906050556589,8.11,9.524,6.695
06/27/2016,0.6343697659882601,8.25,9.518,6.981
06/20/2016,0.5641675283105189,8.41,9.538,7.281
06/13/2016,0.5221637674140174,8.52,9.564,7.475
06/06/2016,0.4558453685187555,8.58,9.491,7.668
05/30/2016,0.463281771711342,8.57,9.496,7.643
05/23/2016,0.45874829699956376,8.55,9.467,7.632
05/16/2016,0.4705581791872287,8.57,9.511,7.628
05/09/2016,0.4983322185048845,8.6,9.596,7.603
05/02/2016,0.5327194383538112,8.64,9.705,7.574
04/25/2016,0.5381960609294721,8.66,9.736,7.583
04/18/2016,0.5607049134794523,8.69,9.811,7.568
04/11/2016,0.6220369763928829,8.78,10.024,7.535
04/04/2016,0.7243134680509538,8.92,10.368,7.471
03/28/2016,0.7742932261101088,9.04,10.588,7.491
03/21/2016,0.7642218264352307,9.12,10.648,7.591
03/14/2016,0.8003811591985408,9.1,10.7,7.499
03/07/2016,0.8371797895314959,9.07,10.744,7.395
02/29/2016,0.9400398927705141,9.01,10.89,7.129
02/22/2016,1.1344007228488528,8.9,11.168,6.631
02/15/2016,1.2830393602692007,8.76,11.326,6.193
02/08/2016,1.4883161626482457,8.57,11.546,5.593
02/01/2016,1.6565883616638142,8.33,11.643,5.016
01/25/2016,1.7706877195033572,8.12,11.661,4.578
01/18/2016,1.8790995183863999,7.96,11.718,4.201
01/11/2016,1.9823962772362138,7.8,11.764,3.835
01/04/2016,2.05078155833331,7.63,11.731,3.528
12/28/2015,2.1214688307868204,7.41,11.652,3.167
12/21/2015,2.1689179329794848,7.16,11.497,2.822
12/14/2015,2.1712220061522958,6.92,11.262,2.577
12/07/2015,2.1549663570459745,6.72,11.029,2.41
11/30/2015,2.133411587106435,6.46,10.726,2.193
11/23/2015,1.9701789258846516,6.26,10.2,2.319
11/16/2015,1.6780211560048937,6.03,9.386,2.673
11/09/2015,1.3342600945842606,5.82,8.488,3.151
11/02/2015,0.9877398442909955,5.65,7.625,3.674
10/26/2015,0.8995054196612715,5.59,7.389,3.79
10/19/2015,0.7838175808183943,5.52,7.087,3.952
10/12/2015,0.7561018449917973,5.51,7.022,3.997
10/05/2015,0.765816557669002,5.52,7.051,3.988
09/28/2015,0.7702434680021635,5.52,7.06,3.979
09/21/2015,0.788882120471747,5.58,7.157,4.002
09/14/2015,0.7814281796812806,5.63,7.192,4.067
09/07/2015,0.77584470095503,5.66,7.211,4.108
08/31/2015,0.77517094888805,5.71,7.26,4.159
08/24/2015,0.7600065789188932,5.74,7.26,4.219
08/17/2015,0.7511923854779147,5.76,7.262,4.257
08/10/2015,0.7064736371585283,5.83,7.242,4.417
08/03/2015,0.6334942777957824,5.92,7.186,4.653
07/27/2015,0.5662640726728122,6.02,7.152,4.887
07/20/2015,0.5272523115169813,6.1,7.154,5.045
07/13/2015,0.308139578762612,6.23,6.846,5.613
07/06/2015,0.3247075607373502,6.27,6.919,5.62
06/29/2015,0.33679370540436177,6.3,6.973,5.626
06/22/2015,0.4354710093680176,6.23,7.1,5.359
06/15/2015,0.5111995696398814,6.16,7.182,5.137
06/08/2015,0.6128376620280448,6.07,7.295,4.844
06/01/2015,0.6262188115986297,6.02,7.272,4.767
05/25/2015,0.6408861053260556,5.94,7.221,4.658
05/18/2015,0.6397069641640617,5.91,7.189,4.63
05/11/2015,0.6441389601631002,5.92,7.208,4.631
05/04/2015,0.6546029330823382,5.93,7.239,4.62
04/27/2015,0.6753221453499064,5.97,7.32,4.619
04/20/2015,0.6748036751530033,5.97,7.319,4.62
04/13/2015,0.6737655378542302,5.96,7.307,4.612
04/06/2015,0.6703730304837748,5.97,7.31,4.629
03/30/2015,0.6656124998826269,5.98,7.311,4.648
03/23/2015,0.6661531355476757,5.99,7.322,4.657
03/16/2015,0.6757995264869605,6.0,7.351,4.648
03/09/2015,0.6990064377385948,6.02,7.418,4.621
03/02/2015,0.6967280674696549,6.02,7.413,4.626
02/23/2015,0.8500294112558694,6.1,7.8,4.399
02/16/2015,0.8983596161894188,6.14,7.936,4.343
02/09/2015,0.9962303950392197,6.21,8.202,4.217
02/02/2015,0.9602265357716374,6.29,8.21,4.369
01/26/2015,0.9272674910725598,6.4,8.254,4.545
01/19/2015,0.8750457130916074,6.56,8.31,4.809
01/12/2015,0.8551812673345924,6.67,8.38,4.959
01/05/2015,0.8022873550044272,6.8,8.404,5.195
12/29/2014,0.8047981113297916,6.92,8.529,5.31
12/22/2014,0.8210085261433036,7.0,8.642,5.357
12/15/2014,0.8433949252870802,7.06,8.746,5.373
12/08/2014,0.8634292096055123,7.13,8.856,5.403
12/01/2014,0.8492526125953336,7.24,8.938,5.541
11/24/2014,1.0062380434072247,7.46,9.472,5.447
11/17/2014,1.1431819627688322,7.69,9.976,5.403
11/10/2014,1.4481384602309268,8.01,10.906,5.113
11/03/2014,1.614334228095285,8.3,11.528,5.071
10/27/2014,1.7442032565042414,8.57,12.058,5.081
10/20/2014,1.8915113005213582,8.84,12.623,5.056
10/13/2014,1.8798563774927062,9.08,12.839,5.32
10/06/2014,1.902360375954041,9.19,12.994,5.385
09/29/2014,1.880115687929868,9.33,13.09,5.569
09/22/2014,1.8660680587802794,9.42,13.152,5.687
09/15/2014,1.7519346448997464,9.6,13.103,6.096
09/08/2014,1.6890677902322335,9.8,13.178,6.421
09/01/2014,1.6728374099116747,10.0,13.345,6.654
08/25/2014,1.651285862593149,10.24,13.542,6.937
08/18/2014,1.5726029378072521,10.45,13.595,7.304
08/11/2014,1.5220758850990315,10.65,13.694,7.605
08/04/2014,1.4074267298868526,10.86,13.674,8.045
07/28/2014,1.3132745333706886,11.1,13.726,8.473
07/21/2014,1.1883076201051643,11.36,13.736,8.983
07/14/2014,1.0129387938074048,11.61,13.635,9.584
07/07/2014,1.0739809123071042,11.8,13.947,9.652
06/30/2014,1.1341340308799486,11.98,14.248,9.711
06/23/2014,1.3004403100488695,12.11,14.71,9.509
06/16/2014,1.747024613449965,12.38,15.874,8.885
06/09/2014,2.119983490501754,12.68,16.919,8.44
06/02/2014,2.299883692711438,12.9,17.499,8.3
05/26/2014,2.3164153340884273,13.1,17.732,8.467
05/19/2014,2.2648399501951566,13.3,17.829,8.77
05/12/2014,2.163948936550953,13.43,17.757,9.102
05/05/2014,2.024244303437705,13.66,17.708,9.611
04/28/2014,1.8672854629113353,13.91,17.644,10.175
04/21/2014,1.8044140323107665,13.96,17.568,10.351
04/14/2014,1.7545911204608327,14.01,17.519,10.5
04/07/2014,1.7287697938129298,14.04,17.497,10.582
03/31/2014,1.707392749193928,14.06,17.474,10.645
03/24/2014,1.663774323638876,14.12,17.447,10.792
03/17/2014,1.591434887138019,14.24,17.422,11.057
03/10/2014,1.5648066973271808,14.33,17.459,11.2
03/03/2014,1.559673042659903,14.34,17.459,11.22
02/24/2014,1.5552941843908503,14.45,17.56,11.339
02/17/2014,1.5620819440733573,14.52,17.644,11.395
02/10/2014,1.6273183462371459,14.65,17.904,11.395
02/03/2014,2.5902934196727596,15.1,20.28,9.919
01/27/2014,2.962620461685904,15.33,21.255,9.404
01/20/2014,3.1603196040907005,15.48,21.8,9.159
01/13/2014,3.3679363117493777,15.69,22.425,8.954
01/06/2014,3.554876228506416,15.98,23.089,8.87
12/30/2013,3.7051585661075292,16.3,23.71,8.889
12/23/2013,3.8694696018963635,16.78,24.518,9.041
12/16/2013,4.151237164990697,17.27,25.572,8.967
12/09/2013,4.312072587515196,17.68,26.304,9.055
12/02/2013,4.369637284718264,18.28,27.019,9.54
11/25/2013,4.575367744782926,19.0,28.15,9.849
11/18/2013,4.5307582146921055,19.59,28.651,10.528
11/11/2013,4.544617145591034,20.38,29.469,11.29
11/04/2013,4.430512949986716,21.04,29.901,12.178
10/28/2013,4.344639800950132,21.67,30.359,12.98
10/21/2013,4.12197404164558,22.23,30.473,13.986
10/14/2013,3.6295323390211034,22.82,30.079,15.56
10/07/2013,3.210012461035004,23.22,29.64,16.799
09/30/2013,2.65454610056032,23.62,28.929,18.31
09/23/2013,2.1303696862281907,24.02,28.28,19.759
09/16/2013,2.1326732051582584,24.0,28.265,19.734
09/09/2013,2.0887903197784117,24.07,28.247,19.892
09/02/2013,1.9722373082365112,24.29,28.234,20.345
08/26/2013,1.9887621778382654,24.28,28.257,20.302
08/19/2013,2.0777933005956104,24.23,28.385,20.074
08/12/2013,2.311017092104686,24.11,28.732,19.487
08/05/2013,2.480911122954629,23.97,28.931,19.008
07/29/2013,2.71733325155381,23.7,29.134,18.265
07/22/2013,2.847936972617196,23.53,29.225,17.834
07/15/2013,2.9721414838462854,23.27,29.214,17.325
07/08/2013,3.0972859086626148,22.79,28.984,16.595
07/01/2013,3.33232126302372,22.38,29.044,15.715
06/24/2013,3.291657637118417,21.81,28.393,15.226
06/17/2013,3.613941753819505,21.14,28.367,13.912
06/10/2013,3.783597494448901,20.43,27.997,12.862
06/03/2013,4.020853765060351,19.72,27.761,11.678
05/27/2013,4.186975638811385,19.04,27.413,10.666
05/20/2013,4.326605482361432,18.47,27.123,9.816
05/13/2013,4.420877175403089,17.87,26.711,9.028
05/06/2013,4.332374637540018,17.23,25.894,8.565
04/29/2013,4.221432221414907,16.65,25.092,8.207
04/22/2013,4.105921942755367,16.01,24.221,7.798
04/15/2013,3.685086159101304,15.28,22.65,7.909
04/08/2013,3.567879622408806,14.8,21.935,7.664
04/01/2013,3.461471507899495,14.34,21.262,7.417
03/25/2013,3.4106597602223534,13.93,20.751,7.108
03/18/2013,3.2411849684953187,13.43,19.912,6.947
03/11/2013,3.045048439680394,13.02,19.11,6.929
03/04/2013,2.629189989331315,12.61,17.868,7.351
02/25/2013,2.204326427732517,12.1,16.508,7.691
02/18/2013,1.868190300799145,11.74,15.476,8.003
02/11/2013,1.5019221018415039,11.45,14.453,8.446
02/04/2013,0.9163487327431624,11.15,12.982,9.317
01/28/2013,0.8373679000296106,11.1,12.774,9.425
01/21/2013,0.751964094887515,11.04,12.543,9.536
01/14/2013,0.7877023549539507,10.94,12.515,9.364
01/07/2013,0.8256361183959916,10.84,12.491,9.188
12/31/2012,0.8177163322326391,10.72,12.355,9.084
12/24/2012,0.7979974937304,10.68,12.275,9.084
12/17/2012,0.9047679260451268,10.73,12.539,8.92
12/10/2012,1.0082385630395219,10.79,12.806,8.773
12/03/2012,1.1204753455565186,10.91,13.15,8.669
11/26/2012,1.3744016880082763,11.11,13.858,8.361
11/19/2012,1.5861793719500956,11.29,14.462,8.117
11/12/2012,1.8706322460601388,11.55,15.291,7.808
11/05/2012,2.0699311582755597,11.82,15.959,7.68
10/29/2012,2.1344917427809365,12.08,16.348,7.811
10/22/2012,2.170220034927334,12.28,16.62,7.939
10/15/2012,2.1953462141539317,12.39,16.78,7.999
10/08/2012,2.0792654953131886,12.55,16.708,8.391
10/01/2012,2.009569605661869,12.66,16.679,8.64
09/24/2012,1.9648676800232632,12.77,16.699,8.84
09/17/2012,1.927947094709811,12.97,16.825,9.114
09/10/2012,1.9331839022710695,13.06,16.926,9.193
09/03/2012,1.9079583328783676,13.19,17.005,9.374
08/27/2012,1.7556466045306498,13.44,16.951,9.928
08/20/2012,1.5294852075126455,13.69,16.748,10.631
08/13/2012,1.3080252291144845,14.01,16.626,11.393
08/06/2012,1.4720512898673064,14.42,17.364,11.475
07/30/2012,1.534205005858083,14.63,17.698,11.561
07/23/2012,1.522737666178912,14.78,17.825,11.734
07/16/2012,1.4760995901361125,14.9,17.852,11.947
07/09/2012,1.4761808832253585,14.93,17.882,11.977
07/02/2012,1.4826580860063454,14.98,17.945,12.014
06/25/2012,1.4674416513101975,14.93,17.864,11.995
06/18/2012,1.4781863887886397,14.94,17.896,11.983
06/11/2012,1.47795805082553,14.94,17.895,11.984
06/04/2012,1.4764145759237137,14.97,17.922,12.017
05/28/2012,1.46574213284602,15.05,17.981,12.118
05/21/2012,1.347627544984147,15.18,17.875,12.484
05/14/2012,1.2719768079646734,15.22,17.763,12.676
05/07/2012,1.1838580996048471,15.38,17.747,13.012
04/30/2012,1.1876026271442817,15.48,17.855,13.104
04/23/2012,1.1432759946749516,15.56,17.846,13.273
04/16/2012,1.0932177276279416,15.66,17.846,13.473
04/09/2012,1.1293250196466915,15.63,17.888,13.371
04/02/2012,0.0,0.0,0.0,0.0
03/26/2012,0.0,0.0,0.0,0.0
03/19/2012,0.0,0.0,0.0,0.0
03/12/2012,0.0,0.0,0.0,0.0
03/05/2012,0.0,0.0,0.0,0.0
02/27/2012,0.0,0.0,0.0,0.0
02/20/2012,0.0,0.0,0.0,0.0
02/13/2012,0.0,0.0,0.0,0.0
02/06/2012,0.0,0.0,0.0,0.0
01/30/2012,0.0,0.0,0.0,0.0
01/23/2012,0.0,0.0,0.0,0.0
01/16/2012,0.0,0.0,0.0,0.0
01/09/2012,0.0,0.0,0.0,0.0
01/02/2012,0.0,0.0,0.0,0.0
12/26/2011,0.0,0.0,0.0,0.0
12/19/2011,0.0,0.0,0.0,0.0
12/12/2011,0.0,0.0,0.0,0.0
12/05/2011,0.0,0.0,0.0,0.0
11/28/2011,0.0,0.0,0.0,0.0
