12/26/2022,0.28041677464089054,1.2,1.76,0.639
12/19/2022,0.29476564080638706,1.26,1.849,0.67
12/12/2022,0.40822583578210725,1.36,2.176,0.543
12/05/2022,0.46290337328647757,1.45,2.375,0.524
11/28/2022,0.5252179861733602,1.53,2.58,0.479
11/21/2022,0.6758754951912371,1.67,3.021,0.318
11/14/2022,0.7871056222007311,1.8,3.374,0.225
11/07/2022,0.8613419762208272,1.94,3.662,0.217
10/31/2022,0.9252405092731294,2.07,3.92,0.219
10/24/2022,0.9920231852129263,2.22,4.204,0.235
10/17/2022,1.1320291515681034,2.4,4.664,0.135
10/10/2022,1.2695156556734541,2.61,5.149,0.07
10/03/2022,1.367300259635754,2.81,5.544,0.075
09/26/2022,2.0455830464686593,3.24,7.331,-0.851
09/19/2022,2.2188431670580053,3.54,7.977,-0.897
09/12/2022,2.573049746895695,3.98,9.126,-1.166
09/05/2022,2.8190796370446862,4.4,10.038,-1.238
08/29/2022,2.8696820381359327,4.76,10.499,-0.979
08/22/2022,3.2366742190093833,5.32,11.793,-1.153
08/15/2022,3.3862567829389434,5.82,12.592,-0.952
08/08/2022,3.281857705629542,6.16,12.723,-0.403
08/01/2022,3.1448672468007297,6.44,12.729,0.15
07/25/2022,3.025737926523049,6.63,12.681,0.578
07/18/2022,2.932597824455307,6.98,12.845,1.114
07/11/2022,2.7679676659961183,7.23,12.765,1.694
07/04/2022,2.657199653770864,7.35,12.664,2.035
06/27/2022,2.5766693617924674,7.42,12.573,2.266
06/20/2022,2.5157016913775765,7.47,12.501,2.438
06/13/2022,2.424175117436857,7.54,12.388,2.691
06/06/2022,2.361117320253274,7.59,12.312,2.867
05/30/2022,2.3441107055768504,7.61,12.298,2.921
05/23/2022,2.3773735507908724,7.58,12.334,2.825
05/16/2022,2.3900345185791774,7.56,12.34,2.779
05/09/2022,2.355830002355858,7.35,12.061,2.638
05/02/2022,2.357216578933722,7.31,12.024,2.595
04/25/2022,2.295683993932963,7.24,11.831,2.648
04/18/2022,2.206042837299403,7.1,11.512,2.687
04/11/2022,2.26038160495081,7.16,11.68,2.639
04/04/2022,1.9974346046867217,7.02,11.014,3.025
03/28/2022,1.8391479005235007,6.94,10.618,3.261
03/21/2022,1.93222410708489,7.03,10.894,3.165
03/14/2022,2.03289817747963,7.14,11.205,3.074
03/07/2022,2.1156228397330183,7.32,11.551,3.088
02/28/2022,2.140501109553555,7.34,11.621,3.058
02/21/2022,2.2104875027920876,7.45,11.87,3.029
02/14/2022,2.2458328076684606,7.64,12.131,3.148
02/07/2022,2.2160155685373693,7.88,12.312,3.447
01/31/2022,2.1226605240829257,8.14,12.385,3.894
01/24/2022,2.0477060337118704,8.37,12.465,4.274
01/17/2022,1.922015192577832,8.61,12.454,4.765
01/10/2022,1.7766414102176051,8.84,12.393,5.286
01/03/2022,1.5185691293121957,9.09,12.127,6.052
12/27/2021,1.2196432267265702,9.33,11.769,6.89
12/20/2021,0.8855318743557457,9.54,11.311,7.768
12/13/2021,0.6361510044792823,9.68,10.952,8.407
12/06/2021,0.5968321376233019,9.73,10.923,8.536
11/29/2021,0.06964194497571145,9.87,10.009,9.73
11/22/2021,0.06442049751437838,9.87,9.998,9.741
11/15/2021,0.06144103270616479,9.87,9.992,9.747
11/08/2021,0.05576648186859209,9.86,9.971,9.748
11/01/2021,0.0494954593877055,9.85,9.948,9.751
10/25/2021,0.04421312587908717,9.85,9.938,9.761
10/18/2021,0.03383342282418378,9.84,9.907,9.772
10/11/2021,0.030571236481372402,9.83,9.891,9.768
10/04/2021,0.04312192597739566,9.82,9.906,9.733
09/27/2021,0.05651902776941571,9.81,9.923,9.696
09/20/2021,0.06453139158580096,9.8,9.929,9.67
09/13/2021,0.06797058187186572,9.79,9.925,9.654
09/06/2021,0.06899275324264124,9.79,9.927,9.652
08/30/2021,0.0675277720645365,9.78,9.915,9.644
08/23/2021,0.06618156843109713,9.78,9.912,9.647
08/16/2021,0.0,0.0,0.0,0.0
08/09/2021,0.0,0.0,0.0,0.0
08/02/2021,0.0,0.0,0.0,0.0
07/26/2021,0.0,0.0,0.0,0.0
07/19/2021,0.0,0.0,0.0,0.0
07/12/2021,0.0,0.0,0.0,0.0
07/05/2021,0.0,0.0,0.0,0.0
06/28/2021,0.0,0.0,0.0,0.0
06/21/2021,0.0,0.0,0.0,0.0
06/14/2021,0.0,0.0,0.0,0.0
06/07/2021,0.0,0.0,0.0,0.0
05/31/2021,0.0,0.0,0.0,0.0
05/24/2021,0.0,0.0,0.0,0.0
05/17/2021,0.0,0.0,0.0,0.0
05/10/2021,0.0,0.0,0.0,0.0
05/03/2021,0.0,0.0,0.0,0.0
04/26/2021,0.0,0.0,0.0,0.0
04/19/2021,0.0,0.0,0.0,0.0
04/12/2021,0.0,0.0,0.0,0.0
