12/26/2022,5.123915495009651,12.31,22.557,2.062
12/19/2022,5.8808120187606745,13.25,25.011,1.488
12/12/2022,5.909919627203063,13.92,25.739,2.1
12/05/2022,5.904531310781576,14.56,26.369,2.75
11/28/2022,5.78734956607945,15.13,26.704,3.555
11/21/2022,5.736777841262462,15.8,27.273,4.326
11/14/2022,5.536533211315543,16.49,27.563,5.416
11/07/2022,5.170846642475485,17.07,27.411,6.728
10/31/2022,4.89218202850221,17.6,27.384,7.815
10/24/2022,4.69792720250112,17.91,27.305,8.514
10/17/2022,4.535918319370401,18.27,27.341,9.198
10/10/2022,4.2983048984454335,18.72,27.316,10.123
10/03/2022,4.077445891731735,19.22,27.374,11.065
09/26/2022,3.846276121133271,19.67,27.362,11.977
09/19/2022,3.607991823715791,20.11,27.325,12.894
09/12/2022,3.177340082521857,20.62,26.974,14.265
09/05/2022,2.8092694779960143,21.04,26.658,15.421
08/29/2022,2.6035091703314586,21.25,26.457,16.042
08/22/2022,2.2466029911846905,21.55,26.043,17.056
08/15/2022,2.2402890438512615,21.5,25.98,17.019
08/08/2022,1.777510900107226,21.27,24.825,17.714
08/01/2022,1.3679930555379292,21.09,23.825,18.354
07/25/2022,1.5152640034000675,21.27,24.3,18.239
07/18/2022,1.5594377993366713,21.4,24.518,18.281
07/11/2022,1.484768079532962,21.53,24.499,18.56
07/04/2022,1.5093529242692048,21.58,24.598,18.561
06/27/2022,1.508425089290151,21.58,24.596,18.563
06/20/2022,1.4215858222421887,21.74,24.583,18.896
06/13/2022,1.3861930781821126,21.89,24.662,19.117
06/06/2022,1.0415547273187327,22.08,24.163,19.996
05/30/2022,0.889135113467014,22.18,23.958,20.401
05/23/2022,0.8718722670208062,22.34,24.083,20.596
05/16/2022,1.1054597459880662,22.5,24.71,20.289
05/09/2022,1.572040473397552,22.8,25.944,19.655
05/02/2022,1.7770611272547716,23.02,26.574,19.465
04/25/2022,1.9496490068727756,23.22,27.119,19.32
04/18/2022,2.1007537337822346,23.45,27.651,19.248
04/11/2022,2.060138648246763,23.73,27.85,19.609
04/04/2022,2.1077657009259827,24.0,28.215,19.784
03/28/2022,2.207934838259499,24.35,28.765,19.934
03/21/2022,2.354018107406993,24.61,29.318,19.901
03/14/2022,2.5716407700143504,24.94,30.083,19.796
03/07/2022,2.627617980224675,25.11,30.365,19.854
02/28/2022,2.8282061452447205,25.47,31.126,19.813
02/21/2022,2.739242596047309,25.77,31.248,20.291
02/14/2022,2.6672785756272255,25.99,31.324,20.655
02/07/2022,2.4558094388612486,26.23,31.141,21.318
01/31/2022,2.304816695531339,26.49,31.099,21.88
01/24/2022,2.1684556716705097,26.7,31.036,22.363
01/17/2022,1.8338429594706307,26.99,30.657,23.322
01/10/2022,1.387924709773553,27.31,30.085,24.534
01/03/2022,1.1160309135503372,27.52,29.752,25.287
12/27/2021,1.0306987920823427,27.58,29.641,25.518
12/20/2021,1.0303470289179275,27.57,29.63,25.509
12/13/2021,1.0518864007106472,27.68,29.783,25.576
12/06/2021,1.0431490785117918,27.77,29.856,25.683
11/29/2021,1.0315910042259968,27.84,29.903,25.776
11/22/2021,0.9510520490488416,27.91,29.812,26.007
11/15/2021,0.9563994981178107,27.91,29.822,25.997
11/08/2021,0.9807879485393366,27.83,29.791,25.868
11/01/2021,1.2624539595565456,27.62,30.144,25.095
10/25/2021,1.4732786566023417,27.31,30.256,24.363
10/18/2021,1.525244242736225,27.2,30.25,24.149
10/11/2021,1.4869734362119587,26.88,29.853,23.906
10/04/2021,1.6257213783425495,26.68,29.931,23.428
09/27/2021,1.8388161952734696,26.45,30.127,22.772
09/20/2021,2.1573861499509075,26.2,30.514,21.885
09/13/2021,2.568947255200075,25.8,30.937,20.662
09/06/2021,2.9788999647520895,25.37,31.327,19.412
08/30/2021,3.2722866622592828,24.93,31.474,18.385
08/23/2021,3.544632562057737,24.41,31.499,17.32
08/16/2021,3.756542958625656,23.89,31.403,16.376
08/09/2021,3.9306322646617553,23.44,31.301,15.578
08/02/2021,4.100410345319112,22.88,31.08,14.679
07/26/2021,4.028776489208603,22.3,30.357,14.242
07/19/2021,3.866235895544916,21.77,29.502,14.037
07/12/2021,3.6447908033246574,21.26,28.549,13.97
07/05/2021,3.434428627879753,20.75,27.618,13.881
06/28/2021,3.1878237090529336,20.29,26.665,13.914
06/21/2021,2.853853535134556,19.84,25.547,14.132
06/14/2021,2.7293955374771173,19.5,24.958,14.041
06/07/2021,2.672942199150592,19.13,24.475,13.784
05/31/2021,2.3204967140679176,18.66,23.3,14.019
05/24/2021,2.0565529412101218,18.25,22.363,14.136
05/17/2021,1.6722469913263418,17.88,21.224,14.535
05/10/2021,1.3505128655440497,17.52,20.221,14.818
05/03/2021,1.1167855658093009,17.22,19.453,14.986
04/26/2021,1.0536816407245597,17.01,19.117,14.902
04/19/2021,1.0737620779297434,16.83,18.977,14.682
04/12/2021,1.1002772377905488,16.62,18.82,14.419
04/05/2021,1.1576571167664453,16.46,18.775,14.144
03/29/2021,1.2124644324680207,16.31,18.734,13.885
03/22/2021,1.197301131712486,16.18,18.574,13.785
03/15/2021,1.2078017221381991,16.21,18.625,13.794
03/08/2021,1.1946045370749265,16.13,18.519,13.74
03/01/2021,1.1169355397694172,16.04,18.273,13.806
02/22/2021,1.0435492321879212,15.89,17.977,13.802
02/15/2021,0.9950301502969645,15.78,17.77,13.789
02/08/2021,0.9110570783436127,15.62,17.442,13.797
02/01/2021,0.8747628249988675,15.41,17.159,13.66
01/25/2021,0.788444671489382,15.27,16.846,13.693
01/18/2021,0.866270742897392,15.13,16.862,13.397
01/11/2021,0.9819298600205615,14.97,16.933,13.006
01/04/2021,1.0740629637037113,14.82,16.968,12.671
12/28/2020,1.1020894927364113,14.64,16.844,12.435
12/21/2020,1.1323255936346224,14.53,16.794,12.265
12/14/2020,1.1542080618328745,14.42,16.728,12.111
12/07/2020,1.2523977445284709,14.25,16.754,11.745
11/30/2020,1.3536780721427089,14.09,16.797,11.382
11/23/2020,1.4752713606316636,13.93,16.88,10.979
11/16/2020,1.6398979382876242,13.73,17.009,10.45
11/09/2020,1.7312796621285655,13.56,17.022,10.097
11/02/2020,1.8108869177836588,13.33,16.951,9.708
10/26/2020,1.691975957719258,13.02,16.403,9.636
10/19/2020,1.6441664731711325,12.79,16.078,9.501
10/12/2020,1.4728064806687946,12.55,15.495,9.604
10/05/2020,1.4265172552408893,12.32,15.173,9.466
09/28/2020,1.339086846138069,12.07,14.748,9.391
09/21/2020,1.3712345464945086,11.79,14.532,9.047
09/14/2020,1.3631445932108595,11.61,14.336,8.883
09/07/2020,1.2136017600514595,11.41,13.837,8.982
08/31/2020,1.2160023684187462,11.2,13.632,8.767
08/24/2020,1.2302231537408161,11.03,13.49,8.569
08/17/2020,1.1898083965496293,10.88,13.259,8.5
08/10/2020,1.1429456596881586,10.71,12.995,8.424
08/03/2020,1.0454613063141076,10.51,12.6,8.419
07/27/2020,0.9255819958274901,10.29,12.141,8.438
07/20/2020,0.8439390943664123,10.21,11.897,8.522
07/13/2020,0.852190900268244,10.22,11.924,8.515
07/06/2020,0.8663034956064762,10.23,11.962,8.497
06/29/2020,1.0912759497487334,10.36,12.542,8.177
06/22/2020,1.2817009900909027,10.49,13.053,7.926
06/15/2020,1.4143632065350118,10.62,13.448,7.791
06/08/2020,1.5212699844209114,10.74,13.782,7.697
06/01/2020,1.6233567876471273,10.86,14.106,7.613
05/25/2020,1.736743564836214,10.98,14.453,7.506
05/18/2020,1.7735014441775907,11.09,14.637,7.542
05/11/2020,1.8176809354229362,11.25,14.885,7.614
05/04/2020,1.8120203496373875,11.48,15.104,7.855
04/27/2020,1.8391294639040505,11.67,15.348,7.991
04/20/2020,1.8578205283342093,11.82,15.535,8.104
04/13/2020,1.759942297917747,11.98,15.499,8.46
04/06/2020,1.651460503463525,12.14,15.442,8.837
03/30/2020,1.5590320278942316,12.26,15.378,9.141
03/23/2020,1.4211175982303506,12.39,15.232,9.547
03/16/2020,1.2135931624724983,12.53,14.957,10.102
03/09/2020,0.8680827037212524,12.7,14.436,10.963
03/02/2020,0.7073192037545707,12.78,14.194,11.365
02/24/2020,0.6883847997304995,12.8,14.176,11.423
02/17/2020,0.6665476727136624,12.81,14.143,11.476
02/10/2020,0.7360708698895778,12.71,14.182,11.237
02/03/2020,0.7550514922838042,12.62,14.13,11.109
01/27/2020,0.762022566266905,12.54,14.064,11.015
01/20/2020,0.7505170627640652,12.5,14.001,10.998
01/13/2020,0.7730937879714206,12.39,13.936,10.843
01/06/2020,0.768412595550073,12.25,13.786,10.713
12/30/2019,0.8268255662471982,12.15,13.803,10.496
12/23/2019,0.8465573749014298,12.02,13.713,10.326
12/16/2019,0.7868388173571511,11.89,13.463,10.316
12/09/2019,0.8195585924752422,11.9,13.539,10.26
12/02/2019,0.8932277707841377,11.94,13.726,10.153
11/25/2019,1.049784166388501,12.04,14.139,9.94
11/18/2019,1.1642958676814068,12.14,14.468,9.811
11/11/2019,1.272239456824068,12.26,14.804,9.715
11/04/2019,1.355479170994523,12.37,15.08,9.659
10/28/2019,1.3980927599769621,12.48,15.276,9.683
10/21/2019,1.4160417301407469,12.54,15.372,9.707
10/14/2019,1.4150676674632912,12.6,15.43,9.769
10/07/2019,1.411361235474462,12.63,15.452,9.807
09/30/2019,1.4040092241506108,12.7,15.508,9.891
09/23/2019,1.377220627023862,12.81,15.564,10.055
09/16/2019,1.359769681784382,12.93,15.649,10.21
09/09/2019,1.346234610868403,13.03,15.722,10.337
09/02/2019,1.3369824157407606,13.09,15.763,10.416
08/26/2019,1.268799771437558,13.17,15.707,10.632
08/19/2019,1.1657114876760886,13.28,15.611,10.948
08/12/2019,1.022059129649552,13.38,15.424,11.335
08/05/2019,0.8266438459215674,13.49,15.143,11.836
07/29/2019,0.7326617858875949,13.52,14.985,12.054
07/22/2019,0.8151306892149257,13.41,15.04,11.779
07/15/2019,0.8737267928248509,13.29,15.037,11.542
07/08/2019,0.8472846387135788,13.19,14.884,11.495
07/01/2019,0.8533517651004184,13.06,14.766,11.353
06/24/2019,0.8679778355465074,12.9,14.635,11.164
06/17/2019,0.9051792062901136,12.72,14.53,10.909
06/10/2019,0.9208606493384327,12.57,14.411,10.728
06/03/2019,0.94166760563375,12.45,14.333,10.566
05/27/2019,1.0525450878703486,12.3,14.405,10.194
05/20/2019,1.1551946608688946,12.17,14.48,9.859
05/13/2019,1.2083147754207098,12.01,14.426,9.593
05/06/2019,1.2298719872409485,11.83,14.289,9.37
04/29/2019,1.2909918251096713,11.59,14.171,9.008
04/22/2019,1.2290115965685595,11.4,13.858,8.941
04/15/2019,1.1318764119814493,11.27,13.533,9.006
04/08/2019,1.076498760798172,11.19,13.342,9.037
04/01/2019,0.9685747518906322,11.08,13.017,9.142
03/25/2019,0.9086940024012484,11.03,12.847,9.212
03/18/2019,0.8224914239674478,10.96,12.604,9.315
03/11/2019,0.8229829317792684,10.89,12.535,9.244
03/04/2019,0.8391613566531767,10.78,12.458,9.101
02/25/2019,0.8245465238541729,10.69,12.339,9.04
02/18/2019,0.7220983270995718,10.59,12.034,9.145
02/11/2019,0.6701868086586008,10.54,11.88,9.199
02/04/2019,0.6567385636613706,10.52,11.833,9.206
01/28/2019,0.6549548908131003,10.52,11.829,9.21
01/21/2019,0.6591909837065433,10.52,11.838,9.201
01/14/2019,0.6429690886815634,10.49,11.775,9.204
01/07/2019,0.6393711512103123,10.5,11.778,9.221
12/31/2018,0.6317494760583502,10.52,11.783,9.256
12/24/2018,0.628661308257475,10.55,11.807,9.292
12/17/2018,0.6515444512847915,10.53,11.833,9.226
12/10/2018,0.632510948521842,10.54,11.805,9.274
12/03/2018,0.7761895905640582,10.46,12.012,8.907
11/26/2018,0.9341225899206166,10.32,12.188,8.451
11/19/2018,1.0007064102422851,10.18,12.181,8.178
11/12/2018,1.0603134364422628,10.05,12.17,7.929
11/05/2018,1.0634785618431624,9.87,11.996,7.743
10/29/2018,1.0775881270225656,9.7,11.855,7.544
10/22/2018,1.17733910323237,9.56,11.914,7.205
10/15/2018,1.2812977998888473,9.44,12.002,6.877
10/08/2018,1.3486104715595237,9.31,12.007,6.612
10/01/2018,1.3852337275709108,9.16,11.93,6.389
09/24/2018,1.3908765480803826,8.99,11.771,6.208
09/17/2018,1.3677032329785583,8.8,11.535,6.064
09/10/2018,1.3357332613587194,8.62,11.291,5.948
09/03/2018,1.242844585215706,8.41,10.895,5.924
08/27/2018,1.193919392170175,8.22,10.607,5.832
08/20/2018,1.1322639281545623,8.04,10.304,5.775
08/13/2018,1.03312310447497,7.86,9.926,5.793
08/06/2018,0.8048434114782823,7.65,9.259,6.04
07/30/2018,0.7048980046786908,7.5,8.909,6.09
07/23/2018,0.6018900157005428,7.39,8.593,6.186
07/16/2018,0.5651036705773549,7.31,8.44,6.179
07/09/2018,0.5523618474333648,7.24,8.344,6.135
07/02/2018,0.4924899328920336,7.19,8.174,6.205
06/25/2018,0.44027770497721075,7.16,8.04,6.279
06/18/2018,0.36989092581462435,7.12,7.859,6.38
06/11/2018,0.3220459819653087,7.08,7.724,6.435
06/04/2018,0.31728176515520073,7.08,7.714,6.445
05/28/2018,0.3152411584802973,7.07,7.7,6.439
05/21/2018,0.3073960970799726,7.06,7.674,6.445
05/14/2018,0.30201682817353065,7.05,7.654,6.445
05/07/2018,0.3422013800381289,7.08,7.764,6.395
04/30/2018,0.3709091735182616,7.11,7.851,6.368
04/23/2018,0.3950939166831095,7.14,7.93,6.349
04/16/2018,0.4153749312368283,7.17,8.0,6.339
04/09/2018,0.4169267069881705,7.22,8.053,6.386
04/02/2018,0.41308404048086855,7.27,8.096,6.443
03/26/2018,0.39508827747732517,7.31,8.1,6.519
03/19/2018,0.3724100414865312,7.34,8.084,6.595
03/12/2018,0.3382126069501252,7.36,8.036,6.683
03/05/2018,0.3200922460791574,7.39,8.03,6.749
02/26/2018,0.2890655678215583,7.42,7.998,6.841
02/19/2018,0.24347821668477848,7.45,7.936,6.963
02/12/2018,0.2358420541379335,7.46,7.931,6.988
02/05/2018,0.22420405103387395,7.45,7.898,7.001
01/29/2018,0.24142461556353353,7.43,7.912,6.947
01/22/2018,0.24541180696942835,7.43,7.92,6.939
01/15/2018,0.2528576180382944,7.42,7.925,6.914
01/08/2018,0.2450602079081791,7.42,7.91,6.929
01/01/2018,0.2450602079081791,7.42,7.91,6.929
12/25/2017,0.3408889342586526,7.37,8.051,6.688
12/18/2017,0.3594501154541475,7.31,8.028,6.591
12/11/2017,0.34915219460859753,7.28,7.978,6.581
12/04/2017,0.3732765630199678,7.22,7.966,6.473
11/27/2017,0.3677322293463003,7.17,7.905,6.434
11/20/2017,0.35677903876208866,7.12,7.833,6.406
11/13/2017,0.3474759977322175,7.07,7.764,6.375
11/06/2017,0.3408819634418929,7.03,7.711,6.348
10/30/2017,0.3489663149932956,6.99,7.687,6.292
10/23/2017,0.3651518841523346,6.96,7.69,6.229
10/16/2017,0.3498913345597458,6.93,7.629,6.23
10/09/2017,0.35210660601584853,6.88,7.584,6.175
10/02/2017,0.39368956298078306,6.81,7.597,6.022
09/25/2017,0.40432532878858823,6.73,7.538,5.921
09/18/2017,0.40580227143277536,6.65,7.461,5.838
09/11/2017,0.4802115939874838,6.57,7.53,5.609
09/04/2017,0.5395104442918599,6.47,7.549,5.39
08/28/2017,0.5850508550544987,6.38,7.55,5.209
08/21/2017,0.5880099680277538,6.28,7.456,5.103
08/14/2017,0.5883910455640875,6.2,7.376,5.023
08/07/2017,0.6096945124404517,6.15,7.369,4.93
07/31/2017,0.6177280101306725,6.09,7.325,4.854
07/24/2017,0.588612056451446,6.01,7.187,4.832
07/17/2017,0.5976792793798361,5.95,7.145,4.754
07/10/2017,0.5738449969286133,5.89,7.037,4.742
07/03/2017,0.5358022741646401,5.84,6.911,4.768
06/26/2017,0.5085254000539208,5.79,6.807,4.772
06/19/2017,0.4727636703470352,5.73,6.675,4.784
06/12/2017,0.43832771758126376,5.7,6.576,4.823
06/05/2017,0.399304172905819,5.66,6.458,4.861
05/29/2017,0.3102164349289059,5.61,6.23,4.989
05/22/2017,0.2553974901991014,5.58,6.09,5.069
05/15/2017,0.25858112170071523,5.59,6.107,5.072
05/08/2017,0.2465686942821414,5.55,6.043,5.056
05/01/2017,0.23648845849216427,5.53,6.002,5.057
04/24/2017,0.23844028917110482,5.55,6.026,5.073
04/17/2017,0.32665701201719227,5.62,6.273,4.966
04/10/2017,0.33382118491791396,5.67,6.337,5.002
04/03/2017,0.34251586240640025,5.7,6.385,5.014
03/27/2017,0.335463667183199,5.73,6.4,5.059
03/20/2017,0.3421985089096679,5.77,6.454,5.085
03/13/2017,0.3380487235591936,5.78,6.456,5.103
03/06/2017,0.38348702846380617,5.75,6.516,4.983
02/27/2017,0.4062943305043771,5.73,6.542,4.917
02/20/2017,0.4367750118768243,5.7,6.573,4.826
02/13/2017,0.46736887840334423,5.66,6.594,4.725
02/06/2017,0.48022965651862864,5.64,6.6,4.679
01/30/2017,0.5110450836276581,5.61,6.632,4.587
01/23/2017,0.5304024900959647,5.55,6.61,4.489
01/16/2017,0.5538597521033641,5.51,6.617,4.402
01/09/2017,0.5755347839184005,5.45,6.601,4.298
01/02/2017,0.606065578959901,5.38,6.592,4.167
12/26/2016,0.6178575450700591,5.31,6.545,4.074
12/19/2016,0.6346166921851332,5.27,6.539,4.0
12/12/2016,0.665362005602965,5.22,6.55,3.889
12/05/2016,0.6894297745238452,5.14,6.518,3.761
11/28/2016,0.6259293869918555,5.02,6.271,3.768
11/21/2016,0.5752508665790952,4.94,6.09,3.789
11/14/2016,0.5169365333384748,4.85,5.883,3.816
11/07/2016,0.461861216709089,4.77,5.693,3.846
10/31/2016,0.3455737598545353,4.67,5.361,3.978
10/24/2016,0.2858356582024014,4.62,5.191,4.048
10/17/2016,0.2854981952657495,4.59,5.16,4.019
10/10/2016,0.2836384388618722,4.55,5.117,3.982
10/03/2016,0.27457693275291717,4.51,5.059,3.96
09/26/2016,0.26611354343587995,4.47,5.002,3.937
09/19/2016,0.22122999683587205,4.43,4.872,3.987
09/12/2016,0.2205930801271879,4.39,4.831,3.948
09/05/2016,0.19505772222601173,4.36,4.75,3.969
08/29/2016,0.16689058541451632,4.34,4.673,4.006
08/22/2016,0.15354866655233437,4.33,4.637,4.022
08/15/2016,0.15524201267698115,4.33,4.64,4.019
08/08/2016,0.1533433793810479,4.33,4.636,4.023
08/01/2016,0.1381872931929705,4.32,4.596,4.043
07/25/2016,0.16711300368313642,4.34,4.674,4.005
07/18/2016,0.20100952713739711,4.37,4.772,3.967
07/11/2016,0.20464685191812745,4.39,4.799,3.98
07/04/2016,0.20704205369924242,4.38,4.794,3.965
06/27/2016,0.21246310738572943,4.37,4.794,3.945
06/20/2016,0.22036957480559788,4.36,4.8,3.919
06/13/2016,0.22543443281805908,4.35,4.8,3.899
06/06/2016,0.22828132534221893,4.36,4.816,3.903
05/30/2016,0.23160074697634286,4.37,4.833,3.906
05/23/2016,0.24539841482780608,4.36,4.85,3.869
05/16/2016,0.24648387066905617,4.35,4.842,3.857
05/09/2016,0.243501627304624,4.37,4.857,3.882
05/02/2016,0.24760265850753704,4.38,4.875,3.884
04/25/2016,0.2313895784170065,4.4,4.862,3.937
04/18/2016,0.22834534481788765,4.41,4.866,3.953
04/11/2016,0.23363467315447853,4.42,4.887,3.952
04/04/2016,0.2538143268217931,4.44,4.947,3.932
03/28/2016,0.25557150564959313,4.45,4.961,3.938
03/21/2016,0.2650952781548552,4.43,4.96,3.899
03/14/2016,0.33553728630362384,4.47,5.141,3.798
03/07/2016,0.40372852079088994,4.51,5.317,3.702
02/29/2016,0.42622849388561534,4.53,5.382,3.677
02/22/2016,0.4630077985304352,4.57,5.496,3.643
02/15/2016,0.49923495821106123,4.63,5.628,3.631
02/08/2016,0.5662653962586801,4.72,5.852,3.587
02/01/2016,0.6655433772489965,4.84,6.171,3.508
01/25/2016,0.7949599143982041,4.99,6.579,3.4
01/18/2016,0.9030638767551274,5.11,6.916,3.303
01/11/2016,1.015225802223328,5.25,7.28,3.219
01/04/2016,1.0786985950672228,5.43,7.587,3.272
12/28/2015,1.125389872222067,5.6,7.85,3.349
12/21/2015,1.1571469848294986,5.75,8.064,3.435
12/14/2015,1.3644392610153082,5.98,8.708,3.251
12/07/2015,1.5135125361225126,6.24,9.267,3.212
11/30/2015,1.6655293229180927,6.52,9.851,3.188
11/23/2015,1.7653038836132438,6.78,10.31,3.249
11/16/2015,1.822503857883434,7.03,10.675,3.384
11/09/2015,1.7940927770045785,7.26,10.848,3.671
11/02/2015,1.7077465744366171,7.54,10.955,4.124
10/26/2015,1.6887723558845935,7.75,11.127,4.372
10/19/2015,1.6429079688162693,7.94,11.225,4.654
10/12/2015,1.5812155393873413,8.18,11.342,5.017
10/05/2015,1.4561814001009628,8.38,11.292,5.467
09/28/2015,1.316907464478807,8.57,11.203,5.936
09/21/2015,1.196643673989881,8.76,11.153,6.366
09/14/2015,1.0768263337233168,8.89,11.043,6.736
09/07/2015,0.9886514615879554,8.99,10.967,7.012
08/31/2015,0.8818298319403808,9.08,10.843,7.316
08/24/2015,0.7875195718202819,9.18,10.755,7.604
08/17/2015,0.6923825849918527,9.29,10.674,7.905
08/10/2015,0.5552844806943557,9.39,10.5,8.279
08/03/2015,0.32336919225553956,9.5,10.146,8.853
07/27/2015,0.3371509313349143,9.53,10.204,8.855
07/20/2015,0.5920781603808741,9.42,10.604,8.235
07/13/2015,0.7280899707453744,9.28,10.736,7.823
07/06/2015,0.8357740229870751,9.15,10.821,7.478
06/29/2015,0.9820093937941734,8.99,10.954,7.025
06/22/2015,1.0786073701769332,8.87,11.027,6.712
06/15/2015,1.1500828281041326,8.74,11.04,6.439
06/08/2015,1.2420784773918274,8.57,11.054,6.085
06/01/2015,1.2746433852258443,8.45,10.999,5.9
05/25/2015,1.256588937958631,8.3,10.813,5.786
05/18/2015,1.2580984915736924,8.2,10.716,5.683
05/11/2015,1.2239922013640447,8.14,10.587,5.692
05/04/2015,1.1686228255942976,8.07,10.407,5.732
04/27/2015,1.1510993130481835,8.02,10.322,5.717
04/20/2015,1.1360600992025025,8.0,10.272,5.727
04/13/2015,1.1297193503255576,7.99,10.249,5.73
04/06/2015,1.1236543343039265,7.99,10.237,5.742
03/30/2015,1.0644765894560575,7.93,10.058,5.801
03/23/2015,1.0280535185485238,7.9,9.956,5.843
03/16/2015,0.960929542422336,7.84,9.761,5.918
03/09/2015,0.8279752396660179,7.73,9.385,6.074
03/02/2015,0.8225917100846567,7.76,9.405,6.114
02/23/2015,0.8173737306153164,7.78,9.414,6.145
02/16/2015,0.8173737306153164,7.78,9.414,6.145
02/09/2015,0.7761634386519374,7.83,9.382,6.277
02/02/2015,0.7480272495036527,7.87,9.366,6.373
01/26/2015,0.7128744907064636,7.91,9.335,6.484
01/19/2015,0.6163988943857702,8.0,9.232,6.767
01/12/2015,0.5777060212599484,8.07,9.225,6.914
01/05/2015,0.5248962064065618,8.15,9.199,7.1
12/29/2014,0.48253988436190426,8.21,9.175,7.244
12/22/2014,0.4865681632618393,8.19,9.163,7.216
12/15/2014,0.49552611434716526,8.2,9.191,7.208
12/08/2014,0.49974701749985456,8.23,9.229,7.23
12/01/2014,0.658373350766873,8.31,9.626,6.993
11/24/2014,0.8204711445261192,8.4,10.04,6.759
11/17/2014,0.9437938813639344,8.48,10.367,6.592
11/10/2014,1.1159976317179172,8.6,10.831,6.368
11/03/2014,1.266314964967247,8.73,11.262,6.197
10/27/2014,1.4396909501695148,8.91,11.789,6.03
10/20/2014,1.4837711816516725,9.07,12.037,6.102
10/13/2014,1.5203722831925082,9.23,12.27,6.189
10/06/2014,1.5073851996089123,9.39,12.404,6.375
09/29/2014,1.45275326724809,9.56,12.465,6.654
09/22/2014,1.409101146476008,9.71,12.528,6.891
09/15/2014,1.3606046821174769,9.89,12.611,7.168
09/08/2014,1.2844274068626844,10.06,12.628,7.491
09/01/2014,1.220911619856245,10.21,12.651,7.768
08/25/2014,1.1642124007241978,10.33,12.658,8.001
08/18/2014,1.0889652122542761,10.46,12.637,8.282
08/11/2014,0.9999889954394499,10.6,12.599,8.6
08/04/2014,0.8329200738966495,10.81,12.475,9.144
07/28/2014,0.7189979603587202,10.98,12.417,9.542
07/21/2014,0.47948870633206775,11.13,12.088,10.171
07/14/2014,0.47162193757288245,11.22,12.163,10.276
07/07/2014,0.47497541041616026,11.22,12.169,10.27
06/30/2014,0.5214757621404851,11.2,12.242,10.157
06/23/2014,0.6158984498275668,11.12,12.351,9.888
06/16/2014,0.6360886420146172,11.07,12.342,9.797
06/09/2014,0.6125219367500235,11.0,12.225,9.774
06/02/2014,0.6363699953643319,11.04,12.312,9.767
05/26/2014,0.8652817700032746,11.18,12.91,9.449
05/19/2014,1.0612252868736212,11.34,13.462,9.217
05/12/2014,1.130529961566698,11.46,13.721,9.198
05/05/2014,1.1668491575606506,11.58,13.913,9.246
04/28/2014,1.1960708482360065,11.67,14.062,9.277
04/21/2014,1.2059358432354517,11.75,14.161,9.338
04/14/2014,1.2188032589388658,11.83,14.267,9.392
04/07/2014,1.2432968999800489,11.95,14.436,9.463
03/31/2014,1.2587821201462943,12.07,14.587,9.552
03/24/2014,1.2521975852476317,12.14,14.644,9.635
03/17/2014,1.253602131459579,12.15,14.657,9.642
03/10/2014,1.3859353615879784,12.29,15.061,9.518
03/03/2014,1.4398202299245555,12.42,15.299,9.54
02/24/2014,1.5006905830316921,12.54,15.541,9.538
02/17/2014,1.4842775097669572,12.74,15.708,9.771
02/10/2014,1.3533107050858646,12.88,15.586,10.173
02/03/2014,1.1554978887908018,13.0,15.31,10.689
01/27/2014,1.0016484984763867,13.1,15.103,11.096
01/20/2014,0.8653585213655667,13.17,14.9,11.439
01/13/2014,0.9956679582069518,13.11,15.101,11.118
01/06/2014,1.1469431993346488,12.94,15.233,10.646
12/30/2013,1.2010350812944641,12.78,15.182,10.377
12/23/2013,1.3052975440488657,12.64,15.25,10.029
12/16/2013,1.3928967091999322,12.5,15.285,9.714
12/09/2013,1.4608116896095815,12.38,15.301,9.458
12/02/2013,1.5310766474935213,12.26,15.322,9.197
11/25/2013,1.5918377860196686,12.12,15.303,8.936
11/18/2013,1.6432215209764023,11.95,15.236,8.663
11/11/2013,1.6901805147675797,11.75,15.13,8.369
11/04/2013,1.7526591946239862,11.59,15.095,8.084
10/28/2013,1.8179052629331376,11.43,15.065,7.794
10/21/2013,1.7097890339161732,11.13,14.549,7.71
10/14/2013,1.6266614707738056,10.86,14.113,7.606
10/07/2013,1.4549346339268991,10.58,13.489,7.67
09/30/2013,1.1958220992271387,10.3,12.691,7.908
09/23/2013,1.063793059293019,10.1,12.227,7.972
09/16/2013,0.9861053648064187,9.94,11.912,7.967
09/09/2013,0.8377378629380434,9.82,11.495,8.144
09/02/2013,0.6656963936360178,9.71,11.041,8.378
08/26/2013,0.640077661303689,9.65,10.93,8.369
08/19/2013,0.6185512351454808,9.61,10.847,8.372
08/12/2013,0.5550699487452009,9.52,10.63,8.409
08/05/2013,0.5275219289280778,9.46,10.515,8.404
07/29/2013,0.5105989610251865,9.38,10.401,8.358
07/22/2013,0.4657507434239906,9.3,10.231,8.368
07/15/2013,0.5145488966075041,9.18,10.209,8.15
07/08/2013,0.5375446441924614,9.06,10.135,7.984
07/01/2013,0.5313477025451413,8.99,10.052,7.927
06/24/2013,0.5561599868742806,8.92,10.032,7.807
06/17/2013,0.5537529476219517,8.87,9.977,7.762
06/10/2013,0.5801471214269704,8.81,9.97,7.649
06/03/2013,0.5818311636548871,8.79,9.953,7.626
05/27/2013,0.5851427522408527,8.78,9.95,7.609
05/20/2013,0.6042149290608433,8.73,9.938,7.521
05/13/2013,0.6205112218969129,8.69,9.931,7.448
05/06/2013,0.6359411576553289,8.65,9.921,7.378
04/29/2013,0.6632430372796988,8.59,9.916,7.263
04/22/2013,0.6069373793893402,8.5,9.713,7.286
04/15/2013,0.518612611686218,8.41,9.447,7.372
04/08/2013,0.47002979107711884,8.35,9.29,7.409
04/01/2013,0.39311114840462114,8.3,9.086,7.513
03/25/2013,0.3540480264031986,8.28,8.988,7.571
03/18/2013,0.30858234476392205,8.25,8.867,7.632
03/11/2013,0.38108543661494076,8.28,9.042,7.517
03/04/2013,0.45040967129936277,8.32,9.22,7.419
02/25/2013,0.47945391853649505,8.39,9.348,7.431
02/18/2013,0.5302593799264658,8.47,9.53,7.409
02/11/2013,0.5718465056289144,8.53,9.673,7.386
02/04/2013,0.5616510825236607,8.57,9.693,7.446
01/28/2013,0.5687124563432737,8.59,9.727,7.452
01/21/2013,0.5658087892565826,8.65,9.781,7.518
01/14/2013,0.621300949621035,8.72,9.962,7.477
01/07/2013,0.650614589830262,8.77,10.071,7.468
12/31/2012,0.641562823112437,8.84,10.123,7.556
12/24/2012,0.6177186058392607,8.89,10.125,7.654
12/17/2012,0.5850769214385404,8.95,10.12,7.779
12/10/2012,0.5569833852997772,9.06,10.173,7.946
12/03/2012,0.5343217527857163,9.15,10.218,8.081
11/26/2012,0.5232384614112385,9.26,10.306,8.213
11/19/2012,0.49432473132547206,9.35,10.338,8.361
11/12/2012,0.46218204638432253,9.41,10.334,8.485
11/05/2012,0.4227955918644376,9.45,10.295,8.604
10/29/2012,0.3724733413279399,9.49,10.234,8.745
10/22/2012,0.38633651846544365,9.52,10.292,8.747
10/15/2012,0.3938255451338829,9.54,10.327,8.752
10/08/2012,0.40510609412843945,9.52,10.33,8.709
10/01/2012,0.4141184341465616,9.5,10.328,8.671
09/24/2012,0.4287623082781415,9.48,10.337,8.622
09/17/2012,0.39556508503658405,9.52,10.311,8.728
09/10/2012,0.38948722507933436,9.52,10.298,8.741
09/03/2012,0.39073529530872947,9.56,10.341,8.778
08/27/2012,0.38547620808553157,9.55,10.32,8.779
08/20/2012,0.385258540463414,9.54,10.31,8.769
08/13/2012,0.3904284812869061,9.53,10.31,8.749
08/06/2012,0.38155174092120187,9.54,10.303,8.776
07/30/2012,0.3728450790878162,9.55,10.295,8.804
07/23/2012,0.36327105720109326,9.54,10.266,8.813
07/16/2012,0.35632768205683923,9.52,10.232,8.807
07/09/2012,0.3701949439146894,9.44,10.18,8.699
07/02/2012,0.43691530128847617,9.34,10.213,8.466
06/25/2012,0.47462792585350466,9.28,10.229,8.33
06/18/2012,0.5348995157971261,9.22,10.289,8.15
06/11/2012,0.58180622074708,9.16,10.323,7.996
06/04/2012,0.6021380892287084,9.06,10.264,7.855
05/28/2012,0.6168643404347507,8.97,10.203,7.736
05/21/2012,0.6521746043047062,8.92,10.224,7.615
05/14/2012,0.7187341667821281,8.84,10.277,7.402
05/07/2012,0.7778160470188308,8.76,10.315,7.204
04/30/2012,0.8203310206861618,8.64,10.28,6.999
04/23/2012,0.8537604008151234,8.56,10.267,6.852
04/16/2012,0.8076419933980651,8.45,10.065,6.834
04/09/2012,0.8041071489546652,8.34,9.948,6.731
04/02/2012,0.8158122988776279,8.22,9.851,6.588
03/26/2012,0.8052098093043825,8.12,9.73,6.509
03/19/2012,0.7668106562248597,8.04,9.573,6.506
03/12/2012,0.7019818548224734,8.0,9.403,6.596
03/05/2012,0.6083524315723575,7.95,9.166,6.733
02/27/2012,0.5027004281876036,7.88,8.885,6.874
02/20/2012,0.4854420732693036,7.87,8.84,6.899
02/13/2012,0.5386810136806381,7.79,8.867,6.712
02/06/2012,0.5865862873439849,7.7,8.873,6.526
01/30/2012,0.6018739153676623,7.64,8.843,6.436
01/23/2012,0.5904789903121024,7.62,8.8,6.439
01/16/2012,0.5997140139266381,7.56,8.759,6.36
01/09/2012,0.6042063869242031,7.52,8.728,6.311
01/02/2012,0.5959827312934494,7.5,8.691,6.308
12/26/2011,0.5999559433825119,7.49,8.689,6.29
12/19/2011,0.5999062289224875,7.49,8.689,6.29
12/12/2011,0.6537972996273386,7.56,8.867,6.252
12/05/2011,0.6774241806283563,7.61,8.964,6.255
11/28/2011,0.754909396550341,7.68,9.189,6.17
11/21/2011,0.8014875788182871,7.76,9.362,6.157
11/14/2011,0.7906246204742172,7.83,9.411,6.248
11/07/2011,0.7817740290518738,7.87,9.433,6.306
10/31/2011,0.7866358592131432,7.86,9.433,6.286
10/24/2011,0.7719088242791372,7.8,9.343,6.256
10/17/2011,0.7321943683203251,7.75,9.214,6.285
10/10/2011,0.7311480243425404,7.75,9.212,6.287
10/03/2011,0.7259854957228828,7.74,9.191,6.288
09/26/2011,0.6890310657002339,7.8,9.178,6.421
09/19/2011,0.6226566244729113,7.86,9.105,6.614
09/12/2011,0.6203983482408701,7.86,9.1,6.619
09/05/2011,0.6601142950277626,7.81,9.13,6.489
08/29/2011,0.6588430177212171,7.82,9.137,6.502
08/22/2011,0.6626813581956265,7.81,9.135,6.484
08/15/2011,0.6832857125683225,7.78,9.146,6.413
08/08/2011,0.6889772401901243,7.77,9.147,6.392
08/01/2011,0.7676666434722823,7.71,9.245,6.174
07/25/2011,0.7986011053711359,7.58,9.177,5.982
07/18/2011,0.8149705549895654,7.48,9.109,5.85
07/11/2011,0.7504354612490005,7.35,8.85,5.849
07/04/2011,0.6563562519699192,7.24,8.552,5.927
06/27/2011,0.5999842643769918,7.17,8.369,5.97
06/20/2011,0.569566903883995,7.12,8.259,5.98
06/13/2011,0.5647171699178272,7.1,8.229,5.97
06/06/2011,0.5578693682216295,7.08,8.195,5.964
05/30/2011,0.5284401877223192,7.04,8.096,5.983
05/23/2011,0.49254324632462476,7.01,7.995,6.024
05/16/2011,0.43094676817444644,6.98,7.841,6.118
05/09/2011,0.4298789562190734,6.98,7.839,6.12
05/02/2011,0.4529612615886705,6.99,7.895,6.084
04/25/2011,0.4848379234342132,7.03,7.999,6.06
04/18/2011,0.4986223816677306,7.07,8.067,6.072
04/11/2011,0.5020642229834744,7.09,8.094,6.085
04/04/2011,0.5009005944296732,7.1,8.101,6.098
03/28/2011,0.5013592175277123,7.09,8.092,6.087
03/21/2011,0.5018693301049587,7.09,8.093,6.086
03/14/2011,0.4595360905304392,7.13,8.049,6.21
03/07/2011,0.4055654232056771,7.18,7.991,6.368
02/28/2011,0.36980127230716764,7.21,7.949,6.47
02/21/2011,0.33036504128009664,7.23,7.89,6.569
02/14/2011,0.3422892884681026,7.22,7.904,6.535
02/07/2011,0.3537189131217045,7.21,7.917,6.502
01/31/2011,0.4174669052751367,7.17,8.004,6.335
01/24/2011,0.4930115343478284,7.11,8.096,6.123
01/17/2011,0.5357798405128733,7.07,8.141,5.998
01/10/2011,0.5550419848984399,7.03,8.14,5.919
01/03/2011,0.5734407423614056,6.98,8.126,5.833
12/27/2010,0.5835887858758082,6.93,8.097,5.762
12/20/2010,0.5546048386013234,6.85,7.959,5.74
12/13/2010,0.4902799929632047,6.78,7.76,5.799
12/06/2010,0.4326518825799791,6.73,7.595,5.864
11/29/2010,0.3817732016524995,6.68,7.443,5.916
11/22/2010,0.35097937688701886,6.64,7.341,5.938
11/15/2010,0.3333787418237702,6.61,7.276,5.943
11/08/2010,0.32223821312811435,6.59,7.234,5.945
11/01/2010,0.3093935648975267,6.57,7.188,5.951
10/25/2010,0.296401390010236,6.53,7.122,5.937
10/18/2010,0.26564585918097805,6.5,7.031,5.968
10/11/2010,1.4261155291560357,6.15,9.002,3.297
10/04/2010,1.422393084558555,6.14,8.984,3.295
09/27/2010,1.4222167159051393,6.14,8.984,3.295
09/20/2010,1.41532800526945,6.11,8.94,3.279
09/13/2010,1.4361313569795766,6.05,8.922,3.177
09/06/2010,1.4445264686048505,6.02,8.909,3.13
08/30/2010,1.4585863553454763,5.97,8.887,3.052
08/23/2010,1.4701450146159052,5.9,8.84,2.959
08/16/2010,1.4801698639007619,5.83,8.79,2.869
08/09/2010,1.4868535529768894,5.77,8.743,2.796
08/02/2010,1.4965398618145793,5.69,8.683,2.696
07/26/2010,1.4969265305952728,5.59,8.583,2.596
07/19/2010,1.486402981024998,5.49,8.462,2.517
07/12/2010,1.47780205575713,5.37,8.325,2.414
07/05/2010,1.46961863692592,5.27,8.209,2.33
06/28/2010,1.44780622943818,5.15,8.045,2.254
06/21/2010,1.4198354418734587,5.04,7.879,2.2
06/14/2010,1.3774765406350846,4.94,7.694,2.185
06/07/2010,1.3511262770370502,4.84,7.542,2.137
05/31/2010,1.301978512111471,4.75,7.353,2.146
05/24/2010,0.7341785733048873,4.96,6.428,3.491
05/17/2010,0.6010781504929288,4.85,6.052,3.647
05/10/2010,0.45299107165594327,4.73,5.635,3.824
05/03/2010,0.3083522068998371,4.64,5.256,4.023
04/26/2010,0.30193882741376593,4.61,5.213,4.006
04/19/2010,1.0265921200749595,4.34,6.393,2.286
04/12/2010,1.0134164144121607,4.31,6.336,2.283
04/05/2010,1.0025453999694975,4.29,6.295,2.284
03/29/2010,0.9909439585566886,4.26,6.241,2.278
03/22/2010,0.9765582558147773,4.23,6.183,2.276
03/15/2010,0.9701144618033483,4.21,6.15,2.269
03/08/2010,0.9661342124673983,4.2,6.132,2.267
03/01/2010,0.9661342124673983,4.2,6.132,2.267
02/22/2010,0.967364974815607,4.21,6.144,2.275
02/15/2010,0.9678965249446864,4.21,6.145,2.274
02/08/2010,0.9680528306864248,4.21,6.146,2.273
02/01/2010,0.9675491940981604,4.2,6.135,2.264
01/25/2010,0.9652607528538596,4.19,6.12,2.259
01/18/2010,0.9649120864099486,4.18,6.109,2.25
01/11/2010,0.9630784853790475,4.18,6.106,2.253
01/04/2010,0.9619542582680322,4.17,6.093,2.246
12/28/2009,0.9592118155027074,4.15,6.068,2.231
12/21/2009,0.9591272191424869,4.15,6.068,2.231
12/14/2009,0.9570663375649568,4.14,6.054,2.225
12/07/2009,0.9553450931469738,4.13,6.04,2.219
11/30/2009,0.15704202303842102,4.33,4.644,4.015
11/23/2009,0.1728964068452551,4.3,4.645,3.954
11/16/2009,0.18812617973052015,4.27,4.646,3.893
11/09/2009,0.1936128353183228,4.24,4.627,3.852
11/02/2009,0.2031254599994791,4.22,4.626,3.813
10/26/2009,0.19937628369492694,4.2,4.598,3.801
10/19/2009,0.19912717167679547,4.18,4.578,3.781
10/12/2009,0.17854886866065545,4.15,4.507,3.792
10/05/2009,0.1614200390286163,4.13,4.452,3.807
09/28/2009,0.14451584861183916,4.11,4.399,3.82
09/21/2009,0.13236498970649307,4.1,4.364,3.835
09/14/2009,0.13762210578246512,4.11,4.385,3.834
09/07/2009,0.13793637663792685,4.11,4.385,3.834
08/31/2009,0.13131529994635052,4.1,4.362,3.837
08/24/2009,0.11886456789136111,4.08,4.317,3.842
08/17/2009,0.1103566377704576,4.07,4.29,3.849
08/10/2009,0.11160790966593716,4.06,4.283,3.836
08/03/2009,0.11147349236477698,4.05,4.272,3.827
07/27/2009,0.10445978891420366,4.03,4.238,3.821
07/20/2009,0.10057635407987303,4.02,4.221,3.818
07/13/2009,0.10036833664059594,4.03,4.23,3.829
07/06/2009,0.09939036422108528,4.03,4.228,3.831
06/29/2009,0.09404202518023519,4.04,4.228,3.851
06/22/2009,0.09377593774524459,4.05,4.237,3.862
06/15/2009,0.09304649644129538,4.06,4.246,3.873
06/08/2009,0.09599624211394943,4.07,4.261,3.878
06/01/2009,0.0956102661851749,4.08,4.271,3.888
05/25/2009,0.09489638033139092,4.08,4.269,3.89
05/18/2009,0.09495474974955173,4.08,4.269,3.89
05/11/2009,0.10542314973477127,4.09,4.3,3.879
05/04/2009,0.10419768711444607,4.09,4.298,3.881
04/27/2009,0.0973046144846174,4.08,4.274,3.885
04/20/2009,0.1460927513602232,4.1,4.392,3.807
04/13/2009,0.18094076931415978,4.13,4.491,3.768
04/06/2009,0.2530361644113347,4.17,4.676,3.663
03/30/2009,0.2589805986941879,4.19,4.707,3.672
03/23/2009,0.30115154158662377,4.24,4.842,3.637
03/16/2009,0.330202981512887,4.29,4.95,3.629
03/09/2009,0.3524299767329675,4.35,5.054,3.645
03/02/2009,0.36886201823988335,4.4,5.137,3.662
02/23/2009,0.37463767696268885,4.44,5.189,3.69
02/16/2009,0.3985566898196542,4.5,5.297,3.702
02/09/2009,0.402527560547101,4.55,5.355,3.744
02/02/2009,0.4102466294803652,4.6,5.42,3.779
01/26/2009,0.4089951766219255,4.65,5.467,3.832
01/19/2009,1.0921163291975813,4.44,6.624,2.255
01/12/2009,1.1016119734280307,4.49,6.693,2.286
01/05/2009,1.1145297575659432,4.56,6.789,2.33
12/29/2008,1.1288875404574188,4.64,6.897,2.382
12/22/2008,1.1553477508958072,4.71,7.02,2.399
12/15/2008,1.1497564820430455,4.77,7.069,2.47
12/08/2008,1.1446598378994521,4.81,7.099,2.52
12/01/2008,1.1466128468231986,4.84,7.133,2.546
11/24/2008,1.1468014618930342,4.87,7.163,2.576
11/17/2008,1.1525435889804776,4.89,7.195,2.584
11/10/2008,1.162432788164546,4.96,7.284,2.635
11/03/2008,1.1693360710249214,4.99,7.328,2.651
10/27/2008,1.1857463510380288,5.03,7.401,2.658
10/20/2008,1.6151676256661411,4.78,8.01,1.549
10/13/2008,1.635762714760304,4.83,8.101,1.558
10/06/2008,1.6550891995599513,4.88,8.19,1.569
09/29/2008,1.6712214247370096,4.92,8.262,1.577
09/22/2008,1.6870969588319455,4.97,8.344,1.595
09/15/2008,1.7014874798246387,5.01,8.412,1.607
09/08/2008,1.716191615904238,5.06,8.492,1.627
09/01/2008,1.2760826205618505,5.36,7.912,2.807
08/25/2008,1.286372772955025,5.41,7.982,2.837
08/18/2008,1.3022201177220385,5.45,8.054,2.845
08/11/2008,1.3186888057839878,5.5,8.137,2.862
08/04/2008,1.3295758671471138,5.52,8.179,2.86
07/28/2008,1.3409192751616332,5.59,8.271,2.908
07/21/2008,1.3476404527914705,5.65,8.345,2.954
07/14/2008,1.3541347431108914,5.71,8.418,3.001
07/07/2008,1.3530223708424038,5.77,8.476,3.063
06/30/2008,1.3503680357591408,5.79,8.49,3.089
06/23/2008,1.3504696151709596,5.8,8.5,3.099
06/16/2008,1.349431065857015,5.82,8.518,3.121
06/09/2008,1.3502242998850227,5.82,8.52,3.119
06/02/2008,0.2048320580377983,6.12,6.529,5.71
05/26/2008,0.2117092735333055,6.11,6.533,5.686
05/19/2008,0.21572292066444854,6.11,6.541,5.678
05/12/2008,0.2191812959629538,6.1,6.538,5.661
05/05/2008,0.22843788761937003,6.09,6.546,5.633
04/28/2008,0.2340886861853856,6.08,6.548,5.611
04/21/2008,0.2386343164760675,6.07,6.547,5.592
04/14/2008,0.23870906036428519,6.07,6.547,5.592
04/07/2008,0.24293947600173987,6.08,6.565,5.594
03/31/2008,0.26446405521355815,6.09,6.618,5.561
03/24/2008,1.346071750316453,5.77,8.462,3.077
03/17/2008,1.3627628240086387,5.8,8.525,3.074
03/10/2008,1.3729960458792296,5.82,8.565,3.074
03/03/2008,1.3957115862526899,5.85,8.641,3.058
02/25/2008,1.4206554401050242,5.89,8.731,3.048
02/18/2008,1.4443180972348162,5.93,8.818,3.041
02/11/2008,1.4570466782159037,5.99,8.904,3.075
02/04/2008,1.4658942571004225,6.03,8.961,3.098
01/28/2008,1.4803307375380677,6.08,9.04,3.119
01/21/2008,1.4947719600327,6.13,9.119,3.14
01/14/2008,1.5060425262920034,6.19,9.202,3.177
01/07/2008,1.5160572972351671,6.25,9.282,3.217
12/31/2007,1.5218114753477183,6.31,9.353,3.266
12/24/2007,1.5277639498626743,6.37,9.425,3.314
12/17/2007,1.5561994860878217,6.47,9.582,3.357
12/10/2007,1.6238180035028555,6.61,9.857,3.362
12/03/2007,1.6713402192551938,6.75,10.092,3.407
11/26/2007,1.7635906151939003,6.93,10.457,3.402
11/19/2007,1.8584206823267977,7.1,10.816,3.383
11/12/2007,1.9339972711976612,7.25,11.117,3.382
11/05/2007,1.0417011061240165,7.7,9.783,5.616
10/29/2007,1.0596724836004754,7.81,9.929,5.69
10/22/2007,1.0700308729190946,7.92,10.06,5.779
10/15/2007,2.0269194821205896,7.57,11.623,3.516
10/08/2007,2.612090239444265,7.21,12.434,1.985
10/01/2007,2.6582655707246405,7.33,12.646,2.013
09/24/2007,2.6930311420405073,7.46,12.846,2.073
09/17/2007,2.7208473827100264,7.59,13.031,2.148
09/10/2007,2.747259239678702,7.72,13.214,2.225
09/03/2007,2.7538310099750127,7.81,13.317,2.302
08/27/2007,2.759001955599162,7.91,13.428,2.391
08/20/2007,2.7545716889382277,7.97,13.479,2.46
08/13/2007,2.746031160420435,8.04,13.532,2.547
08/06/2007,2.7372576009575713,8.09,13.564,2.615
07/30/2007,2.736901375643631,8.11,13.583,2.636
07/23/2007,2.733859926093508,8.06,13.527,2.592
07/16/2007,2.7312165419460976,8.02,13.482,2.557
07/09/2007,2.7115887780045114,7.92,13.343,2.496
07/02/2007,2.681805491268895,7.8,13.163,2.436
06/25/2007,2.6516149405598095,7.68,12.983,2.376
06/18/2007,2.632905066461759,7.59,12.855,2.324
06/11/2007,2.6134629978249166,7.52,12.746,2.293
06/04/2007,2.5871505651005315,7.44,12.614,2.265
05/28/2007,1.952322694766416,7.8,11.704,3.895
05/21/2007,0.8135708997991508,8.17,9.797,6.542
05/14/2007,0.7901777012166312,8.04,9.62,6.459
05/07/2007,0.7543770728223386,7.93,9.438,6.421
04/30/2007,0.7093367010806644,7.79,9.208,6.371
04/23/2007,0.6130013911077199,7.67,8.896,6.443
04/16/2007,0.5588592881933697,7.58,8.697,6.462
04/09/2007,0.463976862030856,7.49,8.417,6.562
04/02/2007,0.4137436597701528,7.42,8.247,6.592
03/26/2007,0.3579208425057138,7.37,8.085,6.654
03/19/2007,0.3187081196016192,7.33,7.967,6.692
03/12/2007,0.2548317444903597,7.3,7.809,6.79
03/05/2007,0.22891943560999797,7.27,7.727,6.812
02/26/2007,0.1994011584720611,7.24,7.638,6.841
02/19/2007,0.18282898566693415,7.22,7.585,6.854
02/12/2007,0.18282898566693415,7.22,7.585,6.854
02/05/2007,0.1835624457779968,7.23,7.597,6.862
01/29/2007,0.21143373902951249,7.2,7.622,6.777
01/22/2007,0.20218060243257754,7.16,7.564,6.755
01/15/2007,0.20388328523937405,7.13,7.537,6.722
01/08/2007,0.20220369927377682,7.11,7.514,6.705
01/01/2007,0.21102759061317067,7.08,7.502,6.657
12/25/2006,0.23700699462252153,7.06,7.534,6.585
12/18/2006,0.2505806317335798,7.04,7.541,6.538
12/11/2006,0.2641645642397934,7.03,7.558,6.501
12/04/2006,0.2814477375997184,7.01,7.572,6.447
11/27/2006,0.28973395814091235,6.99,7.569,6.41
11/20/2006,0.315877086854998,6.95,7.581,6.318
11/13/2006,0.3302347445378816,6.92,7.58,6.259
11/06/2006,0.3346068573714531,6.87,7.539,6.2
10/30/2006,0.3353635087483431,6.83,7.5,6.159
10/23/2006,0.3132311837924187,6.78,7.406,6.153
10/16/2006,0.2964374579907202,6.74,7.332,6.147
10/09/2006,0.28550632654986824,6.72,7.291,6.148
10/02/2006,0.2669224138209454,6.69,7.223,6.156
09/25/2006,0.22159290376724614,6.65,7.093,6.206
09/18/2006,0.16933245111318737,6.63,6.968,6.291
09/11/2006,0.18520061150007033,6.64,7.01,6.269
09/04/2006,0.1888181797391342,6.64,7.017,6.262
08/28/2006,0.19930935126079752,6.65,7.048,6.251
08/21/2006,0.1985103977125631,6.65,7.047,6.252
08/14/2006,0.2108337389982921,6.67,7.091,6.248
08/07/2006,0.23329075849677364,6.69,7.156,6.223
07/31/2006,1.4622944643607183,6.36,9.284,3.435
07/24/2006,1.4701495061727565,6.39,9.33,3.449
07/17/2006,1.4827209503139827,6.42,9.385,3.454
07/10/2006,1.4904141582124077,6.45,9.43,3.469
07/03/2006,1.4949480161530702,6.48,9.469,3.49
06/26/2006,1.499019663146551,6.5,9.498,3.501
06/19/2006,1.5052025293959614,6.54,9.55,3.529
06/12/2006,1.5124127991391767,6.58,9.604,3.555
06/05/2006,1.5307352289014584,6.64,9.701,3.578
05/29/2006,1.5597181000103832,6.72,9.839,3.6
05/22/2006,1.591971269056072,6.79,9.973,3.606
05/15/2006,1.6298519630629034,6.89,10.149,3.63
05/08/2006,1.6584328510675372,6.97,10.286,3.653
05/01/2006,1.6904339234350452,7.05,10.43,3.669
04/24/2006,1.7293572106421506,7.14,10.598,3.681
04/17/2006,1.7529098241210244,7.22,10.725,3.714
04/10/2006,1.7698517743020177,7.29,10.829,3.75
04/03/2006,1.7727941291926708,7.33,10.875,3.784
03/27/2006,1.7732521921599307,7.37,10.916,3.823
03/20/2006,1.7740353223653693,7.4,10.948,3.851
03/13/2006,0.5626682299543845,7.79,8.915,6.664
03/06/2006,0.5400423251931278,7.82,8.9,6.739
02/27/2006,0.5261702547655085,7.85,8.902,6.797
02/20/2006,0.5027686595244378,7.88,8.885,6.874
02/13/2006,0.459666536741582,7.93,8.849,7.01
02/06/2006,0.41148791355275566,7.99,8.812,7.167
01/30/2006,1.7669692075698433,7.64,11.173,4.106
01/23/2006,1.7675683162186404,7.68,11.215,4.144
01/16/2006,1.7697194174501223,7.7,11.239,4.16
01/09/2006,1.7683907601262792,7.69,11.226,4.153
01/02/2006,1.7648705462441148,7.67,11.199,4.14
12/26/2005,1.7619414980356187,7.66,11.183,4.136
12/19/2005,1.7555058666948395,7.62,11.131,4.108
12/12/2005,1.7447358969196456,7.57,11.059,4.08
12/05/2005,1.724206698165855,7.5,10.948,4.051
11/28/2005,1.7097188774766454,7.46,10.879,4.04
11/21/2005,1.6965612214123014,7.41,10.803,4.016
11/14/2005,1.6947984270998129,7.41,10.799,4.02
11/07/2005,1.7016862942387472,7.43,10.833,4.026
10/31/2005,1.704809118787203,7.44,10.849,4.03
10/24/2005,1.7044145848355088,7.44,10.848,4.031
10/17/2005,1.703514387670383,7.43,10.837,4.022
10/10/2005,1.7003658538679256,7.41,10.81,4.009
10/03/2005,1.699405683319907,7.4,10.798,4.001
09/26/2005,1.6945930616227602,7.36,10.749,3.97
09/19/2005,1.6817313449240339,7.32,10.683,3.956
09/12/2005,0.29019781615305096,7.7,8.28,7.119
09/05/2005,0.28666201352812687,7.7,8.273,7.126
08/29/2005,0.30292996880467277,7.71,8.315,7.104
08/22/2005,0.3015569589646374,7.7,8.303,7.096
08/15/2005,0.3028821742856453,7.71,8.315,7.104
08/08/2005,0.2726758845222657,7.67,8.215,7.124
08/01/2005,0.27694022459729467,7.7,8.253,7.146
07/25/2005,0.2913795608823652,7.74,8.322,7.157
07/18/2005,0.32951808523964193,7.8,8.459,7.14
07/11/2005,0.3576694933874009,7.84,8.555,7.124
07/04/2005,0.3779057250161738,7.89,8.645,7.134
06/27/2005,0.4044030372042228,7.94,8.748,7.131
06/20/2005,0.47931348092871334,7.98,8.938,7.021
06/13/2005,0.5799422928188632,8.06,9.219,6.9
06/06/2005,0.6139297736712237,8.13,9.357,6.902
05/30/2005,0.6323526401463032,8.21,9.474,6.945
05/23/2005,0.6518349557211549,8.3,9.603,6.996
05/16/2005,0.6530565974706939,8.37,9.676,7.063
05/09/2005,0.605179189579417,8.46,9.67,7.249
05/02/2005,0.563131547242738,8.52,9.646,7.393
04/25/2005,0.5310772505012806,8.57,9.632,7.507
04/18/2005,0.5217309541324915,8.61,9.653,7.566
04/11/2005,0.5206878441062361,8.64,9.681,7.598
04/04/2005,0.4764006061079268,8.7,9.652,7.747
03/28/2005,0.43383565724822576,8.75,9.617,7.882
03/21/2005,0.3659622535180369,8.83,9.561,8.098
03/14/2005,0.31557307077759333,8.86,9.491,8.228
03/07/2005,0.3567659351731888,8.84,9.553,8.126
02/28/2005,0.4646001641196437,8.79,9.719,7.86
02/21/2005,0.5477942706892798,8.74,9.835,7.644
02/14/2005,0.5847380699937366,8.7,9.869,7.53
02/07/2005,0.6135266440832052,8.66,9.887,7.432
01/31/2005,0.6159682836802557,8.67,9.901,7.438
01/24/2005,0.5989183759077691,8.65,9.847,7.452
01/17/2005,0.5939209551783805,8.64,9.827,7.452
01/10/2005,0.5898727460223941,8.64,9.819,7.46
01/03/2005,0.5965021630304452,8.64,9.833,7.446
12/27/2004,0.5976497557098137,8.64,9.835,7.444
12/20/2004,0.6212421271130927,8.67,9.912,7.427
12/13/2004,0.6263207029948794,8.69,9.942,7.437
12/06/2004,0.6930836594524501,8.76,10.146,7.373
11/29/2004,0.706315132571857,8.78,10.192,7.367
11/22/2004,0.8772940273933248,8.89,10.644,7.135
11/15/2004,0.9924326004822696,9.0,10.984,7.015
11/08/2004,1.1523196084420328,9.15,11.454,6.845
11/01/2004,1.3348112954646436,9.3,11.969,6.63
10/25/2004,1.4755127449466507,9.48,12.431,6.528
10/18/2004,1.4649679856570246,9.64,12.569,6.71
10/11/2004,1.431727306088698,9.84,12.703,6.976
10/04/2004,1.3852850610975347,10.07,12.84,7.299
09/27/2004,1.3393673853726618,10.27,12.948,7.591
09/20/2004,1.2589208287259372,10.48,12.997,7.962
09/13/2004,1.239040493890333,10.59,13.068,8.111
09/06/2004,1.1982347854239588,10.68,13.076,8.283
08/30/2004,1.1376585513676765,10.81,13.085,8.534
08/23/2004,1.0666409759145765,10.93,13.063,8.796
08/16/2004,1.010264426771526,10.99,13.01,8.969
08/09/2004,0.9451263672123427,11.03,12.92,9.139
08/02/2004,0.9332993756024914,11.04,12.906,9.173
07/26/2004,0.9453455907761988,11.04,12.93,9.149
07/19/2004,1.051731048319864,10.97,13.073,8.866
07/12/2004,1.1107087214927234,10.94,13.161,8.718
07/05/2004,1.2410845837411728,10.8,13.282,8.317
06/28/2004,1.3528538729293715,10.66,13.365,7.954
06/21/2004,1.4244758690479808,10.49,13.338,7.641
06/14/2004,1.4440997546914827,10.29,13.178,7.401
06/07/2004,1.4235281716566062,10.1,12.947,7.252
05/31/2004,1.4476807952722173,9.97,12.865,7.074
05/24/2004,1.4407415968868256,9.81,12.691,6.928
05/17/2004,1.422048028373163,9.6,12.444,6.755
05/10/2004,1.3967096307035332,9.37,12.163,6.576
05/03/2004,1.3576932606446863,9.13,11.845,6.414
04/26/2004,1.3205745156938324,8.91,11.551,6.268
04/19/2004,1.2881650484312948,8.72,11.296,6.143
04/12/2004,1.1661245628147965,8.5,10.832,6.167
04/05/2004,1.0048125715774063,8.28,10.289,6.27
03/29/2004,0.8603822499331328,8.1,9.82,6.379
03/22/2004,0.7540649948777625,7.97,9.478,6.461
03/15/2004,0.6523444258978535,7.88,9.184,6.575
03/08/2004,0.6092546335482398,7.81,9.028,6.591
03/01/2004,0.5716778817655972,7.75,8.893,6.606
02/23/2004,0.5275842823663344,7.7,8.755,6.644
02/16/2004,0.5084790875739139,7.65,8.666,6.633
02/09/2004,0.4970405707786841,7.6,8.594,6.605
02/02/2004,0.48882359957350674,7.53,8.507,6.552
01/26/2004,0.4635100505922175,7.48,8.407,6.552
01/19/2004,0.41920386388963543,7.41,8.248,6.571
01/12/2004,0.3412931906733563,7.35,8.032,6.667
01/05/2004,0.2706522113340292,7.28,7.821,6.738
12/29/2003,0.25853633400355946,7.23,7.747,6.712
12/22/2003,0.2597607745599786,7.22,7.739,6.7
12/15/2003,0.2579470691828074,7.23,7.745,6.714
12/08/2003,0.25573573567258845,7.24,7.751,6.728
12/01/2003,0.2518177595007946,7.25,7.753,6.746
11/24/2003,0.37789143943730724,7.19,7.945,6.434
11/17/2003,0.46266782954945124,7.14,8.065,6.214
11/10/2003,0.5194013058320127,7.09,8.128,6.051
11/03/2003,0.5475772128202562,7.02,8.115,5.924
10/27/2003,0.5698002685152053,6.94,8.079,5.8
10/20/2003,0.5774113005475386,6.87,8.024,5.715
10/13/2003,0.5735584952731501,6.79,7.937,5.642
10/06/2003,0.5439274979259644,6.71,7.797,5.622
09/29/2003,0.5297156628796246,6.65,7.709,5.59
09/22/2003,0.5467795597862086,6.59,7.683,5.496
09/15/2003,0.5905165255943309,6.51,7.691,5.328
09/08/2003,0.6126034928891608,6.42,7.645,5.194
09/01/2003,0.6379245511814075,6.33,7.605,5.054
08/25/2003,0.66221478464317,6.22,7.544,4.895
08/18/2003,0.6704265235654091,6.15,7.49,4.809
08/11/2003,0.6880376003533528,6.06,7.436,4.683
08/04/2003,0.6872567627895705,5.95,7.324,4.575
07/28/2003,0.6491576430267151,5.84,7.138,4.541
07/21/2003,0.5775634073415662,5.73,6.885,4.574
07/14/2003,0.4617858156115235,5.62,6.543,4.696
07/07/2003,0.46346646804272684,5.59,6.516,4.663
06/30/2003,1.2228369519277702,5.31,7.755,2.864
06/23/2003,1.618217048173699,5.02,8.256,1.783
06/16/2003,1.8857343798902324,4.73,8.501,0.958
06/09/2003,2.0786823932481844,4.45,8.607,0.292
06/02/2003,2.2170886900392595,4.17,8.604,-0.264
05/26/2003,2.3146456207160524,3.88,8.509,-0.749
05/19/2003,2.364695944830963,3.6,8.329,-1.129
05/12/2003,2.3743787711736304,3.31,8.058,-1.438
05/05/2003,2.3817967278926218,3.04,7.803,-1.723
04/28/2003,2.3799091042516727,2.78,7.539,-1.979
04/21/2003,2.3558171240569585,2.53,7.241,-2.181
04/14/2003,2.312607711761768,2.28,6.905,-2.345
04/07/2003,2.258226838140934,2.05,6.566,-2.466
03/31/2003,2.1535079875635477,1.8,6.107,-2.507
03/24/2003,2.0374078817212817,1.56,5.634,-2.514
03/17/2003,1.8983566298248598,1.33,5.126,-2.466
03/10/2003,1.7112226934271295,1.09,4.512,-2.332
03/03/2003,1.4497393962364409,0.85,3.749,-2.049
02/24/2003,1.0591296056196333,0.6,2.718,-1.518
02/17/2003,0.07090081804887725,0.35,0.491,0.208
02/10/2003,0.07176781660326584,0.35,0.493,0.206
02/03/2003,0.07176781660326584,0.35,0.493,0.206
01/27/2003,0.0718075170159782,0.35,0.493,0.206
01/20/2003,0.06902972910275687,0.35,0.488,0.211
01/13/2003,0.0674988592496199,0.34,0.474,0.205
01/06/2003,0.0657015106371231,0.34,0.471,0.208
12/30/2002,0.05763300269810692,0.33,0.445,0.214
12/23/2002,0.045483458531646426,0.33,0.42,0.239
12/16/2002,0.04256678282416936,0.32,0.405,0.234
12/09/2002,0.04180587279318541,0.32,0.403,0.236
12/02/2002,0.04187279546435847,0.32,0.403,0.236
11/25/2002,0.04871187740171795,0.33,0.427,0.232
11/18/2002,0.06284721553100026,0.34,0.465,0.214
11/11/2002,0.07820235610261368,0.35,0.506,0.193
11/04/2002,0.10088344016735354,0.36,0.561,0.158
10/28/2002,0.1060848740396104,0.37,0.582,0.157
10/21/2002,0.10322793226641713,0.37,0.576,0.163
10/14/2002,0.10166371771679414,0.38,0.583,0.176
10/07/2002,0.0983530223226516,0.38,0.576,0.183
09/30/2002,0.09898897413348622,0.38,0.577,0.182
09/23/2002,0.09898897413348622,0.38,0.577,0.182
09/16/2002,0.09982590094759977,0.38,0.579,0.18
09/09/2002,0.10095644605472204,0.37,0.571,0.168
09/02/2002,0.10135628988868921,0.37,0.572,0.167
08/26/2002,0.10247385520219292,0.37,0.574,0.165
08/19/2002,0.10696157721350225,0.37,0.583,0.156
08/12/2002,0.11511367859642051,0.36,0.59,0.129
08/05/2002,0.12036002243269982,0.35,0.59,0.109
07/29/2002,0.12246031806262796,0.34,0.584,0.095
07/22/2002,0.12381118689359213,0.34,0.587,0.092
07/15/2002,0.12622994890278616,0.33,0.582,0.077
07/08/2002,0.1239870053674981,0.32,0.567,0.072
07/01/2002,0.11791454532838604,0.31,0.545,0.074
06/24/2002,0.10759641025610474,0.29,0.505,0.074
06/17/2002,0.07733180134976814,0.27,0.424,0.115
06/10/2002,0.05393111810448584,0.25,0.357,0.142
06/03/2002,0.05243429698203267,0.25,0.354,0.145
05/27/2002,0.05213487796091979,0.24,0.344,0.135
05/20/2002,0.05121753117829871,0.24,0.342,0.137
05/13/2002,0.051596855524343725,0.24,0.343,0.136
05/06/2002,0.051596855524343725,0.24,0.343,0.136
04/29/2002,0.051596855524343725,0.24,0.343,0.136
04/22/2002,0.05654592823537342,0.24,0.353,0.126
04/15/2002,0.06819138142023522,0.25,0.386,0.113
04/08/2002,0.0794731841566701,0.25,0.408,0.091
04/01/2002,0.08452399955042354,0.26,0.429,0.09
03/25/2002,0.09997280880319408,0.28,0.479,0.08
03/18/2002,0.11368955536899597,0.3,0.527,0.072
03/11/2002,0.12623930845818193,0.31,0.562,0.057
03/04/2002,0.13228605557654216,0.33,0.594,0.065
02/25/2002,0.13025903807413902,0.33,0.59,0.069
02/18/2002,0.134270059953811,0.34,0.608,0.071
02/11/2002,0.13685242599238057,0.36,0.633,0.086
02/04/2002,0.1425544211871382,0.38,0.665,0.094
01/28/2002,0.1503703976851827,0.41,0.71,0.109
01/21/2002,0.17399399558605463,0.44,0.787,0.092
01/14/2002,0.191503170992023,0.48,0.863,0.096
01/07/2002,0.2111010575530118,0.52,0.942,0.097
12/31/2001,0.21688206242103103,0.55,0.983,0.116
12/24/2001,0.22607701453265877,0.59,1.042,0.137
12/17/2001,0.2348978905822698,0.63,1.099,0.16
12/10/2001,0.23936796255973772,0.66,1.138,0.181
12/03/2001,0.24069939135776808,0.7,1.181,0.218
11/26/2001,0.2484145698223033,0.73,1.226,0.233
11/19/2001,0.27301286141865183,0.77,1.316,0.223
11/12/2001,0.263174487745298,0.81,1.336,0.283
11/05/2001,0.2623583284365107,0.84,1.364,0.315
10/29/2001,0.2583425100520625,0.86,1.376,0.343
10/22/2001,0.251349781181524,0.89,1.392,0.387
10/15/2001,0.23807243225539576,0.91,1.386,0.433
10/08/2001,0.2065238497123274,0.95,1.363,0.536
10/01/2001,0.18466710183462565,0.99,1.359,0.62
09/24/2001,0.15981458318939482,1.02,1.339,0.7
09/17/2001,0.15854348614812278,1.06,1.377,0.742
09/10/2001,0.15879880194762175,1.1,1.417,0.782
09/03/2001,0.18465267260454152,1.14,1.509,0.77
08/27/2001,0.19132981341129252,1.16,1.542,0.777
08/20/2001,0.20846872547219164,1.2,1.616,0.783
08/13/2001,0.20007733879677628,1.21,1.61,0.809
08/06/2001,0.20912855735169217,1.24,1.658,0.821
07/30/2001,0.23658123551964133,1.28,1.753,0.806
07/23/2001,0.27293171490319695,1.33,1.875,0.784
07/16/2001,0.28816738712074963,1.37,1.946,0.793
07/09/2001,0.3092503217459927,1.41,2.028,0.791
07/02/2001,0.32910690892170585,1.44,2.098,0.781
06/25/2001,0.3523293984327734,1.5,2.204,0.795
06/18/2001,0.380730378351925,1.56,2.321,0.798
06/11/2001,0.42061455157899613,1.63,2.471,0.788
06/04/2001,0.4292329583105193,1.7,2.558,0.841
05/28/2001,0.4044945889625719,1.75,2.558,0.941
05/21/2001,0.37796328260824485,1.78,2.535,1.024
05/14/2001,0.35881281401310067,1.8,2.517,1.082
05/07/2001,0.33964049743809993,1.81,2.489,1.13
04/30/2001,0.33261973408082685,1.84,2.505,1.174
04/23/2001,0.3248688835515029,1.88,2.529,1.23
04/16/2001,0.35906083607099226,1.93,2.648,1.211
04/09/2001,0.35804885979430234,1.98,2.696,1.263
04/02/2001,0.36013368975978904,2.02,2.74,1.299
03/26/2001,0.33173085852841605,2.08,2.743,1.416
03/19/2001,0.311904983127875,2.11,2.733,1.486
03/12/2001,0.32234844888722514,2.16,2.804,1.515
03/05/2001,0.351105520463578,2.2,2.902,1.497
02/26/2001,0.38289171380430786,2.25,3.015,1.484
02/19/2001,0.42349260737349365,2.31,3.156,1.463
02/12/2001,0.4724090097574347,2.39,3.334,1.445
02/05/2001,0.5473952342686225,2.46,3.554,1.365
01/29/2001,0.5807368844838426,2.51,3.671,1.348
01/22/2001,0.6234176360995893,2.56,3.806,1.313
01/15/2001,0.6631429627161853,2.62,3.946,1.293
01/08/2001,0.6985438214600428,2.72,4.117,1.322
01/01/2001,0.694465744655559,2.82,4.208,1.431
12/25/2000,0.67274334667836,2.94,4.285,1.594
12/18/2000,0.6218416024197803,3.05,4.293,1.806
12/11/2000,0.5831178427213491,3.12,4.286,1.953
12/04/2000,0.5392662663286106,3.18,4.258,2.101
11/27/2000,0.5525283716697271,3.25,4.355,2.144
11/20/2000,0.5193902189105991,3.3,4.338,2.261
11/13/2000,0.4979992163648453,3.38,4.375,2.384
11/06/2000,0.4680709422726431,3.44,4.376,2.503
10/30/2000,0.3802794492212273,3.53,4.29,2.769
10/23/2000,0.33134967556948053,3.6,4.262,2.937
10/16/2000,0.28857027480320974,3.65,4.227,3.072
10/09/2000,0.25311326318468574,3.7,4.206,3.193
10/02/2000,0.2271698472509061,3.74,4.194,3.285
09/25/2000,0.22489121147790553,3.78,4.229,3.33
09/18/2000,0.22832546726110078,3.8,4.256,3.343
09/11/2000,0.23206415600001656,3.84,4.304,3.375
09/04/2000,0.28994080430322333,3.9,4.479,3.32
08/28/2000,0.30449604020413795,3.94,4.548,3.331
08/21/2000,0.30688280906561066,3.95,4.563,3.336
08/14/2000,0.31992984621632287,3.99,4.629,3.35
08/07/2000,0.38745862488787114,4.04,4.814,3.265
07/31/2000,0.4468639339888597,4.11,5.003,3.216
07/24/2000,0.511999750976502,4.21,5.233,3.186
07/17/2000,0.5452843052023413,4.31,5.4,3.219
07/10/2000,0.0,0.0,0.0,0.0
07/03/2000,0.0,0.0,0.0,0.0
06/26/2000,0.0,0.0,0.0,0.0
06/19/2000,0.0,0.0,0.0,0.0
06/12/2000,0.0,0.0,0.0,0.0
06/05/2000,0.0,0.0,0.0,0.0
05/29/2000,0.0,0.0,0.0,0.0
05/22/2000,0.0,0.0,0.0,0.0
05/15/2000,0.0,0.0,0.0,0.0
05/08/2000,0.0,0.0,0.0,0.0
05/01/2000,0.0,0.0,0.0,0.0
04/24/2000,0.0,0.0,0.0,0.0
04/17/2000,0.0,0.0,0.0,0.0
04/10/2000,0.0,0.0,0.0,0.0
04/03/2000,0.0,0.0,0.0,0.0
03/27/2000,0.0,0.0,0.0,0.0
03/20/2000,0.0,0.0,0.0,0.0
03/13/2000,0.0,0.0,0.0,0.0
03/06/2000,0.0,0.0,0.0,0.0
