12/26/2022,0.2788816953476868,1.79,2.347,1.232
12/19/2022,0.259297126864144,1.75,2.268,1.231
12/12/2022,0.23842189496772315,1.72,2.196,1.243
12/05/2022,0.2381386150963342,1.69,2.166,1.213
11/28/2022,0.23271226869247782,1.63,2.095,1.164
11/21/2022,0.23305578731282345,1.59,2.056,1.123
11/14/2022,0.2302281477143922,1.54,2.0,1.079
11/07/2022,0.23410467744152402,1.5,1.968,1.031
10/31/2022,0.22853883696212335,1.47,1.927,1.012
10/24/2022,0.2190319611380951,1.45,1.888,1.011
10/17/2022,0.21180179413782121,1.43,1.853,1.006
10/10/2022,0.2123205124334434,1.44,1.864,1.015
10/03/2022,0.21307275752662516,1.43,1.856,1.003
09/26/2022,0.2134595980507787,1.43,1.856,1.003
09/19/2022,0.21316660151158764,1.43,1.856,1.003
09/12/2022,0.21297887219158618,1.43,1.855,1.004
09/05/2022,0.2027806696901852,1.41,1.815,1.004
08/29/2022,0.1812181006411887,1.39,1.752,1.027
08/22/2022,0.1587293293629126,1.37,1.687,1.052
08/15/2022,0.14555067845942868,1.36,1.651,1.068
08/08/2022,0.1513109381373336,1.37,1.672,1.067
08/01/2022,0.16462077633154326,1.38,1.709,1.05
07/25/2022,0.17365195075207188,1.38,1.727,1.032
07/18/2022,0.17392527130926083,1.39,1.737,1.042
07/11/2022,0.168255757702374,1.4,1.736,1.063
07/04/2022,0.17304623659588783,1.43,1.776,1.083
06/27/2022,0.17455658108475886,1.47,1.819,1.12
06/20/2022,0.17796066981218067,1.5,1.855,1.144
06/13/2022,0.1796385259347226,1.54,1.899,1.18
06/06/2022,0.1950640920313116,1.57,1.96,1.179
05/30/2022,0.22438805672316878,1.6,2.048,1.151
05/23/2022,0.23826455884163722,1.63,2.106,1.153
05/16/2022,0.23488294957276062,1.65,2.119,1.18
05/09/2022,0.22705726150026562,1.68,2.134,1.225
05/02/2022,0.22461077445216204,1.7,2.149,1.25
04/25/2022,0.2198294793698061,1.73,2.169,1.29
04/18/2022,0.20960677469967426,1.76,2.179,1.34
04/11/2022,0.20848261318392958,1.79,2.206,1.373
04/04/2022,0.2183804020510998,1.84,2.276,1.403
03/28/2022,0.20348218595248083,1.86,2.266,1.453
03/21/2022,0.20560885194952086,1.89,2.301,1.478
03/14/2022,0.21254411306832283,1.91,2.335,1.484
03/07/2022,0.21272047386182646,1.94,2.365,1.514
02/28/2022,0.20146960068456976,1.98,2.382,1.577
02/21/2022,0.17535677916750178,2.02,2.37,1.669
02/14/2022,0.16622274212634078,2.05,2.382,1.717
02/07/2022,0.17484278652549548,2.08,2.429,1.73
01/31/2022,0.18517559234413153,2.11,2.48,1.739
01/24/2022,0.184200977196105,2.13,2.498,1.761
01/17/2022,0.1892220917334971,2.15,2.528,1.771
01/10/2022,0.21368200672962614,2.18,2.607,1.752
01/03/2022,0.2203519911414462,2.2,2.64,1.759
12/27/2021,0.2164832557035301,2.23,2.662,1.797
12/20/2021,0.1982296647830491,2.26,2.656,1.863
12/13/2021,0.1863866948041088,2.3,2.672,1.927
12/06/2021,0.17990275150758533,2.33,2.689,1.97
11/29/2021,0.18669493833524253,2.36,2.733,1.986
11/22/2021,0.19187235340194275,2.4,2.783,2.016
11/15/2021,0.20154403985233602,2.42,2.823,2.016
11/08/2021,0.20264500980779174,2.46,2.865,2.054
11/01/2021,0.21444113411377028,2.5,2.928,2.071
10/25/2021,0.21502325455633867,2.53,2.96,2.099
10/18/2021,0.2218670773233379,2.58,3.023,2.136
10/11/2021,0.23208834524809727,2.6,3.064,2.135
10/04/2021,0.23182967885928665,2.64,3.103,2.176
09/27/2021,0.22117866081518803,2.68,3.122,2.237
09/20/2021,0.3001333037168651,2.74,3.34,2.139
09/13/2021,0.3496212236120685,2.8,3.499,2.1
09/06/2021,0.36432814878897296,2.86,3.588,2.131
08/30/2021,0.41539138171127243,2.93,3.76,2.099
08/23/2021,0.4663099827368057,3.0,3.932,2.067
08/16/2021,0.49637687295038235,3.08,4.072,2.087
08/09/2021,0.5102842345203309,3.15,4.17,2.129
08/02/2021,0.5067790445549224,3.22,4.233,2.206
07/26/2021,0.5005397087145035,3.29,4.291,2.288
07/19/2021,0.4939838054025658,3.35,4.337,2.362
07/12/2021,0.48141458224694444,3.4,4.362,2.437
07/05/2021,0.4572362627788833,3.45,4.364,2.535
06/28/2021,0.43984656415618384,3.51,4.389,2.63
06/21/2021,0.4287248534899744,3.57,4.427,2.712
06/14/2021,0.40535169914532243,3.61,4.42,2.799
06/07/2021,0.36664696916789047,3.66,4.393,2.926
05/31/2021,0.3426806093142709,3.71,4.395,3.024
05/24/2021,0.3080746662742654,3.76,4.376,3.143
05/17/2021,0.2799196313229924,3.84,4.399,3.28
05/10/2021,0.19954949260772373,3.88,4.279,3.48
05/03/2021,0.1933390803743516,3.9,4.286,3.513
04/26/2021,0.18433664855367202,3.91,4.278,3.541
04/19/2021,0.16815171720800237,3.92,4.256,3.583
04/12/2021,0.1684042754801671,3.91,4.246,3.573
04/05/2021,0.18077610461562668,3.89,4.251,3.528
03/29/2021,0.1954098257509074,3.87,4.26,3.479
03/22/2021,0.2066639784771405,3.86,4.273,3.446
03/15/2021,0.22219360926903364,3.84,4.284,3.395
03/08/2021,0.247275150389197,3.81,4.304,3.315
03/01/2021,0.2557733371561625,3.78,4.291,3.268
02/22/2021,0.265329983228432,3.77,4.3,3.239
02/15/2021,0.2725802634087802,3.76,4.305,3.214
02/08/2021,0.27640549922170504,3.73,4.282,3.177
02/01/2021,0.27966944774143637,3.7,4.259,3.14
01/25/2021,0.28217016142746204,3.68,4.244,3.115
01/18/2021,0.2827366265626015,3.68,4.245,3.114
01/11/2021,0.2720937338492013,3.66,4.204,3.115
01/04/2021,0.255068618218706,3.65,4.16,3.139
12/28/2020,0.19146801299433802,3.62,4.002,3.237
12/21/2020,0.18541844568434931,3.61,3.98,3.239
12/14/2020,0.190144681755762,3.61,3.99,3.229
12/07/2020,0.220034088268159,3.63,4.07,3.189
11/30/2020,0.23161390286422787,3.64,4.103,3.176
11/23/2020,0.23212065827926645,3.64,4.104,3.175
11/16/2020,0.23941595602632668,3.66,4.138,3.181
11/09/2020,0.2521408336624593,3.69,4.194,3.185
11/02/2020,0.2515651009182314,3.7,4.203,3.196
10/26/2020,0.24659683696268284,3.71,4.203,3.216
10/19/2020,0.2321529668128322,3.73,4.194,3.265
10/12/2020,0.24665765749313354,3.77,4.263,3.276
10/05/2020,0.23673825208444868,3.78,4.253,3.306
09/28/2020,0.22634045153264135,3.79,4.242,3.337
09/21/2020,0.20935615586841475,3.81,4.228,3.391
09/14/2020,0.18813558940296216,3.82,4.196,3.443
09/07/2020,0.1675410397484747,3.84,4.175,3.504
08/31/2020,0.1750285690965906,3.84,4.19,3.489
08/24/2020,0.1711870322191491,3.85,4.192,3.507
08/17/2020,0.1712016355062065,3.85,4.192,3.507
08/10/2020,0.18474306482247174,3.83,4.199,3.46
08/03/2020,0.22062411472910207,3.81,4.251,3.368
07/27/2020,0.2574101785089315,3.77,4.284,3.255
07/20/2020,0.25147564494399843,3.76,4.262,3.257
07/13/2020,0.2786036611389017,3.78,4.337,3.222
07/06/2020,0.3082774724173013,3.81,4.426,3.193
06/29/2020,0.35865024745565144,3.84,4.557,3.122
06/22/2020,0.41903460477626425,3.88,4.718,3.041
06/15/2020,0.46922276159623805,3.94,4.878,3.001
06/08/2020,0.4951918820013107,3.99,4.98,2.999
06/01/2020,0.5303253718237513,4.04,5.1,2.979
05/25/2020,0.5686035525741991,4.08,5.217,2.942
05/18/2020,0.5922077338231916,4.14,5.324,2.955
05/11/2020,0.5977332180831179,4.2,5.395,3.004
05/04/2020,0.5962885207682603,4.25,5.442,3.057
04/27/2020,0.5889991511029536,4.3,5.477,3.122
04/20/2020,0.5849786320883866,4.34,5.509,3.17
04/13/2020,0.5532223784338447,4.38,5.486,3.273
04/06/2020,0.5579605720837271,4.38,5.495,3.264
03/30/2020,0.552268050859363,4.39,5.494,3.285
03/23/2020,0.5184013888870284,4.42,5.456,3.383
03/16/2020,0.4612103641506769,4.45,5.372,3.527
03/09/2020,0.35896378647434624,4.51,5.227,3.792
03/02/2020,0.3515181360897329,4.52,5.223,3.816
02/24/2020,0.3612893577176056,4.55,5.272,3.827
02/17/2020,0.35952051401832413,4.55,5.269,3.83
02/10/2020,0.35963870759416317,4.54,5.259,3.82
02/03/2020,0.3590334246278472,4.51,5.228,3.791
01/27/2020,0.3500928448283398,4.49,5.19,3.789
01/20/2020,0.34620080878010673,4.48,5.172,3.787
01/13/2020,0.33597618963253933,4.45,5.121,3.778
01/06/2020,0.3148015247739439,4.42,5.049,3.79
12/30/2019,0.30312538659769167,4.37,4.976,3.763
12/23/2019,0.28596328435657614,4.34,4.911,3.768
12/16/2019,0.27495454169735045,4.32,4.869,3.77
12/09/2019,0.2603747299566531,4.3,4.82,3.779
12/02/2019,0.250728937300823,4.29,4.791,3.788
11/25/2019,0.25604687070925125,4.3,4.812,3.787
11/18/2019,0.23651638421048135,4.35,4.823,3.876
11/11/2019,0.23447814397081884,4.38,4.848,3.911
11/04/2019,0.24630265934414927,4.41,4.902,3.917
10/28/2019,0.2364423819876632,4.45,4.922,3.977
10/21/2019,0.2345314477847268,4.47,4.939,4.0
10/14/2019,0.23346305917639307,4.49,4.956,4.023
10/07/2019,0.2105469068877527,4.48,4.901,4.058
09/30/2019,0.20988091861815358,4.47,4.889,4.05
09/23/2019,0.2114119201937299,4.46,4.882,4.037
09/16/2019,0.20389948504103686,4.48,4.887,4.072
09/09/2019,0.22472205054244235,4.5,4.949,4.05
09/02/2019,0.2568559907808265,4.53,5.043,4.016
08/26/2019,0.2915132930073688,4.57,5.153,3.986
08/19/2019,0.31342463208880056,4.62,5.246,3.993
08/12/2019,0.3044749579193665,4.69,5.298,4.081
08/05/2019,0.30296039345102516,4.73,5.335,4.124
07/29/2019,0.28877326746082294,4.77,5.347,4.192
07/22/2019,0.28420063335608525,4.8,5.368,4.231
07/15/2019,0.28296642910423137,4.84,5.405,4.274
07/08/2019,0.28486839066488234,4.87,5.439,4.3
07/01/2019,0.31967170659912963,4.91,5.549,4.27
06/24/2019,0.32285445637314664,4.94,5.585,4.294
06/17/2019,0.3288692749406671,4.96,5.617,4.302
06/10/2019,0.3343800233267533,4.99,5.658,4.321
06/03/2019,0.32880085158040584,5.02,5.677,4.362
05/27/2019,0.32570692347569163,5.05,5.701,4.398
05/20/2019,0.30938648968563576,5.08,5.698,4.461
05/13/2019,0.27180875629751156,5.11,5.653,4.566
05/06/2019,0.2137638884376872,5.14,5.567,4.712
04/29/2019,0.17949930361981908,5.15,5.508,4.791
04/22/2019,0.18315294155431952,5.15,5.516,4.783
04/15/2019,0.1953330489190193,5.14,5.53,4.749
04/08/2019,0.20659138413786768,5.12,5.533,4.706
04/01/2019,0.21664487069856977,5.09,5.523,4.656
03/25/2019,0.23415806627148253,5.06,5.528,4.591
03/18/2019,0.2585536694769579,5.03,5.547,4.512
03/11/2019,0.2971026758546614,5.0,5.594,4.405
03/04/2019,0.315729314445143,4.97,5.601,4.338
02/25/2019,0.322583322569534,4.94,5.585,4.294
02/18/2019,0.32772702055216624,4.91,5.565,4.254
02/11/2019,0.29296757499764375,4.87,5.455,4.284
02/04/2019,0.28321370023358683,4.86,5.426,4.293
01/28/2019,0.2671890716328046,4.84,5.374,4.305
01/21/2019,0.2443869881969987,4.81,5.298,4.321
01/14/2019,0.22632940595512546,4.79,5.242,4.337
01/07/2019,0.19061741788199732,4.76,5.141,4.378
12/31/2018,0.17024981644630338,4.75,5.09,4.409
12/24/2018,0.16487874332369226,4.75,5.079,4.42
12/17/2018,0.16740669042783207,4.75,5.084,4.415
12/10/2018,0.1999124808509964,4.77,5.169,4.37
12/03/2018,0.21725560982400427,4.79,5.224,4.355
11/26/2018,0.23182967885928665,4.81,5.273,4.346
11/19/2018,0.24435629723827457,4.82,5.308,4.331
11/12/2018,0.24529573987332104,4.83,5.32,4.339
11/05/2018,0.24196074061715053,4.84,5.323,4.356
10/29/2018,0.23781295170784955,4.87,5.345,4.394
10/22/2018,0.2250444400557365,4.92,5.37,4.469
10/15/2018,0.22618576436195098,4.96,5.412,4.507
10/08/2018,0.22609732417700132,5.0,5.452,4.547
10/01/2018,0.24560130292814003,5.05,5.541,4.558
09/24/2018,0.2662329806766998,5.1,5.632,4.567
09/17/2018,0.3076930288453088,5.14,5.755,4.524
09/10/2018,0.3514896869041822,5.19,5.892,4.487
09/03/2018,0.41241968915171845,5.27,6.094,4.445
08/27/2018,0.46095010575983175,5.36,6.281,4.438
08/20/2018,0.5002049579922215,5.43,6.43,4.429
08/13/2018,0.51226458007557,5.5,6.524,4.475
08/06/2018,0.5246856201574426,5.58,6.629,4.53
07/30/2018,0.5164300533470144,5.63,6.662,4.597
07/23/2018,0.5319257466977887,5.69,6.753,4.626
07/16/2018,0.5367913933736271,5.75,6.823,4.676
07/09/2018,0.5257233112579278,5.79,6.841,4.738
07/02/2018,0.5155240052606669,5.85,6.881,4.818
06/25/2018,0.47359265197002376,5.91,6.857,4.962
06/18/2018,0.41005487437658883,5.97,6.79,5.149
06/11/2018,0.36493835095807625,6.03,6.759,5.3
06/04/2018,0.3358496687507671,6.09,6.761,5.418
05/28/2018,0.2964371771556328,6.13,6.722,5.537
05/21/2018,0.23950991628740548,6.16,6.639,5.68
05/14/2018,0.21516272911450066,6.17,6.6,5.739
05/07/2018,0.21280272554645535,6.18,6.605,5.754
04/30/2018,0.24026027553467935,6.16,6.64,5.679
04/23/2018,0.2988812473207378,6.13,6.727,5.532
04/16/2018,0.3586711585840155,6.07,6.787,5.352
04/09/2018,0.38266826364358986,6.02,6.785,5.254
04/02/2018,0.3924092251718861,5.97,6.754,5.185
03/26/2018,0.39272127520672984,5.95,6.735,5.164
03/19/2018,0.3821060062338722,5.91,6.674,5.145
03/12/2018,0.38103805584219536,5.9,6.662,5.137
03/05/2018,0.36638094928639503,5.88,6.612,5.147
02/26/2018,0.35049964336643763,5.86,6.56,5.159
02/19/2018,0.3490128937446294,5.86,6.558,5.161
02/12/2018,0.34323461363912583,5.85,6.536,5.163
02/05/2018,0.3377425054682931,5.84,6.515,5.164
01/29/2018,0.33613985184741185,5.84,6.512,5.167
01/22/2018,0.3166306997118251,5.81,6.443,5.176
01/15/2018,0.2791146717748818,5.78,6.338,5.221
01/08/2018,0.2689516685205727,5.77,6.307,5.232
01/01/2018,0.2658853136222459,5.75,6.281,5.218
12/25/2017,0.26494339017986474,5.73,6.259,5.2
12/18/2017,0.2702683851285607,5.72,6.26,5.179
12/11/2017,0.2744995446262161,5.71,6.258,5.161
12/04/2017,0.26284025566872365,5.72,6.245,5.194
11/27/2017,0.23310941636922355,5.75,6.216,5.283
11/20/2017,0.21466252583997986,5.77,6.199,5.34
11/13/2017,0.20838665984174712,5.77,6.186,5.353
11/06/2017,0.21622904522750874,5.76,6.192,5.327
10/30/2017,0.21938550544646293,5.76,6.198,5.321
10/23/2017,0.22448830704515552,5.74,6.188,5.291
10/16/2017,0.22187834504520718,5.72,6.163,5.276
10/09/2017,0.2176465023840264,5.71,6.145,5.274
10/02/2017,0.1994241710525583,5.68,6.078,5.281
09/25/2017,0.1630490723677998,5.65,5.976,5.323
09/18/2017,0.14247806848775013,5.62,5.904,5.335
09/11/2017,0.13724066452768297,5.6,5.874,5.325
09/04/2017,0.12686607111438428,5.58,5.833,5.326
08/28/2017,0.11813128290169375,5.56,5.796,5.323
08/21/2017,0.0834266144584569,5.54,5.706,5.373
08/14/2017,0.08414273587185057,5.54,5.708,5.371
08/07/2017,0.08449852069711049,5.54,5.708,5.371
07/31/2017,0.10862780491200225,5.52,5.737,5.302
07/24/2017,0.1338095661752179,5.51,5.777,5.242
07/17/2017,0.17576973573399943,5.48,5.831,5.128
07/10/2017,0.20038712533493755,5.44,5.84,5.039
07/03/2017,0.20930838492521026,5.41,5.828,4.991
06/26/2017,0.22010224896624744,5.39,5.83,4.949
06/19/2017,0.2404890849913983,5.36,5.84,4.879
06/12/2017,0.25599804686754934,5.32,5.831,4.808
06/05/2017,0.26055709547045536,5.3,5.821,4.778
05/29/2017,0.255323324433942,5.27,5.78,4.759
05/22/2017,0.2641685068285014,5.23,5.758,4.701
05/15/2017,0.28711495955453104,5.18,5.754,4.605
05/08/2017,0.30770927837814704,5.13,5.745,4.514
05/01/2017,0.331074009852782,5.08,5.742,4.417
04/24/2017,0.3360282726200282,5.04,5.712,4.367
04/17/2017,0.32591409911202057,5.0,5.651,4.348
04/10/2017,0.3162198602238639,4.98,5.612,4.347
04/03/2017,0.29774149861918814,4.94,5.535,4.344
03/27/2017,0.2648112535373072,4.88,5.409,4.35
03/20/2017,0.22399776784602116,4.85,5.297,4.402
03/13/2017,0.21662179022434472,4.84,5.273,4.406
03/06/2017,0.20609463845524947,4.83,5.242,4.417
02/27/2017,0.21077238908357993,4.84,5.261,4.418
02/20/2017,0.21468581695119035,4.84,5.269,4.41
02/13/2017,0.21130546609115441,4.84,5.262,4.417
02/06/2017,0.2049634113689563,4.82,5.229,4.41
01/30/2017,0.2187007087322764,4.83,5.267,4.392
01/23/2017,0.22359561713056897,4.84,5.287,4.392
01/16/2017,0.23862103846894975,4.85,5.327,4.372
01/09/2017,0.26393180937507327,4.87,5.397,4.342
01/02/2017,0.2955672512305787,4.91,5.501,4.318
12/26/2016,0.3029191311224829,4.95,5.555,4.344
12/19/2016,0.34736148318430465,5.01,5.704,4.315
12/12/2016,0.3699662146737186,5.09,5.829,4.35
12/05/2016,0.37918333296704915,5.14,5.898,4.381
11/28/2016,0.39877311845208424,5.2,5.997,4.402
11/21/2016,0.4134549552248709,5.24,6.066,4.413
11/14/2016,0.39768077650296346,5.29,6.085,4.494
11/07/2016,0.3723774966347993,5.35,6.094,4.605
10/31/2016,0.35547151784636694,5.39,6.1,4.679
10/24/2016,0.3523279722077144,5.41,6.114,4.705
10/17/2016,0.3371201566207514,5.44,6.114,4.765
10/10/2016,0.3322499059443057,5.48,6.144,4.815
10/03/2016,0.3191942981946889,5.5,6.138,4.861
09/26/2016,0.2889896191907246,5.53,6.107,4.952
09/19/2016,0.22824329124861484,5.57,6.026,5.113
09/12/2016,0.22462190454183226,5.61,6.059,5.16
09/05/2016,0.0,0.0,0.0,0.0
08/29/2016,0.0,0.0,0.0,0.0
08/22/2016,0.0,0.0,0.0,0.0
08/15/2016,0.0,0.0,0.0,0.0
08/08/2016,0.0,0.0,0.0,0.0
08/01/2016,0.0,0.0,0.0,0.0
07/25/2016,0.0,0.0,0.0,0.0
07/18/2016,0.0,0.0,0.0,0.0
07/11/2016,0.0,0.0,0.0,0.0
07/04/2016,0.0,0.0,0.0,0.0
06/27/2016,0.0,0.0,0.0,0.0
06/20/2016,0.0,0.0,0.0,0.0
06/13/2016,0.0,0.0,0.0,0.0
06/06/2016,0.0,0.0,0.0,0.0
05/30/2016,0.0,0.0,0.0,0.0
05/23/2016,0.0,0.0,0.0,0.0
05/16/2016,0.0,0.0,0.0,0.0
05/09/2016,0.0,0.0,0.0,0.0
05/02/2016,0.0,0.0,0.0,0.0
