12/26/2022,6.755646157104438,131.03,144.541,117.518
12/19/2022,6.804224055687758,131.58,145.188,117.971
12/12/2022,6.709092338014135,131.78,145.198,118.361
12/05/2022,6.756235638282606,131.63,145.142,118.117
11/28/2022,7.0078156368443345,130.8,144.815,116.784
11/21/2022,7.235664447720055,129.55,144.021,115.078
11/14/2022,7.931805595197096,128.21,144.073,112.346
11/07/2022,8.146396749483785,126.89,143.182,110.597
10/31/2022,7.789147578522311,125.69,141.268,110.111
10/24/2022,7.981014033316817,125.01,140.972,109.047
10/17/2022,7.696139291878752,124.65,140.042,109.257
10/10/2022,8.492192885232882,125.19,142.174,108.205
10/03/2022,9.238710137243183,126.18,144.657,107.702
09/26/2022,9.210929377646968,126.62,145.041,108.198
09/19/2022,9.347131378128799,127.42,146.114,108.725
09/12/2022,9.723608383722576,128.68,148.127,109.232
09/05/2022,11.32393504926622,129.9,152.547,107.252
08/29/2022,12.375546250570112,130.78,155.531,106.028
08/22/2022,13.468665115741796,132.18,159.117,105.242
08/15/2022,13.772158690633795,132.9,160.444,105.355
08/08/2022,14.304552422218599,133.66,162.269,105.05
08/01/2022,14.809573930400564,134.36,163.979,104.74
07/25/2022,15.249152271519883,135.44,165.938,104.941
07/18/2022,15.21047155745015,136.12,166.54,105.699
07/11/2022,14.801223091352957,136.96,166.562,107.357
07/04/2022,14.291723129140166,138.68,167.263,110.096
06/27/2022,13.064005128596666,140.62,166.748,114.491
06/20/2022,11.537831252016126,142.45,165.525,119.374
06/13/2022,9.919174108765306,143.89,163.728,124.051
06/06/2022,7.645496059772708,145.24,160.53,129.949
05/30/2022,6.523511707661757,145.98,159.027,132.932
05/23/2022,6.476417219420009,146.27,159.222,133.317
05/16/2022,6.521965577952709,146.76,159.803,133.716
05/09/2022,5.617810961575694,148.05,159.285,136.814
05/02/2022,5.137664839204679,148.95,159.225,138.674
04/25/2022,5.300207543106216,148.83,159.43,138.229
04/18/2022,5.114360175036564,148.37,158.598,138.141
04/11/2022,5.386738809335387,147.64,158.413,136.866
04/04/2022,5.608402624633864,146.67,157.886,135.453
03/28/2022,5.625361766144468,146.61,157.86,135.359
03/21/2022,5.582889484845639,146.25,157.415,135.084
03/14/2022,5.59933880025133,146.27,157.468,135.071
03/07/2022,5.4720530881927685,145.88,156.824,134.935
02/28/2022,5.47623045534061,145.87,156.822,134.917
02/21/2022,5.157542534967599,146.21,156.525,135.894
02/14/2022,5.148166178359049,145.76,156.056,135.463
02/07/2022,5.285526936834208,145.14,155.711,134.568
01/31/2022,5.581126230430558,144.44,155.602,133.277
01/24/2022,6.271678005127496,143.73,156.273,131.186
01/17/2022,7.212157097567967,142.93,157.354,128.505
01/10/2022,8.412284469750176,141.97,158.794,125.145
01/03/2022,8.84841059173906,140.95,158.646,123.253
12/27/2021,9.396070721317503,139.43,158.222,120.637
12/20/2021,9.303943518745157,137.75,156.357,119.142
12/13/2021,8.73790878872056,136.34,153.815,118.864
12/06/2021,8.733060460113625,135.87,153.336,118.403
11/29/2021,8.691350297853608,134.83,152.212,117.447
11/22/2021,9.232249725825229,133.88,152.344,115.415
11/15/2021,9.368339500679937,133.37,152.106,114.633
11/08/2021,9.115491484281032,132.49,150.72,114.259
11/01/2021,8.908965708767768,131.54,149.357,113.722
10/25/2021,7.736017709390277,130.13,145.602,114.657
10/18/2021,7.059016220409187,129.37,143.488,115.251
10/11/2021,6.528765197186985,128.52,141.577,115.462
10/04/2021,5.424885252242667,127.56,138.409,116.71
09/27/2021,4.561614297592466,126.53,135.653,117.406
09/20/2021,3.736113622469209,125.81,133.282,118.337
09/13/2021,3.0325096867116526,125.2,131.265,119.134
09/06/2021,2.8262572423613523,125.08,130.732,119.427
08/30/2021,2.8262572423613523,125.08,130.732,119.427
08/23/2021,2.857975682191855,125.33,131.045,119.614
08/16/2021,2.8178928297577253,125.17,130.805,119.534
08/09/2021,2.8252327337761036,125.16,130.81,119.509
08/02/2021,2.8913569478706695,125.11,130.892,119.327
07/26/2021,2.872598127131603,124.99,130.735,119.244
07/19/2021,2.4812043446681296,124.72,129.682,119.757
07/12/2021,2.5099243016473625,124.61,129.629,119.59
07/05/2021,2.2639158553267826,124.8,129.327,120.272
06/28/2021,2.8199884751537554,124.34,129.979,118.7
06/21/2021,3.81547506871687,123.61,131.24,115.979
06/14/2021,4.608603367615833,122.97,132.187,113.752
06/07/2021,6.57650971260592,121.85,135.003,108.696
05/31/2021,7.337598040230876,120.67,135.345,105.994
05/24/2021,7.736820083212483,119.85,135.323,104.376
05/17/2021,7.726886177497376,119.3,134.753,103.846
05/10/2021,7.909397575036926,118.81,134.628,102.991
05/03/2021,8.23510837815751,117.98,134.45,101.509
04/26/2021,8.623932687585173,117.04,134.287,99.792
04/19/2021,8.584458922960726,115.84,133.008,98.671
04/12/2021,8.219936739415944,115.01,131.449,98.57
04/05/2021,7.955259895188844,113.83,129.74,97.919
03/29/2021,7.984772695574998,112.7,128.669,96.73
03/22/2021,7.842292394446921,111.91,127.594,96.225
03/15/2021,8.56929810427902,110.49,127.628,93.351
03/08/2021,9.281894741915574,108.66,127.223,90.096
03/01/2021,8.851350461935173,107.09,124.792,89.387
02/22/2021,8.864394508368859,105.42,123.148,87.691
02/15/2021,8.316634836278432,103.8,120.433,87.166
02/08/2021,8.4282768108315,102.36,119.216,85.503
02/01/2021,8.833199024136158,101.05,118.716,83.383
01/25/2021,8.813318898122317,99.95,117.576,82.323
01/18/2021,9.218747745762435,99.24,117.677,80.802
01/11/2021,9.290214744557844,98.54,117.12,79.959
01/04/2021,9.114027101122751,97.71,115.938,79.481
12/28/2020,8.54998391811353,96.37,113.469,79.27
12/21/2020,8.1113824345792,95.11,111.332,78.887
12/14/2020,8.000664347415155,93.95,109.951,77.948
12/07/2020,8.601920134481603,92.47,109.673,75.266
11/30/2020,8.712371376381977,91.1,108.524,73.675
11/23/2020,7.764489036633382,89.56,105.088,74.031
11/16/2020,7.574461366988414,88.1,103.248,72.951
11/09/2020,7.443046083425791,86.73,101.616,71.843
11/02/2020,6.808280619950974,85.0,98.616,71.383
10/26/2020,6.8181588423855315,84.17,97.806,70.533
10/19/2020,6.914721252516258,83.65,97.479,69.82
10/12/2020,6.5039130529243705,83.28,96.287,70.272
10/05/2020,6.3949534791114795,82.77,95.559,69.98
09/28/2020,6.143024499381393,82.12,94.406,69.833
09/21/2020,6.656825820163842,81.15,94.463,67.836
09/14/2020,6.8347940715137865,80.46,94.129,66.79
09/07/2020,6.729472118970403,79.58,93.038,66.121
08/31/2020,6.707264345469023,78.78,92.194,65.365
08/24/2020,6.124703666300926,78.02,90.269,65.77
08/17/2020,5.597528472459966,76.85,88.045,65.654
08/10/2020,6.725009293673876,75.28,88.73,61.829
08/03/2020,6.376042267739448,74.44,87.192,61.687
07/27/2020,6.587102170150392,73.34,86.514,60.165
07/20/2020,6.679257818051345,73.51,86.868,60.151
07/13/2020,7.600176642684037,74.17,89.37,58.969
07/06/2020,9.049841158827043,75.03,93.129,56.93
06/29/2020,11.772846724560715,76.75,100.295,53.204
06/22/2020,14.182956144612447,78.68,107.045,50.314
06/15/2020,15.687441952083839,80.67,112.044,49.295
06/08/2020,16.715115913447924,82.25,115.68,48.819
06/01/2020,17.61441114542294,83.8,119.028,48.571
05/25/2020,18.795353681162798,85.14,122.73,47.549
05/18/2020,19.41523615617384,86.6,125.43,47.769
05/11/2020,19.960907168763647,88.18,128.101,48.258
05/04/2020,20.09100047284853,90.37,130.552,50.187
04/27/2020,20.135008443007912,92.33,132.6,52.059
04/20/2020,19.81821762924204,94.09,133.726,54.453
04/13/2020,19.248630860401473,95.8,134.297,57.302
04/06/2020,18.767740673826456,97.27,134.805,59.734
03/30/2020,17.57281295069176,98.91,134.055,63.764
03/23/2020,14.551551463675617,101.09,130.193,71.986
03/16/2020,12.597200879560505,102.59,127.784,77.395
03/09/2020,8.58140110937602,104.33,121.492,87.167
03/02/2020,6.474625471793716,105.28,118.229,92.33
02/24/2020,6.395784940099221,105.31,118.101,92.518
02/17/2020,6.681315738685007,105.13,118.492,91.767
02/10/2020,7.065895555412633,104.31,118.441,90.178
02/03/2020,7.282879924864887,103.23,117.795,88.664
01/27/2020,7.261884053054,102.44,116.963,87.916
01/20/2020,7.280084134129219,101.86,116.42,87.299
01/13/2020,7.317746921013325,101.12,115.755,86.484
01/06/2020,6.929818540192809,100.04,113.899,86.18
12/30/2019,6.8998590565315165,99.17,112.969,85.37
12/23/2019,6.551584922749609,98.32,111.423,85.216
12/16/2019,5.717349036048088,97.48,108.914,86.045
12/09/2019,4.778663516088991,96.6,106.157,87.042
12/02/2019,4.121556744726438,96.1,104.343,87.856
11/25/2019,3.5245609655672,95.55,102.599,88.5
11/18/2019,2.9463621637538036,95.28,101.172,89.387
11/11/2019,2.8863627630635746,95.25,101.022,89.477
11/04/2019,2.765124771145055,95.15,100.68,89.619
10/28/2019,2.626354888433776,95.01,100.262,89.757
10/21/2019,2.630075093984959,94.86,100.12,89.599
10/14/2019,2.5934831790470496,94.6,99.786,89.413
10/07/2019,2.7304340314316318,94.52,99.98,89.059
09/30/2019,2.902769367345604,94.34,100.145,88.534
09/23/2019,2.9113622241143395,94.32,100.142,88.497
09/16/2019,2.9074714100056074,94.32,100.134,88.505
09/09/2019,2.9074946259623586,94.23,100.044,88.415
09/02/2019,3.1716754247558168,93.83,100.173,87.486
08/26/2019,3.482654160263403,93.5,100.465,86.534
08/19/2019,3.629038440138102,93.32,100.578,86.061
08/12/2019,3.822862801618702,93.14,100.785,85.494
08/05/2019,4.404029972650049,92.64,101.448,83.831
07/29/2019,4.681740595120579,92.09,101.453,82.726
07/22/2019,4.85712878149221,91.68,101.394,81.965
07/15/2019,5.077751470877636,90.95,101.105,80.794
07/08/2019,5.236407642649682,90.41,100.882,79.937
07/01/2019,4.916382816665113,89.68,99.512,79.847
06/24/2019,4.524387803891263,88.74,97.788,79.691
06/17/2019,5.098828296775644,87.55,97.747,77.352
06/10/2019,5.454074623618567,86.46,97.368,75.551
06/03/2019,6.079716276274741,85.38,97.539,73.22
05/27/2019,6.4063870473145785,84.41,97.222,71.597
05/20/2019,6.844094534706545,83.53,97.218,69.841
05/13/2019,7.283255796688732,82.53,97.096,67.963
05/06/2019,7.289741764973572,81.43,96.009,66.85
04/29/2019,7.593988741103058,80.18,95.367,64.992
04/22/2019,7.164659098659197,79.11,93.439,64.78
04/15/2019,6.981876896651788,78.35,92.313,64.386
04/08/2019,6.697498786860659,77.77,91.164,64.375
04/01/2019,6.270131178851045,76.98,89.52,64.439
03/25/2019,5.840224738826409,76.26,87.94,64.579
03/18/2019,5.719349613373884,75.67,87.108,64.231
03/11/2019,5.367298668790475,75.08,85.814,64.345
03/04/2019,4.965680215237386,74.21,84.141,64.278
02/25/2019,4.641100623774495,73.62,82.902,64.337
02/18/2019,4.0144594903922,73.11,81.138,65.081
02/11/2019,2.9674922072349244,72.58,78.514,66.645
02/04/2019,2.821473905603241,72.53,78.172,66.887
01/28/2019,3.361092084427322,72.88,79.602,66.157
01/21/2019,3.698245529977695,73.16,80.556,65.763
01/14/2019,3.749898665297504,73.4,80.899,65.9
01/07/2019,3.8597616506722283,73.62,81.339,65.9
12/31/2018,3.909982097145715,73.88,81.699,66.06
12/24/2018,3.863801237123877,74.25,81.977,66.522
12/17/2018,3.7985655187188763,74.48,82.077,66.882
12/10/2018,3.400238962190747,75.07,81.87,68.269
12/03/2018,3.3928424661336707,75.4,82.185,68.614
11/26/2018,3.6245110015007547,75.85,83.099,68.6
11/19/2018,3.79061274730089,76.12,83.701,68.538
11/12/2018,3.842420461115624,76.49,84.174,68.805
11/05/2018,3.798566176862002,76.8,84.397,69.202
10/29/2018,3.6647905806471406,77.29,84.619,69.96
10/22/2018,3.7785671887634877,77.84,85.397,70.282
10/15/2018,3.3253473502778625,78.63,85.28,71.979
10/08/2018,2.8861583463143528,79.23,85.002,73.457
10/01/2018,2.6316905213189483,79.64,84.903,74.376
09/24/2018,2.490025100275095,80.11,85.09,75.129
09/17/2018,2.595415188365823,80.25,85.44,75.059
09/10/2018,2.5985149605110993,80.26,85.457,75.062
09/03/2018,2.5982061119164506,80.27,85.466,75.073
08/27/2018,2.478973577914859,80.56,85.517,75.602
08/20/2018,2.397572730909325,80.66,85.455,75.864
08/13/2018,2.369382831034275,80.68,85.418,75.941
08/06/2018,2.277449231047752,80.76,85.314,76.205
07/30/2018,2.049715833963332,80.88,84.979,76.78
07/23/2018,1.9564713133598457,81.05,84.962,77.137
07/16/2018,1.864349752594722,81.2,84.928,77.471
07/09/2018,1.9204999349127818,81.05,84.89,77.209
07/02/2018,2.0122822863604397,81.19,85.214,77.165
06/25/2018,2.0560678490750246,81.33,85.442,77.217
06/18/2018,2.007234415806982,81.39,85.404,77.375
06/11/2018,2.02166020883827,81.48,85.523,77.436
06/04/2018,2.387581412224512,81.67,86.445,76.894
05/28/2018,2.4739644298170482,81.74,86.687,76.792
05/21/2018,2.5138297476161733,81.8,86.827,76.772
05/14/2018,2.572730067457523,81.68,86.825,76.534
05/07/2018,2.5514858416224833,81.48,86.582,76.377
04/30/2018,2.5468333278799364,81.27,86.363,76.176
04/23/2018,2.7051016616755814,81.07,86.48,75.659
04/16/2018,2.762256324094488,80.98,86.504,75.455
04/09/2018,2.857974807446699,80.72,86.435,75.004
04/02/2018,3.0496237472842433,80.53,86.629,74.43
03/26/2018,3.297868250855391,80.36,86.955,73.764
03/19/2018,3.687408303944655,80.06,87.434,72.685
03/12/2018,3.966626400355849,79.81,87.743,71.876
03/05/2018,4.298302571946279,79.33,87.926,70.733
02/26/2018,4.626658621510777,78.8,88.053,69.546
02/19/2018,4.917038742983423,78.42,88.254,68.585
02/12/2018,5.11890271444965,77.7,87.937,67.462
02/05/2018,5.251500261829946,77.01,87.513,66.506
01/29/2018,5.523396147299232,76.4,87.446,65.353
01/22/2018,5.716801990623779,75.6,87.033,64.166
01/15/2018,5.437355975104076,74.47,85.344,63.595
01/08/2018,5.222972333834442,73.42,83.865,62.974
01/01/2018,5.063219825368044,72.4,82.526,62.273
12/25/2017,5.372378430453312,71.49,82.234,60.745
12/18/2017,5.448703515516328,70.56,81.457,59.662
12/11/2017,5.294306847926364,69.74,80.328,59.151
12/04/2017,5.23899226951138,69.01,79.487,58.532
11/27/2017,4.9562652269627385,68.22,78.132,58.307
11/20/2017,4.647354623869369,67.48,76.774,58.185
11/13/2017,4.3942695638752065,66.78,75.568,57.991
11/06/2017,4.178170053982964,66.16,74.516,57.803
10/30/2017,3.9016534956348954,65.8,73.603,57.996
10/23/2017,3.52388493001687,65.46,72.507,58.412
10/16/2017,3.199225687568791,65.1,71.498,58.701
10/09/2017,2.9505304607815863,64.92,70.821,59.018
10/02/2017,2.5852408011634047,64.63,69.8,59.459
09/25/2017,2.3363486469275085,64.35,69.022,59.677
09/18/2017,2.0676048945579515,63.98,68.115,59.844
09/11/2017,1.9199453117211434,63.63,67.469,59.79
09/04/2017,2.0424078926600338,63.24,67.324,59.155
08/28/2017,2.3612253174993696,62.85,67.572,58.127
08/21/2017,2.6331302664319516,62.48,67.746,57.213
08/14/2017,2.9142314595790086,62.13,67.958,56.301
08/07/2017,3.015495813295054,62.0,68.03,55.969
07/31/2017,3.1190575499660147,61.86,68.098,55.621
07/24/2017,3.2210898776656323,61.6,68.042,55.157
07/17/2017,3.4001411735397107,61.3,68.1,54.499
07/10/2017,3.473954518988411,61.07,68.017,54.122
07/03/2017,3.529649416018537,60.83,67.889,53.77
06/26/2017,3.5582558929902723,60.67,67.786,53.553
06/19/2017,3.572504023790596,60.51,67.655,53.364
06/12/2017,3.433931420398491,60.13,66.997,53.262
06/05/2017,3.1292642905322015,59.74,65.998,53.481
05/29/2017,2.936114779772753,59.39,65.262,53.517
05/22/2017,2.364486202116647,58.83,63.558,54.101
05/15/2017,1.845933368244911,58.43,62.121,54.738
05/08/2017,1.4568782268947535,58.03,60.943,55.116
05/01/2017,1.1754644528866025,57.74,60.09,55.389
04/24/2017,0.9223168696277867,57.51,59.354,55.665
04/17/2017,1.0809260187450391,57.28,59.441,55.118
04/10/2017,1.6045877260218588,57.0,60.209,53.79
04/03/2017,1.9470320313235727,56.74,60.634,52.845
03/27/2017,2.425995575634877,56.42,61.271,51.568
03/20/2017,2.907438933752521,55.93,61.744,50.115
03/13/2017,3.5208538251395773,55.33,62.371,48.288
03/06/2017,4.04543660288973,54.72,62.81,46.629
02/27/2017,4.353899929086565,54.25,62.957,45.542
02/20/2017,4.549497928013595,53.71,62.808,44.611
02/13/2017,4.740433908937028,53.12,62.6,43.639
02/06/2017,4.747206582085932,52.55,62.044,43.055
01/30/2017,4.6079902262266135,52.03,61.245,42.814
01/23/2017,4.520290235482673,51.51,60.55,42.469
01/16/2017,4.333633465465209,50.91,59.577,42.242
01/09/2017,4.063835691252785,50.46,58.587,42.332
01/02/2017,3.8477518209338815,50.11,57.805,42.414
12/26/2016,3.458113804879764,49.72,56.636,42.803
12/19/2016,3.1638205802478754,49.38,55.707,43.052
12/12/2016,2.7621763466513136,48.98,54.504,43.455
12/05/2016,2.1698911453112113,48.54,52.879,44.2
11/28/2016,1.7398990077013097,48.31,51.789,44.83
11/21/2016,1.5483198845845785,48.16,51.256,45.063
11/14/2016,1.283662968422787,47.96,50.527,45.392
11/07/2016,1.2009320615671817,47.8,50.201,45.398
10/31/2016,1.3449080332870356,47.61,50.299,44.92
10/24/2016,1.3574138431222813,47.6,50.314,44.885
10/17/2016,1.580359860759568,47.49,50.65,44.329
10/10/2016,1.7020713331115125,47.37,50.774,43.965
10/03/2016,1.9966137003687021,47.15,51.143,43.156
09/26/2016,2.266058384287572,46.95,51.482,42.417
09/19/2016,2.348304816883873,46.81,51.506,42.113
09/12/2016,2.341994980566782,46.64,51.323,41.956
09/05/2016,2.356616468371551,46.54,51.253,41.826
08/29/2016,2.40106190278385,46.43,51.232,41.627
08/22/2016,2.343572456955407,46.3,50.987,41.612
08/15/2016,2.242905931821485,46.13,50.615,41.644
08/08/2016,2.1038736700429523,45.91,50.117,41.702
08/01/2016,1.9777395336595773,45.72,49.675,41.764
07/25/2016,1.9017005961770121,45.57,49.373,41.766
07/18/2016,1.8876007336033758,45.37,49.145,41.594
07/11/2016,1.5697417461162206,45.12,48.259,41.98
07/04/2016,1.4247278957751899,44.8,47.649,41.95
06/27/2016,1.495721761224327,44.45,47.441,41.458
06/20/2016,1.9436344372077794,44.0,47.887,40.112
06/13/2016,2.5816066229191468,43.57,48.733,38.406
06/06/2016,2.9289639103273357,43.09,48.947,37.232
05/30/2016,3.1702934706427413,42.79,49.13,36.449
05/23/2016,3.4284998354965683,42.38,49.236,35.523
05/16/2016,3.493223948446477,42.22,49.206,35.233
05/09/2016,3.512530336594973,42.31,49.335,35.284
05/02/2016,3.5359106829075864,42.35,49.421,35.278
04/25/2016,3.4975945920017657,42.29,49.285,35.294
04/18/2016,3.477624246522329,42.26,49.215,35.304
04/11/2016,3.6204323520817225,42.41,49.65,35.169
04/04/2016,3.723037567833555,42.49,49.936,35.043
03/28/2016,3.870082812227665,42.61,50.35,34.869
03/21/2016,4.171396344511032,42.86,51.202,34.517
03/14/2016,4.661248107481514,43.23,52.552,33.907
03/07/2016,4.968695696005139,43.53,53.467,33.592
02/29/2016,5.18927168565108,43.87,54.248,33.491
02/22/2016,5.339915767219553,44.11,54.789,33.43
02/15/2016,5.574075851071637,44.57,55.718,33.421
02/08/2016,5.562257508736898,44.95,56.074,33.825
02/01/2016,5.350576144444633,45.42,56.121,34.718
01/25/2016,4.957369490566544,46.07,55.984,36.155
01/18/2016,4.633919456572373,46.87,56.137,37.602
01/11/2016,4.159631325249871,47.52,55.839,39.2
01/04/2016,3.366215327708553,48.27,55.002,41.537
12/28/2015,2.6844199840002685,48.82,54.188,43.451
12/21/2015,2.5536428098894333,49.25,54.357,44.142
12/14/2015,2.4820261024010204,49.66,54.624,44.695
12/07/2015,2.397012568698796,50.22,55.014,45.425
11/30/2015,2.268431188839547,50.73,55.266,46.193
11/23/2015,2.6298712060669436,51.27,56.529,46.01
11/16/2015,2.8059604125860367,51.74,57.351,46.128
11/09/2015,2.9092225155529103,52.18,57.998,46.361
11/02/2015,3.0967956091741025,52.55,58.743,46.356
10/26/2015,3.289550733002913,52.8,59.379,46.22
10/19/2015,3.5068890065840406,53.17,60.183,46.156
10/12/2015,3.769817386624981,53.67,61.209,46.13
10/05/2015,3.8526869780712785,54.16,61.865,46.454
09/28/2015,4.026256267613873,54.58,62.632,46.527
09/21/2015,3.961661584550099,55.19,63.113,47.266
09/14/2015,3.7804732690497893,55.91,63.47,48.349
09/07/2015,3.6142672797539475,56.51,63.738,49.281
08/31/2015,3.6896386548007647,56.99,64.369,49.61
08/24/2015,3.4543187465837595,57.5,64.408,50.591
08/17/2015,3.3902362012845058,58.11,64.89,51.329
08/10/2015,2.8987240373999033,58.61,64.407,52.812
08/03/2015,2.5880307673982546,59.03,64.206,53.853
07/27/2015,2.2175740413794522,59.38,63.815,54.944
07/20/2015,2.027915044818199,59.52,63.575,55.464
07/13/2015,1.794335166433517,59.66,63.248,56.071
07/06/2015,1.794335166433517,59.66,63.248,56.071
06/29/2015,1.7414481522571947,59.71,63.192,56.227
06/22/2015,1.6490549951411562,59.79,63.088,56.491
06/15/2015,2.0189766713610138,59.61,63.647,55.572
06/08/2015,2.4150849432266353,59.39,64.22,54.559
06/01/2015,2.6383563352019,59.18,64.456,53.903
05/25/2015,2.93928661608561,58.82,64.698,52.941
05/18/2015,3.2170894689921194,58.49,64.924,52.055
05/11/2015,3.385250476700357,58.14,64.91,51.369
05/04/2015,3.45707916715831,57.81,64.724,50.895
04/27/2015,3.44128588088813,57.41,64.292,50.527
04/20/2015,3.4478190489061333,57.0,63.895,50.104
04/13/2015,3.286475902543634,56.6,63.172,50.027
04/06/2015,3.1965771074698,56.26,62.653,49.866
03/30/2015,2.834633598192189,55.7,61.369,50.03
03/23/2015,2.691475954193163,55.34,60.722,49.957
03/16/2015,2.492494672010354,54.85,59.834,49.865
03/09/2015,2.2584748530811676,54.43,58.946,49.913
03/02/2015,2.3414192389446193,54.03,58.712,49.347
02/23/2015,2.6476632150823107,53.47,58.765,48.174
02/16/2015,2.8171833984495938,52.91,58.544,47.275
02/09/2015,2.6130437188267637,52.49,57.716,47.263
02/02/2015,2.218324305979629,52.11,56.546,47.673
01/26/2015,2.1872788921397297,51.94,56.314,47.565
01/19/2015,2.200649226023994,51.78,56.181,47.378
01/12/2015,2.127054246604915,51.7,55.954,47.445
01/05/2015,2.1050831436073976,51.64,55.85,47.429
12/29/2014,2.101515502084151,51.64,55.843,47.436
12/22/2014,2.0794197837377624,51.51,55.668,47.351
12/15/2014,2.090120422248441,51.24,55.42,47.059
12/08/2014,2.0301907205974516,51.05,55.11,46.989
12/01/2014,1.9861370214564755,50.99,54.962,47.017
11/24/2014,1.8456360757202381,50.8,54.491,47.108
11/17/2014,1.719287935163857,50.6,54.038,47.161
11/10/2014,1.672951691472291,50.53,53.875,47.184
11/03/2014,1.7606935003003787,50.22,53.741,46.698
10/27/2014,2.000594008413501,49.94,53.941,45.938
10/20/2014,2.1500008405812308,49.64,53.94,45.339
10/13/2014,2.187878291861775,49.54,53.915,45.164
10/06/2014,2.213739705001471,49.52,53.947,45.092
09/29/2014,2.327562020548539,49.45,54.105,44.794
09/22/2014,2.527463035041264,49.2,54.254,44.145
09/15/2014,2.525386383011518,49.02,54.07,43.969
09/08/2014,2.6181066654168235,48.74,53.976,43.503
09/01/2014,2.811027084803702,48.42,54.042,42.797
08/25/2014,2.7303071730118575,48.01,53.47,42.549
08/18/2014,2.734148337416974,47.6,53.068,42.131
08/11/2014,2.5666099919933303,47.18,52.313,42.046
08/04/2014,2.4596726833056475,46.93,51.849,42.01
07/28/2014,2.4289112377771245,46.86,51.717,42.002
07/21/2014,2.3531917024543505,46.63,51.336,41.923
07/14/2014,2.022739101070626,46.36,50.405,42.314
07/07/2014,1.8020724340325511,46.14,49.744,42.535
06/30/2014,1.585127238268273,45.92,49.09,42.749
06/23/2014,1.1060660258320936,45.63,47.842,43.417
06/16/2014,1.1010874511136712,45.51,47.712,43.307
06/09/2014,1.1251171692317208,45.45,47.7,43.199
06/02/2014,1.1316300817846796,45.46,47.723,43.196
05/26/2014,1.0026312751954232,45.36,47.365,43.354
05/19/2014,0.9881286720361877,45.26,47.236,43.283
05/12/2014,0.9883548487259016,45.26,47.236,43.283
05/05/2014,1.006265783478699,45.23,47.242,43.217
04/28/2014,0.8827831143604867,45.11,46.875,43.344
04/21/2014,0.0,0.0,0.0,0.0
04/14/2014,0.0,0.0,0.0,0.0
04/07/2014,0.0,0.0,0.0,0.0
03/31/2014,0.0,0.0,0.0,0.0
03/24/2014,0.0,0.0,0.0,0.0
03/17/2014,0.0,0.0,0.0,0.0
03/10/2014,0.0,0.0,0.0,0.0
03/03/2014,0.0,0.0,0.0,0.0
02/24/2014,0.0,0.0,0.0,0.0
02/17/2014,0.0,0.0,0.0,0.0
02/10/2014,0.0,0.0,0.0,0.0
02/03/2014,0.0,0.0,0.0,0.0
01/27/2014,0.0,0.0,0.0,0.0
01/20/2014,0.0,0.0,0.0,0.0
01/13/2014,0.0,0.0,0.0,0.0
01/06/2014,0.0,0.0,0.0,0.0
12/30/2013,0.0,0.0,0.0,0.0
12/23/2013,0.0,0.0,0.0,0.0
12/16/2013,0.0,0.0,0.0,0.0
