12/26/2022,1.0231348884677913,9.06,11.106,7.013
12/19/2022,1.2862387025742927,9.32,11.892,6.747
12/12/2022,1.24702445846102,9.45,11.944,6.955
12/05/2022,1.2592835264546265,9.53,12.048,7.011
11/28/2022,1.2625212869492537,9.6,12.125,7.074
11/21/2022,1.25750745524629,9.65,12.165,7.134
11/14/2022,1.2727588145442168,9.74,12.285,7.194
11/07/2022,1.2984702537986768,9.85,12.446,7.253
10/31/2022,1.4100230494569939,9.95,12.77,7.129
10/24/2022,1.5254982792517335,10.17,13.22,7.119
10/17/2022,1.6148513863510785,10.37,13.599,7.14
10/10/2022,1.664810800061076,10.66,13.989,7.33
10/03/2022,1.5788476810636294,10.92,14.077,7.762
09/26/2022,1.4502551499649985,11.08,13.98,8.179
09/19/2022,1.3408430184029747,11.25,13.931,8.568
09/12/2022,1.3426317440013102,11.51,14.195,8.824
09/05/2022,1.4156977078458521,11.74,14.571,8.908
08/29/2022,1.5184350496481567,11.88,14.916,8.843
08/22/2022,1.5963223358707979,12.16,15.352,8.967
08/15/2022,1.552415859233601,12.31,15.414,9.205
08/08/2022,1.553581346437965,12.49,15.597,9.382
08/01/2022,1.592772739595954,12.54,15.725,9.354
07/25/2022,1.5392043399107216,12.74,15.818,9.661
07/18/2022,1.4540168499711412,12.83,15.738,9.921
07/11/2022,1.3542322548218975,13.01,15.718,10.301
07/04/2022,1.2390480216682487,13.27,15.748,10.791
06/27/2022,1.1801271117977081,13.49,15.85,11.129
06/20/2022,1.2152510028796522,13.75,16.18,11.319
06/13/2022,1.2596705918612217,13.93,16.449,11.41
06/06/2022,1.2746881971682331,14.04,16.589,11.49
05/30/2022,1.257016308565645,14.12,16.634,11.605
05/23/2022,1.267789414689995,14.19,16.725,11.654
05/16/2022,1.2337301163544645,14.28,16.747,11.812
05/09/2022,1.0915539382000325,14.52,16.703,12.336
05/02/2022,0.9748102379437755,14.73,16.679,12.78
04/25/2022,1.0280855995489873,14.84,16.896,12.783
04/18/2022,1.0443442918884558,14.92,17.008,12.831
04/11/2022,1.2164024827334086,15.1,17.532,12.667
04/04/2022,1.5151551075714986,15.3,18.33,12.269
03/28/2022,1.6202777539668929,15.57,18.81,12.329
03/21/2022,1.8187743125522748,15.85,19.487,12.212
03/14/2022,2.6868978395167913,16.4,21.773,11.026
03/07/2022,3.6398289794988994,17.1,24.379,9.82
02/28/2022,4.070325539806368,17.84,25.98,9.699
02/21/2022,4.259209433686022,18.39,26.908,9.871
02/14/2022,4.271021540568486,18.75,27.292,10.207
02/07/2022,4.449971348222368,19.27,28.169,10.37
01/31/2022,4.644807315702128,19.76,29.049,10.47
01/24/2022,5.647398516131122,20.73,32.024,9.435
01/17/2022,6.296036054534631,21.72,34.312,9.127
01/10/2022,6.787684067485758,22.78,36.355,9.204
01/03/2022,7.0454144661616604,23.79,37.88,9.699
12/27/2021,7.2295037865679275,24.87,39.329,10.41
12/20/2021,7.244319843850077,25.81,40.298,11.321
12/13/2021,7.4294744094047465,26.95,41.808,12.091
12/06/2021,7.310406965415811,27.97,42.59,13.349
11/29/2021,7.058547300967813,29.07,43.187,14.952
11/22/2021,6.7401728464483766,30.0,43.48,16.519
11/15/2021,6.398445905061635,30.86,43.656,18.063
11/08/2021,0.0,0.0,0.0,0.0
11/01/2021,0.0,0.0,0.0,0.0
10/25/2021,0.0,0.0,0.0,0.0
10/18/2021,0.0,0.0,0.0,0.0
10/11/2021,0.0,0.0,0.0,0.0
10/04/2021,0.0,0.0,0.0,0.0
09/27/2021,0.0,0.0,0.0,0.0
09/20/2021,0.0,0.0,0.0,0.0
09/13/2021,0.0,0.0,0.0,0.0
09/06/2021,0.0,0.0,0.0,0.0
08/30/2021,0.0,0.0,0.0,0.0
08/23/2021,0.0,0.0,0.0,0.0
08/16/2021,0.0,0.0,0.0,0.0
08/09/2021,0.0,0.0,0.0,0.0
08/02/2021,0.0,0.0,0.0,0.0
07/26/2021,0.0,0.0,0.0,0.0
07/19/2021,0.0,0.0,0.0,0.0
07/12/2021,0.0,0.0,0.0,0.0
07/05/2021,0.0,0.0,0.0,0.0
