12/26/2022,0.22593275769573565,0.8,1.251,0.348
12/19/2022,0.24567068709962123,0.84,1.331,0.348
12/12/2022,0.23916832252620746,0.88,1.358,0.401
12/05/2022,0.2243717595866289,0.9,1.348,0.451
11/28/2022,0.21327748591916587,0.92,1.346,0.493
11/21/2022,0.20205387276664608,0.94,1.344,0.535
11/14/2022,0.1915637413499747,0.95,1.333,0.566
11/07/2022,0.1752036671990629,0.96,1.31,0.609
10/31/2022,0.16323983276149237,0.98,1.306,0.653
10/24/2022,0.15521096288600236,0.98,1.29,0.669
10/17/2022,0.1511619743850946,1.0,1.302,0.697
10/10/2022,0.16132141209399328,1.03,1.352,0.707
10/03/2022,0.156351889978983,1.05,1.362,0.737
09/26/2022,0.15470973143277056,1.06,1.369,0.75
09/19/2022,0.1515999703166198,1.07,1.373,0.766
09/12/2022,0.21137892633845975,1.12,1.542,0.697
09/05/2022,0.26589003366053415,1.16,1.691,0.628
08/29/2022,0.3119267702522501,1.2,1.823,0.576
08/22/2022,0.39293703057869206,1.26,2.045,0.474
08/15/2022,0.48024047101426176,1.33,2.29,0.369
08/08/2022,0.5856598927705396,1.41,2.581,0.238
08/01/2022,0.6750400802915335,1.49,2.84,0.139
07/25/2022,0.7022538785937746,1.56,2.964,0.155
07/18/2022,0.697256416248714,1.61,3.004,0.215
07/11/2022,0.6892006311662809,1.66,3.038,0.281
07/04/2022,0.6746122649344585,1.73,3.079,0.38
06/27/2022,0.6534402099656861,1.79,3.096,0.483
06/20/2022,0.6271532906714274,1.86,3.114,0.605
06/13/2022,0.596318916352651,1.93,3.122,0.737
06/06/2022,0.5436186622992261,1.99,3.077,0.902
05/30/2022,0.509545140296716,2.04,3.059,1.02
05/23/2022,0.5022561597432131,2.1,3.104,1.095
05/16/2022,0.486139126176859,2.19,3.162,1.217
05/09/2022,0.49610104817466366,2.3,3.292,1.307
05/02/2022,0.5038204045093847,2.43,3.437,1.422
04/25/2022,0.5084535377003487,2.5,3.516,1.483
04/18/2022,0.5615247100529059,2.6,3.723,1.476
04/11/2022,0.6557362274573519,2.72,4.031,1.408
04/04/2022,0.7683163410991595,2.84,4.376,1.303
03/28/2022,0.9441795380117067,2.98,4.868,1.091
03/21/2022,1.1258085982972417,3.13,5.381,0.878
03/14/2022,1.2713457436905196,3.27,5.812,0.727
03/07/2022,1.34424142176917,3.42,6.108,0.731
02/28/2022,1.3588782138219746,3.58,6.297,0.862
02/21/2022,1.370485315499586,3.76,6.5,1.019
02/14/2022,1.3345373730248247,3.87,6.539,1.2
02/07/2022,1.2780023474156845,3.98,6.536,1.423
01/31/2022,1.2452590092025033,4.13,6.62,1.639
01/24/2022,1.1740591978260722,4.25,6.598,1.901
01/17/2022,1.058510746284609,4.38,6.497,2.262
01/10/2022,0.9460470389996471,4.54,6.432,2.647
01/03/2022,0.8598313788179633,4.67,6.389,2.95
12/27/2021,0.7675968994205227,4.79,6.325,3.254
12/20/2021,0.7478201655478407,4.92,6.415,3.424
12/13/2021,0.7316795746773309,5.04,6.503,3.576
12/06/2021,0.6113877656610409,5.16,6.382,3.937
11/29/2021,0.536330122219515,5.26,6.332,4.187
11/22/2021,0.504038688991232,5.33,6.338,4.321
11/15/2021,0.5617472741366886,5.43,6.553,4.306
11/08/2021,0.699714227381436,5.53,6.929,4.13
11/01/2021,0.7758092549074158,5.6,7.151,4.048
10/25/2021,0.8380184962159247,5.66,7.336,3.983
10/18/2021,0.8975940062188471,5.74,7.535,3.944
10/11/2021,0.9704071310537654,5.85,7.79,3.909
10/04/2021,1.0783436372511315,5.98,8.136,3.823
09/27/2021,1.075427821845799,6.14,8.29,3.989
09/20/2021,1.0318599711201129,6.29,8.353,4.226
09/13/2021,1.0756277237036986,6.43,8.581,4.278
09/06/2021,1.1634560584740619,6.67,8.996,4.343
08/30/2021,1.0877729542510237,6.81,8.985,4.634
08/23/2021,1.0576081504980945,6.95,9.065,4.834
08/16/2021,1.259777758178005,7.21,9.729,4.69
08/09/2021,1.3009150625617338,7.44,10.041,4.838
08/02/2021,1.279671832932178,7.56,10.119,5.0
07/26/2021,1.4904479192511224,7.83,10.81,4.849
07/19/2021,1.437574345903543,8.01,10.885,5.134
07/12/2021,1.3560457219430324,8.08,10.792,5.367
07/05/2021,1.2497379725366435,8.18,10.679,5.68
06/28/2021,1.322675319192129,8.38,11.025,5.734
06/21/2021,1.3129756281058684,8.48,11.105,5.854
06/14/2021,1.42158010678259,8.41,11.253,5.566
06/07/2021,1.672852354513093,8.26,11.605,4.914
05/31/2021,1.8453211102678035,8.13,11.82,4.439
05/24/2021,1.9607167056971795,8.01,11.931,4.088
05/17/2021,2.070045893211066,7.85,11.99,3.709
05/10/2021,2.2537058370603735,7.66,12.167,3.152
05/03/2021,2.4185470845116908,7.47,12.307,2.632
04/26/2021,2.573813318793731,7.23,12.377,2.082
04/19/2021,2.6866559139569772,6.92,12.293,1.546
04/12/2021,2.7929187242023352,6.7,12.285,1.114
04/05/2021,2.9363548831842516,6.42,12.292,0.547
03/29/2021,2.9201498249233717,5.99,11.83,0.149
03/22/2021,2.915218688194764,5.59,11.42,-0.24
03/15/2021,2.9420239631926863,5.26,11.144,-0.624
03/08/2021,2.69734591774952,4.75,10.144,-0.644
03/01/2021,2.5764455752062765,4.36,9.512,-0.792
02/22/2021,2.57398379987132,4.07,9.217,-1.077
02/15/2021,2.478225978800158,3.75,8.706,-1.206
02/08/2021,1.928132049938489,3.29,7.146,-0.566
02/01/2021,1.400723385254919,2.9,5.701,0.098
01/25/2021,1.2738720508748123,2.7,5.247,0.152
01/18/2021,1.240349709557752,2.58,5.06,0.099
01/11/2021,1.172559423654085,2.42,4.765,0.074
01/04/2021,1.010840641248659,2.26,4.281,0.238
12/28/2020,0.8062333421534984,2.09,3.702,0.477
12/21/2020,0.7084341903098692,2.0,3.416,0.583
12/14/2020,0.605388637157983,1.93,3.14,0.719
12/07/2020,0.5122370564494528,1.86,2.884,0.835
11/30/2020,0.45080772176172845,1.82,2.721,0.918
11/23/2020,0.3126573235988564,1.72,2.345,1.094
11/16/2020,0.33022314652368023,1.65,2.31,0.989
11/09/2020,0.352215880533516,1.6,2.304,0.895
11/02/2020,0.3812977458627313,1.55,2.312,0.787
10/26/2020,0.38849989832688503,1.51,2.286,0.733
10/19/2020,0.39182524293363236,1.5,2.283,0.716
10/12/2020,0.40753554323518826,1.48,2.295,0.664
10/05/2020,0.4291825008082226,1.46,2.318,0.601
09/28/2020,0.4409812002795584,1.43,2.311,0.548
09/21/2020,0.4593321445316014,1.4,2.318,0.481
09/14/2020,0.46535923650444505,1.38,2.31,0.449
09/07/2020,0.47799646337603796,1.34,2.295,0.384
08/31/2020,0.4761875885614828,1.29,2.242,0.337
08/24/2020,0.47876196538572274,1.27,2.227,0.312
08/17/2020,0.46895869754169184,1.23,2.167,0.292
08/10/2020,0.46495984772881194,1.19,2.119,0.26
08/03/2020,0.4392614938735241,1.14,2.018,0.261
07/27/2020,0.3571413172681089,1.07,1.784,0.355
07/20/2020,0.29824657667775506,1.04,1.636,0.443
07/13/2020,0.24448603334342023,1.02,1.508,0.531
07/06/2020,0.35466169866508,1.07,1.779,0.36
06/29/2020,0.4761449317172241,1.15,2.102,0.197
06/22/2020,0.5621375240988632,1.23,2.354,0.105
06/15/2020,0.6307429361475243,1.32,2.581,0.058
06/08/2020,0.6894083343708575,1.4,2.778,0.021
06/01/2020,0.7344679036554287,1.47,2.938,0.001
05/25/2020,0.7768958755843668,1.56,3.113,0.006
05/18/2020,0.8095739938387349,1.66,3.279,0.04
05/11/2020,0.8230147334647174,1.74,3.386,0.093
05/04/2020,0.8117435256902268,1.83,3.453,0.206
04/27/2020,0.8039086216728865,1.9,3.507,0.292
04/20/2020,0.7805306348888555,1.99,3.551,0.428
04/13/2020,0.7634625540915546,2.09,3.616,0.563
04/06/2020,0.7267495933951391,2.18,3.633,0.726
03/30/2020,0.6778392368401227,2.27,3.625,0.914
03/23/2020,0.615161792539166,2.36,3.59,1.129
03/16/2020,0.5199221393631935,2.46,3.499,1.42
03/09/2020,0.3678227460340103,2.57,3.305,1.834
03/02/2020,0.25436543102395026,2.65,3.158,2.141
02/24/2020,0.20307430290413406,2.71,3.116,2.303
02/17/2020,0.2095320321573768,2.76,3.179,2.34
02/10/2020,0.23439341394331026,2.8,3.268,2.331
02/03/2020,0.2554836051491367,2.84,3.35,2.329
01/27/2020,0.25664288905013516,2.87,3.383,2.356
01/20/2020,0.254099139116999,2.89,3.398,2.381
01/13/2020,0.24752206467303073,2.91,3.405,2.414
01/06/2020,0.24560572570687353,2.91,3.401,2.418
12/30/2019,0.24865020108578234,2.93,3.427,2.432
12/23/2019,0.2632263712092692,2.91,3.436,2.383
12/16/2019,0.2581957058124708,2.92,3.436,2.403
12/09/2019,0.2414671861765072,2.93,3.412,2.447
12/02/2019,0.23651850244748293,2.95,3.423,2.476
11/25/2019,0.2375626275321941,2.95,3.425,2.474
11/18/2019,0.23319865887264446,2.97,3.436,2.503
11/11/2019,0.2264005620576062,2.99,3.442,2.537
11/04/2019,0.24059948981658294,3.02,3.501,2.538
10/28/2019,0.26158280620101926,3.06,3.583,2.536
10/21/2019,0.26844508283818497,3.08,3.616,2.543
10/14/2019,0.2989887330653113,3.11,3.707,2.512
10/07/2019,0.3070671954149449,3.13,3.744,2.515
09/30/2019,0.33561679710646186,3.16,3.831,2.488
09/23/2019,0.3340762405499679,3.15,3.818,2.481
09/16/2019,0.3325461389040625,3.15,3.815,2.484
09/09/2019,0.3499647617975273,3.17,3.869,2.47
09/02/2019,0.35516862896376417,3.2,3.91,2.489
08/26/2019,0.36713370180358,3.18,3.914,2.445
08/19/2019,0.40911582100916116,3.15,3.968,2.331
08/12/2019,0.4451003875531901,3.12,4.01,2.229
08/05/2019,0.4422152812827707,3.12,4.004,2.235
07/29/2019,0.46298677626904206,3.1,4.025,2.174
07/22/2019,0.471140390435802,3.09,4.032,2.147
07/15/2019,0.48749940256373653,3.07,4.044,2.095
07/08/2019,0.5160152783590812,3.04,4.072,2.007
07/01/2019,0.5402536950359526,3.0,4.08,1.919
06/24/2019,0.5584040248780447,2.95,4.066,1.833
06/17/2019,0.5633702645685162,2.9,4.026,1.773
06/10/2019,0.5486991935477945,2.85,3.947,1.752
06/03/2019,0.5490182191876696,2.79,3.888,1.691
05/27/2019,0.5215509610766718,2.72,3.763,1.676
05/20/2019,0.5016391681278487,2.66,3.663,1.656
05/13/2019,0.4371701991215778,2.59,3.464,1.715
05/06/2019,0.41586630423731136,2.54,3.371,1.708
04/29/2019,0.38097478000518614,2.49,3.251,1.728
04/22/2019,0.27528927149454985,2.43,2.98,1.879
04/15/2019,0.175468123885793,2.4,2.75,2.049
04/08/2019,0.20070267188057062,2.41,2.811,2.008
04/01/2019,0.22213804829429828,2.44,2.884,1.995
03/25/2019,0.24374230757092627,2.46,2.947,1.972
03/18/2019,0.2520621203195752,2.48,2.984,1.975
03/11/2019,0.25738164755864007,2.5,3.014,1.985
03/04/2019,0.2676051195324933,2.51,3.045,1.974
02/25/2019,0.2706519905709175,2.52,3.061,1.978
02/18/2019,0.26771720153923617,2.55,3.085,2.014
02/11/2019,0.2698379143115363,2.58,3.119,2.04
02/04/2019,0.28689283713609864,2.61,3.183,2.036
01/28/2019,0.299378522943781,2.65,3.248,2.051
01/21/2019,0.3305034039159052,2.7,3.361,2.038
01/14/2019,0.3527729439738824,2.75,3.455,2.044
01/07/2019,0.3604216280968721,2.82,3.54,2.099
12/31/2018,0.37887662899682795,2.88,3.637,2.122
12/24/2018,0.3938749801650265,2.95,3.737,2.162
12/17/2018,0.3969178126514354,3.02,3.813,2.226
12/10/2018,0.36546374649204255,3.07,3.8,2.339
12/03/2018,0.3224806195727116,3.12,3.764,2.475
11/26/2018,0.3239502276585092,3.14,3.787,2.492
11/19/2018,0.324235639620323,3.14,3.788,2.491
11/12/2018,0.3286468469345172,3.14,3.797,2.482
11/05/2018,0.33478911272620554,3.13,3.799,2.46
10/29/2018,0.33196385345395657,3.13,3.793,2.466
10/22/2018,0.3232104577516018,3.15,3.796,2.503
10/15/2018,0.32107631491594013,3.15,3.792,2.507
10/08/2018,0.33476110885226795,3.14,3.809,2.47
10/01/2018,0.3329864862122786,3.14,3.805,2.474
09/24/2018,0.3623465192326263,3.12,3.844,2.395
09/17/2018,0.37165844535002834,3.1,3.843,2.356
09/10/2018,0.38382938918222503,3.08,3.847,2.312
09/03/2018,0.3799078835717943,3.06,3.819,2.3
08/27/2018,0.0,0.0,0.0,0.0
08/20/2018,0.0,0.0,0.0,0.0
08/13/2018,0.0,0.0,0.0,0.0
08/06/2018,0.0,0.0,0.0,0.0
07/30/2018,0.0,0.0,0.0,0.0
07/23/2018,0.0,0.0,0.0,0.0
07/16/2018,0.0,0.0,0.0,0.0
07/09/2018,0.0,0.0,0.0,0.0
07/02/2018,0.0,0.0,0.0,0.0
06/25/2018,0.0,0.0,0.0,0.0
06/18/2018,0.0,0.0,0.0,0.0
06/11/2018,0.0,0.0,0.0,0.0
06/04/2018,0.0,0.0,0.0,0.0
05/28/2018,0.0,0.0,0.0,0.0
05/21/2018,0.0,0.0,0.0,0.0
05/14/2018,0.0,0.0,0.0,0.0
05/07/2018,0.0,0.0,0.0,0.0
04/30/2018,0.0,0.0,0.0,0.0
04/23/2018,0.0,0.0,0.0,0.0
