12/26/2022,2.513304597536876,24.53,29.556,19.503
12/19/2022,2.679375860158481,25.15,30.508,19.791
12/12/2022,2.4964494787597844,25.61,30.602,20.617
12/05/2022,2.299109610262199,26.03,30.628,21.431
11/28/2022,2.2219282166622754,26.29,30.733,21.846
11/21/2022,2.2217189291177224,26.26,30.703,21.816
11/14/2022,2.222509842497891,26.35,30.795,21.904
11/07/2022,2.1673693732264465,26.45,30.784,22.115
10/31/2022,2.642549904921381,26.84,32.125,21.554
10/24/2022,2.4487649948494448,27.2,32.097,22.302
10/17/2022,2.5146381449425284,27.49,32.519,22.46
10/10/2022,2.537531280595374,27.79,32.865,22.714
10/03/2022,2.592019482951469,28.19,33.374,23.005
09/26/2022,2.5448074583355025,28.27,33.359,23.18
09/19/2022,2.460864685430713,28.62,33.541,23.698
09/12/2022,2.572451165717243,29.17,34.314,24.025
09/05/2022,2.66382994952756,29.53,34.857,24.202
08/29/2022,2.8053930205944413,29.77,35.38,24.159
08/22/2022,3.2408833672318416,30.39,36.871,23.908
08/15/2022,3.7587850430691034,31.11,38.627,23.592
08/08/2022,4.509390202677076,31.84,40.858,22.821
08/01/2022,5.567922413252541,32.59,43.725,21.454
07/25/2022,6.958857664875751,33.76,47.677,19.842
07/18/2022,7.262173228448905,34.55,49.074,20.025
07/11/2022,7.980351809287607,35.73,51.69,19.769
07/04/2022,8.581780700996733,37.13,54.293,19.966
06/27/2022,8.290138418627278,37.75,54.33,21.169
06/20/2022,8.11600271069447,38.83,55.062,22.597
06/13/2022,8.337251045758427,39.63,56.304,22.955
06/06/2022,8.01568774341915,40.32,56.351,24.288
05/30/2022,7.712866847029059,40.83,56.255,25.404
05/23/2022,7.559127264439988,41.74,56.858,26.621
05/16/2022,7.640611232093934,42.8,58.081,27.518
05/09/2022,7.577174605352578,44.37,59.524,29.215
05/02/2022,7.9691897329653285,45.94,61.878,30.001
04/25/2022,8.502476109934094,47.42,64.424,30.415
04/18/2022,9.594408788455908,49.4,68.588,30.211
04/11/2022,11.098505530025204,51.75,73.947,29.552
04/04/2022,13.739830784984218,54.44,81.919,26.96
03/28/2022,17.626274989344743,57.81,93.062,22.557
03/21/2022,19.827429233261686,60.82,100.474,21.165
03/14/2022,21.686151917756177,63.7,107.072,20.327
03/07/2022,22.559540110560764,65.84,110.959,20.72
02/28/2022,22.245922547738946,67.65,112.141,23.158
02/21/2022,22.028049618611266,68.96,113.016,24.903
02/14/2022,21.837846734511167,70.17,113.845,26.494
02/07/2022,20.74887201753387,72.13,113.627,30.632
01/31/2022,20.05698120356102,73.82,113.933,33.706
01/24/2022,19.269781654185913,75.03,113.569,36.49
01/17/2022,17.90435617384775,76.32,112.128,40.511
01/10/2022,16.06155612012734,77.75,109.873,45.626
01/03/2022,14.714313779446188,78.97,108.398,49.541
12/27/2021,13.696057461912169,79.77,107.162,52.377
12/20/2021,12.964931353462694,80.46,106.389,54.53
12/13/2021,12.657743282275874,80.72,106.035,55.404
12/06/2021,12.366877738540154,80.98,105.713,56.246
11/29/2021,12.241078792328722,81.45,105.932,56.967
11/22/2021,12.239908292140102,81.5,105.979,57.02
11/15/2021,12.515572699641035,81.76,106.791,56.728
11/08/2021,11.103996352665106,80.76,102.967,58.552
11/01/2021,10.305468693853763,80.27,100.88,59.659
10/25/2021,8.849439530275351,79.39,97.088,61.691
10/18/2021,8.455985749751475,79.14,96.051,62.228
10/11/2021,8.803829919415755,79.61,97.217,62.002
10/04/2021,8.880281315926878,80.0,97.76,62.239
09/27/2021,8.912167595484277,79.9,97.724,62.075
09/20/2021,9.113997544985406,79.51,97.737,61.282
09/13/2021,9.106476061023825,79.46,97.672,61.247
09/06/2021,9.019789700985273,79.85,97.889,61.81
08/30/2021,8.944755795995775,79.91,97.799,62.02
08/23/2021,8.719496043350214,80.16,97.598,62.721
08/16/2021,8.795955675763722,80.07,97.661,62.478
08/09/2021,8.850350063698047,80.03,97.73,62.329
08/02/2021,9.272578727085579,79.67,98.215,61.124
07/26/2021,8.912952162443148,80.11,97.935,62.284
07/19/2021,8.833559942061864,80.18,97.847,62.512
07/12/2021,9.608932628028985,79.17,98.387,59.952
07/05/2021,9.935411730270669,78.45,98.32,58.579
06/28/2021,10.327393971859504,78.64,99.294,57.985
06/21/2021,11.887111560425433,79.59,103.364,55.815
06/14/2021,11.840076277203622,79.55,103.23,55.869
06/07/2021,11.727253781256717,79.09,102.544,55.635
05/31/2021,11.679392589086127,77.98,101.338,54.621
05/24/2021,11.969644104984908,76.43,100.369,52.49
05/17/2021,12.753897247508307,74.84,100.347,49.332
05/10/2021,14.024203542447607,73.43,101.478,45.381
05/03/2021,14.484177746769058,72.71,101.678,43.741
04/26/2021,14.529955436958502,71.81,100.869,42.75
04/19/2021,14.767442060153815,70.51,100.044,40.975
04/12/2021,14.865047426765916,70.14,99.87,40.409
04/05/2021,14.832696484456221,69.89,99.555,40.224
03/29/2021,14.927496776084059,69.39,99.244,39.535
03/22/2021,15.276712506295326,68.68,99.233,38.126
03/15/2021,15.263271274533517,68.77,99.296,38.243
03/08/2021,15.384329852158007,67.74,98.508,36.971
03/01/2021,15.39400808756446,67.78,98.568,36.991
02/22/2021,15.470162410265768,68.5,99.44,37.559
02/15/2021,15.793635585260287,69.3,100.887,37.712
02/08/2021,14.17529505865751,68.14,96.49,39.789
02/01/2021,11.141362349371821,66.44,88.722,44.157
01/25/2021,9.635386603556706,65.56,84.83,46.289
01/18/2021,9.231283767710753,64.94,83.402,46.477
01/11/2021,9.223746798346106,64.91,83.357,46.462
01/04/2021,11.461820099792181,66.79,89.713,43.866
12/28/2020,16.08762396999632,70.16,102.335,37.984
12/21/2020,15.998892461667467,72.43,104.427,40.432
12/14/2020,16.939271383386007,74.77,108.648,40.891
12/07/2020,16.706429450962887,75.42,108.832,42.007
11/30/2020,16.848634662784992,75.31,109.007,41.612
11/23/2020,17.614468910529208,74.62,109.848,39.391
11/16/2020,18.473583436897133,73.59,110.537,36.642
11/09/2020,20.322533429668656,72.17,112.815,31.524
11/02/2020,22.198531257720635,70.85,115.247,26.452
10/26/2020,24.37324003902641,68.72,117.466,19.973
10/19/2020,26.508188829114676,66.9,119.916,13.883
10/12/2020,28.270730800600116,64.37,120.911,7.828
10/05/2020,29.806765339432594,61.44,121.053,1.826
09/28/2020,30.822271412081236,58.16,119.804,-3.484
09/21/2020,31.711227112806597,55.11,118.532,-8.312
09/14/2020,32.52335614600683,52.28,117.326,-12.766
09/07/2020,33.21298714358586,49.12,115.545,-17.305
08/31/2020,34.05105563708708,46.36,114.462,-21.742
08/24/2020,34.61001054608334,43.45,112.67,-25.77
08/17/2020,33.16142435119457,38.98,105.302,-27.342
08/10/2020,28.05070721033607,33.17,89.271,-22.931
08/03/2020,25.035561307867656,28.73,78.801,-21.341
07/27/2020,18.771495012385138,23.74,61.282,-13.802
07/20/2020,15.028827133213024,20.12,50.177,-9.937
07/13/2020,13.248828627467411,17.76,44.257,-8.737
07/06/2020,11.34969272711821,15.63,38.329,-7.069
06/29/2020,8.491926165482129,13.66,30.643,-3.323
06/22/2020,7.221576697647128,12.44,26.883,-2.003
06/15/2020,6.305395308781203,11.45,24.06,-1.16
06/08/2020,5.552747518121096,10.62,21.725,-0.485
06/01/2020,5.162538135452366,10.04,20.365,-0.285
05/25/2020,4.480290169174314,9.4,18.36,0.439
05/18/2020,3.983428799413892,8.89,16.856,0.923
05/11/2020,3.456035300745639,8.37,15.282,1.457
05/04/2020,2.8312779799941934,7.86,13.522,2.197
04/27/2020,2.102216687213761,7.4,11.604,3.195
04/20/2020,1.8212619251497024,7.16,10.802,3.517
04/13/2020,1.7094224170754284,7.03,10.448,3.611
04/06/2020,1.640707164609212,6.95,10.231,3.668
03/30/2020,1.6428831364403251,6.96,10.245,3.674
03/23/2020,1.598141107662274,7.13,10.326,3.933
03/16/2020,1.5818596650777843,7.38,10.543,4.216
03/09/2020,1.4718746549893438,7.71,10.653,4.766
03/02/2020,1.280669746656022,8.11,10.671,5.548
02/24/2020,1.3113828579022984,8.36,10.982,5.737
02/17/2020,1.3278516483402805,8.57,11.225,5.914
02/10/2020,1.3687622145573715,8.62,11.357,5.882
02/03/2020,1.481455365510551,8.73,11.692,5.767
01/27/2020,2.0064732741803466,9.06,13.072,5.047
01/20/2020,3.984013052187455,9.9,17.868,1.931
01/13/2020,4.237862668846172,10.34,18.815,1.864
01/06/2020,4.372491280723153,10.7,19.444,1.955
12/30/2019,4.7611610978835825,11.29,20.812,1.767
12/23/2019,4.885453407822042,11.83,21.6,2.059
12/16/2019,5.539755409763143,12.75,23.829,1.67
12/09/2019,5.664926301374097,13.45,24.779,2.12
12/02/2019,5.644177087937621,14.1,25.388,2.811
11/25/2019,5.469777417774877,14.61,25.549,3.67
11/18/2019,5.300765510754084,15.18,25.781,4.578
11/11/2019,5.008557676617092,15.54,25.557,5.522
11/04/2019,4.75465719058693,15.8,25.309,6.29
10/28/2019,4.651031068483633,15.89,25.192,6.587
10/21/2019,4.704070046247185,15.85,25.258,6.441
10/14/2019,4.806602230266199,15.76,25.373,6.146
10/07/2019,4.87931655050172,15.7,25.458,5.941
09/30/2019,4.878287609397379,15.7,25.456,5.943
09/23/2019,4.857076795769241,15.72,25.434,6.005
09/16/2019,4.7704638139283695,15.85,25.39,6.309
09/09/2019,4.811235807981147,15.74,25.362,6.117
09/02/2019,4.351132036608404,15.15,23.852,6.447
08/26/2019,4.332582370826895,15.05,23.715,6.384
08/19/2019,4.338122865940982,15.08,23.756,6.403
08/12/2019,4.21895840225997,14.93,23.367,6.492
08/05/2019,4.175039520771031,14.85,23.2,6.499
07/29/2019,3.5505372832854465,14.51,21.611,7.408
07/22/2019,3.4889024062016984,14.48,21.457,7.502
07/15/2019,3.6099252069814414,14.55,21.769,7.33
07/08/2019,3.8305299894401035,14.73,22.391,7.068
07/01/2019,3.884173013654258,14.77,22.538,7.001
06/24/2019,4.031687611906459,15.02,23.083,6.956
06/17/2019,4.179182336294984,15.36,23.718,7.001
06/10/2019,4.110871562089966,15.66,23.881,7.438
06/03/2019,3.894180915160465,16.1,23.888,8.311
05/27/2019,3.598155777617195,16.38,23.576,9.183
05/20/2019,3.2545468194512117,16.67,23.179,10.16
05/13/2019,3.010445149807583,16.85,22.87,10.829
05/06/2019,2.7227201472057314,17.03,22.475,11.584
04/29/2019,2.7671203443291006,17.0,22.534,11.465
04/22/2019,2.6008969606656853,17.21,22.411,12.008
04/15/2019,2.4209058222078776,17.43,22.271,12.588
04/08/2019,2.394847594315763,17.66,22.449,12.87
04/01/2019,2.473152846065119,17.89,22.836,12.943
03/25/2019,2.4675139310650303,17.91,22.845,12.974
03/18/2019,2.4555052942317186,17.94,22.851,13.028
03/11/2019,2.615834713815076,18.12,23.351,12.888
03/04/2019,2.5937706625683004,18.09,23.277,12.902
02/25/2019,2.7325914897766914,18.18,23.645,12.714
02/18/2019,3.2184672205880855,18.45,24.886,12.013
02/11/2019,3.656658481455439,18.78,26.093,11.466
02/04/2019,4.1408871332119155,19.18,27.461,10.898
01/28/2019,4.483555648143558,19.51,28.477,10.542
01/21/2019,4.774416456489735,20.01,29.558,10.461
01/14/2019,4.930816615936958,20.39,30.251,10.528
01/07/2019,5.13006603271342,21.09,31.35,10.829
12/31/2018,5.347821752826098,21.86,32.555,11.164
12/24/2018,5.331195339696342,22.65,33.312,11.987
12/17/2018,6.410777156476429,24.02,36.841,11.198
12/10/2018,6.423995933217891,25.18,38.027,12.332
12/03/2018,6.658390101969094,26.17,39.486,12.853
11/26/2018,6.876023832855729,27.25,41.002,13.497
11/19/2018,7.080103018318307,28.21,42.37,14.049
11/12/2018,7.108904891050379,29.0,43.217,14.782
11/05/2018,6.630197112454501,29.83,43.09,16.569
10/29/2018,5.999159316104216,30.64,42.638,18.641
10/22/2018,5.9187137538488885,31.48,43.317,19.642
10/15/2018,5.334131372585418,32.25,42.918,21.581
10/08/2018,4.920877716424175,32.79,42.631,22.948
10/01/2018,4.697301086794416,33.14,42.534,23.745
09/24/2018,4.544759344563802,33.71,42.799,24.62
09/17/2018,4.365353651194826,34.15,42.88,25.419
09/10/2018,4.111299976892953,34.68,42.902,26.457
09/03/2018,3.7867738577844863,35.17,42.743,27.596
08/27/2018,3.156763572078213,35.7,42.013,29.386
08/20/2018,2.7982282340795575,36.11,41.706,30.513
08/13/2018,2.5051808816929766,36.37,41.38,31.359
08/06/2018,2.041470058560742,36.68,40.762,32.597
07/30/2018,2.5554989728035507,36.86,41.97,31.749
07/23/2018,3.193485556566681,37.33,43.716,30.943
07/16/2018,6.084418624651003,38.53,50.698,26.361
07/09/2018,7.751691750837361,39.61,55.113,24.106
07/02/2018,9.36165450120864,40.86,59.583,22.136
06/25/2018,10.586519730298528,42.23,63.403,21.056
06/18/2018,10.965793404947952,43.47,65.401,21.538
06/11/2018,11.036383012563492,44.6,66.672,22.527
06/04/2018,12.710974588913315,46.38,71.801,20.958
05/28/2018,14.139088549125082,48.49,76.768,20.211
05/21/2018,15.190256745690641,50.74,81.12,20.359
05/14/2018,16.294249752596773,53.29,85.878,20.701
05/07/2018,16.049675230359025,54.59,86.689,22.49
04/30/2018,15.665515471889204,56.05,87.381,24.718
04/23/2018,15.286627325868842,57.59,88.163,27.016
04/16/2018,14.848149084986991,57.98,87.676,28.283
04/09/2018,14.48897102109049,58.27,87.247,29.292
04/02/2018,13.711792597979302,59.59,87.013,32.166
03/26/2018,12.717220854023099,60.42,85.854,34.985
03/19/2018,11.595032610993382,61.27,84.46,38.079
03/12/2018,11.640840014792747,61.23,84.511,37.948
03/05/2018,11.841917338421174,61.09,84.773,37.406
02/26/2018,12.867129876161195,59.94,85.674,34.205
02/19/2018,14.502787016639251,58.37,87.375,29.364
02/12/2018,15.693407254321798,56.68,88.066,25.293
02/05/2018,16.641361310001052,54.96,88.242,21.677
01/29/2018,17.906066185793016,53.24,89.052,17.427
01/22/2018,18.931265970610628,51.68,89.542,13.817
01/15/2018,19.09940853141793,49.15,87.348,10.951
01/08/2018,18.63511889551553,46.5,83.77,9.229
01/01/2018,17.88447947942573,43.57,79.338,7.801
12/25/2017,15.971189882097075,40.33,72.272,8.387
12/18/2017,15.62319929623891,38.11,69.356,6.863
12/11/2017,14.873853947447515,35.7,65.447,5.952
12/04/2017,13.391432195624185,33.12,59.902,6.337
11/27/2017,13.580054307697004,31.68,58.84,4.519
11/20/2017,13.749568175037354,30.37,57.869,2.87
11/13/2017,11.700583318792273,27.99,51.391,4.588
11/06/2017,10.520743794998525,26.19,47.231,5.148
10/30/2017,8.698412211432611,24.35,41.746,6.953
10/23/2017,7.542676912078364,22.91,37.995,7.824
10/16/2017,6.180626990848097,21.51,33.871,9.148
10/09/2017,5.073396298339013,20.33,30.476,10.183
10/02/2017,4.797514981737942,19.59,29.185,9.994
09/25/2017,4.27697907406618,18.82,27.373,10.266
09/18/2017,3.5270738580301946,18.1,25.154,11.045
09/11/2017,3.2754465344438155,17.67,24.22,11.119
09/04/2017,2.8437211536998492,17.3,22.987,11.612
08/28/2017,2.4147618930238237,16.97,21.799,12.14
08/21/2017,1.6844509491225919,16.63,19.998,13.261
08/14/2017,1.44685002678232,16.47,19.363,13.576
08/07/2017,1.2776932339180638,16.36,18.915,13.804
07/31/2017,1.0691585476438936,16.23,18.368,14.091
07/24/2017,1.1049886877249016,16.26,18.469,14.05
07/17/2017,1.12933608815091,16.29,18.548,14.031
07/10/2017,1.1887388274974449,16.38,18.757,14.002
07/03/2017,1.2484490378065096,16.48,18.976,13.983
06/26/2017,1.3300657878466013,16.59,19.25,13.929
06/19/2017,1.3556732644704623,16.67,19.381,13.958
06/12/2017,1.3553781760084527,16.69,19.4,13.979
06/05/2017,1.3400559689804006,16.75,19.43,14.069
05/29/2017,1.2739112998949338,16.82,19.367,14.272
05/22/2017,1.146788995412844,16.95,19.243,14.656
05/15/2017,0.9860527369263777,17.09,19.062,15.117
05/08/2017,0.7901265721389201,17.24,18.82,15.659
05/01/2017,0.67031708914513,17.34,18.68,15.999
04/24/2017,0.532024435529046,17.47,18.534,16.405
04/17/2017,0.5411792678955838,17.45,18.532,16.367
04/10/2017,0.5679348554191759,17.42,18.555,16.284
04/03/2017,0.5739120141624499,17.42,18.567,16.272
03/27/2017,0.5782732917920386,17.44,18.596,16.283
03/20/2017,0.5760859310901456,17.45,18.602,16.297
03/13/2017,0.6983015108103376,17.38,18.776,15.983
03/06/2017,0.8779521627059187,17.22,18.975,15.464
02/27/2017,1.0628146592891916,17.07,19.195,14.944
02/20/2017,1.1515619827000196,16.91,19.213,14.606
02/13/2017,1.1840185809352828,16.75,19.118,14.381
02/06/2017,1.1427248137675143,16.59,18.875,14.304
01/30/2017,1.1281865980412993,16.47,18.726,14.213
01/23/2017,1.150791032290398,16.39,18.691,14.088
01/16/2017,1.1898319209031165,16.28,18.659,13.9
01/09/2017,1.2070874036290828,16.24,18.654,13.825
01/02/2017,1.2041677623985787,16.16,18.568,13.751
12/26/2016,1.194211036626274,16.08,18.468,13.691
12/19/2016,1.148799373258882,16.0,18.297,13.702
12/12/2016,1.0930805093862024,15.93,18.116,13.743
12/05/2016,0.9953743014564923,15.85,17.84,13.859
11/28/2016,0.9846877677720994,15.84,17.809,13.87
11/21/2016,0.9948819025391911,15.85,17.839,13.86
11/14/2016,0.8907356510211099,15.78,17.561,13.998
11/07/2016,0.7732043714309952,15.7,17.246,14.153
10/31/2016,0.6853028527592747,15.64,17.01,14.269
10/24/2016,0.733293938335781,15.7,17.166,14.233
10/17/2016,0.7871689780472808,15.83,17.404,14.255
10/10/2016,0.7883812529480901,15.98,17.556,14.403
10/03/2016,0.766403940490914,16.09,17.622,14.557
09/26/2016,0.7266567277607773,16.15,17.603,14.696
09/19/2016,0.7731817380150674,16.12,17.666,14.573
09/12/2016,0.8053260209381046,16.09,17.7,14.479
09/05/2016,0.8557978733322492,16.05,17.761,14.338
08/29/2016,0.8253999030772905,16.08,17.73,14.429
08/22/2016,0.823261805260028,16.08,17.726,14.433
08/15/2016,0.8983095234939906,16.03,17.826,14.233
08/08/2016,0.9271758193568255,16.0,17.854,14.145
08/01/2016,0.9893634317074795,15.92,17.898,13.941
07/25/2016,1.0124055511503285,15.86,17.884,13.835
07/18/2016,1.0272438853553718,15.79,17.844,13.735
07/11/2016,1.0127141748785786,15.7,17.725,13.674
07/04/2016,1.0159478333064156,15.57,17.601,13.538
06/27/2016,1.0369233337137325,15.45,17.523,13.376
06/20/2016,1.1049230742454428,15.32,17.529,13.11
06/13/2016,1.4658666378630767,15.05,17.981,12.118
06/06/2016,1.5600048076848996,14.8,17.92,11.679
05/30/2016,1.6262917942362005,14.49,17.742,11.237
05/23/2016,1.6979885158622245,14.15,17.545,10.754
05/16/2016,1.673990740715133,13.87,17.217,10.522
05/09/2016,1.6121569402511653,13.67,16.894,10.445
05/02/2016,1.6086049856941262,13.56,16.777,10.342
04/25/2016,1.6091597186109277,13.42,16.638,10.201
04/18/2016,1.6026446892558561,13.31,16.515,10.104
04/11/2016,1.5348973907072745,13.19,16.259,10.12
04/04/2016,1.4528007433918801,13.1,16.005,10.194
03/28/2016,1.426451891933268,13.02,15.872,10.167
03/21/2016,1.3701769958658625,12.96,15.7,10.219
03/14/2016,1.688443069813134,13.12,16.496,9.743
03/07/2016,1.7354351039436766,13.16,16.63,9.689
02/29/2016,1.8277992231095845,13.23,16.885,9.574
02/22/2016,1.9864352493851896,13.33,17.302,9.357
02/15/2016,2.161100414140907,13.48,17.802,9.157
02/08/2016,2.2979784594290695,13.63,18.225,9.034
02/01/2016,2.4750777765557186,13.85,18.8,8.899
01/25/2016,2.663623471889373,14.29,19.617,8.962
01/18/2016,2.848307392119046,14.68,20.376,8.983
01/11/2016,2.9177816916280763,15.1,20.935,9.264
01/04/2016,2.9205282056504775,15.58,21.421,9.738
12/28/2015,2.9601106398241264,16.05,21.97,10.129
12/21/2015,3.0369697067965626,16.5,22.573,10.426
12/14/2015,3.2347975207113038,17.03,23.499,10.56
12/07/2015,3.140882041720128,17.49,23.771,11.208
11/30/2015,3.053454600939729,17.98,24.086,11.873
11/23/2015,3.035418422557259,18.48,24.55,12.409
11/16/2015,2.933120352116496,18.93,24.796,13.063
11/09/2015,2.632342113024065,19.38,24.644,14.115
11/02/2015,2.336849374692344,19.82,24.493,15.146
10/26/2015,2.3048275423553926,20.0,24.609,15.39
10/19/2015,2.1039415391117693,20.3,24.507,16.092
10/12/2015,1.9178438414010666,20.59,24.425,16.754
10/05/2015,1.760205953858809,20.81,24.33,17.289
09/28/2015,1.5741060955348594,21.03,24.178,17.881
09/21/2015,1.3131374642435574,21.29,23.916,18.663
09/14/2015,1.0555993558164005,21.49,23.601,19.378
09/07/2015,0.961815990717559,21.58,23.503,19.656
08/31/2015,1.2428394908434472,21.88,24.365,19.394
08/24/2015,1.2119591577276847,22.11,24.533,19.686
08/17/2015,1.2541531007018238,22.35,24.858,19.841
08/10/2015,1.264157822425665,22.51,25.038,19.981
08/03/2015,1.268272447071212,22.65,25.186,20.113
07/27/2015,1.2719099810914292,22.65,25.193,20.106
07/20/2015,1.2421855738978775,22.78,25.264,20.295
07/13/2015,1.2323493822776073,22.84,25.304,20.375
07/06/2015,1.2299898373563904,22.81,25.269,20.35
06/29/2015,1.2704133185699842,22.76,25.3,20.219
06/22/2015,1.256779614729647,22.78,25.293,20.266
06/15/2015,1.2518965612222122,22.83,25.333,20.326
06/08/2015,1.2105164187238437,22.88,25.301,20.458
06/01/2015,1.1841325939268796,22.92,25.288,20.551
05/25/2015,1.1647188501951877,22.97,25.299,20.64
05/18/2015,1.1272111603421962,23.06,25.314,20.805
05/11/2015,1.0801967413392806,23.16,25.32,20.999
05/04/2015,1.0816954284825284,23.24,25.403,21.076
04/27/2015,1.0751953310910538,23.38,25.53,21.229
04/20/2015,1.0655561927932289,23.59,25.721,21.458
04/13/2015,1.0514418671519605,23.58,25.682,21.477
04/06/2015,1.081575240101215,23.62,25.783,21.456
03/30/2015,1.093048489317835,23.63,25.816,21.443
03/23/2015,1.0967588613729096,23.63,25.823,21.436
03/16/2015,1.1018348333575232,23.65,25.853,21.446
03/09/2015,1.1064357188738985,23.63,25.842,21.417
03/02/2015,1.2175056468041536,23.52,25.955,21.084
02/23/2015,1.8127451558341015,23.23,26.855,19.604
02/16/2015,2.400804031985951,22.89,27.691,18.088
02/09/2015,2.7569811388545986,22.65,28.163,17.136
02/02/2015,2.9666690074897133,22.41,28.343,16.476
01/26/2015,3.152686949254556,22.12,28.425,15.814
01/19/2015,3.2531715294463033,21.93,28.436,15.423
01/12/2015,3.3442166496804595,21.71,28.398,15.021
01/05/2015,3.4431272122882706,21.45,28.336,14.563
12/29/2014,3.5197535425083384,21.15,28.189,14.11
12/22/2014,3.5818793949545538,20.82,27.983,13.656
12/15/2014,3.563865878508898,20.5,27.627,13.372
12/08/2014,3.5538964531904975,20.07,27.177,12.962
12/01/2014,3.3983643124303193,19.63,26.426,12.833
11/24/2014,3.294078778657244,19.06,25.648,12.471
11/17/2014,3.1675132201776206,18.53,24.865,12.194
11/10/2014,2.81958862247669,18.12,23.759,12.48
11/03/2014,2.4715460748284666,17.69,22.633,12.746
10/27/2014,2.0115454257858563,17.25,21.273,13.226
10/20/2014,1.5401785610766046,16.86,19.94,13.779
10/13/2014,1.176949446662855,16.58,18.933,14.226
10/06/2014,1.1958386178745026,16.47,18.861,14.078
09/29/2014,1.2040224250403315,16.46,18.868,14.051
09/22/2014,1.2056429819809846,16.44,18.851,14.028
09/15/2014,1.1984218789725098,16.32,18.716,13.923
09/08/2014,1.1833680746073898,16.22,18.586,13.853
09/01/2014,1.070539583574564,16.11,18.251,13.968
08/25/2014,1.0756532898662094,16.11,18.261,13.958
08/18/2014,1.0539331098319282,16.09,18.197,13.982
08/11/2014,1.1495259892668803,16.15,18.449,13.85
08/04/2014,1.3350337074396286,16.27,18.94,13.599
07/28/2014,1.6174439712088946,16.42,19.654,13.185
07/21/2014,2.0367191755369713,16.72,20.793,12.646
07/14/2014,2.2715325223293634,16.95,21.493,12.406
07/07/2014,2.2566889462218755,17.22,21.733,12.706
06/30/2014,2.1728000368188507,17.45,21.795,13.104
06/23/2014,2.1806042740488243,17.54,21.901,13.178
06/16/2014,2.1877808391152898,17.73,22.105,13.354
06/09/2014,2.2373935728878815,18.01,22.484,13.535
06/02/2014,3.0527045386017955,18.66,24.765,12.554
05/26/2014,3.6609110887865057,19.31,26.631,11.988
05/19/2014,4.038713285193689,19.97,28.047,11.892
05/12/2014,4.327152643482779,20.61,29.264,11.955
05/05/2014,4.688730105263045,21.32,30.697,11.942
04/28/2014,4.830605552102138,22.06,31.721,12.398
04/21/2014,4.703405680993295,22.64,32.046,13.233
04/14/2014,4.512428946809025,23.13,32.154,14.105
04/07/2014,4.490062360368729,23.62,32.6,14.639
03/31/2014,4.307897979293381,24.1,32.715,15.484
03/24/2014,4.139316368677321,24.5,32.778,16.221
03/17/2014,3.967830641547091,24.78,32.715,16.844
03/10/2014,3.86830195305382,24.92,32.656,17.183
03/03/2014,3.8148636935020366,25.06,32.689,17.43
02/24/2014,3.7226321333164254,25.29,32.735,17.844
02/17/2014,3.581972920053975,25.77,32.933,18.606
02/10/2014,3.3175706473261424,26.34,32.975,19.704
02/03/2014,2.894228740096401,26.92,32.708,21.131
01/27/2014,2.3769697095251345,27.36,32.113,22.606
01/20/2014,1.8872970089522212,27.7,31.474,23.925
01/13/2014,1.8905039010803446,27.71,31.491,23.928
01/06/2014,1.8815113605822316,27.69,31.453,23.926
12/30/2013,1.9408207026925492,27.77,31.651,23.888
12/23/2013,1.974294810812205,27.82,31.768,23.871
12/16/2013,1.950757545160341,27.8,31.701,23.898
12/09/2013,2.2980404696175394,27.98,32.576,23.383
12/02/2013,2.6775753957638617,28.35,33.705,22.994
11/25/2013,2.7865588097149505,28.69,34.263,23.116
11/18/2013,2.7821520447308417,28.72,34.284,23.155
11/11/2013,2.841504882980144,28.65,34.333,22.966
11/04/2013,2.800998036414878,28.74,34.341,23.138
10/28/2013,2.7408547936729524,28.79,34.271,23.308
10/21/2013,2.487170078623495,28.96,33.934,23.985
10/14/2013,2.3563584192562903,29.07,33.782,24.357
10/07/2013,2.366112845998686,29.06,33.792,24.327
09/30/2013,2.490529060260089,28.87,33.851,23.888
09/23/2013,2.6074777084377927,28.61,33.824,23.395
09/16/2013,2.6706225865891273,28.39,33.731,23.048
09/09/2013,2.9469289098992535,28.09,33.983,22.196
09/02/2013,3.3552742063801584,27.74,34.45,21.029
08/26/2013,3.8810533364023745,27.25,35.012,19.487
08/19/2013,4.99381417355512,26.49,36.477,16.502
08/12/2013,5.7578676608619626,25.62,37.135,14.104
08/05/2013,6.360361231879837,24.76,37.48,12.039
07/29/2013,6.773551136590024,23.88,37.427,10.332
07/22/2013,6.906896553445693,22.76,36.573,8.946
07/15/2013,6.7258159356319,21.65,35.101,8.198
07/08/2013,6.549683580143395,20.6,33.699,7.5
07/01/2013,6.492585386423501,19.79,32.775,6.804
06/24/2013,6.537267777902325,19.12,32.194,6.045
06/17/2013,6.315459999081619,18.36,30.99,5.729
06/10/2013,6.156298806913128,17.74,30.052,5.427
06/03/2013,5.786921893373022,17.21,28.783,5.636
05/27/2013,5.345984941991513,16.6,27.291,5.908
05/20/2013,4.909252488923339,16.04,25.858,6.221
05/13/2013,4.409083805055195,15.5,24.318,6.681
05/06/2013,3.8391515989864216,14.94,22.618,7.261
04/29/2013,2.9807633250561842,14.37,20.331,8.408
04/22/2013,2.2945337216959785,13.93,18.519,9.34
04/15/2013,1.6878388548673715,13.61,16.985,10.234
04/08/2013,1.2759623818906258,13.43,15.981,10.878
04/01/2013,1.2904495340771756,13.52,16.1,10.939
03/25/2013,1.2947663881951832,13.62,16.209,11.03
03/18/2013,1.3083481952446756,13.77,16.386,11.153
03/11/2013,1.3073006540195715,13.91,16.524,11.295
03/04/2013,1.2053236079991132,14.12,16.53,11.709
02/25/2013,1.3147490254797682,14.06,16.689,11.43
02/18/2013,1.4231777822886358,14.01,16.856,11.163
02/11/2013,1.5643736765875342,13.92,17.048,10.791
02/04/2013,1.718099240439853,13.82,17.256,10.383
01/28/2013,1.8678436765425526,13.69,17.425,9.954
01/21/2013,2.0492742617814725,13.51,17.608,9.411
01/14/2013,2.1362455383218473,13.15,17.422,8.877
01/07/2013,2.305607295269513,12.85,17.461,8.238
12/31/2012,2.4470165508226542,12.54,17.434,7.645
12/24/2012,2.535848970266171,12.24,17.311,7.168
12/17/2012,2.6255466097557667,11.97,17.221,6.718
12/10/2012,2.6895538663503284,11.69,17.069,6.31
12/03/2012,2.763942835877761,11.38,16.907,5.852
11/26/2012,2.8235403308612397,11.03,16.677,5.382
11/19/2012,2.819738463049366,10.59,16.229,4.95
11/12/2012,2.7734743553889225,10.21,15.756,4.663
11/05/2012,2.667980509673937,9.82,15.155,4.484
10/29/2012,2.4238234259120444,9.4,14.247,4.552
10/22/2012,2.0844759533273587,8.98,13.148,4.811
10/15/2012,1.503462669972221,8.55,11.556,5.543
10/08/2012,1.4454549456831922,8.32,11.21,5.429
10/01/2012,1.381441276348727,8.12,10.882,5.357
09/24/2012,1.3027067974030073,7.9,10.505,5.294
09/17/2012,1.1877247155801718,7.73,10.105,5.354
09/10/2012,1.0384170645747306,7.54,9.616,5.463
09/03/2012,0.9417935017826359,7.36,9.243,5.476
08/27/2012,0.9001305460876216,7.18,8.98,5.379
08/20/2012,0.9425576905420696,7.0,8.885,5.114
08/13/2012,0.9475230867899735,6.83,8.725,4.934
08/06/2012,0.9143959754942056,6.66,8.488,4.831
07/30/2012,0.8369707282814615,6.51,8.183,4.836
07/23/2012,0.736508655753617,6.36,7.833,4.886
07/16/2012,0.6953128792133797,6.24,7.63,4.849
07/09/2012,0.6589840665752094,6.19,7.507,4.872
07/02/2012,0.6644245630619025,6.19,7.518,4.861
06/25/2012,0.659666582449043,6.19,7.509,4.87
06/18/2012,0.6624839620700262,6.19,7.514,4.865
06/11/2012,0.6737618273544442,6.2,7.547,4.852
06/04/2012,0.6827737546215437,6.21,7.575,4.844
05/28/2012,0.6858862879515817,6.21,7.581,4.838
05/21/2012,0.6960711170562961,6.23,7.622,4.837
05/14/2012,0.7086536530633283,6.24,7.657,4.822
05/07/2012,0.7895473386694429,6.32,7.899,4.74
04/30/2012,0.84070506124324,6.36,8.041,4.678
04/23/2012,0.9071907186474077,6.43,8.244,4.615
04/16/2012,0.974317709989919,6.53,8.478,4.581
04/09/2012,1.0246755584086116,6.65,8.699,4.6
04/02/2012,0.977946828820463,6.79,8.745,4.834
03/26/2012,0.9456558570642916,6.93,8.821,5.038
03/19/2012,0.912373278872195,7.09,8.914,5.265
03/12/2012,0.8670034602007077,7.22,8.954,5.485
03/05/2012,0.8540784507292056,7.4,9.108,5.691
02/27/2012,0.9368938040140944,7.65,9.523,5.776
02/20/2012,1.0325066585741713,7.85,9.915,5.784
02/13/2012,1.0465896999302067,7.99,10.083,5.896
02/06/2012,1.0428278860866735,8.11,10.195,6.024
01/30/2012,1.051016174946894,8.24,10.342,6.137
01/23/2012,1.0836904539581402,8.39,10.557,6.222
01/16/2012,1.0717135811400358,8.53,10.673,6.386
01/09/2012,1.0425617487707863,8.67,10.755,6.584
01/02/2012,0.9982609879184904,8.84,10.836,6.843
12/26/2011,0.9243267820419357,8.98,10.828,7.131
12/19/2011,0.9378699270154685,9.11,10.985,7.234
12/12/2011,0.9658079519241908,9.27,11.201,7.338
12/05/2011,1.1723566010391206,9.5,11.844,7.155
11/28/2011,1.6978000471198014,9.87,13.265,6.474
11/21/2011,2.086888832688507,10.25,14.423,6.076
11/14/2011,2.311516818022313,10.64,15.263,6.016
11/07/2011,2.4355317694499488,11.0,15.871,6.128
10/31/2011,2.4844103928296546,11.32,16.288,6.351
10/24/2011,2.464881335886172,11.64,16.569,6.71
10/17/2011,2.431135537151312,11.87,16.732,7.007
10/10/2011,2.4437880431821415,12.05,16.937,7.162
10/03/2011,2.4583531072651055,12.26,17.176,7.343
09/26/2011,2.3852840501709647,12.47,17.24,7.699
09/19/2011,2.2862163064767076,12.71,17.282,8.137
09/12/2011,2.1735558423928287,12.91,17.257,8.562
09/05/2011,2.0799927884490366,13.11,17.269,8.95
08/29/2011,1.9591860554832456,13.36,17.278,9.441
08/22/2011,1.7983756559740236,13.6,17.196,10.003
08/15/2011,1.6340471229435216,13.85,17.118,10.581
08/08/2011,1.384322939201688,14.13,16.898,11.361
08/01/2011,1.1194507581845663,14.38,16.618,12.141
07/25/2011,0.7950283013830388,14.55,16.14,12.959
07/18/2011,0.6762654804143118,14.67,16.022,13.317
07/11/2011,0.7878546820321625,14.73,16.305,13.154
07/04/2011,0.7661005155983124,14.64,16.172,13.107
06/27/2011,0.7333587116820799,14.58,16.046,13.113
06/20/2011,0.7294861204985329,14.57,16.028,13.111
06/13/2011,0.7332087015304715,14.58,16.046,13.113
06/06/2011,0.7348843446420668,14.6,16.069,13.13
05/30/2011,0.756491903459647,14.71,16.222,13.197
05/23/2011,0.8771687408931076,14.86,16.614,13.105
05/16/2011,0.9035928286568015,14.94,16.747,13.132
05/09/2011,0.9178453028697156,15.08,16.915,13.244
05/02/2011,0.9122718892961681,15.19,17.014,13.365
04/25/2011,0.911745578546998,15.35,17.173,13.526
04/18/2011,0.8704022058795577,15.48,17.22,13.739
04/11/2011,0.8606305827705637,15.52,17.241,13.798
04/04/2011,0.886171540955813,15.5,17.272,13.727
03/28/2011,0.9509889589264431,15.45,17.351,13.548
03/21/2011,0.9869777099813349,15.38,17.353,13.406
03/14/2011,1.0385253968969657,15.31,17.387,13.232
03/07/2011,1.1052556265407565,15.26,17.47,13.049
02/28/2011,1.1178506161379524,15.31,17.545,13.074
02/21/2011,1.1246443882401227,15.31,17.559,13.06
02/14/2011,1.0971280690967669,15.42,17.614,13.225
02/07/2011,1.0692567512061826,15.49,17.628,13.351
01/31/2011,1.0666231761967297,15.51,17.643,13.376
01/24/2011,1.0885104501106087,15.48,17.657,13.302
01/17/2011,1.0879223317866034,15.48,17.655,13.304
01/10/2011,1.0908093325600035,15.43,17.611,13.248
01/03/2011,1.0446506593115232,15.32,17.409,13.23
12/27/2010,1.0761482239914724,15.22,17.372,13.067
12/20/2010,1.076605777432018,15.08,17.233,12.926
12/13/2010,1.1104863799254812,15.11,17.33,12.889
12/06/2010,1.463003759393666,15.25,18.176,12.323
11/29/2010,1.817513411229749,15.45,19.085,11.814
11/22/2010,1.8912641275083708,15.55,19.332,11.767
11/15/2010,1.9892661963648806,15.78,19.758,11.801
11/08/2010,1.9921044149341167,15.99,19.974,12.005
11/01/2010,2.1713037558112407,16.3,20.642,11.957
10/25/2010,2.3692182254912693,16.67,21.408,11.931
10/18/2010,2.4918547309183174,17.09,22.073,12.106
10/11/2010,2.6217208089344677,17.34,22.583,12.096
10/04/2010,2.8467639522798516,17.63,23.323,11.936
09/27/2010,3.0590652166961068,17.97,24.088,11.851
09/20/2010,3.178581444607012,18.32,24.677,11.962
09/13/2010,3.1981799511597213,18.64,25.036,12.243
09/06/2010,3.0453259267277124,18.85,24.94,12.759
08/30/2010,2.913559678468934,19.11,24.937,13.282
08/23/2010,2.7519538513572495,19.36,24.863,13.856
08/16/2010,2.5388442252332064,19.63,24.707,14.552
08/09/2010,2.27009471168055,19.78,24.32,15.239
08/02/2010,2.2766872863878342,19.78,24.333,15.226
07/26/2010,2.525650411280231,19.64,24.691,14.588
07/19/2010,2.759722812167918,19.38,24.899,13.86
07/12/2010,3.0380306120906684,19.04,25.116,12.963
07/05/2010,3.3684618151316483,18.76,25.496,12.023
06/28/2010,3.666982410647752,18.43,25.763,11.096
06/21/2010,3.9416798449392108,18.12,26.003,10.236
06/14/2010,4.159945312140533,17.67,25.989,9.35
06/07/2010,4.248083097115686,17.19,25.686,8.693
05/31/2010,4.24446580855589,16.71,25.198,8.221
05/24/2010,4.208763476366901,16.29,24.707,7.872
05/17/2010,4.009163254346223,15.82,23.838,7.801
05/10/2010,3.672872853775366,15.35,22.695,8.004
05/03/2010,3.2754053184300713,14.89,21.44,8.339
04/26/2010,2.8665283881378185,14.46,20.193,8.726
04/19/2010,2.714632571822566,14.27,19.699,8.84
04/12/2010,2.365089850301675,14.01,18.74,9.279
04/05/2010,1.953855163516477,13.75,17.657,9.842
03/29/2010,1.3934884283696078,13.53,16.316,10.743
03/22/2010,1.2636178219699183,13.47,15.997,10.942
03/15/2010,1.3601213181183507,13.57,16.29,10.849
03/08/2010,1.359961396510945,13.57,16.289,10.85
03/01/2010,1.4959729275625278,13.67,16.661,10.678
02/22/2010,1.6441715238988905,13.84,17.128,10.551
02/15/2010,1.6747537132366659,14.03,17.379,10.68
02/08/2010,1.6160739463279519,14.12,17.352,10.887
02/01/2010,1.5267940267108724,14.26,17.313,11.206
01/25/2010,1.3864505039849062,14.44,17.212,11.667
01/18/2010,1.385521562444988,14.44,17.211,11.668
01/11/2010,1.4425342283634037,14.41,17.295,11.524
01/04/2010,1.449310180741169,14.4,17.298,11.501
12/28/2009,1.4697686892841335,14.38,17.319,11.44
12/21/2009,1.509821181464878,14.34,17.359,11.32
12/14/2009,1.5348306095462132,14.3,17.369,11.23
12/07/2009,1.5376686899329128,14.3,17.375,11.224
11/30/2009,1.5475448297222283,14.23,17.325,11.134
11/23/2009,1.6119320705290283,14.08,17.303,10.856
11/16/2009,1.7578751377728739,13.88,17.395,10.364
11/09/2009,1.7365483005087996,13.71,17.183,10.236
11/02/2009,1.709589131926148,13.53,16.949,10.11
10/26/2009,1.652959467137655,13.35,16.655,10.044
10/19/2009,1.6893771041422339,13.23,16.608,9.851
10/12/2009,1.5274308494985953,13.0,16.054,9.945
10/05/2009,1.2891916071709433,12.73,15.308,10.151
09/28/2009,1.0723712043877343,12.49,14.634,10.345
09/21/2009,1.0657485632174222,12.33,14.461,10.198
09/14/2009,0.9380405108522766,12.21,14.086,10.333
09/07/2009,0.7178439941937244,12.11,13.545,10.674
08/31/2009,0.7279285679240786,12.15,13.605,10.694
08/24/2009,0.7338426261808453,12.15,13.617,10.682
08/17/2009,0.8088077645522451,12.04,13.657,10.422
08/10/2009,0.9113232137940961,11.91,13.732,10.087
08/03/2009,0.9844947942980703,11.77,13.738,9.801
07/27/2009,1.0888755668119292,11.6,13.777,9.422
07/20/2009,1.1194418251968254,11.41,13.648,9.171
07/13/2009,1.271858875819169,11.14,13.683,8.596
07/06/2009,1.4109199126810847,10.95,13.771,8.128
06/29/2009,1.5015608545776624,10.84,13.843,7.836
06/22/2009,1.4645511257719888,10.75,13.679,7.82
06/15/2009,1.4356966949881858,10.7,13.571,7.828
06/08/2009,1.3983508143523928,10.64,13.436,7.843
06/01/2009,1.421627588364829,10.52,13.363,7.676
05/25/2009,1.3946755895189389,10.4,13.189,7.61
05/18/2009,1.379362171440119,10.33,13.088,7.571
05/11/2009,1.3753563174683132,10.32,13.07,7.569
05/04/2009,1.4301503417473282,10.39,13.25,7.529
04/27/2009,1.4503896028309082,10.41,13.31,7.509
04/20/2009,1.350301818113269,10.33,13.03,7.629
04/13/2009,1.2332072007574395,10.21,12.676,7.743
04/06/2009,1.203854227055751,10.16,12.567,7.752
03/30/2009,1.4052277395497144,9.98,12.79,7.169
03/23/2009,1.4200264082051433,9.93,12.77,7.089
03/16/2009,1.424854378524346,9.96,12.809,7.11
03/09/2009,1.511651414844044,10.11,13.133,7.086
03/02/2009,1.5239717845157108,10.09,13.137,7.042
02/23/2009,1.563548847973737,10.35,13.477,7.222
02/16/2009,1.7264559073431327,10.67,14.122,7.217
02/09/2009,2.1365556393410396,11.08,15.353,6.806
02/02/2009,2.9086233857273447,11.57,17.387,5.752
01/26/2009,3.635482086326379,12.09,19.36,4.819
01/19/2009,3.9264239455260053,12.49,20.342,4.637
01/12/2009,4.094725876050801,12.99,21.179,4.8
01/05/2009,4.380047944943069,13.57,22.33,4.809
12/29/2008,4.5337087467105786,14.09,23.157,5.022
12/22/2008,4.6751358269038565,14.55,23.9,5.199
12/15/2008,4.773945433286812,14.93,24.477,5.382
12/08/2008,4.798533109190767,15.23,24.827,5.632
12/01/2008,4.746152125669805,15.53,25.022,6.037
11/24/2008,4.5920316854307535,15.83,25.014,6.645
11/17/2008,4.709142172413146,16.48,25.898,7.061
11/10/2008,4.351824330094219,17.29,25.993,8.586
11/03/2008,4.289294813835953,18.13,26.708,9.551
10/27/2008,4.263119749666903,18.92,27.446,10.393
10/20/2008,4.0630007383705955,19.43,27.556,11.303
10/13/2008,3.4094479025202893,20.19,27.008,13.371
10/06/2008,3.159481761302002,20.8,27.118,14.481
09/29/2008,3.116737075853528,21.43,27.663,15.196
09/22/2008,3.0206207971210155,21.83,27.871,15.788
09/15/2008,3.04920071494154,21.78,27.878,15.681
09/08/2008,3.0752837267478266,21.7,27.85,15.549
09/01/2008,3.0449712642322257,21.74,27.829,15.65
08/25/2008,3.075680412526633,21.71,27.861,15.558
08/18/2008,3.5972614583874774,21.31,28.504,14.115
08/11/2008,4.158105939006364,20.88,29.196,12.563
08/04/2008,4.5940118632846385,20.46,29.648,11.271
07/28/2008,5.108473353165308,19.98,30.196,9.763
07/21/2008,5.59236086103177,19.54,30.724,8.355
07/14/2008,5.9644295619950105,19.15,31.078,7.221
07/07/2008,6.248282964143029,18.85,31.346,6.353
06/30/2008,6.370039246346917,18.23,30.97,5.489
06/23/2008,6.453096543520792,17.64,30.546,4.733
06/16/2008,6.367190118097621,16.86,29.594,4.125
06/09/2008,6.103270434775113,16.09,28.296,3.883
06/02/2008,6.0144430332325864,15.49,27.518,3.461
05/26/2008,5.78382096887516,14.79,26.357,3.222
05/19/2008,5.31384183054031,14.06,24.687,3.432
05/12/2008,4.370936970490423,13.31,22.051,4.568
05/05/2008,3.5585102219889717,12.87,19.987,5.752
04/28/2008,3.30683685717938,12.69,19.303,6.076
04/21/2008,2.974516767476694,12.5,18.449,6.55
04/14/2008,3.5387971120141937,12.7,19.777,5.622
04/07/2008,4.035578645002474,12.93,21.001,4.858
03/31/2008,4.706033361547706,13.48,22.892,4.067
03/24/2008,5.636900744203325,14.28,25.553,3.006
03/17/2008,6.786015399334134,15.28,28.852,1.707
03/10/2008,8.112212398600027,16.6,32.824,0.375
03/03/2008,8.918278140986635,17.91,35.746,0.073
02/25/2008,9.224577226084673,19.01,37.459,0.56
02/18/2008,9.61156542921079,20.25,39.473,1.026
02/11/2008,9.712258491205844,21.31,40.734,1.885
02/04/2008,9.546922278933668,22.19,41.283,3.096
01/28/2008,9.2031692910649,23.07,41.476,4.663
01/21/2008,8.77370189828672,23.73,41.277,6.182
01/14/2008,8.254037496885994,24.34,40.848,7.831
01/07/2008,7.599458862313816,24.94,40.138,9.741
12/31/2007,6.9013024133130125,25.54,39.342,11.737
12/24/2007,6.327643716265953,25.94,38.595,13.284
12/17/2007,6.043312005845801,26.17,38.256,14.083
12/10/2007,5.727671429123706,26.39,37.845,14.934
12/03/2007,5.5853451101968625,26.47,37.64,15.299
11/26/2007,5.75964278406222,26.26,37.779,14.74
11/19/2007,5.923518802198572,26.07,37.917,14.222
11/12/2007,6.125641190928506,25.8,38.051,13.548
11/05/2007,6.316800218465042,25.32,37.953,12.686
10/29/2007,6.285874243094591,24.65,37.221,12.078
10/22/2007,5.745119668031293,23.79,35.28,12.299
10/15/2007,5.193582578529006,22.92,33.307,12.532
10/08/2007,4.816417755967604,22.26,31.892,12.627
10/01/2007,3.903867313318935,21.43,29.237,13.622
09/24/2007,3.06330785263251,20.72,26.846,14.593
09/17/2007,2.5016154780461366,20.17,25.173,15.166
09/10/2007,1.8285253621429487,19.7,23.357,16.042
09/03/2007,1.5157374442824854,19.45,22.481,16.418
08/27/2007,1.360604645001626,19.19,21.911,16.468
08/20/2007,1.333909667106435,18.88,21.547,16.212
08/13/2007,1.0884162806573598,18.6,20.776,16.423
08/06/2007,1.08710165118079,18.41,20.584,16.235
07/30/2007,0.9781973216074554,18.28,20.236,16.323
07/23/2007,0.8991940836104293,18.14,19.938,16.341
07/16/2007,0.9069895258491134,18.12,19.933,16.306
07/09/2007,0.8479563668019714,18.02,19.715,16.324
07/02/2007,0.8320907402441151,18.01,19.674,16.345
06/25/2007,0.8189719164904249,17.99,19.627,16.352
06/18/2007,0.8387580103939393,17.93,19.607,16.252
06/11/2007,1.0218855121783457,17.75,19.793,15.706
06/04/2007,1.1706792899850922,17.51,19.851,15.168
05/28/2007,1.341100294534305,17.33,20.012,14.647
05/21/2007,1.3745853920364495,17.15,19.899,14.4
05/14/2007,1.4163897768622873,16.98,19.812,14.147
05/07/2007,1.4121260566960725,16.86,19.684,14.035
04/30/2007,1.397592572962521,16.81,19.605,14.014
04/23/2007,1.3616937981793118,16.7,19.423,13.976
04/16/2007,1.2455962427688998,16.58,19.071,14.088
04/09/2007,1.2548744957166036,16.46,18.969,13.95
04/02/2007,1.323657810765305,16.38,19.027,13.732
03/26/2007,1.3862575518279423,16.25,19.022,13.477
03/19/2007,1.4813389213815993,16.11,19.072,13.147
03/12/2007,1.4749203368317896,16.11,19.059,13.16
03/05/2007,1.5313409156683562,16.16,19.222,13.097
02/26/2007,1.5378182597433285,16.16,19.235,13.084
02/19/2007,1.5793416349859202,16.2,19.358,13.041
02/12/2007,1.5403960529681968,16.18,19.26,13.099
02/05/2007,1.5000949969918573,16.14,19.14,13.139
01/29/2007,1.5671821846868985,16.21,19.344,13.075
01/22/2007,1.7479831234883247,16.45,19.945,12.954
01/15/2007,1.7119988317753025,16.61,20.033,13.186
01/08/2007,1.6781299115384365,16.81,20.166,13.453
01/01/2007,1.6494423300012646,16.95,20.248,13.651
12/25/2006,1.5921133753599335,17.07,20.254,13.885
12/18/2006,1.5765849168376564,17.09,20.243,13.936
12/11/2006,1.5737995425085116,17.12,20.267,13.972
12/04/2006,1.5630003198976,17.21,20.336,14.083
11/27/2006,1.606465063423416,17.32,20.532,14.107
11/20/2006,1.6284379017942319,17.55,20.806,14.293
11/13/2006,1.679270675025322,17.9,21.258,14.541
11/06/2006,1.624453754343287,18.25,21.498,15.001
10/30/2006,1.2931299238668945,18.54,21.126,15.953
10/23/2006,1.3001961390497974,18.63,21.23,16.029
10/16/2006,1.4828840143450195,18.81,21.775,15.844
10/09/2006,1.5882207025473505,19.01,22.186,15.833
10/02/2006,1.7652606039902436,19.23,22.76,15.699
09/25/2006,1.8735968082807997,19.41,23.157,15.662
09/18/2006,2.0180411294123815,19.71,23.746,15.673
09/11/2006,2.1902716726470257,19.99,24.37,15.609
09/04/2006,2.5393640936265913,20.28,25.358,15.201
08/28/2006,2.8766951524275215,20.75,26.503,14.996
08/21/2006,3.1616514671924225,21.2,27.523,14.876
08/14/2006,3.436955775100983,21.73,28.603,14.856
08/07/2006,3.714438719376051,22.34,29.768,14.911
07/31/2006,3.835832373814059,23.05,30.721,15.378
07/24/2006,3.691155645593938,23.55,30.932,16.167
07/17/2006,3.46005924804764,23.8,30.72,16.879
07/10/2006,3.3052972634847837,23.96,30.57,17.349
07/03/2006,3.1770473713811698,24.14,30.494,17.785
06/26/2006,3.1245431666085204,24.33,30.579,18.08
06/19/2006,3.0445369105990494,24.51,30.599,18.42
06/12/2006,2.8428286969143954,24.72,30.405,19.034
06/05/2006,2.589151405383625,24.97,30.148,19.791
05/29/2006,2.493493533177899,25.13,30.116,20.143
05/22/2006,2.4024289791791977,25.4,30.204,20.595
05/15/2006,2.359233985852188,25.64,30.358,20.921
05/08/2006,2.2817033111252654,25.94,30.503,21.376
05/01/2006,2.7586282823171375,26.45,31.967,20.932
04/24/2006,3.492161221936925,27.09,34.074,20.105
04/17/2006,4.2814302516799225,27.73,36.292,19.167
04/10/2006,5.093825674284506,28.39,38.577,18.202
04/03/2006,5.635202303378291,29.0,40.27,17.729
03/27/2006,5.915997802568895,29.44,41.271,17.608
03/20/2006,5.9837755639729675,29.63,41.597,17.662
03/13/2006,6.094641088694231,29.85,42.039,17.66
03/06/2006,6.107502353663075,30.16,42.375,17.944
02/27/2006,5.937070405511459,30.74,42.614,18.865
02/20/2006,5.662533885108327,31.38,42.705,20.054
02/13/2006,5.44767381549226,32.02,42.915,21.124
02/06/2006,5.387926317239314,32.67,43.445,21.894
01/30/2006,5.341116924389505,33.47,44.152,22.787
01/23/2006,5.2345004537204884,34.42,44.889,23.95
01/16/2006,4.883376393439278,35.21,44.976,25.443
01/09/2006,4.511328518297021,36.05,45.072,27.027
01/02/2006,4.104687564236771,36.71,44.919,28.5
12/26/2005,3.6535133775586477,37.42,44.727,30.112
12/19/2005,3.5558824502505697,38.35,45.461,31.238
12/12/2005,3.488658051457608,38.79,45.767,31.812
12/05/2005,3.5872398860405186,39.12,46.294,31.945
11/28/2005,3.6066286196391215,39.24,46.453,32.026
11/21/2005,3.5989067784537006,39.21,46.407,32.012
11/14/2005,3.598239152696774,39.2,46.396,32.003
11/07/2005,3.625948151863178,39.15,46.401,31.898
10/31/2005,3.395812126723149,39.41,46.201,32.618
10/24/2005,3.2445646857475343,39.6,46.089,33.11
10/17/2005,2.903453977592894,39.92,45.726,34.113
10/10/2005,2.63692150053808,40.15,45.423,34.876
10/03/2005,2.37359537411076,40.35,45.097,35.602
09/26/2005,2.1843317055795346,40.56,44.928,36.191
09/19/2005,2.40980497136179,40.42,45.239,35.6
09/12/2005,2.692046619210001,40.12,45.504,34.735
09/05/2005,2.811474702002491,39.74,45.362,34.117
08/29/2005,3.0566010534579084,39.43,45.543,33.316
08/22/2005,3.021826434459795,39.38,45.423,33.336
08/15/2005,3.128518818866205,39.52,45.777,33.262
08/08/2005,3.168493332800307,39.57,45.906,33.233
08/01/2005,2.859322472195118,39.4,45.118,33.681
07/25/2005,3.1484662932926564,39.59,45.886,33.293
07/18/2005,3.4246014366638344,39.76,46.609,32.91
07/11/2005,4.299728479799626,40.29,48.889,31.69
07/04/2005,5.174629455333009,40.98,51.329,30.63
06/27/2005,5.98284505899994,41.76,53.725,29.794
06/20/2005,6.399339028368476,42.63,55.428,29.831
06/13/2005,6.775726898274457,43.39,56.941,29.838
06/06/2005,6.987707063121635,44.1,58.075,30.124
05/30/2005,7.716704607538117,45.12,60.553,29.686
05/23/2005,7.9647463864205985,45.98,61.909,30.05
05/16/2005,8.51318888548821,47.14,64.166,30.113
05/09/2005,9.60143556974685,48.56,67.762,29.357
05/02/2005,10.0580537381742,50.22,70.336,30.103
04/25/2005,10.382406994526848,52.03,72.794,31.265
04/18/2005,10.3118625863614,53.75,74.373,33.126
04/11/2005,10.010088161449929,55.64,75.66,35.619
04/04/2005,9.630870157986765,56.88,76.141,37.618
03/28/2005,9.119697089267822,57.47,75.709,39.23
03/21/2005,8.467783358116812,58.35,75.285,41.414
03/14/2005,7.767430398786977,59.09,74.624,43.555
03/07/2005,7.275347758011297,59.5,74.05,44.949
02/28/2005,6.856622346316006,59.79,73.503,46.076
02/21/2005,7.867419526121637,59.24,74.974,43.505
02/14/2005,8.897285822092039,58.54,76.334,40.745
02/07/2005,9.860504550985208,57.73,77.451,38.008
01/31/2005,10.846321496249317,56.88,78.572,35.187
01/24/2005,11.950690147435003,55.87,79.771,31.968
01/17/2005,13.120842198578567,54.78,81.021,28.538
01/10/2005,13.998849952763978,53.35,81.347,25.352
01/03/2005,14.684414867470887,52.16,81.528,22.791
12/27/2004,15.038097120314127,50.73,80.806,20.653
12/20/2004,15.209591217386482,48.67,79.089,18.25
12/13/2004,15.04659446519378,46.69,76.783,16.596
12/06/2004,14.152267662816444,44.9,73.204,16.595
11/29/2004,13.089484138039971,43.18,69.358,17.001
11/22/2004,11.387871618524683,41.33,64.105,18.554
11/15/2004,9.94618544970885,39.94,59.832,20.047
11/08/2004,9.319863464665135,39.07,57.709,20.43
11/01/2004,7.963477255571212,38.01,53.936,22.083
10/25/2004,6.460272053094978,36.84,49.76,23.919
10/18/2004,5.100488211926384,35.88,46.08,25.679
10/11/2004,3.3592945688045877,35.04,41.758,28.321
10/04/2004,3.1224061234887435,34.81,41.054,28.565
09/27/2004,3.0213308325967883,34.39,40.432,28.347
09/20/2004,2.85659237554118,34.09,39.803,28.376
09/13/2004,2.8469483662335713,34.08,39.773,28.386
09/06/2004,2.88435001343457,34.2,39.968,28.431
08/30/2004,2.8178786347179687,34.47,40.105,28.834
08/23/2004,2.7351453343469707,34.59,40.06,29.119
08/16/2004,2.7281385595310224,34.6,40.056,29.143
08/09/2004,2.7629947520760876,34.54,40.065,29.014
08/02/2004,2.553562217765606,34.64,39.747,29.532
07/26/2004,2.4654218705933473,34.68,39.61,29.749
07/19/2004,2.6845269601924286,34.42,39.789,29.05
07/12/2004,2.689908920391172,34.31,39.689,28.93
07/05/2004,2.897676655529392,34.02,39.815,28.224
06/28/2004,3.5491985010703475,33.32,40.418,26.221
06/21/2004,4.702349412793567,32.33,41.734,22.925
06/14/2004,5.393809877999039,31.28,42.067,20.492
06/07/2004,5.953921816752384,30.48,42.387,18.572
05/31/2004,6.388380076357387,29.66,42.436,16.883
05/24/2004,6.692889136987106,28.77,42.155,15.384
05/17/2004,6.905982189377555,27.85,41.661,14.038
05/10/2004,7.112557556884866,27.25,41.475,13.024
05/03/2004,7.119437828930034,26.65,40.888,12.411
04/26/2004,6.919096039223621,25.78,39.618,11.941
04/19/2004,6.60969817767801,24.94,38.159,11.72
04/12/2004,6.225241762373571,24.03,36.48,11.579
04/05/2004,6.0356586218904065,23.13,35.201,11.058
03/29/2004,5.96837038059804,22.16,34.096,10.223
03/22/2004,5.678250610883603,21.29,32.646,9.933
03/15/2004,5.498789412225203,20.53,31.527,9.532
03/08/2004,5.17800830435796,19.77,30.126,9.413
03/01/2004,4.847210538031126,18.93,28.624,9.235
02/23/2004,3.736939255594075,17.93,25.403,10.456
02/16/2004,2.7445035981029426,17.2,22.689,11.71
02/09/2004,2.313917673557121,16.86,21.487,12.232
02/02/2004,2.3260126826825345,16.7,21.352,12.047
01/26/2004,2.307781402126293,16.64,21.255,12.024
01/19/2004,2.2680939133995315,16.46,20.996,11.923
01/12/2004,2.2183665161555246,16.32,20.756,11.883
01/05/2004,2.2215298782595747,16.12,20.563,11.676
12/29/2003,2.3888449091558877,15.84,20.617,11.062
12/22/2003,2.443833054854607,15.45,20.337,10.562
12/15/2003,2.3365391073123516,14.93,19.603,10.256
12/08/2003,2.285041575114116,14.53,19.1,9.959
12/01/2003,2.0230830432782536,14.18,18.226,10.133
11/24/2003,1.8162241051147845,13.93,17.562,10.297
11/17/2003,1.763906176643191,13.8,17.327,10.272
11/10/2003,1.7648880984357054,13.8,17.329,10.27
11/03/2003,1.7489125192530357,13.77,17.267,10.272
10/27/2003,1.7378895246821646,13.71,17.185,10.234
10/20/2003,1.7217142620074914,13.67,17.113,10.226
10/13/2003,1.7441960898935647,13.64,17.128,10.151
10/06/2003,1.741899824903832,13.65,17.133,10.166
09/29/2003,1.7404855644330983,13.65,17.13,10.169
09/22/2003,1.5793131418436308,13.5,16.658,10.341
09/15/2003,1.5917380437747914,13.33,16.513,10.146
09/08/2003,1.5513268514404048,12.98,16.082,9.877
09/01/2003,1.5830161085724932,12.73,15.896,9.563
08/25/2003,1.4238346111820712,12.54,15.387,9.692
08/18/2003,1.3785499628232558,12.41,15.167,9.652
08/11/2003,1.4494016006614592,12.33,15.228,9.431
08/04/2003,1.5322516111918434,12.26,15.324,9.195
07/28/2003,1.4764789195921493,12.35,15.302,9.397
07/21/2003,1.5082920804671753,12.52,15.536,9.503
07/14/2003,1.5861052928478614,12.63,15.802,9.457
07/07/2003,1.5840849093404052,12.62,15.788,9.451
06/30/2003,1.7972075561826462,12.77,16.364,9.175
06/23/2003,1.9408567695736847,12.92,16.801,9.038
06/16/2003,1.938611616595753,12.91,16.787,9.032
06/09/2003,1.9673522816211637,12.97,16.904,9.035
06/02/2003,2.068833004377105,13.07,17.207,8.932
05/26/2003,2.2760162565324524,13.34,17.892,8.787
05/19/2003,2.2797247640888583,13.36,17.919,8.8
05/12/2003,2.261831116595578,13.29,17.813,8.766
05/05/2003,2.257830817399745,13.26,17.775,8.744
04/28/2003,2.2245257921633543,13.36,17.809,8.91
04/21/2003,2.0854987413086588,13.59,17.76,9.419
04/14/2003,1.9335795820188009,13.8,17.667,9.932
04/07/2003,1.8892948419979343,13.87,17.648,10.091
03/31/2003,1.9897512407333737,13.81,17.789,9.83
03/24/2003,1.9707485887347478,13.82,17.761,9.878
03/17/2003,1.9878241873968632,13.81,17.785,9.834
03/10/2003,2.1702868474005914,13.67,18.01,9.329
03/03/2003,2.7805296258087235,13.23,18.791,7.668
02/24/2003,3.334710632123873,12.72,19.389,6.05
02/17/2003,3.765195214062612,12.32,19.85,4.789
02/10/2003,3.949247396656735,11.74,19.638,3.841
02/03/2003,4.016292444531399,11.23,19.262,3.197
01/27/2003,4.085193385875386,10.83,19.0,2.659
01/20/2003,4.118128215585329,10.4,18.636,2.163
01/13/2003,4.035612097315598,9.87,17.941,1.798
01/06/2003,3.701061334266159,9.3,16.702,1.897
12/30/2002,3.5761124143404666,8.95,16.102,1.797
12/23/2002,3.457898205557821,8.65,15.565,1.734
12/16/2002,3.307650979169356,8.35,14.965,1.734
12/09/2002,3.08128382334377,8.03,14.192,1.867
12/02/2002,2.706118068377653,7.73,13.142,2.317
11/25/2002,2.4953506767586795,7.63,12.62,2.639
11/18/2002,2.387502879579415,7.58,12.355,2.804
11/11/2002,2.603460197506388,7.72,12.926,2.513
11/04/2002,2.892249989195263,7.89,13.674,2.105
10/28/2002,3.0854926673061467,8.06,14.23,1.889
10/21/2002,3.3614178556079577,8.3,15.022,1.577
10/14/2002,0.0,0.0,0.0,0.0
10/07/2002,0.0,0.0,0.0,0.0
09/30/2002,0.0,0.0,0.0,0.0
09/23/2002,0.0,0.0,0.0,0.0
09/16/2002,0.0,0.0,0.0,0.0
09/09/2002,0.0,0.0,0.0,0.0
09/02/2002,0.0,0.0,0.0,0.0
08/26/2002,0.0,0.0,0.0,0.0
08/19/2002,0.0,0.0,0.0,0.0
08/12/2002,0.0,0.0,0.0,0.0
08/05/2002,0.0,0.0,0.0,0.0
07/29/2002,0.0,0.0,0.0,0.0
07/22/2002,0.0,0.0,0.0,0.0
07/15/2002,0.0,0.0,0.0,0.0
07/08/2002,0.0,0.0,0.0,0.0
07/01/2002,0.0,0.0,0.0,0.0
06/24/2002,0.0,0.0,0.0,0.0
06/17/2002,0.0,0.0,0.0,0.0
06/10/2002,0.0,0.0,0.0,0.0
