12/26/2022,0.9100549433962766,10.88,12.7,9.059
12/19/2022,1.0608699260512575,11.01,13.131,8.888
12/12/2022,1.0454377073742847,11.13,13.22,9.039
12/05/2022,1.0433240148678646,11.2,13.286,9.113
11/28/2022,1.0258947314417792,11.27,13.321,9.218
11/21/2022,1.0213422540950707,11.34,13.382,9.297
11/14/2022,1.0040816699850668,11.42,13.428,9.411
11/07/2022,0.9677577176132466,11.48,13.415,9.544
10/31/2022,0.9522420910671825,11.49,13.394,9.585
10/24/2022,0.9026627277117407,11.53,13.335,9.724
10/17/2022,0.9142510596110897,11.52,13.348,9.691
10/10/2022,0.8870738413458037,11.6,13.374,9.825
10/03/2022,0.8381020224292506,11.66,13.336,9.983
09/26/2022,0.806362201495085,11.7,13.312,10.087
09/19/2022,0.7692983816439497,11.74,13.278,10.201
09/12/2022,0.7316659073648301,11.82,13.283,10.356
09/05/2022,0.7284435461997038,11.85,13.306,10.393
08/29/2022,0.7284744333193856,11.85,13.306,10.393
08/22/2022,0.7227170954114756,11.82,13.265,10.374
08/15/2022,0.6737506957324793,11.75,13.097,10.402
08/08/2022,0.624543833529721,11.72,12.969,10.47
08/01/2022,0.5189460472920088,11.67,12.707,10.632
07/25/2022,0.5119667957983212,11.66,12.683,10.636
07/18/2022,0.5105438276974856,11.65,12.671,10.628
07/11/2022,0.5194323825099855,11.67,12.708,10.631
07/04/2022,0.5463378075879426,11.7,12.792,10.607
06/27/2022,0.5976286472383999,11.74,12.935,10.544
06/20/2022,0.6162994402074367,11.8,13.032,10.567
06/13/2022,0.5737813172280881,11.9,13.047,10.752
06/06/2022,0.525808900647374,11.95,13.001,10.898
05/30/2022,0.42129562067507903,12.03,12.872,11.187
05/23/2022,0.5033537523452072,12.1,13.106,11.093
05/16/2022,0.5373220635708161,12.17,13.244,11.095
05/09/2022,0.6365532185135822,12.3,13.573,11.026
05/02/2022,0.5867708240872241,12.37,13.543,11.196
04/25/2022,0.5907410600254567,12.39,13.571,11.208
04/18/2022,0.6851642138932827,12.49,13.86,11.119
04/11/2022,0.7811945980355984,12.61,14.172,11.047
04/04/2022,0.7643559380288741,12.69,14.218,11.161
03/28/2022,0.7651764502387668,12.81,14.34,11.279
03/21/2022,0.767183159356356,12.87,14.404,11.335
03/14/2022,0.7644409722143365,12.87,14.398,11.341
03/07/2022,0.7369464023930099,12.9,14.373,11.426
02/28/2022,0.0,0.0,0.0,0.0
02/21/2022,0.0,0.0,0.0,0.0
02/14/2022,0.0,0.0,0.0,0.0
02/07/2022,0.0,0.0,0.0,0.0
01/31/2022,0.0,0.0,0.0,0.0
01/24/2022,0.0,0.0,0.0,0.0
01/17/2022,0.0,0.0,0.0,0.0
01/10/2022,0.0,0.0,0.0,0.0
01/03/2022,0.0,0.0,0.0,0.0
12/27/2021,0.0,0.0,0.0,0.0
12/20/2021,0.0,0.0,0.0,0.0
12/13/2021,0.0,0.0,0.0,0.0
12/06/2021,0.0,0.0,0.0,0.0
11/29/2021,0.0,0.0,0.0,0.0
11/22/2021,0.0,0.0,0.0,0.0
11/15/2021,0.0,0.0,0.0,0.0
11/08/2021,0.0,0.0,0.0,0.0
11/01/2021,0.0,0.0,0.0,0.0
10/25/2021,0.0,0.0,0.0,0.0
