12/26/2022,13.429059721365453,15.91,42.768,-10.948
12/19/2022,13.404937523166604,17.19,43.999,-9.619
12/12/2022,13.12791891352167,18.35,44.605,-7.905
12/05/2022,12.748439120143297,19.46,44.956,-6.036
11/28/2022,12.175629552511854,20.51,44.861,-3.841
11/21/2022,11.618269664627345,21.4,44.636,-1.836
11/14/2022,11.035510409582333,22.09,44.161,0.018
11/07/2022,10.44426110359177,22.7,43.588,1.811
10/31/2022,9.784376832481463,23.37,42.938,3.801
10/24/2022,9.066259978624041,23.97,42.102,5.837
10/17/2022,8.275451951404225,24.54,41.09,7.989
10/10/2022,7.352746765665197,25.16,39.865,10.454
10/03/2022,6.08721816596054,25.84,38.014,13.665
09/26/2022,5.888262477165909,25.13,36.906,13.353
09/19/2022,5.3183394964970025,24.27,34.906,13.633
09/12/2022,5.054887733669265,23.74,33.849,13.63
09/05/2022,4.48407069525002,23.29,32.258,14.321
08/29/2022,4.042292666297184,22.92,31.004,14.835
08/22/2022,3.8048607070430323,22.73,30.339,15.12
08/15/2022,3.5907137173548103,22.59,29.771,15.408
08/08/2022,3.6264321308967027,22.61,29.862,15.357
08/01/2022,3.3923789587839384,22.44,29.224,15.655
07/25/2022,3.3063249991493575,22.33,28.942,15.717
07/18/2022,3.2202756093229037,22.16,28.6,15.719
07/11/2022,3.216975287440051,22.01,28.443,15.576
07/04/2022,3.23040709508879,21.91,28.37,15.449
06/27/2022,3.263000153233217,21.88,28.406,15.353
06/20/2022,3.2533444330411743,21.89,28.396,15.383
06/13/2022,3.3949594990220424,21.76,28.549,14.97
06/06/2022,3.439246283708103,21.72,28.598,14.841
05/30/2022,3.410574731625155,21.75,28.571,14.928
05/23/2022,3.3958511451475606,21.77,28.561,14.978
05/16/2022,3.372811883280774,21.82,28.565,15.074
05/09/2022,3.3522626687060186,21.94,28.644,15.235
05/02/2022,3.316228279235312,22.07,28.702,15.437
04/25/2022,3.378077855822746,21.96,28.716,15.203
04/18/2022,3.3639218183542847,21.64,28.367,14.912
04/11/2022,3.447226421342236,21.26,28.154,14.365
04/04/2022,3.303672199235269,20.9,27.507,14.292
03/28/2022,3.0414815468781,20.6,26.682,14.517
03/21/2022,2.3483632598045814,20.27,24.966,15.573
03/14/2022,2.4134435978493465,20.3,25.126,15.473
03/07/2022,2.3688594301899806,20.26,24.997,15.522
02/28/2022,2.4580876713412807,20.34,25.256,15.423
02/21/2022,2.560472612624474,20.5,25.62,15.379
02/14/2022,2.8437967578573544,20.78,26.467,15.092
02/07/2022,3.06141715550168,21.2,27.322,15.077
01/31/2022,3.4411371666935917,21.73,28.612,14.847
01/24/2022,3.4823971628750217,22.26,29.224,15.295
01/17/2022,3.3948217920827597,22.69,29.479,15.9
01/10/2022,3.2771847674490373,22.98,29.534,16.425
01/03/2022,3.2063772391906724,23.19,29.602,16.777
12/27/2021,3.1691473616731676,23.27,29.608,16.931
12/20/2021,3.1661830332436565,23.29,29.622,16.957
12/13/2021,3.1575560169219483,23.35,29.665,17.034
12/06/2021,3.044127953946746,23.7,29.788,17.611
11/29/2021,2.859722014462245,24.05,29.769,18.33
11/22/2021,2.7686404605871093,24.77,30.307,19.232
11/15/2021,3.128742558920436,25.54,31.797,19.282
11/08/2021,3.2547979968041023,26.15,32.659,19.64
11/01/2021,3.615573951670744,26.72,33.951,19.488
10/25/2021,3.7258569484079764,26.95,34.401,19.498
10/18/2021,3.7422112447054614,27.34,34.824,19.855
10/11/2021,3.6980900475786145,27.65,35.046,20.253
10/04/2021,3.869422437522169,28.2,35.938,20.461
09/27/2021,4.374339950209631,28.79,37.538,20.041
09/20/2021,4.480017299073744,29.14,38.1,20.179
09/13/2021,4.746539265612368,29.5,38.993,20.006
09/06/2021,5.112551711229922,30.05,40.275,19.824
08/30/2021,5.22817319912032,30.6,41.056,20.143
08/23/2021,5.09785248903889,31.11,41.305,20.914
08/16/2021,4.9130235090013565,31.66,41.486,21.833
08/09/2021,4.540352409229927,32.37,41.45,23.289
08/02/2021,3.9801852971940894,32.88,40.84,24.919
07/26/2021,3.4265142637963732,33.53,40.383,26.676
07/19/2021,3.019345127672556,34.06,40.098,28.021
07/12/2021,2.3693648938059333,34.48,39.218,29.741
07/05/2021,2.2626831417589166,34.59,39.115,30.064
06/28/2021,2.3389923043909318,34.74,39.417,30.062
06/21/2021,2.3141920836438796,34.94,39.568,30.311
06/14/2021,2.3232907695766367,34.91,39.556,30.263
06/07/2021,2.1987269043698903,35.0,39.397,30.602
05/31/2021,2.0159005431816324,35.23,39.261,31.198
05/24/2021,1.668920309661309,35.57,38.907,32.232
05/17/2021,1.6544001934235861,35.61,38.918,32.301
05/10/2021,1.7355460235902707,35.32,38.791,31.848
05/03/2021,1.8452438863196379,35.23,38.92,31.539
04/26/2021,1.8554824170549287,35.1,38.81,31.389
04/19/2021,1.7362085128232723,34.81,38.282,31.337
04/12/2021,1.6739414565629225,34.72,38.067,31.372
04/05/2021,1.6966083814481168,34.79,38.183,31.396
03/29/2021,1.7547649415235074,34.87,38.379,31.36
03/22/2021,1.7726928667989836,34.66,38.205,31.114
03/15/2021,1.8363972881705088,34.61,38.282,30.937
03/08/2021,1.9438917150911466,34.33,38.217,30.442
03/01/2021,1.8777806048630916,34.16,37.915,30.404
02/22/2021,1.8839174610369738,34.19,37.957,30.422
02/15/2021,2.1460044268360674,34.48,38.772,30.187
02/08/2021,2.3039596350630793,34.57,39.177,29.962
02/01/2021,2.3186192011626225,34.59,39.227,29.952
01/25/2021,2.6096197040948317,34.91,40.129,29.69
01/18/2021,2.5728359838901502,35.08,40.225,29.934
01/11/2021,2.593603670571122,35.13,40.317,29.942
01/04/2021,2.5630499409882748,35.03,40.156,29.903
12/28/2020,2.7098191821595767,35.22,40.639,29.8
12/21/2020,2.642488410570612,35.47,40.754,30.185
12/14/2020,2.5286982817252035,35.66,40.717,30.602
12/07/2020,2.4917222959230423,35.8,40.783,30.816
11/30/2020,2.489128361495244,36.11,41.088,31.131
11/23/2020,2.8174270176883014,36.47,42.104,30.835
11/16/2020,3.0889990288117595,36.79,42.967,30.612
11/09/2020,3.353979725639378,37.08,43.787,30.372
11/02/2020,3.451732898125229,37.62,44.523,30.716
10/26/2020,3.8441897715903663,38.42,46.108,30.731
10/19/2020,3.871526184852686,39.22,46.963,31.476
10/12/2020,4.038533768584831,39.94,48.017,31.862
10/05/2020,4.242584118199661,40.6,49.085,32.114
09/28/2020,4.418943878349214,40.98,49.817,32.142
09/21/2020,4.504976692503525,41.29,50.299,32.28
09/14/2020,4.385563817800397,41.52,50.291,32.748
09/07/2020,4.400766978607251,41.48,50.281,32.678
08/31/2020,4.412265291208134,41.47,50.294,32.645
08/24/2020,4.527769870477076,41.38,50.435,32.324
08/17/2020,4.53064896013805,41.38,50.441,32.318
08/10/2020,4.903434000779454,41.05,50.856,31.243
08/03/2020,5.088166663937021,40.89,51.066,30.713
07/27/2020,5.8266941742295,40.44,52.093,28.786
07/20/2020,6.1288938643118955,40.17,52.427,27.912
07/13/2020,6.391899561163332,40.66,53.443,27.876
07/06/2020,6.626677523465284,40.98,54.233,27.726
06/29/2020,6.813758874512658,41.28,54.907,27.652
06/22/2020,6.847699613738909,41.37,55.065,27.674
06/15/2020,6.83948133998478,41.34,55.018,27.661
06/08/2020,6.718738720920765,41.17,54.607,27.732
06/01/2020,6.6069868321346,40.99,54.203,27.776
05/25/2020,6.427799779084598,40.66,53.515,27.804
05/18/2020,6.20272802885956,40.17,52.575,27.764
05/11/2020,6.032397947748474,39.76,51.824,27.695
05/04/2020,5.887400529945283,39.44,51.214,27.665
04/27/2020,5.923550033552515,39.52,51.367,27.672
04/20/2020,6.038755252533423,39.26,51.337,27.182
04/13/2020,5.995071726009623,39.46,51.45,27.469
04/06/2020,6.125806477517878,39.32,51.571,27.068
03/30/2020,6.462407832998472,39.03,51.954,26.105
03/23/2020,7.016582145175812,38.66,52.693,24.626
03/16/2020,7.462736428415518,38.27,53.195,23.344
03/09/2020,7.3709727987559415,38.34,53.081,23.598
03/02/2020,7.984027805562804,37.92,53.888,21.951
02/24/2020,8.504047271740674,36.48,53.488,19.471
02/17/2020,9.647187932242224,34.61,53.904,15.315
02/10/2020,10.394366984092875,32.74,53.528,11.951
02/03/2020,11.08610143377734,31.02,53.192,8.847
01/27/2020,11.512310584760993,29.47,52.494,6.445
01/20/2020,11.650639467428388,27.8,51.101,4.498
01/13/2020,11.64219824603584,26.18,49.464,2.895
01/06/2020,11.611698626815976,24.63,47.853,1.406
12/30/2019,11.583398680870827,23.21,46.376,0.043
12/23/2019,11.432540837451665,21.72,44.585,-1.145
12/16/2019,11.020021324843253,20.22,42.26,-1.82
12/09/2019,9.953923598260134,18.51,38.417,-1.397
12/02/2019,9.477157010411931,17.26,36.214,-1.694
11/25/2019,8.163337552741526,15.6,31.926,-0.726
11/18/2019,7.425263968371764,14.33,29.18,-0.52
11/11/2019,6.762156091070362,13.24,26.764,-0.284
11/04/2019,6.2932563113224615,12.36,24.946,-0.226
10/28/2019,5.479643236562031,11.47,22.429,0.51
10/21/2019,3.8646202918268697,10.57,18.299,2.84
10/14/2019,2.7042392645622164,9.98,15.388,4.571
10/07/2019,1.4976164395465215,9.49,12.485,6.494
09/30/2019,1.4628123598055904,9.46,12.385,6.534
09/23/2019,1.432515270424717,9.33,12.195,6.464
09/16/2019,1.462073869542849,9.19,12.114,6.265
09/09/2019,1.431006638698787,8.95,11.812,6.087
09/02/2019,1.38022461940077,8.78,11.54,6.019
08/26/2019,1.3208709248068111,8.62,11.261,5.978
08/19/2019,1.3252396009778762,8.45,11.1,5.799
08/12/2019,1.3383796172984705,8.29,10.966,5.613
08/05/2019,1.3577702309301085,8.2,10.915,5.484
07/29/2019,1.3627545633752252,8.11,10.835,5.384
07/22/2019,1.3599926470389463,8.03,10.749,5.31
07/15/2019,1.3587420652942193,7.93,10.647,5.212
07/08/2019,1.4450397918396574,7.87,10.76,4.979
07/01/2019,1.5357799321517391,7.79,10.861,4.718
06/24/2019,1.6268435696157144,7.69,10.943,4.436
06/17/2019,1.7122090993800962,7.58,11.004,4.155
06/10/2019,1.7579362900856221,7.44,10.955,3.924
06/03/2019,1.6960247639701491,7.17,10.562,3.777
05/27/2019,1.495693818934878,6.89,9.881,3.898
05/20/2019,1.3561637069321681,6.65,9.362,3.937
05/13/2019,1.095308175811721,6.36,8.55,4.169
05/06/2019,1.0449210496492067,6.17,8.259,4.08
04/29/2019,1.049371240314885,6.02,8.118,3.921
04/22/2019,1.068971468281544,5.91,8.047,3.772
04/15/2019,1.0339148901142687,5.76,7.827,3.692
04/08/2019,0.9693399816369901,5.61,7.548,3.671
04/01/2019,0.9545574891016256,5.5,7.409,3.59
03/25/2019,0.9282779756085998,5.41,7.266,3.553
03/18/2019,0.8593136796304364,5.28,6.998,3.561
03/11/2019,0.7473018131919662,5.15,6.644,3.655
03/04/2019,0.5603748745259731,5.03,6.15,3.909
02/25/2019,0.34948533588692976,4.9,5.598,4.201
02/18/2019,0.3421403220902208,4.85,5.534,4.165
02/11/2019,0.35986108430893166,4.79,5.509,4.07
02/04/2019,0.3469582107401409,4.75,5.443,4.056
01/28/2019,0.33014057611871944,4.71,5.37,4.049
01/21/2019,0.33230227203556706,4.63,5.294,3.965
01/14/2019,0.38620305539961747,4.56,5.332,3.787
01/07/2019,0.3881347704084239,4.47,5.246,3.693
12/31/2018,0.40979238645928984,4.38,5.199,3.56
12/24/2018,0.4368498597916679,4.32,5.193,3.446
12/17/2018,0.45764811809948475,4.34,5.255,3.424
12/10/2018,0.46523520932964646,4.35,5.28,3.419
12/03/2018,0.48254305507384515,4.37,5.335,3.404
11/26/2018,0.5133943903082697,4.4,5.426,3.373
11/19/2018,0.5264441166923608,4.36,5.412,3.307
11/12/2018,0.5335400715972513,4.37,5.437,3.302
11/05/2018,0.5288275787059521,4.33,5.387,3.272
10/29/2018,0.5355933233340386,4.34,5.411,3.268
10/22/2018,0.5340788406218693,4.34,5.408,3.271
10/15/2018,0.6198469294914672,4.39,5.629,3.15
10/08/2018,0.6635225813791118,4.45,5.777,3.122
10/01/2018,0.7484371824007677,4.53,6.026,3.033
09/24/2018,0.8365884388395528,4.64,6.313,2.966
09/17/2018,0.8861919746872007,4.72,6.492,2.947
09/10/2018,0.9157856823514987,4.78,6.611,2.948
09/03/2018,0.9236909786286753,4.89,6.737,3.042
08/27/2018,0.931458331864609,5.03,6.892,3.167
08/20/2018,0.8730507568291778,5.1,6.846,3.353
08/13/2018,0.839608732684457,5.11,6.789,3.43
08/06/2018,0.8432821781586518,5.11,6.796,3.423
07/30/2018,0.9611018842973934,5.01,6.932,3.087
07/23/2018,1.0759860333666047,4.91,7.061,2.758
07/16/2018,1.1697958556944883,4.8,7.139,2.46
07/09/2018,1.2445538734823818,4.68,7.169,2.19
07/02/2018,1.2844880443196036,4.64,7.208,2.071
06/25/2018,1.3434468861849358,4.54,7.226,1.853
06/18/2018,1.388210911929452,4.49,7.266,1.713
06/11/2018,1.42889101613804,4.39,7.247,1.532
06/04/2018,1.4594963295603043,4.31,7.228,1.391
05/28/2018,1.4505367034308372,4.16,7.061,1.258
05/21/2018,1.443524134886563,4.03,6.917,1.142
05/14/2018,1.3810749175913666,3.88,6.642,1.117
05/07/2018,1.272735136625056,3.71,6.255,1.164
04/30/2018,1.1655473941457721,3.56,5.891,1.228
04/23/2018,1.046530232721444,3.44,5.533,1.346
04/16/2018,0.8722269888050932,3.29,5.034,1.545
04/09/2018,0.5007122127529945,3.13,4.131,2.128
04/02/2018,0.2718785169887463,3.03,3.573,2.486
03/26/2018,0.1976459663135072,2.98,3.375,2.584
03/19/2018,0.15636598095493795,2.96,3.272,2.647
03/12/2018,0.1952063523556547,2.99,3.38,2.599
03/05/2018,0.2090665157312381,3.02,3.438,2.601
02/26/2018,0.20797117107907054,3.04,3.455,2.624
02/19/2018,0.23236868980135864,3.08,3.544,2.615
02/12/2018,0.25731933467969337,3.11,3.624,2.595
02/05/2018,0.2884566518560458,3.16,3.736,2.583
01/29/2018,0.28538332116646203,3.19,3.76,2.619
01/22/2018,0.27785327063038145,3.2,3.755,2.644
01/15/2018,0.27785327063038145,3.2,3.755,2.644
01/08/2018,0.26533231993106304,3.21,3.74,2.679
01/01/2018,0.26404779870318934,3.21,3.738,2.681
12/25/2017,0.26411898833669645,3.23,3.758,2.701
12/18/2017,0.27051809551303585,3.22,3.761,2.678
12/11/2017,0.26735526925796693,3.23,3.764,2.695
12/04/2017,0.2645374075627112,3.22,3.749,2.69
11/27/2017,0.2565908026410923,3.23,3.743,2.716
11/20/2017,0.2565908026410923,3.23,3.743,2.716
11/13/2017,0.25465590902235113,3.23,3.739,2.72
11/06/2017,0.24707899951230172,3.25,3.744,2.755
10/30/2017,0.24901251374177963,3.26,3.758,2.761
10/23/2017,0.24504699957355117,3.25,3.74,2.759
10/16/2017,0.2547689777033303,3.26,3.769,2.75
10/09/2017,0.26507665306473144,3.28,3.81,2.749
10/02/2017,0.30584968857267125,3.3,3.911,2.688
09/25/2017,0.3362142174269256,3.32,3.992,2.647
09/18/2017,0.36077693939607614,3.34,4.061,2.618
09/11/2017,0.37459311259018097,3.36,4.109,2.61
09/04/2017,0.40730823708832603,3.41,4.224,2.595
08/28/2017,0.43023249528597907,3.47,4.33,2.609
08/21/2017,0.4631198548971962,3.54,4.466,2.613
08/14/2017,0.43783558557979274,3.57,4.445,2.694
08/07/2017,0.43605045579611545,3.58,4.452,2.707
07/31/2017,0.4070135132891782,3.63,4.444,2.815
07/24/2017,0.4031624982559762,3.63,4.436,2.823
07/17/2017,0.43292031599360187,3.61,4.475,2.744
07/10/2017,0.4421085839474281,3.61,4.494,2.725
07/03/2017,0.43381287210040237,3.64,4.507,2.772
06/26/2017,0.4384705326472922,3.71,4.586,2.833
06/19/2017,0.435864667069952,3.75,4.621,2.878
06/12/2017,0.44321034283960486,3.79,4.676,2.903
06/05/2017,0.49653862689623657,3.87,4.863,2.876
05/29/2017,0.5496284272124214,3.94,5.039,2.84
05/22/2017,0.574367311047556,4.0,5.148,2.851
05/15/2017,0.5823801232871878,4.02,5.184,2.855
05/08/2017,0.5870906301415482,4.04,5.214,2.865
05/01/2017,0.6570435419361491,3.97,5.284,2.655
04/24/2017,0.7356835352242158,3.9,5.371,2.428
04/17/2017,0.7450021906008063,3.85,5.34,2.359
04/10/2017,0.7415466701428846,3.83,5.313,2.346
04/03/2017,0.7373757956429001,3.82,5.294,2.345
03/27/2017,0.7353172539795324,3.83,5.3,2.359
03/20/2017,0.7353172539795324,3.83,5.3,2.359
03/13/2017,0.7361520658124924,3.84,5.312,2.367
03/06/2017,0.7324276510345579,3.9,5.364,2.435
02/27/2017,0.6895220547596719,3.96,5.339,2.58
02/20/2017,0.6437722143739973,4.01,5.297,2.722
02/13/2017,0.6945000043196544,4.08,5.469,2.69
02/06/2017,0.7956344990006403,4.16,5.751,2.568
01/30/2017,0.861753013339669,4.24,5.963,2.516
01/23/2017,0.9742548208759348,4.34,6.288,2.391
01/16/2017,1.0255742079440182,4.39,6.441,2.338
01/09/2017,1.1093603814811488,4.46,6.678,2.241
01/02/2017,1.1240076761303723,4.48,6.728,2.231
12/26/2016,1.1763686735033367,4.57,6.922,2.217
12/19/2016,1.196354151578871,4.63,7.022,2.237
12/12/2016,1.1677662642840818,4.81,7.145,2.474
12/05/2016,1.1938780507237747,5.08,7.467,2.692
11/28/2016,1.300541733278867,5.32,7.921,2.718
11/21/2016,1.4011540957367965,5.56,8.362,2.757
11/14/2016,1.5047465274922551,5.77,8.779,2.76
11/07/2016,1.6047184525641873,6.03,9.239,2.82
10/31/2016,1.7298540146497912,6.36,9.819,2.9
10/24/2016,1.9200278414648053,6.71,10.55,2.869
10/17/2016,2.0065236504960513,7.02,11.033,3.006
10/10/2016,2.0632826175781154,7.37,11.496,3.243
10/03/2016,2.216437583150042,7.8,12.232,3.367
09/26/2016,2.233816635267989,8.09,12.557,3.622
09/19/2016,2.248209056115556,8.33,12.826,3.833
09/12/2016,2.192538610834482,8.55,12.935,4.164
09/05/2016,2.3176060838718904,8.88,13.515,4.244
08/29/2016,2.3679053950696596,9.23,13.965,4.494
08/22/2016,2.4904140940815447,9.61,14.59,4.629
08/15/2016,2.2922839178426395,9.81,14.394,5.225
08/08/2016,2.2330680150859714,9.85,14.316,5.383
08/01/2016,2.2292762861520776,9.85,14.308,5.391
07/25/2016,2.3043883266498293,9.81,14.418,5.201
07/18/2016,2.444330329558589,9.7,14.588,4.811
07/11/2016,2.5563677278513746,9.59,14.702,4.477
07/04/2016,2.6680206820787578,9.47,14.806,4.133
06/27/2016,2.7668852249415767,9.35,14.883,3.816
06/20/2016,2.8366535650304567,9.21,14.883,3.536
06/13/2016,2.93215351712696,8.99,14.854,3.125
06/06/2016,2.98336840634877,8.72,14.686,2.753
05/30/2016,2.97699177022712,8.54,14.493,2.586
05/23/2016,2.9226802767323012,8.39,14.235,2.544
05/16/2016,2.76688633666076,8.23,13.763,2.696
05/09/2016,2.7291756997305985,8.18,13.638,2.721
05/02/2016,2.696204740000284,8.14,13.532,2.747
04/25/2016,2.8705086657245964,8.29,14.031,2.548
04/18/2016,2.690115239167274,8.12,13.5,2.739
04/11/2016,2.531477829253103,8.01,13.072,2.947
04/04/2016,2.3167045560450736,7.9,12.533,3.266
03/28/2016,2.406379022514949,7.99,12.802,3.177
03/21/2016,2.542931379333701,8.25,13.335,3.164
03/14/2016,2.7976668851026565,8.69,14.285,3.094
03/07/2016,2.9779858965414863,9.14,15.095,3.184
02/29/2016,3.315023378499766,9.71,16.34,3.079
02/22/2016,3.484973457574677,10.22,17.189,3.25
02/15/2016,3.531433136844021,10.71,17.772,3.647
02/08/2016,3.565139548460901,11.23,18.36,4.099
02/01/2016,3.750719930893268,11.85,19.351,4.348
01/25/2016,3.775571479921947,12.51,20.061,4.958
01/18/2016,3.813226979868888,13.27,20.896,5.643
01/11/2016,3.7149104969029874,13.86,21.289,6.43
01/04/2016,3.68897817830358,14.46,21.837,7.082
12/28/2015,4.180717641745255,15.24,23.601,6.878
12/21/2015,5.3788102773754725,16.34,27.097,5.582
12/14/2015,5.7549474367712525,17.25,28.759,5.74
12/07/2015,5.967974530776752,17.9,29.835,5.964
11/30/2015,6.185109538237782,18.93,31.3,6.559
11/23/2015,6.735321818591893,20.12,33.59,6.649
11/16/2015,7.100145068940494,21.23,35.43,7.029
11/09/2015,7.4941897493991965,22.52,37.508,7.531
11/02/2015,7.8982311310824524,23.87,39.666,8.073
10/26/2015,7.71452169612608,24.68,40.109,9.25
10/19/2015,7.525247836450305,25.57,40.62,10.519
10/12/2015,7.459605552574478,26.41,41.329,11.49
10/05/2015,7.600917378843162,27.58,42.781,12.378
09/28/2015,7.447974892546295,28.72,43.615,13.824
09/21/2015,7.283671464309741,29.91,44.477,15.342
09/14/2015,7.130415836401129,30.97,45.23,16.709
09/07/2015,6.866215114602804,32.05,45.782,18.317
08/31/2015,6.942795546463975,33.3,47.185,19.414
08/24/2015,7.442408884225591,35.04,49.924,20.155
08/17/2015,7.357500254841994,36.58,51.295,21.864
08/10/2015,8.005849998594778,38.12,54.131,22.108
08/03/2015,8.960574434711203,39.42,57.341,21.498
07/27/2015,9.168209214454041,40.75,59.086,22.413
07/20/2015,10.670942329522731,43.0,64.341,21.658
07/13/2015,10.444515077302537,44.15,65.039,23.26
07/06/2015,10.43871252597752,45.17,66.047,24.292
06/29/2015,10.270014956172165,46.16,66.7,25.619
06/22/2015,10.079359463775463,46.81,66.968,26.651
06/15/2015,9.98245992729247,47.48,67.444,27.515
06/08/2015,9.349848137804164,48.75,67.449,30.05
06/01/2015,8.676952010931027,49.93,67.283,32.576
05/25/2015,7.9433634060138525,51.06,66.946,35.173
05/18/2015,7.621837455627087,51.98,67.223,36.736
05/11/2015,7.330732923794182,53.2,67.861,38.538
05/04/2015,6.985228213881061,54.34,68.31,40.369
04/27/2015,6.233143444522995,55.31,67.776,42.843
04/20/2015,5.248107201648991,56.02,66.516,45.523
04/13/2015,4.68253918296473,56.64,66.005,47.274
04/06/2015,4.68258018617941,56.96,66.325,47.594
03/30/2015,4.5033664296834655,57.42,66.426,48.413
03/23/2015,4.519570222930494,57.61,66.649,48.57
03/16/2015,4.670039079065614,57.86,67.2,48.519
03/09/2015,5.484132110006103,58.7,69.668,47.731
03/02/2015,4.721509822080221,58.15,67.593,48.706
02/23/2015,4.583666654546335,58.5,67.667,49.332
02/16/2015,4.561622518359011,58.86,67.983,49.736
02/09/2015,4.4115303467164315,59.12,67.943,50.296
02/02/2015,3.8847908566613976,59.62,67.389,51.85
01/26/2015,3.520724357287857,59.95,66.991,52.908
01/19/2015,3.583015489779523,59.9,67.066,52.733
01/12/2015,3.6571026783507183,59.84,67.154,52.525
01/05/2015,3.570938252056453,60.02,67.161,52.878
12/29/2014,3.54923935512949,60.07,67.168,52.971
12/22/2014,3.4850538015933124,59.92,66.89,52.949
12/15/2014,3.4579039894132393,59.63,66.545,52.714
12/08/2014,3.4583811241677798,59.66,66.576,52.743
12/01/2014,3.2737745799000875,59.92,66.467,53.372
11/24/2014,3.2737745799000875,59.92,66.467,53.372
11/17/2014,5.790647632173796,58.82,70.401,47.238
11/10/2014,8.528868623680399,57.32,74.377,40.262
11/03/2014,0.0,0.0,0.0,0.0
10/27/2014,0.0,0.0,0.0,0.0
10/20/2014,0.0,0.0,0.0,0.0
10/13/2014,0.0,0.0,0.0,0.0
10/06/2014,0.0,0.0,0.0,0.0
09/29/2014,0.0,0.0,0.0,0.0
09/22/2014,0.0,0.0,0.0,0.0
09/15/2014,0.0,0.0,0.0,0.0
09/08/2014,0.0,0.0,0.0,0.0
09/01/2014,0.0,0.0,0.0,0.0
08/25/2014,0.0,0.0,0.0,0.0
08/18/2014,0.0,0.0,0.0,0.0
08/11/2014,0.0,0.0,0.0,0.0
08/04/2014,0.0,0.0,0.0,0.0
07/28/2014,0.0,0.0,0.0,0.0
07/21/2014,0.0,0.0,0.0,0.0
07/14/2014,0.0,0.0,0.0,0.0
07/07/2014,0.0,0.0,0.0,0.0
06/30/2014,0.0,0.0,0.0,0.0
