12/26/2022,2.444054009223201,17.49,22.378,12.601
12/19/2022,2.461422353030865,17.69,22.612,12.767
12/12/2022,2.515137173197518,17.93,22.96,12.899
12/05/2022,2.545998821680796,18.1,23.191,13.008
11/28/2022,2.5752135833751733,18.18,23.33,13.029
11/21/2022,2.569252809670547,18.16,23.298,13.021
11/14/2022,2.4819709909666554,18.05,23.013,13.086
11/07/2022,2.4118084501054393,17.94,22.763,13.116
10/31/2022,2.2643807100397235,17.76,22.288,13.231
10/24/2022,2.2480691715336523,17.69,22.186,13.193
10/17/2022,2.307140004421058,17.89,22.504,13.275
10/10/2022,2.238039320476743,18.25,22.726,13.773
10/03/2022,2.3069243594014956,18.69,23.303,14.076
09/26/2022,2.3163980659636203,19.15,23.782,14.517
09/19/2022,2.1220320449983783,19.64,23.884,15.395
09/12/2022,2.150417401343283,20.18,24.48,15.879
09/05/2022,2.5567362007058922,20.7,25.813,15.586
08/29/2022,3.0039607187844517,21.14,27.147,15.132
08/22/2022,3.2453204772410382,21.54,28.03,15.049
08/15/2022,3.246941637910974,21.77,28.263,15.276
08/08/2022,3.323367268298826,22.16,28.806,15.513
08/01/2022,3.327388615716535,22.42,29.074,15.765
07/25/2022,3.339088947602325,22.62,29.298,15.941
07/18/2022,3.291593838856793,22.74,29.323,16.156
07/11/2022,3.2529624959412,22.99,29.495,16.484
07/04/2022,3.2728458564374825,23.42,29.965,16.874
06/27/2022,3.2343724275352086,23.85,30.318,17.381
06/20/2022,3.10645054684603,24.34,30.552,18.127
06/13/2022,2.748675135406147,24.74,30.237,19.242
06/06/2022,2.210044117206713,25.14,29.56,20.719
05/30/2022,1.9371590022504606,25.37,29.244,21.495
05/23/2022,1.7356036413882059,25.69,29.161,22.218
05/16/2022,1.7204766781331273,25.93,29.37,22.489
05/09/2022,1.6546102260049043,26.11,29.419,22.8
05/02/2022,1.579265652130762,26.34,29.498,23.181
04/25/2022,1.5967513895406513,26.31,29.503,23.116
04/18/2022,1.5848911634557121,26.3,29.469,23.13
04/11/2022,1.5280183244974521,26.2,29.256,23.143
04/04/2022,1.5401428505174448,26.22,29.3,23.139
03/28/2022,1.5948542253133986,26.48,29.669,23.29
03/21/2022,1.8552803022724085,26.7,30.41,22.989
03/14/2022,2.229412478658895,27.09,31.548,22.631
03/07/2022,2.2601205720049538,27.37,31.89,22.849
02/28/2022,2.1253058603410473,27.79,32.04,23.539
02/21/2022,2.142253486401644,28.12,32.404,23.835
02/14/2022,2.5152912356226267,28.44,33.47,23.409
02/07/2022,2.9059722985603287,28.82,34.631,23.008
01/31/2022,3.27433657402534,29.2,35.748,22.651
01/24/2022,3.385070161754406,29.64,36.41,22.869
01/17/2022,3.249169124560924,29.87,36.368,23.371
01/10/2022,3.1010699766370964,30.24,36.442,24.037
01/03/2022,3.0631242220974326,30.46,36.586,24.333
12/27/2021,3.0256354704425314,30.53,36.581,24.478
12/20/2021,2.9782326974230875,30.82,36.776,24.863
12/13/2021,3.004560700002581,31.15,37.159,25.14
12/06/2021,2.650853636095362,31.53,36.831,26.228
11/29/2021,2.4949949899749297,31.87,36.859,26.88
11/22/2021,2.131207404266417,32.17,36.432,27.907
11/15/2021,1.9696662153776205,32.57,36.509,28.63
11/08/2021,2.056055689907255,32.95,37.062,28.837
11/01/2021,2.332516880967853,33.34,38.005,28.674
10/25/2021,2.794627882205429,33.73,39.319,28.14
10/18/2021,3.0130175903900724,34.22,40.246,28.193
10/11/2021,3.004242833061269,34.54,40.548,28.531
10/04/2021,2.9607220403138155,34.84,40.761,28.918
09/27/2021,2.9631613185920203,34.83,40.756,28.903
09/20/2021,3.1370423969082726,35.04,41.314,28.765
09/13/2021,3.382154638688184,35.3,42.064,28.535
09/06/2021,3.575090208652084,35.6,42.75,28.449
08/30/2021,3.529962464389671,36.15,43.209,29.09
08/23/2021,3.636663993277355,36.62,43.893,29.346
08/16/2021,3.495221023054193,36.93,43.92,29.939
08/09/2021,3.1582226014009844,37.13,43.446,30.813
08/02/2021,3.1639808785768606,37.13,43.457,30.802
07/26/2021,0.0,0.0,0.0,0.0
07/19/2021,0.0,0.0,0.0,0.0
07/12/2021,0.0,0.0,0.0,0.0
07/05/2021,0.0,0.0,0.0,0.0
06/28/2021,0.0,0.0,0.0,0.0
06/21/2021,0.0,0.0,0.0,0.0
06/14/2021,0.0,0.0,0.0,0.0
06/07/2021,0.0,0.0,0.0,0.0
05/31/2021,0.0,0.0,0.0,0.0
05/24/2021,0.0,0.0,0.0,0.0
05/17/2021,0.0,0.0,0.0,0.0
05/10/2021,0.0,0.0,0.0,0.0
05/03/2021,0.0,0.0,0.0,0.0
04/26/2021,0.0,0.0,0.0,0.0
04/19/2021,0.0,0.0,0.0,0.0
04/12/2021,0.0,0.0,0.0,0.0
04/05/2021,0.0,0.0,0.0,0.0
03/29/2021,0.0,0.0,0.0,0.0
03/22/2021,0.0,0.0,0.0,0.0
