12/26/2022,0.07922373697320784,9.94,10.098,9.781
12/19/2022,0.07677565043684108,9.93,10.083,9.776
12/12/2022,0.07646960507286539,9.92,10.072,9.767
12/05/2022,0.0733743858577364,9.9,10.046,9.753
11/28/2022,0.07208953114010387,9.89,10.034,9.745
11/21/2022,0.07091368344684973,9.88,10.021,9.738
11/14/2022,0.0691147632564853,9.87,10.008,9.731
11/07/2022,0.06583084763239819,9.86,9.991,9.728
10/31/2022,0.060102832711944776,9.85,9.97,9.729
10/24/2022,0.056191636388345303,9.84,9.952,9.727
10/17/2022,0.05062114182829152,9.83,9.931,9.728
10/10/2022,0.04930821432580993,9.82,9.918,9.721
10/03/2022,0.04775248684623663,9.81,9.905,9.714
09/26/2022,2.1378368272625483,9.32,13.595,5.044
09/19/2022,2.136627962467963,9.31,13.583,5.036
09/12/2022,2.135521961956842,9.31,13.581,5.038
09/05/2022,2.1349070354467425,9.3,13.569,5.03
08/29/2022,2.136592860139713,9.31,13.583,5.036
08/22/2022,2.1360018843624644,9.31,13.582,5.037
08/15/2022,2.1353135718203076,9.31,13.58,5.039
08/08/2022,2.1346271454284467,9.3,13.569,5.03
08/01/2022,2.133884790704503,9.3,13.567,5.032
07/25/2022,2.133328221348042,9.3,13.566,5.033
07/18/2022,2.13254033959501,9.29,13.555,5.024
07/11/2022,2.1317944320454543,9.29,13.553,5.026
07/04/2022,2.131260777216153,9.29,13.552,5.027
06/27/2022,2.130623523877459,9.28,13.541,5.018
06/20/2022,2.1297785332048025,9.28,13.539,5.02
06/13/2022,2.1286748461190594,9.28,13.537,5.022
06/06/2022,2.127559505748312,9.27,13.525,5.014
05/30/2022,2.1268966713265596,9.27,13.523,5.016
05/23/2022,2.1266359938879997,9.27,13.523,5.016
05/16/2022,2.1265266634820263,9.27,13.523,5.016
05/09/2022,0.0628557913004045,9.75,9.875,9.624
05/02/2022,0.06205522137580366,9.75,9.874,9.625
04/25/2022,0.06205602710454487,9.74,9.864,9.615
04/18/2022,0.060712029285801425,9.74,9.861,9.618
04/11/2022,0.031241806925976525,9.73,9.792,9.667
04/04/2022,0.034656175495862224,9.73,9.799,9.66
03/28/2022,0.044340168019528205,9.73,9.818,9.641
03/21/2022,0.04637834085001316,9.74,9.832,9.647
03/14/2022,0.04625797769034001,9.73,9.822,9.637
03/07/2022,0.04609555835435769,9.73,9.822,9.637
02/28/2022,0.04609555835435769,9.73,9.822,9.637
02/21/2022,0.04636809247747851,9.73,9.822,9.637
02/14/2022,0.04636809247747851,9.73,9.822,9.637
02/07/2022,0.04806245936279169,9.73,9.826,9.633
01/31/2022,0.04806245936279169,9.73,9.826,9.633
01/24/2022,0.04888762624632129,9.73,9.827,9.632
01/17/2022,0.04785394445602163,9.73,9.825,9.634
01/10/2022,0.05089204259999794,9.73,9.831,9.628
01/03/2022,0.05612486080160919,9.72,9.832,9.607
12/27/2021,0.05625833271614091,9.72,9.832,9.607
12/20/2021,0.05612486080160922,9.72,9.832,9.607
12/13/2021,0.05625833271614094,9.72,9.832,9.607
12/06/2021,0.05625833271614094,9.72,9.832,9.607
11/29/2021,0.059581876439065116,9.73,9.849,9.61
11/22/2021,0.06534523701081828,9.73,9.86,9.599
11/15/2021,0.062409935106519765,9.72,9.844,9.595
11/08/2021,0.05408326913195993,9.71,9.818,9.601
11/01/2021,0.05196152422706646,9.71,9.813,9.606
10/25/2021,0.052678268764263805,9.71,9.815,9.604
10/18/2021,0.0,0.0,0.0,0.0
10/11/2021,0.0,0.0,0.0,0.0
10/04/2021,0.0,0.0,0.0,0.0
09/27/2021,0.0,0.0,0.0,0.0
09/20/2021,0.0,0.0,0.0,0.0
09/13/2021,0.0,0.0,0.0,0.0
09/06/2021,0.0,0.0,0.0,0.0
08/30/2021,0.0,0.0,0.0,0.0
08/23/2021,0.0,0.0,0.0,0.0
08/16/2021,0.0,0.0,0.0,0.0
08/09/2021,0.0,0.0,0.0,0.0
08/02/2021,0.0,0.0,0.0,0.0
07/26/2021,0.0,0.0,0.0,0.0
07/19/2021,0.0,0.0,0.0,0.0
07/12/2021,0.0,0.0,0.0,0.0
07/05/2021,0.0,0.0,0.0,0.0
06/28/2021,0.0,0.0,0.0,0.0
06/21/2021,0.0,0.0,0.0,0.0
06/14/2021,0.0,0.0,0.0,0.0
