12/26/2022,5.541487616155069,61.38,72.462,50.297
12/19/2022,6.084536547675591,61.8,73.969,49.63
12/12/2022,6.281206890399328,62.05,74.612,49.487
12/05/2022,6.546970673525275,62.43,75.523,49.336
11/28/2022,6.795825556913597,62.75,76.341,49.158
11/21/2022,6.9077749673827675,63.0,76.815,49.184
11/14/2022,7.003523042012498,63.62,77.627,49.612
11/07/2022,6.925155954922603,64.19,78.04,50.339
10/31/2022,7.1385509734119,64.94,79.217,50.662
10/24/2022,6.841332107126505,65.52,79.202,51.837
10/17/2022,6.469418830157775,66.13,79.068,53.191
10/10/2022,5.857912170731138,66.8,78.515,55.084
10/03/2022,4.989622731229286,67.58,77.559,57.6
09/26/2022,4.157529915707161,68.1,76.415,59.784
09/19/2022,3.19412898925513,68.64,75.028,62.251
09/12/2022,2.687977864492191,68.86,74.235,63.484
09/05/2022,2.523872025281789,69.2,74.247,64.152
08/29/2022,3.2975672851361195,69.75,76.345,63.154
08/22/2022,4.715859942788802,70.7,80.131,61.268
08/15/2022,6.339627354979156,71.68,84.359,59.0
08/08/2022,7.352046313782307,72.47,87.174,57.765
08/01/2022,8.107541242571635,73.21,89.425,56.994
07/25/2022,8.820122164686836,74.24,91.88,56.599
07/18/2022,8.972747628235178,74.86,92.805,56.914
07/11/2022,9.327923938369137,75.69,94.345,57.034
07/04/2022,9.296226116010732,76.41,95.002,57.817
06/27/2022,9.241060545197179,76.91,95.392,58.427
06/20/2022,9.141879730121152,77.65,95.933,59.366
06/13/2022,9.20313071731571,78.14,96.546,59.733
06/06/2022,8.907218421033583,78.91,96.724,61.095
05/30/2022,8.808995118627323,79.99,97.607,62.372
05/23/2022,8.682775477921792,81.19,98.555,63.824
05/16/2022,8.477455396520822,82.32,99.274,65.365
05/09/2022,8.43105835586494,84.04,100.902,67.177
05/02/2022,8.095663345273197,85.62,101.811,69.428
04/25/2022,6.618573864511902,87.18,100.417,73.942
04/18/2022,5.731624551556042,88.38,99.843,76.916
04/11/2022,5.5251171933272145,89.21,100.26,78.159
04/04/2022,5.651327277728657,89.73,101.032,78.427
03/28/2022,5.926004978060684,90.12,101.972,78.267
03/21/2022,6.046376600907356,90.47,102.562,78.377
03/14/2022,6.082286987638778,90.79,102.954,78.625
03/07/2022,6.09049546424591,90.75,102.93,78.569
02/28/2022,5.9407419570285995,90.89,102.771,79.008
02/21/2022,6.116385779200001,90.69,102.922,78.457
02/14/2022,6.064926627750743,90.73,102.859,78.6
02/07/2022,5.9628302843532275,90.8,102.725,78.874
01/31/2022,5.9609823016009695,90.8,102.721,78.878
01/24/2022,5.948021940107484,90.81,102.706,78.913
01/17/2022,5.7722465297317305,90.97,102.514,79.425
01/10/2022,5.790335914262661,90.92,102.5,79.339
01/03/2022,5.8018415180009875,90.78,102.383,79.176
12/27/2021,5.866653645818884,90.54,102.273,78.806
12/20/2021,5.4544051004669605,89.93,100.838,79.021
12/13/2021,5.054263546749417,89.43,99.538,79.321
12/06/2021,4.922077305366098,89.02,98.864,79.175
11/29/2021,4.712701985061224,88.65,98.075,79.224
11/22/2021,4.465837547426014,88.14,97.071,79.208
11/15/2021,4.089254210733297,87.69,95.868,79.511
11/08/2021,3.3872112423053857,87.05,93.824,80.275
11/01/2021,2.729241652913863,86.52,91.978,81.061
10/25/2021,2.1103080343873963,85.96,90.18,81.739
10/18/2021,2.0410291521680914,85.68,89.762,81.597
10/11/2021,2.1727275484975093,85.51,89.855,81.164
10/04/2021,2.1596747440297572,85.52,89.839,81.2
09/27/2021,2.35125604730748,85.39,90.092,80.687
09/20/2021,2.2470669771949376,85.48,89.974,80.985
09/13/2021,2.2978968645263422,85.43,90.025,80.834
09/06/2021,2.4590109800486846,85.29,90.208,80.371
08/30/2021,2.6894887990099514,85.01,90.388,79.631
08/23/2021,2.805154184710708,84.57,90.18,78.959
08/16/2021,2.866594669638524,84.07,89.803,78.336
08/09/2021,3.293690179722433,83.54,90.127,76.952
08/02/2021,3.7420482359264153,82.83,90.314,75.345
07/26/2021,3.968737834627025,82.07,90.007,74.132
07/19/2021,4.170848235071615,81.44,89.781,73.098
07/12/2021,4.387568802879335,80.65,89.425,71.874
07/05/2021,4.554984083397,80.01,89.119,70.9
06/28/2021,4.817430850567551,79.12,88.754,69.485
06/21/2021,5.165953445396116,78.29,88.621,67.958
06/14/2021,5.662159040507428,77.28,88.604,65.955
06/07/2021,6.522150718896336,76.15,89.194,63.105
05/31/2021,6.770852974330487,75.19,88.731,61.648
05/24/2021,6.938637474317274,74.3,88.177,60.422
05/17/2021,6.842564577700381,73.38,87.065,59.694
05/10/2021,7.006560497134096,72.46,86.473,58.446
05/03/2021,6.754891931037831,71.43,84.939,57.92
04/26/2021,6.280010748398444,70.72,83.28,58.159
04/19/2021,5.908737174726931,69.9,81.717,58.082
04/12/2021,5.703143869831797,68.95,80.356,57.543
04/05/2021,5.469913162016377,67.95,78.889,57.01
03/29/2021,5.164011522063056,66.97,77.298,56.641
03/22/2021,4.9214860560607105,66.18,76.022,56.337
03/15/2021,4.681514178126561,65.57,74.933,56.206
03/08/2021,4.882134778967088,64.61,74.374,54.845
03/01/2021,4.434280099407346,63.93,72.798,55.061
02/22/2021,4.176809188842604,63.26,71.613,54.906
02/15/2021,3.663604099790261,62.56,69.887,55.232
02/08/2021,3.4154326226702247,62.02,68.85,55.189
02/01/2021,3.4066963469026716,61.37,68.183,54.556
01/25/2021,3.6870096284116225,60.8,68.174,53.425
01/18/2021,4.0429246839385975,60.42,68.505,52.334
01/11/2021,4.229504108048604,59.86,68.319,51.4
01/04/2021,4.122857625482599,59.49,67.735,51.244
12/28/2020,4.026568017555398,58.95,67.003,50.896
12/21/2020,4.017988924822966,58.59,66.625,50.554
12/14/2020,4.044918416977035,58.06,66.149,49.97
12/07/2020,3.366736550429808,57.35,64.083,50.616
11/30/2020,2.94150471697735,56.83,62.713,50.946
11/23/2020,2.8193350279808893,56.49,62.128,50.851
11/16/2020,2.735388455046193,56.23,61.7,50.759
11/09/2020,2.6883368464535837,56.18,61.556,50.803
11/02/2020,2.6404251551596762,56.15,61.43,50.869
10/26/2020,2.973903999795555,56.29,62.237,50.342
10/19/2020,3.2355494123873307,56.69,63.161,50.218
10/12/2020,3.3534005129122297,56.77,63.476,50.063
10/05/2020,3.8943914800646326,57.14,64.928,49.351
09/28/2020,4.055236121362109,57.33,65.44,49.219
09/21/2020,4.118676972038473,57.44,65.677,49.202
09/14/2020,4.088374371311904,57.59,65.766,49.413
09/07/2020,4.1884024400718705,57.5,65.876,49.123
08/31/2020,4.198381831134467,57.5,65.896,49.103
08/24/2020,4.291103587656676,57.42,66.002,48.837
08/17/2020,4.811682657865125,56.93,66.553,47.306
08/10/2020,5.409826707021215,56.48,67.299,45.66
08/03/2020,6.252774184312113,55.82,68.325,43.314
07/27/2020,7.203439803316191,55.14,69.546,40.733
07/20/2020,7.644579779163797,54.61,69.899,39.32
07/13/2020,7.722834647977386,54.36,69.805,38.914
07/06/2020,7.838158903722225,54.06,69.736,38.383
06/29/2020,7.851609150358925,53.91,69.613,38.206
06/22/2020,7.8415678438689795,53.47,69.153,37.786
06/15/2020,7.918066762158551,52.74,68.576,36.903
06/08/2020,7.562801481593974,51.83,66.955,36.704
06/01/2020,7.280779577078268,50.95,65.511,36.388
05/25/2020,6.884784764246446,50.13,63.899,36.36
05/18/2020,5.889161336726989,49.14,60.918,37.361
05/11/2020,5.041222198038884,48.35,58.432,38.267
05/04/2020,4.157750744092291,47.65,55.965,39.334
04/27/2020,3.38443736092131,47.08,53.848,40.311
04/20/2020,3.226536261999856,46.72,53.173,40.266
04/13/2020,2.8951876018662417,46.34,52.13,40.549
04/06/2020,2.6448783053289993,46.0,51.289,40.71
03/30/2020,2.6401091360017674,45.86,51.14,40.579
03/23/2020,2.704503882415405,45.74,51.149,40.33
03/16/2020,2.667596530587038,45.77,51.105,40.434
03/09/2020,2.4162101005500336,45.89,50.722,41.057
03/02/2020,2.6041699733312345,45.76,50.968,40.551
02/24/2020,2.607232488674534,45.36,50.574,40.145
02/17/2020,2.7430432461045893,44.96,50.446,39.473
02/10/2020,2.4959547271535194,44.35,49.341,39.358
02/03/2020,2.7532989303742514,43.71,49.216,38.203
01/27/2020,2.835663943417837,43.47,49.141,37.798
01/20/2020,2.913986101545441,43.12,48.947,37.292
01/13/2020,2.889089822071996,42.97,48.748,37.191
01/06/2020,2.8179921930338976,42.81,48.445,37.174
12/30/2019,2.7321054152429762,42.71,48.174,37.245
12/23/2019,2.6282265884051923,42.62,47.876,37.363
12/16/2019,2.5277450425230774,42.54,47.595,37.484
12/09/2019,2.5066042767058376,42.53,47.543,37.516
12/02/2019,2.753746538808537,42.7,48.207,37.192
11/25/2019,3.080083602761457,42.9,49.06,36.739
11/18/2019,3.273947922615752,43.08,49.627,36.532
11/11/2019,3.335027736016598,43.17,49.84,36.499
11/04/2019,3.33797693221508,43.2,49.875,36.524
10/28/2019,3.335945143433866,43.22,49.891,36.548
10/21/2019,3.341208613660631,43.21,49.892,36.527
10/14/2019,3.2982995618954924,43.32,49.916,36.723
10/07/2019,3.2922674557210563,43.5,50.084,36.915
09/30/2019,3.210559920013953,43.69,50.111,37.268
09/23/2019,3.0764988217127596,43.88,50.032,37.727
09/16/2019,2.5869605717907644,44.2,49.373,39.026
09/09/2019,2.678513580327716,44.15,49.507,38.792
09/02/2019,2.5845860403553993,44.2,49.369,39.03
08/26/2019,2.7550426493976463,44.07,49.58,38.559
08/19/2019,0.0,0.0,0.0,0.0
08/12/2019,0.0,0.0,0.0,0.0
08/05/2019,0.0,0.0,0.0,0.0
07/29/2019,0.0,0.0,0.0,0.0
07/22/2019,0.0,0.0,0.0,0.0
07/15/2019,0.0,0.0,0.0,0.0
07/08/2019,0.0,0.0,0.0,0.0
07/01/2019,0.0,0.0,0.0,0.0
06/24/2019,0.0,0.0,0.0,0.0
06/17/2019,0.0,0.0,0.0,0.0
06/10/2019,0.0,0.0,0.0,0.0
06/03/2019,0.0,0.0,0.0,0.0
05/27/2019,0.0,0.0,0.0,0.0
05/20/2019,0.0,0.0,0.0,0.0
05/13/2019,0.0,0.0,0.0,0.0
05/06/2019,0.0,0.0,0.0,0.0
04/29/2019,0.0,0.0,0.0,0.0
04/22/2019,0.0,0.0,0.0,0.0
04/15/2019,0.0,0.0,0.0,0.0
