12/26/2022,1.4799763511624098,15.18,18.139,12.22
12/19/2022,1.4955383646031954,15.15,18.141,12.158
12/12/2022,1.6612435101453369,15.0,18.322,11.677
12/05/2022,1.8501486426771228,14.81,18.51,11.109
11/28/2022,2.042623313291024,14.56,18.645,10.474
11/21/2022,2.1992339575406703,14.23,18.628,9.831
11/14/2022,2.186876768361674,14.01,18.383,9.636
11/07/2022,2.264130075768616,13.8,18.328,9.271
10/31/2022,2.0220633026688355,13.46,17.504,9.415
10/24/2022,2.0365804673520755,13.15,17.223,9.076
10/17/2022,1.8015229668255688,12.79,16.393,9.186
10/10/2022,1.6046915591477382,12.52,15.729,9.31
10/03/2022,1.5460384859375267,12.36,15.452,9.267
09/26/2022,1.4441641180973857,12.23,15.118,9.341
09/19/2022,1.4076025717509895,12.14,14.955,9.324
09/12/2022,1.4030787575898938,12.13,14.936,9.323
09/05/2022,1.4204875923428546,12.15,14.99,9.309
08/29/2022,1.3620719511097787,12.12,14.844,9.395
08/22/2022,1.5680768476066471,12.26,15.396,9.123
08/15/2022,1.707697279965041,12.36,15.775,8.944
08/08/2022,1.8513306025667051,12.46,16.162,8.757
08/01/2022,1.8790396483310297,12.49,16.248,8.731
07/25/2022,1.9109827314761376,12.61,16.431,8.788
07/18/2022,1.900647258172857,12.73,16.531,8.928
07/11/2022,1.846596869920449,12.86,16.553,9.166
07/04/2022,1.7330031736843414,13.03,16.496,9.563
06/27/2022,1.7171429759923895,13.09,16.524,9.655
06/20/2022,1.6479199009660632,13.2,16.495,9.904
06/13/2022,1.6171456335160417,13.28,16.514,10.045
06/06/2022,1.440659571168706,13.46,16.341,10.578
05/30/2022,1.2874237841519007,13.6,16.174,11.025
05/23/2022,1.172527185185913,13.74,16.085,11.394
05/16/2022,1.126092802570019,13.96,16.212,11.707
05/09/2022,1.1183335817187998,14.15,16.386,11.913
05/02/2022,1.1629402392212593,14.41,16.735,12.084
04/25/2022,1.2864699763305787,14.62,17.192,12.047
04/18/2022,1.499006337544975,14.82,17.818,11.821
04/11/2022,1.6077251008801223,14.98,18.195,11.764
04/04/2022,1.781346400900173,15.12,18.682,11.557
03/28/2022,2.09598067739185,15.34,19.531,11.148
03/21/2022,2.5115214512323005,15.63,20.653,10.606
03/14/2022,2.716193108009812,15.93,21.362,10.497
03/07/2022,2.8857018210480443,16.26,22.031,10.488
02/28/2022,2.9135553881812513,16.55,22.377,10.722
02/21/2022,2.8278375130123727,16.77,22.425,11.114
02/14/2022,2.7530628398204064,17.06,22.566,11.553
02/07/2022,2.6833458591840147,17.41,22.776,12.043
01/31/2022,2.530807183489094,17.69,22.751,12.628
01/24/2022,2.3427035663950315,18.0,22.685,13.314
01/17/2022,2.13420359853506,18.24,22.508,13.971
01/10/2022,1.8838975556011532,18.6,22.367,14.832
01/03/2022,1.7671035623301767,19.03,22.564,15.495
12/27/2021,1.603647405136179,19.2,22.407,15.992
12/20/2021,1.4108596670115707,19.36,22.181,16.538
12/13/2021,1.3147490254797682,19.46,22.089,16.83
12/06/2021,1.2335983949405902,19.54,22.007,17.072
11/29/2021,1.1950523001107525,19.6,21.99,17.209
11/22/2021,1.1473512975545026,19.63,21.924,17.335
11/15/2021,1.1201629345769304,19.68,21.92,17.439
11/08/2021,1.116483318281111,19.67,21.902,17.437
11/01/2021,1.1605602095539895,19.7,22.021,17.378
10/25/2021,1.1715630584821288,19.71,22.053,17.366
10/18/2021,1.1491235790810317,19.62,21.918,17.321
10/11/2021,1.1881603427147367,19.56,21.936,17.183
10/04/2021,1.1217620068445893,19.63,21.873,17.386
09/27/2021,1.1318436287756364,19.61,21.873,17.346
09/20/2021,1.1445129968681005,19.53,21.819,17.24
09/13/2021,1.2327712683219059,19.45,21.915,16.984
09/06/2021,1.250789750517648,19.5,22.001,16.998
08/30/2021,1.4316651144733537,19.71,22.573,16.846
08/23/2021,1.6248215286609176,19.85,23.099,16.6
08/16/2021,1.5068178390236826,19.75,22.763,16.736
08/09/2021,1.6749820894564815,19.95,23.299,16.6
08/02/2021,1.9892925878311616,20.23,24.208,16.251
07/26/2021,2.360385561725033,20.59,25.31,15.869
07/19/2021,2.499138851684716,20.89,25.888,15.891
07/12/2021,3.242875267413164,21.44,27.925,14.954
07/05/2021,3.729720498911413,22.07,29.529,14.61
06/28/2021,5.189369422193798,23.05,33.428,12.671
06/21/2021,6.0735640278176035,23.95,36.097,11.802
06/14/2021,6.438358874744401,24.54,37.416,11.663
06/07/2021,6.621733156810231,25.15,38.393,11.906
05/31/2021,6.698990595604683,25.85,39.247,12.452
05/24/2021,6.7385098501078105,26.69,40.167,13.212
05/17/2021,6.642323765068968,27.38,40.664,14.095
05/10/2021,6.52235118649709,28.18,41.224,15.135
05/03/2021,6.253291133475235,28.96,41.466,16.453
04/26/2021,5.755652004768877,29.81,41.321,18.298
04/19/2021,5.379611045419547,30.15,40.909,19.39
04/12/2021,5.20702794307847,30.3,40.714,19.885
04/05/2021,5.058903043150758,30.44,40.557,20.322
03/29/2021,4.644231368052199,30.71,39.998,21.421
03/22/2021,4.512309829787843,30.8,39.824,21.775
03/15/2021,4.35166175156112,30.97,39.673,22.266
03/08/2021,4.480846460212623,30.87,39.831,21.908
03/01/2021,4.414531685241369,30.93,39.759,22.1
02/22/2021,4.482710675473045,30.76,39.725,21.794
02/15/2021,4.638259371790241,30.49,39.766,21.213
02/08/2021,4.374966285584382,29.77,38.519,21.02
02/01/2021,4.194883788616796,29.01,37.399,20.62
01/25/2021,4.271054319485998,28.42,36.962,19.877
01/18/2021,4.299241212121042,27.93,36.528,19.331
01/11/2021,4.193507481810424,27.46,35.847,19.072
01/04/2021,3.8344608486722094,27.13,34.798,19.461
12/28/2020,3.591899915086722,26.84,34.023,19.656
12/21/2020,3.112745572641619,26.32,32.545,20.094
12/14/2020,2.5538872332191964,25.88,30.987,20.772
12/07/2020,0.0,0.0,0.0,0.0
11/30/2020,0.0,0.0,0.0,0.0
11/23/2020,0.0,0.0,0.0,0.0
11/16/2020,0.0,0.0,0.0,0.0
11/09/2020,0.0,0.0,0.0,0.0
11/02/2020,0.0,0.0,0.0,0.0
10/26/2020,0.0,0.0,0.0,0.0
10/19/2020,0.0,0.0,0.0,0.0
10/12/2020,0.0,0.0,0.0,0.0
10/05/2020,0.0,0.0,0.0,0.0
09/28/2020,0.0,0.0,0.0,0.0
09/21/2020,0.0,0.0,0.0,0.0
09/14/2020,0.0,0.0,0.0,0.0
09/07/2020,0.0,0.0,0.0,0.0
08/31/2020,0.0,0.0,0.0,0.0
08/24/2020,0.0,0.0,0.0,0.0
08/17/2020,0.0,0.0,0.0,0.0
08/10/2020,0.0,0.0,0.0,0.0
08/03/2020,0.0,0.0,0.0,0.0
