12/26/2022,1.5801189787481194,6.73,9.89,3.569
12/19/2022,1.5716146432888694,6.7,9.843,3.556
12/12/2022,1.5711996776348955,6.7,9.842,3.557
12/05/2022,1.569395943348905,6.69,9.828,3.551
11/28/2022,1.569862550352737,6.7,9.839,3.56
11/21/2022,1.5708351367982574,6.72,9.861,3.578
11/14/2022,0.30400004440789147,7.07,7.678,6.461
11/07/2022,0.27999272579836776,7.1,7.659,6.54
10/31/2022,0.27999272579836776,7.1,7.659,6.54
10/24/2022,0.2655928773517844,7.11,7.641,6.578
10/17/2022,0.2611119999157449,7.12,7.642,6.597
10/10/2022,0.2613321191510909,7.12,7.642,6.597
10/03/2022,0.26398925451616395,7.13,7.657,6.602
09/26/2022,0.16748380966529272,7.08,7.414,6.745
09/19/2022,0.13827156793788087,7.06,7.336,6.783
09/12/2022,0.13832592670934832,7.05,7.326,6.773
09/05/2022,0.1288637342311637,7.04,7.297,6.782
08/29/2022,0.11434733271921996,7.05,7.278,6.821
08/22/2022,0.19974148918039036,7.01,7.409,6.61
08/15/2022,0.1923143585383057,7.0,7.384,6.615
08/08/2022,0.2911517001495955,6.95,7.532,6.367
08/01/2022,0.523007872311689,6.85,7.896,5.803
07/25/2022,0.5960380629624251,6.76,7.952,5.567
07/18/2022,0.652634486140596,6.68,7.985,5.374
07/11/2022,0.7538911211176319,6.58,8.087,5.072
07/04/2022,0.7637575678839458,6.52,8.047,4.992
06/27/2022,0.7604339698487963,6.48,8.0,4.959
06/20/2022,0.7542585249766819,6.41,7.918,4.901
06/13/2022,0.7508577911295853,6.36,7.861,4.858
06/06/2022,0.7365437003328451,6.32,7.793,4.846
05/30/2022,0.7212860198977933,6.29,7.732,4.847
05/23/2022,0.7189078678801616,6.29,7.727,4.852
05/16/2022,0.7005983321418914,6.28,7.681,4.878
05/09/2022,0.6920605110826653,6.27,7.654,4.885
05/02/2022,0.6942245681333958,6.27,7.658,4.881
04/25/2022,0.7080033552180385,6.28,7.696,4.863
04/18/2022,0.7697517463442354,6.32,7.859,4.78
04/11/2022,0.7869848476940329,6.34,7.913,4.766
04/04/2022,0.8537177229623385,6.42,8.127,4.712
03/28/2022,0.922330309867349,6.47,8.314,4.625
03/21/2022,0.988370022056517,6.58,8.556,4.603
03/14/2022,0.945286294463217,6.72,8.61,4.829
03/07/2022,0.9370411295668937,6.85,8.724,4.975
02/28/2022,0.9413544914111793,6.99,8.872,5.107
02/21/2022,0.9044516451972432,7.2,9.008,5.391
02/14/2022,0.9243467439224309,7.35,9.198,5.501
02/07/2022,0.9452787435460505,7.5,9.39,5.609
01/31/2022,0.8852908578540727,7.62,9.39,5.849
01/24/2022,0.7884509515499363,7.72,9.296,6.143
01/17/2022,0.7954488688784465,7.88,9.47,6.289
01/10/2022,0.7786404195776121,8.01,9.567,6.452
01/03/2022,0.7833574554441923,8.13,9.696,6.563
12/27/2021,0.8181580547180354,8.27,9.906,6.633
12/20/2021,0.773435371896062,8.37,9.916,6.823
12/13/2021,0.718953110084378,8.46,9.897,7.022
12/06/2021,0.6763768731262179,8.49,9.842,7.137
11/29/2021,0.6718873599793346,8.5,9.843,7.156
11/22/2021,0.6292096029941054,8.53,9.788,7.271
11/15/2021,0.6185793599046123,8.54,9.777,7.302
11/08/2021,0.6181894729773387,8.58,9.816,7.343
11/01/2021,0.6531070543946068,8.66,9.966,7.353
10/25/2021,0.62318610743501,8.69,9.936,7.443
10/18/2021,0.6042753714160456,8.73,9.938,7.521
10/11/2021,0.6056496714273029,8.77,9.981,7.558
10/04/2021,0.6077049238734206,8.77,9.985,7.554
09/27/2021,0.6279181873460904,8.8,10.055,7.544
09/20/2021,0.8035709365077858,8.9,10.507,7.292
09/13/2021,0.8761656521457571,9.02,10.772,7.267
09/06/2021,0.940691899614321,9.19,11.071,7.308
08/30/2021,0.9849752534962489,9.24,11.209,7.27
08/23/2021,1.0394692155133791,9.32,11.398,7.241
08/16/2021,1.5003903658714954,9.57,12.57,6.569
08/09/2021,1.5017077778316257,9.58,12.583,6.576
08/02/2021,1.5261311378777378,9.68,12.732,6.627
07/26/2021,1.562584797698992,9.81,12.935,6.684
07/19/2021,1.5268140849494412,9.98,13.033,6.926
07/12/2021,1.4782980078455086,10.14,13.096,7.183
07/05/2021,1.3711619160405524,10.26,13.002,7.517
06/28/2021,1.2782976961568848,10.38,12.936,7.823
06/21/2021,1.24905164024551,10.41,12.908,7.911
06/14/2021,1.2371479297157633,10.45,12.924,7.975
06/07/2021,1.1982967078315785,10.47,12.866,8.073
05/31/2021,1.1803177538273324,10.49,12.85,8.129
05/24/2021,1.2324082115922463,10.45,12.914,7.985
05/17/2021,1.2127778032269552,10.47,12.895,8.044
05/10/2021,1.1978021539469692,10.5,12.895,8.104
05/03/2021,1.193997487434542,10.44,12.827,8.052
04/26/2021,1.1994206935016585,10.46,12.858,8.061
04/19/2021,1.1936708088916304,10.44,12.827,8.052
04/12/2021,1.1934802051144373,10.44,12.826,8.053
04/05/2021,1.193913732226914,10.44,12.827,8.052
03/29/2021,0.8063063933766119,10.25,11.862,8.637
03/22/2021,0.8280006038645138,10.32,11.976,8.663
03/15/2021,0.8280006038645138,10.32,11.976,8.663
03/08/2021,0.7882512289873068,10.27,11.846,8.693
03/01/2021,0.7863936673193648,10.27,11.842,8.697
02/22/2021,0.7581292765749122,10.24,11.756,8.723
02/15/2021,0.7610781825804755,10.26,11.782,8.737
02/08/2021,0.7603946343840149,10.25,11.77,8.729
02/01/2021,0.755231752510446,10.26,11.77,8.749
01/25/2021,0.755857129357129,10.25,11.761,8.738
01/18/2021,0.7112524165161056,10.28,11.702,8.857
01/11/2021,0.8163822634036091,10.23,11.862,8.597
01/04/2021,0.9030199333348073,10.2,12.006,8.393
12/28/2020,0.9669074412786365,10.15,12.083,8.216
12/21/2020,1.0002749621978948,10.1,12.1,8.099
12/14/2020,1.0304319482624749,10.04,12.1,7.979
12/07/2020,1.064927227560644,9.91,12.039,7.78
11/30/2020,1.0744417154969366,9.8,11.948,7.651
11/23/2020,1.0787863551232002,9.73,11.887,7.572
11/16/2020,1.0674174441145319,9.63,11.764,7.495
11/09/2020,1.0482676185020692,9.57,11.666,7.473
11/02/2020,0.9797754844861143,9.49,11.449,7.53
10/26/2020,0.9951607910282638,9.5,11.49,7.509
10/19/2020,0.9750538446670521,9.48,11.43,7.529
10/12/2020,1.0216090250188667,9.5,11.543,7.456
10/05/2020,1.1104908824479378,9.56,11.78,7.339
09/28/2020,1.2153908836255105,9.63,12.06,7.199
09/21/2020,1.3121032733744702,9.71,12.334,7.085
09/14/2020,1.4811971509559418,9.86,12.822,6.897
09/07/2020,1.488007056434881,9.88,12.856,6.903
08/31/2020,1.4876457911747674,9.92,12.895,6.944
08/24/2020,1.4322325230213142,10.02,12.884,7.155
08/17/2020,1.4064600954168587,10.04,12.852,7.227
08/10/2020,1.474827108511367,9.99,12.939,7.04
08/03/2020,1.5196430501930378,9.95,12.989,6.91
07/27/2020,1.5874224390501728,9.88,13.054,6.705
07/20/2020,1.5547009358715904,9.98,13.089,6.87
07/13/2020,1.9977937831518047,10.35,14.345,6.354
07/06/2020,2.1679806272197175,10.63,14.965,6.294
06/29/2020,2.464820480278432,11.01,15.939,6.08
06/22/2020,2.5219000773226523,11.25,16.293,6.206
06/15/2020,2.5612545753985487,11.47,16.592,6.347
06/08/2020,2.6233166030809167,11.61,16.856,6.363
06/01/2020,2.598436100426562,11.71,16.906,6.513
05/25/2020,2.6052892676246144,11.76,16.97,6.549
05/18/2020,2.6054763802422003,11.76,16.97,6.549
05/11/2020,2.607505978133128,11.78,16.995,6.564
05/04/2020,2.6119773019687593,11.8,17.023,6.576
04/27/2020,2.6073312842828393,11.79,17.004,6.575
04/20/2020,2.6254000506589468,11.95,17.2,6.699
04/13/2020,3.0457214951469216,12.41,18.501,6.318
04/06/2020,3.3583684172526396,12.87,19.586,6.153
03/30/2020,3.4487743077795043,13.43,20.327,6.532
03/23/2020,3.566647757488816,14.12,21.253,6.986
03/16/2020,3.572596769298209,14.76,21.905,7.614
03/09/2020,3.2066567755218207,15.04,21.453,8.626
03/02/2020,3.065282642106597,15.17,21.3,9.039
02/24/2020,3.090067584374167,15.03,21.21,8.849
02/17/2020,3.1169319595557425,14.96,21.193,8.726
02/10/2020,3.1042796975304916,14.84,21.048,8.631
02/03/2020,3.1163057681331594,14.8,21.032,8.567
01/27/2020,3.1367177336349537,14.75,21.023,8.476
01/20/2020,3.1335062853774525,14.8,21.067,8.532
01/13/2020,3.06863972673561,14.93,21.067,8.792
01/06/2020,3.027796372363901,15.1,21.155,9.044
12/30/2019,0.0,0.0,0.0,0.0
12/23/2019,0.0,0.0,0.0,0.0
12/16/2019,0.0,0.0,0.0,0.0
12/09/2019,0.0,0.0,0.0,0.0
12/02/2019,0.0,0.0,0.0,0.0
11/25/2019,0.0,0.0,0.0,0.0
11/18/2019,0.0,0.0,0.0,0.0
11/11/2019,0.0,0.0,0.0,0.0
11/04/2019,0.0,0.0,0.0,0.0
10/28/2019,0.0,0.0,0.0,0.0
10/21/2019,0.0,0.0,0.0,0.0
10/14/2019,0.0,0.0,0.0,0.0
10/07/2019,0.0,0.0,0.0,0.0
09/30/2019,0.0,0.0,0.0,0.0
09/23/2019,0.0,0.0,0.0,0.0
09/16/2019,0.0,0.0,0.0,0.0
09/09/2019,0.0,0.0,0.0,0.0
09/02/2019,0.0,0.0,0.0,0.0
08/26/2019,0.0,0.0,0.0,0.0
