12/26/2022,0.3551000246409453,0.65,1.36,-0.06
12/19/2022,0.37466947433704817,0.69,1.439,-0.059
12/12/2022,0.38044318235447455,0.74,1.5,-0.02
12/05/2022,0.3781759570623177,0.77,1.526,0.013
11/28/2022,0.38028075746742696,0.81,1.57,0.049
11/21/2022,0.37593030271580924,0.84,1.591,0.088
11/14/2022,0.3681121330518732,0.88,1.616,0.143
11/07/2022,0.35525824691342495,0.92,1.63,0.209
10/31/2022,0.34396601794363346,0.96,1.647,0.272
10/24/2022,0.31929127924201123,0.99,1.628,0.351
10/17/2022,0.2912162787345515,1.03,1.612,0.447
10/10/2022,0.2465226166095111,1.08,1.573,0.586
10/03/2022,0.18542488506130994,1.13,1.5,0.759
09/26/2022,0.11398042814448453,1.17,1.397,0.942
09/19/2022,0.09065946172352889,1.18,1.361,0.998
09/12/2022,0.07089605066574582,1.19,1.331,1.048
09/05/2022,0.08600145347608956,1.21,1.382,1.037
08/29/2022,0.1154177196101188,1.22,1.45,0.989
08/22/2022,0.16532165617365438,1.25,1.58,0.919
08/15/2022,0.17845517644495495,1.27,1.626,0.913
08/08/2022,0.18036421485427756,1.28,1.64,0.919
08/01/2022,0.18146969443959507,1.28,1.642,0.917
07/25/2022,0.18069656886615196,1.28,1.641,0.918
07/18/2022,0.17578751377728738,1.3,1.651,0.948
07/11/2022,0.17904259269793876,1.3,1.658,0.941
07/04/2022,0.1746317554169344,1.3,1.649,0.95
06/27/2022,0.17323755366547983,1.31,1.656,0.963
06/20/2022,0.1687638883173767,1.32,1.657,0.982
06/13/2022,0.16836344615147314,1.32,1.656,0.983
06/06/2022,0.16222284056198744,1.34,1.664,1.015
05/30/2022,0.1605147968257132,1.35,1.671,1.028
05/23/2022,0.18748333259252675,1.38,1.754,1.005
05/16/2022,0.21626372788796552,1.41,1.842,0.977
05/09/2022,0.25402755756019857,1.45,1.958,0.941
05/02/2022,0.30186917696247156,1.51,2.113,0.906
04/25/2022,0.3458251003036072,1.56,2.251,0.868
04/18/2022,0.38286420569178303,1.61,2.375,0.844
04/11/2022,0.42126594925296296,1.65,2.492,0.807
04/04/2022,0.4769591177449069,1.7,2.653,0.746
03/28/2022,0.5488806792008624,1.77,2.867,0.672
03/21/2022,0.6183647790746171,1.85,3.086,0.613
03/14/2022,0.6280565261184697,1.93,3.186,0.673
03/07/2022,0.6282515419798028,2.0,3.256,0.743
02/28/2022,0.6242755801727311,2.05,3.298,0.801
02/21/2022,0.6021627686929839,2.14,3.344,0.935
02/14/2022,0.5820524031390988,2.21,3.374,1.045
02/07/2022,0.5675605694549261,2.31,3.445,1.174
01/31/2022,0.5535521655634634,2.4,3.507,1.292
01/24/2022,0.5032146659230035,2.47,3.476,1.463
01/17/2022,0.44533695108310967,2.53,3.42,1.639
01/10/2022,0.37649037172283706,2.59,3.342,1.837
01/03/2022,0.33111176360860395,2.64,3.302,1.977
12/27/2021,0.2842709974654467,2.67,3.238,2.101
12/20/2021,0.24640413957561672,2.71,3.202,2.217
12/13/2021,0.23928017051147385,2.75,3.228,2.271
12/06/2021,0.24242524621004308,2.79,3.274,2.305
11/29/2021,0.24457105307047275,2.84,3.329,2.35
11/22/2021,0.263476754192851,2.89,3.416,2.363
11/15/2021,0.3218384688007324,2.95,3.593,2.306
11/08/2021,0.38551264570698585,3.0,3.771,2.228
11/01/2021,0.48020308203925555,3.05,4.01,2.089
10/25/2021,0.6025902422044352,3.15,4.355,1.944
10/18/2021,0.6551450221134248,3.25,4.56,1.939
10/11/2021,0.6539571851428807,3.32,4.627,2.012
10/04/2021,0.6510030721893714,3.38,4.682,2.077
09/27/2021,0.6400703086380433,3.4,4.68,2.119
09/20/2021,0.644464894311552,3.39,4.678,2.101
09/13/2021,0.6536015605856521,3.37,4.677,2.062
09/06/2021,0.6424717892639333,3.39,4.674,2.105
08/30/2021,0.6340583569357002,3.4,4.668,2.131
08/23/2021,0.6372832965016422,3.39,4.664,2.115
08/16/2021,0.6372832965016422,3.39,4.664,2.115
08/09/2021,0.6322736749224974,3.4,4.664,2.135
08/02/2021,0.6507342007302213,3.38,4.681,2.078
07/26/2021,0.6792275023878229,3.35,4.708,1.991
07/19/2021,0.7126254275564408,3.31,4.735,1.884
07/12/2021,0.7509993342207434,3.25,4.751,1.748
07/05/2021,0.7737699916641895,3.2,4.747,1.652
06/28/2021,0.7662245101796208,3.15,4.682,1.617
06/21/2021,0.7624926229151334,3.07,4.594,1.545
06/14/2021,0.7224922144909244,2.97,4.414,1.525
06/07/2021,0.62631860901621,2.83,4.082,1.577
05/31/2021,0.509269084080312,2.71,3.728,1.691
05/24/2021,0.4173847146218941,2.64,3.474,1.805
05/17/2021,0.3070342000494407,2.57,3.184,1.955
05/10/2021,0.28623416986795963,2.52,3.092,1.947
05/03/2021,0.2726352875179586,2.49,3.035,1.944
04/26/2021,0.2658100825777682,2.45,2.981,1.918
04/19/2021,0.22499999999999998,2.42,2.869,1.97
04/12/2021,0.21220273325289662,2.39,2.814,1.965
04/05/2021,0.21795641766188026,2.35,2.785,1.914
03/29/2021,0.2707120241141867,2.29,2.831,1.748
03/22/2021,0.3036856927812043,2.23,2.837,1.622
03/15/2021,0.37012160163924507,2.17,2.91,1.429
03/08/2021,0.4204640293770681,2.11,2.95,1.269
03/01/2021,0.4582903010101785,2.05,2.966,1.133
02/22/2021,0.48390598260405915,2.01,2.977,1.042
02/15/2021,0.4944593006507209,1.96,2.948,0.971
02/08/2021,0.4766287863736306,1.88,2.833,0.926
02/01/2021,0.48075461516245477,1.83,2.791,0.868
01/25/2021,0.47534724149825464,1.78,2.73,0.829
01/18/2021,0.4888660348193562,1.75,2.727,0.772
01/11/2021,0.4935230491071314,1.69,2.677,0.702
01/04/2021,0.4675788703523716,1.64,2.575,0.704
12/28/2020,0.4231370936233315,1.58,2.426,0.733
12/21/2020,0.40408538701616026,1.54,2.348,0.731
12/14/2020,0.3650547904082345,1.5,2.23,0.769
12/07/2020,0.3293706119252293,1.46,2.118,0.801
11/30/2020,0.2512767398706056,1.41,1.912,0.907
11/23/2020,0.17854971296532515,1.38,1.737,1.022
11/16/2020,0.11260550608207398,1.35,1.575,1.124
11/09/2020,0.1297882891481354,1.36,1.619,1.1
11/02/2020,0.14944898795241138,1.37,1.668,1.071
10/26/2020,0.17200290695217915,1.4,1.744,1.055
10/19/2020,0.18252397102846518,1.43,1.795,1.064
10/12/2020,0.20076105199963462,1.46,1.861,1.058
10/05/2020,0.21540659228538017,1.49,1.92,1.059
09/28/2020,0.22891046284519195,1.51,1.967,1.052
09/21/2020,0.22645363763914236,1.53,1.982,1.077
09/14/2020,0.23766836137778205,1.57,2.045,1.094
09/07/2020,0.2370574824805157,1.59,2.064,1.115
08/31/2020,0.5929260071880808,1.73,2.915,0.544
08/24/2020,0.65499332057663,1.83,3.139,0.52
08/17/2020,0.690413825180232,1.92,3.3,0.539
08/10/2020,0.6877445019772968,1.97,3.345,0.594
08/03/2020,0.687384535758552,2.03,3.404,0.655
07/27/2020,0.6770764358623035,2.05,3.404,0.695
07/20/2020,0.6582913488722147,2.08,3.396,0.763
07/13/2020,0.7002481702939324,2.17,3.57,0.769
07/06/2020,0.6932441849738085,2.24,3.626,0.853
06/29/2020,0.6696659615061825,2.27,3.609,0.93
06/22/2020,0.6585571349548951,2.29,3.607,0.972
06/15/2020,0.6505670603404387,2.3,3.601,0.998
06/08/2020,0.6477171450563896,2.31,3.605,1.014
06/01/2020,0.6435001942501649,2.31,3.597,1.022
05/25/2020,0.6428471824625196,2.31,3.595,1.024
05/18/2020,0.6467244390001046,2.31,3.603,1.016
05/11/2020,0.6769065666692856,2.28,3.633,0.926
05/04/2020,0.6937227472124581,2.26,3.647,0.872
04/27/2020,0.7209169508341443,2.23,3.671,0.788
04/20/2020,0.7398758341776004,2.21,3.689,0.73
04/13/2020,0.6188951849869249,2.07,3.307,0.832
04/06/2020,0.5811120804113437,1.98,3.142,0.817
03/30/2020,0.560085930907035,1.89,3.01,0.769
03/23/2020,0.5822286874588025,1.81,2.974,0.645
03/16/2020,0.5780989054651461,1.74,2.896,0.583
03/09/2020,0.5938110343366819,1.7,2.887,0.512
03/02/2020,0.5973076631853973,1.67,2.864,0.475
02/24/2020,0.45977281835706646,1.55,2.469,0.63
02/17/2020,0.37191053292425047,1.47,2.213,0.726
02/10/2020,0.33815520770793994,1.42,2.096,0.743
02/03/2020,0.3119329166663884,1.38,2.003,0.756
01/27/2020,0.28008399543708307,1.35,1.91,0.789
01/20/2020,0.25220417224939,1.32,1.824,0.815
01/13/2020,0.2190133432008196,1.29,1.728,0.851
01/06/2020,0.16842429901887673,1.26,1.596,0.923
12/30/2019,0.1255322448616291,1.24,1.491,0.988
12/23/2019,0.12513330691706345,1.24,1.49,0.989
12/16/2019,0.11950583458559672,1.23,1.469,0.99
12/09/2019,0.12339629046288224,1.23,1.476,0.983
12/02/2019,0.13197857591291096,1.24,1.503,0.976
11/25/2019,0.13748943413950032,1.24,1.514,0.965
11/18/2019,0.14686743852876305,1.25,1.543,0.956
11/11/2019,0.14704912274474813,1.27,1.564,0.975
11/04/2019,0.130843417870369,1.3,1.561,1.038
10/28/2019,0.16401219466856726,1.33,1.658,1.001
10/21/2019,0.15480633061990715,1.35,1.659,1.04
10/14/2019,0.15601281998605115,1.35,1.662,1.037
10/07/2019,0.14820593780277497,1.35,1.646,1.053
09/30/2019,0.1354437152473307,1.37,1.64,1.099
09/23/2019,0.13354774427147767,1.38,1.647,1.112
09/16/2019,0.1306330739131557,1.39,1.651,1.128
09/09/2019,0.19040745783713406,1.42,1.8,1.039
09/02/2019,0.25338705570727166,1.47,1.976,0.963
08/26/2019,0.28973263537268285,1.51,2.089,0.93
08/19/2019,0.3719677405367299,1.58,2.323,0.836
08/12/2019,0.49902404751675045,1.67,2.668,0.671
08/05/2019,0.5633249506279657,1.76,2.886,0.633
07/29/2019,0.6367456321012339,1.85,3.123,0.576
07/22/2019,0.6830812543175226,1.94,3.306,0.573
07/15/2019,0.6980974144057547,2.01,3.406,0.613
07/08/2019,0.723605555534229,2.09,3.537,0.642
07/01/2019,0.7492329410804093,2.17,3.668,0.671
06/24/2019,0.7653430603330771,2.27,3.8,0.739
06/17/2019,0.7674828988322802,2.35,3.884,0.815
06/10/2019,0.7792207646103896,2.42,3.978,0.861
06/03/2019,0.7645815849207984,2.52,4.049,0.99
05/27/2019,0.7325844661197779,2.63,4.095,1.164
05/20/2019,0.7046985170979148,2.75,4.159,1.34
05/13/2019,0.6585134774626864,2.87,4.187,1.552
05/06/2019,0.5956005372730955,2.97,4.161,1.778
04/29/2019,0.46919612104108444,3.06,3.998,2.121
04/22/2019,0.45343687543030725,3.16,4.066,2.253
04/15/2019,0.4778650437100417,3.27,4.225,2.314
04/08/2019,0.5590169943749473,3.42,4.538,2.301
04/01/2019,0.6465601286810068,3.55,4.843,2.256
03/25/2019,0.755105952830462,3.66,5.17,2.149
03/18/2019,0.8367616147983845,3.79,5.463,2.116
03/11/2019,0.8781600081989615,3.89,5.646,2.133
03/04/2019,0.8978112273746636,3.99,5.785,2.194
02/25/2019,0.9267281154686093,4.13,5.983,2.276
02/18/2019,0.9512728315262662,4.26,6.162,2.357
02/11/2019,1.0822037700913816,4.44,6.604,2.275
02/04/2019,1.208383217361115,4.64,7.056,2.223
01/28/2019,1.440996183201052,4.92,7.801,2.038
01/21/2019,1.6309230515263435,5.2,8.461,1.938
01/14/2019,1.7649263440721825,5.49,9.019,1.96
01/07/2019,1.9503756048515373,5.81,9.71,1.909
12/31/2018,2.0350221129019705,6.1,10.17,2.029
12/24/2018,2.014609143233496,6.32,10.349,2.29
12/17/2018,1.943042716977679,6.55,10.436,2.663
12/10/2018,1.802233336724188,6.78,10.384,3.175
12/03/2018,1.697456921397418,6.96,10.354,3.565
11/26/2018,1.617762343485594,7.15,10.385,3.914
11/19/2018,1.5708994238970235,7.32,10.461,4.178
11/12/2018,1.496415717639988,7.41,10.402,4.417
11/05/2018,1.4311027216800338,7.48,10.342,4.617
10/29/2018,1.3577665484169215,7.59,10.305,4.874
10/22/2018,1.2658080423192135,7.66,10.191,5.128
10/15/2018,1.2134558088368939,7.69,10.116,5.263
10/08/2018,1.2451887407136317,7.67,10.16,5.179
10/01/2018,1.2682586486990737,7.66,10.196,5.123
09/24/2018,1.3857182253257696,7.56,10.331,4.788
09/17/2018,1.499231469787104,7.44,10.438,4.441
09/10/2018,1.6200694429560731,7.23,10.47,3.989
09/03/2018,1.6895088043570536,6.99,10.369,3.61
08/27/2018,1.728503688164998,6.75,10.207,3.292
08/20/2018,1.6524148994728898,6.46,9.764,3.155
08/13/2018,1.6778602444780675,6.14,9.495,2.784
08/06/2018,1.7366908187699963,5.88,9.353,2.406
07/30/2018,1.7548105310830568,5.63,9.139,2.12
07/23/2018,1.7537046501620506,5.4,8.907,1.892
07/16/2018,1.721939313680944,5.19,8.633,1.746
07/09/2018,1.6198641918383159,4.93,8.169,1.69
07/02/2018,1.4370386216104285,4.66,7.534,1.785
06/25/2018,1.372506830584096,4.49,7.235,1.744
06/18/2018,1.2846497577160867,4.3,6.869,1.73
06/11/2018,1.037099320219621,4.09,6.164,2.015
06/04/2018,0.8816915560444025,3.93,5.693,2.166
05/28/2018,0.8010617953691213,3.81,5.412,2.207
05/21/2018,0.7356221856360776,3.69,5.161,2.218
05/14/2018,0.6404802885335347,3.57,4.85,2.289
05/07/2018,0.55532873147353,3.47,4.58,2.359
04/30/2018,0.45242678965773014,3.38,4.284,2.475
04/23/2018,0.40311908910395194,3.32,4.126,2.513
04/16/2018,0.4080012254883556,3.32,4.136,2.503
04/09/2018,0.4017026263294776,3.32,4.123,2.516
04/02/2018,0.36404670030093667,3.29,4.018,2.561
03/26/2018,0.35681227557358497,3.32,4.033,2.606
03/19/2018,0.34954255821001246,3.34,4.039,2.64
03/12/2018,0.34868323733727147,3.37,4.067,2.672
03/05/2018,0.3578337602854152,3.39,4.105,2.674
02/26/2018,0.37804100306712757,3.42,4.176,2.663
02/19/2018,0.4223979166615289,3.48,4.324,2.635
02/12/2018,0.4868469985529334,3.55,4.523,2.576
02/05/2018,0.5436680972799488,3.62,4.707,2.532
01/29/2018,0.5863573995439982,3.7,4.872,2.527
01/22/2018,0.691809222257119,3.8,5.183,2.416
01/15/2018,0.7573605482199347,3.89,5.404,2.375
01/08/2018,0.7365018669358551,3.93,5.403,2.456
01/01/2018,0.7239233384827429,3.94,5.387,2.492
12/25/2017,0.711712722943745,3.95,5.373,2.526
12/18/2017,0.7155382589351879,3.95,5.381,2.518
12/11/2017,0.6851459698487615,3.98,5.35,2.609
12/04/2017,0.6636188665190283,4.01,5.337,2.682
11/27/2017,0.6669257829773866,3.97,5.303,2.636
11/20/2017,0.6677733522685673,3.94,5.275,2.604
11/13/2017,0.6684581138710188,3.94,5.276,2.603
11/06/2017,0.7649060399813823,3.88,5.409,2.35
10/30/2017,0.8336823435817745,3.82,5.487,2.152
10/23/2017,0.9210109934197311,3.74,5.582,1.897
10/16/2017,0.9858834870307952,3.66,5.631,1.688
10/09/2017,1.0337534764149525,3.58,5.647,1.512
10/02/2017,1.0495028585001567,3.48,5.579,1.38
09/25/2017,1.041173016361834,3.36,5.442,1.277
09/18/2017,1.0116329620964315,3.25,5.273,1.226
09/11/2017,0.9807095645500761,3.11,5.071,1.148
09/04/2017,0.8585401854310606,2.94,4.657,1.222
08/28/2017,0.6988070191404777,2.77,4.167,1.372
08/21/2017,0.6737033842871802,2.67,4.017,1.322
08/14/2017,0.6812754582399104,2.59,3.952,1.227
08/07/2017,0.6769130298642506,2.54,3.893,1.186
07/31/2017,0.6936578767663494,2.47,3.857,1.082
07/24/2017,0.6688133147598065,2.36,3.697,1.022
07/17/2017,0.6471176477272119,2.25,3.544,0.955
07/10/2017,0.6173056374276846,2.13,3.364,0.895
07/03/2017,0.5365677962755498,2.0,3.073,0.926
06/26/2017,0.4140652122552679,1.88,2.708,1.051
06/19/2017,0.432255711356137,1.83,2.694,0.965
06/12/2017,0.4350804523303708,1.78,2.65,0.909
06/05/2017,0.44256073029585447,1.74,2.625,0.854
05/29/2017,0.4520619426583043,1.69,2.594,0.785
05/22/2017,0.44928832613367564,1.64,2.538,0.741
05/15/2017,0.4278726446035082,1.58,2.435,0.724
05/08/2017,0.4002124435846542,1.52,2.32,0.719
05/01/2017,0.3445431758140045,1.45,2.139,0.76
04/24/2017,0.3211697370550345,1.41,2.052,0.767
04/17/2017,0.299649795594791,1.37,1.969,0.77
04/10/2017,0.28026772914483034,1.33,1.89,0.769
04/03/2017,0.25446021299998944,1.3,1.808,0.791
03/27/2017,0.22390846343986193,1.27,1.717,0.822
03/20/2017,0.12913171570144957,1.23,1.488,0.971
03/13/2017,0.085615419172016,1.21,1.381,1.038
03/06/2017,0.0551815186452856,1.19,1.3,1.079
02/27/2017,0.07067531393633848,1.2,1.341,1.058
02/20/2017,0.07886697661252143,1.21,1.367,1.052
02/13/2017,0.09444575162494076,1.23,1.418,1.041
02/06/2017,0.09705668446840744,1.23,1.424,1.035
01/30/2017,0.10331989159885913,1.24,1.446,1.033
01/23/2017,0.10632497354808043,1.25,1.462,1.037
01/16/2017,0.1066302021005306,1.25,1.463,1.036
01/09/2017,0.10425929215182693,1.26,1.468,1.051
01/02/2017,0.10514276009312293,1.27,1.48,1.059
12/26/2016,0.10290772565750349,1.28,1.485,1.074
12/19/2016,0.09648834126463157,1.29,1.482,1.097
12/12/2016,0.09394147114027969,1.3,1.487,1.112
12/05/2016,0.08930285549745876,1.31,1.488,1.131
11/28/2016,0.08587782018658834,1.31,1.481,1.138
11/21/2016,0.07365459931328118,1.32,1.467,1.172
11/14/2016,0.07067531393633848,1.33,1.471,1.188
11/07/2016,0.0680808343074613,1.33,1.466,1.193
10/31/2016,0.06576473218982953,1.34,1.471,1.208
10/24/2016,0.04626013402488148,1.35,1.442,1.257
10/17/2016,0.04685082710048987,1.36,1.453,1.266
10/10/2016,0.06111464636239006,1.36,1.482,1.237
10/03/2016,0.06697014260101285,1.37,1.503,1.236
09/26/2016,0.06453681120105019,1.37,1.499,1.24
09/19/2016,0.06395310782127789,1.37,1.497,1.242
09/12/2016,0.06457553716385173,1.37,1.499,1.24
09/05/2016,0.08868483523128401,1.39,1.567,1.212
08/29/2016,0.09672124895802367,1.4,1.593,1.206
08/22/2016,0.09831073186585479,1.41,1.606,1.213
08/15/2016,0.09859006035092988,1.41,1.607,1.212
08/08/2016,0.1030776406404415,1.43,1.636,1.223
08/01/2016,0.09899494936611665,1.43,1.627,1.232
07/25/2016,0.09774968030638258,1.43,1.625,1.234
07/18/2016,0.09749358953285081,1.44,1.634,1.245
07/11/2016,0.09364827814754523,1.44,1.627,1.252
07/04/2016,0.11200446419674531,1.43,1.654,1.205
06/27/2016,0.12227019260637484,1.43,1.674,1.185
06/20/2016,0.13987494414654827,1.41,1.689,1.13
06/13/2016,0.15157506391224118,1.4,1.703,1.096
06/06/2016,0.15797151641989135,1.4,1.715,1.084
05/30/2016,0.15872932936291265,1.4,1.717,1.082
05/23/2016,0.15570806016388491,1.39,1.701,1.078
05/16/2016,0.15984367363145782,1.39,1.709,1.07
05/09/2016,0.1896707673839066,1.41,1.789,1.03
05/02/2016,0.22361797781037196,1.44,1.887,0.992
04/25/2016,0.23330237889914457,1.46,1.926,0.993
04/18/2016,0.24849547279578355,1.47,1.966,0.973
04/11/2016,0.2822676035254489,1.5,2.064,0.935
04/04/2016,0.3233728498189049,1.53,2.176,0.883
03/28/2016,0.3392196928245765,1.56,2.238,0.881
03/21/2016,0.35087747149111753,1.58,2.281,0.878
03/14/2016,0.3682729965664059,1.61,2.346,0.873
03/07/2016,0.3688495628301598,1.64,2.377,0.902
02/29/2016,0.3684087403957729,1.65,2.386,0.913
02/22/2016,0.3764106799760071,1.69,2.442,0.937
02/15/2016,0.35671417129124544,1.73,2.443,1.016
02/08/2016,0.3337289319193048,1.76,2.427,1.092
02/01/2016,0.895536152257406,1.99,3.781,0.198
01/25/2016,1.3322556061056754,2.27,4.934,-0.394
01/18/2016,1.5423958635836652,2.51,5.594,-0.574
01/11/2016,1.7042050932912973,2.74,6.148,-0.668
01/04/2016,1.8123368892123781,2.97,6.594,-0.654
12/28/2015,1.9656500197135807,3.23,7.161,-0.701
12/21/2015,2.146709109311273,3.52,7.813,-0.773
12/14/2015,2.2372214910464274,3.76,8.234,-0.714
12/07/2015,2.313113702350146,4.04,8.666,-0.586
11/30/2015,2.354062446070622,4.31,9.018,-0.398
11/23/2015,2.4018211840184938,4.58,9.383,-0.223
11/16/2015,2.4102582849147103,4.84,9.66,0.019
11/09/2015,2.3647029411746416,5.09,9.819,0.36
11/02/2015,2.2951339830171134,5.36,9.95,0.769
10/26/2015,2.242718216807453,5.65,10.135,1.164
10/19/2015,2.1168467115027485,5.96,10.193,1.726
10/12/2015,1.9681361741505592,6.31,10.246,2.373
10/05/2015,1.7806403342618071,6.63,10.191,3.068
09/28/2015,1.469700649792331,6.97,9.909,4.03
09/21/2015,0.8938763896647008,7.29,9.077,5.502
09/14/2015,0.8388563643437417,7.42,9.097,5.742
09/07/2015,0.8524318154550545,7.52,9.224,5.815
08/31/2015,0.9498920991354757,7.71,9.609,5.81
08/24/2015,0.9706956268573584,7.9,9.841,5.958
08/17/2015,1.0162357010064151,8.12,10.152,6.087
08/10/2015,1.0499404745031977,8.28,10.379,6.18
08/03/2015,1.1319562712401925,8.43,10.693,6.166
07/27/2015,1.3326721277193427,8.68,11.345,6.014
07/20/2015,1.365875177313066,8.86,11.591,6.128
07/13/2015,1.3173989524817453,8.92,11.554,6.285
07/06/2015,1.3267931263011576,8.91,11.563,6.256
06/29/2015,1.299890379993636,8.93,11.529,6.33
06/22/2015,1.2500679981505005,8.98,11.48,6.479
06/15/2015,1.2600674585116463,8.97,11.49,6.449
06/08/2015,1.2984952830103003,8.93,11.526,6.333
06/01/2015,1.3163035364231155,8.91,11.542,6.277
05/25/2015,1.3196988292788623,8.9,11.539,6.26
05/18/2015,1.319120919400492,8.92,11.558,6.281
05/11/2015,1.3226790994039332,8.96,11.605,6.314
05/04/2015,1.3151121625169466,8.98,11.61,6.349
04/27/2015,1.312371898510479,8.98,11.604,6.355
04/20/2015,1.308281315314103,9.01,11.626,6.393
04/13/2015,1.2890694317995441,8.97,11.548,6.391
04/06/2015,1.2785167187017932,8.95,11.507,6.392
03/30/2015,1.232454867327806,8.87,11.334,6.405
03/23/2015,1.2056823794018057,8.82,11.231,6.408
03/16/2015,1.1504803344690424,8.75,11.05,6.449
03/09/2015,0.8797726979169107,8.62,10.379,6.86
03/02/2015,0.7675382726613702,8.57,10.105,7.034
02/23/2015,0.7699123326717139,8.6,10.139,7.06
02/16/2015,0.7262575300814442,8.64,10.092,7.187
02/09/2015,0.7455400726989796,8.73,10.221,7.238
02/02/2015,0.722416085092241,8.78,10.224,7.335
01/26/2015,0.6177904175365623,8.88,10.115,7.644
01/19/2015,0.5071390341908222,8.99,10.004,7.975
01/12/2015,0.4001937030988868,9.04,9.84,8.239
01/05/2015,0.383060047512136,9.06,9.826,8.293
12/29/2014,0.3939289275998906,9.03,9.817,8.242
12/22/2014,0.38215180229851053,9.01,9.774,8.245
12/15/2014,0.4117827096904385,8.99,9.813,8.166
12/08/2014,0.5203076013282911,8.94,9.98,7.899
12/01/2014,0.5385396921304871,8.91,9.987,7.832
11/24/2014,0.5401758972779144,8.86,9.94,7.779
11/17/2014,0.532343873825932,8.83,9.894,7.765
11/10/2014,0.5675473548524386,8.87,10.005,7.734
11/03/2014,0.5840119861783659,8.89,10.058,7.721
10/27/2014,0.6165184506565881,8.93,10.163,7.696
10/20/2014,0.6156256979691473,8.93,10.161,7.698
10/13/2014,0.6015937167225069,8.91,10.113,7.706
10/06/2014,0.6069925864456664,8.93,10.143,7.716
09/29/2014,0.5915910749833874,8.96,10.143,7.776
09/22/2014,0.6241634401340725,8.86,10.108,7.611
09/15/2014,0.6954530897192132,8.79,10.18,7.399
09/08/2014,0.7073718965296826,8.73,10.144,7.315
09/01/2014,0.7163099887618488,8.65,10.082,7.217
08/25/2014,0.7182200219988302,8.66,10.096,7.223
08/18/2014,0.7346972165457005,8.69,10.159,7.22
08/11/2014,0.8051335292980911,8.77,10.38,7.159
08/04/2014,0.8758510147279616,8.84,10.591,7.088
07/28/2014,1.0434270458446053,9.01,11.096,6.923
07/21/2014,1.2088238085014706,9.26,11.677,6.842
07/14/2014,1.6221528904514517,9.56,12.804,6.315
07/07/2014,1.7960554000364242,9.81,13.402,6.217
06/30/2014,2.1008986172588147,10.13,14.331,5.928
06/23/2014,2.310476141404624,10.37,14.99,5.749
06/16/2014,2.410357857248587,10.58,15.4,5.759
06/09/2014,2.4406566739301945,10.72,15.601,5.838
06/02/2014,2.502056154445779,10.92,15.924,5.915
05/26/2014,2.5771583187689497,11.18,16.334,6.025
05/19/2014,2.584525101445138,11.39,16.559,6.22
05/12/2014,2.5399911417168366,11.57,16.649,6.49
05/05/2014,2.3771064343020063,11.77,16.524,7.015
04/28/2014,2.1602789171771315,12.0,16.32,7.679
04/21/2014,1.9621569763910327,12.18,16.104,8.255
04/14/2014,1.7047580473486552,12.36,15.769,8.95
04/07/2014,1.5671933511854879,12.44,15.574,9.305
03/31/2014,1.5527749353979152,12.45,15.555,9.344
03/24/2014,1.598156750760075,12.42,15.616,9.223
03/17/2014,1.566421080042017,12.45,15.582,9.317
03/10/2014,1.6184483309639512,12.39,15.626,9.153
03/03/2014,1.6594125466561953,12.31,15.628,8.991
02/24/2014,1.592001884420995,12.22,15.404,9.035
02/17/2014,1.6054625501705106,12.08,15.29,8.869
02/10/2014,1.457794567145865,11.91,14.825,8.994
02/03/2014,1.338551455865631,11.82,14.497,9.142
01/27/2014,1.3108775686539151,11.79,14.411,9.168
01/20/2014,1.3672655192024703,11.85,14.584,9.115
01/13/2014,1.3889420434272988,11.87,14.647,9.092
01/06/2014,1.3406043413326694,11.84,14.521,9.158
12/30/2013,1.387710344416298,11.87,14.645,9.094
12/23/2013,1.4157418550004093,11.9,14.731,9.068
12/16/2013,1.541570627639227,12.05,15.133,8.966
12/09/2013,1.682414930984625,12.21,15.574,8.845
12/02/2013,1.7639274361492312,12.37,15.897,8.842
11/25/2013,1.878197273983753,12.58,16.336,8.823
11/18/2013,2.068978008582982,12.91,17.047,8.772
11/11/2013,1.9441180519711245,13.16,17.048,9.271
11/04/2013,1.7718845899211384,13.38,16.923,9.836
10/28/2013,1.6907276539998985,13.46,16.841,10.078
10/21/2013,1.660600794893222,13.48,16.801,10.158
10/14/2013,1.7983853869513067,13.41,17.006,9.813
10/07/2013,1.9780710300694464,13.26,17.216,9.303
09/30/2013,2.0845970833712686,13.2,17.369,9.03
09/23/2013,2.239012058922417,13.07,17.548,8.591
09/16/2013,2.3557217577634253,12.92,17.631,8.208
09/09/2013,2.4516718785351355,12.75,17.653,7.846
09/02/2013,2.514621243845681,12.56,17.589,7.53
08/26/2013,2.560963685802671,12.35,17.471,7.228
08/19/2013,2.632614669867203,12.12,17.385,6.854
08/12/2013,2.668362793924395,11.87,17.206,6.533
08/05/2013,2.6881954914031088,11.68,17.056,6.303
07/29/2013,2.635878411459831,11.42,16.691,6.148
07/22/2013,2.531882698704662,11.12,16.183,6.056
07/15/2013,2.415125255550942,10.85,15.68,6.019
07/08/2013,2.176499483115032,10.54,14.892,6.187
07/01/2013,1.5530453953442576,10.2,13.306,7.093
06/24/2013,1.187385783980927,9.98,12.354,7.605
06/17/2013,0.7974271126566994,9.81,11.404,8.215
06/10/2013,0.4753051651307822,9.69,10.64,8.739
06/03/2013,0.41476499370125264,9.65,10.479,8.82
05/27/2013,0.4136060927984502,9.68,10.507,8.852
05/20/2013,0.44171823598307575,9.72,10.603,8.836
05/13/2013,0.4469787466983192,9.77,10.663,8.876
05/06/2013,0.5875627626049834,9.71,10.885,8.534
04/29/2013,0.6238669729998536,9.66,10.907,8.412
04/22/2013,0.7693178796830347,9.56,11.098,8.021
04/15/2013,0.977266596175271,9.4,11.354,7.445
04/08/2013,1.1211110560510944,9.24,11.482,6.997
04/01/2013,1.247184829926984,9.13,11.624,6.635
03/25/2013,1.3201344628483873,9.03,11.67,6.389
03/18/2013,1.3923900315644322,8.89,11.674,6.105
03/11/2013,1.4040032051245468,8.81,11.618,6.001
03/04/2013,1.4124659287926207,8.75,11.574,5.925
02/25/2013,1.4124234492530916,8.69,11.514,5.865
02/18/2013,1.4027490866152792,8.65,11.455,5.844
02/11/2013,1.3595182970449498,8.6,11.319,5.88
02/04/2013,1.320429854252016,8.56,11.2,5.919
01/28/2013,1.2568830494520962,8.5,11.013,5.986
01/21/2013,1.2398810426811115,8.49,10.969,6.01
01/14/2013,1.2015281935934754,8.45,10.853,6.046
01/07/2013,1.150169552718207,8.38,10.68,6.079
12/31/2012,1.0564255771231592,8.29,10.402,6.177
12/24/2012,0.9526646839260916,8.2,10.105,6.294
12/17/2012,0.9632315401812797,8.25,10.176,6.323
12/10/2012,0.9598958276813166,8.24,10.159,6.32
12/03/2012,0.9989018970849941,8.35,10.347,6.352
11/26/2012,0.9919500995513837,8.51,10.493,6.526
11/19/2012,0.9757099978989658,8.68,10.631,6.728
11/12/2012,1.0058777261675496,8.9,10.911,6.888
11/05/2012,0.9333193451332721,9.03,10.896,7.163
10/29/2012,0.8036479328661276,9.18,10.787,7.572
10/22/2012,0.7722272981447883,9.29,10.834,7.745
10/15/2012,0.7263917675744955,9.4,10.852,7.947
10/08/2012,0.6664645526957903,9.47,10.802,8.137
10/01/2012,0.6429191239961679,9.5,10.785,8.214
09/24/2012,0.6437623785217648,9.52,10.807,8.232
09/17/2012,0.6494805616798704,9.54,10.838,8.241
09/10/2012,0.6477615301945615,9.55,10.845,8.254
09/03/2012,0.6507111494357538,9.56,10.861,8.258
08/27/2012,0.6484211594326638,9.6,10.896,8.303
08/20/2012,0.6431251822157176,9.69,10.976,8.403
08/13/2012,0.6322064536209671,9.79,11.054,8.525
08/06/2012,0.6003040896079251,9.91,11.11,8.709
07/30/2012,0.5942894917462361,10.01,11.198,8.821
07/23/2012,0.5409389984092474,10.13,11.211,9.048
07/16/2012,0.5817817460182124,10.21,11.373,9.046
07/09/2012,0.6643116738399226,10.29,11.618,8.961
07/02/2012,0.6752406978255974,10.33,11.68,8.979
06/25/2012,0.703811054189972,10.35,11.757,8.942
06/18/2012,0.6968751681614145,10.41,11.803,9.016
06/11/2012,0.0,0.0,0.0,0.0
06/04/2012,0.0,0.0,0.0,0.0
05/28/2012,0.0,0.0,0.0,0.0
05/21/2012,0.0,0.0,0.0,0.0
05/14/2012,0.0,0.0,0.0,0.0
05/07/2012,0.0,0.0,0.0,0.0
04/30/2012,0.0,0.0,0.0,0.0
04/23/2012,0.0,0.0,0.0,0.0
04/16/2012,0.0,0.0,0.0,0.0
04/09/2012,0.0,0.0,0.0,0.0
04/02/2012,0.0,0.0,0.0,0.0
03/26/2012,0.0,0.0,0.0,0.0
03/19/2012,0.0,0.0,0.0,0.0
03/12/2012,0.0,0.0,0.0,0.0
03/05/2012,0.0,0.0,0.0,0.0
02/27/2012,0.0,0.0,0.0,0.0
02/20/2012,0.0,0.0,0.0,0.0
02/13/2012,0.0,0.0,0.0,0.0
02/06/2012,0.0,0.0,0.0,0.0
