12/01/2022,103.14,108.25,116.2,114.97,95.62
11/01/2022,102.95,109.34,116.72,114.36,94.74
10/01/2022,103.17,111.32,117.33,113.94,93.89
09/01/2022,106.87,115.5,118.37,113.71,93.14
08/01/2022,110.22,118.41,119.71,113.11,92.42
07/01/2022,113.36,121.03,120.06,112.26,91.56
06/01/2022,115.72,121.96,120.03,111.54,90.56
05/01/2022,119.48,123.73,119.85,110.81,89.56
04/01/2022,124.14,124.08,119.42,109.74,88.36
03/01/2022,126.59,124.33,119.22,108.75,87.2
02/01/2022,128.7,124.15,118.33,107.59,85.97
01/01/2022,128.2,124.1,116.87,106.41,84.71
12/01/2021,127.98,123.34,115.24,105.07,83.28
11/01/2021,124.03,121.24,112.81,103.18,81.57
10/01/2021,122.06,121.02,110.47,101.53,80.11
09/01/2021,119.61,119.08,107.87,99.88,78.62
08/01/2021,120.0,118.09,106.33,98.61,77.35
07/01/2021,118.7,115.97,104.35,96.98,75.95
06/01/2021,118.46,114.75,102.57,95.38,74.68
05/01/2021,119.99,114.11,100.96,93.93,73.4
04/01/2021,118.56,112.51,99.31,92.51,72.12
03/01/2021,116.18,109.64,97.57,90.81,70.76
02/01/2021,113.24,107.15,95.93,89.26,69.46
01/01/2021,111.05,104.38,94.15,87.49,68.11
12/01/2020,108.22,99.91,91.78,85.56,66.69
11/01/2020,106.45,96.67,90.28,83.94,65.61
10/01/2020,103.1,94.56,88.87,82.38,64.55
09/01/2020,101.06,92.73,87.49,80.82,63.55
08/01/2020,97.71,90.39,85.7,79.19,62.41
07/01/2020,91.6,87.81,83.84,77.55,61.34
06/01/2020,86.88,86.11,82.51,76.27,60.5
05/01/2020,86.02,85.5,81.39,75.12,59.8
04/01/2020,84.41,84.72,80.31,73.84,59.03
03/01/2020,83.08,83.92,79.05,72.57,58.26
02/01/2020,84.02,83.64,78.38,71.72,57.72
01/01/2020,85.35,83.89,77.58,70.85,57.23
12/01/2019,84.98,83.17,76.3,69.59,56.52
11/01/2019,85.03,82.25,74.86,68.31,55.82
10/01/2019,84.76,81.0,73.58,66.99,55.14
09/01/2019,83.26,79.88,72.42,65.65,54.47
08/01/2019,82.44,78.91,71.34,64.34,53.77
07/01/2019,81.37,77.28,69.93,63.0,53.05
06/01/2019,79.47,75.9,68.39,61.49,52.3
05/01/2019,77.25,74.18,66.9,59.97,51.58
04/01/2019,76.49,73.12,65.76,58.7,50.98
03/01/2019,75.38,71.26,64.33,57.36,50.3
02/01/2019,73.18,69.42,62.79,56.1,49.61
01/01/2019,72.33,67.47,61.34,54.92,48.98
12/01/2018,71.1,66.16,59.98,53.97,48.38
11/01/2018,69.75,64.96,58.54,52.87,47.81
10/01/2018,67.13,63.77,57.06,51.73,47.21
09/01/2018,65.65,62.59,55.87,50.72,46.67
08/01/2018,62.61,60.89,54.29,49.67,46.0
07/01/2018,61.22,59.63,52.87,48.74,45.44
06/01/2018,60.18,58.41,51.49,47.81,44.96
05/01/2018,60.41,57.4,50.41,47.28,44.53
04/01/2018,59.52,56.17,49.44,46.72,44.11
03/01/2018,59.17,55.22,48.64,46.28,43.76
02/01/2018,58.03,53.79,47.88,45.62,43.35
01/01/2018,56.64,52.12,46.83,45.12,42.91
12/01/2017,54.39,50.35,45.7,44.74,42.44
11/01/2017,52.82,49.15,44.79,44.47,42.03
10/01/2017,51.26,47.69,44.07,44.21,41.63
09/01/2017,49.55,46.11,43.29,43.95,41.27
08/01/2017,47.61,44.58,42.52,43.72,40.96
07/01/2017,46.3,43.41,42.22,43.6,40.65
06/01/2017,45.48,42.72,42.0,43.45,40.39
05/01/2017,44.11,42.06,41.81,43.33,40.11
04/01/2017,42.66,41.97,41.54,43.3,39.87
03/01/2017,41.55,41.54,41.62,43.29,39.66
02/01/2017,40.51,41.06,41.94,43.2,39.43
01/01/2017,39.96,40.44,42.14,43.11,39.15
12/01/2016,40.01,40.45,42.48,43.12,38.9
11/01/2016,41.27,40.48,42.88,43.2,38.73
10/01/2016,41.52,40.46,43.29,43.26,38.55
09/01/2016,41.6,41.02,43.7,43.25,38.35
08/01/2016,40.92,41.29,43.82,43.12,38.07
07/01/2016,40.88,41.56,43.97,43.05,37.8
06/01/2016,39.68,41.11,43.96,42.78,37.49
05/01/2016,39.39,41.71,44.17,42.74,37.27
04/01/2016,40.45,42.82,44.27,42.7,37.04
03/01/2016,41.65,43.83,44.44,42.62,36.83
02/01/2016,42.24,44.51,44.45,42.33,36.54
01/01/2016,42.54,45.28,44.56,42.15,36.3
12/01/2015,44.03,46.13,44.67,42.11,36.04
11/01/2015,45.18,46.37,44.36,41.78,35.69
10/01/2015,46.02,46.36,44.04,41.5,35.33
09/01/2015,46.78,46.38,43.79,41.24,35.01
08/01/2015,48.02,46.81,43.61,41.07,34.78
07/01/2015,48.22,46.64,43.26,40.69,34.43
06/01/2015,47.56,45.73,42.64,40.13,34.0
05/01/2015,46.7,45.04,42.01,39.59,33.57
04/01/2015,45.98,44.4,41.24,39.05,33.16
03/01/2015,45.6,43.84,40.59,38.59,32.81
02/01/2015,45.05,43.21,40.1,38.19,32.48
01/01/2015,43.89,42.35,39.48,37.71,32.14
12/01/2014,43.39,41.72,39.07,37.32,31.83
11/01/2014,42.81,41.2,38.67,36.89,31.53
10/01/2014,42.09,40.41,38.21,36.44,31.25
09/01/2014,41.37,39.89,37.72,36.02,30.94
08/01/2014,40.8,39.55,37.33,35.66,30.66
07/01/2014,40.06,38.98,36.86,35.19,30.33
06/01/2014,39.59,38.09,36.38,34.69,30.01
05/01/2014,38.74,37.33,35.97,34.26,29.72
04/01/2014,38.4,36.99,35.68,33.84,29.43
03/01/2014,38.29,36.61,35.38,33.44,29.13
02/01/2014,37.9,36.42,35.12,33.01,28.88
01/01/2014,36.58,36.14,34.74,32.56,28.62
12/01/2013,35.92,36.0,34.45,32.2,28.47
11/01/2013,35.58,35.55,34.09,31.8,28.27
10/01/2013,34.92,35.12,33.71,31.39,28.07
09/01/2013,34.94,34.74,33.3,31.04,27.92
08/01/2013,35.69,34.67,32.99,30.75,27.85
07/01/2013,36.08,34.61,32.73,30.44,27.77
06/01/2013,35.52,34.37,32.26,29.98,27.63
05/01/2013,35.32,34.16,31.86,29.61,27.49
04/01/2013,34.53,33.81,31.31,29.16,27.35
03/01/2013,33.65,33.34,30.78,28.79,27.17
02/01/2013,33.13,32.9,30.29,28.48,27.05
01/01/2013,33.23,32.62,29.92,28.18,26.93
12/01/2012,33.01,32.3,29.53,27.87,26.83
11/01/2012,33.09,31.86,29.2,27.56,26.75
10/01/2012,33.04,31.31,28.8,27.26,26.69
09/01/2012,32.67,30.85,28.36,27.03,26.6
08/01/2012,32.02,30.15,27.78,26.76,26.48
07/01/2012,31.59,29.57,27.34,26.57,26.36
06/01/2012,30.62,28.81,26.84,26.35,26.23
05/01/2012,29.59,28.21,26.51,26.18,26.14
04/01/2012,29.03,27.69,26.27,26.05,26.1
03/01/2012,28.28,27.21,25.96,25.86,26.05
02/01/2012,27.54,26.76,25.65,25.67,26.01
01/01/2012,26.99,26.53,25.4,25.48,25.99
12/01/2011,26.83,26.28,25.24,25.32,25.98
11/01/2011,26.34,25.87,25.11,25.17,25.92
10/01/2011,26.15,25.4,25.07,25.01,25.85
09/01/2011,25.98,25.11,25.08,24.81,25.8
08/01/2011,26.07,24.87,25.12,24.75,25.78
07/01/2011,25.73,24.81,25.16,24.67,25.74
06/01/2011,25.41,24.86,25.24,24.74,25.71
05/01/2011,24.66,24.7,25.19,24.75,25.64
04/01/2011,24.23,24.54,25.12,24.75,25.56
03/01/2011,23.67,24.27,24.95,24.8,25.48
02/01/2011,23.9,24.2,24.85,24.95,25.43
01/01/2011,24.31,24.35,24.82,25.1,25.39
12/01/2010,24.73,24.73,24.82,25.29,25.38
11/01/2010,24.85,25.05,24.66,25.37,25.31
10/01/2010,24.88,25.37,24.69,25.54,25.23
09/01/2010,24.5,25.5,24.59,25.56,25.17
08/01/2010,24.39,25.62,24.67,25.61,25.08
07/01/2010,24.73,25.68,24.78,25.68,25.05
06/01/2010,25.25,25.7,24.86,25.8,25.03
05/01/2010,25.86,25.62,25.07,25.95,25.05
04/01/2010,26.51,25.49,25.32,26.12,25.05
03/01/2010,26.84,25.28,25.47,26.18,25.04
02/01/2010,26.63,24.9,25.57,26.19,24.98
01/01/2010,26.15,24.28,25.53,26.15,24.92
12/01/2009,25.38,24.02,25.62,26.11,24.85
11/01/2009,24.48,23.69,25.59,26.11,24.79
10/01/2009,23.73,23.73,25.6,26.14,24.68
09/01/2009,23.18,23.87,25.68,26.24,24.62
08/01/2009,22.42,24.02,25.85,26.34,24.56
07/01/2009,22.66,24.52,26.12,26.5,24.53
06/01/2009,22.9,25.15,26.43,26.63,24.48
05/01/2009,23.74,25.67,26.62,26.66,24.43
04/01/2009,24.57,26.23,26.84,26.69,24.4
03/01/2009,25.62,26.79,27.09,26.78,24.42
02/01/2009,26.37,27.22,27.16,26.8,24.36
01/01/2009,27.39,27.49,27.32,26.82,24.32
12/01/2008,27.59,27.47,27.34,26.69,24.22
11/01/2008,27.89,27.48,27.42,26.53,24.16
10/01/2008,27.95,27.67,27.51,26.37,24.1
09/01/2008,28.07,27.72,27.49,26.16,23.99
08/01/2008,27.58,27.72,27.38,25.91,23.87
07/01/2008,27.36,27.58,27.16,25.69,23.72
06/01/2008,27.08,27.44,26.92,25.47,23.58
05/01/2008,27.4,27.39,26.78,25.24,23.5
04/01/2008,27.38,27.11,26.59,24.93,23.41
03/01/2008,27.85,27.15,26.49,24.77,23.3
02/01/2008,27.8,27.21,26.3,24.56,23.16
01/01/2008,27.81,27.36,26.05,24.42,23.01
12/01/2007,27.38,27.34,25.72,24.26,22.86
11/01/2007,26.84,27.26,25.38,24.14,22.72
10/01/2007,26.44,27.04,25.01,23.99,22.61
09/01/2007,26.61,26.74,24.74,23.89,22.5
08/01/2007,26.91,26.4,24.48,23.78,22.39
07/01/2007,27.3,26.18,24.17,23.68,22.3
06/01/2007,27.69,26.07,23.85,23.58,22.22
05/01/2007,27.64,25.83,23.58,23.47,22.09
04/01/2007,26.88,25.4,23.23,23.23,22.01
03/01/2007,25.88,24.75,22.95,23.0,21.99
02/01/2007,25.05,24.09,22.72,22.77,21.96
01/01/2007,24.44,23.5,22.58,22.56,21.98
12/01/2006,24.01,22.97,22.46,22.33,22.02
11/01/2006,23.92,22.75,22.47,22.2,22.08
10/01/2006,23.62,22.57,22.47,22.11,22.15
09/01/2006,23.13,22.17,22.43,22.05,22.19
08/01/2006,22.55,21.62,22.34,21.92,22.22
07/01/2006,21.93,21.34,22.29,21.83,22.23
06/01/2006,21.57,21.07,22.15,21.75,22.28
05/01/2006,21.52,21.15,22.12,21.8,22.31
04/01/2006,21.2,21.34,22.11,21.82,22.39
03/01/2006,20.69,21.66,22.09,21.82,22.42
02/01/2006,20.75,21.95,22.01,21.82,22.46
01/01/2006,20.57,22.2,21.92,21.76,22.5
12/01/2005,20.77,22.37,21.88,21.69,22.52
11/01/2005,21.49,22.7,21.99,21.76,22.59
10/01/2005,22.62,23.06,22.07,21.88,22.74
09/01/2005,23.14,23.24,22.07,21.84,22.82
08/01/2005,23.82,23.22,22.09,21.76,22.86
07/01/2005,23.97,23.1,22.12,21.6,22.85
06/01/2005,23.9,22.88,22.06,21.46,22.81
05/01/2005,23.5,22.52,21.9,21.31,22.77
04/01/2005,23.34,22.07,21.76,21.23,22.71
03/01/2005,22.62,21.65,21.54,21.11,22.62
02/01/2005,22.23,21.38,21.35,21.01,22.52
01/01/2005,21.86,21.28,21.3,20.91,22.41
12/01/2004,21.53,21.09,21.29,20.85,22.31
11/01/2004,20.8,20.89,21.14,20.7,22.22
10/01/2004,20.68,20.95,21.03,20.8,22.19
09/01/2004,20.54,21.15,20.85,20.99,22.17
08/01/2004,20.7,21.24,20.75,21.16,22.12
07/01/2004,20.64,21.29,20.7,21.4,22.14
06/01/2004,20.99,21.45,20.81,21.71,22.17
05/01/2004,21.22,21.42,20.84,21.96,22.21
04/01/2004,21.76,21.33,20.82,22.19,22.24
03/01/2004,21.78,21.31,20.73,22.34,22.28
02/01/2004,21.93,21.49,20.74,22.52,22.32
01/01/2004,21.91,21.38,20.61,22.63,22.35
12/01/2003,21.63,21.1,20.72,22.81,22.38
11/01/2003,20.89,20.55,20.9,22.83,22.4
10/01/2003,20.85,20.25,21.11,22.96,22.43
09/01/2003,21.04,20.12,21.46,23.02,22.47
08/01/2003,20.85,20.18,21.84,23.1,22.48
07/01/2003,20.58,20.26,22.23,23.25,22.46
06/01/2003,20.22,20.32,22.62,23.34,22.48
05/01/2003,19.65,20.15,22.85,23.42,22.46
04/01/2003,19.2,19.99,23.03,23.59,22.4
03/01/2003,19.51,19.84,23.26,23.8,22.36
02/01/2003,19.94,20.34,23.66,23.96,22.36
01/01/2003,20.42,21.25,23.97,24.1,22.38
12/01/2002,20.65,21.98,24.32,24.15,22.35
11/01/2002,20.79,22.81,24.48,24.23,22.29
10/01/2002,20.17,23.5,24.56,24.18,22.2
09/01/2002,20.74,24.2,24.74,24.12,22.11
08/01/2002,22.09,24.93,24.85,24.03,22.04
07/01/2002,23.31,25.55,25.05,23.91,21.95
06/01/2002,24.83,26.08,25.39,23.76,21.88
05/01/2002,26.83,26.68,25.77,23.74,21.84
04/01/2002,27.66,26.98,25.77,23.58,21.71
03/01/2002,27.76,26.69,25.52,23.36,21.51
02/01/2002,27.8,26.66,25.24,23.09,21.31
01/01/2002,27.33,26.15,24.94,22.87,21.07
12/01/2001,26.53,25.62,24.52,22.63,20.82
11/01/2001,26.31,25.28,24.08,22.45,20.57
10/01/2001,25.61,24.78,23.59,22.29,20.34
09/01/2001,25.51,24.55,23.09,22.21,20.11
08/01/2001,24.97,24.71,22.61,22.13,19.88
07/01/2001,24.71,24.87,22.27,22.07,19.66
06/01/2001,24.25,24.56,21.88,21.95,19.39
05/01/2001,23.94,24.35,21.69,21.97,19.17
04/01/2001,23.59,23.83,21.31,21.9,18.92
03/01/2001,24.45,23.74,21.24,21.91,18.7
02/01/2001,25.02,23.41,21.13,21.85,18.48
01/01/2001,24.87,22.89,21.04,21.68,18.25
12/01/2000,24.76,22.4,21.05,21.62,18.05
11/01/2000,24.07,21.63,21.05,21.5,17.82
10/01/2000,23.02,20.51,20.84,21.2,17.53
09/01/2000,21.81,19.68,20.68,20.93,17.25
08/01/2000,20.9,19.2,20.65,20.76,17.04
07/01/2000,20.04,19.03,20.78,20.66,16.83
06/01/2000,19.19,18.79,20.94,20.56,16.65
05/01/2000,17.99,18.74,21.0,20.36,16.45
04/01/2000,17.55,18.84,21.07,20.22,16.28
03/01/2000,17.51,19.19,21.07,20.09,16.12
02/01/2000,18.03,19.69,21.23,20.04,15.98
01/01/2000,18.39,20.46,21.43,19.99,15.85
12/01/1999,19.48,21.17,21.55,19.99,15.73
11/01/1999,20.14,21.67,21.55,19.94,15.56
10/01/1999,20.88,22.1,21.54,19.84,15.38
09/01/1999,21.36,22.53,21.47,19.67,15.17
08/01/1999,22.53,23.09,21.44,19.53,14.99
07/01/1999,22.87,23.27,21.17,19.27,14.76
06/01/1999,23.21,23.3,20.91,19.01,14.52
05/01/1999,23.31,22.95,20.54,18.68,14.26
04/01/1999,23.69,22.78,20.21,18.39,14.01
03/01/1999,23.66,22.41,19.75,18.01,13.72
02/01/1999,23.68,21.92,19.4,17.64,13.44
01/01/1999,23.39,21.43,19.08,17.24,13.17
12/01/1998,22.59,20.99,18.71,16.83,12.91
11/01/1998,21.86,20.41,18.24,16.38,12.62
10/01/1998,21.16,19.78,17.75,15.94,12.34
09/01/1998,20.17,19.07,17.27,15.49,12.07
08/01/1998,19.48,18.53,16.87,15.11,11.82
07/01/1998,19.39,18.14,16.54,14.81,11.61
06/01/1998,18.97,17.65,16.2,14.47,11.37
05/01/1998,18.41,17.1,15.8,14.14,11.13
04/01/1998,17.98,16.89,15.49,13.86,10.94
03/01/1998,17.58,16.73,15.14,13.58,10.75
02/01/1998,16.88,16.42,14.75,13.31,10.54
01/01/1998,16.33,16.07,14.36,13.01,10.34
12/01/1997,15.79,15.71,14.01,12.75,10.16
11/01/1997,15.79,15.48,13.7,12.54,10.01
10/01/1997,15.88,15.21,13.4,12.33,9.87
09/01/1997,15.96,14.95,13.15,12.15,9.73
08/01/1997,15.81,14.74,12.88,11.91,9.59
07/01/1997,15.62,14.51,12.65,11.71,9.46
06/01/1997,15.16,14.1,12.34,11.46,9.32
05/01/1997,14.54,13.56,12.01,11.18,9.16
04/01/1997,13.93,13.08,11.75,10.92,9.04
03/01/1997,13.66,12.64,11.47,10.67,8.92
02/01/1997,13.39,12.32,11.27,10.46,8.82
01/01/1997,13.04,11.93,11.08,10.24,8.71
12/01/1996,12.58,11.58,10.89,10.02,8.62
11/01/1996,12.23,11.36,10.75,9.84,8.55
10/01/1996,11.63,11.03,10.5,9.63,8.44
09/01/1996,11.24,10.8,10.31,9.44,8.35
08/01/1996,10.81,10.59,10.14,9.25,8.26
07/01/1996,10.59,10.45,9.98,9.1,8.18
06/01/1996,10.49,10.42,9.83,8.98,8.11
05/01/1996,10.44,10.3,9.68,8.87,8.04
04/01/1996,10.36,10.23,9.53,8.75,7.97
03/01/1996,10.36,10.22,9.4,8.65,7.9
02/01/1996,10.31,10.2,9.24,8.54,7.83
01/01/1996,10.36,10.14,9.08,8.41,7.75
12/01/1995,10.17,9.98,8.92,8.26,7.67
11/01/1995,10.09,9.82,8.76,8.13,7.59
10/01/1995,10.08,9.69,8.58,8.02,7.51
09/01/1995,10.09,9.51,8.43,7.92,7.43
08/01/1995,9.93,9.24,8.27,7.78,7.33
07/01/1995,9.78,9.05,8.15,7.67,7.26
06/01/1995,9.56,8.83,8.02,7.57,7.18
05/01/1995,9.3,8.57,7.87,7.48,7.1
04/01/1995,8.93,8.28,7.71,7.41,7.01
03/01/1995,8.56,8.02,7.54,7.32,6.91
02/01/1995,8.32,7.87,7.41,7.26,6.83
01/01/1995,8.11,7.69,7.28,7.22,6.75
12/01/1994,7.84,7.47,7.18,7.17,6.67
11/01/1994,7.62,7.35,7.12,7.15,6.61
10/01/1994,7.48,7.29,7.04,7.16,6.54
09/01/1994,7.42,7.25,6.98,7.18,6.48
08/01/1994,7.27,7.2,6.93,7.17,6.42
07/01/1994,7.1,7.16,6.94,7.19,6.36
06/01/1994,7.08,7.14,6.97,7.22,6.31
05/01/1994,7.1,7.07,6.97,7.26,6.25
04/01/1994,7.09,6.94,6.95,7.25,6.19
03/01/1994,7.13,6.88,6.98,7.26,6.13
02/01/1994,7.22,6.89,7.03,7.27,6.07
01/01/1994,7.21,6.89,7.05,7.26,6.01
12/01/1993,7.03,6.8,7.1,7.24,5.94
11/01/1993,6.8,6.71,7.14,7.21,5.87
10/01/1993,6.62,6.67,7.16,7.18,5.79
09/01/1993,6.56,6.72,7.2,7.15,5.72
08/01/1993,6.58,6.8,7.26,7.12,5.66
07/01/1993,6.57,6.88,7.36,7.1,5.6
06/01/1993,6.63,6.96,7.41,7.07,5.54
05/01/1993,6.72,7.08,7.46,7.05,5.48
04/01/1993,6.88,7.16,7.45,7.0,5.42
03/01/1993,7.03,7.21,7.44,6.94,5.35
02/01/1993,7.19,7.4,7.46,6.89,5.29
01/01/1993,7.29,7.57,7.46,6.84,5.24
12/01/1992,7.44,7.64,7.43,6.79,5.17
11/01/1992,7.44,7.68,7.37,6.71,5.1
10/01/1992,7.39,7.71,7.28,6.61,0.0
09/01/1992,7.61,7.85,7.21,6.5,0.0
08/01/1992,7.85,7.86,7.13,6.41,0.0
07/01/1992,7.85,7.83,7.03,6.29,0.0
06/01/1992,7.92,7.75,6.92,6.17,0.0
05/01/1992,8.03,7.68,6.81,6.06,0.0
04/01/1992,8.08,7.52,6.64,5.93,0.0
03/01/1992,7.87,7.34,6.47,5.79,0.0
02/01/1992,7.82,7.22,6.36,5.67,0.0
01/01/1992,7.58,7.06,6.22,5.53,0.0
12/01/1991,7.33,6.86,6.06,5.4,0.0
11/01/1991,6.96,6.58,5.83,5.24,0.0
10/01/1991,6.81,6.4,5.68,5.12,0.0
09/01/1991,6.62,6.23,5.51,4.99,0.0
08/01/1991,6.54,6.1,5.38,4.88,0.0
07/01/1991,6.39,5.94,5.25,4.76,0.0
06/01/1991,6.2,5.75,5.13,4.64,0.0
05/01/1991,5.99,5.6,5.01,4.52,0.0
04/01/1991,5.83,5.51,4.89,4.41,0.0
03/01/1991,5.66,5.39,4.77,4.29,0.0
02/01/1991,5.48,5.25,4.68,4.19,0.0
01/01/1991,5.3,5.09,4.57,4.1,0.0
12/01/1990,5.22,4.96,4.48,4.01,0.0
11/01/1990,5.18,4.8,4.37,3.92,0.0
10/01/1990,5.11,4.66,4.27,3.83,0.0
09/01/1990,5.02,4.57,4.17,3.76,0.0
08/01/1990,4.88,4.51,4.08,3.69,0.0
07/01/1990,4.7,4.42,3.98,3.63,0.0
06/01/1990,4.41,4.27,3.85,3.55,0.0
05/01/1990,4.2,4.16,3.75,3.48,0.0
04/01/1990,4.12,4.1,3.67,0.0,0.0
03/01/1990,4.15,4.05,3.6,0.0,0.0
02/01/1990,4.14,4.0,3.54,0.0,0.0
01/01/1990,4.14,3.95,3.48,0.0,0.0
12/01/1989,4.11,3.88,3.42,0.0,0.0
11/01/1989,4.08,3.78,3.35,0.0,0.0
10/01/1989,3.94,3.65,3.28,0.0,0.0
09/01/1989,3.87,3.55,3.24,0.0,0.0
08/01/1989,3.76,3.44,3.19,0.0,0.0
07/01/1989,3.66,3.34,3.14,0.0,0.0
06/01/1989,3.47,3.23,0.0,0.0,0.0
05/01/1989,3.36,3.16,0.0,0.0,0.0
04/01/1989,3.22,3.07,0.0,0.0,0.0
03/01/1989,3.11,3.01,0.0,0.0,0.0
02/01/1989,3.03,2.96,0.0,0.0,0.0
01/01/1989,2.99,2.92,0.0,0.0,0.0
12/01/1988,2.96,2.91,0.0,0.0,0.0
11/01/1988,2.92,2.93,0.0,0.0,0.0
10/01/1988,2.91,2.95,0.0,0.0,0.0
09/01/1988,2.89,2.95,0.0,0.0,0.0
08/01/1988,2.85,0.0,0.0,0.0,0.0
07/01/1988,2.86,0.0,0.0,0.0,0.0
06/01/1988,2.94,0.0,0.0,0.0,0.0
05/01/1988,2.99,0.0,0.0,0.0,0.0
04/01/1988,3.01,0.0,0.0,0.0,0.0
03/01/1988,0.0,0.0,0.0,0.0,0.0
02/01/1988,0.0,0.0,0.0,0.0,0.0
01/01/1988,0.0,0.0,0.0,0.0,0.0
12/01/1987,0.0,0.0,0.0,0.0,0.0
