12/01/2022,8.37,9.24,14.57,0.0,0.0
11/01/2022,8.21,9.74,15.86,0.0,0.0
10/01/2022,7.75,10.18,0.0,0.0,0.0
09/01/2022,7.61,11.15,0.0,0.0,0.0
08/01/2022,8.85,12.55,0.0,0.0,0.0
07/01/2022,10.11,13.65,0.0,0.0,0.0
06/01/2022,11.27,14.7,0.0,0.0,0.0
05/01/2022,12.61,16.08,0.0,0.0,0.0
04/01/2022,14.69,17.56,0.0,0.0,0.0
03/01/2022,16.26,18.78,0.0,0.0,0.0
02/01/2022,17.19,19.9,0.0,0.0,0.0
01/01/2022,18.13,21.98,0.0,0.0,0.0
12/01/2021,19.56,0.0,0.0,0.0,0.0
11/01/2021,20.42,0.0,0.0,0.0,0.0
10/01/2021,21.31,0.0,0.0,0.0,0.0
09/01/2021,22.6,0.0,0.0,0.0,0.0
08/01/2021,25.82,0.0,0.0,0.0,0.0
07/01/2021,0.0,0.0,0.0,0.0,0.0
06/01/2021,0.0,0.0,0.0,0.0,0.0
05/01/2021,0.0,0.0,0.0,0.0,0.0
04/01/2021,0.0,0.0,0.0,0.0,0.0
