12/01/2022,0.29,0.53,0.91,0.92,0.0
11/01/2022,0.33,0.61,0.94,0.96,0.0
10/01/2022,0.37,0.71,0.98,1.0,0.0
09/01/2022,0.49,0.82,1.02,1.05,0.0
08/01/2022,0.62,0.98,1.05,1.1,0.0
07/01/2022,0.77,1.04,1.08,1.16,0.0
06/01/2022,0.89,1.11,1.1,1.27,0.0
05/01/2022,1.04,1.18,1.13,1.39,0.0
04/01/2022,1.14,1.21,1.12,1.5,0.0
03/01/2022,1.34,1.26,1.12,1.61,0.0
02/01/2022,1.32,1.29,1.12,1.73,0.0
01/01/2022,1.33,1.27,1.14,0.0,0.0
12/01/2021,1.31,1.26,1.15,0.0,0.0
11/01/2021,1.28,1.23,1.17,0.0,0.0
10/01/2021,1.19,1.12,1.16,0.0,0.0
09/01/2021,1.26,1.12,1.22,0.0,0.0
08/01/2021,1.21,1.1,1.36,0.0,0.0
07/01/2021,1.2,1.08,1.5,0.0,0.0
06/01/2021,1.18,1.02,1.64,0.0,0.0
05/01/2021,1.05,0.97,1.78,0.0,0.0
04/01/2021,0.97,0.96,1.95,0.0,0.0
03/01/2021,0.98,1.0,0.0,0.0,0.0
02/01/2021,0.95,1.05,0.0,0.0,0.0
01/01/2021,0.86,1.11,0.0,0.0,0.0
12/01/2020,0.89,1.21,0.0,0.0,0.0
11/01/2020,0.94,1.33,0.0,0.0,0.0
10/01/2020,1.03,1.62,0.0,0.0,0.0
09/01/2020,1.15,1.92,0.0,0.0,0.0
08/01/2020,1.36,2.26,0.0,0.0,0.0
07/01/2020,1.53,2.6,0.0,0.0,0.0
06/01/2020,1.72,2.94,0.0,0.0,0.0
05/01/2020,2.21,0.0,0.0,0.0,0.0
04/01/2020,2.69,0.0,0.0,0.0,0.0
03/01/2020,3.16,0.0,0.0,0.0,0.0
02/01/2020,3.67,0.0,0.0,0.0,0.0
01/01/2020,4.16,0.0,0.0,0.0,0.0
12/01/2019,0.0,0.0,0.0,0.0,0.0
11/01/2019,0.0,0.0,0.0,0.0,0.0
10/01/2019,0.0,0.0,0.0,0.0,0.0
09/01/2019,0.0,0.0,0.0,0.0,0.0
