12/01/2022,7.86,6.76,15.12,18.68,42.67
11/01/2022,6.91,7.13,16.12,18.82,44.56
10/01/2022,6.49,8.48,17.58,18.93,46.54
09/01/2022,5.72,9.77,18.9,19.04,48.24
08/01/2022,5.47,11.49,20.13,19.19,50.08
07/01/2022,5.66,13.31,21.47,19.51,51.62
06/01/2022,7.34,15.07,22.95,20.25,53.25
05/01/2022,10.46,16.89,23.49,21.19,54.85
04/01/2022,13.82,18.94,23.87,21.95,56.56
03/01/2022,17.52,21.38,24.54,22.85,58.37
02/01/2022,20.95,23.48,24.64,23.93,60.07
01/01/2022,22.79,25.11,24.66,24.75,61.72
12/01/2021,23.33,26.68,24.16,25.71,63.13
11/01/2021,24.05,28.02,23.68,26.49,64.48
10/01/2021,25.24,28.76,23.04,27.01,65.69
09/01/2021,26.0,29.64,22.61,27.84,66.78
08/01/2021,27.43,30.84,22.84,28.67,68.06
07/01/2021,30.03,30.08,23.33,29.9,69.32
06/01/2021,31.99,28.79,23.45,31.58,70.35
05/01/2021,32.29,27.71,23.59,32.68,71.19
04/01/2021,33.27,25.8,24.15,34.13,72.12
03/01/2021,34.25,24.22,24.57,36.25,72.93
02/01/2021,30.12,21.64,25.23,39.04,73.52
01/01/2021,25.6,19.34,25.73,42.46,74.14
12/01/2020,23.12,17.32,26.14,45.93,74.79
11/01/2020,18.33,15.58,26.94,49.13,75.5
10/01/2020,14.2,14.84,27.59,52.14,76.17
09/01/2020,13.16,16.59,29.81,55.75,76.99
08/01/2020,13.08,18.11,32.97,59.4,77.74
07/01/2020,11.51,19.48,35.17,62.86,78.39
06/01/2020,12.83,22.5,38.29,66.65,79.29
05/01/2020,15.48,24.92,42.26,70.3,80.09
04/01/2020,20.02,28.82,47.74,74.15,80.96
03/01/2020,23.13,32.11,54.02,77.44,81.76
02/01/2020,27.45,34.95,60.24,80.96,82.58
01/01/2020,32.17,38.29,65.91,83.74,83.19
12/01/2019,34.35,40.34,70.8,86.26,83.62
11/01/2019,37.62,43.03,75.33,88.52,84.03
10/01/2019,41.1,47.83,80.05,91.17,84.45
09/01/2019,42.46,50.86,84.55,93.88,84.83
08/01/2019,44.41,54.08,88.73,96.21,85.19
07/01/2019,46.32,59.61,92.98,98.7,85.66
06/01/2019,48.44,66.66,96.81,100.56,85.87
05/01/2019,54.57,75.92,100.1,102.48,86.21
04/01/2019,59.26,85.53,103.96,104.36,86.63
03/01/2019,63.75,93.53,106.46,105.72,86.91
02/01/2019,72.89,101.25,109.22,107.45,87.31
01/01/2019,84.87,107.62,111.26,108.74,87.34
12/01/2018,97.26,112.26,112.84,109.13,87.03
11/01/2018,111.8,118.23,115.39,109.69,86.82
10/01/2018,123.31,123.38,117.28,110.12,86.41
09/01/2018,129.62,126.36,118.24,109.6,85.78
08/01/2018,130.38,126.97,117.51,108.0,84.62
07/01/2018,127.26,124.28,115.76,105.82,83.17
06/01/2018,124.66,122.39,113.78,103.64,81.74
05/01/2018,123.45,119.38,111.81,101.87,80.34
04/01/2018,123.11,117.19,110.54,100.2,79.05
03/01/2018,123.56,114.9,109.3,98.24,77.69
02/01/2018,121.3,113.42,107.57,96.08,76.34
01/01/2018,120.12,112.54,105.42,93.93,74.93
12/01/2017,115.32,111.17,103.49,91.92,73.51
11/01/2017,111.27,110.12,101.22,89.89,72.1
10/01/2017,106.23,108.05,98.51,87.77,70.58
09/01/2017,105.54,107.24,96.6,86.09,69.29
08/01/2017,104.96,105.17,94.26,84.19,67.98
07/01/2017,107.03,104.24,93.11,82.65,66.9
06/01/2017,108.98,103.89,91.7,80.98,65.78
05/01/2017,109.86,103.71,89.91,79.55,64.72
04/01/2017,108.93,101.72,87.41,77.74,63.52
03/01/2017,105.38,98.31,84.62,75.79,62.28
02/01/2017,101.45,95.81,82.29,74.17,61.16
01/01/2017,98.81,92.32,79.77,72.62,60.06
12/01/2016,97.56,88.98,77.63,71.18,58.93
11/01/2016,94.5,85.96,75.51,69.94,57.78
10/01/2016,91.23,83.36,73.71,68.9,56.83
09/01/2016,90.17,81.99,71.85,68.11,56.0
08/01/2016,85.83,79.5,69.53,67.17,55.05
07/01/2016,80.39,76.1,67.47,65.94,54.21
06/01/2016,77.43,73.1,65.75,64.94,53.52
05/01/2016,75.48,70.94,64.53,63.94,52.97
04/01/2016,73.81,68.78,63.35,62.7,52.34
03/01/2016,73.18,67.21,62.77,61.97,51.8
02/01/2016,71.82,66.28,62.28,61.24,51.36
01/01/2016,68.77,65.06,61.93,60.51,50.96
12/01/2015,66.4,64.06,61.67,59.84,50.63
11/01/2015,63.74,61.72,61.17,58.8,50.09
10/01/2015,61.25,59.55,61.01,57.9,49.56
09/01/2015,60.75,58.83,60.86,57.14,49.19
08/01/2015,61.36,58.41,60.86,56.59,48.82
07/01/2015,61.71,58.12,60.44,55.94,48.48
06/01/2015,59.69,57.93,59.67,55.09,47.98
05/01/2015,57.85,58.34,59.34,54.31,47.49
04/01/2015,56.91,58.28,58.71,53.39,0.0
03/01/2015,55.46,58.8,58.23,52.5,0.0
02/01/2015,54.54,59.28,57.73,51.77,0.0
01/01/2015,56.17,60.63,57.35,51.14,0.0
12/01/2014,58.83,62.47,57.08,50.58,0.0
11/01/2014,59.65,62.89,56.29,49.89,0.0
10/01/2014,62.13,63.31,55.69,49.3,0.0
09/01/2014,64.01,62.76,54.85,48.78,0.0
08/01/2014,65.08,61.4,53.68,48.15,0.0
07/01/2014,66.11,60.35,52.3,47.5,0.0
06/01/2014,66.12,59.15,50.94,46.68,0.0
05/01/2014,64.49,57.66,49.35,45.62,0.0
04/01/2014,61.51,56.19,48.02,44.77,0.0
03/01/2014,57.71,54.06,46.4,43.88,0.0
02/01/2014,54.58,51.7,44.64,42.93,0.0
01/01/2014,52.17,49.7,43.39,42.48,0.0
12/01/2013,50.83,48.06,42.29,42.11,0.0
11/01/2013,50.86,46.93,41.78,42.01,0.0
10/01/2013,50.41,45.95,41.53,41.98,0.0
09/01/2013,48.81,44.25,41.07,41.64,0.0
08/01/2013,47.23,42.74,40.45,41.47,0.0
07/01/2013,45.29,41.04,39.61,41.41,0.0
06/01/2013,42.99,39.86,39.07,41.42,0.0
05/01/2013,41.49,38.74,38.79,41.37,0.0
04/01/2013,39.69,37.59,38.54,41.22,0.0
03/01/2013,38.25,37.08,38.86,41.23,0.0
02/01/2013,36.78,36.52,39.13,41.05,0.0
01/01/2013,36.73,36.64,39.54,41.02,0.0
12/01/2012,35.98,37.11,39.99,40.86,0.0
11/01/2012,35.48,37.89,40.33,40.68,0.0
10/01/2012,35.9,38.15,40.84,0.0,0.0
09/01/2012,36.25,38.17,41.6,0.0,0.0
08/01/2012,36.55,38.27,42.2,0.0,0.0
07/01/2012,38.25,38.85,42.69,0.0,0.0
06/01/2012,40.3,39.5,43.04,0.0,0.0
05/01/2012,40.4,40.65,43.31,0.0,0.0
04/01/2012,40.1,41.75,43.32,0.0,0.0
03/01/2012,40.0,42.45,43.21,0.0,0.0
02/01/2012,39.45,42.87,42.73,0.0,0.0
01/01/2012,38.7,42.77,42.07,0.0,0.0
12/01/2011,40.9,43.53,0.0,0.0,0.0
11/01/2011,43.4,45.03,0.0,0.0,0.0
10/01/2011,44.9,46.13,0.0,0.0,0.0
09/01/2011,46.29,46.53,0.0,0.0,0.0
08/01/2011,46.84,46.58,0.0,0.0,0.0
07/01/2011,46.16,45.98,0.0,0.0,0.0
06/01/2011,46.66,44.89,0.0,0.0,0.0
05/01/2011,47.36,43.97,0.0,0.0,0.0
04/01/2011,46.77,42.6,0.0,0.0,0.0
03/01/2011,46.32,41.37,0.0,0.0,0.0
02/01/2011,45.8,0.0,0.0,0.0,0.0
01/01/2011,43.12,0.0,0.0,0.0,0.0
12/01/2010,40.57,0.0,0.0,0.0,0.0
11/01/2010,38.42,0.0,0.0,0.0,0.0
10/01/2010,36.42,0.0,0.0,0.0,0.0
09/01/2010,0.0,0.0,0.0,0.0,0.0
08/01/2010,0.0,0.0,0.0,0.0,0.0
07/01/2010,0.0,0.0,0.0,0.0,0.0
06/01/2010,0.0,0.0,0.0,0.0,0.0
