12/01/2022,102.11,98.01,89.17,82.94,72.93
11/01/2022,104.03,97.35,89.18,81.19,73.23
10/01/2022,104.41,96.67,89.27,79.55,73.5
09/01/2022,99.39,94.22,87.19,76.7,72.99
08/01/2022,97.27,94.02,86.47,74.37,72.83
07/01/2022,93.9,90.75,84.64,71.62,72.31
06/01/2022,90.68,87.56,82.63,69.53,72.1
05/01/2022,88.93,85.79,81.22,68.0,72.04
04/01/2022,89.06,83.42,79.21,66.63,71.89
03/01/2022,90.77,82.38,78.04,65.32,72.23
02/01/2022,87.6,80.34,75.41,63.85,72.2
01/01/2022,84.44,81.02,73.11,62.43,72.12
12/01/2021,82.65,81.87,71.0,61.46,72.05
11/01/2021,77.77,80.16,67.94,60.29,71.83
10/01/2021,73.98,78.92,64.55,58.92,71.49
09/01/2021,73.08,78.53,62.05,57.92,71.45
08/01/2021,77.6,77.69,60.51,57.08,71.63
07/01/2021,81.1,76.66,59.1,56.07,71.72
06/01/2021,82.54,75.0,58.24,55.69,72.13
05/01/2021,83.86,73.7,56.79,55.01,72.39
04/01/2021,83.98,70.49,55.6,54.72,72.55
03/01/2021,77.79,65.19,53.13,53.86,72.17
02/01/2021,72.21,60.12,51.25,53.58,71.7
01/01/2021,67.46,55.72,50.36,53.82,71.37
12/01/2020,63.53,50.17,48.91,54.09,71.12
11/01/2020,56.99,45.58,47.62,54.72,71.03
10/01/2020,52.6,43.33,46.77,55.73,71.44
09/01/2020,48.03,41.55,45.78,57.03,71.62
08/01/2020,43.99,41.48,46.04,58.86,71.95
07/01/2020,36.81,39.88,45.66,60.45,72.11
06/01/2020,34.16,40.71,46.84,62.91,72.5
05/01/2020,34.07,41.07,48.19,65.26,72.8
04/01/2020,35.08,42.37,50.31,67.44,73.05
03/01/2020,38.97,45.0,52.88,69.28,73.28
02/01/2020,42.95,47.65,56.05,71.29,73.66
01/01/2020,47.25,49.66,59.3,72.99,73.91
12/01/2019,48.07,50.21,61.94,74.67,73.75
11/01/2019,49.67,50.0,64.77,76.08,73.55
10/01/2019,51.03,50.6,67.55,77.15,73.19
09/01/2019,52.35,51.45,70.73,79.15,72.95
08/01/2019,52.06,52.97,74.02,80.55,72.62
07/01/2019,52.35,55.3,77.36,81.8,72.39
06/01/2019,50.33,58.25,79.97,82.65,71.94
05/01/2019,50.17,60.75,81.42,83.37,71.48
04/01/2019,50.54,64.45,83.11,84.07,71.11
03/01/2019,53.87,68.94,84.66,84.98,70.81
02/01/2019,58.26,73.67,86.89,86.18,70.57
01/01/2019,66.17,79.54,89.12,87.38,70.3
12/01/2018,71.34,84.5,90.42,88.58,69.8
11/01/2018,78.36,90.02,93.0,89.77,69.36
10/01/2018,84.01,95.07,94.34,90.39,68.73
09/01/2018,89.07,99.42,95.05,90.48,68.09
08/01/2018,92.92,101.7,94.86,89.82,67.14
07/01/2018,97.66,102.09,94.68,88.92,66.17
06/01/2018,101.68,101.76,93.88,88.15,65.12
05/01/2018,106.12,100.38,93.0,87.34,63.94
04/01/2018,109.77,100.12,92.43,87.14,62.76
03/01/2018,110.48,98.69,91.29,86.22,61.35
02/01/2018,106.52,96.35,90.62,85.04,59.89
01/01/2018,101.84,95.99,89.64,83.77,58.42
12/01/2017,94.64,93.61,88.05,82.08,56.82
11/01/2017,90.47,90.69,86.01,80.33,55.29
10/01/2017,86.9,88.02,83.87,78.67,53.8
09/01/2017,86.17,87.26,82.33,77.27,52.58
08/01/2017,90.13,86.0,81.35,76.04,51.38
07/01/2017,92.58,85.62,80.81,74.83,50.28
06/01/2017,90.9,84.74,80.65,72.84,49.06
05/01/2017,89.13,83.9,79.98,71.02,47.88
04/01/2017,88.35,84.89,79.39,69.23,46.8
03/01/2017,81.86,83.3,77.66,66.76,45.43
02/01/2017,78.66,82.49,76.32,64.68,44.27
01/01/2017,78.58,81.33,75.15,62.99,43.26
12/01/2016,78.67,79.73,74.0,61.23,42.27
11/01/2016,81.42,77.4,72.28,59.6,41.28
10/01/2016,84.73,76.7,71.06,58.15,40.39
09/01/2016,86.32,76.01,69.43,56.63,39.44
08/01/2016,84.08,76.57,66.88,54.96,38.33
07/01/2016,80.79,76.06,64.58,53.22,37.28
06/01/2016,73.38,73.89,61.41,51.01,36.0
05/01/2016,68.68,72.03,58.49,48.95,34.77
04/01/2016,65.69,70.14,55.78,47.06,33.64
03/01/2016,69.05,68.97,53.81,45.7,32.71
02/01/2016,71.33,68.26,51.98,44.47,31.92
01/01/2016,74.41,67.16,50.7,43.42,31.26
12/01/2015,75.38,65.42,48.88,42.1,30.43
11/01/2015,74.6,62.86,46.95,40.54,29.51
10/01/2015,68.89,57.2,44.16,38.38,28.27
09/01/2015,65.19,53.1,41.8,36.49,27.18
08/01/2015,59.91,48.92,39.57,34.73,26.14
07/01/2015,55.46,44.95,37.41,33.06,25.09
06/01/2015,51.12,41.42,35.52,31.56,24.14
05/01/2015,45.51,38.66,34.06,30.26,23.3
04/01/2015,41.01,35.71,32.58,28.94,22.51
03/01/2015,37.94,34.24,31.55,27.88,21.92
02/01/2015,34.45,32.33,30.43,26.73,21.25
01/01/2015,31.72,31.04,29.37,25.74,20.66
12/01/2014,31.8,31.12,28.97,25.29,20.28
11/01/2014,30.4,30.5,28.18,24.74,19.83
10/01/2014,30.55,30.22,27.64,24.37,19.45
09/01/2014,30.22,29.86,27.12,24.11,19.09
08/01/2014,30.36,29.62,26.63,23.86,18.79
07/01/2014,30.44,29.47,26.06,23.53,18.45
06/01/2014,30.59,29.45,25.55,23.31,18.2
05/01/2014,29.9,28.86,24.7,22.96,17.86
04/01/2014,29.5,28.54,23.93,22.64,17.56
03/01/2014,28.88,27.71,23.08,22.24,17.18
02/01/2014,28.49,26.82,22.37,21.69,16.75
01/01/2014,28.31,25.87,21.86,21.34,16.34
12/01/2013,27.83,25.05,21.45,20.98,15.99
11/01/2013,27.57,24.37,21.23,20.6,15.66
10/01/2013,26.53,23.64,20.98,20.22,15.29
09/01/2013,25.15,22.65,20.56,19.73,14.95
08/01/2013,23.42,21.65,20.23,19.37,14.7
07/01/2013,22.28,20.53,20.01,19.1,14.54
06/01/2013,21.17,19.32,19.69,18.76,14.36
05/01/2013,20.74,18.46,19.5,18.48,14.22
04/01/2013,20.15,17.93,19.13,18.16,14.13
03/01/2013,19.88,17.86,19.07,17.87,14.04
02/01/2013,18.79,17.84,18.94,17.55,13.92
01/01/2013,17.47,18.09,18.71,17.12,13.76
12/01/2012,16.18,18.33,18.52,16.72,13.8
11/01/2012,15.7,18.47,18.27,16.34,13.91
10/01/2012,15.83,18.82,18.24,16.08,14.08
09/01/2012,16.9,19.48,18.39,15.95,14.32
08/01/2012,18.7,20.05,18.47,15.77,14.59
07/01/2012,20.47,20.54,18.48,15.58,14.84
06/01/2012,21.24,20.33,18.27,15.28,15.01
05/01/2012,21.8,20.29,17.88,14.92,15.2
04/01/2012,22.06,20.04,17.4,14.53,15.37
03/01/2012,21.4,19.33,16.63,14.08,15.41
02/01/2012,20.61,18.71,15.92,13.71,15.46
01/01/2012,19.41,18.06,15.28,13.38,15.52
12/01/2011,18.79,17.66,14.71,13.09,15.54
11/01/2011,18.01,17.29,14.19,12.76,15.55
10/01/2011,17.27,16.9,13.63,12.48,15.55
09/01/2011,16.8,16.43,13.11,12.11,15.61
08/01/2011,16.71,16.22,12.75,11.8,15.72
07/01/2011,16.53,15.47,12.24,11.34,15.75
06/01/2011,16.58,14.76,11.78,11.0,15.77
05/01/2011,16.52,13.93,11.45,10.73,15.85
04/01/2011,16.06,13.13,11.22,10.36,15.92
03/01/2011,15.73,12.5,11.03,10.16,16.04
02/01/2011,14.4,11.75,10.8,10.02,16.11
01/01/2011,12.95,11.09,10.49,9.98,16.18
12/01/2010,11.34,10.36,10.27,9.97,16.32
11/01/2010,10.2,9.79,9.96,9.96,16.44
10/01/2010,9.27,9.28,9.59,10.09,16.56
09/01/2010,9.1,9.01,9.28,10.22,16.71
08/01/2010,9.23,8.79,9.12,10.28,16.88
07/01/2010,9.37,8.98,9.13,10.4,17.05
06/01/2010,9.37,9.3,8.98,10.88,17.3
05/01/2010,9.29,9.57,8.99,11.48,17.49
04/01/2010,8.92,9.85,9.15,12.09,17.65
03/01/2010,8.36,9.9,9.42,12.68,17.86
02/01/2010,8.58,10.19,9.78,13.41,18.1
01/01/2010,9.23,10.13,10.05,14.09,18.4
12/01/2009,9.84,9.89,10.5,14.75,18.71
11/01/2009,10.78,9.55,10.82,15.48,19.09
10/01/2009,11.44,9.45,11.03,16.21,19.44
09/01/2009,11.8,9.29,11.11,16.75,19.82
08/01/2009,11.03,8.65,11.67,17.21,20.09
07/01/2009,9.94,8.42,12.44,17.67,20.33
06/01/2009,8.32,8.45,13.21,18.0,20.57
05/01/2009,7.47,8.94,14.07,18.33,20.85
04/01/2009,6.77,9.36,15.02,18.62,21.07
03/01/2009,6.28,9.97,16.07,19.12,21.32
02/01/2009,6.89,11.11,17.18,19.64,21.67
01/01/2009,8.57,12.08,18.45,20.16,22.02
12/01/2008,10.42,12.6,19.6,20.53,22.34
11/01/2008,11.95,12.92,20.48,20.97,22.65
10/01/2008,13.66,14.69,21.49,21.49,22.97
09/01/2008,15.32,16.46,22.29,21.92,23.19
08/01/2008,15.59,17.98,22.77,22.2,23.31
07/01/2008,14.79,19.2,23.03,22.37,23.42
06/01/2008,13.9,20.67,23.25,22.67,23.44
05/01/2008,15.71,22.18,23.69,22.92,23.47
04/01/2008,17.61,23.26,23.91,23.03,23.42
03/01/2008,20.36,24.82,24.2,23.21,23.36
02/01/2008,23.61,26.59,24.5,23.48,23.33
01/01/2008,27.45,28.04,24.99,23.69,23.31
12/01/2007,28.64,28.28,24.89,23.72,23.14
11/01/2007,28.9,28.12,24.65,23.49,22.91
10/01/2007,29.27,27.57,24.31,23.21,22.7
09/01/2007,29.57,26.85,23.96,23.04,22.41
08/01/2007,28.62,25.82,23.66,22.79,22.05
07/01/2007,27.93,25.2,23.29,22.7,21.73
06/01/2007,27.34,24.56,22.91,22.68,21.42
05/01/2007,25.87,23.58,22.41,22.7,21.12
04/01/2007,24.14,22.41,21.93,22.68,20.84
03/01/2007,23.02,21.95,21.52,22.9,20.66
02/01/2007,22.47,21.49,21.44,22.98,20.48
01/01/2007,21.78,21.19,21.18,23.0,20.31
12/01/2006,21.3,21.05,21.03,23.15,20.2
11/01/2006,20.67,21.07,21.14,23.38,20.13
10/01/2006,20.87,21.51,21.27,23.52,20.06
09/01/2006,20.51,21.37,21.45,23.53,19.87
08/01/2006,20.6,21.27,21.74,23.7,19.71
07/01/2006,20.8,21.24,22.25,23.89,19.61
06/01/2006,21.47,21.46,22.81,24.15,19.68
05/01/2006,22.14,21.1,23.38,24.33,19.7
04/01/2006,22.23,21.39,23.72,24.46,19.62
03/01/2006,21.94,21.18,23.91,24.45,19.52
02/01/2006,21.67,21.02,24.19,24.42,19.39
01/01/2006,21.45,21.21,24.53,24.46,19.28
12/01/2005,20.06,21.04,24.53,24.21,19.23
11/01/2005,20.54,21.54,24.61,24.02,19.46
10/01/2005,20.42,22.21,24.91,23.8,19.74
09/01/2005,20.36,23.27,25.21,23.51,20.04
08/01/2005,20.97,24.16,25.49,23.18,20.39
07/01/2005,22.02,25.65,25.95,22.94,20.98
06/01/2005,22.53,26.05,26.0,22.55,21.29
05/01/2005,24.0,26.64,26.09,22.33,21.72
04/01/2005,26.18,27.37,26.12,22.18,22.2
03/01/2005,27.35,27.85,26.09,21.77,22.68
02/01/2005,29.29,28.02,25.79,21.31,23.11
01/01/2005,29.57,27.68,25.26,20.75,23.5
12/01/2004,29.28,27.62,24.6,20.17,23.52
11/01/2004,28.57,27.16,23.63,19.54,23.5
10/01/2004,28.34,26.83,22.69,19.01,23.46
09/01/2004,26.75,26.25,21.58,18.43,23.28
08/01/2004,25.79,25.94,20.8,17.97,23.28
07/01/2004,25.95,25.53,20.18,17.62,23.19
06/01/2004,25.74,24.88,19.59,17.26,23.27
05/01/2004,25.32,24.34,18.73,16.88,23.43
04/01/2004,25.74,23.57,17.95,16.6,23.55
03/01/2004,26.1,22.84,17.29,16.22,23.67
02/01/2004,25.11,21.59,16.44,15.72,23.71
01/01/2004,24.01,20.1,15.73,15.34,23.72
12/01/2003,23.36,18.55,15.1,15.21,23.72
11/01/2003,21.4,16.91,14.52,15.08,23.7
10/01/2003,19.59,15.66,13.99,14.77,23.57
09/01/2003,18.06,14.82,13.67,14.6,23.47
08/01/2003,16.19,14.3,13.45,14.35,23.36
07/01/2003,13.73,13.12,13.16,14.1,23.18
06/01/2003,12.42,12.33,13.12,14.24,23.16
05/01/2003,11.73,11.73,12.9,14.9,23.13
04/01/2003,11.58,11.3,12.79,15.68,23.11
03/01/2003,12.4,11.37,12.96,16.57,23.12
02/01/2003,12.5,11.65,13.54,17.61,23.16
01/01/2003,12.25,12.12,14.16,19.03,23.17
12/01/2002,11.74,12.32,14.33,20.02,23.15
11/01/2002,11.02,12.51,14.49,21.11,23.09
10/01/2002,10.33,12.61,14.38,22.23,23.0
09/01/2002,10.8,13.2,14.6,23.6,22.99
08/01/2002,11.99,13.91,15.2,24.92,23.0
07/01/2002,12.9,14.08,16.48,26.24,22.98
06/01/2002,14.0,14.27,17.87,26.87,22.95
05/01/2002,14.89,14.55,19.17,27.46,22.86
04/01/2002,15.59,15.42,20.59,27.92,22.74
03/01/2002,15.83,16.2,22.48,28.14,22.56
02/01/2002,15.25,16.33,23.88,28.58,22.4
01/01/2002,14.54,16.46,25.41,28.76,22.23
12/01/2001,14.21,16.14,27.03,29.29,22.05
11/01/2001,15.25,16.0,28.8,29.97,21.84
10/01/2001,16.57,16.49,30.42,30.5,21.64
09/01/2001,17.42,18.89,32.32,31.12,21.53
08/01/2001,18.39,21.47,33.17,31.7,21.43
07/01/2001,18.07,23.78,33.92,32.1,21.29
06/01/2001,16.75,25.76,34.17,32.24,21.0
05/01/2001,16.41,28.76,34.1,32.32,20.71
04/01/2001,20.36,31.42,34.7,32.36,20.53
03/01/2001,24.55,34.36,34.91,32.33,20.32
02/01/2001,29.49,37.92,35.86,32.37,20.17
01/01/2001,34.76,41.59,36.96,32.26,19.97
12/01/2000,41.12,44.35,37.51,32.07,19.66
11/01/2000,42.48,45.75,37.24,31.37,19.1
10/01/2000,44.18,44.88,36.82,30.55,18.52
09/01/2000,46.35,44.05,36.26,29.68,17.95
08/01/2000,48.43,42.57,35.48,28.71,17.31
07/01/2000,47.58,39.45,34.1,27.32,16.48
06/01/2000,49.03,37.98,32.83,26.28,15.82
05/01/2000,45.58,35.47,31.32,25.07,15.1
04/01/2000,41.76,33.8,29.59,23.78,14.33
03/01/2000,36.72,32.33,27.6,22.38,13.49
02/01/2000,31.32,30.67,25.93,21.09,12.71
01/01/2000,26.94,28.72,24.18,19.72,11.91
12/01/1999,25.35,28.75,23.38,19.03,11.46
11/01/1999,25.84,28.46,22.49,18.25,10.99
10/01/1999,27.94,28.38,21.78,17.56,10.56
09/01/1999,30.03,28.75,21.26,16.99,10.22
08/01/1999,30.5,27.69,20.43,16.23,9.77
07/01/1999,32.16,27.17,19.87,15.7,9.44
06/01/1999,31.08,25.37,18.78,14.8,8.93
05/01/1999,28.83,22.87,17.41,13.7,8.33
04/01/1999,27.47,21.18,16.29,12.78,7.82
03/01/1999,24.87,19.63,15.22,11.94,7.33
02/01/1999,22.19,18.01,14.16,11.16,6.87
01/01/1999,19.66,16.53,13.14,10.47,6.45
12/01/1998,16.91,15.17,12.15,9.77,6.04
11/01/1998,14.89,13.77,11.1,9.1,5.64
10/01/1998,14.39,13.16,10.5,8.7,5.37
09/01/1998,13.82,12.56,9.96,8.31,5.14
08/01/1998,13.39,12.18,9.52,7.97,4.92
07/01/1998,13.43,11.95,9.11,7.67,4.74
06/01/1998,12.65,11.41,8.58,7.25,4.51
05/01/1998,11.93,10.8,8.09,6.84,4.28
04/01/1998,11.31,10.32,7.73,6.5,4.1
03/01/1998,10.97,9.76,7.45,6.22,3.93
02/01/1998,10.47,9.13,7.07,5.91,3.75
01/01/1998,10.16,8.44,6.76,5.64,3.6
12/01/1997,9.67,7.84,6.46,5.35,3.44
11/01/1997,9.33,7.36,6.19,5.13,3.31
10/01/1997,8.55,6.86,5.87,4.88,3.17
09/01/1997,7.79,6.28,5.53,4.61,3.03
08/01/1997,6.72,5.75,5.18,4.34,2.91
07/01/1997,6.0,5.37,4.85,4.09,2.81
06/01/1997,5.39,5.15,4.59,3.89,2.71
05/01/1997,5.17,5.13,4.44,3.73,2.63
04/01/1997,4.77,5.02,4.3,3.56,2.56
03/01/1997,4.78,5.09,4.24,3.45,2.53
02/01/1997,4.74,5.09,4.11,3.31,2.49
01/01/1997,4.91,5.02,4.02,3.19,2.48
12/01/1996,5.1,4.88,3.89,3.06,2.47
11/01/1996,5.27,4.78,3.77,2.96,2.48
10/01/1996,5.4,4.61,3.63,2.85,2.47
09/01/1996,5.44,4.33,3.46,2.72,2.45
08/01/1996,5.12,4.03,3.26,2.57,2.42
07/01/1996,4.67,3.75,3.02,2.42,2.4
06/01/1996,4.29,3.59,2.84,2.31,2.39
05/01/1996,3.81,3.39,2.63,2.19,2.36
04/01/1996,3.22,3.13,2.42,2.05,2.36
03/01/1996,2.93,3.03,2.28,1.96,2.39
02/01/1996,2.83,2.9,2.14,1.87,2.44
01/01/1996,2.89,2.76,2.05,1.81,2.48
12/01/1995,2.98,2.66,1.98,1.76,2.51
11/01/1995,3.04,2.58,1.92,1.73,2.53
10/01/1995,3.12,2.5,1.85,1.69,2.56
09/01/1995,2.97,2.29,1.76,1.64,2.57
08/01/1995,2.63,2.08,1.67,1.6,0.0
07/01/1995,2.33,1.87,1.58,1.55,0.0
06/01/1995,2.11,1.71,1.51,1.53,0.0
05/01/1995,1.88,1.52,1.43,1.49,0.0
04/01/1995,1.62,1.39,1.36,1.47,0.0
03/01/1995,1.53,1.34,1.34,1.46,0.0
02/01/1995,1.4,1.3,1.32,1.48,0.0
01/01/1995,1.3,1.25,1.31,1.52,0.0
12/01/1994,1.17,1.19,1.29,1.53,0.0
11/01/1994,1.15,1.22,1.32,1.54,0.0
10/01/1994,1.15,1.26,1.35,1.57,0.0
09/01/1994,1.2,1.3,1.4,1.62,0.0
08/01/1994,1.21,1.31,1.44,1.68,0.0
07/01/1994,1.22,1.34,1.48,1.78,0.0
06/01/1994,1.29,1.33,1.51,1.89,0.0
05/01/1994,1.36,1.34,1.53,1.99,0.0
04/01/1994,1.4,1.34,1.56,2.08,0.0
03/01/1994,1.4,1.36,1.65,2.17,0.0
02/01/1994,1.46,1.38,1.69,2.27,0.0
01/01/1994,1.38,1.42,1.7,2.38,0.0
12/01/1993,1.32,1.45,1.72,2.46,0.0
11/01/1993,1.28,1.49,1.78,2.54,0.0
10/01/1993,1.31,1.57,1.86,2.67,0.0
09/01/1993,1.31,1.62,2.0,2.81,0.0
08/01/1993,1.45,1.68,2.17,3.0,0.0
07/01/1993,1.58,1.71,2.32,3.15,0.0
06/01/1993,1.71,1.79,2.45,3.26,0.0
05/01/1993,1.82,1.94,2.58,3.34,0.0
04/01/1993,1.92,2.0,2.72,3.42,0.0
03/01/1993,1.9,1.98,2.86,3.5,0.0
02/01/1993,1.84,1.99,2.97,0.0,0.0
01/01/1993,1.87,2.06,3.06,0.0,0.0
12/01/1992,2.05,2.16,3.22,0.0,0.0
11/01/1992,2.08,2.38,3.41,0.0,0.0
10/01/1992,2.07,2.66,3.67,0.0,0.0
09/01/1992,2.14,2.92,3.88,0.0,0.0
08/01/1992,2.26,3.12,4.0,0.0,0.0
07/01/1992,2.27,3.22,4.04,0.0,0.0
06/01/1992,2.68,3.44,4.13,0.0,0.0
05/01/1992,3.25,3.75,4.26,0.0,0.0
04/01/1992,3.7,3.95,0.0,0.0,0.0
03/01/1992,3.98,4.07,0.0,0.0,0.0
02/01/1992,4.18,4.28,0.0,0.0,0.0
01/01/1992,4.2,4.44,0.0,0.0,0.0
12/01/1991,4.24,4.68,0.0,0.0,0.0
11/01/1991,4.19,4.83,0.0,0.0,0.0
10/01/1991,4.16,4.89,0.0,0.0,0.0
09/01/1991,4.39,4.85,0.0,0.0,0.0
08/01/1991,4.68,4.82,0.0,0.0,0.0
07/01/1991,5.11,4.77,0.0,0.0,0.0
06/01/1991,5.47,0.0,0.0,0.0,0.0
05/01/1991,5.62,0.0,0.0,0.0,0.0
04/01/1991,5.31,0.0,0.0,0.0,0.0
03/01/1991,4.97,0.0,0.0,0.0,0.0
02/01/1991,4.43,0.0,0.0,0.0,0.0
01/01/1991,0.0,0.0,0.0,0.0,0.0
12/01/1990,0.0,0.0,0.0,0.0,0.0
11/01/1990,0.0,0.0,0.0,0.0,0.0
10/01/1990,0.0,0.0,0.0,0.0,0.0
