12/01/2022,245.07,212.51,200.17,208.72,184.17
11/01/2022,236.0,205.15,198.44,206.82,182.06
10/01/2022,217.96,195.32,195.36,203.42,179.42
09/01/2022,200.11,188.88,194.62,200.79,177.15
08/01/2022,187.7,185.23,195.66,198.32,175.45
07/01/2022,179.94,184.32,197.19,195.92,173.88
06/01/2022,174.29,181.83,198.3,194.69,172.62
05/01/2022,172.67,180.32,200.34,193.81,171.5
04/01/2022,177.65,182.03,202.46,193.87,170.66
03/01/2022,182.76,185.34,205.12,194.67,170.06
02/01/2022,188.7,187.84,206.82,194.98,169.17
01/01/2022,189.36,191.73,207.66,196.46,168.22
12/01/2021,187.96,195.41,207.47,197.75,167.02
11/01/2021,186.4,200.35,206.74,199.8,165.69
10/01/2021,187.91,206.08,204.86,200.7,164.38
09/01/2021,186.98,210.06,201.71,200.15,162.65
08/01/2021,194.1,214.78,201.12,200.15,161.38
07/01/2021,202.86,220.36,200.56,200.19,160.13
06/01/2021,214.3,222.9,199.78,198.9,158.68
05/01/2021,224.25,224.91,199.33,196.9,157.11
04/01/2021,233.15,225.81,198.56,194.76,155.39
03/01/2021,235.46,223.59,198.82,191.95,153.4
02/01/2021,237.86,219.53,198.91,188.84,151.26
01/01/2021,231.49,213.12,199.52,184.88,148.79
12/01/2020,225.56,203.64,198.0,180.92,146.35
11/01/2020,218.46,193.37,195.19,176.64,143.85
10/01/2020,211.72,187.46,192.83,172.89,141.69
09/01/2020,201.2,180.77,190.1,169.02,139.27
08/01/2020,194.75,176.67,186.91,165.93,137.15
07/01/2020,181.71,173.76,182.9,162.67,134.95
06/01/2020,168.27,171.31,179.24,159.63,132.89
05/01/2020,163.19,174.05,176.13,157.29,131.06
04/01/2020,160.34,178.3,173.49,155.41,129.41
03/01/2020,158.59,185.92,170.76,153.5,127.82
02/01/2020,165.8,192.37,169.56,152.58,126.81
01/01/2020,174.34,197.01,168.28,151.84,125.87
12/01/2019,184.91,198.21,165.61,150.54,124.54
11/01/2019,196.26,199.43,163.14,149.18,123.29
10/01/2019,213.26,197.14,160.56,147.46,121.92
09/01/2019,218.94,192.04,157.13,145.45,120.26
08/01/2019,219.67,187.16,153.79,143.35,118.43
07/01/2019,211.51,178.2,148.91,139.99,116.05
06/01/2019,202.6,168.68,143.97,136.3,113.56
05/01/2019,181.02,155.6,137.3,131.58,110.58
04/01/2019,165.15,146.76,132.69,128.06,108.3
03/01/2019,154.66,139.55,129.26,125.16,106.33
02/01/2019,144.89,133.0,126.71,122.61,104.52
01/01/2019,134.75,126.86,124.05,120.07,102.76
12/01/2018,130.18,123.98,122.62,118.45,101.49
11/01/2018,128.37,122.22,122.15,117.32,100.49
10/01/2018,124.45,120.41,121.44,116.02,99.42
09/01/2018,121.11,119.63,120.89,114.84,98.46
08/01/2018,118.96,119.26,120.12,113.69,97.54
07/01/2018,117.78,118.99,119.56,112.71,96.71
06/01/2018,116.07,118.62,118.71,111.77,95.98
05/01/2018,116.37,118.97,117.96,111.05,95.35
04/01/2018,118.14,120.42,117.42,110.49,94.74
03/01/2018,119.56,121.25,116.68,109.52,94.12
02/01/2018,120.19,121.26,115.68,108.36,93.41
01/01/2018,121.17,122.08,114.87,107.24,92.71
12/01/2017,121.58,122.47,113.82,106.15,91.92
11/01/2017,122.7,122.15,112.45,104.83,91.04
10/01/2017,122.94,120.97,110.91,103.41,90.16
09/01/2017,122.33,120.14,109.57,102.14,89.19
08/01/2017,122.98,118.8,108.34,101.03,88.25
07/01/2017,123.36,116.96,107.09,99.9,87.3
06/01/2017,121.59,114.42,105.53,98.54,86.36
05/01/2017,119.0,112.11,103.65,97.4,85.47
04/01/2017,117.94,110.1,101.91,96.38,84.7
03/01/2017,114.61,107.66,99.82,95.08,83.92
02/01/2017,110.55,105.18,98.0,93.52,83.18
01/01/2017,107.24,102.75,96.17,92.12,82.47
12/01/2016,105.22,100.84,94.63,90.82,81.88
11/01/2016,102.27,99.0,93.14,89.58,81.31
10/01/2016,100.7,97.89,92.15,88.53,80.75
09/01/2016,99.81,97.22,91.38,87.51,80.36
08/01/2016,98.27,96.64,90.6,86.43,79.84
07/01/2016,96.46,95.19,90.04,85.45,79.37
06/01/2016,95.73,93.71,89.52,84.53,78.97
05/01/2016,95.08,91.97,88.8,83.66,78.49
04/01/2016,94.63,90.82,87.69,82.83,78.05
03/01/2016,95.02,89.58,86.8,82.07,77.68
02/01/2016,93.91,88.42,85.81,81.39,77.32
01/01/2016,91.7,87.29,84.87,80.72,76.91
12/01/2015,88.87,86.41,83.85,80.19,76.42
11/01/2015,87.0,85.53,82.65,79.66,75.92
10/01/2015,84.15,84.57,81.32,78.98,75.36
09/01/2015,82.92,84.9,80.58,78.72,74.86
08/01/2015,82.89,85.33,79.94,78.47,74.41
07/01/2015,83.94,85.62,79.5,78.18,73.92
06/01/2015,84.06,84.57,78.83,77.68,73.3
05/01/2015,84.98,84.01,78.32,77.25,72.69
04/01/2015,86.87,83.2,77.88,76.91,72.09
03/01/2015,87.77,82.45,77.43,76.23,71.48
02/01/2015,87.29,81.3,77.08,75.46,70.75
01/01/2015,85.07,79.77,76.72,74.69,69.96
12/01/2014,83.04,78.08,76.18,74.18,69.16
11/01/2014,79.53,76.26,75.62,73.54,68.3
10/01/2014,77.13,74.56,75.04,73.03,67.46
09/01/2014,75.31,73.38,74.46,72.76,66.64
08/01/2014,74.47,73.1,74.23,72.83,66.0
07/01/2014,73.12,72.63,73.87,72.82,65.37
06/01/2014,73.0,72.56,73.77,72.94,64.77
05/01/2014,71.98,72.41,73.12,73.03,64.11
04/01/2014,71.46,72.87,72.55,72.97,63.43
03/01/2014,71.72,73.67,72.15,73.21,62.82
02/01/2014,72.14,74.29,72.23,73.26,62.23
01/01/2014,72.11,74.99,72.18,73.29,61.52
12/01/2013,72.83,75.52,72.27,73.41,60.94
11/01/2013,74.28,75.53,72.45,73.33,60.35
10/01/2013,75.62,75.37,72.7,73.27,59.76
09/01/2013,76.44,75.11,72.92,73.29,59.18
08/01/2013,77.86,74.99,73.13,73.24,58.68
07/01/2013,78.21,73.83,73.35,73.11,58.22
06/01/2013,76.78,72.22,73.02,72.65,57.61
05/01/2013,75.11,70.63,72.98,72.17,57.05
04/01/2013,73.77,70.17,72.74,71.74,56.64
03/01/2013,72.11,69.37,72.44,71.0,56.2
02/01/2013,69.45,69.01,72.35,70.35,55.79
01/01/2013,67.67,69.38,72.23,69.66,55.4
12/01/2012,66.15,70.04,72.22,68.91,55.05
11/01/2012,66.57,70.73,72.38,68.12,54.76
10/01/2012,66.63,71.27,72.37,67.28,54.44
09/01/2012,68.56,72.86,72.75,66.74,54.35
08/01/2012,71.09,73.81,72.86,66.03,54.3
07/01/2012,73.92,75.33,72.95,65.23,54.17
06/01/2012,74.89,75.32,72.53,64.15,53.84
05/01/2012,75.9,75.51,71.81,63.06,53.54
04/01/2012,77.16,75.69,71.02,61.9,53.27
03/01/2012,76.53,75.08,69.8,60.51,52.87
02/01/2012,76.74,74.4,68.35,59.16,52.45
01/01/2012,75.75,74.04,66.82,57.91,52.08
12/01/2011,75.12,73.48,65.28,56.61,51.72
11/01/2011,74.23,72.65,63.67,55.19,51.39
10/01/2011,73.62,71.91,62.14,53.89,51.09
09/01/2011,72.07,70.56,60.17,52.43,50.62
08/01/2011,72.32,69.74,58.57,51.2,50.31
07/01/2011,71.84,68.11,56.84,49.75,49.93
06/01/2011,71.06,66.34,55.0,48.47,49.53
05/01/2011,70.2,64.52,53.23,47.37,49.22
04/01/2011,69.05,62.3,51.54,46.25,48.88
03/01/2011,67.16,59.61,49.85,45.07,48.52
02/01/2011,64.37,57.08,48.17,44.11,48.21
01/01/2011,61.62,54.7,46.47,43.32,47.93
12/01/2010,58.83,52.37,44.88,42.57,47.71
11/01/2010,55.55,49.79,43.37,41.92,47.5
10/01/2010,52.05,47.39,41.93,41.53,47.34
09/01/2010,49.79,45.57,40.57,41.4,47.27
08/01/2010,47.78,43.67,39.54,41.24,47.21
07/01/2010,45.91,41.94,38.8,41.14,47.21
06/01/2010,44.03,40.78,38.22,41.19,47.29
05/01/2010,42.73,40.1,37.8,41.4,47.44
04/01/2010,41.36,39.26,37.62,41.6,47.54
03/01/2010,39.55,38.23,37.64,41.96,47.63
02/01/2010,37.97,37.38,37.66,42.56,47.78
01/01/2010,37.54,36.95,37.99,43.1,47.97
12/01/2009,37.47,36.47,38.6,43.53,48.21
11/01/2009,37.16,35.57,39.32,44.03,48.44
10/01/2009,36.92,35.42,40.03,44.65,48.69
09/01/2009,36.79,35.66,40.74,45.23,48.94
08/01/2009,36.36,35.65,41.39,45.74,49.16
07/01/2009,35.46,35.51,42.06,46.25,49.35
06/01/2009,33.98,35.99,42.77,46.84,49.48
05/01/2009,33.92,37.04,43.83,47.58,49.66
04/01/2009,34.52,37.95,45.15,48.3,49.85
03/01/2009,34.95,39.03,46.18,48.81,50.03
02/01/2009,35.55,40.73,47.05,49.42,50.26
01/01/2009,38.0,43.07,48.25,50.12,50.55
12/01/2008,40.16,44.64,49.27,50.59,50.68
11/01/2008,41.37,45.82,50.01,51.07,50.76
10/01/2008,43.11,47.13,50.78,51.51,50.8
09/01/2008,45.91,48.6,51.61,51.97,50.85
08/01/2008,48.14,49.55,52.26,52.31,50.79
07/01/2008,49.13,50.62,52.85,52.54,50.7
06/01/2008,50.26,52.36,53.48,52.85,50.65
05/01/2008,51.16,53.33,53.71,53.08,50.57
04/01/2008,51.3,53.38,53.76,53.14,50.38
03/01/2008,50.96,53.44,53.65,53.13,50.11
02/01/2008,52.1,53.89,53.56,53.18,49.87
01/01/2008,54.46,54.21,53.7,53.27,49.65
12/01/2007,55.51,54.42,53.69,53.4,49.38
11/01/2007,55.46,54.63,53.65,53.48,49.12
10/01/2007,55.92,54.98,53.69,53.48,48.9
09/01/2007,55.68,55.09,53.5,53.29,48.62
08/01/2007,53.96,54.6,53.09,52.99,48.3
07/01/2007,53.34,54.08,52.96,52.84,48.09
06/01/2007,53.79,54.15,53.03,52.9,47.98
05/01/2007,54.04,53.85,52.97,52.85,47.75
04/01/2007,54.5,53.24,52.83,52.73,47.53
03/01/2007,55.24,53.18,52.81,52.65,47.38
02/01/2007,54.82,52.97,52.88,52.59,47.17
01/01/2007,54.51,52.67,52.9,52.45,46.93
12/01/2006,53.66,52.4,52.73,52.12,46.68
11/01/2006,51.98,51.91,52.4,51.75,46.35
10/01/2006,51.12,51.59,52.19,51.39,46.04
09/01/2006,51.11,51.84,52.22,51.24,45.84
08/01/2006,50.82,51.9,52.27,51.11,45.62
07/01/2006,51.14,52.1,52.35,50.99,45.38
06/01/2006,51.85,52.42,52.48,50.77,45.15
05/01/2006,52.05,52.43,52.38,50.45,44.78
04/01/2006,52.57,52.8,52.4,50.1,44.54
03/01/2006,52.98,53.14,52.34,49.74,44.19
02/01/2006,53.05,53.05,51.98,49.28,43.79
01/01/2006,52.98,52.88,51.66,48.87,43.36
12/01/2005,52.81,52.79,51.29,48.45,42.93
11/01/2005,53.04,52.61,50.94,48.05,42.54
10/01/2005,53.29,52.63,50.71,47.62,42.07
09/01/2005,53.06,52.6,50.43,47.1,41.66
08/01/2005,52.78,52.54,49.95,46.55,41.27
07/01/2005,52.78,52.34,49.46,46.03,40.91
06/01/2005,52.18,52.0,48.75,45.36,40.54
05/01/2005,51.98,51.55,48.04,44.76,40.16
04/01/2005,52.13,50.91,47.39,44.33,39.75
03/01/2005,52.29,50.45,46.86,43.95,39.39
02/01/2005,51.89,49.79,46.28,43.6,39.07
01/01/2005,51.83,49.28,45.77,43.35,38.73
12/01/2004,51.13,48.78,45.11,43.06,38.35
11/01/2004,49.68,48.27,44.35,42.65,38.01
10/01/2004,48.6,47.36,43.56,42.32,37.7
09/01/2004,47.68,46.59,42.87,42.1,37.4
08/01/2004,46.73,45.5,42.04,41.76,37.09
07/01/2004,46.43,44.52,41.37,41.41,36.72
06/01/2004,46.86,43.88,41.05,41.24,36.41
05/01/2004,46.12,43.28,40.7,40.96,36.11
04/01/2004,45.49,42.76,40.51,40.68,35.8
03/01/2004,44.27,42.26,40.38,40.43,35.49
02/01/2004,42.61,41.45,40.19,40.14,35.14
01/01/2004,40.9,40.44,39.85,39.77,34.8
12/01/2003,40.43,39.76,39.8,39.53,34.59
11/01/2003,40.04,39.16,39.86,39.11,34.41
10/01/2003,40.26,38.58,39.89,38.97,34.18
09/01/2003,40.28,38.21,39.85,38.63,33.94
08/01/2003,39.98,38.21,39.92,38.29,33.75
07/01/2003,39.09,38.13,39.8,37.86,33.51
06/01/2003,38.29,38.26,39.64,37.41,33.34
05/01/2003,36.91,38.5,39.52,37.03,33.13
04/01/2003,36.14,38.94,39.49,36.52,32.94
03/01/2003,36.44,39.25,39.43,36.21,32.85
02/01/2003,37.17,39.84,39.42,35.98,32.77
01/01/2003,38.22,40.56,39.08,35.8,32.65
12/01/2002,40.09,41.19,39.17,35.72,32.55
11/01/2002,41.74,41.5,38.85,35.56,32.44
10/01/2002,42.06,41.62,38.33,35.18,32.28
09/01/2002,42.51,41.48,37.72,34.84,32.12
08/01/2002,42.9,41.03,36.99,34.53,31.97
07/01/2002,42.29,40.54,36.29,34.11,31.78
06/01/2002,41.25,40.04,35.32,33.64,31.6
05/01/2002,41.18,39.61,34.69,33.37,31.58
04/01/2002,40.44,38.99,34.05,33.08,31.36
03/01/2002,39.16,37.61,33.42,32.69,31.13
02/01/2002,38.79,37.15,32.98,32.43,30.93
01/01/2002,38.84,36.2,32.59,32.02,30.79
12/01/2001,38.04,35.05,31.95,31.59,30.66
11/01/2001,37.54,33.97,31.52,31.26,30.49
10/01/2001,36.05,32.95,31.28,30.92,30.39
09/01/2001,35.51,32.05,30.89,30.54,30.34
08/01/2001,33.56,30.59,30.44,30.14,30.29
07/01/2001,32.05,29.77,30.25,29.84,30.3
06/01/2001,30.4,29.11,30.12,29.65,30.37
05/01/2001,29.84,29.23,30.23,29.7,30.57
04/01/2001,28.58,28.8,30.07,29.38,30.64
03/01/2001,27.62,28.98,29.93,29.25,30.72
02/01/2001,27.49,28.86,29.87,29.2,30.69
01/01/2001,27.81,29.06,29.9,29.15,30.56
12/01/2000,28.61,29.61,29.91,29.27,30.44
11/01/2000,29.03,29.73,29.78,29.24,30.28
10/01/2000,30.33,30.28,29.91,29.35,30.2
09/01/2000,30.24,30.73,29.87,29.48,0.0
08/01/2000,30.31,31.14,29.93,29.55,0.0
07/01/2000,30.61,31.23,29.94,29.51,0.0
06/01/2000,30.44,31.34,29.67,29.39,0.0
05/01/2000,30.24,30.89,29.38,29.32,0.0
04/01/2000,31.21,30.87,29.37,29.38,0.0
03/01/2000,31.96,30.74,29.2,29.4,0.0
02/01/2000,31.85,30.21,29.09,29.4,0.0
01/01/2000,32.24,29.84,28.99,29.45,0.0
12/01/1999,31.54,29.54,28.89,29.56,0.0
11/01/1999,30.52,29.01,28.86,29.79,0.0
10/01/1999,29.52,28.71,28.76,29.64,0.0
09/01/1999,28.57,28.65,28.64,29.56,0.0
08/01/1999,27.43,28.0,28.41,29.43,0.0
07/01/1999,27.53,27.88,28.53,29.56,0.0
06/01/1999,27.5,27.88,28.63,29.73,0.0
05/01/1999,27.9,27.65,28.73,29.73,0.0
04/01/1999,28.73,27.98,29.0,29.86,0.0
03/01/1999,28.58,28.14,29.26,30.13,0.0
02/01/1999,28.23,28.24,29.58,30.43,0.0
01/01/1999,28.25,28.7,30.18,30.76,0.0
12/01/1998,27.4,28.8,30.11,31.08,0.0
11/01/1998,27.23,28.64,30.02,31.44,0.0
10/01/1998,27.7,28.81,30.14,31.9,0.0
09/01/1998,28.25,29.19,30.41,32.19,0.0
08/01/1998,29.15,29.39,30.66,32.17,0.0
07/01/1998,30.2,29.81,30.77,31.96,0.0
06/01/1998,30.05,30.03,30.8,31.6,0.0
05/01/1998,29.93,30.39,31.13,31.32,0.0
04/01/1998,30.13,30.91,31.53,31.04,0.0
03/01/1998,29.63,31.66,31.79,0.0,0.0
02/01/1998,29.43,31.41,32.22,0.0,0.0
01/01/1998,30.0,31.4,32.84,0.0,0.0
12/01/1997,30.85,31.48,33.44,0.0,0.0
11/01/1997,31.7,31.63,33.69,0.0,0.0
10/01/1997,33.7,31.93,33.56,0.0,0.0
09/01/1997,33.4,31.73,33.04,0.0,0.0
08/01/1997,32.8,31.58,32.39,0.0,0.0
07/01/1997,32.1,31.88,31.79,0.0,0.0
06/01/1997,31.55,32.15,31.11,0.0,0.0
05/01/1997,30.15,31.93,0.0,0.0,0.0
04/01/1997,30.05,33.03,0.0,0.0,0.0
03/01/1997,30.35,34.28,0.0,0.0,0.0
02/01/1997,31.65,35.41,0.0,0.0,0.0
01/01/1997,32.75,35.76,0.0,0.0,0.0
12/01/1996,33.7,35.2,0.0,0.0,0.0
11/01/1996,36.0,34.35,0.0,0.0,0.0
10/01/1996,38.2,33.21,0.0,0.0,0.0
09/01/1996,39.18,31.7,0.0,0.0,0.0
08/01/1996,38.78,30.06,0.0,0.0,0.0
07/01/1996,36.69,0.0,0.0,0.0,0.0
06/01/1996,32.69,0.0,0.0,0.0,0.0
05/01/1996,28.23,0.0,0.0,0.0,0.0
04/01/1996,24.22,0.0,0.0,0.0,0.0
03/01/1996,21.35,0.0,0.0,0.0,0.0
02/01/1996,0.0,0.0,0.0,0.0,0.0
01/01/1996,0.0,0.0,0.0,0.0,0.0
12/01/1995,0.0,0.0,0.0,0.0,0.0
11/01/1995,0.0,0.0,0.0,0.0,0.0
