12/01/2022,45.64,45.87,51.47,52.39,60.16
11/01/2022,46.63,46.02,52.74,52.71,60.35
10/01/2022,46.11,46.45,53.76,53.03,60.44
09/01/2022,46.04,47.5,54.47,53.29,60.46
08/01/2022,46.5,48.75,55.22,53.3,60.67
07/01/2022,46.1,50.3,55.57,53.63,60.69
06/01/2022,45.41,51.03,55.41,54.05,60.64
05/01/2022,46.78,52.44,55.37,55.23,60.62
04/01/2022,48.95,53.5,55.03,56.09,60.65
03/01/2022,51.01,55.27,55.05,56.9,60.76
02/01/2022,54.49,57.07,55.65,58.06,60.88
01/01/2022,56.66,59.46,56.06,59.09,61.06
12/01/2021,58.09,61.07,56.33,60.24,61.23
11/01/2021,58.04,61.44,56.19,61.14,61.22
10/01/2021,59.54,61.69,55.58,61.93,61.28
09/01/2021,59.65,60.84,55.3,62.67,61.17
08/01/2021,62.27,59.79,55.56,63.64,61.23
07/01/2021,64.05,58.31,56.62,64.28,61.22
06/01/2021,64.85,56.56,57.39,64.74,61.3
05/01/2021,63.84,54.82,57.72,64.91,61.3
04/01/2021,62.03,54.22,58.55,65.55,61.31
03/01/2021,57.31,52.65,58.91,65.67,61.28
02/01/2021,52.57,51.58,59.83,65.8,61.38
01/01/2021,48.28,50.93,61.0,66.1,61.49
12/01/2020,45.81,49.47,62.06,66.4,61.61
11/01/2020,46.41,49.75,63.58,66.56,61.82
10/01/2020,47.99,51.32,65.56,66.86,62.27
09/01/2020,50.6,54.93,67.27,67.32,62.81
08/01/2020,53.58,58.22,68.83,67.76,63.26
07/01/2020,53.13,60.62,69.96,67.92,63.55
06/01/2020,53.09,62.89,71.21,67.93,63.66
05/01/2020,54.64,65.17,72.18,67.99,63.78
04/01/2020,59.26,68.08,72.91,67.84,63.85
03/01/2020,62.85,71.06,73.68,67.63,63.92
02/01/2020,68.11,74.65,74.86,68.04,64.27
01/01/2020,72.68,77.42,74.96,67.76,64.39
12/01/2019,75.69,79.8,74.63,67.22,64.3
11/01/2019,76.89,79.61,73.52,66.01,63.96
10/01/2019,79.27,79.44,72.53,65.22,63.65
09/01/2019,81.19,79.3,71.57,64.61,63.37
08/01/2019,82.15,79.53,70.44,63.71,62.86
07/01/2019,83.91,79.2,69.41,63.04,62.43
06/01/2019,82.33,77.74,67.72,62.23,61.87
05/01/2019,79.61,76.31,65.92,61.29,61.34
04/01/2019,77.41,75.08,64.74,60.62,60.91
03/01/2019,76.91,72.51,62.93,59.66,60.45
02/01/2019,74.49,69.46,60.93,58.82,59.96
01/01/2019,73.15,67.43,59.21,58.16,59.68
12/01/2018,73.0,65.62,58.1,57.85,59.41
11/01/2018,72.74,63.84,57.26,57.68,59.21
10/01/2018,68.1,61.36,55.8,57.07,58.74
09/01/2018,64.44,59.61,54.95,56.9,58.26
08/01/2018,61.71,57.7,54.47,56.96,57.88
07/01/2018,58.24,55.54,53.78,56.87,57.43
06/01/2018,54.93,54.4,53.4,56.82,57.03
05/01/2018,54.61,53.36,53.24,57.09,56.86
04/01/2018,54.78,52.41,53.5,57.68,56.71
03/01/2018,53.68,50.99,53.52,58.29,56.46
02/01/2018,52.83,50.59,53.97,58.76,56.23
01/01/2018,53.86,50.68,54.6,59.17,56.0
12/01/2017,52.1,50.24,54.93,59.4,55.66
11/01/2017,50.03,50.3,55.54,59.57,55.3
10/01/2017,48.29,51.24,56.59,59.86,54.99
09/01/2017,48.34,52.03,57.54,60.21,54.73
08/01/2017,47.5,52.4,58.03,60.51,54.38
07/01/2017,48.38,53.13,58.95,61.03,54.15
06/01/2017,50.56,54.59,60.32,61.38,53.93
05/01/2017,54.19,56.05,61.95,61.91,53.79
04/01/2017,55.71,57.36,62.84,62.09,53.52
03/01/2017,57.3,58.53,63.42,62.14,53.35
02/01/2017,57.88,59.61,63.98,62.02,53.17
01/01/2017,58.61,60.78,64.21,61.83,52.98
12/01/2016,57.92,61.94,64.17,61.52,52.68
11/01/2016,59.0,63.06,64.3,61.39,52.37
10/01/2016,59.75,63.65,64.56,61.2,52.04
09/01/2016,61.34,64.77,64.97,61.24,51.74
08/01/2016,62.95,66.06,64.77,61.1,51.27
07/01/2016,65.96,67.84,64.84,61.21,50.99
06/01/2016,67.11,68.33,64.45,60.97,50.54
05/01/2016,67.55,68.31,63.95,60.73,50.11
04/01/2016,68.21,68.34,63.22,60.4,49.6
03/01/2016,69.17,67.64,62.35,59.63,48.95
02/01/2016,69.71,66.39,61.32,58.79,48.31
01/01/2016,69.55,65.54,60.56,57.99,47.71
12/01/2015,69.07,65.47,59.97,57.24,47.17
11/01/2015,68.48,65.18,59.48,56.63,46.64
10/01/2015,66.1,63.49,58.62,55.73,45.96
09/01/2015,63.07,61.85,57.9,54.64,45.25
08/01/2015,61.54,60.57,57.29,53.71,44.64
07/01/2015,61.87,59.58,56.94,52.83,44.05
06/01/2015,61.87,58.11,56.43,51.93,43.45
05/01/2015,60.87,57.06,55.62,51.02,42.85
04/01/2015,60.62,56.24,55.0,50.12,42.31
03/01/2015,59.6,55.57,54.21,49.26,41.71
02/01/2015,57.28,54.47,53.12,48.26,41.02
01/01/2015,54.34,53.78,52.36,47.28,40.35
12/01/2014,53.26,53.76,51.85,46.48,39.78
11/01/2014,51.86,53.94,51.03,45.66,39.19
10/01/2014,51.54,54.02,50.28,44.96,38.61
09/01/2014,51.65,54.31,49.46,44.55,38.06
08/01/2014,53.23,54.76,48.84,44.32,37.61
07/01/2014,54.25,54.19,48.0,44.12,37.03
06/01/2014,56.03,53.75,47.06,43.83,36.48
05/01/2014,56.49,52.86,46.1,43.35,35.88
04/01/2014,56.96,51.77,45.16,42.89,35.28
03/01/2014,56.29,50.93,44.03,42.24,34.61
02/01/2014,54.12,49.94,42.84,41.45,33.97
01/01/2014,51.47,48.12,41.52,40.78,33.24
12/01/2013,49.22,46.54,40.43,40.12,32.58
11/01/2013,46.57,44.6,39.68,39.48,31.93
10/01/2013,45.57,42.92,39.1,38.79,31.27
09/01/2013,45.77,41.81,39.09,38.27,30.74
08/01/2013,44.76,40.38,38.87,37.82,30.22
07/01/2013,43.85,39.34,38.59,37.44,29.72
06/01/2013,42.64,38.55,38.45,37.1,29.2
05/01/2013,40.27,37.13,37.9,36.65,28.57
04/01/2013,37.85,35.74,37.2,36.18,27.99
03/01/2013,35.99,34.92,37.11,35.87,27.49
02/01/2013,34.83,34.33,36.91,35.57,27.01
01/01/2013,34.46,34.75,36.92,35.26,26.58
12/01/2012,33.99,35.28,36.73,34.97,26.18
11/01/2012,33.62,36.38,36.5,34.68,25.82
10/01/2012,33.85,37.36,36.55,34.49,25.52
09/01/2012,33.83,37.85,36.48,34.16,25.21
08/01/2012,35.04,38.35,36.38,33.78,24.87
07/01/2012,36.57,38.67,36.42,33.43,24.58
06/01/2012,39.13,38.66,36.41,33.08,24.28
05/01/2012,40.87,39.29,36.34,32.72,24.0
04/01/2012,41.87,39.49,36.19,32.26,23.73
03/01/2012,41.65,39.09,35.52,31.57,23.3
02/01/2012,40.77,38.17,34.81,30.9,22.87
01/01/2012,38.19,36.63,33.84,29.94,22.37
12/01/2011,37.71,35.73,33.05,29.13,21.95
11/01/2011,37.1,35.12,32.31,28.41,21.57
10/01/2011,36.53,34.41,31.5,27.67,21.17
09/01/2011,35.58,34.16,30.8,26.98,20.84
08/01/2011,35.06,34.16,30.3,26.49,20.54
07/01/2011,33.75,33.39,29.43,25.7,20.12
06/01/2011,33.14,32.89,28.65,25.05,19.75
05/01/2011,32.29,31.95,27.81,24.37,19.37
04/01/2011,32.74,31.45,27.26,23.74,19.1
03/01/2011,33.26,31.05,26.6,23.21,18.86
02/01/2011,33.03,30.38,25.83,22.62,18.59
01/01/2011,32.64,29.51,25.06,21.99,18.31
12/01/2010,31.61,28.58,24.29,21.3,18.01
11/01/2010,30.16,27.45,23.4,20.49,17.66
10/01/2010,28.84,26.43,22.66,19.8,17.34
09/01/2010,27.73,25.48,21.85,19.11,17.03
08/01/2010,26.37,24.4,21.12,18.46,16.71
07/01/2010,25.55,23.68,20.58,17.9,16.47
06/01/2010,24.73,23.06,19.89,17.4,16.23
05/01/2010,24.02,22.14,19.29,16.95,16.01
04/01/2010,23.23,21.29,18.75,16.55,15.77
03/01/2010,22.43,20.61,18.24,16.25,15.56
02/01/2010,21.8,20.01,17.65,15.96,15.35
01/01/2010,21.39,19.35,17.01,15.74,15.16
12/01/2009,20.26,18.89,16.49,15.48,14.97
11/01/2009,19.35,18.23,15.92,15.29,14.79
10/01/2009,18.78,17.85,15.49,15.2,14.64
09/01/2009,18.21,17.48,15.01,15.03,14.48
08/01/2009,17.3,16.72,14.57,14.84,14.28
07/01/2009,17.51,16.44,14.36,14.81,14.15
06/01/2009,17.1,16.2,14.17,14.77,14.02
05/01/2009,16.91,15.87,14.08,14.72,13.91
04/01/2009,16.75,15.3,13.94,14.68,13.8
03/01/2009,16.14,14.67,13.94,14.69,13.7
02/01/2009,15.37,14.08,13.77,14.58,13.58
01/01/2009,15.3,13.62,13.82,14.54,13.5
12/01/2008,14.83,13.12,13.87,14.46,13.4
11/01/2008,13.86,12.54,13.8,14.37,13.26
10/01/2008,13.2,12.41,13.9,14.46,13.2
09/01/2008,12.8,12.28,13.99,14.52,13.12
08/01/2008,11.93,12.15,14.06,14.55,13.01
07/01/2008,11.42,12.28,14.15,14.63,12.93
06/01/2008,11.22,12.57,14.37,14.73,12.88
05/01/2008,11.62,13.21,14.69,14.83,12.85
04/01/2008,11.75,13.46,14.83,14.88,12.77
03/01/2008,12.36,14.03,15.0,14.95,12.7
02/01/2008,13.15,14.62,15.12,14.97,12.61
01/01/2008,13.92,15.06,15.29,15.04,12.53
12/01/2007,14.79,15.38,15.48,15.05,12.41
11/01/2007,15.17,15.7,15.63,15.06,12.28
10/01/2007,15.69,15.97,15.76,14.99,12.14
09/01/2007,16.09,16.01,15.8,14.86,11.97
08/01/2007,16.2,16.17,15.81,14.74,11.81
07/01/2007,15.97,16.18,15.64,14.58,11.62
06/01/2007,16.23,16.2,15.58,14.47,11.46
05/01/2007,16.25,15.97,15.42,14.29,11.3
04/01/2007,15.93,15.63,15.14,14.08,11.12
03/01/2007,16.14,15.52,15.03,13.92,10.96
02/01/2007,16.39,15.57,14.89,13.73,10.79
01/01/2007,16.18,15.57,14.74,13.49,10.6
12/01/2006,15.7,15.54,14.5,13.26,10.4
11/01/2006,15.33,15.59,14.29,13.1,10.2
10/01/2006,14.91,15.44,14.03,12.92,9.99
09/01/2006,14.75,15.11,13.78,12.71,9.77
08/01/2006,14.96,14.97,13.61,12.57,9.58
07/01/2006,15.39,14.87,13.45,12.45,9.41
06/01/2006,15.85,14.65,13.31,12.34,9.24
05/01/2006,15.98,14.53,13.13,12.15,9.07
04/01/2006,15.46,14.21,12.81,11.95,8.86
03/01/2006,14.98,13.91,12.46,11.73,8.65
02/01/2006,14.34,13.45,12.12,11.47,8.43
01/01/2006,13.46,12.98,11.86,11.23,8.21
12/01/2005,13.09,12.62,11.65,11.04,8.0
11/01/2005,12.96,12.46,11.51,10.87,7.82
10/01/2005,12.84,12.24,11.38,10.66,7.64
09/01/2005,12.57,12.04,11.25,10.44,7.46
08/01/2005,12.51,11.96,11.18,10.26,7.32
07/01/2005,12.15,11.72,10.96,10.02,7.15
06/01/2005,11.96,11.4,10.82,9.77,6.98
05/01/2005,11.65,11.0,10.65,9.5,6.81
04/01/2005,11.51,10.79,10.49,9.28,6.65
03/01/2005,11.41,10.73,10.36,9.08,6.5
02/01/2005,11.28,10.69,10.25,8.87,6.35
01/01/2005,10.84,10.55,10.07,8.65,6.2
12/01/2004,10.36,10.51,9.87,8.46,6.05
11/01/2004,10.08,10.46,9.64,8.31,5.9
10/01/2004,10.05,10.4,9.4,8.16,5.75
09/01/2004,10.09,10.21,9.16,8.0,5.6
08/01/2004,10.26,10.23,8.96,7.84,5.48
07/01/2004,10.65,10.29,8.75,7.7,5.36
06/01/2004,10.83,10.18,8.53,7.53,5.23
05/01/2004,10.75,9.98,8.25,7.31,5.09
04/01/2004,10.33,9.81,7.96,7.07,4.95
03/01/2004,10.2,9.59,7.7,6.84,4.81
02/01/2004,9.92,9.23,7.43,6.59,4.66
01/01/2004,9.52,8.82,7.23,6.36,4.52
12/01/2003,9.22,8.41,7.04,6.15,4.39
11/01/2003,9.3,8.12,6.89,5.98,4.27
10/01/2003,8.99,7.69,6.65,5.78,4.15
09/01/2003,8.54,7.22,6.41,5.56,4.02
08/01/2003,8.12,6.87,6.21,5.38,3.92
07/01/2003,7.6,6.52,5.97,5.18,3.82
06/01/2003,6.94,6.12,5.69,4.97,3.73
05/01/2003,6.39,5.82,5.47,4.78,3.67
04/01/2003,5.89,5.63,5.27,4.62,3.63
03/01/2003,5.63,5.64,5.13,4.49,3.6
02/01/2003,5.43,5.67,5.02,4.39,3.58
01/01/2003,5.29,5.66,4.91,4.28,3.55
12/01/2002,5.25,5.62,4.82,4.19,3.53
11/01/2002,5.37,5.6,4.74,4.12,3.52
10/01/2002,5.66,5.54,4.63,4.02,3.5
09/01/2002,5.91,5.42,4.51,3.93,3.49
08/01/2002,6.04,5.27,4.39,3.84,3.47
07/01/2002,5.98,5.12,4.26,3.74,3.47
06/01/2002,5.82,4.91,4.11,3.64,3.46
05/01/2002,5.42,4.62,3.91,3.49,3.43
04/01/2002,4.93,4.37,3.74,3.34,3.41
03/01/2002,4.5,4.15,3.6,3.21,3.4
02/01/2002,4.25,4.03,3.48,3.11,3.4
01/01/2002,3.99,3.88,3.37,3.02,3.41
12/01/2001,3.81,3.73,3.26,2.93,3.42
11/01/2001,3.8,3.61,3.19,2.88,3.43
10/01/2001,3.8,3.52,3.12,2.83,3.45
09/01/2001,3.81,3.39,3.05,2.77,3.47
08/01/2001,3.76,3.31,3.01,2.73,3.51
07/01/2001,3.64,3.2,2.93,2.68,3.54
06/01/2001,3.42,3.12,2.83,2.63,3.57
05/01/2001,3.23,3.04,2.74,2.57,3.59
04/01/2001,2.98,2.93,2.65,2.52,3.62
03/01/2001,2.86,2.87,2.58,2.48,3.65
02/01/2001,2.76,2.8,2.54,2.47,3.67
01/01/2001,2.82,2.76,2.51,2.47,3.7
12/01/2000,2.85,2.72,2.49,2.5,3.71
11/01/2000,2.88,2.71,2.46,2.57,3.74
10/01/2000,2.89,2.7,2.43,2.64,3.77
09/01/2000,2.84,2.65,2.42,2.72,3.79
08/01/2000,2.7,2.54,2.38,2.78,3.82
07/01/2000,2.6,2.45,2.34,2.82,3.84
06/01/2000,2.54,2.37,2.32,2.87,3.87
05/01/2000,2.52,2.3,2.28,2.93,3.9
04/01/2000,2.47,2.27,2.3,2.99,3.94
03/01/2000,2.38,2.26,2.32,3.04,3.99
02/01/2000,2.3,2.26,2.39,3.11,4.04
01/01/2000,2.19,2.21,2.49,3.19,4.08
12/01/1999,2.07,2.16,2.61,3.27,4.13
11/01/1999,2.08,2.19,2.75,3.37,4.18
10/01/1999,2.13,2.22,2.89,3.49,4.24
09/01/1999,2.22,2.23,3.01,3.59,4.31
08/01/1999,2.23,2.27,3.13,3.69,4.37
07/01/1999,2.25,2.27,3.24,3.8,4.42
06/01/1999,2.3,2.33,3.34,3.91,4.47
05/01/1999,2.3,2.39,3.44,3.99,4.52
04/01/1999,2.23,2.51,3.54,4.06,4.56
03/01/1999,2.3,2.78,3.68,4.16,4.61
02/01/1999,2.29,3.06,3.83,4.29,4.66
01/01/1999,2.35,3.32,3.96,4.4,4.71
12/01/1998,2.47,3.57,4.12,4.51,4.76
11/01/1998,2.79,3.8,4.28,4.62,4.81
10/01/1998,3.25,3.99,4.41,4.73,4.84
09/01/1998,3.83,4.21,4.57,4.82,4.88
08/01/1998,4.28,4.36,4.7,4.88,4.91
07/01/1998,4.67,4.49,4.79,4.93,4.93
06/01/1998,4.8,4.56,4.83,4.93,4.94
05/01/1998,4.73,4.59,4.85,4.91,4.93
04/01/1998,4.59,4.6,4.9,4.89,4.91
03/01/1998,4.45,4.6,4.94,4.87,4.88
02/01/1998,4.3,4.67,4.98,4.86,4.86
01/01/1998,4.33,4.76,5.03,4.86,4.84
12/01/1997,4.46,4.82,5.1,4.87,4.83
11/01/1997,4.61,4.92,5.12,4.87,4.83
10/01/1997,4.76,5.04,5.14,4.9,4.82
09/01/1997,5.04,5.1,5.14,4.94,4.81
08/01/1997,5.19,5.1,5.12,4.97,4.8
07/01/1997,5.19,5.11,5.07,4.98,4.78
06/01/1997,5.24,5.2,5.04,4.99,4.76
05/01/1997,5.31,5.27,5.0,4.99,4.74
04/01/1997,5.15,5.28,4.95,4.99,4.71
03/01/1997,5.0,5.3,4.92,5.02,4.69
02/01/1997,5.04,5.37,4.89,5.04,4.67
01/01/1997,5.16,5.32,4.84,5.05,4.65
12/01/1996,5.24,5.25,4.83,5.04,4.62
11/01/1996,5.41,5.19,4.86,5.05,4.6
10/01/1996,5.6,5.14,4.91,5.07,4.59
09/01/1996,5.7,5.04,4.91,5.06,4.57
08/01/1996,5.49,4.88,4.89,5.03,4.54
07/01/1996,5.26,4.73,4.85,5.02,4.52
06/01/1996,4.97,4.63,4.84,5.02,0.0
05/01/1996,4.67,4.53,4.88,5.0,0.0
04/01/1996,4.37,4.41,4.88,4.96,0.0
03/01/1996,4.27,4.36,4.91,4.95,0.0
02/01/1996,4.19,4.41,4.93,4.93,0.0
01/01/1996,4.28,4.52,4.98,4.93,0.0
12/01/1995,4.39,4.68,5.03,4.94,0.0
11/01/1995,4.45,4.78,5.08,4.94,0.0
10/01/1995,4.45,4.9,5.1,4.92,0.0
09/01/1995,4.62,4.98,5.16,4.89,0.0
08/01/1995,4.76,5.06,5.21,4.85,0.0
07/01/1995,4.96,5.23,5.23,4.82,0.0
06/01/1995,5.12,5.35,5.24,4.8,0.0
05/01/1995,5.36,5.46,5.24,4.79,0.0
04/01/1995,5.33,5.45,5.19,4.75,0.0
03/01/1995,5.36,5.43,5.14,4.69,0.0
02/01/1995,5.51,5.39,5.08,4.62,0.0
01/01/1995,5.59,5.37,5.02,4.58,0.0
12/01/1994,5.56,5.31,4.94,4.52,0.0
11/01/1994,5.58,5.35,4.85,4.49,0.0
10/01/1994,5.49,5.36,4.74,4.44,0.0
09/01/1994,5.27,5.23,4.62,4.35,0.0
08/01/1994,5.15,5.12,4.53,4.29,0.0
07/01/1994,5.05,5.02,4.46,4.25,0.0
06/01/1994,5.11,4.93,4.4,4.21,0.0
05/01/1994,5.23,4.85,4.32,4.15,0.0
04/01/1994,5.18,4.76,4.24,4.1,0.0
03/01/1994,5.1,4.68,4.18,4.07,0.0
02/01/1994,4.99,4.56,4.12,4.04,0.0
01/01/1994,4.76,4.35,4.06,4.03,0.0
12/01/1993,4.48,4.13,3.98,0.0,0.0
11/01/1993,4.34,4.0,3.91,0.0,0.0
10/01/1993,4.27,3.93,3.87,0.0,0.0
09/01/1993,4.13,3.89,3.87,0.0,0.0
08/01/1993,3.94,3.86,3.85,0.0,0.0
07/01/1993,3.78,3.79,3.8,0.0,0.0
06/01/1993,3.67,3.72,3.77,0.0,0.0
05/01/1993,3.59,3.68,3.77,0.0,0.0
04/01/1993,3.65,3.68,3.78,0.0,0.0
03/01/1993,3.79,3.77,3.87,0.0,0.0
02/01/1993,3.79,3.83,0.0,0.0,0.0
01/01/1993,3.77,3.82,0.0,0.0,0.0
12/01/1992,3.77,3.82,0.0,0.0,0.0
11/01/1992,3.71,3.84,0.0,0.0,0.0
10/01/1992,3.76,3.83,0.0,0.0,0.0
09/01/1992,3.87,3.82,0.0,0.0,0.0
08/01/1992,3.87,3.83,0.0,0.0,0.0
07/01/1992,3.87,3.85,0.0,0.0,0.0
06/01/1992,3.97,3.88,0.0,0.0,0.0
05/01/1992,3.91,3.98,0.0,0.0,0.0
04/01/1992,3.76,0.0,0.0,0.0,0.0
03/01/1992,3.79,0.0,0.0,0.0,0.0
02/01/1992,3.84,0.0,0.0,0.0,0.0
01/01/1992,3.79,0.0,0.0,0.0,0.0
12/01/1991,4.04,0.0,0.0,0.0,0.0
11/01/1991,0.0,0.0,0.0,0.0,0.0
10/01/1991,0.0,0.0,0.0,0.0,0.0
09/01/1991,0.0,0.0,0.0,0.0,0.0
08/01/1991,0.0,0.0,0.0,0.0,0.0
