12/01/2022,29.97,35.03,36.37,32.28,0.0
11/01/2022,31.83,37.17,36.66,0.0,0.0
10/01/2022,31.6,37.84,36.8,0.0,0.0
09/01/2022,33.47,39.37,37.4,0.0,0.0
08/01/2022,35.62,41.04,37.49,0.0,0.0
07/01/2022,40.09,40.92,37.35,0.0,0.0
06/01/2022,42.5,40.79,36.75,0.0,0.0
05/01/2022,44.07,40.94,35.7,0.0,0.0
04/01/2022,45.27,40.76,34.4,0.0,0.0
03/01/2022,46.45,40.64,33.18,0.0,0.0
02/01/2022,41.75,37.71,30.9,0.0,0.0
01/01/2022,39.08,36.16,0.0,0.0,0.0
12/01/2021,37.8,35.76,0.0,0.0,0.0
11/01/2021,36.24,35.42,0.0,0.0,0.0
10/01/2021,34.83,33.94,0.0,0.0,0.0
09/01/2021,33.67,33.77,0.0,0.0,0.0
08/01/2021,33.23,32.7,0.0,0.0,0.0
07/01/2021,33.71,30.46,0.0,0.0,0.0
06/01/2021,34.59,28.05,0.0,0.0,0.0
05/01/2021,33.05,25.72,0.0,0.0,0.0
04/01/2021,33.87,24.09,0.0,0.0,0.0
03/01/2021,32.17,0.0,0.0,0.0,0.0
02/01/2021,27.2,0.0,0.0,0.0,0.0
01/01/2021,21.51,0.0,0.0,0.0,0.0
12/01/2020,18.38,0.0,0.0,0.0,0.0
11/01/2020,14.3,0.0,0.0,0.0,0.0
10/01/2020,0.0,0.0,0.0,0.0,0.0
09/01/2020,0.0,0.0,0.0,0.0,0.0
08/01/2020,0.0,0.0,0.0,0.0,0.0
07/01/2020,0.0,0.0,0.0,0.0,0.0
