12/01/2022,51.95,53.93,53.28,47.8,43.03
11/01/2022,53.88,54.56,53.21,47.19,42.92
10/01/2022,54.16,55.0,52.94,46.45,42.8
09/01/2022,55.1,55.53,52.48,45.78,42.75
08/01/2022,55.77,55.83,51.87,44.99,42.66
07/01/2022,55.92,55.76,51.06,44.39,42.45
06/01/2022,55.23,54.97,49.84,43.79,42.23
05/01/2022,55.84,54.77,48.69,43.45,42.12
04/01/2022,55.96,54.13,47.29,42.99,41.93
03/01/2022,55.89,53.51,46.07,42.54,41.78
02/01/2022,55.6,52.64,44.74,41.92,41.54
01/01/2022,54.71,51.87,43.5,41.23,41.34
12/01/2021,53.69,50.89,42.17,40.61,41.09
11/01/2021,52.31,49.43,40.91,39.9,40.87
10/01/2021,51.14,47.91,39.56,39.17,40.61
09/01/2021,49.68,46.36,38.71,38.48,40.23
08/01/2021,49.03,44.7,38.19,37.89,39.91
07/01/2021,48.09,42.61,37.79,37.35,39.56
06/01/2021,46.55,40.44,37.42,36.86,39.24
05/01/2021,44.69,38.63,37.05,36.32,38.89
04/01/2021,43.04,36.84,36.56,35.96,38.55
03/01/2021,40.37,35.13,35.91,35.57,38.17
02/01/2021,37.13,33.45,35.46,35.35,37.78
01/01/2021,34.34,32.39,35.14,35.42,37.47
12/01/2020,32.57,31.22,34.8,35.58,37.2
11/01/2020,30.63,31.06,34.53,35.84,36.95
10/01/2020,29.89,31.69,34.49,36.28,36.77
09/01/2020,29.76,32.97,34.72,36.75,36.63
08/01/2020,30.44,34.41,35.06,37.34,36.54
07/01/2020,29.86,35.47,35.17,37.79,36.4
06/01/2020,31.49,36.28,35.52,38.26,36.26
05/01/2020,33.48,36.69,35.78,38.64,36.11
04/01/2020,36.17,37.48,36.31,39.15,35.96
03/01/2020,38.38,37.89,36.94,39.71,35.75
02/01/2020,41.08,38.39,37.76,40.33,35.6
01/01/2020,41.06,38.01,38.23,40.51,35.26
12/01/2019,39.91,37.29,38.58,40.68,34.87
11/01/2019,38.79,36.48,38.65,40.79,34.43
10/01/2019,37.4,35.72,38.8,40.86,34.03
09/01/2019,35.7,34.87,38.95,41.03,33.65
08/01/2019,34.95,34.76,39.24,41.17,33.32
07/01/2019,34.67,34.87,39.62,41.44,33.02
06/01/2019,34.17,35.13,39.98,41.57,32.67
05/01/2019,34.04,35.99,40.62,41.85,32.38
04/01/2019,34.05,37.13,41.29,42.05,32.13
03/01/2019,34.57,38.46,41.77,41.99,31.84
02/01/2019,35.08,39.87,42.37,41.92,31.57
01/01/2019,36.1,40.82,42.95,41.77,31.26
12/01/2018,37.94,41.88,43.43,41.61,30.97
11/01/2018,40.22,43.03,44.1,41.45,30.72
10/01/2018,42.34,43.73,44.38,41.13,30.41
09/01/2018,44.66,44.37,44.73,40.78,30.09
08/01/2018,45.54,44.83,44.78,40.21,29.67
07/01/2018,45.81,45.25,44.77,39.51,29.21
06/01/2018,45.84,45.46,44.51,38.82,28.75
05/01/2018,45.12,45.08,43.76,38.05,28.22
04/01/2018,44.08,44.87,42.94,37.26,27.67
03/01/2018,44.11,45.09,42.24,36.51,27.19
02/01/2018,44.69,44.98,41.48,35.74,26.71
01/01/2018,45.07,45.18,40.66,35.01,26.26
12/01/2017,45.04,45.03,39.83,34.27,25.79
11/01/2017,45.66,45.09,38.98,33.57,25.3
10/01/2017,46.06,44.74,37.9,32.77,24.77
09/01/2017,45.27,44.3,36.64,31.8,24.22
08/01/2017,45.29,43.56,35.51,30.88,23.71
07/01/2017,45.02,42.44,34.54,30.0,23.21
06/01/2017,44.51,41.02,33.45,29.06,22.66
05/01/2017,43.42,39.4,32.22,28.07,22.09
04/01/2017,43.32,37.99,31.12,27.21,21.56
03/01/2017,41.83,36.14,29.93,26.28,20.99
02/01/2017,39.86,34.64,28.89,25.46,20.49
01/01/2017,37.53,32.88,27.81,24.6,19.93
12/01/2016,35.38,31.07,26.79,23.77,19.38
11/01/2016,32.65,28.98,25.55,22.9,18.81
10/01/2016,30.46,27.46,24.53,22.2,18.33
09/01/2016,29.42,26.64,23.78,21.7,17.94
08/01/2016,28.22,25.88,23.07,21.21,17.55
07/01/2016,26.75,25.04,22.41,20.75,17.19
06/01/2016,25.3,24.26,21.82,20.34,16.86
05/01/2016,24.46,23.71,21.35,20.0,16.55
04/01/2016,23.86,23.14,20.87,19.68,16.25
03/01/2016,23.54,22.74,20.46,19.4,15.96
02/01/2016,23.33,22.51,20.13,19.14,15.71
01/01/2016,23.22,22.12,19.87,18.92,15.46
12/01/2015,22.97,21.61,19.58,18.67,15.21
11/01/2015,22.42,20.93,19.23,18.38,14.92
10/01/2015,21.94,20.27,18.88,18.09,14.65
09/01/2015,21.69,19.77,18.6,17.87,14.43
08/01/2015,21.02,19.38,18.37,17.69,14.21
07/01/2015,20.24,18.99,18.14,17.51,14.01
06/01/2015,19.43,18.6,17.96,17.31,13.82
05/01/2015,18.6,18.18,17.73,17.03,13.62
04/01/2015,17.86,17.75,17.45,16.77,13.42
03/01/2015,17.74,17.62,17.32,16.64,13.33
02/01/2015,17.73,17.55,17.21,16.54,13.18
01/01/2015,17.77,17.53,17.11,16.42,13.04
12/01/2014,17.77,17.48,17.01,16.27,12.91
11/01/2014,17.63,17.43,16.91,16.11,12.75
10/01/2014,17.5,17.37,16.84,15.91,12.58
09/01/2014,17.36,17.29,16.77,15.7,12.46
08/01/2014,17.29,17.31,16.67,15.52,12.33
07/01/2014,17.2,17.28,16.45,15.26,12.21
06/01/2014,17.23,17.15,16.28,15.0,12.09
05/01/2014,17.23,17.01,16.14,14.73,11.97
04/01/2014,17.21,16.87,16.04,14.45,11.86
03/01/2014,17.34,16.68,15.86,14.17,11.72
02/01/2014,17.36,16.53,15.66,13.89,11.57
01/01/2014,17.08,16.39,15.45,13.63,11.43
12/01/2013,16.8,16.32,15.18,13.38,11.31
11/01/2013,16.52,16.26,14.91,13.11,11.19
10/01/2013,16.03,16.03,14.62,12.81,11.07
09/01/2013,15.69,15.62,14.25,12.53,11.01
08/01/2013,15.71,15.41,13.92,12.28,10.97
07/01/2013,15.84,15.27,13.58,12.01,10.93
06/01/2013,16.0,15.21,13.25,11.74,10.89
05/01/2013,16.02,15.04,12.92,11.47,10.84
04/01/2013,15.54,14.79,12.58,11.21,10.83
03/01/2013,15.12,14.51,12.25,10.99,10.81
02/01/2013,14.71,14.05,11.91,10.74,10.79
01/01/2013,14.41,13.56,11.53,10.51,10.78
12/01/2012,14.06,13.22,11.2,10.32,10.77
11/01/2012,14.04,12.89,10.98,10.21,10.79
10/01/2012,13.89,12.42,10.71,10.07,10.8
09/01/2012,13.39,11.89,10.37,10.03,10.83
08/01/2012,12.7,11.29,10.01,9.83,10.82
07/01/2012,12.38,10.8,9.68,9.66,10.83
06/01/2012,11.74,10.36,9.42,9.55,10.87
05/01/2012,10.96,9.99,9.23,9.4,10.92
04/01/2012,10.38,9.77,9.08,9.25,11.01
03/01/2012,9.88,9.51,8.99,9.21,11.09
02/01/2012,9.22,9.19,8.87,9.14,11.15
01/01/2012,8.99,9.07,8.87,9.16,11.27
12/01/2011,9.03,8.99,8.9,9.19,11.4
11/01/2011,9.16,8.86,9.1,9.22,11.54
10/01/2011,9.15,8.74,9.1,9.27,11.69
09/01/2011,9.16,8.56,9.1,9.26,11.82
08/01/2011,9.16,8.48,9.15,9.24,11.97
07/01/2011,8.96,8.46,9.1,9.22,12.08
06/01/2011,8.56,8.39,8.99,9.23,12.21
05/01/2011,8.32,8.47,9.06,9.27,12.35
04/01/2011,7.96,8.55,9.12,9.33,12.51
03/01/2011,7.81,8.67,9.2,9.5,12.67
02/01/2011,7.96,8.8,9.29,9.66,12.85
01/01/2011,8.21,9.34,9.4,9.85,13.02
12/01/2010,8.62,9.46,9.54,10.03,13.21
11/01/2010,9.15,9.64,9.61,10.21,13.42
10/01/2010,9.52,9.81,9.61,10.44,13.62
09/01/2010,9.64,9.73,9.61,10.64,13.79
08/01/2010,10.47,9.6,9.65,10.84,13.98
07/01/2010,10.3,9.65,9.67,11.05,14.18
06/01/2010,10.12,9.69,9.72,11.22,14.38
05/01/2010,10.11,9.73,9.91,11.37,14.57
04/01/2010,9.83,9.77,10.09,11.54,14.75
03/01/2010,8.73,9.45,10.1,11.62,14.87
02/01/2010,9.0,9.62,10.32,11.81,15.08
01/01/2010,9.26,9.59,10.5,11.99,15.27
12/01/2009,9.35,9.41,10.76,12.19,15.46
11/01/2009,9.71,9.48,11.1,12.44,15.67
10/01/2009,10.17,9.71,11.46,12.76,15.88
09/01/2009,10.24,9.68,11.75,12.98,16.02
08/01/2009,9.92,9.75,11.99,13.15,16.16
07/01/2009,9.48,10.1,12.19,13.38,16.3
06/01/2009,9.24,10.42,12.42,13.61,16.44
05/01/2009,9.25,10.75,12.71,13.86,16.58
04/01/2009,9.13,11.02,12.9,14.1,16.71
03/01/2009,9.58,11.41,13.19,14.38,16.89
02/01/2009,10.73,12.1,13.57,14.69,17.07
01/01/2009,11.59,12.72,13.92,14.94,17.25
12/01/2008,12.25,13.21,14.29,15.2,17.44
11/01/2008,12.9,13.81,14.62,15.44,17.59
10/01/2008,13.23,14.23,14.85,15.69,17.7
09/01/2008,13.48,14.28,15.02,15.84,17.75
08/01/2008,13.85,14.43,15.2,16.03,17.78
07/01/2008,14.16,14.67,15.42,16.2,17.81
06/01/2008,14.72,14.79,15.65,16.39,17.87
05/01/2008,15.22,14.98,15.87,16.63,17.88
04/01/2008,15.07,15.04,15.99,16.79,17.84
03/01/2008,15.0,15.11,16.05,16.94,17.78
02/01/2008,15.17,15.37,16.19,17.13,17.73
01/01/2008,14.86,15.44,16.25,17.31,17.66
12/01/2007,14.74,15.48,16.41,17.54,17.6
11/01/2007,15.01,15.76,16.62,17.77,17.55
10/01/2007,15.22,15.98,16.84,17.96,17.48
09/01/2007,15.57,16.17,16.96,18.12,17.38
08/01/2007,16.01,16.5,17.19,18.34,17.3
07/01/2007,16.22,16.77,17.45,18.55,17.22
06/01/2007,16.5,16.94,17.66,18.74,17.11
05/01/2007,16.73,16.99,17.85,18.91,17.01
04/01/2007,16.76,17.01,18.0,18.99,16.89
03/01/2007,17.0,17.07,18.24,19.07,16.76
02/01/2007,17.31,17.35,18.58,19.17,16.64
01/01/2007,17.37,17.48,18.78,19.22,16.5
12/01/2006,17.25,17.7,18.95,19.27,16.36
11/01/2006,17.26,17.75,19.09,19.29,16.19
10/01/2006,17.14,17.87,19.26,19.31,16.02
09/01/2006,17.38,18.14,19.44,19.39,15.86
08/01/2006,17.58,18.39,19.64,19.46,15.7
07/01/2006,18.15,18.72,19.87,19.56,15.54
06/01/2006,18.24,18.99,19.98,19.68,15.37
05/01/2006,18.6,19.42,20.07,19.73,15.2
04/01/2006,18.9,19.81,20.09,19.71,15.0
03/01/2006,19.19,20.08,20.1,19.67,14.8
02/01/2006,19.28,20.21,20.06,19.53,14.61
01/01/2006,19.74,20.44,20.06,19.43,14.43
12/01/2005,20.23,20.65,20.03,19.34,14.23
11/01/2005,20.71,20.75,20.01,19.13,14.01
10/01/2005,20.96,20.9,19.99,18.89,13.8
09/01/2005,21.13,21.03,19.99,18.62,13.58
08/01/2005,21.13,20.97,20.03,18.34,13.38
07/01/2005,21.07,20.72,19.89,18.01,13.16
06/01/2005,20.78,20.37,19.67,17.66,12.95
05/01/2005,20.83,20.12,19.47,17.34,12.78
04/01/2005,20.92,19.91,19.19,16.99,12.6
03/01/2005,20.82,19.69,18.93,16.64,12.41
02/01/2005,20.38,19.41,18.69,16.26,12.19
01/01/2005,19.95,19.28,18.32,15.9,11.99
12/01/2004,19.4,19.09,17.89,15.49,11.8
11/01/2004,18.9,18.95,17.42,15.12,11.6
10/01/2004,18.56,19.09,17.02,14.78,11.43
09/01/2004,18.44,19.05,16.66,14.44,11.3
08/01/2004,18.6,18.97,16.31,14.11,11.18
07/01/2004,18.77,18.83,15.95,13.78,11.08
06/01/2004,19.0,18.48,15.53,13.45,10.99
05/01/2004,19.61,18.18,15.12,13.09,10.88
04/01/2004,19.67,17.97,14.69,12.72,10.79
03/01/2004,19.34,17.37,14.2,12.34,10.67
02/01/2004,18.89,16.7,13.69,11.94,10.57
01/01/2004,17.95,15.89,13.2,11.52,10.48
12/01/2003,16.74,14.96,12.63,11.05,10.37
11/01/2003,16.27,14.26,12.13,10.66,10.32
10/01/2003,15.4,13.64,11.68,10.29,10.25
09/01/2003,14.51,13.06,11.25,9.93,10.17
08/01/2003,13.84,12.59,10.94,9.68,10.15
07/01/2003,13.17,12.06,10.54,9.43,10.11
06/01/2003,12.25,11.41,10.1,9.12,10.07
05/01/2003,11.89,11.04,9.82,8.9,10.08
04/01/2003,11.62,10.69,9.56,8.7,10.11
03/01/2003,11.34,10.51,9.34,8.54,10.15
02/01/2003,10.94,10.3,9.1,8.41,10.18
01/01/2003,10.57,10.0,8.86,8.31,10.24
12/01/2002,10.19,9.72,8.62,8.24,10.27
11/01/2002,9.75,9.44,8.37,8.23,10.29
10/01/2002,9.68,9.29,8.23,8.22,10.32
09/01/2002,9.65,9.03,8.11,8.18,10.33
08/01/2002,9.44,8.79,7.97,8.11,10.33
07/01/2002,9.25,8.61,7.83,8.09,10.32
06/01/2002,9.13,8.43,7.71,8.1,10.33
05/01/2002,8.89,8.17,7.56,8.07,10.32
04/01/2002,8.4,7.91,7.47,8.08,10.3
03/01/2002,8.14,7.72,7.47,8.17,10.3
02/01/2002,7.96,7.52,7.5,8.25,10.28
01/01/2002,7.73,7.29,7.62,8.38,10.25
12/01/2001,7.44,7.16,7.68,8.53,10.21
11/01/2001,7.41,7.19,7.75,8.67,10.2
10/01/2001,7.29,7.15,7.77,8.85,10.18
09/01/2001,7.08,7.05,7.84,8.99,10.16
08/01/2001,6.85,6.99,7.94,9.2,10.13
07/01/2001,6.88,6.95,8.02,9.43,10.11
06/01/2001,6.97,7.03,8.16,9.69,10.08
05/01/2001,7.01,7.21,8.39,9.98,10.07
04/01/2001,7.02,7.49,8.61,10.2,10.05
03/01/2001,7.13,7.94,8.93,10.42,10.04
02/01/2001,7.02,8.2,9.21,10.61,10.01
01/01/2001,7.09,8.32,9.42,10.79,9.98
12/01/2000,7.42,8.4,9.7,11.02,9.95
11/01/2000,7.96,8.62,9.97,11.27,9.92
10/01/2000,8.76,8.88,10.3,11.51,9.89
09/01/2000,9.38,9.1,10.67,11.75,9.85
08/01/2000,9.54,9.3,11.02,11.95,9.81
07/01/2000,9.37,9.57,11.36,12.17,9.74
06/01/2000,9.29,9.74,11.56,12.3,9.65
05/01/2000,9.01,9.91,11.65,12.35,9.55
04/01/2000,8.81,10.21,11.82,12.43,9.45
03/01/2000,9.05,10.52,12.02,12.48,9.37
02/01/2000,9.77,10.99,12.33,12.54,9.31
01/01/2000,10.18,11.31,12.59,12.55,9.23
12/01/1999,10.82,11.72,12.83,12.56,9.14
11/01/1999,11.62,12.25,13.08,12.57,9.07
10/01/1999,11.98,12.74,13.28,12.53,8.97
09/01/1999,12.22,13.16,13.47,12.42,8.85
08/01/1999,12.43,13.39,13.58,12.3,8.73
07/01/1999,12.62,13.39,13.57,12.13,8.59
06/01/1999,12.88,13.42,13.54,11.9,8.45
05/01/1999,13.5,13.53,13.45,11.72,8.32
04/01/1999,14.1,13.67,13.31,11.52,8.18
03/01/1999,14.34,13.88,13.17,11.32,8.05
02/01/1999,14.16,13.94,12.98,11.07,7.9
01/01/1999,13.96,13.9,12.73,10.79,7.74
12/01/1998,13.56,13.81,12.42,10.48,7.56
11/01/1998,13.24,13.77,12.06,10.16,7.37
10/01/1998,13.41,13.77,11.76,9.9,7.21
09/01/1998,13.71,13.75,11.5,9.67,0.0
08/01/1998,13.84,13.66,11.14,9.41,0.0
07/01/1998,14.07,13.38,10.81,9.17,0.0
06/01/1998,14.3,12.96,10.44,8.88,0.0
05/01/1998,14.12,12.47,10.04,8.56,0.0
04/01/1998,13.79,12.02,9.63,8.26,0.0
03/01/1998,13.48,11.55,9.23,7.96,0.0
02/01/1998,12.7,11.03,8.82,7.66,0.0
01/01/1998,11.61,10.34,8.35,7.3,0.0
12/01/1997,10.82,9.75,7.96,7.01,0.0
11/01/1997,10.24,9.24,7.63,6.75,0.0
10/01/1997,9.62,8.63,7.29,6.47,0.0
09/01/1997,9.36,8.24,7.06,6.27,0.0
08/01/1997,9.08,7.92,6.84,6.08,0.0
07/01/1997,8.69,7.6,6.61,5.9,0.0
06/01/1997,8.24,7.25,6.38,5.73,0.0
05/01/1997,7.63,6.91,6.16,5.56,0.0
04/01/1997,7.12,6.61,5.98,5.41,0.0
03/01/1997,6.77,6.35,5.78,5.27,0.0
02/01/1997,6.52,6.17,5.63,5.17,0.0
01/01/1997,6.26,6.01,5.5,5.06,0.0
12/01/1996,6.18,5.95,5.39,4.99,0.0
11/01/1996,6.09,5.89,5.28,4.92,0.0
10/01/1996,5.93,5.75,5.16,4.84,0.0
09/01/1996,5.82,5.61,5.05,4.78,0.0
08/01/1996,5.77,5.52,4.97,4.73,0.0
07/01/1996,5.72,5.42,4.89,4.69,0.0
06/01/1996,5.68,5.36,4.82,4.64,0.0
05/01/1996,5.57,5.22,4.73,4.58,0.0
04/01/1996,5.39,5.09,4.66,4.53,0.0
03/01/1996,5.27,4.99,4.58,0.0,0.0
02/01/1996,5.11,4.83,4.52,0.0,0.0
01/01/1996,5.04,4.68,4.43,0.0,0.0
12/01/1995,4.87,4.57,4.38,0.0,0.0
11/01/1995,4.8,4.49,4.36,0.0,0.0
10/01/1995,4.71,4.42,4.34,0.0,0.0
09/01/1995,4.55,4.37,4.33,0.0,0.0
08/01/1995,4.31,4.27,4.28,0.0,0.0
07/01/1995,4.27,4.25,4.27,0.0,0.0
06/01/1995,4.18,4.23,4.25,0.0,0.0
05/01/1995,4.13,4.18,0.0,0.0,0.0
04/01/1995,4.19,4.2,0.0,0.0,0.0
03/01/1995,4.23,4.19,0.0,0.0,0.0
02/01/1995,4.23,4.2,0.0,0.0,0.0
01/01/1995,4.28,4.24,0.0,0.0,0.0
12/01/1994,4.22,4.26,0.0,0.0,0.0
11/01/1994,4.21,4.28,0.0,0.0,0.0
10/01/1994,4.14,4.29,0.0,0.0,0.0
09/01/1994,4.17,4.29,0.0,0.0,0.0
08/01/1994,4.2,4.26,0.0,0.0,0.0
07/01/1994,4.31,0.0,0.0,0.0,0.0
06/01/1994,4.36,0.0,0.0,0.0,0.0
05/01/1994,4.43,0.0,0.0,0.0,0.0
04/01/1994,4.41,0.0,0.0,0.0,0.0
03/01/1994,4.32,0.0,0.0,0.0,0.0
02/01/1994,0.0,0.0,0.0,0.0,0.0
01/01/1994,0.0,0.0,0.0,0.0,0.0
12/01/1993,0.0,0.0,0.0,0.0,0.0
11/01/1993,0.0,0.0,0.0,0.0,0.0
