12/01/2022,10.29,10.19,0.0,0.0,0.0
11/01/2022,10.26,10.16,0.0,0.0,0.0
10/01/2022,10.24,10.14,0.0,0.0,0.0
09/01/2022,10.22,10.12,0.0,0.0,0.0
08/01/2022,10.18,10.09,0.0,0.0,0.0
07/01/2022,10.09,10.04,0.0,0.0,0.0
06/01/2022,10.06,10.03,0.0,0.0,0.0
05/01/2022,10.04,9.99,0.0,0.0,0.0
04/01/2022,10.03,0.0,0.0,0.0,0.0
03/01/2022,10.01,0.0,0.0,0.0,0.0
02/01/2022,10.0,0.0,0.0,0.0,0.0
01/01/2022,9.99,0.0,0.0,0.0,0.0
12/01/2021,9.94,0.0,0.0,0.0,0.0
11/01/2021,0.0,0.0,0.0,0.0,0.0
10/01/2021,0.0,0.0,0.0,0.0,0.0
09/01/2021,0.0,0.0,0.0,0.0,0.0
08/01/2021,0.0,0.0,0.0,0.0,0.0
