12/01/2022,94.42,89.37,88.74,87.88,75.19
11/01/2022,93.01,88.08,88.61,87.13,74.44
10/01/2022,88.03,86.58,88.02,86.17,73.6
09/01/2022,86.74,87.22,87.28,85.23,72.91
08/01/2022,86.66,87.99,87.23,84.44,72.38
07/01/2022,84.31,87.4,87.12,83.47,71.64
06/01/2022,83.15,86.12,87.0,82.83,71.0
05/01/2022,85.12,86.48,87.29,82.77,70.6
04/01/2022,87.7,86.33,87.03,82.29,70.03
03/01/2022,89.33,86.91,87.12,81.94,69.53
02/01/2022,90.48,88.12,87.13,81.52,69.09
01/01/2022,89.1,89.14,86.66,80.96,68.56
12/01/2021,87.84,89.47,85.96,80.26,67.96
11/01/2021,84.95,87.33,84.23,78.93,67.17
10/01/2021,84.48,86.47,82.66,77.68,66.54
09/01/2021,85.75,86.83,81.5,76.8,65.88
08/01/2021,89.19,87.87,81.19,76.14,65.48
07/01/2021,91.1,88.11,80.91,75.33,65.01
06/01/2021,89.71,87.73,80.27,74.35,64.48
05/01/2021,88.47,87.34,79.46,73.35,63.83
04/01/2021,87.92,86.15,78.22,72.43,63.11
03/01/2021,86.55,84.17,76.86,71.31,62.37
02/01/2021,85.11,82.46,75.66,70.41,61.63
01/01/2021,85.75,81.14,74.74,70.01,60.98
12/01/2020,86.21,78.84,73.29,69.41,60.26
11/01/2020,84.38,76.17,71.78,68.32,59.48
10/01/2020,81.79,74.51,70.28,67.04,58.8
09/01/2020,79.81,73.72,68.94,65.83,58.15
08/01/2020,76.52,72.81,67.66,64.66,57.47
07/01/2020,71.47,71.57,66.36,63.49,56.78
06/01/2020,67.97,70.3,65.58,62.51,56.21
05/01/2020,67.23,69.56,64.88,61.75,55.77
04/01/2020,67.63,68.86,64.39,61.03,55.36
03/01/2020,69.09,68.33,64.45,60.59,55.04
02/01/2020,71.68,67.73,64.69,60.32,54.85
01/01/2020,72.62,67.39,64.4,59.82,54.63
12/01/2019,71.88,66.06,63.31,59.17,54.23
11/01/2019,70.09,64.17,61.88,58.42,53.8
10/01/2019,67.57,62.51,60.58,57.77,53.37
09/01/2019,63.79,61.14,59.45,57.11,52.91
08/01/2019,62.16,60.86,58.62,56.65,52.53
07/01/2019,60.23,60.21,57.85,56.17,52.19
06/01/2019,58.24,59.92,57.11,55.65,51.79
05/01/2019,57.45,60.56,56.72,55.41,51.55
04/01/2019,58.5,61.64,56.61,55.39,51.37
03/01/2019,59.56,61.41,56.03,54.95,51.07
02/01/2019,60.19,60.56,55.72,54.81,50.8
01/01/2019,61.6,59.6,55.55,54.7,50.53
12/01/2018,63.67,58.65,55.41,54.6,50.24
11/01/2018,64.79,57.75,55.1,54.31,49.95
10/01/2018,63.26,56.37,54.55,53.78,49.52
09/01/2018,60.93,55.5,54.16,53.43,49.14
08/01/2018,57.6,54.3,53.52,52.84,48.66
07/01/2018,53.63,52.89,52.84,51.95,48.1
06/01/2018,50.71,51.58,52.27,51.12,47.62
05/01/2018,49.49,50.65,51.73,50.64,47.18
04/01/2018,50.07,50.88,51.94,50.56,46.91
03/01/2018,51.01,51.51,52.25,50.47,46.64
02/01/2018,52.14,52.17,52.58,50.28,46.37
01/01/2018,52.45,52.44,52.59,50.08,46.05
12/01/2017,51.81,52.73,52.49,49.9,45.7
11/01/2017,51.7,52.81,52.39,49.79,45.32
10/01/2017,52.01,52.74,52.11,49.69,44.92
09/01/2017,52.19,52.79,51.49,49.5,44.47
08/01/2017,52.44,52.95,50.88,49.38,44.09
07/01/2017,53.65,52.81,50.64,49.44,43.73
06/01/2017,53.93,52.99,50.39,49.3,43.31
05/01/2017,53.47,52.99,49.95,49.18,42.85
04/01/2017,53.39,52.99,49.33,48.96,42.39
03/01/2017,53.46,52.73,48.9,48.72,41.96
02/01/2017,51.97,52.25,48.49,48.41,41.48
01/01/2017,52.05,51.97,48.27,48.2,40.99
12/01/2016,52.51,51.48,48.16,47.93,40.53
11/01/2016,52.59,50.18,47.85,47.68,40.04
10/01/2016,52.0,48.82,47.6,47.35,39.56
09/01/2016,52.53,48.47,47.75,47.19,39.14
08/01/2016,51.89,47.79,47.46,46.79,38.55
07/01/2016,50.45,46.91,47.27,46.37,37.99
06/01/2016,47.77,45.67,46.94,45.88,37.44
05/01/2016,45.63,45.06,46.71,45.6,36.99
04/01/2016,44.4,44.73,46.49,45.25,36.55
03/01/2016,43.69,44.58,46.32,44.85,36.09
02/01/2016,43.37,44.85,46.16,44.48,35.7
01/01/2016,43.58,45.52,46.43,44.25,35.4
12/01/2015,44.5,46.39,46.62,44.12,35.14
11/01/2015,45.06,47.04,46.55,43.72,34.77
10/01/2015,45.46,47.13,46.29,43.26,34.33
09/01/2015,46.32,47.63,46.1,42.81,33.92
08/01/2015,47.45,48.21,45.99,42.47,33.55
07/01/2015,48.28,48.35,45.87,42.02,33.1
06/01/2015,49.02,48.24,45.51,41.5,32.63
05/01/2015,48.79,48.06,44.99,40.84,32.11
04/01/2015,48.93,47.47,44.3,40.14,31.61
03/01/2015,48.96,47.34,43.62,39.45,31.19
02/01/2015,48.42,46.85,42.99,38.8,30.74
01/01/2015,47.47,46.06,42.06,38.03,30.22
12/01/2014,47.32,45.46,41.32,37.32,29.73
11/01/2014,46.02,44.57,40.4,36.53,29.23
10/01/2014,45.71,43.77,39.6,35.82,28.76
09/01/2014,45.27,43.39,38.85,35.2,28.3
08/01/2014,44.64,42.77,38.13,34.54,27.84
07/01/2014,43.59,41.93,37.24,33.77,27.33
06/01/2014,43.12,41.13,36.48,33.13,26.86
05/01/2014,41.82,39.91,35.5,32.41,26.32
04/01/2014,41.51,39.13,34.78,31.76,25.86
03/01/2014,40.9,38.06,34.01,31.09,25.38
02/01/2014,40.27,37.19,33.25,30.32,24.89
01/01/2014,39.14,36.24,32.51,29.62,24.38
12/01/2013,38.0,35.43,31.85,29.0,23.92
11/01/2013,36.75,34.32,31.1,28.38,23.45
10/01/2013,35.22,33.48,30.43,27.84,22.99
09/01/2013,34.1,32.55,29.69,27.34,22.58
08/01/2013,33.34,31.83,29.13,26.92,22.3
07/01/2013,32.86,31.09,28.66,26.55,22.09
06/01/2013,31.89,30.42,28.08,26.16,21.85
05/01/2013,31.75,29.97,27.6,25.83,21.66
04/01/2013,30.99,29.31,26.88,25.41,21.52
03/01/2013,30.31,28.79,26.3,25.02,21.35
02/01/2013,29.33,28.27,25.78,24.63,21.17
01/01/2013,28.96,27.88,25.41,24.18,21.01
12/01/2012,28.2,27.38,25.02,23.77,20.85
11/01/2012,27.62,26.83,24.73,23.38,20.7
10/01/2012,27.26,26.43,24.47,23.08,20.54
09/01/2012,27.2,26.22,24.28,22.92,20.45
08/01/2012,26.81,25.73,24.03,22.68,20.37
07/01/2012,26.56,25.23,23.76,22.41,20.29
06/01/2012,26.04,24.45,23.46,22.15,20.24
05/01/2012,25.6,23.82,23.14,21.92,20.17
04/01/2012,25.24,23.29,22.81,21.7,20.11
03/01/2012,24.65,22.94,22.33,21.4,20.03
02/01/2012,23.9,22.67,21.96,21.14,19.97
01/01/2012,22.87,22.63,21.66,20.89,19.97
12/01/2011,22.03,22.5,21.4,20.59,19.94
11/01/2011,21.34,22.34,21.27,20.24,19.88
10/01/2011,21.22,22.32,21.16,19.96,19.82
09/01/2011,21.43,22.29,21.0,19.67,19.76
08/01/2011,22.39,22.47,21.0,19.47,19.77
07/01/2011,22.97,22.45,20.97,19.14,19.73
06/01/2011,23.34,22.34,20.9,18.85,19.69
05/01/2011,23.43,21.72,20.63,18.52,19.61
04/01/2011,23.15,21.25,20.38,18.14,19.53
03/01/2011,22.54,20.69,20.02,17.83,19.44
02/01/2011,21.94,20.29,19.63,17.68,19.35
01/01/2011,21.33,20.2,19.18,17.64,19.27
12/01/2010,20.02,20.0,18.78,17.54,19.19
11/01/2010,19.36,19.71,18.36,17.49,19.11
10/01/2010,18.83,19.53,17.98,17.62,19.08
09/01/2010,18.65,19.49,17.48,17.68,19.05
08/01/2010,19.08,19.46,17.1,17.71,19.02
07/01/2010,19.97,19.53,16.92,17.84,19.05
06/01/2010,20.06,19.51,16.58,17.94,19.05
05/01/2010,20.24,19.35,16.4,18.02,19.06
04/01/2010,20.34,18.97,16.38,18.0,19.02
03/01/2010,19.84,18.16,16.35,17.98,18.94
02/01/2010,19.1,17.56,16.31,18.06,18.89
01/01/2010,18.95,17.02,16.38,18.18,18.88
12/01/2009,18.46,16.42,16.67,18.34,18.87
11/01/2009,17.59,15.47,16.77,18.43,18.86
10/01/2009,16.48,14.74,16.84,18.53,18.84
09/01/2009,16.02,14.31,17.0,18.65,18.84
08/01/2009,15.08,13.66,17.16,18.81,18.82
07/01/2009,14.37,13.45,17.36,19.04,18.82
06/01/2009,13.35,13.79,17.51,19.29,18.8
05/01/2009,13.0,14.54,17.88,19.52,18.82
04/01/2009,12.6,15.06,18.31,19.68,18.81
03/01/2009,12.23,15.74,18.75,19.85,18.83
02/01/2009,12.53,16.92,19.29,20.06,18.89
01/01/2009,14.23,18.07,19.91,20.33,18.98
12/01/2008,16.08,18.93,20.43,20.54,19.06
11/01/2008,17.53,19.69,20.83,20.7,19.11
10/01/2008,19.25,20.66,21.38,20.92,19.17
09/01/2008,21.31,21.27,21.84,21.06,19.17
08/01/2008,21.91,21.24,22.04,21.01,19.06
07/01/2008,21.77,21.22,22.0,20.9,18.93
06/01/2008,21.86,21.57,21.98,20.84,18.82
05/01/2008,22.06,21.77,21.91,20.74,18.71
04/01/2008,21.22,21.67,21.63,20.54,18.51
03/01/2008,20.57,21.75,21.46,20.41,18.34
02/01/2008,20.67,21.93,21.35,20.33,18.17
01/01/2008,21.27,21.96,21.2,20.26,17.99
12/01/2007,21.47,22.11,21.05,20.17,17.81
11/01/2007,22.12,22.42,20.96,20.1,17.73
10/01/2007,22.93,22.84,20.9,20.05,17.66
09/01/2007,23.19,22.78,20.73,19.91,17.56
08/01/2007,22.65,22.4,20.48,19.72,17.39
07/01/2007,22.74,22.05,20.22,19.59,17.27
06/01/2007,22.72,21.6,19.97,19.4,17.12
05/01/2007,22.74,21.17,19.75,19.28,16.99
04/01/2007,22.38,20.77,19.53,19.14,16.87
03/01/2007,22.16,20.45,19.42,19.02,16.8
02/01/2007,21.37,20.0,19.2,18.84,16.67
01/01/2007,20.49,19.5,18.94,18.59,16.56
12/01/2006,19.6,18.97,18.66,18.31,16.42
11/01/2006,19.17,18.69,18.48,18.12,16.31
10/01/2006,18.74,18.56,18.38,17.94,16.21
09/01/2006,18.63,18.38,18.36,17.81,16.09
08/01/2006,18.52,18.34,18.3,17.72,15.93
07/01/2006,18.34,18.32,18.34,17.64,15.8
06/01/2006,18.2,18.29,18.33,17.58,15.64
05/01/2006,18.38,18.39,18.31,17.53,15.5
04/01/2006,18.13,18.4,18.26,17.41,15.32
03/01/2006,18.17,18.38,18.13,17.28,15.18
02/01/2006,18.31,18.35,17.98,17.11,15.05
01/01/2006,18.38,18.27,17.84,16.97,14.9
12/01/2005,18.39,18.21,17.63,16.81,14.74
11/01/2005,18.66,18.34,17.52,16.69,14.59
10/01/2005,18.6,18.25,17.41,16.48,14.44
09/01/2005,18.39,18.35,17.3,16.27,14.28
08/01/2005,18.16,18.36,17.22,16.01,14.12
07/01/2005,18.03,18.23,17.1,15.71,13.97
06/01/2005,18.02,18.12,16.92,15.45,13.81
05/01/2005,17.9,17.87,16.72,15.35,13.67
04/01/2005,18.31,17.62,16.5,15.28,13.54
03/01/2005,18.56,17.41,16.32,15.2,13.43
02/01/2005,18.43,17.06,16.11,15.06,13.3
01/01/2005,18.21,16.69,15.86,14.95,13.16
12/01/2004,17.85,16.58,15.6,14.84,13.03
11/01/2004,16.93,16.24,15.23,14.69,12.88
10/01/2004,16.27,16.08,14.83,14.6,12.76
09/01/2004,15.68,15.96,14.45,14.58,12.67
08/01/2004,15.17,15.71,14.12,14.51,12.58
07/01/2004,15.32,15.58,14.09,14.54,12.54
06/01/2004,15.55,15.38,14.11,14.53,12.53
05/01/2004,15.89,15.22,14.1,14.5,12.51
04/01/2004,16.24,15.16,14.07,14.47,12.5
03/01/2004,16.25,15.02,14.08,14.37,12.48
02/01/2004,15.84,14.61,13.96,14.14,12.43
01/01/2004,15.2,14.23,13.92,13.96,12.39
12/01/2003,14.55,13.59,13.86,13.71,12.34
11/01/2003,14.07,12.94,13.88,13.47,12.34
10/01/2003,13.79,12.52,13.9,13.24,12.36
09/01/2003,13.39,12.6,14.02,13.07,12.4
08/01/2003,13.25,12.83,14.1,12.98,12.42
07/01/2003,12.62,12.98,14.14,12.83,12.41
06/01/2003,11.81,12.97,14.13,12.67,12.44
05/01/2003,11.24,13.13,14.05,12.5,12.48
04/01/2003,11.81,13.32,13.9,12.4,12.54
03/01/2003,12.42,13.61,13.83,12.28,12.6
02/01/2003,13.33,14.13,13.77,12.24,12.7
01/01/2003,14.14,14.82,13.73,12.22,12.8
12/01/2002,15.01,15.29,13.6,12.17,12.87
11/01/2002,14.82,15.43,13.31,12.0,12.85
10/01/2002,14.79,15.37,13.05,11.81,12.84
09/01/2002,14.93,15.31,12.76,11.65,12.82
08/01/2002,15.51,15.28,12.52,11.55,12.84
07/01/2002,15.56,14.97,12.18,11.37,12.83
06/01/2002,16.04,14.48,11.93,11.23,12.85
05/01/2002,15.94,14.06,11.62,11.06,12.82
04/01/2002,15.68,13.41,11.29,10.93,12.78
03/01/2002,15.06,12.64,10.92,10.76,12.71
02/01/2002,14.38,11.91,10.61,10.65,12.65
01/01/2002,12.93,11.19,10.29,10.54,12.58
12/01/2001,12.18,10.74,10.03,10.53,12.56
11/01/2001,11.14,10.21,9.82,10.53,12.53
10/01/2001,10.22,9.75,9.68,10.53,12.51
09/01/2001,9.44,9.39,9.57,10.59,12.51
08/01/2001,9.46,9.39,9.61,10.72,12.55
07/01/2001,9.3,9.18,9.57,10.81,12.56
06/01/2001,9.28,9.16,9.69,10.98,12.58
05/01/2001,9.28,9.2,9.83,11.21,12.61
04/01/2001,9.34,9.32,10.02,11.48,12.67
03/01/2001,9.31,9.38,10.21,11.72,12.69
02/01/2001,9.06,9.33,10.43,11.86,12.71
01/01/2001,9.04,9.42,10.68,11.99,12.73
12/01/2000,9.11,9.6,10.91,12.21,12.75
11/01/2000,9.29,9.74,11.19,12.46,12.79
10/01/2000,9.44,9.83,11.39,12.68,12.83
09/01/2000,9.6,9.95,11.63,12.92,12.87
08/01/2000,9.8,10.21,11.89,13.17,12.9
07/01/2000,10.09,10.45,12.21,13.38,12.92
06/01/2000,10.19,10.73,12.56,13.57,12.96
05/01/2000,10.21,11.05,12.89,13.7,12.97
04/01/2000,10.3,11.53,13.13,13.87,12.99
03/01/2000,10.63,11.94,13.27,14.0,13.0
02/01/2000,10.81,12.23,13.52,14.13,13.0
01/01/2000,11.26,12.64,13.82,14.3,13.0
12/01/1999,11.88,12.95,14.11,14.46,13.0
11/01/1999,12.76,13.31,14.41,14.57,13.0
10/01/1999,13.25,13.56,14.65,14.64,12.97
09/01/1999,13.64,13.97,14.85,14.65,12.94
08/01/1999,14.01,14.39,14.99,14.65,12.9
07/01/1999,14.01,14.74,15.03,14.63,12.84
06/01/1999,13.85,14.72,15.04,14.59,12.75
05/01/1999,13.87,14.61,15.02,14.53,12.67
04/01/1999,14.3,14.81,15.08,14.5,12.6
03/01/1999,14.76,15.0,15.13,14.43,12.52
02/01/1999,15.46,15.27,15.22,14.38,12.47
01/01/1999,15.59,15.51,15.2,14.3,12.4
12/01/1998,15.34,15.74,15.18,14.18,12.34
11/01/1998,15.31,15.73,14.99,14.02,12.22
10/01/1998,15.23,15.58,14.77,13.87,12.1
09/01/1998,15.07,15.32,14.57,13.67,11.98
08/01/1998,15.42,15.36,14.53,13.55,11.89
07/01/1998,16.14,15.44,14.49,13.46,11.82
06/01/1998,16.14,15.36,14.35,13.28,11.72
05/01/1998,15.93,15.26,14.15,13.13,11.59
04/01/1998,15.56,15.17,13.94,12.99,11.48
03/01/1998,15.29,14.89,13.7,12.81,11.38
02/01/1998,14.74,14.62,13.4,12.62,11.27
01/01/1998,14.59,14.25,13.16,12.46,11.16
12/01/1997,14.59,13.97,13.01,12.35,11.06
11/01/1997,14.77,13.83,12.85,12.24,10.97
10/01/1997,14.49,13.7,12.65,12.11,10.88
09/01/1997,14.49,13.53,12.47,12.01,10.78
08/01/1997,13.92,13.33,12.24,11.87,10.67
07/01/1997,13.34,13.04,12.06,11.71,10.55
06/01/1997,12.89,12.72,11.9,11.54,10.43
05/01/1997,12.91,12.52,11.77,11.44,10.34
04/01/1997,12.58,12.19,11.63,11.29,10.24
03/01/1997,12.74,12.07,11.57,11.22,10.16
02/01/1997,12.74,12.05,11.54,11.16,10.08
01/01/1997,12.54,11.86,11.45,11.05,9.99
12/01/1996,12.13,11.6,11.32,10.91,9.89
11/01/1996,11.8,11.41,11.25,10.81,9.81
10/01/1996,11.41,11.14,11.14,10.69,9.7
09/01/1996,11.36,11.09,11.04,10.61,9.61
08/01/1996,11.18,11.08,10.96,10.55,9.52
07/01/1996,11.07,11.02,10.9,10.51,9.45
06/01/1996,11.02,11.06,10.84,10.49,9.39
05/01/1996,10.88,11.06,10.8,10.43,9.33
04/01/1996,10.82,11.03,10.71,10.34,9.25
03/01/1996,10.99,11.03,10.64,10.29,9.19
02/01/1996,10.97,11.04,10.57,10.23,9.12
01/01/1996,11.1,11.09,10.51,10.19,9.06
12/01/1995,11.25,11.14,10.47,10.15,8.98
11/01/1995,11.23,10.99,10.37,10.05,8.89
10/01/1995,11.08,10.83,10.28,9.98,8.77
09/01/1995,11.11,10.77,10.25,9.94,8.66
08/01/1995,11.08,10.62,10.2,9.91,8.54
07/01/1995,11.03,10.53,10.11,9.85,8.43
06/01/1995,10.76,10.4,9.99,9.77,8.33
05/01/1995,10.59,10.25,9.91,9.71,8.23
04/01/1995,10.43,10.1,9.83,9.64,8.14
03/01/1995,10.17,9.92,9.74,9.55,8.04
02/01/1995,10.03,9.8,9.66,9.46,0.0
01/01/1995,10.04,9.74,9.58,9.39,0.0
12/01/1994,9.92,9.73,9.55,9.32,0.0
11/01/1994,9.77,9.73,9.53,9.25,0.0
10/01/1994,9.68,9.78,9.55,9.18,0.0
09/01/1994,9.57,9.68,9.51,9.1,0.0
08/01/1994,9.43,9.58,9.45,9.0,0.0
07/01/1994,9.54,9.57,9.44,8.94,0.0
06/01/1994,9.68,9.56,9.41,8.87,0.0
05/01/1994,9.89,9.55,9.36,8.82,0.0
04/01/1994,9.8,9.52,9.3,8.71,0.0
03/01/1994,9.73,9.43,9.22,8.61,0.0
02/01/1994,9.61,9.38,9.12,8.5,0.0
01/01/1994,9.45,9.34,9.01,8.39,0.0
12/01/1993,9.21,9.32,8.88,8.29,0.0
11/01/1993,9.23,9.33,8.8,8.23,0.0
10/01/1993,9.13,9.32,8.71,8.17,0.0
09/01/1993,9.15,9.3,8.62,8.09,0.0
08/01/1993,9.23,9.25,8.52,8.0,0.0
07/01/1993,9.43,9.18,8.46,7.93,0.0
06/01/1993,9.43,9.08,8.31,7.81,0.0
05/01/1993,9.52,9.02,8.2,7.72,0.0
04/01/1993,9.44,8.85,8.05,7.56,0.0
03/01/1993,9.27,8.67,7.92,7.39,0.0
02/01/1993,8.93,8.44,7.78,7.18,0.0
01/01/1993,8.73,8.28,7.68,7.02,0.0
12/01/1992,8.51,8.09,7.6,6.89,0.0
11/01/1992,8.25,7.94,7.48,6.76,0.0
10/01/1992,8.07,7.79,7.38,6.64,0.0
09/01/1992,7.96,7.73,7.3,6.53,0.0
08/01/1992,7.82,7.53,7.18,0.0,0.0
07/01/1992,7.68,7.38,7.07,0.0,0.0
06/01/1992,7.62,7.26,6.92,0.0,0.0
05/01/1992,7.51,7.17,6.74,0.0,0.0
04/01/1992,7.51,7.12,6.55,0.0,0.0
03/01/1992,7.25,7.09,6.39,0.0,0.0
02/01/1992,7.08,7.1,6.29,0.0,0.0
01/01/1992,6.89,7.02,6.17,0.0,0.0
12/01/1991,6.83,6.97,6.07,0.0,0.0
11/01/1991,6.72,6.87,5.92,0.0,0.0
10/01/1991,6.93,6.83,0.0,0.0,0.0
09/01/1991,7.11,6.76,0.0,0.0,0.0
08/01/1991,7.15,6.59,0.0,0.0,0.0
07/01/1991,7.11,6.32,0.0,0.0,0.0
06/01/1991,7.02,5.99,0.0,0.0,0.0
05/01/1991,6.74,5.7,0.0,0.0,0.0
04/01/1991,6.41,5.48,0.0,0.0,0.0
03/01/1991,6.02,5.33,0.0,0.0,0.0
02/01/1991,5.53,5.17,0.0,0.0,0.0
01/01/1991,4.95,4.97,0.0,0.0,0.0
12/01/1990,4.66,0.0,0.0,0.0,0.0
11/01/1990,4.54,0.0,0.0,0.0,0.0
10/01/1990,4.63,0.0,0.0,0.0,0.0
09/01/1990,4.81,0.0,0.0,0.0,0.0
08/01/1990,5.0,0.0,0.0,0.0,0.0
07/01/1990,0.0,0.0,0.0,0.0,0.0
06/01/1990,0.0,0.0,0.0,0.0,0.0
05/01/1990,0.0,0.0,0.0,0.0,0.0
04/01/1990,0.0,0.0,0.0,0.0,0.0
