12/01/2022,30.26,31.39,34.85,34.8,30.01
11/01/2022,30.68,31.75,35.05,34.86,29.86
10/01/2022,29.89,32.01,35.11,34.8,29.67
09/01/2022,30.04,32.93,35.22,34.76,29.53
08/01/2022,31.71,34.45,35.65,34.69,29.44
07/01/2022,32.52,35.52,35.92,34.72,29.27
06/01/2022,32.83,36.24,35.96,34.67,29.05
05/01/2022,34.13,37.41,36.22,34.72,28.87
04/01/2022,35.81,38.25,36.37,34.64,28.63
03/01/2022,37.19,38.29,36.44,34.48,28.33
02/01/2022,38.52,38.3,36.51,34.31,28.01
01/01/2022,39.66,38.35,36.41,34.08,27.69
12/01/2021,40.69,38.21,36.2,33.77,27.35
11/01/2021,40.69,37.52,35.68,33.28,26.9
10/01/2021,39.4,36.85,34.8,32.7,26.44
09/01/2021,38.08,36.31,34.32,32.21,25.99
08/01/2021,37.05,35.67,33.89,31.65,25.57
07/01/2021,35.74,35.02,33.37,31.09,25.13
06/01/2021,34.34,34.5,32.83,30.48,24.7
05/01/2021,34.29,34.59,32.58,30.04,24.33
04/01/2021,34.54,34.72,32.32,29.6,23.97
03/01/2021,34.29,34.47,31.95,29.12,23.61
02/01/2021,34.31,34.18,31.55,28.69,23.25
01/01/2021,34.65,33.83,31.17,28.3,22.88
12/01/2020,34.88,32.76,30.63,27.9,22.49
11/01/2020,34.89,32.34,30.15,27.49,22.09
10/01/2020,34.64,32.1,29.64,27.14,21.73
09/01/2020,34.06,31.72,29.12,26.72,21.36
08/01/2020,33.01,31.16,28.48,26.21,20.96
07/01/2020,30.64,30.57,27.76,25.68,20.55
06/01/2020,29.78,29.92,27.04,25.21,20.14
05/01/2020,29.56,29.43,26.45,24.86,19.79
04/01/2020,29.39,28.92,25.94,24.54,19.46
03/01/2020,29.31,28.5,25.53,24.31,19.14
02/01/2020,30.5,28.51,25.46,24.19,18.9
01/01/2020,30.05,27.97,25.07,23.82,18.55
12/01/2019,29.3,27.18,24.67,23.43,18.18
11/01/2019,28.45,26.52,24.22,23.02,17.83
10/01/2019,27.7,25.79,23.73,22.62,17.5
09/01/2019,26.52,24.95,23.24,22.17,17.16
08/01/2019,25.89,24.17,22.86,21.72,16.83
07/01/2019,25.06,23.47,22.57,21.3,16.55
06/01/2019,24.59,22.97,22.35,20.92,16.28
05/01/2019,23.89,22.57,22.21,20.52,16.02
04/01/2019,23.39,22.42,22.03,20.17,15.78
03/01/2019,22.45,22.17,21.74,19.78,15.51
02/01/2019,21.88,22.15,21.55,19.5,15.29
01/01/2019,21.35,21.91,21.27,19.17,15.07
12/01/2018,21.24,21.66,21.04,18.92,14.87
11/01/2018,21.45,21.52,20.78,18.63,14.67
10/01/2018,21.89,21.54,20.49,18.35,14.46
09/01/2018,22.41,21.67,20.22,18.09,14.26
08/01/2018,22.48,21.74,19.9,17.8,14.05
07/01/2018,22.08,21.86,19.5,17.47,13.82
06/01/2018,21.6,21.65,19.05,17.08,13.57
05/01/2018,21.19,21.31,18.59,16.69,13.29
04/01/2018,20.94,20.95,18.17,16.32,13.02
03/01/2018,20.99,20.62,17.79,15.99,12.78
02/01/2018,21.64,20.41,17.55,15.72,12.58
01/01/2018,21.69,20.04,17.18,15.42,12.36
12/01/2017,21.43,19.44,16.75,15.08,12.12
11/01/2017,20.95,18.77,16.3,14.73,11.88
10/01/2017,20.24,18.06,15.84,14.39,11.64
09/01/2017,19.19,17.15,15.27,13.97,11.38
08/01/2017,18.38,16.45,14.8,13.62,11.15
07/01/2017,17.46,15.87,14.38,13.29,10.91
06/01/2017,16.58,15.39,14.01,12.94,10.68
05/01/2017,15.88,14.97,13.68,12.64,10.47
04/01/2017,15.11,14.69,13.37,12.37,10.27
03/01/2017,14.53,14.32,13.11,12.15,10.11
02/01/2017,14.28,14.06,12.9,11.95,9.97
01/01/2017,14.21,13.83,12.71,11.79,9.82
12/01/2016,14.06,13.61,12.55,11.64,9.67
11/01/2016,14.26,13.39,12.37,11.51,9.52
10/01/2016,14.11,13.14,12.2,11.38,9.38
09/01/2016,13.84,12.9,12.0,11.24,9.24
08/01/2016,13.45,12.62,11.71,11.08,9.08
07/01/2016,13.16,12.39,11.47,10.98,8.95
06/01/2016,12.53,12.06,11.22,10.82,8.83
05/01/2016,12.17,11.89,11.07,10.71,8.75
04/01/2016,11.95,11.73,10.89,10.57,8.66
03/01/2016,11.8,11.59,10.77,10.42,8.58
02/01/2016,11.62,11.48,10.65,10.3,8.49
01/01/2016,11.59,11.35,10.56,10.18,8.42
12/01/2015,11.62,11.26,10.5,10.06,8.37
11/01/2015,11.51,11.1,10.41,9.89,8.3
10/01/2015,11.39,10.8,10.31,9.72,8.22
09/01/2015,11.35,10.56,10.28,9.57,8.16
08/01/2015,11.11,10.37,10.2,9.44,8.1
07/01/2015,10.89,10.24,10.12,9.3,8.03
06/01/2015,10.69,10.05,9.99,9.15,7.98
05/01/2015,10.2,9.95,9.84,9.04,7.92
04/01/2015,9.77,9.82,9.71,8.9,7.87
03/01/2015,9.63,9.77,9.59,8.79,7.87
02/01/2015,9.58,9.75,9.46,8.68,7.86
01/01/2015,9.41,9.71,9.28,8.53,7.85
12/01/2014,9.7,9.83,9.18,8.42,7.85
11/01/2014,9.88,9.99,9.08,8.3,7.85
10/01/2014,9.91,10.03,8.98,8.17,7.83
09/01/2014,9.91,10.0,8.83,8.08,7.81
08/01/2014,10.01,9.93,8.71,7.99,7.8
07/01/2014,9.96,9.72,8.58,7.84,7.77
06/01/2014,10.11,9.6,8.44,7.7,7.74
05/01/2014,10.15,9.41,8.3,7.54,7.7
04/01/2014,10.08,9.17,8.14,7.38,7.64
03/01/2014,9.85,8.85,7.94,7.24,7.56
02/01/2014,9.49,8.54,7.72,7.08,7.44
01/01/2014,9.08,8.17,7.45,6.93,7.31
12/01/2013,8.68,7.92,7.25,6.85,7.2
11/01/2013,8.25,7.66,7.12,6.78,7.09
10/01/2013,7.84,7.48,7.01,6.75,6.99
09/01/2013,7.58,7.44,6.91,6.73,6.91
08/01/2013,7.25,7.28,6.75,6.68,6.86
07/01/2013,7.17,7.19,6.6,6.67,6.84
06/01/2013,7.07,7.12,6.49,6.69,6.83
05/01/2013,7.12,7.04,6.44,6.71,6.88
04/01/2013,7.29,6.9,6.36,6.72,6.92
03/01/2013,7.31,6.73,6.31,6.74,6.96
02/01/2013,7.22,6.57,6.31,6.76,7.0
01/01/2013,7.17,6.57,6.34,6.77,7.02
12/01/2012,6.96,6.55,6.39,6.8,7.08
11/01/2012,6.52,6.38,6.38,6.8,7.15
10/01/2012,6.16,6.23,6.38,6.85,7.28
09/01/2012,5.92,6.01,6.4,6.94,7.46
08/01/2012,5.98,5.86,6.48,7.04,7.63
07/01/2012,6.13,5.84,6.55,7.16,7.82
06/01/2012,6.23,5.82,6.62,7.28,7.99
05/01/2012,6.3,5.88,6.74,7.4,8.16
04/01/2012,6.1,6.05,6.86,7.48,8.34
03/01/2012,5.73,6.11,6.87,7.53,8.52
02/01/2012,5.54,6.23,6.93,7.61,8.67
01/01/2012,5.4,6.38,7.02,7.7,8.81
12/01/2011,5.46,6.52,7.16,7.77,8.97
11/01/2011,6.01,6.8,7.4,7.86,9.16
10/01/2011,6.5,7.1,7.63,7.9,9.32
09/01/2011,6.92,7.27,7.82,7.87,9.47
08/01/2011,7.37,7.43,8.01,7.79,9.6
07/01/2011,7.59,7.6,8.16,7.7,9.74
06/01/2011,7.59,7.66,8.2,7.55,9.86
05/01/2011,7.7,7.62,8.24,7.4,9.98
04/01/2011,7.61,7.63,8.3,7.23,10.07
03/01/2011,7.49,7.66,8.36,7.09,10.18
02/01/2011,7.62,7.79,8.4,7.05,10.29
01/01/2011,7.74,8.01,8.39,7.02,10.4
12/01/2010,7.54,8.16,8.31,6.96,10.51
11/01/2010,7.65,8.38,8.17,7.04,10.62
10/01/2010,7.82,8.59,7.98,7.13,10.74
09/01/2010,7.97,8.72,7.75,7.18,10.83
08/01/2010,8.27,8.74,7.49,7.23,10.94
07/01/2010,8.78,8.87,7.3,7.27,11.07
06/01/2010,9.11,8.98,7.03,7.36,11.17
05/01/2010,9.36,9.07,6.81,7.49,11.27
04/01/2010,9.48,9.0,6.67,7.72,11.36
03/01/2010,9.2,8.78,6.52,7.97,11.45
02/01/2010,8.96,8.46,6.36,8.21,11.55
01/01/2010,8.84,7.96,6.37,8.47,11.65
12/01/2009,8.78,7.36,6.4,8.69,11.73
11/01/2009,8.53,6.77,6.41,8.92,11.82
10/01/2009,8.35,6.25,6.48,9.2,11.91
09/01/2009,7.95,5.72,6.46,9.5,12.01
08/01/2009,7.09,5.08,6.55,9.73,12.09
07/01/2009,5.94,4.55,6.71,9.92,12.17
06/01/2009,5.01,4.34,7.07,10.17,12.25
05/01/2009,4.14,4.26,7.57,10.46,12.35
04/01/2009,3.49,4.27,8.09,10.74,12.47
03/01/2009,3.07,4.79,8.73,11.06,12.67
02/01/2009,3.16,5.45,9.36,11.41,12.89
01/01/2009,3.67,6.06,9.99,11.77,13.14
12/01/2008,4.39,6.72,10.68,12.18,13.39
11/01/2008,5.05,7.21,11.39,12.55,13.62
10/01/2008,6.5,8.02,12.05,12.92,13.89
09/01/2008,7.73,8.86,12.6,13.28,14.15
08/01/2008,8.44,9.8,13.08,13.54,14.34
07/01/2008,9.06,10.88,13.56,13.79,14.51
06/01/2008,9.36,11.91,13.98,14.06,14.66
05/01/2008,9.54,12.68,14.2,14.2,14.75
04/01/2008,9.99,13.28,14.39,14.35,14.83
03/01/2008,11.16,13.92,14.63,14.48,14.92
02/01/2008,12.7,14.65,14.91,14.65,14.99
01/01/2008,14.46,15.58,15.22,14.87,15.1
12/01/2007,15.81,16.08,15.37,14.97,15.19
11/01/2007,16.56,16.34,15.49,15.06,15.28
10/01/2007,16.68,16.37,15.42,15.0,15.29
09/01/2007,16.59,16.24,15.25,14.93,15.28
08/01/2007,16.69,16.05,15.13,14.89,15.27
07/01/2007,16.35,15.73,14.96,14.82,15.29
06/01/2007,16.11,15.51,14.88,14.77,15.34
05/01/2007,16.05,15.35,14.76,14.72,15.41
04/01/2007,15.88,15.17,14.66,14.62,15.46
03/01/2007,15.41,14.86,14.52,14.52,15.5
02/01/2007,15.1,14.65,14.42,14.45,15.57
01/01/2007,14.91,14.64,14.42,14.43,15.64
12/01/2006,14.64,14.47,14.32,14.34,15.68
11/01/2006,14.46,14.26,14.28,14.25,15.74
10/01/2006,14.31,14.22,14.31,14.19,15.8
09/01/2006,14.2,14.19,14.37,14.28,15.87
08/01/2006,14.36,14.25,14.41,14.38,15.94
07/01/2006,14.29,14.17,14.41,14.51,16.0
06/01/2006,14.05,14.14,14.35,14.61,16.04
05/01/2006,14.12,14.17,14.34,14.7,16.08
04/01/2006,14.18,14.19,14.35,14.87,16.1
03/01/2006,14.14,14.2,14.32,15.02,16.09
02/01/2006,14.05,14.17,14.27,15.15,16.09
01/01/2006,14.23,14.3,14.24,15.23,16.11
12/01/2005,14.22,14.4,14.18,15.25,16.13
11/01/2005,14.2,14.54,14.32,15.31,16.18
10/01/2005,14.25,14.56,14.44,15.32,16.17
09/01/2005,14.29,14.66,14.68,15.37,16.14
08/01/2005,14.36,14.55,14.84,15.33,16.08
07/01/2005,14.58,14.52,14.96,15.33,16.04
06/01/2005,14.88,14.52,15.21,15.4,16.0
05/01/2005,14.87,14.45,15.43,15.51,15.94
04/01/2005,15.02,14.38,15.63,15.59,15.9
03/01/2005,14.74,14.19,15.7,15.64,15.88
02/01/2005,14.45,13.97,15.68,15.66,15.84
01/01/2005,14.15,14.1,15.69,15.77,0.0
12/01/2004,14.02,14.32,15.71,15.9,0.0
11/01/2004,13.73,14.7,15.73,16.1,0.0
10/01/2004,13.63,15.13,15.72,16.31,0.0
09/01/2004,13.48,15.41,15.74,16.49,0.0
08/01/2004,14.04,15.9,15.85,16.69,0.0
07/01/2004,14.62,16.41,16.04,16.85,0.0
06/01/2004,15.66,16.89,16.19,17.02,0.0
05/01/2004,16.62,17.22,16.37,17.24,0.0
04/01/2004,17.33,17.4,16.51,17.41,0.0
03/01/2004,17.75,17.29,16.61,17.46,0.0
02/01/2004,18.19,17.09,16.69,17.51,0.0
01/01/2004,18.12,16.76,16.8,17.5,0.0
12/01/2003,17.81,16.31,16.9,17.47,0.0
11/01/2003,17.46,16.07,17.03,17.46,0.0
10/01/2003,16.82,15.8,17.08,17.34,0.0
09/01/2003,15.99,15.67,17.07,17.17,0.0
08/01/2003,15.4,15.5,17.09,17.03,0.0
07/01/2003,14.8,15.52,17.26,16.98,0.0
06/01/2003,14.68,15.62,17.42,17.0,0.0
05/01/2003,14.79,15.93,17.55,17.05,0.0
04/01/2003,15.35,16.29,17.71,17.02,0.0
03/01/2003,15.6,16.83,17.87,16.9,0.0
02/01/2003,16.25,17.5,18.05,16.83,0.0
01/01/2003,16.56,18.0,18.16,16.74,0.0
12/01/2002,17.07,18.36,18.11,16.59,0.0
11/01/2002,17.24,18.47,17.92,16.38,0.0
10/01/2002,18.07,18.68,17.79,16.21,0.0
09/01/2002,18.75,19.0,17.71,16.12,0.0
08/01/2002,19.43,19.23,17.69,16.02,0.0
07/01/2002,19.65,19.18,17.61,0.0,0.0
06/01/2002,19.69,19.13,17.38,0.0,0.0
05/01/2002,19.28,18.9,16.94,0.0,0.0
04/01/2002,19.24,18.61,16.5,0.0,0.0
03/01/2002,19.03,18.32,16.12,0.0,0.0
02/01/2002,18.71,17.85,15.71,0.0,0.0
01/01/2002,18.58,17.38,15.34,0.0,0.0
12/01/2001,18.53,16.91,14.97,0.0,0.0
11/01/2001,17.97,16.42,14.68,0.0,0.0
10/01/2001,17.61,16.14,14.42,0.0,0.0
09/01/2001,16.99,16.03,0.0,0.0,0.0
08/01/2001,16.19,15.63,0.0,0.0,0.0
07/01/2001,15.3,14.97,0.0,0.0,0.0
06/01/2001,14.88,14.39,0.0,0.0,0.0
05/01/2001,14.68,13.92,0.0,0.0,0.0
04/01/2001,15.07,13.56,0.0,0.0,0.0
03/01/2001,15.08,13.3,0.0,0.0,0.0
02/01/2001,14.65,13.03,0.0,0.0,0.0
01/01/2001,13.91,12.93,0.0,0.0,0.0
12/01/2000,13.16,12.69,0.0,0.0,0.0
11/01/2000,12.05,0.0,0.0,0.0,0.0
10/01/2000,11.53,0.0,0.0,0.0,0.0
09/01/2000,11.41,0.0,0.0,0.0,0.0
08/01/2000,11.95,0.0,0.0,0.0,0.0
07/01/2000,12.23,0.0,0.0,0.0,0.0
06/01/2000,0.0,0.0,0.0,0.0,0.0
05/01/2000,0.0,0.0,0.0,0.0,0.0
04/01/2000,0.0,0.0,0.0,0.0,0.0
03/01/2000,0.0,0.0,0.0,0.0,0.0
