12/01/2022,10.13,9.91,23.27,37.01,0.0
11/01/2022,10.15,10.09,26.03,37.98,0.0
10/01/2022,9.36,10.48,28.5,38.65,0.0
09/01/2022,9.27,11.11,32.27,39.18,0.0
08/01/2022,9.24,11.72,35.39,39.59,0.0
07/01/2022,9.69,14.16,39.11,40.6,0.0
06/01/2022,10.02,16.67,42.29,41.73,0.0
05/01/2022,11.6,20.56,44.53,42.8,0.0
04/01/2022,12.96,25.44,46.68,43.83,0.0
03/01/2022,14.2,31.2,48.76,44.75,0.0
02/01/2022,18.63,36.63,50.56,45.52,0.0
01/01/2022,23.32,41.97,51.93,46.14,0.0
12/01/2021,29.52,46.53,52.74,46.79,0.0
11/01/2021,37.91,53.43,53.21,47.22,0.0
10/01/2021,48.2,59.06,53.52,47.54,0.0
09/01/2021,54.63,64.06,53.82,47.37,0.0
08/01/2021,60.61,67.91,54.26,47.58,0.0
07/01/2021,63.55,68.51,53.93,47.04,0.0
06/01/2021,68.94,67.92,53.03,45.82,0.0
05/01/2021,69.91,66.31,51.52,44.2,0.0
04/01/2021,73.5,64.49,49.96,42.78,0.0
03/01/2021,75.21,61.9,48.23,0.0,0.0
02/01/2021,73.48,58.94,46.92,0.0,0.0
01/01/2021,66.89,53.0,44.11,0.0,0.0
12/01/2020,62.71,47.99,41.78,0.0,0.0
11/01/2020,55.47,43.58,39.02,0.0,0.0
10/01/2020,48.58,40.61,37.41,0.0,0.0
09/01/2020,44.41,39.34,36.31,0.0,0.0
08/01/2020,39.11,38.15,34.77,0.0,0.0
07/01/2020,33.26,36.73,33.14,0.0,0.0
06/01/2020,31.7,35.44,31.93,0.0,0.0
05/01/2020,32.63,34.57,0.0,0.0,0.0
04/01/2020,34.27,34.9,0.0,0.0,0.0
03/01/2020,37.19,35.22,0.0,0.0,0.0
02/01/2020,40.2,35.56,0.0,0.0,0.0
01/01/2020,39.18,34.45,0.0,0.0,0.0
12/01/2019,36.5,34.22,0.0,0.0,0.0
11/01/2019,35.53,33.27,0.0,0.0,0.0
10/01/2019,33.25,31.39,0.0,0.0,0.0
09/01/2019,30.93,29.55,0.0,0.0,0.0
08/01/2019,29.73,28.43,0.0,0.0,0.0
07/01/2019,31.94,0.0,0.0,0.0,0.0
06/01/2019,31.02,0.0,0.0,0.0,0.0
05/01/2019,29.53,0.0,0.0,0.0,0.0
04/01/2019,28.17,0.0,0.0,0.0,0.0
03/01/2019,27.13,0.0,0.0,0.0,0.0
02/01/2019,0.0,0.0,0.0,0.0,0.0
01/01/2019,0.0,0.0,0.0,0.0,0.0
12/01/2018,0.0,0.0,0.0,0.0,0.0
11/01/2018,0.0,0.0,0.0,0.0,0.0
