12/01/2022,38.28,43.88,45.99,43.85,0.0
11/01/2022,38.38,45.6,45.95,43.57,0.0
10/01/2022,39.82,46.92,45.85,43.34,0.0
09/01/2022,41.75,48.36,45.87,42.86,0.0
08/01/2022,45.84,49.82,46.6,42.42,0.0
07/01/2022,49.48,51.19,47.23,41.92,0.0
06/01/2022,52.82,51.94,47.1,41.54,0.0
05/01/2022,54.02,51.83,46.54,40.83,0.0
04/01/2022,54.97,51.08,45.91,40.05,0.0
03/01/2022,53.8,49.69,45.03,39.05,0.0
02/01/2022,52.9,48.09,43.84,37.87,0.0
01/01/2022,51.05,46.31,42.56,36.79,0.0
12/01/2021,49.65,44.79,41.55,35.91,0.0
11/01/2021,47.19,43.37,40.1,35.03,0.0
10/01/2021,45.58,43.38,38.72,34.31,0.0
09/01/2021,43.29,43.28,37.29,33.73,0.0
08/01/2021,41.56,42.27,36.34,33.25,0.0
07/01/2021,39.93,41.24,35.32,32.81,0.0
06/01/2021,39.55,40.74,34.54,32.3,0.0
05/01/2021,41.18,40.37,33.73,31.66,0.0
04/01/2021,43.27,39.58,32.76,31.22,0.0
03/01/2021,42.97,38.81,32.03,30.92,0.0
02/01/2021,42.56,38.32,31.47,31.01,0.0
01/01/2021,41.92,36.83,30.85,30.75,0.0
12/01/2020,39.55,34.07,29.77,0.0,0.0
11/01/2020,35.89,31.3,28.95,0.0,0.0
10/01/2020,34.65,30.42,28.74,0.0,0.0
09/01/2020,34.08,29.41,28.59,0.0,0.0
08/01/2020,31.74,28.35,28.09,0.0,0.0
07/01/2020,28.59,27.1,27.31,0.0,0.0
06/01/2020,26.7,25.95,27.04,0.0,0.0
05/01/2020,26.19,25.25,26.97,0.0,0.0
04/01/2020,24.73,24.62,27.35,0.0,0.0
03/01/2020,24.95,24.87,27.71,0.0,0.0
02/01/2020,25.62,25.47,0.0,0.0,0.0
01/01/2020,25.19,26.61,0.0,0.0,0.0
12/01/2019,24.3,27.05,0.0,0.0,0.0
11/01/2019,24.52,27.77,0.0,0.0,0.0
10/01/2019,24.8,27.83,0.0,0.0,0.0
09/01/2019,25.33,27.52,0.0,0.0,0.0
08/01/2019,28.03,28.13,0.0,0.0,0.0
07/01/2019,29.8,28.7,0.0,0.0,0.0
06/01/2019,31.03,30.08,0.0,0.0,0.0
05/01/2019,30.85,30.55,0.0,0.0,0.0
04/01/2019,29.72,0.0,0.0,0.0,0.0
03/01/2019,28.24,0.0,0.0,0.0,0.0
02/01/2019,27.6,0.0,0.0,0.0,0.0
01/01/2019,29.14,0.0,0.0,0.0,0.0
12/01/2018,30.24,0.0,0.0,0.0,0.0
11/01/2018,0.0,0.0,0.0,0.0,0.0
10/01/2018,0.0,0.0,0.0,0.0,0.0
09/01/2018,0.0,0.0,0.0,0.0,0.0
08/01/2018,0.0,0.0,0.0,0.0,0.0
