12/01/2022,7.26,13.0,45.88,76.68,187.91
11/01/2022,9.04,15.56,52.04,84.91,210.35
10/01/2022,10.24,18.88,57.77,93.94,232.3
09/01/2022,12.66,22.98,63.96,111.03,262.07
08/01/2022,14.84,27.71,71.07,115.9,288.59
07/01/2022,18.75,33.58,75.22,121.5,313.9
06/01/2022,22.09,41.24,80.22,128.62,341.6
05/01/2022,27.52,51.02,84.37,134.81,365.17
04/01/2022,33.31,59.76,90.07,139.13,388.14
03/01/2022,40.59,69.48,97.9,146.11,410.95
02/01/2022,48.42,78.75,108.52,155.03,434.82
01/01/2022,60.39,88.52,119.59,158.89,456.76
12/01/2021,74.52,96.66,131.47,162.04,478.53
11/01/2021,86.22,104.94,155.05,164.74,503.64
10/01/2021,98.37,114.44,160.0,166.46,526.14
09/01/2021,109.08,116.87,165.47,168.22,547.56
08/01/2021,116.64,119.21,172.32,169.63,575.48
07/01/2021,118.8,117.72,176.7,171.55,605.52
06/01/2021,123.66,120.38,178.82,173.18,635.13
05/01/2021,130.5,126.32,184.42,173.21,655.12
04/01/2021,124.65,138.29,193.17,173.98,674.37
03/01/2021,121.77,150.66,194.07,174.04,693.63
02/01/2021,116.64,166.28,194.73,174.8,720.72
01/01/2021,117.09,205.16,194.64,177.13,751.58
12/01/2020,122.13,205.56,192.48,177.71,788.02
11/01/2020,151.92,214.07,193.9,180.8,813.45
10/01/2020,179.55,225.43,194.84,184.24,868.59
09/01/2020,215.91,235.69,198.46,203.86,951.0
08/01/2020,293.22,237.26,199.59,229.66,1028.32
07/01/2020,288.99,242.53,196.66,266.29,1127.34
06/01/2020,276.21,248.06,191.82,299.14,1219.29
05/01/2020,271.31,237.49,185.73,335.8,1342.62
04/01/2020,255.47,223.18,179.07,370.66,1467.0
03/01/2020,181.31,184.12,163.11,413.12,1590.39
02/01/2020,196.07,179.39,163.79,461.27,1722.76
01/01/2020,219.92,173.73,164.17,506.3,1856.28
12/01/2019,203.67,164.25,163.64,554.58,2002.51
11/01/2019,190.89,161.24,187.94,595.53,2152.21
10/01/2019,186.93,161.91,225.86,637.16,2311.78
09/01/2019,162.72,150.8,278.17,675.8,2468.42
08/01/2019,127.54,135.59,324.68,714.6,2646.45
07/01/2019,124.83,133.97,384.95,754.64,2849.54
06/01/2019,131.58,134.96,444.4,795.02,3054.31
05/01/2019,136.89,142.11,527.63,842.55,3260.7
04/01/2019,138.87,148.19,602.21,885.83,3515.36
03/01/2019,143.63,154.62,672.59,926.89,3759.32
02/01/2019,143.1,163.04,749.75,981.33,4012.14
01/01/2019,138.33,214.65,812.68,1039.49,4342.34
12/01/2018,147.33,289.8,874.78,1097.08,4669.79
11/01/2018,157.5,405.54,938.3,1137.03,4820.79
10/01/2018,165.6,513.77,1004.11,1174.75,4929.35
09/01/2018,182.97,635.94,1064.97,1213.23,5068.21
08/01/2018,290.97,753.84,1125.05,1266.63,5227.81
07/01/2018,432.27,913.14,1192.77,1326.03,5383.51
06/01/2018,653.58,1056.24,1254.65,1398.33,5562.16
05/01/2018,861.93,1190.57,1313.03,1446.1,5761.55
04/01/2018,1088.91,1336.46,1390.48,1552.93,5933.47
03/01/2018,1216.71,1410.71,1451.9,1698.13,6037.57
02/01/2018,1394.01,1459.76,1500.73,1826.98,6149.99
01/01/2018,1458.9,1471.05,1502.77,1988.4,6268.2
12/01/2017,1519.2,1494.45,1505.25,2139.45,6388.72
11/01/2017,1584.0,1494.0,1501.87,2349.45,6492.22
10/01/2017,1604.7,1496.25,1523.02,2563.35,6575.17
09/01/2017,1525.5,1472.4,1532.47,2767.65,6680.32
08/01/2017,1483.2,1453.05,1569.37,2984.25,6808.12
07/01/2017,1469.7,1435.5,1573.87,3206.25,6953.62
06/01/2017,1404.0,1444.5,1661.17,3450.45,7066.72
05/01/2017,1387.8,1493.1,1841.85,3708.9,7185.45
04/01/2017,1419.3,1541.7,2010.6,3986.4,7301.7
03/01/2017,1422.9,1534.5,2247.07,4261.05,7418.02
02/01/2017,1401.3,1516.05,2461.95,4578.3,7527.15
01/01/2017,1485.0,1509.75,2777.17,4944.45,7656.22
12/01/2016,1598.4,1549.8,3096.9,5313.6,7785.3
11/01/2016,1664.1,1592.55,3415.27,5678.85,7865.92
10/01/2016,1646.1,1685.7,3749.85,6144.9,7974.45
09/01/2016,1630.8,1712.25,4091.62,6591.75,8145.37
08/01/2016,1534.5,1877.85,4453.42,7042.95,8301.97
07/01/2016,1501.2,2190.6,4816.8,7645.2,8522.1
06/01/2016,1521.0,2479.5,5208.75,8242.5,8787.75
05/01/2016,1725.3,2959.65,5624.32,8504.55,9067.27
04/01/2016,1793.7,3407.85,6109.42,8683.95,9389.47
03/01/2016,2221.2,4044.6,6661.8,8923.2,9731.1
02/01/2016,2880.0,4644.0,7195.5,9189.0,10015.5
01/01/2016,3438.0,5238.0,7722.0,9441.0,10392.0
12/01/2015,4194.0,5814.0,8374.5,9726.0,10890.0
11/01/2015,5022.0,6471.0,9031.5,10077.0,11391.0
10/01/2015,5868.0,7029.0,9625.5,10314.0,11751.0
09/01/2015,6408.0,7443.0,10372.5,10377.0,12121.5
08/01/2015,7038.0,7938.0,11124.0,10473.0,12475.5
07/01/2015,7434.0,8289.0,11277.0,10548.0,12718.5
06/01/2015,7920.0,8811.0,11322.0,10638.0,12964.5
05/01/2015,8190.0,9279.0,11362.5,10635.0,13131.0
04/01/2015,8478.0,9747.0,11461.5,10587.0,13356.0
03/01/2015,8838.0,10206.0,11542.5,10593.0,13686.0
02/01/2015,9144.0,10935.0,11682.0,10632.0,13971.0
01/01/2015,9702.0,11592.0,11880.0,10701.0,14176.5
12/01/2014,10368.0,12222.0,11956.5,10683.0,14356.5
11/01/2014,11016.0,13302.0,11844.0,10662.0,14551.5
10/01/2014,11574.0,14310.0,11740.5,10617.0,14749.5
09/01/2014,12726.0,14265.0,11677.5,10575.0,14943.0
08/01/2014,13482.0,13833.0,11551.5,10476.0,15132.0
07/01/2014,14076.0,13446.0,11313.0,10368.0,15304.5
06/01/2014,15588.0,13176.0,11007.0,10257.0,15493.5
05/01/2014,17046.0,12879.0,10786.5,10053.0,15663.0
04/01/2014,15804.0,12429.0,10480.5,9804.0,15724.5
03/01/2014,14184.0,12168.0,10255.5,9699.0,15874.5
02/01/2014,12816.0,11691.0,9913.5,9561.0,15991.5
01/01/2014,10764.0,10386.0,9342.0,9399.0,15928.5
12/01/2013,8712.0,9171.0,8770.5,9333.0,16060.5
11/01/2013,9054.0,9090.0,8730.0,9630.0,16165.5
10/01/2013,10152.0,9270.0,8797.5,10095.0,16288.5
09/01/2013,10566.0,9180.0,8829.0,10539.0,16777.5
08/01/2013,10008.0,8838.0,8797.5,10842.0,17365.5
07/01/2013,9630.0,8694.0,8640.0,11343.0,18226.5
06/01/2013,9126.0,8532.0,8491.5,12054.0,18927.0
05/01/2013,8388.0,8343.0,8464.5,12705.0,19564.5
04/01/2013,7794.0,8136.0,8496.0,13188.0,20277.0
03/01/2013,7668.0,8298.0,8905.5,13866.0,21139.5
02/01/2013,7758.0,8370.0,9414.0,14478.0,21990.0
01/01/2013,7938.0,8370.0,9900.0,14889.0,22858.5
12/01/2012,8298.0,8325.0,10507.5,15291.0,23785.5
11/01/2012,8478.0,8478.0,11218.5,15627.0,24607.5
10/01/2012,8928.0,8757.0,11844.0,16125.0,25798.5
09/01/2012,8982.0,8586.0,12667.5,16779.0,26995.5
08/01/2012,8802.0,8451.0,13815.0,17310.0,28179.0
07/01/2012,8352.0,8586.0,14886.0,17652.0,29568.0
06/01/2012,8478.0,8856.0,15714.0,18030.0,30849.0
05/01/2012,8586.0,9513.0,16650.0,18441.0,32362.5
04/01/2012,8190.0,10458.0,17532.0,18882.0,33849.0
03/01/2012,8100.0,11430.0,18148.5,19311.0,35749.5
02/01/2012,8820.0,12690.0,18774.0,19788.0,37800.0
01/01/2012,9234.0,13959.0,19201.5,20241.0,39490.5
12/01/2011,10440.0,14931.0,19809.0,20730.0,41739.0
11/01/2011,12726.0,16749.0,20875.5,21273.0,44218.5
10/01/2011,14760.0,19179.0,21739.5,21645.0,46966.5
09/01/2011,16560.0,21186.0,22185.0,22050.0,49317.0
08/01/2011,18684.0,22572.0,22617.0,22422.0,51453.0
07/01/2011,19422.0,23787.0,22905.0,22458.0,53721.0
06/01/2011,20772.0,24606.0,23094.0,22788.0,55692.0
05/01/2011,23598.0,24867.0,23251.5,22701.0,57862.5
04/01/2011,25812.0,24858.0,23337.0,22482.0,60159.0
03/01/2011,26460.0,24444.0,23382.0,23016.0,62274.0
02/01/2011,28152.0,24687.0,23629.5,23889.0,64390.5
01/01/2011,28440.0,25002.0,23535.0,25110.0,66375.0
12/01/2010,26136.0,24300.0,22878.0,25800.0,68316.0
11/01/2010,23904.0,23184.0,22482.0,26424.0,70686.0
10/01/2010,22428.0,22662.0,22347.0,27366.0,72831.0
09/01/2010,21222.0,22023.0,21793.5,28413.0,75334.5
08/01/2010,21564.0,21582.0,21879.0,29502.0,78081.0
07/01/2010,22464.0,21636.0,21618.0,30828.0,80976.0
06/01/2010,22464.0,21816.0,21294.0,32280.0,84078.0
05/01/2010,22896.0,22320.0,22302.0,33588.0,86394.0
04/01/2010,22824.0,22572.0,23490.0,35472.0,88446.0
03/01/2010,21600.0,22068.0,25164.0,37212.0,90048.0
02/01/2010,20808.0,21456.0,26550.0,39048.0,92628.0
01/01/2010,21168.0,21780.0,28044.0,41484.0,95562.0
12/01/2009,21744.0,22032.0,29718.0,43668.0,98682.0
11/01/2009,22320.0,21564.0,31608.0,46284.0,102138.0
10/01/2009,22536.0,22176.0,33462.0,48816.0,105420.0
09/01/2009,22104.0,21600.0,35424.0,52188.0,108420.0
08/01/2009,22392.0,20772.0,37512.0,55812.0,110928.0
07/01/2009,22320.0,22284.0,39222.0,58740.0,112902.0
06/01/2009,20808.0,24408.0,41922.0,62748.0,114996.0
05/01/2009,21816.0,28260.0,44784.0,67164.0,117456.0
04/01/2009,21096.0,31644.0,47844.0,72288.0,119718.0
03/01/2009,19152.0,34308.0,51336.0,76584.0,122136.0
02/01/2009,22248.0,37404.0,54486.0,80484.0,124134.0
01/01/2009,28008.0,41652.0,58644.0,84984.0,126984.0
12/01/2008,34704.0,44748.0,62136.0,88596.0,129846.0
11/01/2008,42192.0,49248.0,67482.0,93024.0,132696.0
10/01/2008,49464.0,54252.0,73332.0,97836.0,134634.0
09/01/2008,52560.0,56160.0,76968.0,101532.0,135924.0
08/01/2008,55296.0,59436.0,81918.0,104892.0,137046.0
07/01/2008,54792.0,61308.0,86616.0,107640.0,138336.0
06/01/2008,56304.0,64044.0,92610.0,110832.0,139518.0
05/01/2008,59040.0,68364.0,97722.0,114948.0,140394.0
04/01/2008,59760.0,71568.0,102024.0,118296.0,141264.0
03/01/2008,63576.0,75636.0,106650.0,122256.0,141546.0
02/01/2008,67824.0,79524.0,110520.0,126660.0,141768.0
01/01/2008,71784.0,85716.0,114912.0,131124.0,0.0
12/01/2007,77688.0,92412.0,119628.0,135876.0,0.0
11/01/2007,83376.0,97776.0,124218.0,139200.0,0.0
10/01/2007,87696.0,104400.0,127620.0,141420.0,0.0
09/01/2007,91224.0,111924.0,130806.0,142884.0,0.0
08/01/2007,99648.0,121176.0,134226.0,146208.0,0.0
07/01/2007,107136.0,127080.0,138240.0,149640.0,0.0
06/01/2007,112176.0,132480.0,141660.0,153696.0,0.0
05/01/2007,121104.0,137664.0,145566.0,157992.0,0.0
04/01/2007,132624.0,141516.0,150228.0,162024.0,0.0
03/01/2007,142704.0,144108.0,153828.0,164652.0,0.0
02/01/2007,147024.0,146844.0,157608.0,166044.0,0.0
01/01/2007,152784.0,150660.0,159912.0,167064.0,0.0
12/01/2006,154224.0,150840.0,159930.0,167244.0,0.0
11/01/2006,150408.0,149688.0,158364.0,167748.0,0.0
10/01/2006,145512.0,147276.0,158724.0,167148.0,0.0
09/01/2006,146664.0,149400.0,160920.0,167688.0,0.0
08/01/2006,148536.0,150840.0,164304.0,167784.0,0.0
07/01/2006,147456.0,153468.0,168156.0,168984.0,0.0
06/01/2006,148968.0,158940.0,172278.0,171096.0,0.0
05/01/2006,149040.0,163548.0,174924.0,172368.0,0.0
04/01/2006,152136.0,168372.0,175644.0,171432.0,0.0
03/01/2006,153144.0,169164.0,175266.0,170316.0,0.0
02/01/2006,159480.0,169020.0,175446.0,169200.0,0.0
01/01/2006,168912.0,167040.0,176778.0,169032.0,0.0
12/01/2005,178056.0,170172.0,177084.0,168204.0,0.0
11/01/2005,184608.0,172440.0,176832.0,165840.0,0.0
10/01/2005,185184.0,177768.0,176256.0,164232.0,0.0
09/01/2005,178560.0,182844.0,176742.0,160836.0,0.0
08/01/2005,165168.0,185616.0,177174.0,156876.0,0.0
07/01/2005,162288.0,186300.0,176778.0,0.0,0.0
06/01/2005,160272.0,182916.0,172962.0,0.0,0.0
05/01/2005,170352.0,181368.0,170892.0,0.0,0.0
04/01/2005,187128.0,181872.0,169290.0,0.0,0.0
03/01/2005,206064.0,186516.0,170028.0,0.0,0.0
02/01/2005,210312.0,183996.0,167220.0,0.0,0.0
01/01/2005,205560.0,181224.0,162540.0,0.0,0.0
12/01/2004,192384.0,174744.0,157464.0,0.0,0.0
11/01/2004,176616.0,170640.0,149832.0,0.0,0.0
10/01/2004,166968.0,168732.0,142506.0,0.0,0.0
09/01/2004,157680.0,167256.0,0.0,0.0,0.0
08/01/2004,156888.0,163008.0,0.0,0.0,0.0
07/01/2004,157104.0,160416.0,0.0,0.0,0.0
06/01/2004,164664.0,156708.0,0.0,0.0,0.0
05/01/2004,170496.0,153540.0,0.0,0.0,0.0
04/01/2004,176832.0,150444.0,0.0,0.0,0.0
03/01/2004,169128.0,143856.0,0.0,0.0,0.0
02/01/2004,163728.0,140184.0,0.0,0.0,0.0
01/01/2004,148751.99,129024.0,0.0,0.0,0.0
12/01/2003,136583.99,116280.0,0.0,0.0,0.0
11/01/2003,124055.99,0.0,0.0,0.0,0.0
10/01/2003,118584.0,0.0,0.0,0.0,0.0
09/01/2003,116640.0,0.0,0.0,0.0,0.0
08/01/2003,109296.0,0.0,0.0,0.0,0.0
07/01/2003,95976.0,0.0,0.0,0.0,0.0
06/01/2003,0.0,0.0,0.0,0.0,0.0
05/01/2003,0.0,0.0,0.0,0.0,0.0
04/01/2003,0.0,0.0,0.0,0.0,0.0
03/01/2003,0.0,0.0,0.0,0.0,0.0
