12/01/2022,40.17,40.45,43.02,42.84,39.29
11/01/2022,40.91,40.77,43.31,42.95,39.26
10/01/2022,39.82,40.83,43.47,43.02,39.16
09/01/2022,40.09,41.68,43.66,43.05,39.11
08/01/2022,40.5,42.43,43.74,43.01,39.09
07/01/2022,40.74,42.98,43.71,42.8,38.98
06/01/2022,40.64,43.02,43.52,42.56,38.74
05/01/2022,41.85,43.88,43.49,42.49,38.58
04/01/2022,43.27,44.39,43.56,42.36,38.36
03/01/2022,44.36,44.88,43.88,42.26,38.16
02/01/2022,45.23,45.58,44.03,42.07,37.91
01/01/2022,45.39,45.86,44.03,41.71,37.65
12/01/2021,45.9,46.11,44.11,41.33,37.38
11/01/2021,45.51,45.64,43.74,40.78,37.03
10/01/2021,45.4,45.05,43.29,40.2,36.73
09/01/2021,45.93,44.44,42.71,39.81,36.38
08/01/2021,46.32,44.02,42.34,39.47,36.03
07/01/2021,46.32,43.1,41.8,39.05,35.63
06/01/2021,45.77,42.73,41.35,38.62,35.28
05/01/2021,44.71,42.88,40.95,38.12,34.92
04/01/2021,42.96,42.48,40.32,37.65,34.54
03/01/2021,41.71,42.21,39.64,37.19,34.19
02/01/2021,39.88,42.11,38.94,36.79,33.86
01/01/2021,39.69,41.83,38.35,36.6,33.58
12/01/2020,41.05,41.53,37.78,36.53,33.33
11/01/2020,42.0,40.97,37.49,36.47,33.07
10/01/2020,42.71,40.66,37.2,36.45,32.85
09/01/2020,44.35,40.5,37.02,36.32,32.66
08/01/2020,43.97,39.97,36.57,36.14,32.38
07/01/2020,42.02,39.02,35.75,35.85,32.05
06/01/2020,39.95,38.15,35.24,35.74,31.79
05/01/2020,38.61,37.07,34.67,35.58,31.5
04/01/2020,36.65,35.76,34.13,35.31,31.19
03/01/2020,35.97,34.86,33.98,35.16,30.97
02/01/2020,36.02,34.02,34.03,35.17,30.89
01/01/2020,36.36,34.01,34.22,35.15,30.86
12/01/2019,35.53,33.74,34.34,34.91,30.72
11/01/2019,34.88,33.55,34.24,34.68,30.64
10/01/2019,33.74,33.17,34.22,34.36,30.54
09/01/2019,32.02,32.47,34.26,34.05,30.39
08/01/2019,31.66,32.33,34.53,33.75,30.22
07/01/2019,31.95,32.28,34.83,33.6,30.09
06/01/2019,32.23,32.5,35.08,33.43,29.95
05/01/2019,32.6,33.1,35.31,33.29,29.87
04/01/2019,32.93,34.03,35.74,33.26,29.85
03/01/2019,33.0,34.44,35.72,32.95,29.72
02/01/2019,32.61,34.94,35.5,32.58,29.57
01/01/2019,32.77,34.92,35.24,32.2,29.43
12/01/2018,33.6,35.28,34.96,31.94,29.32
11/01/2018,35.14,36.05,34.85,31.72,29.24
10/01/2018,35.88,36.73,34.46,31.42,29.07
09/01/2018,37.28,37.38,34.25,31.2,28.92
08/01/2018,37.07,37.67,33.89,30.92,28.72
07/01/2018,36.96,37.53,33.39,30.57,28.49
06/01/2018,36.96,37.46,32.88,30.14,28.27
05/01/2018,37.59,37.01,32.2,29.66,28.05
04/01/2018,37.48,36.06,31.4,29.26,27.81
03/01/2018,38.26,35.56,30.84,28.99,27.62
02/01/2018,38.09,34.64,30.27,28.61,27.41
01/01/2018,37.95,33.64,29.56,28.26,27.18
12/01/2017,36.43,32.19,28.77,27.84,26.89
11/01/2017,34.63,31.13,28.1,27.43,26.61
10/01/2017,32.86,30.12,27.55,27.07,26.33
09/01/2017,31.18,29.25,27.1,26.78,26.13
08/01/2017,29.33,28.3,26.48,26.61,25.87
07/01/2017,27.95,27.39,25.99,26.57,25.69
06/01/2017,27.62,26.75,25.86,26.54,25.58
05/01/2017,27.37,26.13,25.71,26.6,25.49
04/01/2017,27.31,25.91,25.6,26.72,25.44
03/01/2017,27.26,25.48,25.56,26.73,25.38
02/01/2017,26.83,25.35,25.67,26.7,25.36
01/01/2017,25.88,25.08,25.58,26.59,25.3
12/01/2016,24.88,24.99,25.55,26.48,25.26
11/01/2016,24.51,24.95,25.55,26.46,25.22
10/01/2016,23.7,24.66,25.76,26.44,25.16
09/01/2016,23.87,24.59,26.16,26.49,25.15
08/01/2016,24.28,24.96,26.43,26.57,25.11
07/01/2016,25.1,25.3,26.83,26.66,25.11
06/01/2016,25.38,25.3,27.13,26.69,25.09
05/01/2016,25.62,25.65,27.35,26.75,25.12
04/01/2016,25.32,25.98,27.37,26.72,25.12
03/01/2016,25.64,26.08,27.35,26.65,25.14
02/01/2016,25.5,26.11,27.22,26.52,25.13
01/01/2016,25.21,26.14,27.22,26.4,25.08
12/01/2015,25.68,26.87,27.33,26.4,25.08
11/01/2015,26.65,27.74,27.44,26.43,25.07
10/01/2015,26.51,27.89,27.37,26.36,24.98
09/01/2015,26.72,28.36,27.34,26.25,24.9
08/01/2015,27.07,28.96,27.39,26.21,24.82
07/01/2015,28.06,29.06,27.3,26.1,24.71
06/01/2015,28.82,28.76,27.09,25.94,24.62
05/01/2015,29.28,28.62,26.93,25.79,24.55
04/01/2015,30.01,28.33,26.72,25.6,24.47
03/01/2015,30.84,28.29,26.53,25.47,24.39
02/01/2015,30.06,27.79,26.17,25.14,24.26
01/01/2015,28.69,27.14,25.77,24.81,24.09
12/01/2014,27.96,26.84,25.6,24.63,23.95
11/01/2014,26.65,26.31,25.19,24.39,23.76
10/01/2014,25.75,25.82,24.84,24.16,23.55
09/01/2014,25.52,25.53,24.62,24.03,23.41
08/01/2014,25.6,25.42,24.54,24.02,23.3
07/01/2014,25.72,25.25,24.38,24.0,23.17
06/01/2014,25.97,25.12,24.23,24.05,23.06
05/01/2014,25.88,24.78,24.06,23.97,22.92
04/01/2014,25.55,24.54,23.81,23.87,22.78
03/01/2014,25.24,24.4,23.64,23.81,22.63
02/01/2014,24.77,24.35,23.52,23.65,22.46
01/01/2014,24.27,24.06,23.42,23.57,22.25
12/01/2013,23.67,23.87,23.34,23.48,22.07
11/01/2013,23.53,23.7,23.28,23.49,21.95
10/01/2013,23.55,23.65,23.32,23.53,21.83
09/01/2013,23.93,23.5,23.38,23.63,21.78
08/01/2013,23.85,23.34,23.52,23.73,21.75
07/01/2013,24.07,23.35,23.57,23.75,21.74
06/01/2013,23.86,23.08,23.54,23.77,21.74
05/01/2013,23.75,22.89,23.51,23.72,21.65
04/01/2013,23.08,22.7,23.3,23.6,21.55
03/01/2013,22.83,22.79,23.32,23.55,21.49
02/01/2013,22.63,22.81,23.29,23.43,21.39
01/01/2013,22.3,22.87,23.39,23.32,21.31
12/01/2012,22.03,22.99,23.47,23.3,21.25
11/01/2012,22.31,23.25,23.69,23.31,21.18
10/01/2012,22.75,23.69,23.93,23.34,21.11
09/01/2012,22.98,23.79,23.95,23.31,21.04
08/01/2012,23.44,23.99,24.11,23.38,20.97
07/01/2012,23.96,24.14,24.13,23.38,20.91
06/01/2012,24.19,23.91,24.06,23.27,20.85
05/01/2012,24.63,23.85,23.93,23.13,20.78
04/01/2012,24.59,23.77,23.74,22.94,20.7
03/01/2012,24.55,23.92,23.55,22.78,20.62
02/01/2012,24.32,23.94,23.46,22.57,20.51
01/01/2012,23.64,24.13,23.34,22.35,20.43
12/01/2011,23.07,24.17,23.16,22.08,20.31
11/01/2011,22.96,24.11,23.08,21.88,20.2
10/01/2011,23.28,24.23,23.07,21.7,20.12
09/01/2011,23.56,24.12,23.0,21.45,20.03
08/01/2011,24.63,24.2,22.94,21.26,19.99
07/01/2011,25.26,24.0,22.77,20.94,19.92
06/01/2011,25.26,23.7,22.53,20.65,19.82
05/01/2011,25.18,23.19,22.21,20.4,19.74
04/01/2011,24.69,22.98,21.89,20.14,19.65
03/01/2011,23.77,22.55,21.45,19.92,19.53
02/01/2011,22.74,22.16,21.03,19.76,19.4
01/01/2011,22.13,22.05,20.76,19.74,19.33
12/01/2010,21.19,21.9,20.43,19.71,19.28
11/01/2010,21.27,21.87,20.12,19.58,19.23
10/01/2010,21.34,21.69,19.79,19.49,19.21
09/01/2010,21.58,21.54,19.41,19.43,19.15
08/01/2010,21.96,21.35,19.13,19.36,19.1
07/01/2010,22.61,21.24,19.0,19.29,19.07
06/01/2010,22.47,20.8,18.72,19.2,19.0
05/01/2010,22.04,20.35,18.61,19.04,18.96
04/01/2010,21.5,19.91,18.57,18.87,18.9
03/01/2010,20.74,19.48,18.59,18.76,18.83
02/01/2010,19.86,18.96,18.62,18.56,18.77
01/01/2010,19.12,18.36,18.43,18.44,18.76
12/01/2009,18.66,17.9,18.39,18.42,18.78
11/01/2009,18.32,17.28,18.37,18.44,18.83
10/01/2009,18.21,16.91,18.37,18.46,18.89
09/01/2009,18.06,16.77,18.32,18.46,18.93
08/01/2009,17.6,16.65,18.41,18.45,18.95
07/01/2009,17.13,16.86,18.38,18.51,18.95
06/01/2009,16.24,17.23,18.36,18.54,18.98
05/01/2009,15.62,17.69,18.4,18.52,19.03
04/01/2009,15.49,18.28,18.36,18.54,19.05
03/01/2009,15.69,18.5,18.47,18.61,19.11
02/01/2009,16.59,18.88,18.69,18.73,19.17
01/01/2009,18.21,19.46,19.02,18.89,19.26
12/01/2008,19.77,19.82,19.23,18.99,19.32
11/01/2008,21.07,19.87,19.31,19.09,19.36
10/01/2008,21.31,20.16,19.35,19.16,19.37
09/01/2008,21.17,19.91,19.33,19.14,19.34
08/01/2008,20.72,19.49,19.2,19.03,19.29
07/01/2008,19.87,19.11,18.93,18.92,19.24
06/01/2008,18.66,18.44,18.67,18.84,19.16
05/01/2008,19.02,18.45,18.66,18.88,19.13
04/01/2008,18.64,18.5,18.65,18.93,19.12
03/01/2008,18.26,18.57,18.6,18.88,19.1
02/01/2008,18.35,18.64,18.58,18.84,19.05
01/01/2008,18.22,18.76,18.7,18.84,19.0
12/01/2007,17.87,18.54,18.66,18.8,18.9
11/01/2007,18.35,18.76,18.76,18.88,18.91
10/01/2007,18.87,18.91,18.8,18.92,18.91
09/01/2007,18.94,18.75,18.82,18.91,18.87
08/01/2007,19.29,18.9,19.04,18.98,18.82
07/01/2007,19.2,18.88,19.1,19.08,18.75
06/01/2007,19.17,18.8,19.15,19.14,18.69
05/01/2007,18.94,18.64,19.04,19.22,18.63
04/01/2007,18.57,18.51,18.94,19.33,18.56
03/01/2007,18.52,18.64,18.88,19.4,18.48
02/01/2007,18.55,18.77,18.92,19.44,18.46
01/01/2007,18.44,18.76,18.94,19.39,18.37
12/01/2006,18.34,18.7,18.93,19.42,18.35
11/01/2006,18.45,18.9,18.99,19.54,18.3
10/01/2006,18.77,19.19,19.03,19.56,18.23
09/01/2006,19.0,19.32,19.18,19.61,18.14
08/01/2006,19.09,19.5,19.31,19.62,17.99
07/01/2006,19.06,19.44,19.51,19.64,17.91
06/01/2006,19.34,19.37,19.74,19.65,17.83
05/01/2006,19.6,19.13,19.79,19.62,17.71
04/01/2006,19.65,19.08,19.78,19.58,17.58
03/01/2006,19.91,19.12,19.7,19.54,17.46
02/01/2006,19.82,19.16,19.78,19.54,17.33
01/01/2006,19.39,19.08,19.87,19.56,17.17
12/01/2005,18.65,18.86,19.74,19.48,17.0
11/01/2005,18.5,19.03,19.76,19.38,16.84
10/01/2005,18.33,19.12,19.68,19.31,16.64
09/01/2005,18.51,19.59,19.74,19.32,16.48
08/01/2005,18.76,20.11,19.79,19.25,16.31
07/01/2005,19.08,20.45,19.87,19.16,16.15
06/01/2005,19.56,20.48,19.83,19.01,15.98
05/01/2005,19.9,20.29,19.75,18.94,15.77
04/01/2005,20.67,20.4,19.73,18.9,15.58
03/01/2005,21.46,20.66,19.8,18.82,15.45
02/01/2005,21.81,20.62,19.78,18.67,15.3
01/01/2005,21.39,20.48,19.56,18.43,15.08
12/01/2004,20.67,20.24,19.41,18.23,14.85
11/01/2004,20.13,19.89,19.18,18.05,14.61
10/01/2004,19.85,19.47,18.83,17.79,14.39
09/01/2004,19.43,19.3,18.52,17.56,14.19
08/01/2004,19.57,19.18,18.28,17.47,14.05
07/01/2004,19.81,19.22,18.26,17.35,13.96
06/01/2004,19.64,19.06,18.14,17.27,13.83
05/01/2004,19.09,18.94,17.91,17.05,13.69
04/01/2004,19.17,18.94,17.69,16.9,13.56
03/01/2004,18.79,18.64,17.4,16.66,13.42
02/01/2004,18.63,18.58,17.23,16.37,13.26
01/01/2004,18.49,18.48,17.13,16.18,13.12
12/01/2003,18.78,18.18,16.95,16.02,13.02
11/01/2003,18.72,17.73,16.68,15.79,12.88
10/01/2003,18.49,17.39,16.62,15.59,12.74
09/01/2003,18.52,17.3,16.42,15.38,12.62
08/01/2003,18.47,17.22,16.38,15.11,12.47
07/01/2003,17.58,16.88,16.11,14.78,12.28
06/01/2003,16.75,16.43,15.87,14.52,12.13
05/01/2003,16.28,16.17,15.68,14.3,12.03
04/01/2003,16.07,15.88,15.26,13.97,11.92
03/01/2003,15.98,15.77,15.03,13.65,11.81
02/01/2003,16.17,15.71,14.93,13.37,11.76
01/01/2003,16.12,15.63,14.82,13.14,11.71
12/01/2002,16.05,15.85,14.68,12.94,11.65
11/01/2002,15.68,15.55,14.42,12.6,11.52
10/01/2002,15.56,15.53,14.05,12.25,11.4
09/01/2002,15.25,15.35,13.73,12.08,11.32
08/01/2002,15.15,15.32,13.57,11.93,11.27
07/01/2002,15.64,15.18,13.37,11.72,11.21
06/01/2002,15.41,14.65,13.02,11.47,11.12
05/01/2002,15.49,14.29,12.59,11.18,10.99
04/01/2002,15.44,14.15,12.2,10.99,10.9
03/01/2002,15.48,14.01,11.89,10.83,10.82
02/01/2002,14.72,13.52,11.49,10.62,10.69
01/01/2002,13.89,13.3,11.13,10.57,10.59
12/01/2001,13.08,12.58,10.62,10.39,10.45
11/01/2001,12.86,12.12,10.45,10.32,10.35
10/01/2001,12.54,11.83,10.24,10.22,10.24
09/01/2001,12.32,11.55,9.99,10.18,10.16
08/01/2001,12.7,11.39,9.88,10.16,10.12
07/01/2001,12.07,10.89,9.63,10.07,10.04
06/01/2001,11.38,10.25,9.4,10.03,9.95
05/01/2001,11.12,9.78,9.24,9.96,9.88
04/01/2001,10.77,9.46,9.18,9.89,9.81
03/01/2001,10.08,8.96,9.21,9.85,9.74
02/01/2001,9.71,8.66,9.29,9.83,9.7
01/01/2001,9.11,8.78,9.41,9.79,9.65
12/01/2000,8.45,8.66,9.42,9.73,9.58
11/01/2000,8.15,8.44,9.49,9.77,9.51
10/01/2000,7.84,8.36,9.54,9.87,9.49
09/01/2000,7.61,8.36,9.65,9.97,9.45
08/01/2000,8.45,8.56,9.92,10.15,9.44
07/01/2000,8.87,8.7,10.05,10.27,9.41
06/01/2000,8.74,8.89,10.11,10.35,9.37
05/01/2000,8.88,9.47,10.3,10.45,9.36
04/01/2000,9.11,9.93,10.41,10.55,9.35
03/01/2000,8.66,10.05,10.29,10.56,9.27
02/01/2000,8.54,10.18,10.26,10.61,9.21
01/01/2000,9.05,10.54,10.43,10.69,9.21
12/01/1999,10.06,10.72,10.62,10.78,9.21
11/01/1999,10.74,10.95,10.78,10.81,9.2
10/01/1999,11.43,11.29,10.94,10.82,9.17
09/01/1999,11.83,11.4,11.06,10.81,9.15
08/01/1999,12.03,11.32,11.08,10.76,9.11
07/01/1999,11.38,11.13,10.94,10.61,9.03
06/01/1999,11.15,10.89,10.86,10.51,8.97
05/01/1999,11.15,10.53,10.82,10.38,8.91
04/01/1999,10.96,10.34,10.82,10.25,8.87
03/01/1999,10.62,10.33,10.77,10.15,8.82
02/01/1999,10.89,10.53,10.81,10.09,8.81
01/01/1999,10.63,10.61,10.74,10.02,8.78
12/01/1998,9.91,10.59,10.59,9.87,8.73
11/01/1998,9.73,10.72,10.52,9.79,8.72
10/01/1998,10.04,10.84,10.47,9.73,8.7
09/01/1998,10.16,10.75,10.35,9.63,8.66
08/01/1998,10.59,10.83,10.31,9.57,8.64
07/01/1998,11.27,11.11,10.31,9.52,8.61
06/01/1998,11.72,11.3,10.21,9.42,8.57
05/01/1998,11.64,11.21,10.06,9.26,8.49
04/01/1998,11.33,11.1,9.87,9.11,8.42
03/01/1998,11.06,10.87,9.72,8.92,8.33
02/01/1998,10.94,10.58,9.51,8.73,8.24
01/01/1998,10.88,10.31,9.33,8.55,8.15
12/01/1997,10.78,10.1,9.17,8.39,8.08
11/01/1997,10.87,9.96,9.07,8.28,8.03
10/01/1997,10.68,9.8,8.94,8.14,7.97
09/01/1997,10.22,9.5,8.72,7.98,7.87
08/01/1997,9.73,9.11,8.49,7.81,7.78
07/01/1997,9.43,8.9,8.28,7.72,7.7
06/01/1997,9.05,8.64,8.11,7.65,7.62
05/01/1997,8.92,8.56,7.94,7.59,7.55
04/01/1997,8.78,8.44,7.81,7.52,7.48
03/01/1997,8.5,8.35,7.67,7.48,7.41
02/01/1997,8.38,8.24,7.54,7.46,7.35
01/01/1997,8.23,8.17,7.44,7.45,7.29
12/01/1996,8.21,8.08,7.31,7.44,7.23
11/01/1996,8.09,7.94,7.22,7.44,7.16
10/01/1996,8.21,7.86,7.15,7.48,7.1
09/01/1996,8.1,7.66,7.14,7.48,7.03
08/01/1996,8.11,7.58,7.15,7.53,6.97
07/01/1996,7.94,7.32,7.11,7.55,6.89
06/01/1996,7.79,7.18,7.06,7.6,6.82
05/01/1996,7.5,6.99,7.05,7.65,6.74
04/01/1996,7.23,6.84,7.07,7.66,6.67
03/01/1996,7.04,6.7,7.08,7.7,6.6
02/01/1996,6.7,6.55,7.12,7.7,6.53
01/01/1996,6.56,6.5,7.19,7.71,6.46
12/01/1995,6.48,6.45,7.29,7.71,6.39
11/01/1995,6.45,6.61,7.39,7.72,6.33
10/01/1995,6.37,6.73,7.51,7.73,6.25
09/01/1995,6.4,6.89,7.67,7.74,6.18
08/01/1995,6.43,6.94,7.81,7.75,6.1
07/01/1995,6.42,7.11,7.97,7.75,6.03
06/01/1995,6.76,7.29,8.08,7.76,5.97
05/01/1995,7.08,7.46,8.19,7.79,5.92
04/01/1995,7.37,7.68,8.28,7.8,5.86
03/01/1995,7.45,7.89,8.31,7.77,5.8
02/01/1995,7.8,8.13,8.34,7.76,5.74
01/01/1995,7.82,8.18,8.28,7.68,5.65
12/01/1994,7.84,8.28,8.23,7.6,0.0
11/01/1994,7.98,8.45,8.16,7.5,0.0
10/01/1994,8.32,8.68,8.16,7.44,0.0
09/01/1994,8.46,8.84,8.07,7.33,0.0
08/01/1994,8.53,8.86,7.99,7.24,0.0
07/01/1994,8.73,8.92,7.95,7.13,0.0
06/01/1994,8.92,8.88,7.86,7.03,0.0
05/01/1994,9.03,8.74,7.71,6.88,0.0
04/01/1994,9.21,8.54,7.58,6.72,0.0
03/01/1994,9.19,8.39,7.43,6.57,0.0
02/01/1994,9.12,8.17,7.25,6.41,0.0
01/01/1994,8.84,7.87,7.03,6.23,0.0
12/01/1993,8.44,7.64,6.82,6.05,0.0
11/01/1993,7.88,7.3,6.58,5.84,0.0
10/01/1993,7.59,7.13,6.42,5.68,0.0
09/01/1993,7.22,6.98,6.23,5.51,0.0
08/01/1993,6.9,6.84,6.1,5.36,0.0
07/01/1993,6.84,6.68,5.96,5.21,0.0
06/01/1993,6.71,6.61,5.8,5.08,0.0
05/01/1993,6.66,6.47,5.66,4.94,0.0
04/01/1993,6.74,6.34,5.53,4.77,0.0
03/01/1993,6.77,6.18,5.41,4.63,0.0
02/01/1993,6.53,5.99,5.25,4.45,0.0
01/01/1993,6.51,5.87,5.11,4.32,0.0
12/01/1992,6.28,5.72,4.96,4.18,0.0
11/01/1992,5.93,5.49,4.77,4.04,0.0
10/01/1992,5.6,5.37,4.62,3.93,0.0
09/01/1992,5.46,5.23,4.47,3.83,0.0
08/01/1992,5.23,4.99,4.31,3.72,0.0
07/01/1992,5.15,4.85,4.17,3.63,0.0
06/01/1992,5.04,4.72,3.99,0.0,0.0
05/01/1992,5.13,4.64,3.85,0.0,0.0
04/01/1992,5.01,4.5,3.68,0.0,0.0
03/01/1992,4.75,4.35,3.54,0.0,0.0
02/01/1992,4.54,4.2,3.42,0.0,0.0
01/01/1992,4.4,4.05,3.32,0.0,0.0
12/01/1991,4.16,3.87,3.21,0.0,0.0
11/01/1991,3.99,3.71,3.13,0.0,0.0
10/01/1991,3.95,3.64,3.08,0.0,0.0
09/01/1991,3.85,3.5,3.02,0.0,0.0
08/01/1991,3.7,3.27,0.0,0.0,0.0
07/01/1991,3.59,3.06,0.0,0.0,0.0
06/01/1991,3.43,2.87,0.0,0.0,0.0
05/01/1991,3.33,2.74,0.0,0.0,0.0
04/01/1991,3.14,2.64,0.0,0.0,0.0
03/01/1991,2.83,2.59,0.0,0.0,0.0
02/01/1991,2.53,2.55,0.0,0.0,0.0
01/01/1991,2.3,2.54,0.0,0.0,0.0
12/01/1990,2.14,2.53,0.0,0.0,0.0
11/01/1990,2.14,2.54,0.0,0.0,0.0
10/01/1990,2.35,0.0,0.0,0.0,0.0
09/01/1990,2.57,0.0,0.0,0.0,0.0
08/01/1990,2.78,0.0,0.0,0.0,0.0
07/01/1990,2.91,0.0,0.0,0.0,0.0
06/01/1990,2.94,0.0,0.0,0.0,0.0
05/01/1990,0.0,0.0,0.0,0.0,0.0
04/01/1990,0.0,0.0,0.0,0.0,0.0
03/01/1990,0.0,0.0,0.0,0.0,0.0
02/01/1990,0.0,0.0,0.0,0.0,0.0
