12/31/1990,2.19,2.25,2.19,2.19,0.0,0.0,194000.0
12/28/1990,2.25,2.25,2.19,2.19,-0.06,0.0,197600.0
12/27/1990,2.27,2.27,2.19,2.25,-0.02,0.0,376800.0
12/26/1990,2.33,2.33,2.25,2.27,-0.06,0.0,325600.0
12/24/1990,2.31,2.38,2.25,2.33,0.02,0.0,193200.0
12/21/1990,2.08,2.39,2.08,2.31,0.23,0.0,898800.0
12/20/1990,1.95,2.08,1.94,2.08,0.13,0.0,123200.0
12/19/1990,1.94,2.0,1.94,1.95,0.06,0.0,96000.0
12/18/1990,1.89,1.94,1.83,1.89,0.0,0.0,356400.0
12/17/1990,1.89,1.95,1.88,1.89,0.0,0.0,187600.0
12/14/1990,1.95,2.02,1.89,1.89,-0.06,0.0,57200.0
12/13/1990,1.95,2.02,1.95,1.95,0.0,0.0,44000.0
12/12/1990,1.95,2.02,1.94,1.95,0.0,0.0,554800.0
12/11/1990,2.02,2.02,1.94,1.95,-0.06,0.0,296400.0
12/10/1990,1.88,2.02,1.81,2.02,0.14,0.0,218800.0
12/07/1990,1.81,1.88,1.81,1.88,0.06,0.0,108000.0
12/06/1990,1.77,1.88,1.75,1.81,0.05,0.0,482800.0
12/05/1990,1.69,1.77,1.69,1.77,0.08,0.0,1431600.0
12/04/1990,1.69,1.7,1.69,1.69,0.0,0.0,298000.0
12/03/1990,1.63,1.75,1.63,1.69,0.06,0.0,532000.0
11/30/1990,1.63,1.64,1.63,1.63,0.0,0.0,226000.0
11/29/1990,1.64,1.69,1.63,1.63,-0.02,0.0,268800.0
11/28/1990,1.64,1.69,1.58,1.64,0.0,0.0,208000.0
11/27/1990,1.64,1.64,1.63,1.64,-0.05,0.0,184000.0
11/26/1990,1.64,1.69,1.63,1.69,0.05,0.0,152400.0
11/23/1990,1.64,1.7,1.64,1.64,0.0,0.0,42400.0
11/21/1990,1.69,1.7,1.64,1.64,-0.05,0.0,97600.0
11/20/1990,1.69,1.7,1.63,1.69,0.0,0.0,130400.0
11/19/1990,1.64,1.7,1.63,1.69,0.05,0.0,71200.0
11/16/1990,1.75,1.77,1.63,1.64,-0.11,0.0,304000.0
11/15/1990,1.81,1.83,1.75,1.75,-0.06,0.0,183200.0
11/14/1990,1.81,1.88,1.75,1.81,0.0,0.0,252400.0
11/13/1990,1.77,1.81,1.75,1.81,0.05,0.0,231200.0
11/12/1990,1.75,1.81,1.75,1.77,0.02,0.0,353200.0
11/09/1990,1.7,1.77,1.69,1.75,0.05,0.0,139200.0
11/08/1990,1.69,1.7,1.64,1.7,0.02,0.0,72400.0
11/07/1990,1.7,1.7,1.64,1.69,-0.02,0.0,88400.0
11/06/1990,1.75,1.77,1.64,1.7,-0.05,0.0,202000.0
11/05/1990,1.75,1.81,1.7,1.75,0.0,0.0,576800.0
11/02/1990,1.77,1.77,1.75,1.75,-0.02,0.0,110400.0
11/01/1990,1.77,1.77,1.75,1.77,0.0,0.0,32400.0
10/31/1990,1.77,1.77,1.75,1.77,0.0,0.0,366400.0
10/30/1990,1.77,1.77,1.7,1.77,0.0,0.0,320800.0
10/29/1990,1.75,1.77,1.75,1.77,0.02,0.0,55200.0
10/26/1990,1.88,1.88,1.75,1.75,-0.13,0.0,208400.0
10/25/1990,1.77,1.88,1.75,1.88,0.11,0.0,867600.0
10/24/1990,1.75,1.77,1.7,1.77,0.02,0.0,254000.0
10/23/1990,1.75,1.75,1.63,1.75,-0.02,0.0,344400.0
10/22/1990,1.7,1.81,1.7,1.77,0.06,0.0,573600.0
10/19/1990,1.77,1.81,1.7,1.7,-0.06,0.0,1720400.0
10/18/1990,1.58,1.77,1.58,1.77,0.2,0.0,916800.0
10/17/1990,1.5,1.64,1.5,1.56,0.06,0.0,186800.0
10/16/1990,1.45,1.56,1.45,1.5,0.05,0.0,68000.0
10/15/1990,1.56,1.56,1.45,1.45,-0.11,0.0,110800.0
10/12/1990,1.56,1.63,1.5,1.56,0.0,0.0,743200.0
10/11/1990,1.63,1.69,1.56,1.56,-0.06,0.0,858400.0
10/10/1990,1.63,1.69,1.63,1.63,0.05,0.0,136000.0
10/09/1990,1.64,1.64,1.58,1.58,-0.06,0.0,556400.0
10/08/1990,1.58,1.64,1.58,1.64,0.08,0.0,287200.0
10/05/1990,1.56,1.56,1.44,1.56,0.0,0.0,553200.0
10/04/1990,1.75,1.75,1.5,1.56,-0.2,0.0,2448400.0
10/03/1990,1.83,1.83,1.58,1.77,-0.36,0.0,2760000.0
10/02/1990,2.0,2.13,2.0,2.13,0.17,0.0,310000.0
10/01/1990,1.89,1.95,1.88,1.95,0.06,0.0,109200.0
09/28/1990,1.88,1.89,1.77,1.89,0.02,0.0,284000.0
09/27/1990,1.95,1.95,1.83,1.88,-0.08,0.0,180000.0
09/26/1990,1.94,2.0,1.89,1.95,0.02,0.0,272000.0
09/25/1990,1.83,1.94,1.81,1.94,0.11,0.0,407200.0
09/24/1990,1.81,1.94,1.81,1.83,0.02,0.0,473200.0
09/21/1990,1.83,1.88,1.77,1.81,-0.02,0.0,195200.0
09/20/1990,1.83,1.88,1.81,1.83,0.0,0.0,653600.0
09/19/1990,1.81,1.88,1.81,1.83,0.02,0.0,596000.0
09/18/1990,1.81,1.81,1.75,1.81,0.0,0.0,214000.0
09/17/1990,1.75,1.81,1.75,1.81,0.06,0.0,171600.0
09/14/1990,1.83,1.83,1.75,1.75,-0.13,0.0,304400.0
09/13/1990,1.88,1.88,1.77,1.88,0.0,0.0,108800.0
09/12/1990,1.88,1.88,1.81,1.88,0.0,0.0,133600.0
09/11/1990,1.83,1.88,1.77,1.88,0.05,0.0,34000.0
09/10/1990,1.83,1.89,1.81,1.83,0.0,0.0,298800.0
09/07/1990,1.88,1.89,1.83,1.83,-0.05,0.0,199600.0
09/06/1990,1.94,1.94,1.88,1.88,-0.06,0.0,169200.0
09/05/1990,1.88,1.94,1.88,1.94,0.06,0.0,488399.0
09/04/1990,1.89,1.89,1.88,1.88,-0.02,0.0,163200.0
08/31/1990,1.88,1.94,1.88,1.89,0.02,0.0,372400.0
08/30/1990,1.94,1.95,1.88,1.88,-0.06,0.0,60000.0
08/29/1990,2.06,2.06,1.94,1.94,-0.13,0.0,614000.0
08/28/1990,2.02,2.06,1.94,2.06,0.05,0.0,270400.0
08/27/1990,1.95,2.06,1.95,2.02,0.08,0.0,150800.0
08/24/1990,1.88,1.95,1.88,1.94,0.13,0.0,469199.0
08/23/1990,1.81,1.89,1.77,1.81,0.0,0.0,820800.0
08/22/1990,1.95,2.0,1.81,1.81,-0.14,0.0,479600.0
08/21/1990,2.0,2.0,1.94,1.95,-0.05,0.0,437600.0
08/20/1990,2.06,2.06,1.94,2.0,-0.06,0.0,309600.0
08/17/1990,2.13,2.13,2.02,2.06,-0.06,0.0,960000.0
08/16/1990,2.19,2.2,2.13,2.13,-0.06,0.0,56400.0
08/15/1990,2.27,2.27,2.19,2.19,-0.08,0.0,384800.0
08/14/1990,2.25,2.31,2.19,2.27,0.02,0.0,298800.0
08/13/1990,2.25,2.25,2.2,2.25,0.0,0.0,167200.0
08/10/1990,2.33,2.44,2.25,2.25,-0.08,0.0,204400.0
08/09/1990,2.38,2.39,2.33,2.33,-0.05,0.0,109600.0
08/08/1990,2.33,2.44,2.33,2.38,0.05,0.0,129200.0
08/07/1990,2.33,2.45,2.33,2.33,0.0,0.0,114000.0
08/06/1990,2.5,2.5,2.33,2.33,-0.19,0.0,432800.0
08/03/1990,2.58,2.69,2.39,2.52,-0.06,0.0,643600.0
08/02/1990,2.69,2.69,2.56,2.58,-0.11,0.0,96400.0
08/01/1990,2.81,2.88,2.69,2.69,-0.13,0.0,199600.0
07/31/1990,2.77,2.81,2.75,2.81,0.05,0.0,331200.0
07/30/1990,2.75,2.77,2.69,2.77,0.02,0.0,52800.0
07/27/1990,2.7,2.75,2.64,2.75,0.05,0.0,158800.0
07/26/1990,2.7,2.75,2.69,2.7,0.0,0.0,75200.0
07/25/1990,2.75,2.81,2.69,2.7,-0.05,0.0,912400.0
07/24/1990,2.77,2.81,2.75,2.75,-0.02,0.0,174800.0
07/23/1990,2.81,2.81,2.75,2.77,-0.05,0.0,258000.0
07/20/1990,2.88,2.94,2.77,2.81,-0.06,0.0,757600.0
07/19/1990,3.0,3.0,2.88,2.88,-0.13,0.0,930400.0
07/18/1990,2.94,3.0,2.94,3.0,0.06,0.0,48000.0
07/17/1990,3.0,3.0,2.94,2.94,-0.06,0.0,94000.0
07/16/1990,3.0,3.0,2.94,3.0,0.0,0.0,29600.0
07/13/1990,3.0,3.0,2.94,3.0,0.0,0.0,91200.0
07/12/1990,2.94,3.0,2.88,3.0,0.06,0.0,785600.0
07/11/1990,2.88,2.94,2.83,2.94,0.06,0.0,234800.0
07/10/1990,2.88,2.89,2.83,2.88,0.0,0.0,61200.0
07/09/1990,2.94,3.06,2.81,2.88,-0.06,0.0,248400.0
07/06/1990,3.0,3.0,2.94,2.94,-0.13,0.0,58800.0
07/05/1990,3.06,3.06,2.94,3.06,0.0,0.0,109600.0
07/03/1990,3.02,3.08,3.02,3.06,0.05,0.0,194000.0
07/02/1990,3.0,3.13,2.89,3.02,0.02,0.0,281600.0
06/29/1990,2.89,3.0,2.89,3.0,0.13,0.0,106400.0
06/28/1990,2.81,2.95,2.81,2.88,0.06,0.0,118800.0
06/27/1990,2.83,2.88,2.81,2.81,-0.02,0.0,115600.0
06/26/1990,2.81,2.88,2.81,2.83,0.06,0.0,103200.0
06/25/1990,2.88,2.88,2.77,2.77,-0.13,0.0,470799.0
06/22/1990,2.94,2.95,2.88,2.89,-0.05,0.0,552000.0
06/21/1990,2.88,2.94,2.83,2.94,0.06,0.0,510400.0
06/20/1990,2.77,2.88,2.77,2.88,0.11,0.0,316000.0
06/19/1990,2.81,2.81,2.75,2.77,-0.06,0.0,64400.0
06/18/1990,2.81,2.83,2.75,2.83,0.02,0.0,329600.0
06/15/1990,2.77,2.81,2.75,2.81,0.05,0.0,284400.0
06/14/1990,2.88,2.88,2.77,2.77,-0.11,0.0,174000.0
06/13/1990,2.94,2.94,2.83,2.88,-0.06,0.0,254800.0
06/12/1990,2.83,2.94,2.83,2.94,0.11,0.0,162400.0
06/11/1990,2.89,2.94,2.83,2.83,-0.06,0.0,101600.0
06/08/1990,2.95,2.95,2.88,2.89,-0.06,0.0,636400.0
06/07/1990,2.88,2.95,2.88,2.95,0.08,0.0,151200.0
06/06/1990,2.88,2.94,2.83,2.88,0.0,0.0,326800.0
06/05/1990,3.0,3.0,2.88,2.88,-0.13,0.0,813200.0
06/04/1990,2.95,3.0,2.95,3.0,0.05,0.0,336400.0
06/01/1990,2.95,3.0,2.94,2.95,0.0,0.0,1073200.0
05/31/1990,2.94,3.0,2.89,2.95,0.02,0.0,320000.0
05/30/1990,2.83,2.94,2.81,2.94,0.11,0.0,590400.0
05/29/1990,2.7,2.83,2.7,2.83,0.13,0.0,1823200.0
05/25/1990,2.77,2.81,2.69,2.7,-0.06,0.0,144800.0
05/24/1990,2.75,2.77,2.75,2.77,0.02,0.0,544400.0
05/23/1990,2.81,2.81,2.75,2.75,-0.08,0.0,560000.0
05/22/1990,2.81,2.94,2.81,2.83,0.02,0.0,648800.0
05/21/1990,2.64,2.95,2.63,2.81,0.17,0.0,1808800.0
05/18/1990,2.52,2.69,2.5,2.64,0.13,0.0,627200.0
05/17/1990,2.45,2.56,2.44,2.52,0.06,0.0,649600.0
05/16/1990,2.44,2.5,2.38,2.45,0.02,0.0,1628000.0
05/15/1990,2.39,2.44,2.38,2.44,0.05,0.0,477600.0
05/14/1990,2.38,2.45,2.38,2.39,0.02,0.0,322800.0
05/11/1990,2.44,2.44,2.38,2.38,-0.06,0.0,284400.0
05/10/1990,2.44,2.44,2.38,2.44,0.0,0.0,246400.0
05/09/1990,2.44,2.44,2.38,2.44,0.0,0.0,100000.0
05/08/1990,2.38,2.44,2.31,2.44,0.06,0.0,131600.0
05/07/1990,2.33,2.38,2.33,2.38,0.06,0.0,40800.0
05/04/1990,2.31,2.38,2.25,2.31,0.0,0.0,324400.0
05/03/1990,2.25,2.31,2.25,2.31,0.06,0.0,45600.0
05/02/1990,2.27,2.27,2.25,2.25,-0.02,0.0,82400.0
05/01/1990,2.27,2.27,2.25,2.27,-0.05,0.0,42800.0
04/30/1990,2.27,2.31,2.25,2.31,0.05,0.0,56400.0
04/27/1990,2.33,2.33,2.25,2.27,-0.13,0.0,205600.0
04/26/1990,2.31,2.44,2.31,2.39,0.08,0.0,58800.0
04/25/1990,2.25,2.38,2.19,2.31,0.06,0.0,181600.0
04/24/1990,2.19,2.25,2.14,2.25,0.06,0.0,389200.0
04/23/1990,2.25,2.25,2.13,2.19,-0.06,0.0,680000.0
04/20/1990,2.31,2.31,2.25,2.25,-0.13,0.0,797600.0
04/19/1990,2.44,2.44,2.33,2.38,-0.06,0.0,264800.0
04/18/1990,2.5,2.56,2.44,2.44,-0.06,0.0,312400.0
04/17/1990,2.5,2.56,2.5,2.5,0.0,0.0,82800.0
04/16/1990,2.56,2.63,2.5,2.5,-0.06,0.0,148400.0
04/12/1990,2.64,2.69,2.52,2.56,-0.08,0.0,406000.0
04/11/1990,2.5,2.64,2.45,2.64,0.14,0.0,2848800.0
04/10/1990,2.45,2.52,2.45,2.5,0.05,0.0,667200.0
04/09/1990,2.45,2.52,2.45,2.45,0.0,0.0,214000.0
04/06/1990,2.5,2.52,2.45,2.45,-0.05,0.0,964400.0
04/05/1990,2.5,2.52,2.45,2.5,0.0,0.0,3251200.0
04/04/1990,2.44,2.56,2.44,2.5,0.06,0.0,862000.0
04/03/1990,2.2,2.45,2.19,2.44,0.23,0.0,1432800.0
04/02/1990,2.14,2.2,2.14,2.2,0.06,0.0,138800.0
03/30/1990,2.14,2.25,2.14,2.14,0.0,0.0,14000.0
03/29/1990,2.2,2.25,2.14,2.14,-0.06,0.0,74800.0
03/28/1990,2.25,2.25,2.19,2.2,-0.05,0.0,37200.0
03/27/1990,2.14,2.25,2.14,2.25,0.11,0.0,24800.0
03/26/1990,2.19,2.25,2.14,2.14,-0.05,0.0,242400.0
03/23/1990,2.14,2.25,2.14,2.19,0.05,0.0,108000.0
03/22/1990,2.19,2.19,2.14,2.14,-0.05,0.0,270800.0
03/21/1990,2.14,2.2,2.14,2.19,0.05,0.0,114800.0
03/20/1990,2.2,2.25,2.14,2.14,-0.06,0.0,103600.0
03/19/1990,2.2,2.27,2.14,2.2,0.0,0.0,73600.0
03/16/1990,2.2,2.27,2.2,2.2,0.0,0.0,115200.0
03/15/1990,2.2,2.33,2.2,2.2,0.14,0.0,260800.0
03/14/1990,2.0,2.31,2.0,2.06,0.06,0.0,1038800.0
03/13/1990,2.0,2.02,1.95,2.0,0.0,0.0,212400.0
03/12/1990,2.0,2.02,1.95,2.0,0.0,0.0,460800.0
03/09/1990,1.89,2.02,1.89,2.0,0.11,0.0,540000.0
03/08/1990,1.95,1.95,1.89,1.89,-0.06,0.0,30000.0
03/07/1990,1.89,1.95,1.88,1.95,0.06,0.0,748000.0
03/06/1990,1.81,1.89,1.81,1.89,0.08,0.0,575200.0
03/05/1990,1.81,1.88,1.81,1.81,0.0,0.0,12800.0
03/02/1990,1.88,1.88,1.81,1.81,-0.06,0.0,518400.0
03/01/1990,1.81,1.88,1.77,1.88,0.06,0.0,188000.0
02/28/1990,1.75,1.81,1.75,1.81,0.06,0.0,205200.0
02/27/1990,1.77,1.81,1.75,1.75,-0.02,0.0,302400.0
02/26/1990,1.75,1.81,1.75,1.77,0.02,0.0,70400.0
02/23/1990,1.77,1.81,1.7,1.75,-0.02,0.0,160800.0
02/22/1990,1.75,1.83,1.75,1.77,0.02,0.0,148400.0
02/21/1990,1.81,1.81,1.75,1.75,-0.06,0.0,560400.0
02/20/1990,1.83,1.88,1.81,1.81,-0.02,0.0,346800.0
02/16/1990,1.83,1.88,1.81,1.83,0.0,0.0,306800.0
02/15/1990,1.88,1.89,1.83,1.83,-0.05,0.0,548000.0
02/14/1990,1.88,1.89,1.83,1.88,0.0,0.0,65200.0
02/13/1990,1.88,1.89,1.81,1.88,0.0,0.0,382000.0
02/12/1990,1.88,1.88,1.81,1.88,0.0,0.0,21600.0
02/09/1990,1.88,1.88,1.81,1.88,0.0,0.0,55200.0
02/08/1990,1.81,1.88,1.81,1.88,0.06,0.0,214800.0
02/07/1990,1.77,1.88,1.75,1.81,0.05,0.0,628800.0
02/06/1990,1.83,1.83,1.75,1.77,-0.06,0.0,1996000.0
02/05/1990,1.88,1.89,1.77,1.83,-0.05,0.0,350400.0
02/02/1990,1.89,1.94,1.83,1.88,-0.02,0.0,82000.0
02/01/1990,1.83,1.94,1.83,1.89,0.06,0.0,41600.0
01/31/1990,1.88,1.94,1.77,1.83,-0.05,0.0,489600.0
01/30/1990,1.94,1.95,1.88,1.88,-0.06,0.0,961200.0
01/29/1990,1.94,2.06,1.88,1.94,0.0,0.0,113200.0
01/26/1990,1.94,2.0,1.94,1.94,0.0,0.0,228400.0
01/25/1990,2.0,2.06,1.94,1.94,-0.06,0.0,508400.0
01/24/1990,1.95,2.0,1.89,2.0,0.05,0.0,70800.0
01/23/1990,1.95,2.0,1.95,1.95,0.0,0.0,203200.0
01/22/1990,2.0,2.06,1.94,1.95,-0.05,0.0,268000.0
01/19/1990,2.0,2.06,2.0,2.0,0.0,0.0,65600.0
01/18/1990,2.02,2.06,2.0,2.0,-0.02,0.0,268000.0
01/17/1990,2.06,2.08,2.0,2.02,-0.05,0.0,91200.0
01/16/1990,2.0,2.06,2.0,2.06,0.06,0.0,272000.0
01/15/1990,2.0,2.0,2.0,2.0,0.0,0.0,10000.0
01/12/1990,2.06,2.08,2.0,2.0,-0.06,0.0,80000.0
01/11/1990,2.06,2.13,2.06,2.06,0.0,0.0,288000.0
01/10/1990,2.13,2.13,2.06,2.06,-0.06,0.0,50000.0
01/09/1990,2.13,2.13,2.06,2.13,0.0,0.0,188000.0
01/08/1990,2.02,2.13,2.0,2.13,0.11,0.0,76400.0
01/05/1990,2.14,2.19,2.0,2.02,-0.13,0.0,999199.0
01/04/1990,2.13,2.19,2.13,2.14,0.02,0.0,126800.0
01/03/1990,2.25,2.25,2.13,2.13,-0.13,0.0,28000.0
01/02/1990,2.19,2.25,2.13,2.25,0.0,0.0,63600.0
