01/18/2024,2.86,2.8721,2.6262,2.725,0.0,0.0,7719.0
01/17/2024,2.8401,2.8401,2.59,2.77,0.0,0.0,14818.0
01/16/2024,2.81,2.8893,2.7,2.7001,0.0,0.0,16879.0
01/12/2024,2.9996,3.035,2.8662,2.92,0.0,0.0,24062.0
01/11/2024,3.02,3.02,2.9037,2.93,0.0,0.0,6224.0
01/10/2024,3.1197,3.1197,2.91,3.04,0.0,0.0,15576.0
01/09/2024,3.05,3.1499,2.99,3.09,0.0,0.0,21696.0
01/08/2024,2.85,3.2419,2.83,3.064,0.0,0.0,61926.0
01/05/2024,2.85,2.85,2.765,2.78,0.0,0.0,9559.0
01/04/2024,2.6886,2.82,2.6886,2.7,0.0,0.0,4270.0
01/03/2024,2.8608,2.87,2.68,2.79,0.0,0.0,16102.0
01/02/2024,2.64,2.904,2.64,2.895,0.0,0.0,5058.0
