02/06/2024,93.51,96.02,93.17,96.0,0.0,0.0,383316.0
02/05/2024,93.87,93.87,92.31,93.35,0.0,0.0,406763.0
02/02/2024,93.56,93.85,91.98,92.65,0.0,0.0,439395.0
02/01/2024,94.83,94.85,92.9504,94.51,0.0,0.0,455568.0
01/31/2024,94.0,96.74,93.68,95.04,0.0,0.0,532664.0
01/30/2024,95.62,95.99,93.93,94.98,0.0,0.0,553447.0
01/29/2024,94.53,95.83,93.32,95.78,0.0,0.0,532110.0
01/26/2024,95.59,95.7034,92.68,94.8,0.0,0.0,1172428.0
01/25/2024,98.06,99.25,95.68,96.9,0.0,0.0,2088328.0
01/24/2024,100.8,101.13,97.95,98.9,0.0,0.0,513731.0
01/23/2024,99.7,100.36,98.445,100.29,0.0,0.0,621624.0
01/22/2024,98.39,99.91,97.5,99.81,0.0,0.0,857370.0
01/19/2024,97.3,98.38,95.9,98.22,0.0,0.0,1547774.0
01/18/2024,97.79,97.99,96.33,97.53,0.0,0.0,562528.0
01/17/2024,97.8,97.98,96.45,97.6,0.0,0.0,816449.0
01/16/2024,101.54,101.88,99.41,99.57,0.0,0.0,1039778.0
01/12/2024,103.7,106.55,103.16,103.57,0.0,0.0,368249.0
01/11/2024,106.0,106.0,100.5,103.68,0.0,0.0,866118.0
01/10/2024,107.78,107.84,103.97,106.0,0.0,0.0,1127921.0
01/09/2024,109.1,110.0,106.61,108.7,0.0,0.0,1022972.0
01/08/2024,112.92,112.92,110.065,111.88,0.0,0.0,656651.0
01/05/2024,106.73,112.6,105.64,111.66,0.0,0.0,826834.0
01/04/2024,110.14,110.82,107.06,107.49,0.0,0.0,522637.0
01/03/2024,110.49,111.5864,108.39,110.07,0.0,0.0,698145.0
01/02/2024,105.17,114.695,105.17,112.345,0.0,0.0,1370583.0
