02/06/2024,14.95,15.84,14.87,15.83,0.0,0.0,459136.0
02/05/2024,14.69,15.03,14.5,15.01,0.0,0.0,367491.0
02/02/2024,15.23,15.31,14.63,14.92,0.0,0.0,416323.0
02/01/2024,15.27,15.52,15.11,15.49,0.0,0.0,459682.0
01/31/2024,14.41,15.62,14.41,15.05,0.0,0.0,583967.0
01/30/2024,14.55,14.66,14.18,14.5,0.0,0.0,366210.0
01/29/2024,14.2,14.97,13.86,14.5,0.0,0.0,623819.0
01/26/2024,13.75,14.25,13.63,14.21,0.0,0.0,807784.0
01/25/2024,13.71,13.95,13.535,13.63,0.0,0.0,301314.0
01/24/2024,13.89,13.92,13.55,13.56,0.0,0.0,236047.0
01/23/2024,14.29,14.31,13.49,13.75,0.0,0.0,432511.0
01/22/2024,14.01,14.33,13.87,14.0,0.0,0.0,334682.0
01/19/2024,13.89,14.17,13.42,13.92,0.0,0.0,388320.0
01/18/2024,13.94,13.94,13.44,13.79,0.0,0.0,425694.0
01/17/2024,13.64,13.84,13.46,13.81,0.0,0.0,351495.0
01/16/2024,13.75,13.99,13.6,13.93,0.0,0.0,403066.0
01/12/2024,14.03,14.39,13.87,13.94,0.0,0.0,246913.0
01/11/2024,14.0,14.055,13.51,13.81,0.0,0.0,548641.0
01/10/2024,14.5,14.6,13.97,14.0,0.0,0.0,500004.0
01/09/2024,14.85,14.85,14.105,14.49,0.0,0.0,541132.0
01/08/2024,14.3,14.975,14.22,14.94,0.0,0.0,504814.0
01/05/2024,14.1,14.58,13.71,14.44,0.0,0.0,414122.0
01/04/2024,14.17,14.54,13.75,14.32,0.0,0.0,387541.0
01/03/2024,14.42,14.42,13.905,14.02,0.0,0.0,401368.0
01/02/2024,14.36,15.22,14.36,14.52,0.0,0.0,643373.0
