02/26/2024,130.0,131.5,128.78,129.35,0.0,0.0,2323920.0
02/23/2024,131.77,132.78,129.135,129.51,0.0,0.0,3498398.0
02/22/2024,130.2,132.52,129.76,131.12,0.0,0.0,4298575.0
02/21/2024,124.81,126.65,123.4328,125.84,0.0,0.0,3501281.0
02/20/2024,128.0,129.05,125.1,127.66,0.0,0.0,3732108.0
02/16/2024,131.98,132.48,128.44,129.74,0.0,0.0,4977646.0
02/15/2024,136.36,137.45,131.32,131.84,0.0,0.0,6140178.0
02/14/2024,134.79,137.9316,133.415,136.15,0.0,0.0,8112834.0
02/13/2024,126.5,138.61,123.5,131.68,0.0,0.0,15677801
02/12/2024,135.13,137.105,133.31,134.85,0.0,0.0,9350326.0
02/09/2024,135.81,137.85,134.68,134.91,0.0,0.0,6683393.0
02/08/2024,128.08,133.24,127.87,131.45,0.0,0.0,4361318.0
02/07/2024,131.3,132.87,130.16,130.62,0.0,0.0,3696279.0
02/06/2024,132.08,132.78,126.85,129.18,0.0,0.0,3693786.0
02/05/2024,135.14,137.93,129.8,131.14,0.0,0.0,4089841.0
02/02/2024,132.015,135.22,130.25,134.31,0.0,0.0,7697226.0
02/01/2024,125.67,127.55,123.87,126.9,0.0,0.0,3222425.0
01/31/2024,123.29,127.32,122.55,124.44,0.0,0.0,3983565.0
01/30/2024,128.36,129.06,125.51,126.83,0.0,0.0,3371515.0
01/29/2024,124.78,128.94,124.59,128.87,0.0,0.0,3609598.0
01/26/2024,121.46,124.92,120.59,123.95,0.0,0.0,4501588.0
01/25/2024,123.61,123.6893,119.34,122.19,0.0,0.0,9431958.0
01/24/2024,130.495,130.495,122.22,122.58,0.0,0.0,1.049483E+7
01/23/2024,133.0,133.15,128.56,129.01,0.0,0.0,5797527.0
01/22/2024,133.4,136.075,131.79,132.98,0.0,0.0,4907986.0
01/19/2024,128.05,130.5,126.62,130.31,0.0,0.0,3972195.0
01/18/2024,128.21,128.64,123.92,126.92,0.0,0.0,4072373.0
01/17/2024,122.81,126.0649,120.28,126.03,0.0,0.0,6172356.0
01/16/2024,122.76,124.89,121.96,123.79,0.0,0.0,3105571.0
01/12/2024,121.0,123.09,120.01,123.0,0.0,0.0,3665096.0
01/11/2024,121.455,121.8599,118.43,120.88,0.0,0.0,3001609.0
01/10/2024,121.75,121.9993,118.4301,120.19,0.0,0.0,4219822.0
01/09/2024,118.46,121.74,118.28,121.18,0.0,0.0,2560052.0
01/08/2024,116.61,119.84,116.61,119.25,0.0,0.0,3002357.0
01/05/2024,113.02,117.04,112.9875,115.99,0.0,0.0,4539479.0
01/04/2024,111.645,113.86,110.695,113.02,0.0,0.0,3675303.0
01/03/2024,113.76,114.23,111.27,112.42,0.0,0.0,3666023.0
01/02/2024,119.225,119.225,114.2777,115.08,0.0,0.0,4431180.0
