01/18/2024,0.92,0.95,0.831401,0.8876,0.0,0.0,3708669.0
01/17/2024,0.8011,0.8946,0.7251,0.8881,0.0,0.0,12177309
01/16/2024,0.8,0.8099,0.76,0.7724,0.0,0.0,4587068.0
01/12/2024,0.891,0.8977,0.7875,0.7888,0.0,0.0,8364304.0
01/11/2024,0.93,0.93,0.8602,0.8706,0.0,0.0,6951734.0
01/10/2024,0.9635,0.9635,0.9105,0.9261,0.0,0.0,3853124.0
01/09/2024,1.0,1.0064,0.9303,0.95,0.0,0.0,4244991.0
01/08/2024,0.95,0.9988,0.91,0.9981,0.0,0.0,4143009.0
01/05/2024,0.965,1.01,0.9223,0.9408,0.0,0.0,5723821.0
01/04/2024,1.0,1.02,0.94,0.95,0.0,0.0,8771093.0
01/03/2024,1.05,1.065,0.95,0.9945,0.0,0.0,15331152
01/02/2024,1.11,1.14,1.04,1.05,0.0,0.0,4928137.0
