01/18/2024,14.87,14.88,14.45,14.7,0.0,0.0,446440.0
01/17/2024,15.17,15.21,14.4,14.72,0.0,0.0,674787.0
01/16/2024,15.17,15.64,15.0369,15.24,0.0,0.0,652391.0
01/12/2024,15.73,15.74,15.03,15.42,0.0,0.0,715738.0
01/11/2024,15.72,15.91,15.41,15.58,0.0,0.0,664222.0
01/10/2024,15.25,15.64,15.205,15.4,0.0,0.0,1284784.0
01/09/2024,15.32,16.07,15.1913,15.34,0.0,0.0,1602567.0
01/08/2024,13.48,15.96,13.3,15.49,0.0,0.0,1933929.0
01/05/2024,12.64,13.08,12.52,13.0,0.0,0.0,788086.0
01/04/2024,12.71,12.71,12.16,12.64,0.0,0.0,646177.0
01/03/2024,13.03,13.2099,12.545,12.6,0.0,0.0,633092.0
01/02/2024,13.57,13.715,13.07,13.27,0.0,0.0,674474.0
