01/22/2024,1.97,1.99,1.93,1.93,0.0,0.0,2564.0
01/19/2024,1.9,1.95,1.9,1.92,0.0,0.0,1176.0
01/18/2024,1.83,2.0,1.83,1.97,0.0,0.0,26020.0
01/17/2024,1.8516,1.87,1.8516,1.87,0.0,0.0,1322.0
01/16/2024,1.85,1.88,1.8301,1.86,0.0,0.0,14144.0
01/12/2024,1.88,1.88,1.81,1.83,0.0,0.0,2400.0
01/11/2024,1.83,1.865,1.8,1.81,0.0,0.0,6570.0
01/10/2024,1.8771,1.89,1.82,1.89,0.0,0.0,4300.0
01/09/2024,1.88,1.885,1.87,1.8795,0.0,0.0,2266.0
01/08/2024,1.8,1.9,1.8,1.87,0.0,0.0,14487.0
01/05/2024,1.88,1.9,1.85,1.88,0.0,0.0,21264.0
01/04/2024,1.83,1.88,1.8,1.88,0.0,0.0,22408.0
01/03/2024,1.9,1.9011,1.82,1.87,0.0,0.0,4046.0
01/02/2024,1.89,1.93,1.875,1.9109,0.0,0.0,3143.0
