01/22/2024,32.02,32.74,31.88,32.53,0.0,0.0,219439.0
01/19/2024,32.1,32.1,30.39,31.66,0.0,0.0,315779.0
01/18/2024,31.81,32.1,31.235,31.92,0.0,0.0,191923.0
01/17/2024,31.72,32.24,31.32,31.89,0.0,0.0,269815.0
01/16/2024,31.05,32.15,30.6,32.15,0.0,0.0,251848.0
01/12/2024,31.69,31.93,31.32,31.32,0.0,0.0,233835.0
01/11/2024,31.53,31.53,30.61,31.37,0.0,0.0,244734.0
01/10/2024,32.61,33.36,31.44,31.87,0.0,0.0,353362.0
01/09/2024,32.34,33.17,31.26,32.59,0.0,0.0,406053.0
01/08/2024,32.61,32.87,30.64,32.71,0.0,0.0,604137.0
01/05/2024,31.5,32.4999,31.07,31.98,0.0,0.0,696222.0
01/04/2024,31.47,32.005,31.2,31.94,0.0,0.0,385355.0
01/03/2024,30.54,31.43,30.05,31.21,0.0,0.0,638327.0
01/02/2024,31.1,32.06,29.0101,30.79,0.0,0.0,912341.0
