02/06/2024,14.33,15.0,14.33,14.9,0.0,0.0,2594.0
02/05/2024,14.75,14.89,14.63,14.89,0.0,0.0,643.0
02/02/2024,14.33,14.665,14.33,14.45,0.0,0.0,1187.0
02/01/2024,15.0,15.0,14.25,14.37,0.0,0.0,11407.0
01/31/2024,14.87,15.0,14.6,14.8,0.0,0.0,3219.0
01/30/2024,14.75,14.7595,14.75,14.7595,0.0,0.0,429.0
01/29/2024,14.7,14.78,14.21,14.78,0.0,0.0,6859.0
01/26/2024,15.12,15.12,14.8,14.8,0.0,0.0,6157.0
01/25/2024,15.23,15.27,15.23,15.27,0.0,0.0,1771.0
01/23/2024,15.35,15.4,15.27,15.27,0.0,0.0,2318.0
01/22/2024,15.06,15.3,15.06,15.3,0.0,0.0,773.0
01/19/2024,15.17,15.4998,15.1305,15.33,0.0,0.0,2887.0
01/18/2024,15.2799,15.2799,15.0,15.25,0.0,0.0,1823.0
01/17/2024,15.2,15.4399,15.0,15.28,0.0,0.0,3348.0
01/16/2024,15.5,15.5,15.25,15.3,0.0,0.0,1936.0
01/12/2024,15.86,15.93,15.45,15.75,0.0,0.0,1709.0
01/11/2024,15.2725,15.75,15.21,15.36,0.0,0.0,1835.0
01/10/2024,15.73,15.75,15.72,15.75,0.0,0.0,2040.0
01/09/2024,15.47,15.75,15.47,15.75,0.0,0.0,1741.0
01/08/2024,15.9072,16.0,15.67,15.75,0.0,0.0,11275.0
01/05/2024,16.0,16.5005,15.9,16.15,0.0,0.0,8877.0
01/04/2024,15.55,16.0,15.36,15.9001,0.0,0.0,7525.0
01/03/2024,15.18,15.685,15.18,15.35,0.0,0.0,6040.0
01/02/2024,15.165,15.88,15.0,15.775,0.0,0.0,12964.0
