01/17/2024,1.71,1.77,1.64,1.75,0.0,0.0,155965.0
01/16/2024,1.8,1.8,1.71,1.71,0.0,0.0,219768.0
01/12/2024,1.83,1.85,1.7798,1.78,0.0,0.0,44093.0
01/11/2024,1.79,1.82,1.75,1.81,0.0,0.0,95884.0
01/10/2024,1.74,1.81,1.74,1.81,0.0,0.0,97912.0
01/09/2024,1.77,1.78,1.7401,1.75,0.0,0.0,58540.0
01/08/2024,1.69,1.77,1.69,1.76,0.0,0.0,169247.0
01/05/2024,1.73,1.76,1.68,1.68,0.0,0.0,151234.0
01/04/2024,1.75,1.77,1.715,1.74,0.0,0.0,188466.0
01/03/2024,1.8,1.8309,1.75,1.77,0.0,0.0,146210.0
01/02/2024,1.98,1.98,1.81,1.82,0.0,0.0,289623.0
