01/17/2024,7.76,7.85,7.61,7.82,0.0,0.0,125917.0
01/16/2024,7.77,7.91,7.679,7.89,0.0,0.0,118982.0
01/12/2024,8.1,8.245,7.9,7.91,0.0,0.0,111050.0
01/11/2024,8.23,8.29,7.89,8.08,0.0,0.0,91241.0
01/10/2024,8.07,8.285,7.97,8.24,0.0,0.0,223532.0
01/09/2024,7.74,8.28,7.74,8.02,0.0,0.0,183982.0
01/08/2024,7.42,7.87,7.41,7.87,0.0,0.0,220122.0
01/05/2024,7.24,7.53,7.24,7.39,0.0,0.0,165653.0
01/04/2024,7.2,7.34,7.13,7.27,0.0,0.0,176837.0
01/03/2024,7.36,7.46,7.17,7.17,0.0,0.0,167544.0
01/02/2024,7.54,7.55,7.3267,7.41,0.0,0.0,240246.0
