02/06/2024,0.464,0.464,0.46,0.463899,0.0,0.0,11964.0
02/05/2024,0.504,0.504,0.459899,0.464,0.0,0.0,26766.0
02/02/2024,0.4422,0.529,0.4422,0.5279,0.0,0.0,6977.0
02/01/2024,0.5226,0.5349,0.4211,0.4817,0.0,0.0,24571.0
01/31/2024,0.55,0.555,0.55,0.555,0.0,0.0,1622.0
01/30/2024,0.526,0.53,0.5225,0.53,0.0,0.0,9039.0
01/29/2024,0.512,0.54,0.512,0.533601,0.0,0.0,7116.0
01/26/2024,0.5801,0.59,0.5225,0.5266,0.0,0.0,42770.0
01/25/2024,0.615001,0.63,0.58,0.63,0.0,0.0,4926.0
01/24/2024,0.59,0.6,0.57,0.575,0.0,0.0,5355.0
01/23/2024,0.68,0.68,0.58,0.631,0.0,0.0,21493.0
01/22/2024,0.55,0.69,0.55,0.62,0.0,0.0,29551.0
01/19/2024,0.58,0.58,0.5501,0.58,0.0,0.0,11011.0
01/18/2024,0.5448,0.58,0.5313,0.58,0.0,0.0,12065.0
01/17/2024,0.5101,0.579999,0.5101,0.5448,0.0,0.0,42667.0
01/16/2024,0.5458,0.5459,0.52,0.52,0.0,0.0,27521.0
01/12/2024,0.5576,0.58,0.52,0.53,0.0,0.0,25651.0
01/11/2024,0.5601,0.575,0.5264,0.5265,0.0,0.0,15218.0
01/10/2024,0.5826,0.599999,0.56,0.5814,0.0,0.0,11616.0
01/09/2024,0.5898,0.6403,0.551,0.5676,0.0,0.0,28477.0
01/08/2024,0.585299,0.585299,0.542601,0.5615,0.0,0.0,113363.0
01/05/2024,0.57,0.5958,0.5407,0.5853,0.0,0.0,26195.0
01/04/2024,0.5998,0.67,0.5752,0.5958,0.0,0.0,65377.0
01/03/2024,0.56,0.7215,0.5481,0.629,0.0,0.0,362784.0
01/02/2024,0.43,0.91,0.43,0.5882,0.0,0.0,2443400.0
