03/20/2024,37.82,39.475,37.57,38.96,0.0,0.0,166353.0
03/19/2024,36.21,38.29,36.2,38.21,0.0,0.0,223566.0
03/18/2024,37.54,37.54,36.3,36.47,0.0,0.0,209486.0
03/15/2024,38.11,38.48,37.45,37.6,0.0,0.0,828052.0
03/14/2024,39.2,39.48,37.72,38.48,0.0,0.0,257358.0
03/13/2024,40.15,40.5,38.905,39.63,0.0,0.0,209759.0
03/12/2024,41.08,41.32,39.7,40.46,0.0,0.0,393797.0
03/11/2024,37.99,41.77,37.8,41.33,0.0,0.0,433062.0
03/08/2024,37.72,38.09,36.975,37.47,0.0,0.0,150984.0
03/07/2024,36.61,37.4099,36.61,37.03,0.0,0.0,189048.0
03/06/2024,36.6,37.03,36.01,36.09,0.0,0.0,153199.0
03/05/2024,37.3,37.64,36.08,36.1,0.0,0.0,140179.0
03/04/2024,38.45,38.61,37.8,37.82,0.0,0.0,216139.0
03/01/2024,42.44,42.72,37.55,38.02,0.0,0.0,341252.0
02/29/2024,37.75,42.15,36.5301,41.38,0.0,0.0,637276.0
02/28/2024,32.54,33.46,32.54,33.01,0.0,0.0,126639.0
02/27/2024,32.83,33.33,32.73,33.05,0.0,0.0,121282.0
02/26/2024,32.09,33.18,31.78,32.44,0.0,0.0,91202.0
02/23/2024,32.3,33.21,31.75,32.29,0.0,0.0,113804.0
02/22/2024,32.95,33.085,32.2,32.31,0.0,0.0,96675.0
02/21/2024,32.96,33.17,32.51,32.91,0.0,0.0,130428.0
02/20/2024,32.97,33.74,32.8,33.08,0.0,0.0,123328.0
02/16/2024,33.9,34.694,33.53,33.68,0.0,0.0,106749.0
02/15/2024,33.41,34.41,33.255,34.4,0.0,0.0,119341.0
02/14/2024,32.76,33.42,32.2301,33.01,0.0,0.0,98161.0
02/13/2024,33.07,33.3999,31.41,31.98,0.0,0.0,187852.0
02/12/2024,33.65,35.5,33.65,35.08,0.0,0.0,211817.0
02/09/2024,33.06,33.93,32.95,33.53,0.0,0.0,129577.0
02/08/2024,31.59,33.27,31.4501,32.93,0.0,0.0,178998.0
02/07/2024,32.13,32.25,31.22,31.59,0.0,0.0,135445.0
02/06/2024,31.12,32.56,30.9411,32.08,0.0,0.0,112354.0
02/05/2024,30.66,31.57,29.915,31.16,0.0,0.0,206112.0
02/02/2024,30.91,31.61,30.75,31.25,0.0,0.0,130743.0
02/01/2024,29.56,31.26,29.56,31.25,0.0,0.0,147823.0
01/31/2024,30.71,30.85,29.2,29.21,0.0,0.0,171145.0
01/30/2024,31.58,31.9248,30.66,30.83,0.0,0.0,68701.0
01/29/2024,30.49,32.0,30.095,31.89,0.0,0.0,156859.0
01/26/2024,31.15,31.6355,30.15,30.5,0.0,0.0,111069.0
01/25/2024,30.91,31.25,30.25,30.75,0.0,0.0,115187.0
01/24/2024,31.22,31.65,30.21,30.22,0.0,0.0,154832.0
01/23/2024,31.53,31.53,30.06,30.58,0.0,0.0,192065.0
01/22/2024,28.8,30.94,28.8,30.88,0.0,0.0,252276.0
01/19/2024,27.71,28.34,27.14,28.26,0.0,0.0,498968.0
01/18/2024,26.88,27.58,25.9786,27.48,0.0,0.0,227875.0
01/17/2024,27.1,27.66,26.56,26.65,0.0,0.0,269355.0
01/16/2024,27.59,27.9,27.31,27.79,0.0,0.0,236810.0
01/12/2024,28.66,29.2416,27.89,27.97,0.0,0.0,111617.0
01/11/2024,28.8,28.9759,27.41,28.24,0.0,0.0,167873.0
01/10/2024,28.39,29.78,28.14,29.1,0.0,0.0,352882.0
01/09/2024,28.45,28.95,28.03,28.45,0.0,0.0,172363.0
01/08/2024,28.64,29.1382,28.54,28.64,0.0,0.0,120203.0
01/05/2024,29.14,29.7082,28.51,28.64,0.0,0.0,303628.0
01/04/2024,30.39,30.39,29.35,29.46,0.0,0.0,155063.0
01/03/2024,31.62,31.62,30.22,30.25,0.0,0.0,152713.0
01/02/2024,31.76,32.75,31.49,31.94,0.0,0.0,188839.0
