01/22/2024,1.85,1.96,1.78,1.895,0.0,0.0,1128184.0
01/19/2024,1.71,1.865,1.64,1.86,0.0,0.0,1076544.0
01/18/2024,1.79,1.838,1.662,1.68,0.0,0.0,1012382.0
01/17/2024,1.88,1.88,1.73,1.77,0.0,0.0,1252692.0
01/16/2024,1.73,1.9211,1.7,1.9,0.0,0.0,1889112.0
01/12/2024,1.69,1.73,1.59,1.69,0.0,0.0,1012522.0
01/11/2024,1.44,1.74,1.4313,1.7,0.0,0.0,3022946.0
01/10/2024,1.4,1.48,1.3701,1.435,0.0,0.0,928291.0
01/09/2024,1.43,1.43,1.35,1.37,0.0,0.0,421501.0
01/08/2024,1.37,1.46,1.36,1.42,0.0,0.0,689064.0
01/05/2024,1.34,1.39,1.31,1.38,0.0,0.0,426227.0
01/04/2024,1.31,1.3606,1.31,1.34,0.0,0.0,303184.0
01/03/2024,1.3,1.34,1.25,1.32,0.0,0.0,478189.0
01/02/2024,1.33,1.3596,1.28,1.305,0.0,0.0,633571.0
