02/06/2024,121.1,122.5,120.625,120.72,0.0,0.0,448049.0
02/05/2024,120.0,121.05,118.475,120.82,0.0,0.0,583236.0
02/02/2024,121.14,122.66,118.885,121.38,0.0,0.0,861474.0
02/01/2024,121.53,123.615,119.86,123.24,0.0,0.0,935558.0
01/31/2024,123.31,123.45,119.27,120.26,0.0,0.0,1025367.0
01/30/2024,125.5,125.68,123.51,123.95,0.0,0.0,760585.0
01/29/2024,123.13,126.3,122.37,126.03,0.0,0.0,768033.0
01/26/2024,121.24,124.14,120.5,123.36,0.0,0.0,1008180.0
01/25/2024,118.0,120.715,118.0,119.38,0.0,0.0,819659.0
01/24/2024,120.67,120.785,117.5,117.56,0.0,0.0,647871.0
01/23/2024,121.12,121.89,118.245,119.14,0.0,0.0,748743.0
01/22/2024,120.93,121.67,118.22,119.66,0.0,0.0,938033.0
01/19/2024,117.92,121.05,117.005,120.78,0.0,0.0,885656.0
01/18/2024,118.0,118.06,115.48,117.9,0.0,0.0,933499.0
01/17/2024,117.52,118.56,115.49,116.69,0.0,0.0,1154873.0
01/16/2024,118.68,119.345,117.05,118.98,0.0,0.0,1038137.0
01/12/2024,123.15,123.15,118.9387,119.96,0.0,0.0,655688.0
01/11/2024,122.14,123.22,120.0,123.07,0.0,0.0,923741.0
01/10/2024,121.14,123.19,120.4,122.64,0.0,0.0,635910.0
01/09/2024,119.31,121.7,119.31,120.9,0.0,0.0,652111.0
01/08/2024,118.12,121.34,117.1201,120.76,0.0,0.0,763876.0
01/05/2024,117.23,120.66,116.71,117.0,0.0,0.0,912833.0
01/04/2024,118.34,118.76,117.03,117.25,0.0,0.0,779184.0
01/03/2024,118.82,120.6799,117.515,117.63,0.0,0.0,1072281.0
01/02/2024,120.96,122.84,120.13,121.83,0.0,0.0,871984.0
