02/26/2024,0.41,0.42,0.39,0.41,0.0,0.0,626343.0
02/23/2024,0.46,0.465,0.4126,0.4126,0.0,0.0,519852.0
02/22/2024,0.4476,0.4748,0.43,0.4359,0.0,0.0,635787.0
02/21/2024,0.471,0.495,0.43,0.441,0.0,0.0,1292822.0
02/20/2024,0.5,0.509999,0.4671,0.47,0.0,0.0,877887.0
02/16/2024,0.5108,0.54,0.49,0.491,0.0,0.0,273450.0
02/15/2024,0.4957,0.535,0.4957,0.5147,0.0,0.0,377611.0
02/14/2024,0.5,0.54,0.4825,0.511,0.0,0.0,235733.0
02/13/2024,0.4981,0.53,0.481,0.489,0.0,0.0,325003.0
02/12/2024,0.509,0.560169,0.504,0.5135,0.0,0.0,301244.0
02/09/2024,0.55,0.56,0.5224,0.5224,0.0,0.0,484663.0
02/08/2024,0.495,0.5849,0.4922,0.5363,0.0,0.0,528160.0
02/07/2024,0.5291,0.5608,0.4913,0.51,0.0,0.0,262693.0
02/06/2024,0.4846,0.5741,0.48,0.531,0.0,0.0,314069.0
02/05/2024,0.5501,0.5726,0.47,0.505,0.0,0.0,1628516.0
02/02/2024,0.6,0.608,0.52,0.5251,0.0,0.0,1193241.0
02/01/2024,0.624,0.663352,0.581,0.6047,0.0,0.0,271951.0
01/31/2024,0.6366,0.65,0.614,0.6142,0.0,0.0,197927.0
01/30/2024,0.61,0.6788,0.585801,0.6428,0.0,0.0,441328.0
01/29/2024,0.5811,0.6136,0.5702,0.607,0.0,0.0,202954.0
01/26/2024,0.58,0.63,0.571,0.5948,0.0,0.0,260439.0
01/25/2024,0.5953,0.6273,0.57,0.5787,0.0,0.0,251409.0
01/24/2024,0.59,0.64,0.574,0.6011,0.0,0.0,842385.0
01/23/2024,0.6037,0.63,0.5631,0.573,0.0,0.0,174058.0
01/22/2024,0.56,0.6238,0.55,0.6,0.0,0.0,689515.0
01/19/2024,0.5731,0.6332,0.553,0.5802,0.0,0.0,755581.0
01/18/2024,0.5059,0.6176,0.49,0.5813,0.0,0.0,1720675.0
01/17/2024,0.55,0.56999,0.4881,0.4928,0.0,0.0,918288.0
01/16/2024,0.69,0.699,0.52,0.5309,0.0,0.0,1006195.0
01/12/2024,0.7,0.759,0.64,0.69,0.0,0.0,935900.0
01/11/2024,0.7349,0.78,0.684,0.6958,0.0,0.0,1108208.0
01/10/2024,0.67,0.79,0.67,0.7343,0.0,0.0,2592138.0
01/09/2024,0.55,0.796,0.55,0.6621,0.0,0.0,7894443.0
01/08/2024,0.457,0.61,0.4405,0.5622,0.0,0.0,4466813.0
01/05/2024,0.4541,0.4686,0.431,0.457,0.0,0.0,688384.0
01/04/2024,0.4862,0.4862,0.42,0.4361,0.0,0.0,1272078.0
01/03/2024,0.5,0.512,0.4402,0.4689,0.0,0.0,723939.0
01/02/2024,0.5538,0.5598,0.484,0.484,0.0,0.0,567578.0
