01/24/2024,0.62,0.624899,0.6,0.6172,0.0,0.0,23310.0
01/23/2024,0.63,0.63,0.5816,0.61,0.0,0.0,38912.0
01/22/2024,0.563,0.62,0.563,0.58,0.0,0.0,45623.0
01/19/2024,0.59,0.6076,0.5591,0.565,0.0,0.0,59429.0
01/18/2024,0.5611,0.6,0.56,0.5646,0.0,0.0,23540.0
01/17/2024,0.59,0.599,0.5611,0.5611,0.0,0.0,73956.0
01/16/2024,0.59,0.6199,0.59,0.599,0.0,0.0,6954.0
01/12/2024,0.591,0.6243,0.59,0.59,0.0,0.0,52361.0
01/11/2024,0.61,0.61,0.591,0.591,0.0,0.0,14108.0
01/10/2024,0.61,0.6144,0.59,0.591,0.0,0.0,54626.0
01/09/2024,0.581,0.6205,0.5715,0.5852,0.0,0.0,125197.0
01/08/2024,0.6382,0.692,0.575,0.599,0.0,0.0,121973.0
01/05/2024,0.6004,0.61,0.59001,0.605999,0.0,0.0,18188.0
01/04/2024,0.63,0.67,0.580001,0.5997,0.0,0.0,36095.0
01/03/2024,0.65,0.7,0.6,0.6395,0.0,0.0,46578.0
01/02/2024,0.7,0.7,0.65,0.6538,0.0,0.0,89967.0
