03/20/2024,3.36,4.44,3.15,3.89,0.0,0.0,40817408
03/19/2024,2.4,4.17,2.391,2.84,0.0,0.0,83324537
03/18/2024,1.67,1.95,1.67,1.88,0.0,0.0,634442.0
03/15/2024,1.69,1.7899,1.68,1.72,0.0,0.0,80048.0
03/14/2024,1.75,1.9753,1.71,1.7802,0.0,0.0,206052.0
03/13/2024,1.95,2.0702,1.662,1.76,0.0,0.0,259656.0
03/12/2024,1.72,2.86,1.622,2.05,0.0,0.0,4348247.0
03/11/2024,1.56,1.9,1.5,1.875,0.0,0.0,1710049.0
03/08/2024,1.57,1.7199,1.5,1.61,0.0,0.0,82054.0
03/07/2024,1.67,1.82,1.46,1.69,0.0,0.0,737472.0
03/06/2024,1.4416,1.7468,1.41,1.7468,0.0,0.0,2472127.0
03/05/2024,1.5894,1.5998,1.4499,1.47,0.0,0.0,16721.0
03/04/2024,1.65,1.65,1.5101,1.52,0.0,0.0,6301.0
03/01/2024,1.62,1.62,1.4401,1.55,0.0,0.0,7246.0
02/29/2024,1.45,1.62,1.3839,1.6197,0.0,0.0,63199.0
02/28/2024,1.4,1.44,1.3482,1.44,0.0,0.0,19312.0
02/27/2024,1.46,1.66,1.4,1.41,0.0,0.0,169103.0
02/26/2024,1.3127,1.47,1.3127,1.4071,0.0,0.0,12248.0
02/23/2024,1.36,1.3601,1.3,1.3,0.0,0.0,2994.0
02/22/2024,1.4381,1.442,1.2,1.384,0.0,0.0,23356.0
02/21/2024,1.5699,1.5699,1.51,1.51,0.0,0.0,1381.0
02/20/2024,1.291,1.68,1.291,1.46,0.0,0.0,37764.0
02/16/2024,1.44,1.52,1.4,1.48,0.0,0.0,14541.0
02/15/2024,1.2402,1.55,1.225,1.38,0.0,0.0,23674.0
02/14/2024,1.2421,1.35,1.2107,1.3,0.0,0.0,17471.0
02/13/2024,1.25,1.25,1.19,1.22,0.0,0.0,8512.0
02/12/2024,1.2,1.2,1.16,1.2,0.0,0.0,7117.0
02/09/2024,1.17,1.299,1.17,1.1989,0.0,0.0,16355.0
02/08/2024,1.3,1.3,1.14,1.2582,0.0,0.0,18520.0
02/07/2024,1.25,1.2968,1.25,1.2968,0.0,0.0,968.0
02/06/2024,1.2,1.293,1.15,1.293,0.0,0.0,2573.0
02/05/2024,1.22,1.2499,1.2,1.22,0.0,0.0,4454.0
02/02/2024,1.3399,1.34,1.21,1.2301,0.0,0.0,15693.0
02/01/2024,1.35,1.39,1.34,1.34,0.0,0.0,3448.0
01/31/2024,1.31,1.33,1.3,1.33,0.0,0.0,3868.0
01/30/2024,1.4199,1.4199,1.31,1.35,0.0,0.0,1557.0
01/29/2024,1.39,1.43,1.33,1.38,0.0,0.0,18232.0
01/26/2024,1.5199,1.5199,1.4,1.4,0.0,0.0,3466.0
01/25/2024,1.41,1.51,1.4001,1.41,0.0,0.0,4310.0
01/24/2024,1.4302,1.4611,1.43,1.45,0.0,0.0,3359.0
01/23/2024,1.35,1.57,1.35,1.4541,0.0,0.0,13145.0
01/22/2024,1.312,1.5618,1.31,1.38,0.0,0.0,37175.0
01/19/2024,1.41,1.5094,1.37,1.37,0.0,0.0,2057.0
01/18/2024,1.35,1.53,1.35,1.41,0.0,0.0,26672.0
01/17/2024,1.4,1.5,1.206,1.37,0.0,0.0,18781.0
01/16/2024,1.6752,1.6752,1.44,1.44,0.0,0.0,43322.0
01/12/2024,1.76,1.79,1.6401,1.685,0.0,0.0,10798.0
01/11/2024,1.73,1.7499,1.65,1.7187,0.0,0.0,16146.0
01/10/2024,1.86,1.86,1.75,1.76,0.0,0.0,10562.0
01/09/2024,1.79,1.8187,1.745,1.77,0.0,0.0,25047.0
01/08/2024,1.89,1.89,1.77,1.84,0.0,0.0,22103.0
01/05/2024,1.84,1.85,1.745,1.8439,0.0,0.0,26149.0
01/04/2024,1.752,1.82,1.72,1.8139,0.0,0.0,16563.0
01/03/2024,1.83,1.86,1.7,1.74,0.0,0.0,50683.0
01/02/2024,1.85,1.91,1.82,1.83,0.0,0.0,56138.0
