12/30/1988,4.38,4.41,4.31,4.34,-0.03,0.0,264000.0
12/29/1988,4.34,4.38,4.34,4.38,0.05,0.0,81600.0
12/28/1988,4.32,4.34,4.31,4.32,0.0,0.0,391200.0
12/27/1988,4.38,4.41,4.31,4.32,-0.05,0.0,218400.0
12/23/1988,4.32,4.38,4.29,4.38,0.05,0.0,360000.0
12/22/1988,4.31,4.32,4.28,4.32,0.01,0.0,720800.0
12/21/1988,4.34,4.35,4.31,4.31,-0.03,0.0,581600.0
12/20/1988,4.35,4.38,4.31,4.34,-0.01,0.0,990400.0
12/19/1988,4.38,4.38,4.31,4.35,-0.02,0.0,1156000.0
12/16/1988,4.35,4.38,4.35,4.38,0.02,0.0,985600.0
12/15/1988,4.35,4.35,4.32,4.35,0.0,0.0,423200.0
12/14/1988,4.32,4.38,4.32,4.35,0.03,0.0,167200.0
12/13/1988,4.34,4.34,4.32,4.32,-0.03,0.0,104000.0
12/12/1988,4.38,4.38,4.35,4.35,-0.02,0.0,272800.0
12/09/1988,4.32,4.38,4.32,4.38,0.05,0.0,424000.0
12/08/1988,4.41,4.44,4.32,4.32,-0.09,0.0,800000.0
12/07/1988,4.31,4.41,4.29,4.41,0.09,0.0,1424000.0
12/06/1988,4.23,4.31,4.22,4.31,0.09,0.0,1074400.0
12/05/1988,4.19,4.23,4.19,4.23,0.04,0.0,1427200.0
12/02/1988,4.2,4.22,4.16,4.19,-0.01,0.0,601600.0
12/01/1988,4.16,4.23,4.13,4.2,0.04,0.0,979999.0
11/30/1988,4.13,4.28,4.09,4.16,0.03,0.0,1559200.0
11/29/1988,4.07,4.16,4.07,4.13,0.12,0.0,608800.0
11/28/1988,4.01,4.06,4.0,4.01,0.0,0.0,724800.0
11/25/1988,4.06,4.06,4.0,4.01,-0.09,0.0,724800.0
11/23/1988,4.09,4.09,4.06,4.09,0.0,0.0,764000.0
11/22/1988,4.1,4.1,4.06,4.09,-0.03,0.0,180800.0
11/21/1988,4.09,4.13,4.04,4.13,0.03,0.0,1684000.0
11/18/1988,4.09,4.1,4.09,4.09,0.0,0.0,493600.0
11/17/1988,4.07,4.1,4.07,4.09,0.02,0.0,1127200.0
11/16/1988,4.07,4.13,4.06,4.07,0.0,0.0,844000.0
11/15/1988,4.01,4.1,4.01,4.07,0.07,0.0,951199.0
11/14/1988,3.94,4.03,3.94,4.0,0.06,0.0,1380000.0
11/11/1988,3.94,3.94,3.88,3.94,-0.06,0.0,2221600.0
11/10/1988,4.01,4.01,3.98,4.0,-0.03,0.0,752000.0
11/09/1988,4.04,4.06,3.95,4.03,-0.01,0.0,1486400.0
11/08/1988,4.07,4.1,4.03,4.04,-0.03,0.0,896799.0
11/07/1988,4.09,4.09,4.03,4.07,-0.05,0.0,944799.0
11/04/1988,4.19,4.22,4.1,4.13,-0.06,0.0,1163200.0
11/03/1988,4.29,4.29,4.19,4.19,-0.1,0.0,656800.0
11/02/1988,4.26,4.29,4.2,4.29,0.03,0.0,444800.0
11/01/1988,4.32,4.32,4.26,4.26,-0.09,0.0,477600.0
10/31/1988,4.35,4.38,4.28,4.34,-0.01,0.0,568800.0
10/28/1988,4.45,4.47,4.34,4.35,-0.09,0.0,398400.0
10/27/1988,4.51,4.51,4.41,4.45,-0.09,0.0,286400.0
10/26/1988,4.51,4.53,4.5,4.53,0.02,0.0,951199.0
10/25/1988,4.51,4.54,4.51,4.51,0.0,0.0,318400.0
10/24/1988,4.53,4.54,4.51,4.51,-0.02,0.0,329600.0
10/21/1988,4.51,4.54,4.5,4.53,0.02,0.0,549600.0
10/20/1988,4.48,4.51,4.47,4.51,0.03,0.0,690400.0
10/19/1988,4.48,4.54,4.45,4.48,0.0,0.0,949600.0
10/18/1988,4.44,4.48,4.41,4.48,0.04,0.0,262400.0
10/17/1988,4.41,4.47,4.41,4.44,0.02,0.0,281600.0
10/14/1988,4.44,4.47,4.41,4.41,-0.02,0.0,568000.0
10/13/1988,4.34,4.44,4.32,4.44,0.09,0.0,400800.0
10/12/1988,4.54,4.54,4.31,4.34,-0.23,0.0,706400.0
10/11/1988,4.57,4.59,4.53,4.57,0.0,0.0,656800.0
10/10/1988,4.56,4.59,4.53,4.57,0.01,0.0,246400.0
10/07/1988,4.47,4.59,4.47,4.56,0.13,0.0,664800.0
10/06/1988,4.44,4.47,4.41,4.44,0.0,0.0,1096000.0
10/05/1988,4.41,4.44,4.34,4.44,0.03,0.0,194400.0
10/04/1988,4.5,4.5,4.41,4.41,-0.13,0.0,292000.0
10/03/1988,4.38,4.53,4.38,4.53,0.15,0.0,715200.0
09/30/1988,4.38,4.41,4.35,4.38,0.0,0.0,295200.0
09/29/1988,4.38,4.41,4.38,4.38,0.01,0.0,783200.0
09/28/1988,4.38,4.41,4.32,4.38,-0.01,0.0,288000.0
09/27/1988,4.35,4.38,4.35,4.38,0.03,0.0,456800.0
09/26/1988,4.34,4.38,4.31,4.35,0.01,0.0,224000.0
09/23/1988,4.28,4.35,4.26,4.34,0.06,0.0,660800.0
09/22/1988,4.28,4.32,4.26,4.28,0.0,0.0,409600.0
09/21/1988,4.32,4.32,4.25,4.28,-0.06,0.0,329600.0
09/20/1988,4.31,4.34,4.31,4.34,0.06,0.0,52000.0
09/19/1988,4.32,4.34,4.28,4.28,-0.04,0.0,571200.0
09/16/1988,4.32,4.32,4.26,4.32,-0.02,0.0,1019200.0
09/15/1988,4.28,4.38,4.25,4.34,0.06,0.0,251200.0
09/14/1988,4.19,4.28,4.19,4.28,0.09,0.0,817600.0
09/13/1988,4.13,4.19,4.13,4.19,0.05,0.0,555200.0
09/12/1988,4.19,4.23,4.13,4.13,-0.05,0.0,617600.0
09/09/1988,4.19,4.22,4.09,4.19,0.0,0.0,592000.0
09/08/1988,4.19,4.19,4.16,4.19,-0.03,0.0,228000.0
09/07/1988,4.22,4.23,4.16,4.22,0.0,0.0,582400.0
09/06/1988,4.19,4.25,4.19,4.22,0.06,0.0,1011200.0
09/02/1988,4.13,4.19,4.06,4.16,0.02,0.0,1785600.0
09/01/1988,4.25,4.25,3.97,4.13,-0.15,0.0,611200.0
08/31/1988,4.28,4.32,4.26,4.28,0.0,0.0,195200.0
08/30/1988,4.28,4.34,4.28,4.28,0.0,0.0,361600.0
08/29/1988,4.31,4.31,4.25,4.28,-0.03,0.0,249600.0
08/26/1988,4.28,4.32,4.25,4.31,0.03,0.0,191200.0
08/25/1988,4.16,4.31,4.1,4.28,0.12,0.0,435200.0
08/24/1988,4.06,4.16,4.04,4.16,0.1,0.0,573600.0
08/23/1988,4.13,4.13,4.04,4.06,-0.06,0.0,383200.0
08/22/1988,4.26,4.26,4.13,4.13,-0.16,0.0,225600.0
08/19/1988,4.25,4.29,4.22,4.29,0.04,0.0,1136800.0
08/18/1988,4.35,4.35,4.25,4.25,-0.1,0.0,354400.0
08/17/1988,4.41,4.41,4.31,4.35,-0.15,0.0,417600.0
08/16/1988,4.5,4.5,4.31,4.5,0.0,0.0,1172800.0
08/15/1988,4.5,4.5,4.44,4.5,0.0,0.0,416800.0
08/12/1988,4.53,4.53,4.44,4.5,-0.09,0.0,499200.0
08/11/1988,4.5,4.59,4.44,4.59,0.09,0.0,204800.0
08/10/1988,4.69,4.69,4.41,4.5,-0.19,0.0,643200.0
08/09/1988,4.81,4.81,4.6,4.69,-0.13,0.0,436000.0
08/08/1988,4.81,4.85,4.81,4.81,0.0,0.0,137600.0
08/05/1988,4.81,4.81,4.78,4.81,-0.03,0.0,136000.0
08/04/1988,4.94,4.97,4.81,4.84,-0.09,0.0,26400.0
08/03/1988,4.94,4.97,4.94,4.94,0.02,0.0,228800.0
08/02/1988,4.94,4.97,4.84,4.91,-0.02,0.0,243200.0
08/01/1988,4.88,4.97,4.81,4.94,0.06,0.0,276800.0
07/29/1988,4.75,4.88,4.72,4.88,0.13,0.0,751200.0
07/28/1988,4.66,4.75,4.63,4.75,0.09,0.0,148000.0
07/27/1988,4.73,4.73,4.66,4.66,-0.09,0.0,130400.0
07/26/1988,4.63,4.76,4.63,4.75,0.12,0.0,599200.0
07/25/1988,4.59,4.66,4.56,4.63,0.04,0.0,466400.0
07/22/1988,4.79,4.79,4.56,4.59,-0.22,0.0,1074400.0
07/21/1988,4.98,4.98,4.81,4.81,-0.16,0.0,571200.0
07/20/1988,4.94,4.98,4.91,4.98,0.04,0.0,75200.0
07/19/1988,5.0,5.0,4.81,4.94,-0.06,0.0,196000.0
07/18/1988,5.0,5.0,4.91,5.0,-0.03,0.0,166400.0
07/15/1988,5.07,5.07,4.97,5.03,-0.04,0.0,363200.0
07/14/1988,5.07,5.07,5.03,5.07,0.0,0.0,196000.0
07/13/1988,4.95,5.09,4.91,5.07,0.13,0.0,260000.0
07/12/1988,5.0,5.03,4.91,4.95,-0.05,0.0,356800.0
07/11/1988,5.0,5.09,5.0,5.0,0.0,0.0,583200.0
07/08/1988,5.1,5.1,4.94,5.0,-0.13,0.0,211200.0
07/07/1988,5.16,5.16,5.1,5.13,-0.03,0.0,237600.0
07/06/1988,5.25,5.25,5.09,5.16,-0.09,0.0,527200.0
07/05/1988,5.13,5.25,4.94,5.25,0.13,0.0,599200.0
07/01/1988,5.38,5.38,5.13,5.13,-0.29,0.0,616800.0
06/30/1988,5.16,5.47,5.16,5.41,0.28,0.0,607200.0
06/29/1988,5.09,5.22,5.09,5.13,0.04,0.0,635200.0
06/28/1988,5.06,5.13,5.04,5.09,0.03,0.0,364800.0
06/27/1988,5.07,5.13,5.06,5.06,-0.01,0.0,423200.0
06/24/1988,5.06,5.1,5.03,5.07,0.01,0.0,319200.0
06/23/1988,5.09,5.09,5.06,5.06,-0.03,0.0,242400.0
06/22/1988,5.03,5.22,5.03,5.09,0.09,0.0,551200.0
06/21/1988,4.98,5.06,4.84,5.01,0.03,0.0,412800.0
06/20/1988,4.95,4.98,4.94,4.98,0.03,0.0,308800.0
06/17/1988,4.94,5.0,4.94,4.95,0.04,0.0,675200.0
06/16/1988,5.0,5.0,4.84,4.91,-0.1,0.0,1026400.0
06/15/1988,5.03,5.06,5.0,5.01,-0.02,0.0,736800.0
06/14/1988,5.0,5.19,5.0,5.03,0.05,0.0,603200.0
06/13/1988,4.95,5.06,4.95,4.98,0.04,0.0,496800.0
06/10/1988,4.94,5.0,4.91,4.94,0.0,0.0,367200.0
06/09/1988,5.0,5.0,4.94,4.94,-0.06,0.0,584800.0
06/08/1988,4.78,5.0,4.78,5.0,0.25,0.0,468000.0
06/07/1988,4.84,4.84,4.75,4.75,-0.09,0.0,428800.0
06/06/1988,4.78,4.84,4.72,4.84,0.06,0.0,166400.0
06/03/1988,4.7,4.79,4.66,4.78,0.09,0.0,270400.0
06/02/1988,4.85,4.85,4.63,4.7,-0.18,0.0,399200.0
06/01/1988,4.56,4.88,4.56,4.88,0.31,0.0,649600.0
05/31/1988,4.47,4.56,4.47,4.56,0.12,0.0,524800.0
05/27/1988,4.53,4.53,4.45,4.45,-0.09,0.0,96000.0
05/26/1988,4.51,4.53,4.47,4.53,0.02,0.0,300800.0
05/25/1988,4.57,4.63,4.51,4.51,-0.06,0.0,192000.0
05/24/1988,4.53,4.57,4.47,4.57,0.04,0.0,100800.0
05/23/1988,4.51,4.53,4.47,4.53,0.02,0.0,134400.0
05/20/1988,4.53,4.53,4.5,4.51,-0.02,0.0,80000.0
05/19/1988,4.47,4.53,4.44,4.53,0.06,0.0,370400.0
05/18/1988,4.57,4.6,4.41,4.47,-0.1,0.0,422400.0
05/17/1988,4.56,4.63,4.53,4.57,0.01,0.0,420000.0
05/16/1988,4.56,4.59,4.5,4.56,0.0,0.0,66400.0
05/13/1988,4.54,4.59,4.54,4.56,0.02,0.0,490400.0
05/12/1988,4.51,4.56,4.51,4.54,0.04,0.0,453600.0
05/11/1988,4.56,4.57,4.48,4.5,-0.06,0.0,313600.0
05/10/1988,4.48,4.56,4.48,4.56,0.12,0.0,391200.0
05/09/1988,4.47,4.53,4.41,4.45,-0.02,0.0,251200.0
05/06/1988,4.51,4.59,4.47,4.47,-0.04,0.0,276000.0
05/05/1988,4.5,4.56,4.41,4.51,0.01,0.0,563200.0
05/04/1988,4.66,4.66,3.88,4.5,-0.2,0.0,664000.0
05/03/1988,4.69,4.7,4.66,4.7,0.01,0.0,606400.0
05/02/1988,4.69,4.69,4.56,4.69,-0.03,0.0,589600.0
04/29/1988,4.7,4.72,4.63,4.72,0.02,0.0,416800.0
04/28/1988,4.69,4.72,4.66,4.7,0.01,0.0,1035200.0
04/27/1988,4.66,4.69,4.6,4.69,0.02,0.0,275200.0
04/26/1988,4.5,4.69,4.5,4.66,0.16,0.0,501600.0
04/25/1988,4.44,4.53,4.38,4.5,0.06,0.0,242400.0
04/22/1988,4.26,4.5,4.26,4.44,0.18,0.0,424800.0
04/21/1988,4.29,4.44,4.26,4.26,-0.03,0.0,380000.0
04/20/1988,4.32,4.32,4.25,4.29,-0.05,0.0,1239200.0
04/19/1988,4.31,4.47,4.31,4.34,0.09,0.0,685600.0
04/18/1988,4.38,4.38,4.25,4.25,-0.13,0.0,411200.0
04/15/1988,4.41,4.41,4.28,4.38,-0.09,0.0,720000.0
04/14/1988,4.53,4.53,4.41,4.47,-0.22,0.0,482400.0
04/13/1988,4.69,4.69,4.63,4.69,-0.03,0.0,428000.0
04/12/1988,4.56,4.72,4.5,4.72,0.16,0.0,299200.0
04/11/1988,4.45,4.56,4.41,4.56,0.12,0.0,234400.0
04/08/1988,4.38,4.5,4.34,4.45,0.07,0.0,521600.0
04/07/1988,4.38,4.45,4.38,4.38,0.0,0.0,450400.0
04/06/1988,4.29,4.41,4.28,4.38,0.09,0.0,508800.0
04/05/1988,4.25,4.31,4.25,4.29,0.07,0.0,276800.0
04/04/1988,4.35,4.35,4.22,4.22,-0.13,0.0,532800.0
03/31/1988,4.35,4.35,4.28,4.35,0.0,0.0,434400.0
03/30/1988,4.41,4.47,4.34,4.35,-0.05,0.0,426400.0
03/29/1988,4.38,4.44,4.34,4.41,0.03,0.0,210400.0
03/28/1988,4.41,4.41,4.38,4.38,-0.03,0.0,578400.0
03/25/1988,4.41,4.41,4.34,4.41,0.0,0.0,574400.0
03/24/1988,4.59,4.59,4.34,4.41,-0.2,0.0,490400.0
03/23/1988,4.56,4.63,4.56,4.6,0.06,0.0,396800.0
03/22/1988,4.59,4.63,4.5,4.54,-0.05,0.0,332000.0
03/21/1988,4.72,4.72,4.59,4.59,-0.16,0.0,578400.0
03/18/1988,4.7,4.78,4.59,4.75,0.05,0.0,1212000.0
03/17/1988,4.72,4.81,4.66,4.7,-0.02,0.0,904000.0
03/16/1988,4.56,4.72,4.5,4.72,0.16,0.0,365600.0
03/15/1988,4.53,4.56,4.5,4.56,0.03,0.0,344000.0
03/14/1988,4.38,4.59,4.38,4.53,0.22,0.0,190400.0
03/11/1988,4.31,4.31,4.13,4.31,0.0,0.0,534400.0
03/10/1988,4.44,4.47,4.28,4.31,-0.13,0.0,372800.0
03/09/1988,4.5,4.59,4.44,4.44,-0.06,0.0,771200.0
03/08/1988,4.63,4.63,4.5,4.5,-0.13,0.0,347200.0
03/07/1988,4.63,4.63,4.5,4.63,-0.03,0.0,504800.0
03/04/1988,4.66,4.72,4.53,4.66,-0.01,0.0,624800.0
03/03/1988,4.66,4.69,4.63,4.66,0.01,0.0,340800.0
03/02/1988,4.59,4.69,4.59,4.66,0.09,0.0,572000.0
03/01/1988,4.54,4.59,4.5,4.56,0.02,0.0,556800.0
02/29/1988,4.38,4.56,4.31,4.54,0.16,0.0,560800.0
02/26/1988,4.32,4.44,4.32,4.38,0.05,0.0,224800.0
02/25/1988,4.38,4.48,4.32,4.32,-0.05,0.0,2243200.0
02/24/1988,4.38,4.41,4.26,4.38,0.0,0.0,583200.0
02/23/1988,4.44,4.44,4.25,4.38,-0.06,0.0,376000.0
02/22/1988,4.31,4.47,4.28,4.44,0.13,0.0,688000.0
02/19/1988,4.09,4.31,4.06,4.31,0.22,0.0,743200.0
02/18/1988,4.2,4.2,4.09,4.09,-0.13,0.0,798400.0
02/17/1988,4.31,4.38,4.22,4.22,-0.09,0.0,374400.0
02/16/1988,4.31,4.34,4.25,4.31,0.0,0.0,273600.0
02/12/1988,4.07,4.32,4.07,4.31,0.28,0.0,749600.0
02/11/1988,4.09,4.19,4.0,4.03,-0.06,0.0,212800.0
02/10/1988,4.06,4.1,4.0,4.09,0.03,0.0,360000.0
02/09/1988,3.91,4.06,3.91,4.06,0.16,0.0,118400.0
02/08/1988,3.88,3.91,3.84,3.91,0.03,0.0,302400.0
02/05/1988,3.91,3.91,3.88,3.88,-0.06,0.0,497600.0
02/04/1988,3.84,4.03,3.84,3.94,0.09,0.0,700800.0
02/03/1988,4.09,4.16,3.78,3.84,-0.25,0.0,606400.0
02/02/1988,4.13,4.16,3.97,4.09,-0.03,0.0,1119200.0
02/01/1988,4.16,4.19,4.09,4.13,-0.03,0.0,129600.0
01/29/1988,4.07,4.16,4.06,4.16,0.09,0.0,286400.0
01/28/1988,4.13,4.13,4.07,4.07,-0.05,0.0,512800.0
01/27/1988,4.22,4.31,4.07,4.13,-0.09,0.0,231200.0
01/26/1988,4.29,4.31,4.19,4.22,-0.07,0.0,156800.0
01/25/1988,4.03,4.34,4.03,4.29,0.26,0.0,271200.0
01/22/1988,4.0,4.09,4.0,4.03,0.03,0.0,1225600.0
01/21/1988,4.07,4.1,3.94,4.0,-0.07,0.0,696000.0
01/20/1988,4.16,4.22,4.07,4.07,-0.09,0.0,752000.0
01/19/1988,4.19,4.34,4.13,4.16,-0.03,0.0,858400.0
01/18/1988,4.22,4.22,4.16,4.19,-0.06,0.0,331200.0
01/15/1988,4.25,4.44,4.25,4.25,0.09,0.0,899200.0
01/14/1988,4.13,4.22,4.13,4.16,0.03,0.0,676000.0
01/13/1988,4.34,4.34,4.13,4.13,-0.22,0.0,824000.0
01/12/1988,4.23,4.38,3.94,4.34,0.12,0.0,667200.0
01/11/1988,4.22,4.25,3.81,4.23,0.01,0.0,485600.0
01/08/1988,4.59,4.59,4.22,4.22,-0.41,0.0,383200.0
01/07/1988,4.5,4.66,4.41,4.63,0.13,0.0,676000.0
01/06/1988,4.44,4.53,4.44,4.5,0.09,0.0,396800.0
01/05/1988,4.28,4.53,4.28,4.41,0.19,0.0,1412000.0
01/04/1988,4.13,4.23,4.13,4.23,0.0,0.0,2087999.0
