12/31/1996,11.88,12.06,11.81,11.94,0.0,0.0,97200.0
12/30/1996,11.94,11.94,11.88,11.94,0.0,0.0,53800.0
12/27/1996,11.88,11.94,11.88,11.94,0.13,0.0,28400.0
12/26/1996,11.81,11.81,11.75,11.81,-0.06,0.0,11200.0
12/24/1996,11.94,11.94,11.88,11.88,-0.13,0.0,2000.0
12/23/1996,12.0,12.0,12.0,12.0,0.0,0.0,1600.0
12/20/1996,12.06,12.06,12.0,12.0,0.0,0.0,13800.0
12/19/1996,12.19,12.25,12.0,12.0,-0.25,0.0,19600.0
12/18/1996,12.38,12.38,12.25,12.25,-0.19,0.0,7400.0
12/17/1996,12.63,12.63,12.44,12.44,-0.31,0.0,59600.0
12/16/1996,12.75,12.81,12.63,12.75,0.19,0.0,12000.0
12/13/1996,12.56,12.56,12.56,12.56,-0.06,0.0,200.0
12/12/1996,12.5,12.63,12.5,12.63,0.13,0.0,14600.0
12/11/1996,12.5,12.5,12.44,12.5,0.0,0.0,69200.0
12/10/1996,12.44,12.69,12.44,12.5,0.13,0.0,127200.0
12/09/1996,12.38,12.38,12.31,12.38,0.0,0.0,13600.0
12/06/1996,12.56,12.56,12.31,12.38,-0.31,0.0,11200.0
12/05/1996,12.69,12.69,12.69,12.69,-0.13,0.0,3200.0
12/04/1996,12.94,12.94,12.81,12.81,-0.13,0.0,6400.0
12/03/1996,13.0,13.0,12.94,12.94,0.0,0.0,5000.0
12/02/1996,13.0,13.06,12.94,12.94,-0.19,0.0,5200.0
11/29/1996,13.19,13.19,13.13,13.13,-0.06,0.0,25000.0
11/27/1996,13.31,13.31,13.19,13.19,-0.19,0.0,3400.0
11/26/1996,13.38,13.38,13.31,13.38,0.0,0.0,72200.0
11/25/1996,13.31,13.38,13.31,13.38,0.0,0.0,14000.0
11/22/1996,13.13,13.63,12.88,13.38,0.63,0.0,148600.0
11/21/1996,12.31,12.75,12.31,12.75,0.75,0.0,87600.0
11/20/1996,11.94,12.0,11.81,12.0,0.0,0.0,33800.0
11/19/1996,12.06,12.06,11.94,12.0,-0.06,0.0,8400.0
11/18/1996,12.13,12.19,12.0,12.06,0.0,0.0,65400.0
11/15/1996,11.88,12.13,11.88,12.06,0.19,0.0,28600.0
11/14/1996,11.5,11.88,11.5,11.88,0.44,0.0,137200.0
11/13/1996,11.25,11.44,11.25,11.44,0.19,0.0,13200.0
11/12/1996,11.13,11.25,11.06,11.25,0.19,0.0,112200.0
11/11/1996,11.0,11.06,11.0,11.06,0.06,0.0,14000.0
11/08/1996,11.13,11.13,11.0,11.0,-0.13,0.0,6400.0
11/07/1996,11.25,11.25,11.13,11.13,-0.13,0.0,11600.0
11/06/1996,11.19,11.38,11.19,11.25,0.13,0.0,100200.0
11/05/1996,11.06,11.19,10.81,11.13,0.06,0.0,112400.0
11/04/1996,11.25,11.31,11.0,11.06,-0.19,0.0,66600.0
11/01/1996,11.31,11.38,11.25,11.25,0.0,0.0,26800.0
10/31/1996,10.88,11.25,10.81,11.25,0.31,0.0,196000.0
10/30/1996,10.94,10.94,10.81,10.94,-0.06,0.0,50200.0
10/29/1996,10.56,11.0,10.56,11.0,0.44,0.0,261400.0
10/28/1996,10.81,10.81,10.44,10.56,-0.31,0.0,339800.0
10/25/1996,11.0,11.25,10.75,10.88,0.0,0.0,3182800.0
