06/27/2023,10.49,5.84,3.08,2.16,1.24
06/26/2023,8.47,4.39,2.35,1.67,1.0
06/23/2023,5.26,2.79,1.54,1.14,0.73
06/22/2023,3.64,1.97,1.14,0.87,0.6
06/21/2023,2.24,1.27,0.79,0.64,0.48
06/20/2023,1.2,0.75,0.53,0.47,0.4
06/16/2023,0.31,0.31,0.31,0.33,0.32
06/15/2023,0.31,0.31,0.31,0.33,0.33
06/14/2023,0.31,0.32,0.31,0.33,0.33
06/13/2023,0.31,0.31,0.31,0.33,0.33
06/12/2023,0.31,0.31,0.31,0.33,0.33
06/09/2023,0.3,0.31,0.32,0.33,0.33
06/08/2023,0.31,0.3,0.32,0.33,0.33
06/07/2023,0.32,0.3,0.33,0.33,0.33
06/06/2023,0.32,0.3,0.33,0.33,0.33
06/05/2023,0.31,0.3,0.33,0.34,0.33
06/02/2023,0.31,0.3,0.34,0.34,0.33
06/01/2023,0.3,0.3,0.34,0.33,0.33
05/31/2023,0.28,0.3,0.34,0.33,0.33
05/30/2023,0.29,0.3,0.34,0.33,0.34
05/26/2023,0.29,0.31,0.34,0.33,0.34
05/25/2023,0.3,0.32,0.35,0.34,0.34
05/24/2023,0.3,0.34,0.35,0.34,0.34
05/23/2023,0.31,0.35,0.35,0.34,0.35
05/22/2023,0.31,0.35,0.35,0.33,0.35
05/19/2023,0.33,0.36,0.35,0.33,0.35
05/18/2023,0.35,0.37,0.35,0.33,0.35
05/17/2023,0.37,0.37,0.35,0.33,0.35
05/16/2023,0.38,0.38,0.35,0.33,0.35
05/15/2023,0.39,0.38,0.35,0.33,0.35
05/12/2023,0.39,0.37,0.35,0.32,0.35
05/11/2023,0.39,0.37,0.34,0.32,0.35
05/10/2023,0.38,0.36,0.34,0.32,0.35
05/09/2023,0.37,0.35,0.33,0.32,0.35
05/08/2023,0.37,0.35,0.33,0.32,0.35
05/05/2023,0.35,0.34,0.32,0.32,0.35
05/04/2023,0.35,0.33,0.32,0.32,0.35
05/03/2023,0.34,0.33,0.31,0.32,0.35
05/02/2023,0.33,0.32,0.31,0.32,0.35
05/01/2023,0.33,0.32,0.3,0.32,0.35
04/28/2023,0.33,0.32,0.3,0.32,0.35
04/27/2023,0.32,0.31,0.3,0.33,0.35
04/26/2023,0.32,0.31,0.3,0.33,0.36
04/25/2023,0.31,0.31,0.3,0.33,0.36
04/24/2023,0.31,0.3,0.31,0.33,0.36
04/21/2023,0.31,0.3,0.31,0.33,0.36
04/20/2023,0.31,0.3,0.32,0.33,0.36
04/19/2023,0.3,0.29,0.32,0.33,0.36
04/18/2023,0.3,0.29,0.32,0.34,0.37
04/17/2023,0.3,0.28,0.33,0.34,0.37
04/14/2023,0.29,0.28,0.33,0.34,0.37
04/13/2023,0.29,0.28,0.33,0.35,0.37
04/12/2023,0.28,0.29,0.33,0.35,0.37
04/11/2023,0.27,0.29,0.34,0.36,0.37
04/10/2023,0.27,0.31,0.34,0.36,0.38
04/06/2023,0.28,0.33,0.34,0.36,0.38
04/05/2023,0.28,0.33,0.35,0.37,0.38
04/04/2023,0.29,0.35,0.35,0.37,0.38
04/03/2023,0.31,0.36,0.36,0.37,0.38
03/31/2023,0.35,0.37,0.37,0.38,0.39
03/30/2023,0.37,0.37,0.37,0.38,0.39
03/29/2023,0.39,0.38,0.38,0.38,0.39
03/28/2023,0.4,0.38,0.39,0.38,0.39
03/27/2023,0.4,0.38,0.39,0.38,0.39
03/24/2023,0.39,0.37,0.38,0.38,0.38
03/23/2023,0.37,0.36,0.38,0.38,0.38
03/22/2023,0.37,0.36,0.38,0.37,0.38
03/21/2023,0.36,0.36,0.38,0.37,0.38
03/20/2023,0.36,0.36,0.38,0.37,0.38
03/17/2023,0.36,0.37,0.38,0.38,0.39
03/16/2023,0.36,0.37,0.38,0.38,0.39
03/15/2023,0.36,0.38,0.38,0.38,0.39
03/14/2023,0.36,0.39,0.38,0.38,0.39
03/13/2023,0.37,0.39,0.38,0.39,0.39
03/10/2023,0.38,0.4,0.38,0.39,0.4
03/09/2023,0.39,0.4,0.38,0.39,0.4
03/08/2023,0.4,0.4,0.38,0.39,0.4
03/07/2023,0.42,0.4,0.38,0.39,0.4
03/06/2023,0.42,0.4,0.38,0.39,0.4
03/03/2023,0.41,0.39,0.38,0.39,0.4
03/02/2023,0.4,0.39,0.38,0.39,0.41
03/01/2023,0.4,0.38,0.38,0.39,0.41
02/28/2023,0.38,0.38,0.38,0.39,0.41
02/27/2023,0.37,0.37,0.38,0.39,0.41
02/24/2023,0.37,0.37,0.39,0.39,0.41
02/23/2023,0.37,0.37,0.39,0.4,0.42
02/22/2023,0.37,0.36,0.39,0.4,0.42
02/21/2023,0.37,0.36,0.39,0.4,0.43
02/17/2023,0.37,0.36,0.39,0.4,0.43
02/16/2023,0.37,0.37,0.4,0.4,0.43
02/15/2023,0.36,0.38,0.4,0.39,0.44
02/14/2023,0.35,0.38,0.4,0.39,0.44
02/13/2023,0.35,0.39,0.4,0.39,0.45
02/10/2023,0.35,0.39,0.4,0.39,0.45
02/09/2023,0.37,0.4,0.41,0.39,0.46
02/08/2023,0.4,0.42,0.42,0.39,0.47
02/07/2023,0.41,0.42,0.42,0.39,0.47
02/06/2023,0.43,0.42,0.42,0.39,0.48
02/03/2023,0.43,0.43,0.41,0.39,0.49
02/02/2023,0.43,0.42,0.41,0.39,0.49
02/01/2023,0.43,0.41,0.4,0.39,0.5
01/31/2023,0.43,0.41,0.39,0.39,0.51
01/30/2023,0.42,0.41,0.39,0.4,0.51
01/27/2023,0.42,0.41,0.39,0.4,0.52
01/26/2023,0.41,0.41,0.38,0.4,0.53
01/25/2023,0.39,0.42,0.37,0.41,0.54
01/24/2023,0.4,0.42,0.38,0.41,0.55
01/23/2023,0.4,0.41,0.38,0.41,0.55
01/20/2023,0.41,0.4,0.38,0.41,0.56
01/19/2023,0.41,0.4,0.38,0.41,0.57
01/18/2023,0.44,0.39,0.38,0.42,0.58
01/17/2023,0.44,0.38,0.39,0.42,0.59
01/13/2023,0.42,0.37,0.39,0.43,0.59
01/12/2023,0.4,0.36,0.4,0.43,0.6
01/11/2023,0.38,0.35,0.4,0.43,0.61
01/10/2023,0.33,0.33,0.4,0.44,0.61
01/09/2023,0.32,0.33,0.4,0.45,0.63
01/06/2023,0.32,0.34,0.41,0.45,0.64
01/05/2023,0.33,0.35,0.41,0.46,0.65
01/04/2023,0.32,0.36,0.42,0.47,0.66
01/03/2023,0.33,0.38,0.43,0.48,0.68
12/30/2022,0.35,0.4,0.45,0.5,0.69
12/29/2022,0.35,0.4,0.45,0.5,0.7
12/28/2022,0.37,0.43,0.46,0.52,0.72
12/27/2022,0.41,0.45,0.48,0.53,0.73
12/23/2022,0.43,0.47,0.49,0.55,0.74
12/22/2022,0.44,0.47,0.5,0.56,0.76
12/21/2022,0.46,0.48,0.51,0.57,0.77
12/20/2022,0.48,0.48,0.52,0.58,0.78
12/19/2022,0.5,0.48,0.53,0.59,0.79
12/16/2022,0.5,0.49,0.53,0.61,0.8
12/15/2022,0.51,0.49,0.55,0.62,0.81
12/14/2022,0.5,0.5,0.55,0.63,0.82
12/13/2022,0.48,0.5,0.56,0.64,0.84
12/12/2022,0.46,0.5,0.57,0.66,0.84
12/09/2022,0.47,0.51,0.59,0.67,0.85
12/08/2022,0.48,0.53,0.6,0.68,0.87
12/07/2022,0.5,0.54,0.61,0.7,0.88
12/06/2022,0.53,0.56,0.63,0.71,0.89
12/05/2022,0.54,0.57,0.65,0.73,0.91
12/02/2022,0.55,0.58,0.67,0.74,0.92
12/01/2022,0.57,0.6,0.68,0.75,0.94
11/30/2022,0.59,0.61,0.7,0.76,0.95
11/29/2022,0.59,0.62,0.71,0.77,0.96
11/28/2022,0.6,0.64,0.73,0.78,0.97
11/25/2022,0.61,0.66,0.75,0.79,0.98
11/23/2022,0.62,0.67,0.76,0.81,0.99
11/22/2022,0.63,0.69,0.77,0.82,1.0
11/21/2022,0.66,0.71,0.79,0.84,1.01
11/18/2022,0.69,0.73,0.81,0.85,1.02
11/17/2022,0.71,0.75,0.82,0.87,1.03
11/16/2022,0.72,0.77,0.83,0.88,1.03
11/15/2022,0.74,0.79,0.83,0.9,1.04
11/14/2022,0.75,0.8,0.84,0.91,1.06
11/11/2022,0.77,0.82,0.85,0.93,1.06
11/10/2022,0.79,0.83,0.86,0.94,1.07
11/09/2022,0.81,0.85,0.88,0.95,1.08
11/08/2022,0.84,0.86,0.89,0.96,1.09
11/07/2022,0.86,0.87,0.9,0.97,1.1
11/04/2022,0.87,0.88,0.92,0.98,1.11
11/03/2022,0.88,0.89,0.93,0.99,1.12
11/02/2022,0.89,0.89,0.94,1.0,1.14
11/01/2022,0.89,0.88,0.96,1.01,1.15
10/31/2022,0.88,0.88,0.97,1.03,1.16
10/28/2022,0.9,0.88,0.98,1.03,1.17
10/27/2022,0.9,0.88,0.99,1.04,1.18
10/26/2022,0.89,0.9,1.01,1.05,1.19
10/25/2022,0.87,0.92,1.02,1.06,1.21
10/24/2022,0.87,0.94,1.03,1.07,1.22
10/21/2022,0.87,0.95,1.03,1.08,1.23
10/20/2022,0.87,0.97,1.04,1.1,1.24
10/19/2022,0.92,1.0,1.06,1.12,1.25
10/18/2022,0.97,1.03,1.08,1.14,1.27
10/17/2022,1.0,1.06,1.1,1.15,1.28
10/14/2022,1.03,1.08,1.11,1.16,1.29
10/13/2022,1.06,1.11,1.12,1.17,1.31
10/12/2022,1.08,1.11,1.12,1.17,1.32
10/11/2022,1.1,1.11,1.13,1.18,1.33
10/10/2022,1.12,1.11,1.14,1.18,1.34
10/07/2022,1.13,1.12,1.15,1.18,1.35
10/06/2022,1.15,1.12,1.17,1.18,1.36
10/05/2022,1.14,1.12,1.18,1.18,1.37
10/04/2022,1.13,1.12,1.19,1.19,1.38
10/03/2022,1.11,1.14,1.2,1.2,1.39
09/30/2022,1.1,1.13,1.2,1.2,1.4
09/29/2022,1.1,1.13,1.2,1.21,1.41
09/28/2022,1.1,1.14,1.21,1.21,1.41
09/27/2022,1.12,1.14,1.21,1.22,1.42
09/26/2022,1.18,1.16,1.21,1.23,1.43
09/23/2022,1.17,1.18,1.22,1.24,1.44
09/22/2022,1.17,1.21,1.21,1.26,1.45
09/21/2022,1.17,1.24,1.21,1.27,1.46
09/20/2022,1.17,1.26,1.22,1.28,1.47
09/19/2022,1.15,1.25,1.22,1.29,1.47
09/16/2022,1.2,1.27,1.23,1.31,1.48
09/15/2022,1.25,1.28,1.24,1.32,1.48
09/14/2022,1.32,1.28,1.25,1.34,1.49
09/13/2022,1.36,1.27,1.26,1.35,1.49
09/12/2022,1.36,1.26,1.27,1.36,1.5
09/09/2022,1.34,1.25,1.28,1.37,1.5
09/08/2022,1.3,1.22,1.28,1.39,1.5
09/07/2022,1.24,1.19,1.28,1.39,1.5
09/06/2022,1.19,1.18,1.29,1.4,1.5
09/02/2022,1.16,1.19,1.31,1.41,1.51
09/01/2022,1.15,1.2,1.33,1.43,1.51
08/31/2022,1.14,1.21,1.35,1.44,1.52
08/30/2022,1.13,1.23,1.37,1.46,1.53
08/29/2022,1.18,1.25,1.39,1.48,1.54
08/26/2022,1.23,1.28,1.41,1.51,1.54
08/25/2022,1.24,1.3,1.44,1.52,1.55
08/24/2022,1.29,1.34,1.47,1.54,1.56
08/23/2022,1.32,1.38,1.49,1.56,1.57
08/22/2022,1.32,1.4,1.5,1.57,1.57
08/19/2022,1.33,1.43,1.52,1.58,1.58
08/18/2022,1.37,1.46,1.54,1.59,1.58
08/17/2022,1.4,1.49,1.56,1.6,1.58
08/16/2022,1.43,1.51,1.58,1.61,1.58
08/15/2022,1.47,1.53,1.6,1.62,1.58
08/12/2022,1.53,1.55,1.62,1.63,1.58
08/11/2022,1.55,1.57,1.63,1.64,1.58
08/10/2022,1.58,1.59,1.64,1.64,1.58
08/09/2022,1.58,1.6,1.65,1.65,1.57
08/08/2022,1.59,1.61,1.65,1.65,1.57
08/05/2022,1.57,1.62,1.65,1.64,1.56
08/04/2022,1.59,1.63,1.66,1.64,1.56
08/03/2022,1.61,1.63,1.66,1.64,1.56
08/02/2022,1.62,1.66,1.67,1.64,1.56
08/01/2022,1.62,1.67,1.67,1.63,1.56
07/29/2022,1.66,1.69,1.67,1.63,1.56
07/28/2022,1.66,1.69,1.67,1.62,1.56
07/27/2022,1.66,1.69,1.67,1.61,1.56
07/26/2022,1.7,1.7,1.67,1.61,1.56
07/25/2022,1.72,1.7,1.67,1.61,1.57
07/22/2022,1.72,1.69,1.66,1.6,1.57
07/21/2022,1.73,1.69,1.65,1.6,1.57
07/20/2022,1.72,1.69,1.64,1.59,1.57
07/19/2022,1.7,1.68,1.63,1.59,1.58
07/18/2022,1.67,1.67,1.61,1.59,1.58
07/15/2022,1.65,1.66,1.6,1.58,1.58
07/14/2022,1.65,1.65,1.59,1.58,1.59
07/13/2022,1.66,1.65,1.58,1.57,1.59
07/12/2022,1.66,1.64,1.56,1.57,1.6
07/11/2022,1.67,1.65,1.56,1.58,1.62
07/08/2022,1.67,1.63,1.56,1.57,1.63
07/07/2022,1.65,1.61,1.55,1.57,1.63
07/06/2022,1.63,1.59,1.55,1.56,1.64
07/05/2022,1.63,1.58,1.54,1.55,1.64
07/01/2022,1.63,1.56,1.54,1.54,1.65
06/30/2022,1.59,1.54,1.54,1.53,1.66
06/29/2022,1.57,1.52,1.54,1.52,1.67
06/28/2022,1.55,1.51,1.53,1.51,1.68
06/27/2022,1.52,1.49,1.54,1.5,1.7
06/24/2022,1.48,1.47,1.54,1.49,1.72
06/23/2022,1.48,1.48,1.55,1.48,1.74
06/22/2022,1.48,1.49,1.54,1.48,1.75
06/21/2022,1.46,1.5,1.54,1.48,1.77
06/17/2022,1.45,1.51,1.53,1.48,1.78
06/16/2022,1.46,1.53,1.53,1.49,1.79
06/15/2022,1.49,1.55,1.53,1.49,1.81
06/14/2022,1.51,1.55,1.52,1.5,1.82
06/13/2022,1.54,1.56,1.52,1.51,1.83
06/10/2022,1.58,1.59,1.51,1.52,1.84
06/09/2022,1.6,1.6,1.49,1.53,1.85
06/08/2022,1.61,1.61,1.48,1.53,1.85
06/07/2022,1.59,1.59,1.47,1.54,1.86
06/06/2022,1.58,1.59,1.47,1.55,1.86
06/03/2022,1.61,1.56,1.47,1.56,1.87
06/02/2022,1.61,1.53,1.46,1.57,1.87
06/01/2022,1.61,1.51,1.47,1.58,1.88
05/31/2022,1.59,1.49,1.48,1.6,1.88
05/27/2022,1.59,1.47,1.48,1.61,1.89
05/26/2022,1.5,1.42,1.48,1.63,1.89
05/25/2022,1.45,1.38,1.49,1.66,1.9
05/24/2022,1.41,1.35,1.49,1.68,1.9
05/23/2022,1.4,1.35,1.51,1.7,1.9
05/20/2022,1.34,1.35,1.53,1.71,1.91
05/19/2022,1.34,1.38,1.56,1.74,1.92
05/18/2022,1.32,1.4,1.59,1.76,1.92
05/17/2022,1.28,1.42,1.62,1.79,1.93
05/16/2022,1.29,1.46,1.65,1.82,1.94
05/13/2022,1.35,1.5,1.69,1.86,1.95
05/12/2022,1.42,1.55,1.74,1.91,1.96
05/11/2022,1.49,1.59,1.79,1.95,1.97
05/10/2022,1.57,1.64,1.84,2.0,1.98
05/09/2022,1.62,1.68,1.87,2.03,1.99
05/06/2022,1.65,1.72,1.9,2.05,1.99
05/05/2022,1.67,1.75,1.92,2.08,2.0
05/04/2022,1.69,1.78,1.95,2.1,2.01
05/03/2022,1.71,1.81,1.97,2.12,2.01
05/02/2022,1.74,1.84,1.99,2.14,2.02
04/29/2022,1.79,1.88,2.03,2.16,2.02
04/28/2022,1.83,1.94,2.09,2.17,2.02
04/27/2022,1.86,1.99,2.13,2.17,2.03
04/26/2022,1.91,2.05,2.18,2.18,2.04
04/25/2022,1.93,2.06,2.2,2.18,2.04
04/22/2022,1.96,2.07,2.22,2.18,2.04
04/21/2022,2.05,2.09,2.24,2.17,2.04
04/20/2022,2.13,2.11,2.26,2.17,2.04
04/19/2022,2.19,2.13,2.28,2.17,2.04
04/18/2022,2.19,2.15,2.29,2.17,2.04
04/14/2022,2.19,2.19,2.3,2.16,2.04
04/13/2022,2.13,2.24,2.28,2.15,2.04
04/12/2022,2.1,2.27,2.26,2.13,2.04
04/11/2022,2.07,2.31,2.24,2.12,2.03
04/08/2022,2.11,2.34,2.24,2.11,2.04
04/07/2022,2.2,2.36,2.23,2.1,2.04
04/06/2022,2.34,2.39,2.22,2.09,2.05
04/05/2022,2.45,2.42,2.21,2.08,2.05
04/04/2022,2.54,2.43,2.2,2.07,2.05
04/01/2022,2.57,2.43,2.18,2.06,2.05
03/31/2022,2.53,2.4,2.15,2.04,2.05
03/30/2022,2.44,2.32,2.1,2.01,2.05
03/29/2022,2.38,2.25,2.07,1.99,2.04
03/28/2022,2.32,2.18,2.02,1.96,2.04
03/25/2022,2.3,2.13,1.99,1.95,2.04
03/24/2022,2.27,2.09,1.97,1.93,2.04
03/23/2022,2.21,2.04,1.94,1.93,2.05
03/22/2022,2.11,2.0,1.92,1.91,2.05
03/21/2022,2.04,1.96,1.89,1.9,2.05
03/18/2022,1.97,1.93,1.88,1.89,2.06
03/17/2022,1.91,1.9,1.86,1.88,2.07
03/16/2022,1.88,1.88,1.86,1.88,2.08
03/15/2022,1.88,1.88,1.86,1.89,2.1
03/14/2022,1.88,1.87,1.86,1.89,2.12
03/11/2022,1.9,1.86,1.85,1.89,2.13
03/10/2022,1.89,1.85,1.86,1.9,2.15
03/09/2022,1.89,1.84,1.87,1.9,2.16
03/08/2022,1.89,1.84,1.87,1.9,2.18
03/07/2022,1.86,1.83,1.87,1.9,2.2
03/04/2022,1.82,1.82,1.87,1.9,2.22
03/03/2022,1.81,1.82,1.87,1.91,2.24
03/02/2022,1.8,1.83,1.88,1.92,2.26
03/01/2022,1.79,1.83,1.9,1.94,2.27
02/28/2022,1.8,1.84,1.91,1.95,2.29
02/25/2022,1.82,1.85,1.91,1.97,2.31
02/24/2022,1.83,1.86,1.92,1.98,2.34
02/23/2022,1.86,1.89,1.93,2.0,2.37
02/22/2022,1.88,1.9,1.93,2.01,2.4
02/18/2022,1.89,1.91,1.94,2.03,2.42
02/17/2022,1.87,1.92,1.94,2.04,2.45
02/16/2022,1.89,1.92,1.96,2.06,2.48
02/15/2022,1.92,1.94,1.97,2.08,2.51
02/14/2022,1.92,1.96,1.99,2.1,2.54
02/11/2022,1.93,1.97,2.01,2.12,2.57
02/10/2022,1.96,1.98,2.03,2.14,2.6
02/09/2022,1.95,1.97,2.04,2.15,2.64
02/08/2022,1.95,1.97,2.06,2.17,2.67
02/07/2022,1.99,1.97,2.07,2.19,2.7
02/04/2022,2.01,1.97,2.09,2.21,2.74
02/03/2022,2.0,1.96,2.1,2.24,2.77
02/02/2022,2.0,1.99,2.12,2.27,2.81
02/01/2022,1.98,2.01,2.15,2.29,2.84
01/31/2022,1.94,2.02,2.17,2.31,2.88
01/28/2022,1.92,2.04,2.19,2.34,2.91
01/27/2022,1.93,2.07,2.22,2.37,2.95
01/26/2022,1.99,2.11,2.24,2.4,2.99
01/25/2022,2.03,2.15,2.27,2.43,3.03
01/24/2022,2.1,2.18,2.3,2.46,3.07
01/21/2022,2.16,2.21,2.33,2.5,3.1
01/20/2022,2.22,2.24,2.37,2.53,3.14
01/19/2022,2.24,2.25,2.4,2.56,3.17
01/18/2022,2.26,2.29,2.43,2.59,3.21
01/14/2022,2.26,2.33,2.46,2.6,3.24
01/13/2022,2.26,2.34,2.48,2.63,3.28
01/12/2022,2.27,2.36,2.52,2.66,3.32
01/11/2022,2.26,2.37,2.54,2.69,3.35
01/10/2022,2.32,2.39,2.57,2.73,3.39
01/07/2022,2.4,2.42,2.61,2.78,3.43
01/06/2022,2.42,2.46,2.64,2.82,3.47
01/05/2022,2.45,2.5,2.68,2.86,3.51
01/04/2022,2.47,2.55,2.72,2.9,3.55
01/03/2022,2.45,2.56,2.74,2.93,3.58
12/31/2021,2.43,2.58,2.74,2.97,3.62
12/30/2021,2.49,2.63,2.77,3.02,3.66
12/29/2021,2.55,2.68,2.81,3.07,3.7
12/28/2021,2.63,2.72,2.85,3.12,3.74
12/27/2021,2.67,2.75,2.9,3.17,3.78
12/23/2021,2.73,2.8,2.96,3.22,3.82
12/22/2021,2.76,2.83,3.0,3.27,3.86
12/21/2021,2.8,2.86,3.03,3.31,3.9
12/20/2021,2.8,2.89,3.07,3.35,3.94
12/17/2021,2.84,2.91,3.12,3.4,3.98
12/16/2021,2.86,2.89,3.16,3.44,4.02
12/15/2021,2.89,2.91,3.22,3.49,4.06
12/14/2021,2.92,2.94,3.27,3.54,4.09
12/13/2021,2.97,2.99,3.33,3.58,4.13
12/10/2021,2.99,3.05,3.38,3.63,4.17
12/09/2021,2.93,3.12,3.43,3.67,4.2
12/08/2021,2.94,3.17,3.49,3.71,4.24
12/07/2021,2.95,3.21,3.54,3.75,4.27
12/06/2021,3.0,3.26,3.59,3.79,4.31
12/03/2021,3.11,3.33,3.64,3.83,4.34
12/02/2021,3.31,3.44,3.72,3.89,4.39
12/01/2021,3.41,3.52,3.78,3.93,4.42
11/30/2021,3.47,3.6,3.83,3.98,4.45
11/29/2021,3.51,3.67,3.88,4.02,4.48
11/26/2021,3.55,3.72,3.92,4.05,4.51
11/24/2021,3.56,3.75,3.95,4.08,4.54
11/23/2021,3.64,3.8,3.98,4.12,4.57
11/22/2021,3.74,3.87,4.02,4.16,4.6
11/19/2021,3.82,3.92,4.05,4.2,4.62
11/18/2021,3.89,3.95,4.08,4.24,4.64
11/17/2021,3.94,4.0,4.11,4.27,4.67
11/16/2021,3.96,4.04,4.14,4.3,4.68
11/15/2021,3.99,4.07,4.17,4.33,4.7
11/12/2021,4.01,4.1,4.19,4.36,4.71
11/11/2021,4.02,4.12,4.22,4.39,4.72
11/10/2021,4.07,4.15,4.25,4.43,4.74
11/09/2021,4.11,4.16,4.28,4.46,4.75
11/08/2021,4.14,4.17,4.31,4.49,4.76
11/05/2021,4.18,4.19,4.34,4.53,4.77
11/04/2021,4.23,4.21,4.38,4.56,4.79
11/03/2021,4.22,4.22,4.41,4.59,4.8
11/02/2021,4.21,4.24,4.44,4.63,4.81
11/01/2021,4.2,4.27,4.47,4.65,4.82
10/29/2021,4.19,4.29,4.5,4.68,4.84
10/28/2021,4.19,4.31,4.53,4.71,4.85
10/27/2021,4.23,4.35,4.57,4.73,4.87
10/26/2021,4.27,4.4,4.6,4.77,4.88
10/25/2021,4.34,4.45,4.65,4.79,4.9
10/22/2021,4.39,4.49,4.69,4.83,4.91
10/21/2021,4.44,4.55,4.74,4.86,4.92
10/20/2021,4.48,4.59,4.78,4.88,4.93
10/19/2021,4.53,4.63,4.82,4.9,4.94
10/18/2021,4.55,4.66,4.84,4.92,4.95
10/15/2021,4.6,4.7,4.87,4.95,4.97
10/14/2021,4.65,4.74,4.9,4.97,4.99
10/13/2021,4.7,4.78,4.92,4.99,5.0
10/12/2021,4.73,4.81,4.95,5.02,5.02
10/11/2021,4.77,4.85,4.97,5.03,5.03
10/08/2021,4.8,4.9,4.99,5.05,5.04
10/07/2021,4.84,4.93,5.01,5.05,5.04
10/06/2021,4.85,4.96,5.03,5.06,5.05
10/05/2021,4.88,5.0,5.04,5.07,5.06
10/04/2021,4.93,5.02,5.05,5.06,5.08
10/01/2021,4.99,5.04,5.07,5.06,5.09
09/30/2021,5.01,5.06,5.09,5.05,5.11
09/29/2021,5.07,5.07,5.1,5.05,5.11
09/28/2021,5.13,5.09,5.13,5.04,5.13
09/27/2021,5.12,5.08,5.13,5.03,5.16
09/24/2021,5.09,5.09,5.12,5.02,5.19
09/23/2021,5.1,5.1,5.11,5.02,5.18
09/22/2021,5.08,5.1,5.11,5.0,5.17
09/21/2021,5.05,5.08,5.1,5.0,5.16
09/20/2021,5.05,5.09,5.08,5.0,5.16
09/17/2021,5.09,5.11,5.07,5.0,5.15
09/16/2021,5.1,5.12,5.04,5.0,5.14
09/15/2021,5.11,5.13,5.04,5.0,5.13
09/14/2021,5.1,5.16,5.02,5.0,5.12
09/13/2021,5.12,5.17,5.01,5.0,5.11
09/10/2021,5.12,5.15,4.99,5.0,5.1
09/09/2021,5.15,5.13,4.97,4.99,5.09
09/08/2021,5.15,5.13,4.96,4.98,5.09
09/07/2021,5.22,5.12,4.96,4.97,5.09
09/03/2021,5.21,5.08,4.95,4.98,5.1
09/02/2021,5.18,5.03,4.95,4.99,5.12
09/01/2021,5.11,4.97,4.94,5.0,5.1
08/31/2021,5.11,4.94,4.93,5.02,5.08
08/30/2021,5.02,4.88,4.92,5.01,5.06
08/27/2021,4.95,4.85,4.92,5.02,5.04
08/26/2021,4.87,4.82,4.92,5.02,5.02
08/25/2021,4.82,4.82,4.92,5.04,5.0
08/24/2021,4.77,4.78,4.91,5.04,4.98
08/23/2021,4.75,4.79,4.9,5.06,4.96
08/20/2021,4.74,4.82,4.93,5.09,4.94
08/19/2021,4.77,4.87,4.97,5.13,4.92
08/18/2021,4.82,4.92,5.01,5.16,4.9
08/17/2021,4.79,4.93,5.05,5.18,4.87
08/16/2021,4.83,4.95,5.08,5.22,4.85
08/13/2021,4.91,5.0,5.11,5.29,4.83
08/12/2021,4.97,5.02,5.13,5.36,4.8
08/11/2021,5.02,5.02,5.15,5.35,4.78
08/10/2021,5.06,5.04,5.17,5.34,4.75
08/09/2021,5.06,5.01,5.19,5.33,4.72
08/06/2021,5.09,5.03,5.22,5.32,4.69
08/05/2021,5.06,5.07,5.26,5.3,4.66
08/04/2021,5.02,5.1,5.28,5.28,4.63
08/03/2021,5.02,5.18,5.31,5.27,4.6
08/02/2021,4.95,5.21,5.36,5.25,4.58
07/30/2021,4.97,5.23,5.43,5.22,4.56
07/29/2021,5.07,5.24,5.54,5.21,4.54
07/28/2021,5.19,5.27,5.51,5.2,4.52
07/27/2021,5.34,5.3,5.49,5.2,4.51
07/26/2021,5.47,5.38,5.49,5.22,4.5
07/23/2021,5.49,5.41,5.46,5.22,4.49
07/22/2021,5.4,5.45,5.42,5.26,4.47
07/21/2021,5.35,5.46,5.37,5.21,4.45
07/20/2021,5.27,5.44,5.31,5.15,4.43
07/19/2021,5.3,5.52,5.27,5.11,4.42
07/16/2021,5.34,5.63,5.22,5.06,4.41
07/15/2021,5.5,5.84,5.2,5.02,4.4
07/14/2021,5.57,5.75,5.16,4.97,4.38
07/13/2021,5.61,5.68,5.15,4.91,4.37
07/12/2021,5.74,5.6,5.13,4.85,4.35
07/09/2021,5.92,5.51,5.12,4.79,4.34
07/08/2021,6.19,5.39,5.16,4.71,4.32
07/07/2021,5.93,5.29,5.08,4.63,4.31
07/06/2021,5.75,5.19,5.01,4.56,4.3
07/02/2021,5.45,5.02,4.91,4.47,4.28
07/01/2021,5.11,4.82,4.77,4.37,4.26
06/30/2021,4.6,4.56,4.61,4.24,4.23
06/29/2021,4.64,4.58,4.57,4.21,4.24
06/28/2021,4.63,4.62,4.53,4.17,4.25
06/25/2021,4.58,4.67,4.48,4.12,4.26
06/24/2021,4.53,4.73,4.43,4.06,4.26
06/23/2021,4.52,4.93,4.37,4.01,4.27
06/22/2021,4.52,4.88,4.3,3.97,4.32
06/21/2021,4.62,4.83,4.25,3.94,4.35
06/18/2021,4.76,4.8,4.2,3.92,4.38
06/17/2021,4.93,4.73,4.15,3.89,4.41
06/16/2021,5.35,4.66,4.09,3.87,4.44
06/15/2021,5.24,4.57,4.03,3.85,4.48
06/14/2021,5.03,4.43,3.94,3.82,4.5
06/11/2021,4.84,4.29,3.84,3.79,4.52
06/10/2021,4.53,4.13,3.73,3.75,4.54
06/09/2021,3.96,3.81,3.56,3.68,4.53
06/08/2021,3.9,3.73,3.52,3.69,4.57
06/07/2021,3.83,3.67,3.49,3.71,4.61
06/04/2021,3.74,3.61,3.48,3.74,4.65
06/03/2021,3.73,3.56,3.47,3.76,4.69
06/02/2021,3.65,3.52,3.47,3.78,4.73
06/01/2021,3.56,3.49,3.49,3.8,4.76
05/28/2021,3.5,3.44,3.51,3.82,4.8
05/27/2021,3.47,3.4,3.54,3.86,4.83
05/26/2021,3.39,3.33,3.57,3.89,4.88
05/25/2021,3.38,3.31,3.61,3.94,4.93
05/24/2021,3.41,3.3,3.66,3.99,4.98
05/21/2021,3.39,3.32,3.74,4.04,5.03
05/20/2021,3.33,3.35,3.8,4.1,5.08
05/19/2021,3.27,3.38,3.86,4.15,5.13
05/18/2021,3.23,3.43,3.91,4.21,5.18
05/17/2021,3.19,3.49,3.95,4.26,5.25
05/14/2021,3.25,3.57,4.01,4.33,5.32
05/13/2021,3.37,3.69,4.09,4.39,5.39
05/12/2021,3.5,3.8,4.17,4.46,5.46
05/11/2021,3.63,3.92,4.25,4.53,5.53
05/10/2021,3.79,4.03,4.34,4.66,5.6
05/07/2021,3.89,4.16,4.41,4.76,5.66
05/06/2021,4.01,4.25,4.47,4.84,5.72
05/05/2021,4.1,4.33,4.54,4.93,5.79
05/04/2021,4.21,4.4,4.6,5.02,5.84
05/03/2021,4.26,4.42,4.65,5.1,5.88
04/30/2021,4.42,4.44,4.71,5.19,5.92
04/29/2021,4.49,4.48,4.75,5.25,5.96
04/28/2021,4.56,4.54,4.8,5.33,5.99
04/27/2021,4.58,4.59,4.84,5.39,6.02
04/26/2021,4.57,4.65,4.98,5.46,6.04
04/23/2021,4.46,4.66,5.07,5.52,6.06
04/22/2021,4.47,4.69,5.14,5.57,6.07
04/21/2021,4.52,4.75,5.23,5.63,6.1
04/20/2021,4.59,4.8,5.33,5.68,6.12
04/19/2021,4.72,4.88,5.45,5.73,6.15
04/16/2021,4.85,4.97,5.56,5.78,6.18
04/15/2021,4.91,5.01,5.64,5.81,6.2
04/14/2021,4.98,5.06,5.72,5.87,6.22
04/13/2021,5.01,5.09,5.79,5.92,6.24
04/12/2021,5.04,5.32,5.87,5.97,6.26
04/09/2021,5.09,5.48,5.95,6.02,6.27
04/08/2021,5.11,5.59,6.01,6.06,6.28
04/07/2021,5.14,5.71,6.07,6.11,6.29
04/06/2021,5.18,5.85,6.12,6.16,6.3
04/05/2021,5.59,6.01,6.15,6.23,6.3
04/01/2021,5.87,6.14,6.18,6.31,6.31
03/31/2021,6.07,6.27,6.21,6.39,6.31
03/30/2021,6.28,6.39,6.27,6.46,6.32
03/29/2021,6.53,6.49,6.34,6.53,6.32
03/26/2021,6.44,6.43,6.3,6.53,6.29
03/25/2021,6.41,6.41,6.28,6.55,6.27
03/24/2021,6.46,6.43,6.29,6.59,6.26
03/23/2021,6.51,6.43,6.31,6.65,6.24
03/22/2021,6.46,6.38,6.32,6.67,6.22
03/19/2021,6.42,6.28,6.35,6.66,6.2
03/18/2021,6.4,6.21,6.39,6.66,6.18
03/17/2021,6.4,6.16,6.44,6.66,6.16
03/16/2021,6.35,6.15,6.49,6.65,6.14
03/15/2021,6.3,6.18,6.55,6.65,6.13
03/12/2021,6.15,6.18,6.58,6.62,6.11
03/11/2021,6.02,6.16,6.62,6.59,6.09
03/10/2021,5.91,6.15,6.67,6.57,6.07
03/09/2021,5.96,6.2,6.76,6.57,6.06
03/08/2021,6.05,6.25,6.81,6.57,6.05
03/05/2021,6.21,6.41,6.85,6.58,6.05
03/04/2021,6.29,6.57,6.89,6.59,6.05
03/03/2021,6.39,6.73,6.91,6.59,6.04
03/02/2021,6.44,6.83,6.89,6.57,6.03
03/01/2021,6.45,6.92,6.89,6.56,6.0
02/26/2021,6.61,6.98,6.84,6.54,5.98
02/25/2021,6.85,7.09,6.81,6.52,5.97
02/24/2021,7.07,7.2,6.78,6.51,5.95
02/23/2021,7.21,7.31,6.75,6.47,5.92
02/22/2021,7.38,7.37,6.73,6.43,5.89
02/19/2021,7.35,7.3,6.67,6.37,5.86
02/18/2021,7.32,7.21,6.59,6.31,5.81
02/17/2021,7.33,7.09,6.52,6.24,5.77
02/16/2021,7.41,6.96,6.45,6.17,5.72
02/12/2021,7.36,6.86,6.38,6.1,5.68
02/11/2021,7.24,6.7,6.32,6.05,5.64
02/10/2021,7.09,6.54,6.24,5.98,5.6
02/09/2021,6.85,6.37,6.16,5.92,5.56
02/08/2021,6.51,6.19,6.05,5.83,5.53
02/05/2021,6.36,6.09,5.97,5.78,5.51
02/04/2021,6.16,6.03,5.91,5.73,5.47
02/03/2021,5.99,5.98,5.86,5.69,5.44
02/02/2021,5.88,5.95,5.82,5.66,5.41
02/01/2021,5.87,5.94,5.78,5.64,5.38
01/29/2021,5.81,5.89,5.73,5.61,5.34
01/28/2021,5.91,5.93,5.72,5.6,5.32
01/27/2021,5.98,5.94,5.71,5.59,5.29
01/26/2021,6.02,5.95,5.7,5.58,5.27
01/25/2021,6.0,5.91,5.66,5.56,5.25
01/22/2021,5.97,5.85,5.62,5.54,5.24
01/21/2021,5.96,5.79,5.58,5.53,5.24
01/20/2021,5.89,5.73,5.55,5.51,5.24
01/19/2021,5.89,5.68,5.52,5.49,5.24
01/15/2021,5.82,5.62,5.49,5.48,5.24
01/14/2021,5.73,5.56,5.47,5.44,5.24
01/13/2021,5.63,5.51,5.44,5.42,5.24
01/12/2021,5.56,5.48,5.41,5.42,5.24
01/11/2021,5.47,5.44,5.39,5.39,5.24
01/08/2021,5.42,5.4,5.38,5.37,5.25
01/07/2021,5.39,5.4,5.39,5.35,5.27
01/06/2021,5.38,5.38,5.4,5.34,5.28
01/05/2021,5.39,5.37,5.4,5.31,5.29
01/04/2021,5.41,5.36,5.39,5.29,5.3
12/31/2020,5.38,5.37,5.4,5.28,5.32
12/30/2020,5.4,5.38,5.39,5.26,5.33
12/29/2020,5.37,5.36,5.37,5.24,5.35
12/28/2020,5.35,5.35,5.4,5.22,5.37
12/24/2020,5.31,5.33,5.37,5.21,5.38
12/23/2020,5.35,5.36,5.35,5.22,5.39
12/22/2020,5.36,5.38,5.33,5.24,5.4
12/21/2020,5.36,5.42,5.32,5.21,5.42
12/18/2020,5.35,5.42,5.29,5.19,5.41
12/17/2020,5.35,5.43,5.26,5.16,5.4
12/16/2020,5.38,5.44,5.23,5.11,5.4
12/15/2020,5.39,5.39,5.2,5.07,5.39
12/14/2020,5.48,5.38,5.17,5.03,5.38
12/11/2020,5.5,5.44,5.16,5.0,5.38
12/10/2020,5.5,5.41,5.14,4.97,5.38
12/09/2020,5.51,5.34,5.15,4.95,5.38
12/08/2020,5.4,5.28,5.18,4.93,5.39
12/07/2020,5.28,5.21,5.1,4.95,5.4
12/04/2020,5.39,5.15,5.07,4.98,5.41
12/03/2020,5.31,5.09,5.02,4.99,5.41
12/02/2020,5.18,5.02,4.95,5.0,5.42
12/01/2020,5.17,5.0,4.91,5.03,5.43
11/30/2020,5.15,4.97,4.86,5.06,5.44
11/27/2020,4.91,4.88,4.78,5.06,5.44
11/25/2020,4.87,4.88,4.76,5.09,5.45
11/24/2020,4.86,4.95,4.75,5.13,5.46
11/23/2020,4.84,5.07,4.76,5.18,5.47
11/20/2020,4.79,5.0,4.82,5.22,5.49
11/19/2020,4.84,4.99,4.89,5.26,5.5
11/18/2020,4.9,4.95,4.94,5.31,5.51
11/17/2020,5.04,4.88,4.99,5.36,5.53
11/16/2020,5.3,4.82,5.04,5.41,5.54
11/13/2020,5.2,4.75,5.1,5.46,5.56
11/12/2020,5.14,4.68,5.15,5.51,5.57
11/11/2020,5.0,4.63,5.19,5.54,5.58
11/10/2020,4.72,4.56,5.21,5.57,5.58
11/09/2020,4.35,4.45,5.24,5.57,5.57
11/06/2020,4.31,4.64,5.32,5.62,5.6
11/05/2020,4.22,4.79,5.4,5.63,5.62
11/04/2020,4.25,4.93,5.49,5.65,5.65
11/03/2020,4.39,5.1,5.6,5.68,5.69
11/02/2020,4.55,5.26,5.7,5.7,5.73
10/30/2020,4.97,5.45,5.82,5.73,5.77
10/29/2020,5.36,5.63,5.93,5.76,5.81
10/28/2020,5.61,5.75,6.0,5.79,5.85
10/27/2020,5.8,5.87,6.07,5.82,5.87
10/26/2020,5.97,6.02,6.13,5.85,5.9
10/23/2020,5.92,6.01,6.11,5.84,5.91
10/22/2020,5.9,6.0,6.05,5.84,5.93
10/21/2020,5.89,6.05,6.02,5.83,5.95
10/20/2020,5.95,6.1,5.97,5.84,5.99
10/19/2020,6.08,6.14,5.92,5.84,6.0
10/16/2020,6.09,6.19,5.87,5.82,6.0
10/15/2020,6.1,6.24,5.82,5.82,6.0
10/14/2020,6.21,6.25,5.8,5.81,6.01
10/13/2020,6.26,6.27,5.79,5.79,6.02
10/12/2020,6.21,6.23,5.76,5.77,6.0
10/09/2020,6.28,6.22,5.76,5.76,6.0
10/08/2020,6.37,6.11,5.75,5.74,6.0
10/07/2020,6.3,5.98,5.73,5.72,6.0
10/06/2020,6.27,5.84,5.7,5.69,5.98
10/05/2020,6.25,5.71,5.68,5.67,5.97
10/02/2020,6.16,5.55,5.64,5.65,5.96
10/01/2020,5.84,5.4,5.61,5.63,5.94
09/30/2020,5.66,5.35,5.59,5.62,5.94
09/29/2020,5.41,5.31,5.55,5.59,5.94
09/28/2020,5.16,5.3,5.54,5.58,5.94
09/25/2020,4.93,5.3,5.53,5.58,5.94
09/24/2020,4.96,5.4,5.56,5.62,5.97
09/23/2020,5.04,5.47,5.59,5.65,5.99
09/22/2020,5.21,5.56,5.62,5.69,6.0
09/21/2020,5.44,5.66,5.66,5.76,6.02
09/18/2020,5.67,5.74,5.7,5.82,6.04
09/17/2020,5.84,5.82,5.74,5.87,6.06
09/16/2020,5.9,5.82,5.75,5.91,6.07
09/15/2020,5.91,5.79,5.73,5.93,6.07
09/14/2020,5.88,5.77,5.72,5.95,6.07
09/11/2020,5.82,5.75,5.72,5.98,6.08
09/10/2020,5.8,5.73,5.73,6.02,6.08
09/09/2020,5.74,5.7,5.74,6.07,6.1
09/08/2020,5.67,5.68,5.76,6.14,6.11
09/04/2020,5.67,5.66,5.81,6.16,6.12
09/03/2020,5.69,5.66,5.86,6.17,6.12
09/02/2020,5.66,5.66,5.9,6.18,6.13
09/01/2020,5.67,5.68,5.95,6.21,6.14
08/31/2020,5.69,5.67,6.0,6.24,6.15
08/28/2020,5.64,5.66,6.04,6.24,6.14
08/27/2020,5.62,5.69,6.09,6.25,6.14
08/26/2020,5.67,5.73,6.16,6.25,6.14
08/25/2020,5.69,5.77,6.26,6.27,6.14
08/24/2020,5.65,5.83,6.37,6.27,6.15
08/21/2020,5.68,5.96,6.41,6.26,6.14
08/20/2020,5.76,6.06,6.43,6.27,6.14
08/19/2020,5.78,6.13,6.45,6.26,6.14
08/18/2020,5.85,6.22,6.48,6.27,6.14
08/17/2020,6.01,6.32,6.53,6.28,6.14
08/14/2020,6.24,6.41,6.53,6.3,6.15
08/13/2020,6.36,6.49,6.52,6.31,6.14
08/12/2020,6.48,6.59,6.52,6.32,6.14
08/11/2020,6.59,6.75,6.53,6.32,6.14
08/10/2020,6.63,6.92,6.49,6.32,6.14
08/07/2020,6.59,6.86,6.42,6.29,6.12
08/06/2020,6.61,6.79,6.37,6.27,6.11
08/05/2020,6.7,6.76,6.32,6.24,6.1
08/04/2020,6.91,6.73,6.29,6.23,6.1
08/03/2020,7.2,6.73,6.26,6.22,6.1
07/31/2020,7.12,6.65,6.25,6.2,6.09
07/30/2020,6.98,6.56,6.22,6.18,6.08
07/29/2020,6.82,6.45,6.19,6.15,6.09
07/28/2020,6.56,6.31,6.11,6.12,6.09
07/27/2020,6.26,6.06,6.02,6.07,6.09
07/24/2020,6.18,5.98,6.01,6.08,6.12
07/23/2020,6.15,5.94,6.0,6.08,6.13
07/22/2020,6.08,5.89,5.98,6.07,6.14
07/21/2020,6.05,5.84,5.98,6.07,6.15
07/20/2020,5.85,5.79,5.97,6.06,6.14
07/17/2020,5.78,5.84,5.97,6.04,6.15
07/16/2020,5.74,5.88,5.99,6.04,6.15
07/15/2020,5.7,5.93,6.0,6.03,6.16
07/14/2020,5.63,5.92,6.03,6.01,6.17
07/13/2020,5.73,5.97,6.08,6.03,6.18
07/10/2020,5.91,6.04,6.14,6.02,6.19
07/09/2020,6.02,6.06,6.15,6.02,6.19
07/08/2020,6.16,6.08,6.16,6.02,6.2
07/07/2020,6.2,6.12,6.18,6.01,6.2
07/06/2020,6.21,6.14,6.19,6.0,6.2
07/02/2020,6.17,6.1,6.14,5.99,6.2
07/01/2020,6.11,6.11,6.12,5.98,6.19
06/30/2020,5.99,6.08,6.07,5.96,6.19
06/29/2020,6.04,6.14,6.06,5.96,6.18
06/26/2020,6.07,6.19,6.05,5.96,6.18
06/25/2020,6.02,6.23,6.01,5.96,6.19
06/24/2020,6.11,6.23,6.0,5.96,6.19
06/23/2020,6.16,6.25,5.99,5.96,6.19
06/22/2020,6.24,6.24,5.96,5.96,6.19
06/19/2020,6.32,6.23,5.93,5.97,6.2
06/18/2020,6.43,6.19,5.93,5.98,6.2
06/17/2020,6.36,6.12,5.91,5.99,6.2
06/16/2020,6.34,6.07,5.91,6.03,6.21
06/15/2020,6.24,5.98,5.87,6.06,6.21
06/12/2020,6.15,5.91,5.85,6.11,6.17
06/11/2020,5.94,5.79,5.82,6.15,6.14
06/10/2020,5.89,5.77,5.82,6.17,6.13
06/09/2020,5.81,5.72,5.82,6.21,6.11
06/08/2020,5.72,5.67,5.83,6.23,6.09
06/05/2020,5.68,5.63,5.84,6.23,6.06
06/04/2020,5.64,5.68,5.88,6.25,6.05
06/03/2020,5.65,5.71,5.92,6.27,6.04
06/02/2020,5.64,5.74,6.0,6.3,6.02
06/01/2020,5.62,5.77,6.1,6.32,6.01
05/29/2020,5.59,5.78,6.2,6.33,5.99
05/28/2020,5.71,5.85,6.32,6.36,6.0
05/27/2020,5.77,5.88,6.38,6.37,6.0
05/26/2020,5.84,5.91,6.45,6.38,5.99
05/22/2020,5.91,5.98,6.51,6.4,5.98
05/21/2020,5.97,6.04,6.53,6.4,5.99
05/20/2020,5.99,6.09,6.54,6.4,5.99
05/19/2020,6.0,6.13,6.56,6.41,6.01
05/18/2020,5.99,6.27,6.57,6.41,6.02
05/15/2020,6.05,6.43,6.6,6.41,6.05
05/14/2020,6.11,6.62,6.6,6.41,6.07
05/13/2020,6.19,6.8,6.61,6.42,6.1
05/12/2020,6.27,6.87,6.61,6.42,6.12
05/11/2020,6.55,6.98,6.62,6.43,6.13
05/08/2020,6.82,7.04,6.6,6.42,6.13
05/07/2020,7.13,7.02,6.58,6.42,6.17
05/06/2020,7.41,7.0,6.56,6.42,6.23
05/05/2020,7.47,6.98,6.54,6.42,6.28
05/04/2020,7.41,6.88,6.48,6.4,6.3
05/01/2020,7.25,6.77,6.39,6.36,6.33
04/30/2020,6.91,6.59,6.3,6.24,6.35
04/29/2020,6.59,6.42,6.23,6.13,6.37
04/28/2020,6.49,6.35,6.19,6.08,6.38
04/27/2020,6.34,6.25,6.15,6.01,6.39
04/24/2020,6.28,6.17,6.11,5.95,6.4
04/23/2020,6.27,6.15,6.12,5.89,6.43
04/22/2020,6.25,6.12,6.12,5.85,6.45
04/21/2020,6.2,6.1,6.14,5.81,6.47
04/20/2020,6.17,6.08,6.17,5.74,6.49
04/17/2020,6.06,6.01,6.15,5.69,6.5
04/16/2020,6.03,6.01,6.06,5.66,6.52
04/15/2020,6.0,6.05,5.99,5.64,6.55
04/14/2020,6.0,6.03,5.95,5.62,6.57
04/13/2020,6.0,6.04,5.89,5.59,6.6
04/09/2020,5.97,6.05,5.84,5.56,6.61
04/08/2020,5.99,6.1,5.76,5.57,6.63
04/07/2020,6.1,6.13,5.71,5.58,6.65
04/06/2020,6.05,6.18,5.67,5.61,6.67
04/03/2020,6.08,6.25,5.57,5.64,6.7
04/02/2020,6.13,6.29,5.53,5.69,6.72
04/01/2020,6.22,6.12,5.48,5.74,6.74
03/31/2020,6.15,5.93,5.43,5.79,6.76
03/30/2020,6.3,5.87,5.42,5.82,6.78
03/27/2020,6.41,5.74,5.36,5.83,6.81
03/26/2020,6.45,5.63,5.32,5.84,6.83
03/25/2020,6.03,5.41,5.31,5.92,6.86
03/24/2020,5.72,5.29,5.31,6.05,6.9
03/23/2020,5.44,5.16,5.33,6.13,6.93
03/20/2020,5.06,4.9,5.33,6.21,6.95
03/19/2020,4.81,4.77,5.38,6.3,6.97
03/18/2020,4.79,4.84,5.56,6.45,7.02
03/17/2020,4.86,4.93,5.71,6.6,7.07
03/16/2020,4.87,4.97,5.79,6.69,7.12
03/13/2020,4.73,4.99,5.87,6.77,7.17
03/12/2020,4.74,5.02,5.95,6.86,7.21
03/11/2020,4.89,5.2,6.18,6.96,7.27
03/10/2020,5.0,5.34,6.43,7.05,7.32
03/09/2020,5.07,5.51,6.62,7.12,7.36
03/06/2020,5.24,5.77,6.86,7.23,7.42
03/05/2020,5.3,6.0,7.06,7.31,7.47
03/04/2020,5.51,6.27,7.26,7.39,7.51
03/03/2020,5.68,6.49,7.43,7.46,7.54
03/02/2020,5.94,6.61,7.54,7.52,7.58
02/28/2020,6.3,6.75,7.67,7.6,7.62
02/27/2020,6.69,6.87,7.78,7.65,7.66
02/26/2020,7.03,7.16,7.85,7.68,7.69
02/25/2020,7.3,7.51,7.9,7.72,7.69
02/24/2020,7.27,7.74,7.93,7.74,7.68
02/21/2020,7.21,7.96,7.96,7.75,7.67
02/20/2020,7.06,8.13,7.97,7.75,7.66
02/19/2020,7.3,8.25,7.95,7.73,7.65
02/18/2020,7.72,8.37,7.94,7.73,7.61
02/14/2020,8.21,8.48,7.98,7.75,7.6
02/13/2020,8.7,8.58,8.03,7.78,7.58
02/12/2020,9.2,8.68,8.03,7.82,7.58
02/11/2020,9.2,8.53,7.94,7.8,7.54
02/10/2020,9.02,8.29,7.82,7.75,7.48
02/07/2020,8.76,8.12,7.73,7.72,7.44
02/06/2020,8.46,7.96,7.65,7.68,7.39
02/05/2020,8.16,7.81,7.56,7.63,7.34
02/04/2020,7.86,7.65,7.48,7.58,7.29
02/03/2020,7.55,7.5,7.4,7.54,7.24
01/31/2020,7.48,7.47,7.39,7.55,7.22
01/28/2020,7.46,7.47,7.39,7.57,7.2
01/24/2020,7.45,7.38,7.39,7.57,7.18
01/23/2020,7.44,7.35,7.43,7.57,7.2
01/22/2020,7.45,7.36,7.48,7.59,7.21
01/21/2020,7.46,7.35,7.53,7.6,7.22
01/17/2020,7.48,7.34,7.55,7.61,7.24
01/16/2020,7.31,7.31,7.55,7.63,7.26
01/09/2020,7.26,7.3,7.55,7.63,7.28
01/03/2020,7.26,7.3,7.56,7.62,7.3
01/02/2020,7.24,7.3,7.59,7.63,7.32
12/31/2019,7.21,7.3,7.62,7.63,7.31
12/30/2019,7.31,7.39,7.67,7.68,7.32
12/27/2019,7.34,7.51,7.68,7.69,7.32
12/26/2019,7.34,7.6,7.71,7.66,7.31
12/23/2019,7.37,7.7,7.72,7.62,7.32
12/20/2019,7.39,7.75,7.75,7.59,7.31
12/19/2019,7.48,7.79,7.8,7.57,7.31
12/17/2019,7.68,7.8,7.79,7.56,7.29
12/16/2019,7.86,7.82,7.77,7.5,7.27
12/13/2019,8.04,7.88,7.8,7.44,7.24
12/12/2019,8.1,7.94,7.8,7.37,7.21
12/11/2019,8.1,7.94,7.82,7.34,7.18
12/10/2019,7.92,7.85,7.78,7.28,7.13
12/09/2019,7.78,7.82,7.68,7.22,7.08
12/06/2019,7.72,7.73,7.58,7.16,7.03
12/02/2019,7.78,7.75,7.51,7.09,7.0
11/29/2019,7.78,7.8,7.46,7.05,6.97
11/27/2019,7.78,7.77,7.44,7.0,6.94
11/26/2019,7.87,7.73,7.34,6.94,6.91
11/25/2019,7.75,7.72,7.22,6.89,6.87
11/22/2019,7.72,7.66,7.08,6.83,6.82
11/21/2019,7.83,7.7,7.04,6.79,6.79
11/19/2019,7.76,7.71,6.99,6.83,6.75
11/18/2019,7.58,7.54,6.92,6.83,6.7
11/15/2019,7.69,7.43,6.87,6.84,6.67
11/14/2019,7.6,7.28,6.76,6.86,6.62
11/13/2019,7.57,7.12,6.67,6.88,6.56
11/12/2019,7.66,7.12,6.61,6.94,6.51
11/11/2019,7.5,6.96,6.55,6.99,6.46
11/08/2019,7.18,6.72,6.48,7.02,6.4
11/07/2019,6.96,6.5,6.42,7.0,6.34
11/06/2019,6.66,6.38,6.34,6.96,6.27
11/04/2019,6.58,6.28,6.4,6.95,6.19
11/01/2019,6.43,6.29,6.47,6.97,6.14
10/31/2019,6.26,6.31,6.54,7.01,6.09
10/30/2019,6.05,6.24,6.65,7.03,6.05
10/29/2019,6.09,6.23,6.76,7.06,6.01
10/28/2019,5.97,6.11,6.85,7.02,5.95
10/25/2019,6.16,6.14,7.0,7.03,5.91
10/24/2019,6.36,6.25,7.16,7.04,5.88
10/23/2019,6.43,6.34,7.24,7.06,5.84
10/16/2019,6.36,6.31,7.25,7.02,5.79
10/15/2019,6.24,6.52,7.28,6.98,5.73
10/14/2019,6.13,6.65,7.31,6.95,5.68
10/11/2019,6.13,6.77,7.36,6.91,5.62
10/09/2019,6.25,7.06,7.43,6.91,5.58
10/08/2019,6.25,7.3,7.48,6.89,5.53
10/07/2019,6.79,7.58,7.48,6.89,5.48
10/04/2019,7.16,7.85,7.47,6.88,5.43
10/03/2019,7.4,8.08,7.44,6.84,5.37
10/02/2019,7.87,8.14,7.42,6.81,5.31
10/01/2019,8.34,8.2,7.38,6.79,5.26
09/30/2019,8.38,8.05,7.22,6.67,5.16
09/27/2019,8.53,7.98,7.1,6.58,5.09
09/25/2019,8.76,7.94,6.98,6.5,5.02
09/24/2019,8.41,7.8,6.83,6.38,4.92
09/23/2019,8.06,7.66,6.69,6.24,4.82
09/20/2019,7.73,7.37,6.54,6.09,4.71
09/19/2019,7.43,7.1,6.4,5.94,4.61
09/18/2019,7.13,6.8,6.22,5.78,4.51
09/17/2019,7.19,6.7,6.14,5.68,4.44
09/16/2019,7.25,6.55,6.08,5.57,4.38
09/12/2019,7.01,6.38,5.98,5.44,4.29
09/11/2019,6.77,6.22,5.88,5.31,4.22
09/10/2019,6.47,6.02,5.78,5.18,4.13
09/09/2019,6.22,5.87,5.67,5.07,4.06
09/06/2019,5.86,5.72,5.54,4.95,3.99
09/05/2019,5.75,5.72,5.45,4.88,3.94
09/04/2019,5.68,5.7,5.36,4.8,3.89
09/03/2019,5.57,5.65,5.27,4.71,3.85
08/30/2019,5.52,5.58,5.17,4.62,3.79
08/29/2019,5.58,5.61,5.08,4.55,3.76
08/28/2019,5.69,5.57,4.97,4.48,3.72
08/27/2019,5.72,5.54,4.85,4.4,3.68
08/26/2019,5.72,5.54,4.76,4.33,3.63
08/23/2019,5.64,5.48,4.67,4.25,3.57
08/22/2019,5.64,5.36,4.57,4.17,3.51
08/21/2019,5.46,5.18,4.46,4.07,3.45
08/20/2019,5.36,5.02,4.35,3.98,3.39
08/19/2019,5.35,4.9,4.24,3.91,3.33
08/16/2019,5.32,4.76,4.14,3.82,3.26
08/15/2019,5.08,4.55,4.02,3.72,3.19
08/14/2019,4.9,4.36,3.93,3.64,3.13
08/13/2019,4.67,4.15,3.83,3.59,3.07
08/12/2019,4.44,3.98,3.73,3.55,3.01
08/09/2019,4.2,3.86,3.63,3.46,2.96
08/05/2019,4.02,3.78,3.57,3.4,2.91
08/01/2019,3.83,3.74,3.51,3.34,2.88
07/31/2019,3.63,3.68,3.46,3.29,2.84
07/30/2019,3.51,3.59,3.41,3.24,2.79
07/29/2019,3.51,3.53,3.35,3.2,2.76
07/22/2019,3.54,3.5,3.31,3.19,2.75
07/16/2019,3.65,3.5,3.29,3.15,2.72
07/12/2019,3.72,3.51,3.32,3.13,2.7
07/11/2019,3.66,3.48,3.33,3.09,2.67
07/10/2019,3.54,3.41,3.27,3.05,2.64
07/08/2019,3.46,3.36,3.2,3.03,2.62
07/05/2019,3.36,3.28,3.14,3.01,2.6
07/02/2019,3.3,3.24,3.09,2.99,2.6
06/28/2019,3.3,3.24,3.06,2.99,2.59
06/20/2019,3.28,3.18,3.03,2.97,2.58
06/17/2019,3.26,3.13,3.03,2.97,2.56
06/13/2019,3.2,3.07,2.97,2.96,2.55
06/12/2019,3.18,3.12,2.94,2.96,2.54
06/11/2019,3.17,3.18,2.9,2.93,2.55
06/10/2019,3.07,3.13,2.88,2.89,2.54
06/06/2019,2.99,3.05,2.87,2.86,2.55
06/04/2019,2.93,3.0,2.87,2.84,2.57
06/03/2019,3.06,2.94,2.86,2.79,2.56
05/22/2019,3.19,2.89,2.86,2.75,2.57
05/17/2019,3.18,2.89,2.86,2.71,2.57
05/16/2019,3.11,2.93,2.89,2.66,2.57
05/15/2019,3.06,2.88,2.91,2.62,2.6
05/14/2019,2.83,2.76,2.87,2.55,2.61
04/26/2019,2.59,2.61,2.8,2.48,2.6
04/25/2019,2.6,2.63,2.78,2.45,2.64
04/22/2019,2.76,2.69,2.77,2.43,2.69
04/17/2019,2.7,2.74,2.76,2.41,2.74
04/16/2019,2.69,2.77,2.72,2.39,2.73
04/12/2019,2.63,2.83,2.67,2.35,2.79
04/09/2019,2.65,2.83,2.61,2.32,2.8
04/08/2019,2.62,2.84,2.53,2.31,2.8
04/05/2019,2.78,2.94,2.49,2.29,2.82
04/04/2019,2.86,2.99,2.44,2.27,2.83
03/04/2019,3.03,2.99,2.41,2.25,2.84
03/01/2019,3.01,2.93,2.36,2.22,2.84
02/25/2019,3.05,2.84,2.3,2.2,2.84
02/21/2019,3.09,2.78,2.25,2.19,2.84
02/19/2019,3.12,2.66,2.2,2.21,2.83
02/07/2019,2.95,2.52,2.11,2.2,2.82
02/05/2019,2.84,2.39,2.06,2.19,2.81
01/22/2019,2.63,2.21,2.04,2.16,2.81
01/15/2019,2.48,2.04,1.97,2.14,2.8
01/11/2019,2.21,1.9,1.91,2.13,2.8
01/10/2019,2.08,1.84,1.88,2.17,2.81
01/03/2019,1.94,1.79,1.87,2.19,2.84
01/02/2019,1.79,1.76,1.88,2.24,2.85
12/21/2018,1.6,1.72,1.89,2.29,2.86
12/20/2018,1.59,1.73,1.98,2.32,2.89
12/18/2018,1.59,1.71,2.04,2.39,2.9
12/17/2018,1.65,1.73,2.09,2.44,2.92
12/13/2018,1.73,1.88,2.13,2.48,2.93
12/12/2018,1.83,1.91,2.19,2.58,2.95
12/11/2018,1.87,1.91,2.25,2.67,2.94
12/10/2018,1.82,1.91,2.34,2.71,2.96
12/07/2018,1.8,1.94,2.38,2.83,2.97
12/03/2018,2.02,1.99,2.48,2.95,2.99
11/30/2018,1.98,2.06,2.58,3.06,3.0
11/29/2018,1.96,2.23,2.62,3.08,3.01
11/27/2018,2.0,2.38,2.73,3.23,3.02
11/26/2018,2.08,2.45,2.8,3.28,3.04
11/23/2018,1.96,2.39,2.78,3.29,3.03
11/20/2018,2.15,2.47,2.92,3.34,3.03
11/16/2018,2.51,2.59,3.05,3.39,3.04
11/14/2018,2.75,2.76,3.11,3.43,3.05
11/13/2018,2.82,2.83,3.28,3.46,3.06
11/06/2018,2.82,2.98,3.43,3.48,3.07
11/05/2018,2.78,3.1,3.56,3.49,3.06
11/02/2018,2.66,3.0,3.5,3.45,3.05
10/31/2018,2.78,3.09,3.65,3.45,3.06
10/24/2018,2.84,3.15,3.7,3.44,3.09
10/08/2018,3.14,3.17,3.74,3.45,3.12
09/27/2018,3.42,3.36,3.78,3.47,3.14
09/24/2018,3.33,3.51,3.79,3.47,3.13
09/21/2018,3.4,3.46,3.76,3.45,3.09
09/10/2018,3.46,3.73,3.77,3.49,3.07
09/06/2018,3.19,3.88,3.73,3.46,3.03
08/30/2018,3.31,4.03,3.68,3.43,2.99
08/24/2018,3.7,4.01,3.67,3.45,2.99
08/23/2018,3.52,4.22,3.62,3.41,2.97
08/22/2018,4.0,4.25,3.58,3.4,2.96
08/13/2018,4.56,4.32,3.6,3.39,2.96
08/08/2018,4.74,4.19,3.52,3.31,2.93
06/27/2018,4.32,4.06,3.44,3.21,2.91
06/25/2018,4.92,4.06,3.44,3.21,2.91
06/21/2018,4.5,3.82,3.37,3.12,2.86
06/19/2018,4.08,3.58,3.26,3.03,2.83
06/14/2018,3.64,3.34,3.14,2.94,2.79
06/13/2018,3.79,3.34,3.18,2.94,2.83
06/11/2018,3.2,3.03,3.01,2.82,2.81
06/06/2018,3.14,2.91,2.97,2.8,2.81
06/05/2018,3.08,2.87,2.92,2.76,2.82
05/30/2018,3.04,2.85,2.88,2.73,2.83
05/24/2018,2.88,2.83,2.78,2.69,2.85
05/16/2018,2.86,2.83,2.78,2.68,2.86
05/08/2018,2.68,2.92,2.76,2.67,2.87
05/07/2018,2.66,2.93,2.75,2.66,2.85
05/04/2018,2.66,2.94,2.74,2.64,2.87
04/30/2018,2.77,3.02,2.74,2.65,2.91
04/26/2018,2.8,2.98,2.71,2.68,2.88
04/25/2018,3.16,3.03,2.74,2.75,2.92
04/20/2018,3.2,2.96,2.71,2.79,2.9
04/19/2018,3.22,2.9,2.66,2.82,2.93
04/09/2018,3.26,2.74,2.62,2.79,2.92
04/03/2018,3.17,2.73,2.6,2.74,2.95
04/02/2018,2.9,2.61,2.54,2.65,2.96
03/29/2018,2.72,2.57,2.52,2.59,2.98
03/27/2018,2.59,2.54,2.49,2.54,2.98
03/26/2018,2.22,2.46,2.46,2.52,2.97
03/14/2018,2.3,2.44,2.53,2.52,2.99
03/12/2018,2.32,2.45,2.61,2.52,2.98
03/08/2018,2.41,2.45,2.7,2.53,2.98
02/28/2018,2.48,2.42,2.78,2.55,3.0
02/27/2018,2.69,2.49,2.82,2.61,3.03
02/16/2018,2.58,2.47,2.74,2.61,3.05
02/09/2018,2.58,2.47,2.67,2.61,3.07
02/08/2018,2.5,2.47,2.6,2.63,3.07
02/07/2018,2.36,2.44,2.55,2.65,3.09
02/02/2018,2.29,2.47,2.55,2.72,3.12
02/01/2018,2.35,2.62,2.57,2.8,3.15
01/24/2018,2.35,2.76,2.55,2.83,3.17
01/18/2018,2.44,2.95,2.56,2.88,3.19
01/08/2018,2.51,3.13,2.62,2.94,3.21
12/29/2017,2.64,3.14,2.67,3.0,3.24
12/26/2017,2.88,3.02,2.68,3.04,3.26
12/21/2017,3.17,2.88,2.68,3.08,3.28
12/20/2017,3.46,2.74,2.71,3.05,3.3
12/18/2017,3.76,2.66,2.75,3.1,3.32
12/14/2017,3.64,2.64,2.84,3.16,3.35
12/13/2017,3.16,2.52,2.89,3.09,3.35
12/08/2017,2.59,2.35,2.86,3.1,3.35
12/07/2017,2.03,2.18,2.85,3.01,3.35
12/06/2017,1.56,2.1,2.85,3.05,3.36
12/05/2017,1.64,2.2,2.94,3.04,3.4
11/10/2017,1.88,2.34,3.06,3.16,3.43
10/26/2017,2.1,2.47,3.19,3.27,3.49
10/13/2017,2.33,2.67,3.21,3.36,3.53
10/05/2017,2.64,2.85,3.33,3.42,3.59
10/04/2017,2.77,3.05,3.43,3.42,3.61
09/12/2017,2.8,3.26,3.37,3.46,3.65
09/06/2017,2.85,3.37,3.47,3.44,3.68
08/08/2017,3.02,3.51,3.42,3.43,3.74
07/24/2017,3.05,3.59,3.52,3.45,3.76
07/21/2017,3.33,3.67,3.46,3.44,3.77
07/20/2017,3.72,3.78,3.57,3.48,3.78
06/28/2017,3.89,3.9,3.67,3.53,3.84
06/26/2017,4.01,3.75,3.7,3.51,3.84
05/26/2017,4.13,3.81,3.71,3.53,3.85
05/16/2017,4.01,3.81,3.6,3.52,3.84
05/15/2017,3.83,3.48,3.55,3.5,3.83
05/09/2017,3.9,3.57,3.48,3.52,3.83
04/26/2017,3.48,3.33,3.38,3.5,3.83
04/25/2017,3.48,3.45,3.38,3.48,3.87
04/24/2017,3.6,3.24,3.32,3.47,3.9
04/21/2017,3.13,3.36,3.34,3.48,3.92
04/13/2017,3.25,3.45,3.34,3.47,3.95
04/05/2017,3.19,3.66,3.39,3.55,3.99
03/31/2017,3.43,3.61,3.39,3.53,4.0
03/27/2017,2.89,3.4,3.37,3.53,4.01
03/23/2017,3.6,3.63,3.51,3.62,4.05
03/15/2017,3.66,3.39,3.49,3.59,4.07
03/10/2017,4.13,3.43,3.58,3.69,4.14
03/07/2017,3.79,3.31,3.5,3.67,4.14
02/13/2017,3.91,3.4,3.58,3.75,4.2
02/09/2017,3.66,3.31,3.53,3.71,4.21
02/06/2017,3.11,3.23,3.48,3.7,4.21
02/03/2017,2.73,3.12,3.5,3.71,4.23
01/26/2017,2.82,3.17,3.5,3.76,4.25
01/13/2017,2.9,3.35,3.6,3.8,4.29
01/10/2017,2.97,3.39,3.61,3.85,4.3
01/09/2017,3.34,3.6,3.7,3.92,4.34
01/06/2017,3.51,3.74,3.82,4.06,4.39
12/27/2016,3.52,3.69,3.85,4.07,4.4
11/21/2016,3.8,3.75,3.93,4.1,4.43
11/10/2016,3.8,3.75,3.91,4.08,4.46
11/08/2016,3.85,3.72,3.93,4.15,4.48
10/31/2016,3.97,3.89,4.0,4.18,4.51
10/20/2016,3.86,3.83,4.05,4.18,4.52
10/13/2016,3.7,3.84,4.03,4.17,4.53
10/05/2016,3.7,3.84,4.08,4.16,4.55
09/30/2016,3.59,3.8,4.08,4.15,4.57
09/21/2016,3.8,3.9,4.22,4.17,4.59
09/19/2016,3.79,4.0,4.26,4.26,4.63
09/16/2016,3.98,4.1,4.27,4.34,4.67
09/14/2016,3.97,4.06,4.24,4.36,4.67
09/13/2016,4.0,4.13,4.36,4.43,4.68
09/12/2016,4.0,4.12,4.32,4.43,4.68
09/08/2016,4.21,4.28,4.35,4.47,4.7
09/07/2016,4.21,4.21,4.33,4.48,4.71
09/06/2016,4.16,4.33,4.32,4.49,4.71
09/02/2016,4.27,4.37,4.33,4.55,4.75
09/01/2016,4.23,4.53,4.3,4.59,4.78
08/31/2016,4.35,4.51,4.38,4.62,4.79
08/30/2016,4.21,4.44,4.47,4.65,4.79
08/29/2016,4.51,4.42,4.51,4.7,4.8
08/26/2016,4.47,4.59,4.58,4.73,4.8
08/25/2016,4.83,4.53,4.59,4.76,4.81
08/24/2016,4.68,4.43,4.56,4.74,4.81
08/23/2016,4.68,4.46,4.62,4.78,4.83
08/22/2016,4.34,4.31,4.57,4.75,4.82
08/18/2016,4.7,4.28,4.65,4.76,4.85
08/12/2016,4.24,4.07,4.62,4.73,4.83
08/11/2016,4.18,4.25,4.67,4.74,4.83
08/05/2016,4.24,4.49,4.75,4.77,4.85
08/01/2016,4.28,4.6,4.84,4.84,4.86
07/29/2016,3.86,4.56,4.8,4.8,4.86
07/25/2016,3.91,4.64,4.88,4.85,4.9
07/21/2016,4.33,4.7,4.9,4.87,4.93
07/20/2016,4.74,4.78,4.95,4.88,4.95
07/19/2016,4.92,4.83,4.97,4.94,4.99
07/18/2016,5.27,5.01,5.0,5.0,5.05
07/08/2016,5.37,5.16,5.06,5.01,5.11
07/07/2016,5.06,5.08,4.98,5.0,5.13
07/06/2016,4.82,5.02,4.9,4.99,5.16
06/22/2016,4.75,5.08,4.96,4.98,5.19
06/21/2016,4.75,5.04,4.92,4.93,5.2
06/20/2016,4.94,5.11,4.95,4.93,5.23
06/17/2016,5.1,5.11,4.95,4.93,5.26
06/14/2016,5.22,5.11,4.93,4.93,5.29
06/13/2016,5.41,5.11,4.99,4.93,5.31
06/10/2016,5.32,4.99,4.99,4.94,5.31
06/09/2016,5.28,4.96,4.94,4.96,5.31
06/07/2016,5.12,4.88,4.96,4.96,5.32
06/06/2016,5.0,4.79,4.97,4.93,5.33
06/03/2016,4.81,4.85,4.92,4.9,5.34
06/01/2016,4.66,4.81,4.88,4.88,5.35
05/31/2016,4.65,4.8,4.84,4.86,5.36
05/24/2016,4.65,4.8,4.84,4.88,5.39
05/23/2016,4.58,4.75,4.84,4.88,5.42
05/19/2016,4.89,4.87,4.83,4.89,5.44
05/13/2016,4.96,4.99,4.91,4.95,5.45
05/10/2016,4.94,4.92,4.96,4.93,5.45
05/09/2016,4.94,5.04,5.0,4.93,5.47
05/06/2016,4.93,5.16,5.0,4.93,5.5
05/04/2016,4.86,5.0,4.92,4.88,5.51
05/03/2016,5.03,4.95,4.91,4.92,5.51
05/02/2016,4.9,4.89,4.89,4.96,5.5
04/29/2016,5.14,4.88,4.93,4.99,5.52
04/28/2016,5.39,4.92,4.95,5.03,5.53
04/27/2016,5.13,4.79,4.91,5.04,5.51
04/26/2016,4.88,4.83,4.92,5.1,5.48
04/22/2016,4.88,5.0,4.93,5.21,5.52
04/21/2016,4.63,4.95,4.87,5.27,5.53
04/19/2016,4.45,4.84,4.82,5.33,5.53
04/12/2016,4.45,4.85,4.83,5.41,5.56
04/11/2016,4.78,4.86,4.91,5.46,5.57
04/08/2016,5.13,4.89,4.99,5.53,5.55
04/06/2016,5.27,4.97,5.05,5.59,5.55
04/05/2016,5.22,4.97,5.08,5.65,5.53
03/30/2016,5.24,5.02,5.16,5.7,5.56
03/29/2016,4.94,5.02,5.24,5.68,5.52
03/28/2016,4.66,4.85,5.31,5.66,5.49
03/24/2016,4.67,4.79,5.43,5.69,5.47
03/08/2016,4.73,4.8,5.58,5.74,5.46
03/07/2016,4.79,4.8,5.7,5.78,5.44
03/04/2016,5.09,4.95,5.76,5.83,5.43
03/02/2016,5.05,5.09,5.85,5.86,5.43
02/29/2016,4.92,5.12,5.9,5.89,5.4
02/23/2016,4.88,5.19,5.99,5.95,5.39
02/18/2016,4.82,5.31,6.05,5.98,5.37
02/17/2016,4.82,5.46,6.02,5.96,5.37
02/12/2016,5.12,5.76,6.06,5.97,5.35
02/11/2016,5.33,6.06,6.14,6.02,5.37
02/10/2016,5.5,6.35,6.21,6.07,5.35
02/09/2016,5.8,6.59,6.28,6.15,5.38
02/05/2016,6.1,6.56,6.27,6.09,5.43
02/03/2016,6.4,6.62,6.25,6.04,5.43
01/26/2016,6.79,6.67,6.27,6.05,5.44
01/15/2016,7.2,6.78,6.34,6.02,5.44
01/14/2016,7.38,6.78,6.31,5.97,5.47
01/08/2016,7.02,6.57,6.21,5.86,5.47
01/07/2016,6.84,6.36,6.07,5.84,5.47
01/06/2016,6.55,6.21,6.0,5.79,5.47
01/05/2016,6.37,6.06,5.92,5.74,5.47
12/31/2015,6.19,5.96,5.92,5.71,5.48
12/30/2015,6.13,5.97,5.85,5.68,5.51
12/29/2015,5.89,5.89,5.75,5.56,5.53
12/22/2015,5.88,5.88,5.75,5.51,5.55
12/21/2015,5.76,5.89,5.65,5.41,5.56
12/17/2015,5.74,5.84,5.57,5.41,5.61
12/16/2015,5.82,5.84,5.5,5.35,5.67
12/14/2015,5.89,5.78,5.58,5.32,5.71
12/11/2015,5.88,5.78,5.58,5.25,5.76
12/10/2015,6.02,5.78,5.58,5.18,5.8
12/07/2015,5.95,5.88,5.58,5.1,5.85
12/04/2015,5.87,5.73,5.53,5.03,5.9
12/02/2015,5.67,5.61,5.39,4.99,5.95
12/01/2015,5.69,5.62,5.32,4.91,5.99
11/30/2015,5.54,5.4,5.17,4.83,6.03
11/23/2015,5.82,5.3,5.19,4.76,6.08
11/19/2015,5.6,5.16,5.1,4.78,6.15
11/18/2015,5.56,5.37,5.09,4.73,6.22
11/17/2015,5.54,5.37,4.98,4.73,6.28
11/16/2015,5.26,5.37,4.88,4.64,6.33
11/13/2015,4.78,5.28,4.71,4.61,6.37
11/12/2015,4.72,5.33,4.67,4.77,6.45
11/11/2015,5.18,5.17,4.67,4.81,6.53
11/10/2015,5.2,5.03,4.55,4.82,6.61
11/09/2015,5.48,4.93,4.55,4.86,6.69
11/05/2015,5.78,5.08,4.49,4.97,6.79
11/04/2015,5.94,5.04,4.59,5.09,6.87
11/03/2015,5.16,4.8,4.41,5.1,6.93
11/02/2015,4.86,4.59,4.41,5.15,6.98
10/30/2015,4.38,4.38,4.28,5.2,7.06
10/29/2015,4.38,4.14,4.28,5.24,7.11
10/28/2015,4.14,4.02,4.49,5.33,7.15
10/27/2015,4.44,4.17,4.64,5.49,7.25
10/23/2015,4.32,4.08,4.71,5.59,7.29
10/19/2015,4.38,4.17,4.83,5.72,7.35
10/16/2015,3.9,3.9,4.92,5.81,7.39
10/15/2015,3.9,4.14,5.12,5.99,7.46
10/14/2015,3.9,4.02,5.25,6.11,7.51
10/13/2015,3.84,4.23,5.43,6.27,7.6
10/07/2015,3.96,4.17,5.6,6.43,7.68
10/06/2015,3.9,4.41,5.8,6.6,7.77
10/05/2015,4.38,4.95,5.99,6.77,7.86
10/02/2015,4.14,5.1,6.15,6.91,7.94
10/01/2015,4.62,5.34,6.35,7.08,8.03
09/30/2015,4.38,5.49,6.5,7.22,8.13
09/29/2015,4.92,5.94,6.77,7.4,8.23
09/25/2015,5.52,6.09,6.92,7.51,8.3
09/23/2015,6.06,6.48,7.16,7.71,8.41
09/22/2015,6.06,6.62,7.29,7.82,8.46
09/17/2015,6.6,7.04,7.56,8.02,8.55
09/15/2015,6.96,7.18,7.7,8.13,8.59
09/11/2015,6.66,7.03,7.68,8.14,8.61
09/10/2015,6.9,7.21,7.82,8.25,8.67
09/04/2015,7.19,7.35,7.95,8.4,8.72
09/02/2015,7.48,7.5,8.09,8.51,8.79
08/31/2015,7.4,7.59,8.13,8.6,8.79
08/28/2015,7.39,7.74,8.22,8.65,8.83
08/27/2015,7.51,7.83,8.33,8.76,8.86
08/24/2015,7.51,7.96,8.42,8.81,8.9
08/21/2015,7.52,8.08,8.51,8.91,8.94
08/17/2015,7.78,8.21,8.6,8.98,8.97
08/13/2015,8.09,8.33,8.7,8.97,9.01
08/12/2015,8.15,8.42,8.77,9.01,9.04
08/11/2015,8.4,8.55,8.93,8.99,9.07
08/06/2015,8.64,8.67,9.02,8.99,9.11
07/30/2015,8.64,8.67,9.11,8.97,9.12
07/28/2015,8.58,8.7,9.11,8.92,9.13
07/27/2015,8.7,8.82,9.23,8.91,9.18
07/24/2015,8.7,8.88,9.24,8.92,9.2
07/15/2015,8.7,8.94,9.33,8.93,9.23
07/09/2015,8.7,9.0,9.36,8.94,9.25
07/08/2015,8.82,9.06,9.29,8.95,9.28
07/06/2015,8.94,9.12,9.3,8.96,9.3
06/30/2015,9.06,9.3,9.21,8.97,9.33
06/26/2015,9.18,9.36,9.15,9.03,9.35
06/24/2015,9.3,9.54,9.13,9.05,9.38
06/23/2015,9.3,9.51,9.04,9.08,9.39
06/10/2015,9.3,9.63,8.96,9.1,9.41
06/05/2015,9.54,9.6,8.95,9.09,9.42
06/04/2015,9.54,9.72,8.93,9.08,9.44
06/03/2015,9.78,9.72,8.92,9.06,9.45
06/02/2015,9.72,9.51,8.9,9.08,9.48
06/01/2015,9.96,9.47,8.89,9.1,9.5
05/29/2015,9.66,9.11,8.81,9.05,9.5
05/28/2015,9.9,8.93,8.87,9.07,9.47
05/26/2015,9.66,8.71,8.81,8.99,9.42
05/21/2015,9.3,8.56,8.87,9.02,9.4
05/19/2015,8.99,8.29,8.84,8.97,9.35
05/15/2015,8.57,8.29,8.84,8.99,9.32
05/14/2015,7.97,8.14,8.77,8.96,9.32
05/13/2015,7.76,8.11,8.72,8.97,9.34
05/12/2015,7.82,8.29,8.86,9.05,9.4
05/11/2015,7.6,8.3,8.91,9.07,9.42
05/08/2015,8.02,8.51,9.01,9.16,9.48
05/06/2015,8.32,8.81,9.13,9.23,9.53
05/04/2015,8.46,8.91,9.12,9.27,9.54
04/29/2015,8.76,9.18,9.24,9.34,9.56
04/28/2015,9.0,9.39,9.3,9.44,9.57
04/23/2015,9.0,9.39,9.33,9.48,9.55
04/22/2015,9.3,9.39,9.36,9.52,9.57
04/16/2015,9.36,9.34,9.39,9.56,9.59
04/15/2015,9.6,9.43,9.42,9.6,9.61
04/06/2015,9.78,9.52,9.45,9.64,9.64
04/02/2015,9.78,9.52,9.48,9.68,9.66
04/01/2015,9.48,9.46,9.44,9.67,9.66
03/25/2015,9.31,9.34,9.45,9.7,9.68
03/24/2015,9.25,9.31,9.42,9.7,9.69
03/23/2015,9.25,9.22,9.47,9.71,9.71
03/11/2015,9.25,9.28,9.53,9.75,9.83
02/27/2015,9.43,9.34,9.59,9.79,9.93
02/24/2015,9.36,9.45,9.68,9.85,10.04
02/23/2015,9.36,9.42,9.69,9.89,10.17
02/19/2015,9.18,9.39,9.71,9.91,0.0
02/10/2015,9.3,9.45,9.77,9.96,0.0
02/06/2015,9.24,9.42,9.78,9.88,0.0
02/05/2015,9.54,9.57,9.89,9.86,0.0
01/28/2015,9.48,9.54,9.9,9.78,0.0
01/21/2015,9.6,9.72,9.96,9.73,0.0
01/12/2015,9.6,9.78,9.99,9.66,0.0
01/08/2015,9.6,9.84,10.02,9.69,0.0
01/05/2015,9.6,9.9,10.05,9.72,0.0
01/02/2015,9.6,9.96,10.13,9.75,0.0
12/31/2014,9.84,10.02,10.17,9.78,0.0
12/30/2014,9.96,10.08,10.22,9.81,0.0
12/29/2014,10.08,10.14,10.11,9.84,0.0
12/24/2014,10.2,10.2,10.01,9.8,0.0
12/23/2014,10.32,10.26,9.9,9.78,0.0
12/22/2014,10.2,10.2,9.74,9.69,0.0
12/19/2014,10.2,10.2,9.6,9.62,0.0
12/18/2014,10.2,10.2,9.62,9.61,0.0
12/17/2014,10.2,10.2,9.63,9.61,0.0
12/16/2014,10.2,10.29,9.65,9.62,0.0
12/12/2014,10.2,10.32,9.66,9.63,0.0
12/11/2014,10.2,10.35,9.68,9.64,0.0
12/10/2014,10.2,10.08,9.69,9.65,0.0
12/09/2014,10.2,9.81,9.6,9.66,0.0
12/08/2014,10.38,9.54,9.54,9.68,0.0
12/05/2014,10.44,9.27,9.43,9.7,0.0
12/04/2014,10.5,9.0,9.33,9.9,0.0
12/03/2014,9.96,9.03,9.32,10.07,0.0
12/01/2014,9.42,9.06,9.32,10.23,0.0
11/26/2014,8.7,9.0,9.29,10.45,0.0
11/25/2014,8.1,9.0,9.29,0.0,0.0
11/24/2014,7.5,9.0,9.29,0.0,0.0
11/21/2014,8.1,9.29,9.44,0.0,0.0
11/20/2014,8.7,9.38,9.59,0.0,0.0
11/19/2014,9.3,9.53,9.75,0.0,0.0
11/18/2014,9.9,9.59,9.92,0.0,0.0
11/12/2014,10.5,9.65,10.35,0.0,0.0
11/03/2014,10.49,9.61,10.59,0.0,0.0
10/31/2014,10.07,9.58,10.82,0.0,0.0
10/15/2014,9.77,9.58,11.18,0.0,0.0
10/14/2014,9.29,9.58,0.0,0.0,0.0
10/10/2014,8.81,9.58,0.0,0.0,0.0
09/23/2014,8.74,9.59,0.0,0.0,0.0
09/09/2014,9.1,9.8,0.0,0.0,0.0
09/03/2014,9.4,9.97,0.0,0.0,0.0
08/20/2014,9.88,10.24,0.0,0.0,0.0
08/05/2014,10.36,11.05,0.0,0.0,0.0
07/30/2014,10.44,11.57,0.0,0.0,0.0
07/18/2014,10.5,12.05,0.0,0.0,0.0
07/14/2014,10.55,12.77,0.0,0.0,0.0
07/11/2014,10.61,0.0,0.0,0.0,0.0
07/10/2014,11.75,0.0,0.0,0.0,0.0
06/25/2014,12.71,0.0,0.0,0.0,0.0
06/19/2014,13.61,0.0,0.0,0.0,0.0
06/18/2014,15.0,0.0,0.0,0.0,0.0
06/11/2014,0.0,0.0,0.0,0.0,0.0
06/06/2014,0.0,0.0,0.0,0.0,0.0
06/03/2014,0.0,0.0,0.0,0.0,0.0
05/29/2014,0.0,0.0,0.0,0.0,0.0
