06/27/2023,10.47,10.47,10.44,10.42,10.37
06/26/2023,10.48,10.47,10.44,10.42,10.36
06/22/2023,10.48,10.46,10.44,10.42,10.36
06/21/2023,10.48,10.46,10.43,10.41,10.35
06/20/2023,10.47,10.45,10.43,10.41,10.35
06/16/2023,10.46,10.45,10.42,10.41,10.34
06/13/2023,10.46,10.45,10.42,10.4,10.34
06/09/2023,10.45,10.44,10.41,10.4,10.34
06/08/2023,10.44,10.43,10.41,10.4,10.33
06/06/2023,10.44,10.43,10.4,10.39,10.33
06/05/2023,10.44,10.42,10.4,10.39,10.32
05/25/2023,10.44,10.42,10.4,10.38,10.32
05/24/2023,10.43,10.41,10.39,10.38,10.31
05/23/2023,10.42,10.4,10.39,10.37,10.31
05/17/2023,10.41,10.4,10.39,10.37,10.3
05/16/2023,10.4,10.39,10.38,10.36,10.3
05/15/2023,10.4,10.39,10.38,10.36,10.29
05/09/2023,10.39,10.38,10.38,10.36,10.29
05/05/2023,10.39,10.38,10.38,10.35,10.28
05/04/2023,10.38,10.38,10.37,10.35,10.28
05/03/2023,10.38,10.38,10.37,10.35,10.27
05/02/2023,10.38,10.38,10.36,10.34,10.26
05/01/2023,10.38,10.38,10.36,10.34,10.26
04/27/2023,10.37,10.38,10.36,10.33,10.25
04/26/2023,10.38,10.37,10.35,10.33,10.25
04/25/2023,10.37,10.37,10.35,10.33,10.24
04/24/2023,10.37,10.38,10.34,10.32,10.24
04/21/2023,10.37,10.37,10.34,10.32,10.23
04/19/2023,10.38,10.37,10.34,10.32,10.23
04/18/2023,10.37,10.36,10.33,10.31,10.22
04/17/2023,10.37,10.36,10.33,10.31,10.22
04/14/2023,10.38,10.35,10.32,10.3,10.21
04/11/2023,10.37,10.34,10.32,10.3,10.21
04/06/2023,10.37,10.34,10.31,10.29,10.2
04/04/2023,10.35,10.33,10.31,10.29,10.19
03/31/2023,10.35,10.33,10.31,10.28,10.19
03/23/2023,10.32,10.31,10.3,10.28,10.18
03/22/2023,10.31,10.31,10.29,10.27,10.18
03/17/2023,10.31,10.3,10.29,10.27,10.17
03/14/2023,10.31,10.3,10.29,10.26,10.17
03/13/2023,10.31,10.3,10.28,10.26,10.16
03/10/2023,10.3,10.3,10.28,10.25,10.15
03/09/2023,10.3,10.3,10.28,10.25,10.15
03/08/2023,10.3,10.29,10.27,10.24,10.14
03/07/2023,10.29,10.29,10.27,10.24,10.14
03/06/2023,10.29,10.29,10.26,10.23,10.13
03/03/2023,10.29,10.28,10.26,10.22,10.13
03/02/2023,10.29,10.28,10.25,10.22,10.12
03/01/2023,10.28,10.28,10.25,10.21,10.12
02/28/2023,10.28,10.27,10.24,10.2,10.11
02/27/2023,10.28,10.27,10.24,10.2,10.1
02/23/2023,10.27,10.26,10.23,10.19,10.1
02/21/2023,10.27,10.26,10.22,10.18,10.09
02/16/2023,10.27,10.25,10.22,10.17,10.09
02/14/2023,10.27,10.24,10.21,10.17,10.08
02/13/2023,10.26,10.24,10.2,10.16,10.08
02/09/2023,10.25,10.23,10.19,10.15,10.07
02/08/2023,10.24,10.23,10.19,10.15,10.06
02/03/2023,10.23,10.22,10.18,10.14,10.06
02/02/2023,10.22,10.21,10.17,10.13,10.05
02/01/2023,10.22,10.21,10.16,10.13,10.05
01/31/2023,10.21,10.2,10.15,10.12,10.04
01/30/2023,10.21,10.19,10.14,10.11,10.04
01/27/2023,10.2,10.18,10.14,10.11,10.03
01/24/2023,10.2,10.18,10.13,10.1,10.03
01/23/2023,10.2,10.17,10.12,10.09,10.02
01/20/2023,10.19,10.16,10.11,10.09,10.02
01/19/2023,10.18,10.15,10.11,10.08,10.01
01/18/2023,10.16,10.14,10.1,10.07,10.01
01/13/2023,10.15,10.13,10.09,10.07,10.0
01/11/2023,10.14,10.11,10.09,10.06,10.0
01/10/2023,10.12,10.1,10.08,10.05,9.99
01/06/2023,10.12,10.09,10.07,10.05,9.99
01/05/2023,10.11,10.09,10.07,10.04,9.99
01/04/2023,10.1,10.08,10.06,10.04,9.98
12/30/2022,10.09,10.08,10.06,10.03,9.98
12/28/2022,10.08,10.07,10.05,10.03,9.98
12/27/2022,10.07,10.06,10.05,10.02,9.97
12/23/2022,10.06,10.06,10.04,10.02,9.97
12/22/2022,10.06,10.06,10.04,10.02,9.97
12/21/2022,10.06,10.06,10.03,10.01,9.96
12/20/2022,10.06,10.05,10.03,10.01,9.96
12/19/2022,10.06,10.05,10.02,10.01,9.96
12/16/2022,10.06,10.05,10.02,10.0,9.95
12/12/2022,10.06,10.04,10.02,10.0,9.95
12/09/2022,10.05,10.04,10.01,9.99,9.95
12/08/2022,10.04,10.03,10.01,9.99,9.94
12/07/2022,10.04,10.03,10.0,9.98,9.94
12/06/2022,10.03,10.02,10.0,9.98,9.93
12/01/2022,10.02,10.02,9.99,9.97,9.93
11/30/2022,10.02,10.01,9.99,9.97,9.93
11/28/2022,10.02,10.0,9.99,9.97,9.93
11/18/2022,10.02,10.0,9.98,9.96,9.93
11/17/2022,10.01,10.0,9.98,9.96,9.92
11/16/2022,10.01,9.99,9.98,9.96,9.92
11/10/2022,10.01,9.99,9.97,9.95,9.92
11/09/2022,9.99,9.98,9.97,9.95,9.92
11/08/2022,9.99,9.98,9.96,9.95,9.92
11/07/2022,9.98,9.98,9.96,9.94,9.92
10/31/2022,9.97,9.97,9.95,9.94,9.91
10/28/2022,9.97,9.97,9.95,9.94,9.91
10/26/2022,9.98,9.97,9.95,9.94,9.91
10/25/2022,9.97,9.97,9.95,9.93,9.91
10/21/2022,9.97,9.96,9.94,9.93,9.91
10/20/2022,9.97,9.96,9.94,9.93,9.91
10/19/2022,9.97,9.96,9.94,9.93,9.91
10/18/2022,9.96,9.95,9.93,9.93,9.9
10/17/2022,9.97,9.94,9.93,9.92,9.9
10/14/2022,9.96,9.94,9.93,9.92,9.9
10/13/2022,9.95,9.93,9.92,9.91,9.9
10/12/2022,9.95,9.93,9.92,9.91,9.9
10/10/2022,9.94,9.93,9.92,9.91,0.0
10/07/2022,9.92,9.92,9.92,9.9,0.0
10/06/2022,9.91,9.92,9.92,9.9,0.0
10/05/2022,9.91,9.92,9.92,9.9,0.0
10/04/2022,9.91,9.91,9.91,9.9,0.0
09/29/2022,9.92,9.91,9.91,9.89,0.0
09/28/2022,9.93,9.92,9.91,9.89,0.0
09/26/2022,9.94,9.92,9.91,9.89,0.0
09/23/2022,9.93,9.92,9.91,9.89,0.0
09/22/2022,9.92,9.92,9.9,9.89,0.0
09/21/2022,9.91,9.91,9.9,9.89,0.0
09/20/2022,9.9,9.91,9.9,9.89,0.0
09/19/2022,9.9,9.91,9.89,9.89,0.0
09/14/2022,9.9,9.91,9.89,9.89,0.0
09/06/2022,9.91,9.92,9.89,9.89,0.0
08/26/2022,9.91,9.92,9.89,9.89,0.0
08/19/2022,9.92,9.91,9.88,9.89,0.0
08/18/2022,9.92,9.91,9.88,9.89,0.0
08/17/2022,9.92,9.9,9.88,9.89,0.0
08/11/2022,9.92,9.89,9.88,9.89,0.0
08/10/2022,9.92,9.88,9.88,9.89,0.0
08/09/2022,9.9,9.88,9.88,9.89,0.0
08/08/2022,9.89,9.87,9.88,9.88,0.0
08/05/2022,9.87,9.87,9.88,9.88,0.0
07/18/2022,9.86,9.86,9.88,9.88,0.0
07/05/2022,9.85,9.86,9.88,9.88,0.0
06/30/2022,9.85,9.86,9.88,9.88,0.0
06/21/2022,9.86,9.86,9.88,9.88,0.0
06/14/2022,9.86,9.86,9.89,9.88,0.0
06/13/2022,9.86,9.87,9.89,9.88,0.0
06/09/2022,9.86,9.88,9.89,0.0,0.0
06/08/2022,9.86,9.88,9.89,0.0,0.0
05/31/2022,9.86,9.88,9.89,0.0,0.0
05/27/2022,9.87,9.89,9.89,0.0,0.0
05/26/2022,9.88,9.9,9.89,0.0,0.0
05/25/2022,9.89,9.9,9.89,0.0,0.0
05/24/2022,9.9,9.91,9.89,0.0,0.0
05/16/2022,9.91,9.91,9.89,0.0,0.0
05/09/2022,9.91,9.91,9.89,0.0,0.0
05/04/2022,9.91,9.9,9.89,0.0,0.0
05/03/2022,9.92,9.9,0.0,0.0,0.0
05/02/2022,9.91,9.9,0.0,0.0,0.0
04/28/2022,9.91,9.9,0.0,0.0,0.0
04/27/2022,9.91,9.9,0.0,0.0,0.0
04/26/2022,9.9,9.89,0.0,0.0,0.0
03/31/2022,9.89,9.88,0.0,0.0,0.0
03/30/2022,9.89,9.88,0.0,0.0,0.0
03/29/2022,9.88,9.88,0.0,0.0,0.0
03/28/2022,9.88,9.88,0.0,0.0,0.0
03/22/2022,9.89,9.87,0.0,0.0,0.0
03/21/2022,9.88,0.0,0.0,0.0,0.0
03/18/2022,9.88,0.0,0.0,0.0,0.0
03/16/2022,9.87,0.0,0.0,0.0,0.0
03/11/2022,9.87,0.0,0.0,0.0,0.0
03/10/2022,9.85,0.0,0.0,0.0,0.0
03/09/2022,0.0,0.0,0.0,0.0,0.0
03/04/2022,0.0,0.0,0.0,0.0,0.0
03/03/2022,0.0,0.0,0.0,0.0,0.0
03/02/2022,0.0,0.0,0.0,0.0,0.0
