12/30/2022,1672410900000,58.069,58.11,57.925,58.12,57.785,1617
12/29/2022,no data
12/28/2022,no data
12/27/2022,1672151700000,57.8895,57.97,57.83,57.97,57.83,431
12/23/2022,1671806100000,58.922,58.97,59.02,59.02,58.87,1426
12/22/2022,1671719700000,58.57,58.57,58.57,58.57,58.57,200
12/21/2022,1671633300000,58.8998,58.92,58.92,58.92,58.92,202
12/20/2022,no data
12/19/2022,1671460500000,58.3186,58.36,58.23,58.36,58.23,709
12/16/2022,no data
12/15/2022,1671114900000,60.1326,60.13,60.13,60.13,60.13,115
12/14/2022,no data
12/13/2022,1670942100000,62.7816,62.7813,62.7813,62.7813,62.7813,387
12/12/2022,1670855700000,59.2867,59.235,59.235,59.235,59.235,141
12/09/2022,1670596500000,60.2838,60.28,60.33,60.33,60.21,2462
12/08/2022,1670510100000,59.0146,59.06,58.99,59.06,58.99,1314
12/07/2022,1670423700000,59.0929,58.975,59.15,59.15,58.975,409
12/06/2022,1670337300000,59.8261,59.84,59.84,59.84,59.84,841
12/05/2022,1670250900000,61.3789,61.35,61.29,61.35,61.29,557
12/02/2022,1669991700000,60.9137,60.88,60.95,60.97,60.88,1594
12/01/2022,1669905300000,61.0084,61.0,61.05,61.05,60.82,2104
11/30/2022,1669818900000,57.9678,58.05,57.91,58.05,57.9,2247
11/29/2022,1669732500000,57.9605,57.92,58.0,58.0,57.85,2173
11/28/2022,1669646100000,57.7452,57.75,57.75,57.75,57.75,352
11/25/2022,1669386900000,57.7997,57.8,57.8,57.8,57.8,101
11/23/2022,1669214100000,59.7087,59.76,59.7,59.76,59.69,1027
11/22/2022,1669127700000,56.7688,56.58,56.89,56.89,56.58,1976
11/21/2022,1669041300000,56.7102,56.655,56.77,56.78,56.505,881
11/18/2022,1668782100000,59.9094,59.74,60.04,60.04,59.74,1748
11/17/2022,no data
11/16/2022,1668609300000,56.4705,56.52,56.59,56.59,56.3,2440
11/15/2022,1668522900000,61.5636,61.92,61.75,61.92,61.1,10022
11/14/2022,1668436500000,48.188,48.385,48.18,48.385,48.08,1186
11/11/2022,1668177300000,47.2421,47.34,47.16,47.4,47.12,3777
11/10/2022,1668090900000,43.6996,43.75,43.7,43.75,43.7,998
11/09/2022,no data
11/08/2022,no data
11/07/2022,1667831700000,42.3352,42.33,42.15,42.43,42.15,1872
11/04/2022,1667568900000,43.2481,43.28,43.3,43.3,43.17,756
11/03/2022,1667482500000,42.2675,42.3,42.175,42.3,42.175,512
11/02/2022,1667396100000,45.4517,45.47,45.47,45.47,45.47,121
11/01/2022,1667309700000,45.2189,45.21,45.26,45.26,45.21,473
10/31/2022,1667223300000,45.5633,45.535,45.55,45.55,45.535,277
10/28/2022,no data
10/27/2022,1666877700000,45.8025,45.78,45.88,45.88,45.475,3771
10/26/2022,1666791300000,46.4188,46.445,46.51,46.53,46.33,1636
10/25/2022,1666704900000,45.0876,45.14,45.16,45.16,45.02,6146
10/24/2022,1666618500000,41.8805,41.85,41.91,41.91,41.85,538
10/21/2022,1666359300000,40.6997,40.73,40.69,40.76,40.64,3164
10/20/2022,1666272900000,40.3154,40.46,40.27,40.46,40.27,1292
10/19/2022,1666186500000,39.3457,39.39,39.46,39.46,39.27,665
10/18/2022,1666100100000,41.6088,41.6,41.655,41.655,41.585,751
10/17/2022,1666013700000,39.7873,39.69,39.84,39.94,39.69,2407
10/14/2022,1665754500000,41.208,41.2,41.2,41.2,41.2,728
10/13/2022,1665668100000,38.8888,38.84,38.88,38.92,38.84,594
10/12/2022,1665581700000,38.6064,38.605,38.68,38.68,38.445,795
10/11/2022,1665495300000,39.6666,39.745,39.61,39.745,39.61,1129
10/10/2022,no data
10/07/2022,1665149700000,43.7662,43.84,43.735,43.84,43.63,437
10/06/2022,1665063300000,45.598,45.61,45.6,45.65,45.525,2714
10/05/2022,1664976900000,44.9805,44.9,45.04,45.04,44.9,581
10/04/2022,1664890500000,46.1164,46.08,46.14,46.16,46.02,6840
10/03/2022,1664804100000,43.14,43.14,43.14,43.14,43.14,100
09/30/2022,1664544900000,43.8988,43.92,43.775,43.92,43.775,1158
09/29/2022,no data
09/28/2022,1664372100000,43.2077,43.2,43.285,43.285,43.18,1277
09/27/2022,1664285700000,44.514,44.55,44.47,44.55,44.385,2483
09/26/2022,1664199300000,45.7199,45.7175,45.7175,45.7175,45.7175,104
09/23/2022,1663940100000,45.7454,45.77,45.78,45.78,45.64,2171
09/22/2022,no data
09/21/2022,1663767300000,48.2373,48.23,48.23,48.23,48.23,298
09/20/2022,1663680900000,49.3739,49.34,49.41,49.42,49.32,2544
09/19/2022,1663594500000,50.4317,50.375,50.56,50.59,50.31,11213
09/16/2022,1663335300000,49.5596,49.59,49.52,49.61,49.41,2154
09/15/2022,1663248900000,51.9986,51.985,52.1,52.1,51.985,480
09/14/2022,1663162500000,51.4904,51.51,51.475,51.52,51.475,1393
09/13/2022,1663076100000,52.2918,52.31,52.295,52.31,52.295,390
09/12/2022,1662989700000,53.9425,53.97,53.97,53.97,53.97,178
09/09/2022,1662730500000,53.4069,53.42,53.38,53.42,53.38,323
09/08/2022,1662644100000,51.1056,51.07,51.11,51.11,51.0,10763
09/07/2022,no data
09/06/2022,1662471300000,50.521,50.51,50.51,50.51,50.51,104
09/02/2022,no data
09/01/2022,1662039300000,51.2785,51.22,51.22,51.22,51.22,204
08/31/2022,no data
08/30/2022,no data
08/29/2022,1661780100000,55.3,55.3,55.3,55.3,55.3,100
08/26/2022,1661520900000,59.2856,59.28,59.28,59.28,59.28,208
08/25/2022,1661434500000,58.1802,58.25,58.13,58.36,58.0416,2116
08/24/2022,1661348100000,56.8242,56.79,56.78,56.92,56.78,4642
08/23/2022,1661261700000,56.0331,56.29,56.0,56.29,55.88,4937
08/22/2022,1661175300000,56.5058,56.505,56.505,56.505,56.505,103
08/19/2022,no data
08/18/2022,1660829700000,58.5851,58.79,58.79,58.79,58.5,1328
08/17/2022,no data
08/16/2022,no data
08/15/2022,1660570500000,63.3499,63.365,63.395,63.4,63.33,688
08/12/2022,1660311300000,62.7577,62.795,62.78,62.9275,62.78,957
08/11/2022,1660224900000,61.8581,61.855,61.86,61.98,61.7,1836
08/10/2022,1660138500000,59.6469,59.51,60.16,60.16,59.485,5957
08/09/2022,1660052100000,66.898,67.0,66.535,67.11,66.535,5960
08/08/2022,no data
08/05/2022,no data
08/04/2022,no data
08/03/2022,1659533700000,69.5269,69.51,69.51,69.51,69.51,453
08/02/2022,1659447300000,67.9362,68.05,68.015,68.05,68.01,1006
08/01/2022,no data
07/29/2022,1659101700000,67.1889,66.995,67.35,67.35,66.995,366
07/28/2022,no data
07/27/2022,no data
07/26/2022,1658842500000,63.5552,63.62,63.5,63.62,63.5,1332
07/25/2022,no data
07/22/2022,1658496900000,67.9134,67.97,67.79,68.09,67.79,888
07/21/2022,no data
07/20/2022,1658324100000,64.9686,64.84,64.98,65.01,64.84,3062
07/19/2022,1658237700000,64.0796,63.947,64.12,64.15,63.947,1567
07/18/2022,1658151300000,67.014,66.985,66.99,67.0,66.985,331
07/15/2022,1657892100000,61.4283,61.4,61.52,61.52,61.365,2313
07/14/2022,1657805700000,65.2503,65.4,65.04,65.47,65.0,44774
07/13/2022,1657719300000,73.2,73.2,73.2,73.2,73.2,100
07/12/2022,1657632900000,75.9709,76.38,75.605,76.64,75.605,6355
07/11/2022,1657546500000,75.825,75.825,75.825,75.825,75.825,100
07/08/2022,1657287300000,76.4848,76.25,76.25,76.25,76.25,154
07/07/2022,1657200900000,76.408,76.44,76.15,76.44,76.15,1655
07/06/2022,no data
07/05/2022,1657028100000,69.0116,68.86,69.19,69.19,68.86,635
07/01/2022,no data
06/30/2022,1656596100000,70.0263,69.425,70.225,70.23,69.425,400
06/29/2022,1656509700000,70.7638,70.6,70.76,70.76,70.6,801
06/28/2022,no data
06/27/2022,1656336900000,73.5899,73.55,73.59,73.59,73.55,452
06/24/2022,1656077700000,73.0597,73.03,73.03,73.03,73.03,119
06/23/2022,1655991300000,71.77,71.97,71.61,71.97,71.61,569
06/22/2022,1655904900000,70.9818,71.06,71.05,71.06,71.05,771
06/21/2022,1655818500000,70.1592,70.19,70.26,70.26,70.1,2495
06/17/2022,1655472900000,69.4344,69.47,69.57,69.57,69.47,542
06/16/2022,1655386500000,68.6074,68.68,68.58,68.68,68.58,469
06/15/2022,no data
06/14/2022,1655213700000,68.9854,69.32,69.13,69.32,68.88,1327
06/13/2022,no data
06/10/2022,1654868100000,73.0147,73.01,73.02,73.02,73.01,330
06/09/2022,no data
06/08/2022,1654695300000,76.9687,76.93,77.025,77.025,76.93,663
06/07/2022,1654608900000,74.9897,74.84,74.99,75.0,74.84,3483
06/06/2022,no data
06/03/2022,1654263300000,76.274,76.28,76.27,76.35,76.27,1259
06/02/2022,no data
06/01/2022,1654090500000,77.4866,77.52,77.44,77.52,77.44,980
05/31/2022,1654004100000,75.9247,75.93,75.89,75.93,75.89,562
05/27/2022,no data
05/26/2022,1653572100000,69.406,69.15,69.15,69.15,69.15,141
05/25/2022,no data
05/24/2022,1653399300000,69.2959,69.3,69.3,69.3,69.3,122
05/23/2022,no data
05/20/2022,1653053700000,71.6438,71.66,71.66,71.66,71.66,810
05/19/2022,1652967300000,71.1847,71.23,71.28,71.28,71.23,697
05/18/2022,1652880900000,75.5039,75.47,75.47,75.47,75.47,401
05/17/2022,1652794500000,76.8021,76.83,76.45,76.86,76.45,922
05/16/2022,no data
05/13/2022,1652448900000,72.9617,72.965,72.965,72.965,72.9625,515
05/12/2022,1652362500000,69.4781,69.48,69.48,69.48,69.48,101
05/11/2022,1652276100000,67.6432,67.66,67.71,67.76,67.53,2485
05/10/2022,1652189700000,61.6442,61.59,61.9,61.92,61.58,6725
05/09/2022,no data
05/06/2022,1651844100000,71.51,71.54,71.5,71.55,71.435,669
05/05/2022,1651757700000,77.3853,77.37,77.38,77.38,77.37,335
05/04/2022,1651671300000,76.0605,75.89,76.145,76.145,75.89,303
05/03/2022,1651584900000,75.6308,75.42,75.42,75.42,75.42,192
05/02/2022,no data
04/29/2022,1651239300000,75.5772,75.62,75.63,75.63,75.62,304
04/28/2022,1651152900000,73.3191,73.83,73.19,73.83,73.19,553
04/27/2022,no data
04/26/2022,1650980100000,74.7188,74.89,74.89,74.89,74.89,291
04/25/2022,1650893700000,76.1342,76.05,76.45,76.45,76.05,757
04/22/2022,1650634500000,79.2425,79.25,79.25,79.25,79.25,107
04/21/2022,no data
04/20/2022,1650461700000,83.6787,83.9,83.95,83.95,83.9,754
04/19/2022,no data
04/18/2022,1650288900000,77.9525,78.07,78.07,78.07,78.07,183
04/14/2022,1649943300000,79.457,79.53,79.53,79.53,79.53,201
04/13/2022,1649856900000,78.0678,78.11,77.92,78.11,77.92,988
04/12/2022,1649770500000,80.5688,80.59,80.66,80.66,80.59,251
04/11/2022,no data
04/08/2022,no data
04/07/2022,no data
04/06/2022,1649252100000,80.0453,80.05,80.05,80.05,80.05,223
04/05/2022,1649165700000,84.406,84.41,84.41,84.41,84.41,509
04/04/2022,no data
04/01/2022,1648820100000,84.8276,84.88,84.88,84.88,84.88,195
03/31/2022,1648733700000,86.1829,86.17,86.12,86.17,86.12,1397
03/30/2022,1648647300000,87.5646,87.91,86.95,88.0,86.95,4293
03/29/2022,1648560900000,88.7,88.85,88.495,88.85,88.495,534
03/28/2022,1648474500000,85.2619,85.31,85.31,85.31,85.31,113
03/25/2022,1648215300000,84.3009,84.105,84.105,84.105,84.105,324
03/24/2022,1648128900000,83.0046,83.16,83.035,83.16,82.56,3467
03/23/2022,no data
03/22/2022,1647956100000,87.2118,87.22,87.22,87.22,87.22,307
03/21/2022,1647869700000,87.9614,87.88,87.99,88.21,87.87,2348
03/18/2022,no data
03/17/2022,no data
03/16/2022,no data
03/15/2022,no data
03/14/2022,no data
03/11/2022,1647009300000,82.0572,81.92,81.92,81.92,81.92,121
03/10/2022,1646922900000,81.965,82.28,82.44,82.44,81.95,10588
03/09/2022,no data
03/08/2022,1646750100000,80.5876,80.28,80.58,80.58,80.28,467
03/07/2022,1646663700000,84.1997,83.95,84.51,84.51,83.95,351
03/04/2022,1646404500000,85.2843,85.22,84.4,85.61,84.4,3368
03/03/2022,no data
03/02/2022,no data
03/01/2022,no data
02/28/2022,1646058900000,85.7961,85.7263,85.7263,85.7263,85.7263,118
02/25/2022,1645799700000,86.2409,86.61,85.695,86.61,85.695,349
02/24/2022,1645713300000,79.4128,79.24,79.66,79.66,79.24,1717
02/23/2022,no data
02/22/2022,1645540500000,84.3686,84.37,84.37,84.37,84.37,105
02/18/2022,1645194900000,86.9675,87.04,87.04,87.04,87.04,144
02/17/2022,no data
02/16/2022,1645022100000,85.5055,85.55,85.45,85.55,85.45,1807
02/15/2022,1644935700000,86.7617,86.83,86.81,86.83,86.75,706
02/14/2022,1644849300000,85.2059,84.77,84.44,85.7799,84.44,412
02/11/2022,1644590100000,87.7081,87.46,87.46,87.46,87.46,496
02/10/2022,1644503700000,89.5659,89.65,89.61,89.65,89.61,418
02/09/2022,no data
02/08/2022,no data
02/07/2022,no data
02/04/2022,no data
02/03/2022,no data
02/02/2022,1643812500000,86.032,85.6001,86.4,86.4,85.6001,624
02/01/2022,no data
01/31/2022,no data
01/28/2022,1643380500000,75.5646,76.22,76.22,76.22,76.22,275
01/27/2022,no data
01/26/2022,no data
01/25/2022,no data
01/24/2022,no data
01/21/2022,1642775700000,79.9816,79.92,80.065,80.065,79.82,1318
01/20/2022,1642689300000,81.8078,81.92,81.92,81.92,81.92,342
01/19/2022,1642602900000,81.862,81.7471,81.7471,81.7471,81.7471,241
01/18/2022,no data
01/14/2022,1642170900000,87.2065,87.13,87.08,87.2,87.08,618
01/13/2022,no data
01/12/2022,no data
01/11/2022,1641911700000,91.2141,91.75,91.75,91.75,91.75,194
01/10/2022,1641825300000,90.0138,90.08,89.99,90.1,89.9,3147
01/07/2022,no data
01/06/2022,1641479700000,95.0076,95.0,95.14,95.14,94.89,4053
01/05/2022,no data
01/04/2022,1641306900000,103.0779,103.09,103.04,103.09,103.04,602
01/03/2022,1641220500000,104.2986,104.5,104.15,104.5,104.15,1178
