12/30/2022,1672410900000,17.1401,17.11,17.17,17.17,17.105,8863
12/29/2022,1672324500000,17.0626,17.065,17.065,17.065,17.065,188
12/28/2022,no data
12/27/2022,1672151700000,17.232,17.2406,17.24,17.2406,17.22,1171
12/23/2022,1671806100000,17.1996,17.2079,17.18,17.2079,17.18,356
12/22/2022,no data
12/21/2022,1671633300000,17.1246,17.12,17.12,17.12,17.12,113
12/20/2022,no data
12/19/2022,1671460500000,17.1776,17.15,17.15,17.15,17.15,197
12/16/2022,1671201300000,17.2235,17.24,17.22,17.24,17.22,369
12/15/2022,1671114900000,17.3583,17.37,17.3505,17.37,17.33,758
12/14/2022,1671028500000,17.7862,17.83,17.7319,17.83,17.7319,12331
12/13/2022,1670942100000,18.4734,18.5085,18.5,18.5085,18.4702,3301
12/12/2022,1670855700000,18.313,18.33,18.3,18.33,18.3,464
12/09/2022,1670596500000,18.0401,18.02,18.05,18.06,18.02,2899
12/08/2022,1670510100000,17.8738,17.88,17.88,17.88,17.88,189
12/07/2022,no data
12/06/2022,1670337300000,18.1322,18.13,18.12,18.14,18.12,657
12/05/2022,1670250900000,18.3613,18.355,18.355,18.37,18.355,2281
12/02/2022,1669991700000,18.1474,18.16,18.15,18.16,18.15,1137
12/01/2022,1669905300000,18.39,18.36,18.38,18.42,18.36,5385
11/30/2022,no data
11/29/2022,1669732500000,18.0969,18.12,18.12,18.12,18.12,323
11/28/2022,1669646100000,18.3469,18.3,18.35,18.35,18.3,5959
11/25/2022,1669386900000,18.3793,18.39,18.39,18.39,18.39,264
11/23/2022,1669214100000,18.1815,18.18,18.165,18.19,18.165,5662
11/22/2022,no data
11/21/2022,no data
11/18/2022,no data
11/17/2022,no data
11/16/2022,1668609300000,18.4568,18.45,18.4588,18.4588,18.45,1285
11/15/2022,1668522900000,18.2301,18.155,18.3,18.3,18.15,34788
11/14/2022,1668436500000,19.1943,19.2,19.2,19.2,19.2,446
11/11/2022,no data
11/10/2022,1668090900000,19.4913,19.4967,19.4967,19.4967,19.4967,533
11/09/2022,no data
11/08/2022,1667918100000,19.5396,19.539,19.539,19.539,19.539,400
11/07/2022,1667831700000,19.4644,19.475,19.4642,19.475,19.4642,368
11/04/2022,1667568900000,19.0121,19.0,19.0,19.03,19.0,321
11/03/2022,no data
11/02/2022,1667396100000,19.2977,19.27,19.31,19.31,19.27,329
11/01/2022,1667309700000,19.1561,19.17,19.23,19.24,19.115,6756
10/31/2022,1667223300000,18.646,18.64,18.65,18.65,18.64,224
10/28/2022,no data
10/27/2022,1666877700000,18.3384,18.33,18.36,18.36,18.33,434
10/26/2022,no data
10/25/2022,1666704900000,17.5684,17.56,17.56,17.6,17.55,803
10/24/2022,1666618500000,17.5656,17.52,17.6,17.6,17.52,556
10/21/2022,1666359300000,17.2898,17.29,17.29,17.29,17.29,362
10/20/2022,1666272900000,17.3193,17.32,17.32,17.32,17.32,300
10/19/2022,1666186500000,17.2635,17.29,17.25,17.2947,17.24,5614
10/18/2022,1666100100000,17.3076,17.28,17.32,17.32,17.28,1538
10/17/2022,1666013700000,17.0469,17.06,17.04,17.06,17.04,1740
10/14/2022,1665754500000,17.1181,17.08,17.1,17.15,17.08,1067
10/13/2022,no data
10/12/2022,1665581700000,16.5797,16.58,16.59,16.59,16.565,634
10/11/2022,1665495300000,16.718,16.7192,16.7192,16.7192,16.7192,437
10/10/2022,1665408900000,16.8156,16.82,16.82,16.82,16.82,236
10/07/2022,no data
10/06/2022,1665063300000,17.2384,17.25,17.225,17.25,17.225,602
10/05/2022,1664976900000,17.3597,17.31,17.4101,17.4101,17.31,403
10/04/2022,1664890500000,17.3937,17.4,17.3907,17.4,17.3907,2065
10/03/2022,1664804100000,16.7464,16.71,16.75,16.76,16.71,4967
09/30/2022,1664544900000,17.1015,17.1,17.05,17.13,17.05,937
09/29/2022,1664458500000,17.2205,17.22,17.22,17.22,17.22,110
09/28/2022,1664372100000,17.0513,17.07,17.07,17.07,17.0301,1017
09/27/2022,1664285700000,17.3645,17.365,17.365,17.365,17.365,125
09/26/2022,1664199300000,17.519,17.505,17.5299,17.55,17.48,3616
09/23/2022,1663940100000,17.4842,17.5,17.44,17.5335,17.44,11230
09/22/2022,1663853700000,18.4881,18.525,18.47,18.53,18.46,2067
09/21/2022,1663767300000,18.2504,18.21,18.28,18.28,18.21,2068
09/20/2022,no data
09/19/2022,1663594500000,17.9679,17.9402,17.95,18.01,17.9402,1976
09/16/2022,1663335300000,17.9387,17.91,17.94,17.94,17.91,6545
09/15/2022,1663248900000,18.2364,18.315,18.18,18.315,18.18,6620
09/14/2022,1663162500000,18.4088,18.38,18.4,18.4091,18.38,764
09/13/2022,1663076100000,19.143,19.15,19.1551,19.1551,19.12,6510
09/12/2022,1662989700000,19.217,19.235,19.2399,19.2399,19.18,1928
09/09/2022,1662730500000,19.0938,19.1,19.07,19.1,19.07,3632
09/08/2022,1662644100000,18.7828,18.78,18.75,18.8132,18.75,2072
09/07/2022,1662557700000,18.7572,18.79,18.71,18.79,18.7,6660
09/06/2022,1662471300000,19.1353,19.15,19.11,19.15,19.1,610
09/02/2022,1662125700000,18.9415,18.94,18.94,18.9573,18.91,7678
09/01/2022,no data
08/31/2022,no data
08/30/2022,1661866500000,20.0578,20.05,20.05,20.05,20.05,115
08/29/2022,1661780100000,20.18,20.18,20.18,20.18,20.18,100
08/26/2022,1661520900000,20.715,20.7775,20.7775,20.7775,20.7775,150
08/25/2022,no data
08/24/2022,no data
08/23/2022,1661261700000,20.4271,20.429,20.429,20.429,20.429,413
08/22/2022,no data
08/19/2022,1660916100000,20.6948,20.691,20.691,20.691,20.691,596
08/18/2022,1660829700000,20.5296,20.47,20.555,20.64,20.45,4344
08/17/2022,no data
08/16/2022,1660656900000,20.9703,20.97,20.92,20.97,20.92,807
08/15/2022,no data
08/12/2022,no data
08/11/2022,no data
08/10/2022,no data
08/09/2022,no data
08/08/2022,1659965700000,20.3403,20.33,20.31,20.365,20.31,1046
08/05/2022,1659706500000,20.2048,20.205,20.205,20.205,20.205,201
08/04/2022,1659620100000,20.2032,20.15,20.23,20.23,20.1,5273
08/03/2022,1659533700000,20.1549,20.19,20.08,20.19,20.08,596
08/02/2022,1659447300000,20.0749,20.09,20.04,20.09,20.04,983
08/01/2022,1659360900000,20.025,20.0201,20.0201,20.0201,20.0201,116
07/29/2022,1659101700000,19.8912,19.8912,19.8912,19.8912,19.8912,100
07/28/2022,1659015300000,19.5926,19.5924,19.5924,19.5924,19.5924,203
07/27/2022,no data
07/26/2022,no data
07/25/2022,no data
07/22/2022,1658496900000,19.5923,19.6,19.59,19.6,19.59,1408
07/21/2022,1658410500000,19.3508,19.35,19.35,19.35,19.35,635
07/20/2022,no data
07/19/2022,no data
07/18/2022,1658151300000,18.9212,18.91,18.935,18.935,18.91,1099
07/15/2022,1657892100000,18.5125,18.51,18.51,18.51,18.51,159
07/14/2022,1657805700000,18.5035,18.51,18.5,18.51,18.5,996
07/13/2022,1657719300000,18.5286,18.5291,18.5291,18.5291,18.5291,1620
07/12/2022,no data
07/11/2022,no data
07/08/2022,no data
07/07/2022,no data
07/06/2022,1657114500000,18.9582,18.92,18.99,19.0,18.92,3304
07/05/2022,1657028100000,18.6605,18.66,18.66,18.66,18.66,114
07/01/2022,1656682500000,18.4471,18.465,18.42,18.465,18.42,243
06/30/2022,1656596100000,18.3944,18.4,18.38,18.4,18.38,2047
06/29/2022,no data
06/28/2022,1656423300000,18.9884,18.99,19.01,19.01,18.97,5269
06/27/2022,1656336900000,18.7836,18.7834,18.7834,18.7834,18.7834,810
06/24/2022,1656077700000,18.7753,18.76,18.775,18.79,18.76,688
06/23/2022,1655991300000,18.5494,18.55,18.56,18.56,18.55,304
06/22/2022,no data
06/21/2022,1655818500000,18.5598,18.59,18.59,18.59,18.59,301
06/17/2022,1655472900000,17.9821,17.99,17.98,18.0,17.98,4639
06/16/2022,1655386500000,18.2379,18.24,18.24,18.24,18.23,751
06/15/2022,1655300100000,18.7458,18.74,18.74,18.74,18.74,109
06/14/2022,1655213700000,19.1094,19.21,19.17,19.21,19.07,6105
06/13/2022,1655127300000,20.3977,20.3544,20.4942,20.4942,20.31,4170
06/10/2022,1654868100000,21.4816,21.475,21.496,21.496,21.475,551
06/09/2022,1654781700000,21.89,21.9,21.9,21.9,21.86,502
06/08/2022,1654695300000,21.755,21.66,21.88,21.88,21.66,458
06/07/2022,no data
06/06/2022,1654522500000,22.1901,22.2,22.22,22.22,22.17,2676
06/03/2022,1654263300000,22.1354,22.0909,22.0909,22.0909,22.0909,425
06/02/2022,1654176900000,22.2839,22.28,22.23,22.345,22.23,3105
06/01/2022,no data
05/31/2022,1654004100000,22.6755,22.69,22.82,22.82,22.6,5927
05/27/2022,1653658500000,22.8932,22.8025,22.94,22.94,22.8025,1221
05/26/2022,no data
05/25/2022,1653485700000,22.431,22.555,22.33,22.565,22.33,479
05/24/2022,1653399300000,21.8237,21.94,21.8,21.94,21.8,2311
05/23/2022,1653312900000,21.7764,21.7666,21.7666,21.7666,21.7666,284
05/20/2022,no data
05/19/2022,no data
05/18/2022,1652880900000,23.2794,23.26,23.28,23.28,23.26,5803
05/17/2022,no data
05/16/2022,no data
05/13/2022,1652448900000,22.0093,22.03,21.9,22.03,21.9,1135
05/12/2022,1652362500000,22.6509,22.64,22.64,22.64,22.64,1022
05/11/2022,1652276100000,22.8185,22.85,22.8,22.85,22.8,1128
05/10/2022,1652189700000,23.1042,23.1,23.1,23.1,23.1,283
05/09/2022,no data
05/06/2022,1651844100000,23.2109,23.22,23.21,23.22,23.21,1082
05/05/2022,no data
05/04/2022,no data
05/03/2022,1651584900000,22.6359,22.6367,22.6367,22.6367,22.6367,130
05/02/2022,1651498500000,23.2604,23.27,23.27,23.27,23.27,125
04/29/2022,no data
04/28/2022,1651152900000,23.511,23.55,23.52,23.57,23.4706,1020
04/27/2022,no data
04/26/2022,1650980100000,23.6957,23.6812,23.68,23.72,23.68,1718
04/25/2022,1650893700000,23.3859,23.37,23.3965,23.3965,23.37,390
04/22/2022,no data
04/21/2022,no data
04/20/2022,1650461700000,24.057,24.0573,24.0573,24.0573,24.0573,509
04/19/2022,no data
04/18/2022,no data
04/14/2022,no data
04/13/2022,1649856900000,23.1427,23.13,23.13,23.13,23.13,120
04/12/2022,1649770500000,23.1867,23.16,23.24,23.25,23.16,986
04/11/2022,no data
04/08/2022,no data
04/07/2022,no data
04/06/2022,1649252100000,23.5301,23.53,23.53,23.53,23.53,1125
04/05/2022,1649165700000,23.8694,23.87,23.87,23.87,23.87,254
04/04/2022,no data
04/01/2022,no data
03/31/2022,no data
03/30/2022,no data
03/29/2022,no data
03/28/2022,1648474500000,23.6314,23.6425,23.62,23.65,23.615,514
03/25/2022,1648215300000,23.355,23.3599,23.3599,23.3599,23.3599,335
03/24/2022,1648128900000,23.3092,23.31,23.32,23.32,23.27,906
03/23/2022,no data
03/22/2022,no data
03/21/2022,1647869700000,23.7286,23.75,23.72,23.75,23.72,514
03/18/2022,1647610500000,23.5477,23.5995,23.55,23.5995,23.5,1413
03/17/2022,1647524100000,23.1488,23.15,23.189,23.189,23.115,1618
03/16/2022,1647437700000,23.444,23.43,23.455,23.455,23.43,364
03/15/2022,1647351300000,23.6397,23.62,23.62,23.62,23.62,168
03/14/2022,no data
03/11/2022,1647009300000,23.9844,23.99,23.99,23.99,23.99,226
03/10/2022,1646922900000,23.8993,23.8965,23.8965,23.8965,23.8965,1165
03/09/2022,no data
03/08/2022,no data
03/07/2022,1646663700000,24.2401,24.24,24.24,24.24,24.24,523
03/04/2022,1646404500000,24.3096,24.31,24.31,24.31,24.31,101
03/03/2022,no data
03/02/2022,1646231700000,24.5815,24.57,24.57,24.57,24.57,183
03/01/2022,no data
02/28/2022,1646058900000,24.342,24.32,24.38,24.44,24.31,1452
02/25/2022,1645799700000,24.39,24.39,24.39,24.39,24.39,965
02/24/2022,1645713300000,23.8507,23.83,23.85,23.85,23.83,637
02/23/2022,1645626900000,24.5099,24.515,24.515,24.515,24.515,109
02/22/2022,1645540500000,24.7084,24.63,24.67,24.74,24.63,1533
02/18/2022,no data
02/17/2022,1645108500000,24.985,24.985,24.985,24.985,24.985,200
02/16/2022,1645022100000,25.0006,25.0,25.0,25.0,25.0,1794
02/15/2022,1644935700000,25.1485,25.15,25.15,25.15,25.15,1033
02/14/2022,no data
02/11/2022,no data
02/10/2022,1644503700000,25.4601,25.45,25.47,25.47,25.45,201
02/09/2022,1644417300000,25.7306,25.71,25.78,25.78,25.71,638
02/08/2022,no data
02/07/2022,1644244500000,25.8252,25.82,25.805,25.84,25.805,2032
02/04/2022,no data
02/03/2022,no data
02/02/2022,1643812500000,25.9504,25.955,25.87,25.9617,25.87,832
02/01/2022,1643726100000,26.441,26.0827,26.59,26.6,26.0827,5198
01/31/2022,1643639700000,24.4708,24.47,24.47,24.47,24.47,162
01/28/2022,no data
01/27/2022,no data
01/26/2022,no data
01/25/2022,no data
01/24/2022,1643034900000,23.3688,23.425,23.3502,23.442,23.3502,2617
01/21/2022,no data
01/20/2022,1642689300000,24.6797,24.67,24.67,24.67,24.67,325
01/19/2022,no data
01/18/2022,1642516500000,24.5757,24.56,24.575,24.6,24.56,895
01/14/2022,1642170900000,25.0018,25.01,24.98,25.03,24.98,3597
01/13/2022,no data
01/12/2022,no data
01/11/2022,1641911700000,24.8266,24.75,24.75,24.75,24.75,261
01/10/2022,1641825300000,24.8799,24.88,24.88,24.88,24.88,101
01/07/2022,1641566100000,24.9607,24.99,24.89,25.0,24.89,1318
01/06/2022,1641479700000,24.8878,24.9,24.86,24.9,24.86,324
01/05/2022,1641393300000,25.111,25.11,25.02,25.15,25.02,1866
01/04/2022,no data
01/03/2022,1641220500000,25.5871,25.5749,25.5749,25.5749,25.5749,111
