12/30/2022,1672410900000,5.2819,5.28,5.28,5.2889,5.28,1340
12/29/2022,1672324500000,5.2055,5.22,5.2095,5.23,5.195,8204
12/28/2022,1672238100000,5.6681,5.665,5.67,5.67,5.665,508
12/27/2022,1672151700000,5.718,5.718,5.718,5.718,5.718,100
12/23/2022,1671806100000,5.7198,5.7201,5.72,5.7201,5.715,2067
12/22/2022,1671719700000,5.7383,5.74,5.74,5.74,5.74,290
12/21/2022,1671633300000,5.8381,5.85,5.835,5.85,5.83,2926
12/20/2022,1671546900000,6.0232,6.03,6.01,6.03,6.01,313
12/19/2022,1671460500000,6.0079,6.015,6.005,6.015,6.0,1690
12/16/2022,1671201300000,6.1707,6.15,6.2,6.2,6.15,2819
12/15/2022,1671114900000,6.022,6.055,6.03,6.055,6.01,14202
12/14/2022,1671028500000,6.355,6.36,6.355,6.36,6.355,419
12/13/2022,1670942100000,6.6408,6.63,6.64,6.65,6.63,2559
12/12/2022,1670855700000,6.5837,6.57,6.605,6.605,6.57,1765
12/09/2022,1670596500000,6.4745,6.4612,6.49,6.49,6.4612,2371
12/08/2022,1670510100000,6.4819,6.48,6.49,6.49,6.48,808
12/07/2022,1670423700000,6.445,6.445,6.445,6.445,6.445,100
12/06/2022,1670337300000,6.5498,6.55,6.55,6.55,6.55,1261
12/05/2022,1670250900000,6.4911,6.49,6.49,6.49,6.49,115
12/02/2022,1669991700000,6.4401,6.435,6.435,6.45,6.43,3020
12/01/2022,no data
11/30/2022,1669818900000,6.303,6.3,6.3,6.305,6.3,1538
11/29/2022,1669732500000,6.3028,6.305,6.3,6.305,6.3,348
11/28/2022,1669646100000,6.3045,6.315,6.292,6.315,6.292,2611
11/25/2022,1669386900000,6.1557,6.16,6.165,6.165,6.15,702
11/23/2022,1669214100000,6.0233,6.04,6.0,6.04,6.0,1328
11/22/2022,1669127700000,5.8501,5.85,5.85,5.85,5.85,454
11/21/2022,1669041300000,6.037,6.03,6.04,6.0489,6.02,3101
11/18/2022,1668782100000,5.72,5.72,5.72,5.72,5.71,1410
11/17/2022,1668695700000,5.6587,5.66,5.66,5.66,5.65,500
11/16/2022,1668609300000,6.1237,6.12,6.125,6.125,6.12,730
11/15/2022,1668522900000,6.6287,6.615,6.64,6.64,6.615,833
11/14/2022,1668436500000,6.3398,6.3378,6.36,6.36,6.3378,9198
11/11/2022,1668177300000,6.4026,6.42,6.38,6.42,6.38,1371
11/10/2022,1668090900000,6.4742,6.485,6.5,6.5,6.47,6089
11/09/2022,1668004500000,6.9991,7.05,6.98,7.05,6.95,14641
11/08/2022,1667918100000,7.2561,7.25,7.265,7.265,7.25,969
11/07/2022,1667831700000,7.6175,7.61,7.61,7.6211,7.61,4638
11/04/2022,1667568900000,7.4547,7.46,7.45,7.47,7.44,3179
11/03/2022,1667482500000,7.29,7.3,7.28,7.3,7.28,515
11/02/2022,1667396100000,7.8677,7.87,7.86,7.87,7.86,1252
11/01/2022,1667309700000,7.8547,7.85,7.86,7.87,7.85,4921
10/31/2022,1667223300000,7.8208,7.82,7.82,7.83,7.81,5492
10/28/2022,1666964100000,7.6143,7.61,7.61,7.625,7.61,903
10/27/2022,1666877700000,7.639,7.63,7.63,7.66,7.63,1962
10/26/2022,no data
10/25/2022,1666704900000,6.7324,6.73,6.73,6.74,6.73,1286
10/24/2022,1666618500000,6.69,6.69,6.69,6.69,6.69,604
10/21/2022,1666359300000,6.5308,6.54,6.51,6.555,6.51,1519
10/20/2022,1666272900000,6.6706,6.67,6.66,6.68,6.65,4331
10/19/2022,1666186500000,6.6635,6.68,6.65,6.68,6.65,2615
10/18/2022,1666100100000,7.0134,7.02,7.02,7.05,6.99,3735
10/17/2022,1666013700000,6.8327,6.8,6.85,6.85,6.8,5154
10/14/2022,1665754500000,6.8688,6.84,6.89,6.8983,6.84,4331
10/13/2022,1665668100000,6.3031,6.3,6.31,6.31,6.3,820
10/12/2022,1665581700000,6.4934,6.46,6.52,6.52,6.46,2865
10/11/2022,1665495300000,6.0299,6.04,6.02,6.04,6.02,9778
10/10/2022,1665408900000,6.2251,6.19,6.24,6.24,6.19,2021
10/07/2022,no data
10/06/2022,1665063300000,6.5427,6.55,6.54,6.55,6.54,391
10/05/2022,1664976900000,6.8931,6.87,6.9,6.91,6.87,1029
10/04/2022,1664890500000,6.7479,6.75,6.745,6.75,6.745,792
10/03/2022,1664804100000,6.3047,6.285,6.31,6.32,6.285,2049
09/30/2022,1664544900000,7.0584,7.05,7.08,7.08,7.05,3156
09/29/2022,1664458500000,7.0907,7.1,7.1,7.1,7.1,585
09/28/2022,1664372100000,7.5456,7.55,7.55,7.55,7.54,2185
09/27/2022,1664285700000,7.7069,7.71,7.69,7.72,7.69,1669
09/26/2022,1664199300000,8.0603,8.06,8.06,8.06,8.06,2569
09/23/2022,1663940100000,8.3,8.3,8.3,8.3,8.3,804
09/22/2022,1663853700000,8.6181,8.62,8.63,8.63,8.62,1151
09/21/2022,1663767300000,8.7175,8.7,8.72,8.72,8.7,1223
09/20/2022,1663680900000,8.6211,8.63,8.62,8.63,8.61,1270
09/19/2022,1663594500000,8.6469,8.6294,8.69,8.69,8.6294,6279
09/16/2022,1663335300000,8.4047,8.41,8.41,8.41,8.4,3243
09/15/2022,1663248900000,8.8832,8.9,8.86,8.9,8.86,2782
09/14/2022,no data
09/13/2022,1663076100000,9.16,9.16,9.16,9.16,9.16,201
09/12/2022,1662989700000,9.1399,9.14,9.14,9.14,9.14,410
09/09/2022,1662730500000,8.9616,8.96,8.965,8.965,8.96,1411
09/08/2022,1662644100000,8.7937,8.805,8.79,8.805,8.79,681
09/07/2022,1662557700000,8.9191,8.92,8.92,8.92,8.92,110
09/06/2022,1662471300000,9.0917,9.08,9.11,9.11,9.07,1289
09/02/2022,no data
09/01/2022,1662039300000,9.3813,9.38,9.38,9.38,9.38,500
08/31/2022,1661952900000,9.6584,9.6564,9.6564,9.6564,9.6564,233
08/30/2022,no data
08/29/2022,1661780100000,9.7936,9.79,9.79,9.79,9.79,257
08/26/2022,no data
08/25/2022,no data
08/24/2022,1661348100000,9.8518,9.86,9.86,9.86,9.86,174
08/23/2022,1661261700000,9.852,9.8493,9.8493,9.8493,9.8493,267
08/22/2022,1661175300000,9.9344,9.94,9.93,9.94,9.925,2487
08/19/2022,no data
08/18/2022,no data
08/17/2022,1660743300000,10.0514,10.05,10.05,10.05,10.05,237
08/16/2022,no data
08/15/2022,no data
08/12/2022,1660311300000,9.9909,9.99,9.99,9.99,9.99,418
08/11/2022,1660224900000,10.0023,10.0,10.0,10.0,10.0,420
08/10/2022,1660138500000,10.4742,10.48,10.46,10.48,10.46,1810
08/09/2022,1660052100000,10.3433,10.375,10.3401,10.41,10.3401,2686
08/08/2022,1659965700000,10.4794,10.5077,10.45,10.5077,10.45,1673
08/05/2022,1659706500000,10.2791,10.28,10.27,10.28,10.27,1122
08/04/2022,1659620100000,10.3543,10.36,10.36,10.36,10.36,326
08/03/2022,1659533700000,10.5129,10.48,10.53,10.53,10.48,1578
08/02/2022,1659447300000,10.4895,10.5,10.47,10.5,10.47,1942
08/01/2022,no data
07/29/2022,1659101700000,10.6894,10.675,10.71,10.71,10.675,1375
07/28/2022,1659015300000,10.6813,10.67,10.69,10.7,10.67,1934
07/27/2022,1658928900000,10.2944,10.305,10.29,10.305,10.29,1279
07/26/2022,no data
07/25/2022,1658756100000,9.8989,9.89,9.9,9.9,9.89,1976
07/22/2022,no data
07/21/2022,1658410500000,9.6271,9.62,9.65,9.65,9.61,1205
07/20/2022,no data
07/19/2022,no data
07/18/2022,1658151300000,9.5501,9.55,9.55,9.55,9.55,555
07/15/2022,1657892100000,9.4393,9.44,9.44,9.44,9.44,129
07/14/2022,1657805700000,9.3685,9.36,9.36,9.36,9.36,726
07/13/2022,no data
07/12/2022,1657632900000,9.5213,9.52,9.525,9.525,9.52,319
07/11/2022,no data
07/08/2022,1657287300000,9.6087,9.6,9.61,9.62,9.6,1033
07/07/2022,1657200900000,9.7902,9.79,9.79,9.795,9.79,1608
07/06/2022,1657114500000,9.8146,9.82,9.82,9.82,9.82,342
07/05/2022,1657028100000,9.5673,9.59,9.55,9.59,9.55,961
07/01/2022,1656682500000,9.559,9.56,9.56,9.56,9.55,1510
06/30/2022,1656596100000,9.4646,9.465,9.465,9.465,9.465,119
06/29/2022,1656509700000,9.9791,9.98,9.975,9.98,9.975,1638
06/28/2022,1656423300000,10.1969,10.19,10.21,10.21,10.19,960
06/27/2022,1656336900000,10.0777,10.07,10.09,10.09,10.07,2540
06/24/2022,1656077700000,10.013,10.02,10.01,10.02,10.01,541
06/23/2022,1655991300000,9.9061,9.9025,9.9025,9.9025,9.9025,124
06/22/2022,1655904900000,9.7517,9.75,9.75,9.75,9.75,603
06/21/2022,1655818500000,9.6035,9.65,9.62,9.65,9.58,5562
06/17/2022,1655472900000,8.9673,8.96,9.01,9.01,8.95,4990
06/16/2022,1655386500000,9.1108,9.11,9.12,9.12,9.105,1086
06/15/2022,1655300100000,9.3585,9.37,9.35,9.37,9.34,1483
06/14/2022,1655213700000,9.5771,9.57,9.59,9.59,9.56,4150
06/13/2022,1655127300000,10.4332,10.44,10.44,10.44,10.44,218
06/10/2022,1654868100000,10.8587,10.87,10.84,10.87,10.84,4789
06/09/2022,no data
06/08/2022,1654695300000,10.9939,10.99,10.99,11.0,10.99,1011
06/07/2022,1654608900000,10.9686,10.97,10.97,10.97,10.97,215
06/06/2022,1654522500000,11.0553,11.055,11.055,11.055,11.055,102
06/03/2022,1654263300000,11.0439,11.04,11.04,11.04,11.04,185
06/02/2022,no data
06/01/2022,1654090500000,10.9918,10.99,10.99,10.99,10.99,353
05/31/2022,no data
05/27/2022,1653658500000,10.7972,10.795,10.795,10.795,10.795,112
05/26/2022,1653572100000,10.6599,10.66,10.66,10.66,10.66,194
05/25/2022,1653485700000,10.4146,10.37,10.43,10.43,10.365,1580
05/24/2022,1653399300000,10.2198,10.22,10.22,10.22,10.22,431
05/23/2022,1653312900000,10.0255,10.0164,10.03,10.03,10.0164,1452
05/20/2022,no data
05/19/2022,no data
05/18/2022,1652880900000,10.0643,10.07,10.07,10.07,10.07,494
05/17/2022,1652794500000,10.1017,10.1,10.1,10.11,10.1,1047
05/16/2022,1652708100000,10.0529,10.06,10.06,10.06,10.06,642
05/13/2022,1652448900000,9.9673,9.96,9.96,9.96,9.96,170
05/12/2022,1652362500000,9.8249,9.84,9.84,9.84,9.84,554
05/11/2022,1652276100000,9.8681,9.87,9.87,9.87,9.87,108
05/10/2022,1652189700000,9.8792,9.88,9.88,9.88,9.88,116
05/09/2022,1652103300000,10.0812,10.08,10.08,10.08,10.08,373
05/06/2022,1651844100000,10.3296,10.33,10.33,10.33,10.33,252
05/05/2022,1651757700000,10.2796,10.2799,10.28,10.28,10.2799,2559
05/04/2022,1651671300000,10.2347,10.23,10.23,10.23,10.23,152
05/03/2022,1651584900000,9.881,9.83,9.9,9.91,9.83,9916
05/02/2022,1651498500000,9.7848,9.77,9.78,9.82,9.77,2144
04/29/2022,no data
04/28/2022,1651152900000,9.7436,9.74,9.74,9.75,9.74,314
04/27/2022,1651066500000,9.8003,9.82,9.775,9.82,9.775,1159
04/26/2022,no data
04/25/2022,1650893700000,9.9602,9.96,9.96,9.96,9.96,1120
04/22/2022,no data
04/21/2022,no data
04/20/2022,1650461700000,10.17,10.17,10.17,10.17,10.17,204
04/19/2022,1650375300000,10.2564,10.26,10.25,10.26,10.25,319
04/18/2022,1650288900000,10.3895,10.38,10.4147,10.4147,10.38,612
04/14/2022,no data
04/13/2022,1649856900000,10.5359,10.54,10.54,10.54,10.54,509
04/12/2022,1649770500000,10.3701,10.37,10.37,10.37,10.37,241
04/11/2022,no data
04/08/2022,1649424900000,10.2799,10.28,10.28,10.28,10.28,1146
04/07/2022,no data
04/06/2022,1649252100000,10.7825,10.78,10.78,10.78,10.78,134
04/05/2022,no data
04/04/2022,1649079300000,11.0637,11.06,11.06,11.06,11.06,443
04/01/2022,1648820100000,11.1998,11.2,11.2,11.2,11.2,101
03/31/2022,1648733700000,11.1301,11.1301,11.1301,11.1302,11.13,1751
03/30/2022,1648647300000,11.3836,11.39,11.38,11.39,11.38,264
03/29/2022,1648560900000,11.5247,11.53,11.52,11.53,11.52,438
03/28/2022,1648474500000,11.28,11.28,11.28,11.28,11.28,1407
03/25/2022,1648215300000,11.2197,11.21,11.21,11.24,11.21,495
03/24/2022,1648128900000,10.8975,10.9,10.89,10.9,10.89,645
03/23/2022,1648042500000,11.1602,11.16,11.16,11.16,11.16,412
03/22/2022,no data
03/21/2022,no data
03/18/2022,no data
03/17/2022,no data
03/16/2022,no data
03/15/2022,1647351300000,10.8708,10.86,10.89,10.89,10.86,1255
03/14/2022,no data
03/11/2022,no data
03/10/2022,1646922900000,10.76,10.76,10.76,10.76,10.76,200
03/09/2022,no data
03/08/2022,1646750100000,10.7899,10.79,10.79,10.79,10.79,1133
03/07/2022,1646663700000,11.0985,11.07,11.105,11.12,11.07,2182
03/04/2022,1646404500000,10.93,10.93,10.93,10.93,10.93,401
03/03/2022,1646318100000,11.0899,11.09,11.09,11.09,11.09,1192
03/02/2022,1646231700000,10.8504,10.84,10.87,10.87,10.84,1522
03/01/2022,1646145300000,11.0877,11.07,11.07,11.07,11.07,656
02/28/2022,1646058900000,10.9374,10.94,10.94,10.94,10.94,303
02/25/2022,1645799700000,11.1069,11.1,11.115,11.115,11.1,799
02/24/2022,1645713300000,10.9017,10.9,10.9,10.9,10.9,1211
02/23/2022,1645626900000,11.2842,11.295,11.28,11.295,11.28,507
02/22/2022,1645540500000,11.3802,11.3802,11.38,11.3802,11.38,1106
02/18/2022,no data
02/17/2022,1645108500000,11.6955,11.687,11.68,11.71,11.68,1466
02/16/2022,1645022100000,11.7172,11.71,11.73,11.74,11.71,1515
02/15/2022,no data
02/14/2022,no data
02/11/2022,1644590100000,11.3353,11.34,11.32,11.35,11.32,2761
02/10/2022,1644503700000,11.5009,11.5,11.5,11.5,11.5,170
02/09/2022,1644417300000,11.6692,11.67,11.67,11.67,11.67,280
02/08/2022,no data
02/07/2022,1644244500000,11.56,11.56,11.56,11.56,11.56,418
02/04/2022,1643985300000,11.4197,11.42,11.42,11.42,11.42,136
02/03/2022,1643898900000,11.6826,11.68,11.695,11.695,11.68,685
02/02/2022,1643812500000,11.8721,11.87,11.87,11.88,11.87,504
02/01/2022,no data
01/31/2022,no data
01/28/2022,1643380500000,11.6589,11.63,11.68,11.68,11.63,2068
01/27/2022,no data
01/26/2022,1643207700000,11.8796,11.88,11.88,11.88,11.88,204
01/25/2022,no data
01/24/2022,1643034900000,11.4963,11.51,11.5,11.51,11.48,1409
01/21/2022,no data
01/20/2022,1642689300000,12.02,12.02,12.02,12.02,12.02,109
01/19/2022,1642602900000,12.0105,12.0078,12.0078,12.0078,12.0078,418
01/18/2022,1642516500000,12.2275,12.22,12.22,12.22,12.22,336
01/14/2022,1642170900000,11.895,11.875,11.93,11.93,11.875,902
01/13/2022,1642084500000,12.0816,12.08,12.1,12.1,12.0799,1817
01/12/2022,1641998100000,11.945,11.95,11.93,11.95,11.93,861
01/11/2022,1641911700000,11.8243,11.83,11.81,11.83,11.81,1400
01/10/2022,1641825300000,11.8038,11.8,11.8,11.8,11.8,152
01/07/2022,no data
01/06/2022,1641479700000,11.819,11.82,11.82,11.82,11.82,554
01/05/2022,no data
01/04/2022,1641306900000,12.0555,12.04,12.065,12.065,12.04,222
01/03/2022,1641220500000,11.9016,11.895,11.91,11.91,11.895,725
