12/30/2022,1672410900000,4.838,4.845,4.84,4.845,4.84,1031
12/29/2022,1672324500000,4.7947,4.79,4.795,4.7997,4.79,365
12/28/2022,1672238100000,4.9436,4.935,4.95,4.95,4.935,2801
12/27/2022,1672151700000,4.9546,4.94,4.9492,4.9492,4.94,452
12/23/2022,1671806100000,4.9988,5.0,4.995,5.0,4.99,5211
12/22/2022,1671719700000,4.9574,4.96,4.955,4.96,4.955,431
12/21/2022,1671633300000,4.9854,4.99,4.9863,4.99,4.98,1533
12/20/2022,1671546900000,4.8395,4.84,4.84,4.84,4.84,578
12/19/2022,1671460500000,4.9077,4.9,4.905,4.91,4.9,3158
12/16/2022,1671201300000,5.025,5.04,5.02,5.04,5.02,10796
12/15/2022,1671114900000,5.1409,5.15,5.14,5.15,5.135,1335
12/14/2022,1671028500000,5.2617,5.265,5.255,5.265,5.255,816
12/13/2022,1670942100000,5.4877,5.485,5.4901,5.4901,5.48,2040
12/12/2022,1670855700000,5.2629,5.2607,5.265,5.265,5.2607,1871
12/09/2022,1670596500000,5.2198,5.215,5.225,5.225,5.215,3131
12/08/2022,1670510100000,5.2309,5.235,5.23,5.235,5.23,2493
12/07/2022,1670423700000,5.3396,5.345,5.325,5.345,5.325,5087
12/06/2022,1670337300000,5.4383,5.44,5.428,5.44,5.428,1049
12/05/2022,1670250900000,5.4948,5.49,5.5,5.5,5.49,2008
12/02/2022,1669991700000,5.3847,5.3826,5.39,5.39,5.3826,527
12/01/2022,1669905300000,5.5953,5.5995,5.595,5.5995,5.59,1072
11/30/2022,1669818900000,5.2912,5.29,5.3,5.3,5.29,2188
11/29/2022,1669732500000,5.3005,5.3,5.305,5.305,5.3,3970
11/28/2022,1669646100000,5.4811,5.48,5.485,5.485,5.48,1909
11/25/2022,1669386900000,5.421,5.415,5.425,5.425,5.415,1322
11/23/2022,1669214100000,5.4049,5.415,5.4,5.415,5.4,871
11/22/2022,1669127700000,5.4347,5.435,5.435,5.435,5.435,2691
11/21/2022,1669041300000,5.4221,5.425,5.42,5.425,5.42,1540
11/18/2022,1668782100000,5.5324,5.525,5.54,5.54,5.52,1240
11/17/2022,1668695700000,5.3418,5.32,5.3503,5.3503,5.32,7656
11/16/2022,1668609300000,5.5167,5.525,5.52,5.525,5.51,2633
11/15/2022,1668522900000,5.65,5.64,5.655,5.655,5.64,1925
11/14/2022,1668436500000,5.6113,5.63,5.605,5.63,5.59,13300
11/11/2022,1668177300000,5.3877,5.385,5.385,5.395,5.38,6917
11/10/2022,1668090900000,5.3244,5.325,5.32,5.33,5.31,17184
11/09/2022,1668004500000,5.186,5.19,5.185,5.19,5.18,9419
11/08/2022,1667918100000,5.3059,5.325,5.3105,5.325,5.31,8639
11/07/2022,1667831700000,4.9486,4.975,4.94,4.975,4.93,66264
11/04/2022,1667568900000,4.6294,4.63,4.6712,4.78,4.56,70816
11/03/2022,1667482500000,5.0122,5.02,5.025,5.03,4.995,7566
11/02/2022,1667396100000,5.383,5.385,5.3808,5.385,5.3808,322
11/01/2022,1667309700000,5.5015,5.48,5.53,5.5399,5.475,17109
10/31/2022,1667223300000,5.4605,5.46,5.465,5.465,5.46,2271
10/28/2022,1666964100000,5.3914,5.3999,5.38,5.4,5.38,14118
10/27/2022,1666877700000,5.5419,5.545,5.54,5.5499,5.535,3435
10/26/2022,1666791300000,5.4798,5.485,5.485,5.485,5.475,3200
10/25/2022,1666704900000,5.4697,5.465,5.47,5.47,5.465,3344
10/24/2022,1666618500000,5.3463,5.325,5.38,5.38,5.325,12725
10/21/2022,1666359300000,5.1432,5.1406,5.1406,5.1406,5.1406,176
10/20/2022,1666272900000,5.1962,5.195,5.19,5.2,5.19,2599
10/19/2022,1666186500000,5.2284,5.235,5.22,5.235,5.22,2506
10/18/2022,1666100100000,5.3831,5.38,5.395,5.4,5.375,12826
10/17/2022,1666013700000,5.1974,5.2,5.2,5.205,5.19,9193
10/14/2022,1665754500000,5.1462,5.14,5.16,5.16,5.14,2187
10/13/2022,1665668100000,4.8304,4.83,4.835,4.835,4.82,6921
10/12/2022,1665581700000,4.9477,4.94,4.95,4.95,4.94,1652
10/11/2022,1665495300000,4.9221,4.9282,4.915,4.93,4.915,3524
10/10/2022,1665408900000,4.9458,4.95,4.935,4.95,4.935,2722
10/07/2022,1665149700000,5.0469,5.045,5.055,5.055,5.04,4018
10/06/2022,1665063300000,5.1672,5.17,5.165,5.17,5.16,1298
10/05/2022,1664976900000,5.1353,5.12,5.14,5.145,5.12,6972
10/04/2022,1664890500000,5.2096,5.205,5.195,5.22,5.195,27646
10/03/2022,1664804100000,4.9444,4.945,4.94,4.945,4.94,1484
09/30/2022,1664544900000,4.9806,4.975,4.98,4.985,4.975,17063
09/29/2022,1664458500000,5.0391,5.04,5.045,5.045,5.03,6190
09/28/2022,1664372100000,4.9517,4.95,4.955,4.955,4.95,1596
09/27/2022,1664285700000,5.0527,5.05,5.06,5.06,5.05,2516
09/26/2022,1664199300000,5.0935,5.085,5.1,5.1,5.085,3273
09/23/2022,1663940100000,5.069,5.07,5.065,5.075,5.0606,4166
09/22/2022,1663853700000,5.2384,5.24,5.24,5.24,5.23,5422
09/21/2022,1663767300000,5.3402,5.34,5.33,5.345,5.33,7441
09/20/2022,1663680900000,5.4692,5.47,5.475,5.48,5.46,8064
09/19/2022,1663594500000,5.6906,5.68,5.695,5.695,5.68,3469
09/16/2022,1663335300000,5.5572,5.5594,5.555,5.56,5.55,9532
09/15/2022,1663248900000,5.827,5.8277,5.83,5.83,5.825,5168
09/14/2022,1663162500000,5.688,5.69,5.69,5.6905,5.685,6601
09/13/2022,1663076100000,5.8744,5.88,5.86,5.885,5.86,2657
09/12/2022,1662989700000,6.015,6.015,6.0279,6.0279,6.01,8069
09/09/2022,1662730500000,5.8885,5.89,5.88,5.89,5.88,2050
09/08/2022,1662644100000,5.6796,5.695,5.68,5.695,5.67,36681
09/07/2022,1662557700000,5.7659,5.76,5.76,5.77,5.76,4958
09/06/2022,1662471300000,5.9149,5.91,5.91,5.9163,5.905,5503
09/02/2022,1662125700000,6.0099,6.01,6.01,6.015,6.01,2387
09/01/2022,1662039300000,6.017,6.02,6.01,6.025,6.01,2581
08/31/2022,1661952900000,6.0601,6.065,6.06,6.065,6.055,1059
08/30/2022,1661866500000,6.2008,6.1999,6.2213,6.2213,6.19,2739
08/29/2022,1661780100000,6.086,6.0712,6.09,6.095,6.0712,30522
08/26/2022,1661520900000,6.3374,6.335,6.34,6.34,6.335,1382
08/25/2022,1661434500000,6.4179,6.405,6.4282,6.4297,6.4,2049
08/24/2022,1661348100000,6.2343,6.23,6.25,6.25,6.22,2247
08/23/2022,1661261700000,6.3526,6.365,6.355,6.37,6.345,23079
08/22/2022,1661175300000,6.2595,6.26,6.255,6.26,6.255,682
08/19/2022,1660916100000,6.5398,6.55,6.54,6.55,6.535,1866
08/18/2022,1660829700000,6.6855,6.69,6.685,6.69,6.6801,1485
08/17/2022,1660743300000,6.7992,6.79,6.815,6.815,6.785,4643
08/16/2022,1660656900000,6.7312,6.7494,6.73,6.75,6.725,47776
08/15/2022,1660570500000,6.8107,6.81,6.805,6.815,6.805,1991
08/12/2022,1660311300000,6.6585,6.665,6.655,6.665,6.65,1410
08/11/2022,1660224900000,6.7449,6.74,6.76,6.76,6.73,5495
08/10/2022,1660138500000,6.7456,6.745,6.755,6.755,6.735,15772
08/09/2022,1660052100000,6.4969,6.485,6.525,6.525,6.48,11505
08/08/2022,1659965700000,6.575,6.555,6.57,6.5905,6.555,9434
08/05/2022,1659706500000,6.5933,6.57,6.565,6.64,6.55,8637
08/04/2022,1659620100000,6.7534,6.77,6.72,6.77,6.72,20172
08/03/2022,1659533700000,6.5649,6.5601,6.58,6.58,6.5601,7838
08/02/2022,1659447300000,6.4198,6.44,6.39,6.44,6.39,5454
08/01/2022,1659360900000,6.1644,6.13,6.16,6.19,6.13,7332
07/29/2022,1659101700000,6.2845,6.28,6.285,6.2899,6.28,1362
07/28/2022,1659015300000,6.2906,6.265,6.3198,6.32,6.26,20710
07/27/2022,1658928900000,5.9231,5.93,5.93,5.93,5.92,1408
07/26/2022,1658842500000,5.9265,5.92,5.93,5.935,5.915,2486
07/25/2022,1658756100000,5.9621,5.97,5.965,5.97,5.96,11837
07/22/2022,1658496900000,6.1274,6.115,6.135,6.135,6.115,1038
07/21/2022,1658410500000,5.9732,5.99,5.965,5.99,5.96,3678
07/20/2022,1658324100000,5.8621,5.855,5.8768,5.8768,5.855,2599
07/19/2022,1658237700000,5.7526,5.76,5.765,5.765,5.75,19905
07/18/2022,1658151300000,5.5806,5.58,5.585,5.59,5.575,9261
07/15/2022,1657892100000,5.4042,5.38,5.41,5.41,5.38,11247
07/14/2022,1657805700000,5.3184,5.32,5.315,5.32,5.315,3970
07/13/2022,1657719300000,5.3608,5.365,5.36,5.37,5.355,2302
07/12/2022,1657632900000,5.5024,5.505,5.5,5.51,5.495,1291
07/11/2022,1657546500000,5.5937,5.61,5.5805,5.61,5.575,12869
07/08/2022,1657287300000,5.6104,5.6006,5.6,5.62,5.6,15637
07/07/2022,1657200900000,5.6215,5.605,5.64,5.64,5.605,13245
07/06/2022,1657114500000,5.7617,5.77,5.7523,5.77,5.75,14053
07/05/2022,1657028100000,5.3739,5.375,5.37,5.385,5.36,5600
07/01/2022,1656682500000,5.5172,5.51,5.51,5.525,5.5024,5106
06/30/2022,1656596100000,5.5155,5.52,5.5119,5.525,5.51,2834
06/29/2022,1656509700000,5.7013,5.71,5.7,5.71,5.7,7107
06/28/2022,1656423300000,5.917,5.921,5.93,5.935,5.905,5081
06/27/2022,1656336900000,6.0631,6.075,6.0299,6.08,6.025,13737
06/24/2022,1656077700000,6.1586,6.15,6.16,6.161,6.15,5873
06/23/2022,1655991300000,5.9977,6.005,5.985,6.005,5.985,4374
06/22/2022,1655904900000,5.9586,5.95,5.95,5.97,5.95,3240
06/21/2022,1655818500000,5.9909,6.0,6.01,6.01,5.98,6708
06/17/2022,1655472900000,5.8413,5.8349,5.841,5.845,5.8349,579
06/16/2022,1655386500000,5.8099,5.825,5.8008,5.825,5.8008,2557
06/15/2022,1655300100000,5.81,5.8,5.805,5.815,5.8,10692
06/14/2022,1655213700000,5.9039,5.92,5.9,5.92,5.9,4156
06/13/2022,1655127300000,6.206,6.21,6.195,6.215,6.19,8627
06/10/2022,1654868100000,6.4135,6.4,6.44,6.44,6.4,7774
06/09/2022,1654781700000,6.6423,6.66,6.63,6.66,6.63,4622
06/08/2022,1654695300000,6.747,6.74,6.7586,6.7586,6.74,846
06/07/2022,1654608900000,6.7472,6.74,6.75,6.75,6.722,11550
06/06/2022,1654522500000,6.8887,6.895,6.88,6.895,6.88,3080
06/03/2022,1654263300000,6.8252,6.845,6.81,6.845,6.81,6508
06/02/2022,1654176900000,6.8832,6.87,6.875,6.89,6.87,5769
06/01/2022,1654090500000,7.0118,7.015,7.03,7.04,6.99,15450
05/31/2022,1654004100000,6.8395,6.84,6.84,6.86,6.825,14522
05/27/2022,1653658500000,6.8288,6.82,6.845,6.845,6.81,3075
05/26/2022,1653572100000,6.6023,6.59,6.625,6.63,6.59,17735
05/25/2022,1653485700000,6.2659,6.2766,6.27,6.2766,6.2611,1579
05/24/2022,1653399300000,6.4801,6.48,6.4849,6.4849,6.475,1709
05/23/2022,1653312900000,6.637,6.665,6.65,6.665,6.6328,3775
05/20/2022,1653053700000,6.7257,6.73,6.705,6.74,6.705,2801
05/19/2022,1652967300000,6.8,6.815,6.8,6.815,6.7894,5201
05/18/2022,1652880900000,6.9215,6.92,6.95,6.95,6.905,2224
05/17/2022,1652794500000,7.107,7.125,7.1,7.125,7.09,3837
05/16/2022,1652708100000,6.8506,6.86,6.86,6.8643,6.8406,13909
05/13/2022,1652448900000,6.8298,6.84,6.83,6.84,6.8216,2245
05/12/2022,1652362500000,6.3964,6.395,6.38,6.42,6.38,11025
05/11/2022,1652276100000,6.4272,6.43,6.42,6.43,6.42,3878
05/10/2022,1652189700000,6.7336,6.735,6.73,6.75,6.72,29193
05/09/2022,1652103300000,6.7999,6.83,6.8,6.8376,6.78,15783
05/06/2022,1651844100000,7.012,6.87,7.2,7.2,6.86,130991
05/05/2022,1651757700000,9.1995,9.2,9.2,9.2,9.2,374
05/04/2022,1651671300000,9.1618,9.14,9.18,9.18,9.14,6029
05/03/2022,1651584900000,8.8938,8.89,8.9,8.9,8.88,24754
05/02/2022,1651498500000,8.7827,8.79,8.78,8.795,8.78,10653
04/29/2022,1651239300000,8.6627,8.68,8.65,8.685,8.65,4773
04/28/2022,1651152900000,8.5623,8.565,8.56,8.57,8.56,1381
04/27/2022,1651066500000,8.6647,8.69,8.6419,8.69,8.64,11780
04/26/2022,1650980100000,8.8181,8.8,8.82,8.8299,8.8,3689
04/25/2022,1650893700000,8.5035,8.48,8.5,8.51,8.48,4841
04/22/2022,1650634500000,8.7445,8.745,8.74,8.7475,8.74,2623
04/21/2022,1650548100000,9.2169,9.235,9.1708,9.24,9.1708,16660
04/20/2022,1650461700000,8.9384,8.945,8.945,8.95,8.9239,4696
04/19/2022,1650375300000,8.7856,8.815,8.78,8.815,8.7786,4670
04/18/2022,1650288900000,8.7346,8.73,8.74,8.75,8.73,10837
04/14/2022,1649943300000,8.8755,8.89,8.85,8.89,8.85,6486
04/13/2022,1649856900000,8.5386,8.525,8.55,8.55,8.525,5195
04/12/2022,1649770500000,8.5101,8.5,8.52,8.52,8.5,33981
04/11/2022,1649684100000,8.1797,8.1712,8.1815,8.19,8.1712,8874
04/08/2022,1649424900000,8.3289,8.33,8.33,8.33,8.32,12172
04/07/2022,1649338500000,8.3825,8.39,8.4,8.4,8.38,11633
04/06/2022,1649252100000,8.3636,8.37,8.36,8.37,8.355,8083
04/05/2022,1649165700000,8.8585,8.87,8.85,8.87,8.85,2009
04/04/2022,1649079300000,8.5952,8.59,8.62,8.62,8.585,2508
04/01/2022,1648820100000,8.6927,8.7024,8.69,8.7024,8.69,1524
03/31/2022,1648733700000,8.5053,8.525,8.5075,8.525,8.5,9680
03/30/2022,1648647300000,8.7253,8.73,8.74,8.745,8.71,2285
03/29/2022,1648560900000,8.7164,8.73,8.7,8.73,8.7,8262
03/28/2022,1648474500000,8.3476,8.35,8.34,8.35,8.335,9110
03/25/2022,1648215300000,8.3989,8.398,8.39,8.41,8.39,5283
03/24/2022,1648128900000,8.3448,8.3415,8.325,8.355,8.32,9520
03/23/2022,1648042500000,8.21,8.21,8.21,8.2185,8.2,3967
03/22/2022,1647956100000,8.2358,8.25,8.205,8.25,8.205,2657
03/21/2022,1647869700000,8.1547,8.16,8.1502,8.175,8.1501,11113
03/18/2022,1647610500000,7.9359,7.93,7.94,7.94,7.91,2105
03/17/2022,1647524100000,7.8583,7.87,7.84,7.87,7.84,5200
03/16/2022,1647437700000,7.7663,7.78,7.76,7.78,7.76,997
03/15/2022,1647351300000,7.5384,7.5382,7.55,7.55,7.53,6585
03/14/2022,1647264900000,7.7666,7.76,7.745,7.77,7.745,6722
03/11/2022,1647009300000,7.973,7.9783,7.965,7.9783,7.965,624
03/10/2022,1646922900000,7.83,7.83,7.83,7.8358,7.825,8732
03/09/2022,1646836500000,7.924,7.9105,7.92,7.935,7.9105,11743
03/08/2022,1646750100000,7.614,7.625,7.67,7.67,7.59,7131
03/07/2022,1646663700000,8.2255,8.21,8.235,8.24,8.205,4916
03/04/2022,1646404500000,8.4958,8.5,8.48,8.5,8.48,3454
03/03/2022,1646318100000,8.6683,8.67,8.665,8.67,8.65,6783
03/02/2022,1646231700000,8.4869,8.48,8.4801,8.49,8.48,1826
03/01/2022,1646145300000,8.7607,8.77,8.735,8.775,8.735,6307
02/28/2022,1646058900000,8.72,8.735,8.715,8.745,8.69,23081
02/25/2022,1645799700000,8.4473,8.45,8.44,8.45,8.44,4906
02/24/2022,1645713300000,8.0468,8.04,8.06,8.065,8.03,16662
02/23/2022,1645626900000,8.4933,8.485,8.51,8.53,8.48,11827
02/22/2022,1645540500000,8.535,8.54,8.53,8.55,8.53,2048
02/18/2022,1645194900000,8.6754,8.695,8.66,8.695,8.66,40266
02/17/2022,1645108500000,8.8254,8.84,8.83,8.84,8.81,8684
02/16/2022,1645022100000,8.8906,8.9,8.89,8.9,8.87,7249
02/15/2022,1644935700000,9.0403,9.045,9.035,9.05,9.0329,15560
02/14/2022,1644849300000,8.7983,8.811,8.81,8.825,8.7727,11798
02/11/2022,1644590100000,8.8863,8.9,8.881,8.9,8.86,32596
02/10/2022,1644503700000,9.0044,9.01,9.0038,9.015,9.0014,2942
02/09/2022,1644417300000,9.2768,9.2816,9.28,9.29,9.26,12249
02/08/2022,1644330900000,8.938,8.95,8.91,8.955,8.91,6049
02/07/2022,1644244500000,8.9916,8.96,9.02,9.02,8.96,31090
02/04/2022,1643985300000,9.0281,9.04,9.02,9.05,8.96,110594
02/03/2022,1643898900000,8.8415,8.81,8.9,8.9,8.81,198336
02/02/2022,1643812500000,9.4054,9.375,9.4093,9.42,9.375,14890
02/01/2022,1643726100000,8.9401,8.93,8.95,8.95,8.92,12494
01/31/2022,1643639700000,8.6655,8.675,8.7,8.7,8.65,16979
01/28/2022,1643380500000,8.2958,8.3,8.29,8.31,8.29,5634
01/27/2022,1643294100000,8.5531,8.53,8.57,8.58,8.53,1600
01/26/2022,1643207700000,8.695,8.65,8.65,8.73,8.65,15775
01/25/2022,1643121300000,8.5972,8.6,8.5845,8.62,8.58,5401
01/24/2022,1643034900000,8.5773,8.565,8.6,8.6,8.55,18288
01/21/2022,1642775700000,9.1226,9.1506,9.095,9.1556,9.09,9671
01/20/2022,1642689300000,9.7778,9.82,9.76,9.82,9.75,12321
01/19/2022,1642602900000,10.021,10.03,10.0,10.035,10.0,3028
01/18/2022,1642516500000,10.271,10.2891,10.27,10.2891,10.26,13214
01/14/2022,1642170900000,10.3103,10.29,10.33,10.33,10.29,8879
01/13/2022,1642084500000,10.5277,10.52,10.52,10.52,10.52,1143
01/12/2022,1641998100000,10.7031,10.72,10.67,10.72,10.67,2636
01/11/2022,1641911700000,10.3516,10.34,10.35,10.35,10.34,522
01/10/2022,1641825300000,10.5448,10.5599,10.53,10.5599,10.53,4963
01/07/2022,1641566100000,10.8573,10.875,10.855,10.88,10.8365,10461
01/06/2022,1641479700000,10.6806,10.69,10.68,10.69,10.68,1333
01/05/2022,1641393300000,10.8479,10.84,10.85,10.85,10.84,1605
01/04/2022,1641306900000,10.7042,10.72,10.7,10.72,10.7,2779
01/03/2022,1641220500000,10.6349,10.64,10.62,10.66,10.6,8655
