12/30/2022,1672410900000,313.3785,314.2,313.06,314.2,312.6901,2525
12/29/2022,1672324500000,311.1199,311.34,310.8229,311.53,310.8229,2402
12/28/2022,1672238100000,314.7511,314.77,315.04,315.065,314.14,2024
12/27/2022,1672151700000,311.6267,311.53,311.73,311.73,311.21,1462
12/23/2022,1671806100000,309.9663,310.0,310.065,310.09,309.68,3111
12/22/2022,1671719700000,312.9089,312.75,313.11,313.18,312.45,18535
12/21/2022,1671633300000,313.2246,313.52,312.96,313.7747,312.32,14656
12/20/2022,1671546900000,314.7358,315.06,314.415,315.07,314.415,2900
12/19/2022,1671460500000,319.9819,319.58,319.885,320.2,319.1601,2889
12/16/2022,1671201300000,324.1671,324.25,324.0822,324.41,323.91,4716
12/15/2022,1671114900000,327.3492,327.36,327.3143,327.7,327.15,10663
12/14/2022,1671028500000,328.4374,328.58,328.75,329.03,328.2216,24724
12/13/2022,1670942100000,334.1972,334.885,334.41,334.99,333.6,12773
12/12/2022,1670855700000,321.6954,321.61,322.711,322.84,321.05,31691
12/09/2022,1670596500000,339.4246,338.95,339.79,342.46,337.2501,75032
12/08/2022,1670510100000,370.5324,371.78,370.08,371.78,369.275,11637
12/07/2022,1670423700000,372.3386,371.84,373.64,373.64,371.63,6597
12/06/2022,1670337300000,379.1622,378.66,379.1,379.31,378.06,4111
12/05/2022,1670250900000,381.9667,382.27,381.57,382.595,381.315,7474
12/02/2022,1669991700000,382.3794,382.975,381.85,382.975,381.8286,2763
12/01/2022,1669905300000,383.1384,383.68,382.33,383.68,382.33,6574
11/30/2022,1669818900000,364.7262,364.45,364.995,364.995,364.43,897
11/29/2022,1669732500000,361.8905,362.495,361.735,362.495,361.43,5589
11/28/2022,1669646100000,366.1566,365.8799,365.35,366.93,365.35,10506
11/25/2022,1669386900000,361.3331,361.3,360.5001,361.74,360.5001,4441
11/23/2022,1669214100000,354.9141,354.66,355.0499,355.06,354.66,1953
11/22/2022,1669127700000,350.5754,350.3121,350.94,350.94,350.27,4039
11/21/2022,1669041300000,343.2554,342.76,344.4,344.4,342.76,1685
11/18/2022,1668782100000,357.2611,356.685,357.03,357.68,356.685,10754
11/17/2022,1668695700000,351.2483,351.4724,350.55,351.55,350.55,3592
11/16/2022,1668609300000,349.7998,351.19,349.3799,351.19,348.6,8347
11/15/2022,1668522900000,366.9138,366.86,366.4857,367.44,366.4857,6058
11/14/2022,1668436500000,356.5394,356.53,357.01,357.01,355.85,2832
11/11/2022,1668177300000,354.655,355.15,354.61,355.25,353.52,3638
11/10/2022,1668090900000,344.0223,343.9,344.34,344.58,343.6057,8296
11/09/2022,1668004500000,326.1192,325.88,327.1,327.27,325.81,2936
11/08/2022,1667918100000,325.7544,325.315,325.94,325.94,325.315,3040
11/07/2022,1667831700000,324.246,325.32,323.4585,325.345,323.4585,3926
11/04/2022,1667568900000,326.4007,326.39,326.32,327.07,325.88,7875
11/03/2022,1667482500000,313.8657,314.0,314.05,314.05,313.26,1640
11/02/2022,1667396100000,326.2116,326.315,325.93,326.315,325.93,1197
11/01/2022,1667309700000,336.9014,336.355,336.67,337.14,336.355,9018
10/31/2022,1667223300000,325.6298,325.625,325.625,325.625,325.625,568
10/28/2022,1666964100000,318.7715,318.6,318.0,319.9284,317.74,3159
10/27/2022,1666877700000,325.1042,325.835,324.67,326.29,324.66,3755
10/26/2022,1666791300000,316.6103,317.34,316.085,317.3999,316.085,2436
10/25/2022,1666704900000,304.6308,305.1274,302.51,305.36,302.51,4690
10/24/2022,1666618500000,295.9686,295.75,296.325,296.69,295.23,8519
10/21/2022,1666359300000,290.4997,290.5,290.8,290.8,290.26,1085
10/20/2022,1666272900000,296.8162,296.6,296.5994,297.46,296.32,2741
10/19/2022,1666186500000,299.3331,299.13,299.46,299.57,298.94,7172
10/18/2022,1666100100000,306.9603,306.295,307.19,307.54,306.295,5293
10/17/2022,1666013700000,296.6057,295.945,296.7706,297.0,295.945,4932
10/14/2022,1665754500000,300.1624,299.53,300.29,301.2396,299.53,8739
10/13/2022,1665668100000,280.2838,280.935,280.45,281.17,279.59,12388
10/12/2022,1665581700000,299.022,298.17,298.8,299.9103,298.135,6458
10/11/2022,1665495300000,292.4395,292.65,292.455,292.81,292.11,13864
10/10/2022,1665408900000,294.4686,294.715,294.325,294.75,294.325,5685
10/07/2022,1665149700000,305.1664,304.64,305.9099,305.9099,304.1,2901
10/06/2022,1665063300000,312.5301,312.89,312.47,312.9756,312.16,6104
10/05/2022,1664976900000,305.4306,305.65,305.65,305.65,305.65,725
10/04/2022,1664890500000,304.8724,304.915,304.7219,305.27,304.405,9642
10/03/2022,1664804100000,285.3097,285.45,284.7286,285.95,284.675,17262
09/30/2022,1664544900000,282.2212,282.44,282.605,282.9804,281.36,43071
09/29/2022,1664458500000,303.2232,303.81,303.085,303.81,303.085,4604
09/28/2022,1664372100000,299.6614,299.38,299.54,299.82,299.38,943
09/27/2022,1664285700000,301.4721,301.015,301.42,302.21,301.015,11649
09/26/2022,1664199300000,296.1251,294.905,296.76,296.76,294.905,5259
09/23/2022,1663940100000,301.978,301.88,302.25,302.25,301.525,22206
09/22/2022,1663853700000,317.5413,317.805,317.79,318.03,317.16,2544
09/21/2022,1663767300000,330.993,331.0,330.885,331.13,330.885,709
09/20/2022,1663680900000,332.888,333.94,332.415,333.94,332.16,3676
09/19/2022,1663594500000,332.8207,332.89,333.0,333.0,332.49,3442
09/16/2022,1663335300000,331.8889,331.79,331.79,331.79,331.79,343
09/15/2022,1663248900000,343.2351,343.63,343.06,343.63,342.855,7274
09/14/2022,1663162500000,336.5488,336.41,336.26,337.07,336.25,4036
09/13/2022,1663076100000,342.8004,343.0001,342.695,343.364,342.52,4341
09/12/2022,1662989700000,351.1253,351.5128,350.75,351.885,350.49,5749
09/09/2022,1662730500000,350.2739,351.145,349.0,351.49,349.0,9314
09/08/2022,1662644100000,333.7686,334.11,333.36,334.11,333.36,17767
09/07/2022,1662557700000,327.1747,327.34,326.92,327.68,326.5,9178
09/06/2022,1662471300000,318.3326,317.43,319.0,319.89,317.14,38192
09/02/2022,1662125700000,325.6671,325.27,325.0,327.02,324.34,79097
09/01/2022,1662039300000,288.2307,287.67,288.035,288.49,287.67,11960
08/31/2022,1661952900000,307.3355,307.81,307.01,307.81,307.0,1234
08/30/2022,1661866500000,309.2919,309.65,309.39,309.71,308.92,6419
08/29/2022,1661780100000,306.3737,306.56,306.1541,306.59,306.1541,3059
08/26/2022,1661520900000,324.2501,324.445,324.9,324.9,323.95,1322
08/25/2022,1661434500000,318.3679,318.3754,317.9,318.3754,317.9,1257
08/24/2022,1661348100000,313.8444,313.26,313.26,313.26,313.26,1701
08/23/2022,1661261700000,316.9199,317.59,316.77,317.59,316.53,1417
08/22/2022,1661175300000,317.58,317.95,317.98,317.98,317.1,1947
08/19/2022,1660916100000,327.8799,327.78,328.53,328.53,327.72,4784
08/18/2022,1660829700000,329.113,328.675,329.46,329.46,328.675,1430
08/17/2022,1660743300000,329.7244,328.93,329.96,330.2,328.93,5220
08/16/2022,1660656900000,334.5919,334.75,333.5413,335.2,333.5413,5169
08/15/2022,1660570500000,323.5888,323.82,324.55,324.55,322.87,19081
08/12/2022,1660311300000,319.0789,319.54,318.48,319.88,318.48,2373
08/11/2022,1660224900000,324.3455,324.015,324.29,324.29,324.015,1026
08/10/2022,1660138500000,314.8324,314.47,314.58,315.2945,314.29,6911
08/09/2022,1660052100000,310.5533,310.6,310.88,310.91,310.42,1724
08/08/2022,1659965700000,319.2072,317.9,319.36,319.53,317.9,2529
08/05/2022,no data
08/04/2022,1659620100000,315.977,315.61,316.72,316.72,315.5,1146
08/03/2022,1659533700000,312.0428,311.83,312.315,312.58,311.6055,8737
08/02/2022,1659447300000,308.727,309.49,308.7,309.49,308.3,1359
08/01/2022,1659360900000,307.9214,308.46,308.69,308.69,307.52,4500
07/29/2022,1659101700000,301.7727,302.24,301.84,302.24,301.51,3283
07/28/2022,1659015300000,299.7951,299.8,300.6031,300.6031,299.33,8254
07/27/2022,1658928900000,285.0274,284.87,285.22,285.22,284.86,4722
07/26/2022,1658842500000,287.6578,287.6,287.26,288.36,286.71,17902
07/25/2022,1658756100000,302.1118,302.4,302.24,302.4,301.72,2890
07/22/2022,1658496900000,305.4398,305.58,305.57,305.58,305.28,1740
07/21/2022,1658410500000,303.1504,303.54,303.0,303.54,302.55,5336
07/20/2022,1658324100000,297.9535,298.03,298.05,298.05,298.03,829
07/19/2022,1658237700000,289.1965,289.0314,289.28,289.43,288.9,1197
07/18/2022,1658151300000,289.8747,290.9,290.155,290.9,289.1,4653
07/15/2022,1657892100000,284.5567,283.88,285.18,285.61,283.87,8335
07/14/2022,1657805700000,277.0281,276.58,276.8,277.715,276.58,4039
07/13/2022,1657719300000,272.066,272.22,272.12,272.5,271.05,5397
07/12/2022,1657632900000,285.7035,285.95,286.68,286.68,285.13,6497
07/11/2022,1657546500000,285.7813,285.94,285.78,286.0,285.06,9695
07/08/2022,1657287300000,288.7005,288.57,288.41,289.48,288.41,1575
07/07/2022,1657200900000,281.3206,281.5,281.39,281.6,281.105,2850
07/06/2022,1657114500000,286.7201,287.53,285.36,287.62,285.3587,5998
07/05/2022,1657028100000,260.0761,260.33,260.08,260.6,259.745,3518
07/01/2022,1656682500000,267.5739,268.09,267.61,268.09,267.51,1709
06/30/2022,1656596100000,276.2621,276.28,275.76,276.67,275.76,4767
06/29/2022,1656509700000,278.775,278.95,279.08,279.4,278.49,6435
06/28/2022,1656423300000,291.2545,290.93,292.38,292.41,290.11,6270
06/27/2022,1656336900000,293.7445,293.84,293.84,293.87,293.405,6761
06/24/2022,1656077700000,290.697,290.67,290.72,290.92,290.14,2398
06/23/2022,1655991300000,281.8386,281.75,280.99,282.8,280.99,2278
06/22/2022,1655904900000,273.2561,273.51,273.24,273.57,272.8,4189
06/21/2022,1655818500000,282.9849,283.07,282.48,283.115,282.48,1258
06/17/2022,1655472900000,273.6827,273.31,274.06,274.11,273.17,3226
06/16/2022,1655386500000,275.2254,275.22,275.22,275.67,274.97,6653
06/15/2022,1655300100000,284.6964,285.12,284.15,285.485,284.14,2497
06/14/2022,1655213700000,281.4641,281.7,281.5,281.935,280.77,2792
06/13/2022,1655127300000,279.986,281.3,279.28,281.3,279.21,7778
06/10/2022,1654868100000,295.176,294.99,295.46,295.75,294.795,3194
06/09/2022,1654781700000,304.9146,305.015,304.75,305.27,304.75,1545
06/08/2022,1654695300000,307.7533,307.48,308.355,308.355,307.405,3912
06/07/2022,1654608900000,295.8634,296.13,296.43,296.51,295.175,6380
06/06/2022,1654522500000,303.1478,302.66,303.0,303.95,302.52,9207
06/03/2022,1654263300000,300.2497,302.85,298.808,302.85,298.08,44883
06/02/2022,1654176900000,288.1677,288.06,289.175,289.43,287.53,12094
06/01/2022,1654090500000,296.7569,296.78,295.95,297.32,295.95,14680
05/31/2022,1654004100000,292.451,292.78,293.36,293.36,291.7,8807
05/27/2022,1653658500000,291.4474,292.15,291.21,292.15,291.0166,5012
05/26/2022,1653572100000,281.0744,280.47,282.335,282.335,280.2,14112
05/25/2022,1653485700000,256.1095,255.55,256.13,257.09,255.3,8303
05/24/2022,1653399300000,262.6722,263.115,262.635,263.115,262.26,8425
05/23/2022,1653312900000,268.0916,268.62,267.71,269.15,267.55,4666
05/20/2022,1653053700000,277.8367,278.95,277.33,278.95,277.21,9869
05/19/2022,1652967300000,267.2691,267.09,268.3588,268.3588,266.76,6503
05/18/2022,1652880900000,291.9839,293.38,292.37,293.38,291.2,10777
05/17/2022,1652794500000,313.3242,313.03,313.76,314.11,312.425,5380
05/16/2022,1652708100000,305.066,305.115,304.3,305.81,304.3,3499
05/13/2022,1652448900000,304.038,304.49,303.83,304.49,303.51,2959
05/12/2022,1652362500000,284.1598,283.26,284.225,285.05,283.05,6324
05/11/2022,1652276100000,299.558,297.885,301.56,301.56,296.9101,7890
05/10/2022,1652189700000,302.9558,302.2527,302.73,302.73,302.2527,1209
05/09/2022,1652103300000,309.1835,308.55,310.3366,310.3366,308.45,7854
05/06/2022,1651844100000,325.7647,326.49,325.88,327.13,325.01,14228
05/05/2022,1651757700000,359.8636,359.06,360.32,360.94,359.06,1564
05/04/2022,1651671300000,352.8242,352.945,352.94,353.13,352.94,576
05/03/2022,1651584900000,359.9853,360.02,359.8164,360.415,359.8164,630
05/02/2022,1651498500000,354.0728,354.53,353.5001,354.53,353.5001,2060
04/29/2022,1651239300000,364.3579,364.72,364.045,364.72,364.03,1818
04/28/2022,1651152900000,358.063,358.28,358.11,358.355,357.03,2333
04/27/2022,1651066500000,359.0516,359.19,359.06,359.23,359.06,905
04/26/2022,1650980100000,365.2534,364.84,365.61,365.62,364.84,4833
04/25/2022,1650893700000,362.4642,362.31,361.73,363.24,361.73,4662
04/22/2022,1650634500000,375.0172,374.423,375.0,375.41,374.423,4984
04/21/2022,1650548100000,389.5602,390.3,390.0515,390.3,389.0,9549
04/20/2022,1650461700000,402.9619,403.45,403.225,403.865,402.0,18509
04/19/2022,1650375300000,402.0901,402.5631,401.66,402.76,401.38,20208
04/18/2022,1650288900000,391.7156,391.99,391.28,391.99,391.28,1181
04/14/2022,1649943300000,394.0164,394.1599,394.1388,394.53,393.25,10228
04/13/2022,1649856900000,382.5371,382.5,382.43,383.0,381.73,5221
04/12/2022,1649770500000,380.512,381.26,379.625,381.4736,379.02,6751
04/11/2022,1649684100000,365.5171,365.14,366.135,366.55,365.06,3259
04/08/2022,1649424900000,375.9057,376.0,375.825,376.13,375.63,2710
04/07/2022,1649338500000,373.4273,374.06,373.73,374.06,372.92,5853
04/06/2022,1649252100000,371.8318,371.99,372.23,372.23,371.5,5727
04/05/2022,1649165700000,379.7007,378.78,379.63,380.48,378.78,4921
04/04/2022,1649079300000,372.267,371.97,371.4,373.0,371.3201,8501
04/01/2022,1648820100000,366.0555,365.65,366.2401,366.77,365.5693,4112
03/31/2022,1648733700000,373.9692,374.0,373.7,374.36,373.54,5037
03/30/2022,1648647300000,363.8876,361.2614,364.7247,365.77,360.79,86074
03/29/2022,1648560900000,346.3953,346.035,346.89,347.05,345.04,13445
03/28/2022,1648474500000,323.1936,323.1639,323.4,324.0,322.75,4367
03/25/2022,1648215300000,318.6701,318.775,318.65,318.93,318.41,10933
03/24/2022,1648128900000,310.2329,310.29,309.98,310.29,309.89,707
03/23/2022,1648042500000,308.9344,309.09,308.72,309.19,308.5,4613
03/22/2022,1647956100000,312.5244,312.9962,313.025,313.19,311.7101,2919
03/21/2022,1647869700000,315.2965,315.94,315.225,316.495,314.895,6259
03/18/2022,1647610500000,307.4621,306.885,308.36,308.36,306.885,1892
03/17/2022,1647524100000,301.4108,301.5,301.085,301.905,301.085,1986
03/16/2022,1647437700000,298.7345,298.975,298.4282,299.325,298.15,12314
03/15/2022,1647351300000,285.2514,285.76,284.96,285.9,284.505,9074
03/14/2022,1647264900000,289.5875,289.575,289.69,290.23,288.31,18693
03/11/2022,1647009300000,303.4727,303.76,303.3,303.82,303.2775,4032
03/10/2022,1646922900000,302.4746,303.85,302.31,303.85,301.95,12528
03/09/2022,1646836500000,303.9031,303.895,304.04,304.875,303.26,16527
03/08/2022,1646750100000,301.6945,301.16,303.11,303.11,300.6803,6540
03/07/2022,1646663700000,321.8799,321.5,322.04,322.27,321.4,4067
03/04/2022,1646404500000,321.3373,321.05,321.965,322.4112,320.865,2840
03/03/2022,1646318100000,329.2566,329.79,328.14,329.79,328.14,1774
03/02/2022,1646231700000,317.8756,318.23,317.69,318.7714,316.767,5863
03/01/2022,1646145300000,322.4459,323.78,322.8,323.78,322.3,2747
02/28/2022,1646058900000,315.9321,316.04,314.97,316.29,314.97,2048
02/25/2022,1645799700000,310.8729,312.145,310.71,312.17,310.36,3608
02/24/2022,1645713300000,290.4384,290.45,291.82,291.82,289.2919,4997
02/23/2022,1645626900000,307.5495,308.385,307.38,308.385,307.3,4085
02/22/2022,1645540500000,307.055,307.71,306.7428,307.71,306.7428,741
02/18/2022,1645194900000,310.7784,311.545,310.4,311.545,310.2,2643
02/17/2022,1645108500000,319.9758,320.09,320.09,320.09,320.09,2296
02/16/2022,1645022100000,316.1628,316.325,315.6501,316.35,315.6501,944
02/15/2022,1644935700000,322.0905,322.275,321.5508,322.71,321.5508,3558
02/14/2022,1644849300000,316.8179,316.15,316.15,316.15,316.15,460
02/11/2022,1644590100000,333.3544,334.19,332.2714,334.19,332.2714,7077
02/10/2022,1644503700000,333.5131,333.83,333.76,333.83,333.43,1196
02/09/2022,1644417300000,341.3925,341.77,341.485,341.77,341.47,1575
02/08/2022,1644330900000,329.416,328.92,329.41,329.74,328.2101,1552
02/07/2022,1644244500000,336.0703,335.215,336.32,336.34,335.215,1375
02/04/2022,1643985300000,334.1414,333.88,334.16,334.5,333.85,4103
02/03/2022,1643898900000,341.0109,341.1,342.99,342.99,339.99,12310
02/02/2022,1643812500000,346.2839,346.18,346.49,346.68,345.28,6494
02/01/2022,1643726100000,339.2825,339.82,339.075,339.99,338.69,14200
01/31/2022,1643639700000,319.6218,320.42,319.905,320.42,318.6,2672
01/28/2022,1643380500000,303.9445,305.02,303.5,305.02,303.47,4993
01/27/2022,1643294100000,308.783,309.305,308.51,309.34,308.15,7983
01/26/2022,1643207700000,317.8625,317.835,317.31,318.29,317.31,1894
01/25/2022,1643121300000,313.958,313.43,314.09,314.71,313.43,4070
01/24/2022,1643034900000,305.2207,305.05,305.16,305.67,304.485,11209
01/21/2022,1642775700000,321.2735,321.0,320.97,321.5,320.93,12616
01/20/2022,1642689300000,335.3151,335.46,335.255,335.47,335.0,2199
01/19/2022,1642602900000,334.8848,335.28,334.975,335.28,334.05,3862
01/18/2022,1642516500000,326.9481,327.1325,326.745,327.31,326.73,3960
01/14/2022,1642170900000,330.1896,330.25,331.41,331.51,329.25,18354
01/13/2022,1642084500000,351.5596,351.3661,351.77,352.4414,351.06,6952
01/12/2022,1641998100000,350.9993,351.22,350.79,351.345,350.58,7453
01/11/2022,1641911700000,344.5544,344.6899,343.73,345.463,343.73,6592
01/10/2022,1641825300000,335.0454,334.27,337.505,337.81,332.6,93756
01/07/2022,1641566100000,360.4939,361.67,359.6,361.67,359.35,20022
01/06/2022,1641479700000,361.5357,359.8742,361.81,362.77,359.8742,8699
01/05/2022,1641393300000,373.729,373.55,373.37,374.0448,373.37,3222
01/04/2022,no data
01/03/2022,1641220500000,391.5349,392.01,390.82,392.01,390.79,4497
