12/30/2022,1672410900000,69.5188,69.68,69.41,69.68,69.39,8635
12/29/2022,1672324500000,69.2752,69.14,69.37,69.41,69.14,15165
12/28/2022,1672238100000,69.2009,69.22,69.33,69.33,69.13,8591
12/27/2022,1672151700000,68.8391,68.89,68.79,68.91,68.75,5442
12/23/2022,1671806100000,69.4239,69.6,69.25,69.61,69.25,7348
12/22/2022,1671719700000,70.4058,70.44,70.51,70.51,70.33,6871
12/21/2022,1671633300000,72.0984,72.09,72.0,72.16,72.0,7193
12/20/2022,1671546900000,70.8401,70.73,70.985,71.01,70.73,11351
12/19/2022,1671460500000,72.3831,72.37,72.34,72.485,72.3,3389
12/16/2022,1671201300000,72.6918,72.71,72.75,72.75,72.615,7460
12/15/2022,1671114900000,74.4002,74.44,74.38,74.49,74.28,5017
12/14/2022,1671028500000,77.6458,77.63,77.69,77.775,77.6,8298
12/13/2022,1670942100000,79.1511,79.19,79.25,79.27,79.01,5471
12/12/2022,1670855700000,75.8057,75.69,75.84,75.9,75.668,5268
12/09/2022,1670596500000,76.1875,76.21,76.32,76.32,76.07,3423
12/08/2022,1670510100000,75.3803,75.36,75.4,75.43,75.36,2972
12/07/2022,1670423700000,75.4852,75.456,75.52,75.52,75.44,3851
12/06/2022,1670337300000,76.4433,76.5,76.3,76.58,76.3,4532
12/05/2022,1670250900000,76.7206,76.7675,76.67,76.8,76.63,20536
12/02/2022,1669991700000,76.9168,76.96,76.96,76.98,76.85,3611
12/01/2022,1669905300000,79.7212,79.7,79.67,79.825,79.63,16254
11/30/2022,1669818900000,74.6725,74.66,74.705,74.74,74.64,8693
11/29/2022,1669732500000,74.8061,74.9,74.42,74.9,74.42,3104
11/28/2022,1669646100000,75.0339,74.97,75.005,75.17,74.85,10535
11/25/2022,1669386900000,76.0299,76.0,76.04,76.1,75.92,6416
11/23/2022,1669214100000,75.923,75.92,75.8,75.99,75.8,12989
11/22/2022,1669127700000,72.8741,72.8,72.87,72.96,72.77,4370
11/21/2022,1669041300000,73.3771,73.23,73.3,73.53,73.2,5647
11/18/2022,1668782100000,74.4936,74.405,74.6,74.6,74.405,10803
11/17/2022,1668695700000,72.5763,72.61,72.54,72.64,72.54,4280
11/16/2022,1668609300000,75.197,75.36,75.22,75.38,75.07,7289
11/15/2022,1668522900000,77.6533,77.61,77.67,77.8,77.55,26462
11/14/2022,1668436500000,75.2893,75.38,75.315,75.38,75.18,9653
11/11/2022,1668177300000,73.5325,73.54,73.455,73.665,73.44,11487
11/10/2022,1668090900000,70.6135,70.44,70.86,70.86,70.43,22043
11/09/2022,1668004500000,66.168,65.895,66.35,66.39,65.895,13962
11/08/2022,1667918100000,66.6865,66.69,66.655,66.75,66.62,23774
11/07/2022,1667831700000,64.1439,64.14,64.2,64.27,64.03,8254
11/04/2022,1667568900000,63.9393,64.08,63.6225,64.26,63.59,71146
11/03/2022,1667482500000,59.8606,59.88,59.84,59.92,59.815,2556
11/02/2022,1667396100000,62.7965,62.79,62.75,62.86,62.72,28999
11/01/2022,1667309700000,63.1933,63.16,63.14,63.34,63.11,18347
10/31/2022,1667223300000,61.8051,61.91,61.74,61.91,61.74,11540
10/28/2022,1666964100000,62.1484,62.06,62.1,62.23,62.06,9309
10/27/2022,1666877700000,63.6386,63.835,63.665,63.85,63.565,12289
10/26/2022,1666791300000,62.2569,62.42,62.36,62.42,62.1,33053
10/25/2022,1666704900000,62.9842,62.95,63.0,63.07,62.8901,26042
10/24/2022,1666618500000,61.6889,61.58,61.87,61.87,61.445,10908
10/21/2022,1666359300000,58.9152,59.04,58.92,59.06,58.84,9147
10/20/2022,1666272900000,59.2585,59.38,59.2,59.38,59.16,4185
10/19/2022,1666186500000,59.2383,59.27,59.25,59.35,59.17,3874
10/18/2022,1666100100000,60.8069,60.75,60.74,60.9,60.74,5713
10/17/2022,1666013700000,59.6808,59.49,59.86,59.89,59.49,10529
10/14/2022,1665754500000,59.3312,59.41,59.2,59.41,59.2,3936
10/13/2022,1665668100000,54.884,54.98,55.0,55.04,54.77,38577
10/12/2022,1665581700000,58.9881,58.82,58.99,59.14,58.805,9969
10/11/2022,1665495300000,59.6163,59.75,59.49,59.75,59.49,31202
10/10/2022,1665408900000,63.1797,63.09,63.05,63.255,63.05,13042
10/07/2022,1665149700000,65.141,65.21,65.19,65.23,65.04,12716
10/06/2022,1665063300000,67.6285,67.69,67.64,67.69,67.55,3675
10/05/2022,1664976900000,65.8096,65.76,65.835,65.855,65.745,2867
10/04/2022,1664890500000,65.3939,65.24,65.42,65.57,65.18,11761
10/03/2022,1664804100000,61.8292,61.845,61.66,61.845,61.66,2100
09/30/2022,1664544900000,61.8687,61.92,61.87,61.97,61.755,8307
09/29/2022,1664458500000,62.5624,62.64,62.5,62.64,62.49,6514
09/28/2022,1664372100000,62.2284,62.145,62.24,62.27,62.145,8674
09/27/2022,1664285700000,63.0031,62.98,63.037,63.037,62.97,3124
09/26/2022,1664199300000,62.6066,62.545,62.69,62.69,62.545,4659
09/23/2022,1663940100000,62.6986,62.82,62.68,62.82,62.58,7960
09/22/2022,1663853700000,64.2543,64.22,64.34,64.42,64.14,4619
09/21/2022,1663767300000,65.9869,65.91,66.0,66.06,65.865,9298
09/20/2022,1663680900000,66.4284,66.5,66.455,66.5,66.34,3043
09/19/2022,1663594500000,65.7253,65.78,65.71,65.87,65.6,10687
09/16/2022,1663335300000,63.8872,63.82,64.04,64.04,63.79,6879
09/15/2022,1663248900000,65.6135,65.7,65.64,65.7,65.56,4362
09/14/2022,1663162500000,63.2973,63.21,63.34,63.38,63.21,10885
09/13/2022,1663076100000,65.0637,65.12,64.97,65.15,64.96,6566
09/12/2022,1662989700000,67.0234,67.17,66.94,67.2,66.91,6906
09/09/2022,1662730500000,66.9322,66.895,66.8,67.03,66.8,8716
09/08/2022,1662644100000,64.0778,64.15,64.04,64.15,63.99,5406
09/07/2022,1662557700000,64.3845,64.33,64.54,64.54,64.33,60395
09/06/2022,1662471300000,64.611,64.55,64.64,64.68,64.54,5538
09/02/2022,1662125700000,65.3521,65.26,65.41,65.44,65.24,6233
09/01/2022,1662039300000,64.154,64.05,64.25,64.25,64.05,8749
08/31/2022,1661952900000,64.5066,64.61,64.46,64.67,64.44,24529
08/30/2022,1661866500000,65.1209,65.15,65.15,65.2,65.07,4669
08/29/2022,1661780100000,65.7381,65.89,65.73,65.89,65.65,6350
08/26/2022,1661520900000,70.0698,70.14,70.07,70.15,70.0,4934
08/25/2022,1661434500000,69.4526,69.35,69.55,69.59,69.33,11992
08/24/2022,1661348100000,68.6931,68.575,68.73,68.81,68.55,9851
08/23/2022,1661261700000,68.6839,68.71,68.73,68.73,68.625,19232
08/22/2022,1661175300000,68.7658,68.98,68.62,68.98,68.62,43699
08/19/2022,1660916100000,71.5778,71.6,71.575,71.66,71.52,6262
08/18/2022,1660829700000,71.3503,71.25,71.4,71.44,71.24,15835
08/17/2022,1660743300000,72.1441,71.975,72.265,72.28,71.975,22159
08/16/2022,1660656900000,74.213,74.24,74.13,74.27,74.125,6760
08/15/2022,1660570500000,74.3056,74.3,74.34,74.38,74.23,18384
08/12/2022,1660311300000,71.97,72.0,71.87,72.06,71.87,8254
08/11/2022,1660224900000,71.0535,71.11,71.09,71.13,70.97,6708
08/10/2022,1660138500000,69.0961,69.205,68.95,69.205,68.95,4315
08/09/2022,1660052100000,69.5434,69.64,69.52,69.64,69.474,5639
08/08/2022,1659965700000,71.5596,71.54,71.47,71.6397,71.47,5450
08/05/2022,1659706500000,71.4416,71.45,71.41,71.52,71.36,11897
08/04/2022,1659620100000,73.1997,73.02,73.18,73.29,73.02,11310
08/03/2022,1659533700000,71.7287,71.71,71.645,71.92,71.54,38581
08/02/2022,1659447300000,68.7479,68.85,68.7,68.86,68.63,5602
08/01/2022,1659360900000,67.7165,67.62,67.765,67.79,67.61,5981
07/29/2022,1659101700000,67.3692,67.32,67.4,67.439,67.27,13092
07/28/2022,1659015300000,66.8227,66.65,66.83,66.89,66.65,10692
07/27/2022,1658928900000,64.5664,64.52,64.59,64.6,64.52,11081
07/26/2022,1658842500000,64.147,64.18,64.11,64.21,64.05,7168
07/25/2022,1658756100000,63.9807,64.17,63.94,64.2,63.85,25744
07/22/2022,1658496900000,65.7406,65.78,65.74,65.8,65.65,17769
07/21/2022,1658410500000,65.5335,65.59,65.39,65.59,65.39,8248
07/20/2022,1658324100000,63.6825,63.64,63.74,63.74,63.63,16918
07/19/2022,1658237700000,63.2175,63.27,63.12,63.34,63.07,8533
07/18/2022,1658151300000,62.7661,62.94,62.68,62.94,62.6,8505
07/15/2022,1657892100000,61.1353,61.19,61.245,61.245,61.07,9891
07/14/2022,1657805700000,58.733,58.75,58.69,58.79,58.69,3588
07/13/2022,1657719300000,58.1844,58.255,58.2,58.3,58.13,26911
07/12/2022,1657632900000,59.25,59.22,59.33,59.33,59.19,3998
07/11/2022,1657546500000,58.7401,58.84,58.695,58.84,58.68,8770
07/08/2022,1657287300000,57.9849,58.01,57.92,58.03,57.92,2464
07/07/2022,1657200900000,57.957,57.95,57.99,57.99,57.89,6068
07/06/2022,1657114500000,55.8623,55.92,55.88,55.94,55.8,36093
07/05/2022,1657028100000,54.838,54.78,54.85,54.91,54.75,31108
07/01/2022,1656682500000,56.967,57.01,56.88,57.04,56.86,11847
06/30/2022,1656596100000,57.2463,57.06,57.38,57.38,57.04,4786
06/29/2022,1656509700000,58.3029,58.305,58.4,58.4,58.22,15962
06/28/2022,1656423300000,62.3607,62.43,62.44,62.47,62.26,20248
06/27/2022,1656336900000,60.6061,60.58,60.69,60.72,60.54,9161
06/24/2022,1656077700000,59.2132,59.185,59.08,59.32,59.08,22086
06/23/2022,1655991300000,58.6268,58.79,58.53,58.79,58.51,9548
06/22/2022,1655904900000,58.4948,58.53,58.47,58.57,58.4,10416
06/21/2022,1655818500000,59.358,59.35,59.33,59.4,59.27,8329
06/17/2022,1655472900000,57.9506,57.9,57.87,58.0,57.87,7220
06/16/2022,1655386500000,58.859,58.925,58.92,58.96,58.795,20017
06/15/2022,1655300100000,61.6479,61.64,61.53,61.73,61.53,17602
06/14/2022,1655213700000,60.5034,60.5179,60.49,60.59,60.35,12829
06/13/2022,1655127300000,62.831,62.9,62.8,62.96,62.75,10561
06/10/2022,1654868100000,65.3346,65.26,65.46,65.4711,65.26,6435
06/09/2022,1654781700000,68.6914,68.84,68.65,68.92,68.57,14607
06/08/2022,1654695300000,69.5648,69.62,69.55,69.68,69.42,15469
06/07/2022,1654608900000,69.5204,69.49,69.57,69.59,69.45,6042
06/06/2022,1654522500000,72.2956,72.32,72.26,72.4,72.19,6396
06/03/2022,1654263300000,71.7325,71.85,71.65,71.85,71.605,2996
06/02/2022,1654176900000,71.2918,71.35,71.27,71.39,71.19,12270
06/01/2022,1654090500000,72.5727,72.78,72.48,72.78,72.48,22673
05/31/2022,1654004100000,71.0811,71.01,71.03,71.15,70.97,15600
05/27/2022,1653658500000,71.1465,71.04,71.47,71.47,70.9765,17222
05/26/2022,1653572100000,68.9434,68.96,69.02,69.06,68.86,6432
05/25/2022,1653485700000,67.5235,67.44,67.62,67.62,67.44,12082
05/24/2022,1653399300000,66.1185,66.25,66.21,66.25,66.08,10806
05/23/2022,1653312900000,67.4307,67.52,67.54,67.56,67.27,19310
05/20/2022,1653053700000,67.0175,67.08,66.91,67.08,66.905,7940
05/19/2022,1652967300000,66.2083,66.2,66.35,66.36,66.1,10801
05/18/2022,1652880900000,68.4283,68.49,68.48,68.49,68.34,6897
05/17/2022,1652794500000,67.729,67.86,67.62,67.88,67.62,23463
05/16/2022,1652708100000,66.0263,66.12,65.95,66.12,65.89,16491
05/13/2022,1652448900000,65.9777,66.01,65.99,66.03,65.91,14679
05/12/2022,1652362500000,63.8422,63.68,63.84,63.92,63.68,5594
05/11/2022,1652276100000,66.7731,66.72,66.92,66.92,66.575,17056
05/10/2022,1652189700000,66.8199,66.67,66.7,66.915,66.67,11217
05/09/2022,1652103300000,66.4679,66.43,66.5815,66.62,66.33,10774
05/06/2022,1651844100000,67.3107,67.41,67.14,67.41,67.13,10075
05/05/2022,1651757700000,69.7513,69.77,69.775,69.83,69.7,7324
05/04/2022,1651671300000,68.1152,68.16,68.09,68.22,68.0,12026
05/03/2022,1651584900000,67.05,67.18,67.07,67.28,66.92,12957
05/02/2022,1651498500000,65.8304,65.69,65.87,65.91,65.68,11746
04/29/2022,1651239300000,67.8642,67.815,67.79,67.93,67.79,4452
04/28/2022,1651152900000,65.7851,65.92,65.59,65.92,65.54,6617
04/27/2022,1651066500000,65.1924,65.28,65.25,65.28,65.1,8749
04/26/2022,1650980100000,67.0207,67.04,66.98,67.08,66.97,3151
04/25/2022,1650893700000,66.423,66.165,66.25,66.595,66.165,6842
04/22/2022,1650634500000,67.3525,67.3,67.45,67.52,67.28,6442
04/21/2022,1650548100000,70.8387,70.84,70.76,70.885,70.75,9650
04/20/2022,1650461700000,70.7041,70.68,70.76,70.87,70.59,39057
04/19/2022,1650375300000,67.5466,67.71,67.47,67.72,67.44,6914
04/18/2022,1650288900000,65.8623,65.82,65.88,65.99,65.76,7801
04/14/2022,1649943300000,67.0362,67.085,66.95,67.085,66.89,6545
04/13/2022,1649856900000,65.6173,65.37,65.82,65.82,65.37,7275
04/12/2022,1649770500000,66.9336,66.9,67.02,67.05,66.8,11008
04/11/2022,1649684100000,65.4688,65.35,65.58,65.65,65.34,10129
04/08/2022,1649424900000,66.9317,67.01,66.97,67.01,66.83,7136
04/07/2022,1649338500000,68.6955,68.7,68.53,68.87,68.52,12325
04/06/2022,1649252100000,68.7693,68.72,68.97,68.97,68.69,27011
04/05/2022,1649165700000,73.528,73.385,73.48,73.65,73.385,6904
04/04/2022,1649079300000,74.2134,74.22,74.18,74.3,74.14,8451
04/01/2022,1648820100000,75.5948,75.48,75.63,75.66,75.46,9981
03/31/2022,1648733700000,76.533,76.58,76.505,76.58,76.48,3252
03/30/2022,1648647300000,78.7289,78.61,78.785,78.84,78.55,10393
03/29/2022,1648560900000,79.773,79.79,79.75,79.92,79.64,15708
03/28/2022,1648474500000,76.0355,76.09,76.18,76.19,75.94,12442
03/25/2022,1648215300000,76.7839,76.8,76.79,76.84,76.69,6078
03/24/2022,1648128900000,74.5124,74.46,74.4,74.61,74.4,8808
03/23/2022,1648042500000,75.6245,75.65,75.59,75.65,75.58,4544
03/22/2022,1647956100000,76.4702,76.43,76.58,76.58,76.32,2641
03/21/2022,1647869700000,77.3098,77.46,77.24,77.46,77.16,10790
03/18/2022,1647610500000,74.5387,74.41,74.65,74.65,74.37,11866
03/17/2022,1647524100000,74.0204,74.21,74.07,74.23,73.86,12889
03/16/2022,1647437700000,72.9514,73.1,72.81,73.12,72.78,21662
03/15/2022,1647351300000,69.4382,69.4,69.35,69.53,69.35,5641
03/14/2022,1647264900000,68.4755,68.5,68.35,68.61,68.35,5830
03/11/2022,1647009300000,71.0045,71.02,70.96,71.11,70.86,12797
03/10/2022,1646922900000,68.877,68.88,68.82,68.94,68.82,4236
03/09/2022,1646836500000,71.1196,71.05,71.09,71.31,70.96,8989
03/08/2022,1646750100000,64.8885,64.38,65.39,65.42,64.34,26152
03/07/2022,1646663700000,67.7804,67.79,67.86,67.87,67.71,8551
03/04/2022,1646404500000,68.3602,68.25,68.415,68.55,68.17,13611
03/03/2022,1646318100000,70.2204,70.22,70.14,70.3218,70.12,10392
03/02/2022,1646231700000,68.6428,68.57,68.7,68.74,68.54,11288
03/01/2022,1646145300000,70.4791,70.61,70.47,70.62,70.39,12639
02/28/2022,1646058900000,71.1884,71.3,71.22,71.5,71.02,29488
02/25/2022,1645799700000,71.3015,71.29,71.12,71.465,71.12,28536
02/24/2022,1645713300000,67.2094,67.42,67.42,67.43,66.95,49324
02/23/2022,1645626900000,73.2079,73.215,73.09,73.38,73.09,12797
02/22/2022,1645540500000,71.5505,71.56,71.695,71.695,71.4,10133
02/18/2022,1645194900000,71.0853,71.235,70.92,71.26,70.92,4341
02/17/2022,1645108500000,74.0903,74.03,74.09,74.18,73.97,7544
02/16/2022,1645022100000,74.5044,74.685,74.44,74.685,74.34,7566
02/15/2022,1644935700000,73.4922,73.65,73.13,73.69,73.13,11350
02/14/2022,1644849300000,72.0729,72.06,71.875,72.19,71.85,8703
02/11/2022,1644590100000,74.8873,74.97,74.82,75.01,74.78,4373
02/10/2022,1644503700000,76.7517,76.65,76.82,76.84,76.65,13489
02/09/2022,1644417300000,76.0102,75.985,76.01,76.12,75.86,14670
02/08/2022,1644330900000,73.5686,73.37,73.6,73.705,73.34,15281
02/07/2022,1644244500000,74.0438,73.88,74.34,74.34,73.88,12600
02/04/2022,1643985300000,72.3731,72.16,72.16,72.7,72.12,72026
02/03/2022,1643898900000,76.9698,76.915,77.12,77.12,76.89,12605
02/02/2022,1643812500000,78.9904,78.96,79.05,79.17,78.84,8112
02/01/2022,1643726100000,77.0271,77.0,76.96,77.13,76.93,9083
01/31/2022,1643639700000,74.5912,74.44,74.72,74.75,74.4,23696
01/28/2022,1643380500000,70.2154,70.37,70.055,70.48,70.0013,11392
01/27/2022,1643294100000,74.5087,74.44,74.33,74.65,74.315,11213
01/26/2022,1643207700000,74.8746,74.9,74.72,75.05,74.72,5182
01/25/2022,1643121300000,72.8391,72.91,72.86,72.915,72.71,4807
01/24/2022,1643034900000,72.2354,72.08,72.11,72.41,72.065,14509
01/21/2022,1642775700000,74.6491,74.62,74.57,74.79,74.51,12523
01/20/2022,1642689300000,76.5717,76.63,76.525,76.7,76.49,13933
01/19/2022,1642602900000,79.9318,79.975,79.99,80.06,79.77,5295
01/18/2022,1642516500000,81.5173,81.6,81.25,81.68,81.25,18449
01/14/2022,1642170900000,83.0872,83.055,83.28,83.28,82.995,4571
01/13/2022,1642084500000,86.2234,86.51,86.18,86.54,85.79,25370
01/12/2022,1641998100000,85.7454,85.85,85.63,85.85,85.63,8603
01/11/2022,1641911700000,82.5274,82.45,82.66,82.69,82.44,5428
01/10/2022,1641825300000,80.6643,80.9,80.6,80.9,80.55,11085
01/07/2022,1641566100000,84.9995,85.11,84.915,85.16,84.89,11964
01/06/2022,1641479700000,85.3659,85.15,85.595,85.595,85.13,8484
01/05/2022,1641393300000,87.0071,87.05,86.95,87.1,86.95,2521
01/04/2022,1641306900000,88.2912,88.34,88.06,88.41,88.06,7554
01/03/2022,1641220500000,88.2772,88.47,88.18,88.5,88.13,5373
