12/30/2022,1672410900000,8.9875,9.015,8.96,9.015,8.96,200
12/29/2022,no data
12/28/2022,1672238100000,8.8176,8.8176,8.8176,8.8176,8.8176,563
12/27/2022,no data
12/23/2022,1671806100000,8.9279,8.9399,8.85,8.9399,8.85,1730
12/22/2022,no data
12/21/2022,1671633300000,8.9783,8.98,8.98,8.98,8.98,103
12/20/2022,no data
12/19/2022,1671460500000,8.645,8.64,8.64,8.64,8.64,129
12/16/2022,no data
12/15/2022,1671114900000,8.8462,8.85,8.82,8.85,8.82,1351
12/14/2022,1671028500000,9.0744,9.05,9.08,9.1,9.05,1421
12/13/2022,no data
12/12/2022,1670855700000,9.2516,9.35,9.24,9.35,9.21,6443
12/09/2022,1670596500000,9.7495,9.73,9.78,9.78,9.73,500
12/08/2022,1670510100000,9.6672,9.71,9.63,9.71,9.63,1926
12/07/2022,no data
12/06/2022,no data
12/05/2022,1670250900000,10.9083,10.91,10.91,10.91,10.91,210
12/02/2022,1669991700000,10.7862,10.7225,10.81,10.83,10.7225,1883
12/01/2022,1669905300000,11.1227,11.14,11.14,11.14,11.14,130
11/30/2022,no data
11/29/2022,1669732500000,10.3645,10.415,10.35,10.415,10.35,1101
11/28/2022,1669646100000,10.38,10.315,10.45,10.45,10.315,12313
11/25/2022,1669386900000,10.3411,10.38,10.315,10.4,10.3,10771
11/23/2022,1669214100000,10.105,10.105,10.105,10.15,10.06,800
11/22/2022,1669127700000,9.5051,9.49,9.51,9.51,9.48,6263
11/21/2022,no data
11/18/2022,1668782100000,9.6411,9.43,9.48,9.65,9.42,54337
11/17/2022,1668695700000,9.4698,9.46,9.46,9.46,9.46,202
11/16/2022,1668609300000,9.821,9.83,9.81,9.83,9.81,1037
11/15/2022,1668522900000,9.8805,9.88,9.88,9.88,9.88,415
11/14/2022,1668436500000,9.8194,9.83,9.81,9.83,9.81,1125
11/11/2022,1668177300000,9.7137,9.72,9.7,9.72,9.7,440
11/10/2022,1668090900000,9.5877,9.58,9.59,9.6,9.57,4318
11/09/2022,1668004500000,9.639,9.68,9.6,9.7,9.6,2687
11/08/2022,1667918100000,9.5703,9.57,9.57,9.57,9.57,264
11/07/2022,1667831700000,9.4299,9.43,9.4495,9.4567,9.41,16267
11/04/2022,1667568900000,8.2159,8.15,8.34,8.34,8.06,3219
11/03/2022,1667482500000,7.34,7.34,7.34,7.34,7.34,1133
11/02/2022,1667396100000,7.6921,7.7,7.67,7.7,7.67,1709
11/01/2022,1667309700000,8.1066,8.09,8.12,8.13,8.09,2357
10/31/2022,1667223300000,7.979,7.985,7.975,7.985,7.975,906
10/28/2022,1666964100000,7.7931,7.79,7.8,7.8,7.79,1445
10/27/2022,1666877700000,7.7535,7.75,7.76,7.79,7.72,10575
10/26/2022,1666791300000,7.6539,7.64,7.65,7.67,7.64,964
10/25/2022,1666704900000,7.407,7.41,7.4042,7.41,7.4042,615
10/24/2022,1666618500000,7.3458,7.3464,7.335,7.38,7.32,17021
10/21/2022,1666359300000,7.2024,7.2,7.205,7.205,7.2,386
10/20/2022,1666272900000,7.3309,7.32,7.34,7.34,7.32,1970
10/19/2022,1666186500000,7.2971,7.3,7.3,7.3,7.28,730
10/18/2022,1666100100000,7.6548,7.61,7.66,7.68,7.61,13263
10/17/2022,1666013700000,7.6131,7.6,7.62,7.63,7.6,1075
10/14/2022,1665754500000,7.6873,7.68,7.69,7.7,7.68,2362
10/13/2022,1665668100000,7.3914,7.36,7.39,7.39,7.36,469
10/12/2022,1665581700000,7.5733,7.54,7.58,7.59,7.54,940
10/11/2022,1665495300000,7.4418,7.46,7.42,7.46,7.42,3739
10/10/2022,1665408900000,7.4949,7.51,7.49,7.51,7.49,926
10/07/2022,1665149700000,7.5429,7.55,7.53,7.55,7.53,3720
10/06/2022,1665063300000,7.5602,7.55,7.58,7.58,7.55,2618
10/05/2022,1664976900000,7.859,7.8761,7.86,7.8761,7.85,4178
10/04/2022,1664890500000,7.992,7.98,7.99,8.01,7.97,37045
10/03/2022,no data
09/30/2022,1664544900000,8.04,8.04,8.04,8.04,8.04,468
09/29/2022,1664458500000,7.9779,8.0,7.96,8.0,7.96,7709
09/28/2022,1664372100000,8.0165,8.02,8.0174,8.02,8.005,1300
09/27/2022,1664285700000,8.1048,8.07,8.12,8.14,8.07,12332
09/26/2022,1664199300000,8.5104,8.5225,8.5,8.5225,8.5,372
09/23/2022,1663940100000,8.3084,8.3,8.29,8.32,8.29,1307
09/22/2022,1663853700000,8.5622,8.6,8.54,8.6,8.54,10922
09/21/2022,1663767300000,9.0535,9.09,9.035,9.09,9.03,1095
09/20/2022,1663680900000,9.2095,9.21,9.21,9.22,9.21,1019
09/19/2022,1663594500000,9.0108,9.045,9.02,9.045,8.995,2621
09/16/2022,no data
09/15/2022,1663248900000,9.8914,9.88,9.91,9.91,9.88,1103
09/14/2022,1663162500000,9.9552,9.95,9.96,9.96,9.945,1682
09/13/2022,1663076100000,10.2762,10.29,10.25,10.295,10.25,3140
09/12/2022,1662989700000,10.423,10.44,10.39,10.44,10.39,3795
09/09/2022,1662730500000,10.1143,10.13,10.1,10.13,10.1,1906
09/08/2022,1662644100000,9.9101,9.94,9.87,9.94,9.87,702
09/07/2022,1662557700000,9.8429,9.87,9.85,9.87,9.84,3366
09/06/2022,1662471300000,9.7332,9.6,9.89,9.89,9.6,11968
09/02/2022,no data
09/01/2022,1662039300000,9.5549,9.55,9.565,9.565,9.54,531
08/31/2022,1661952900000,10.1101,10.105,10.115,10.115,10.105,829
08/30/2022,no data
08/29/2022,1661780100000,10.8274,10.8,10.85,10.85,10.8,2080
08/26/2022,1661520900000,11.4756,11.49,11.45,11.49,11.45,488
08/25/2022,1661434500000,11.525,11.525,11.525,11.525,11.525,521
08/24/2022,1661348100000,11.4275,11.38,11.47,11.47,11.38,3265
08/23/2022,1661261700000,11.2292,11.18,11.18,11.18,11.18,168
08/22/2022,no data
08/19/2022,no data
08/18/2022,no data
08/17/2022,1660743300000,12.0779,12.06,12.1,12.1,12.05,3014
08/16/2022,1660656900000,11.9675,11.93,11.99,12.0,11.93,2661
08/15/2022,1660570500000,11.3725,11.38,11.38,11.38,11.38,259
08/12/2022,1660311300000,10.991,10.995,10.995,10.995,10.995,220
08/11/2022,no data
08/10/2022,1660138500000,10.8364,10.625,10.96,10.96,10.625,4143
08/09/2022,1660052100000,10.4566,10.44,10.51,10.51,10.44,3814
08/08/2022,1659965700000,10.0518,10.0,10.055,10.11,10.0,1779
08/05/2022,1659706500000,10.0673,10.04,10.02,10.16,10.01,4151
08/04/2022,no data
08/03/2022,1659533700000,11.212,11.23,11.19,11.23,11.19,219
08/02/2022,no data
08/01/2022,no data
07/29/2022,no data
07/28/2022,1659015300000,11.7876,11.77,11.83,11.83,11.75,2184
07/27/2022,no data
07/26/2022,1658842500000,10.8282,10.82,10.85,10.85,10.82,988
07/25/2022,1658756100000,10.5999,10.6,10.6,10.615,10.58,19386
07/22/2022,1658496900000,10.8251,10.85,10.79,10.85,10.79,1176
07/21/2022,no data
07/20/2022,1658324100000,10.728,10.7,10.7,10.74,10.69,2748
07/19/2022,1658237700000,10.26,10.26,10.26,10.26,10.26,100
07/18/2022,no data
07/15/2022,no data
07/14/2022,1657805700000,9.761,9.761,9.761,9.761,9.761,104
07/13/2022,no data
07/12/2022,no data
07/11/2022,1657546500000,10.8042,10.87,10.76,10.87,10.76,2473
07/08/2022,1657287300000,10.7407,10.75,10.74,10.75,10.72,971
07/07/2022,no data
07/06/2022,no data
07/05/2022,1657028100000,10.1901,10.19,10.19,10.19,10.19,102
07/01/2022,no data
06/30/2022,1656596100000,10.6993,10.7,10.7,10.7,10.69,2979
06/29/2022,1656509700000,10.754,10.765,10.75,10.765,10.75,536
06/28/2022,1656423300000,11.0481,10.96,11.14,11.14,10.96,4985
06/27/2022,1656336900000,11.2073,11.235,11.155,11.26,11.12,15234
06/24/2022,1656077700000,11.3059,11.25,11.25,11.355,11.22,2093
06/23/2022,no data
06/22/2022,no data
06/21/2022,no data
06/17/2022,1655472900000,11.194,11.11,11.21,11.24,11.11,2088
06/16/2022,1655386500000,11.306,11.3,11.305,11.36,11.3,1101
06/15/2022,no data
06/14/2022,1655213700000,10.7557,10.755,10.755,10.755,10.755,235
06/13/2022,1655127300000,11.1107,11.12,11.0924,11.12,11.07,1805
06/10/2022,1654868100000,11.3,11.3,11.3,11.3,11.3,100
06/09/2022,1654781700000,11.898,11.9,11.9,11.9,11.9,931
06/08/2022,no data
06/07/2022,1654608900000,11.3828,11.365,11.4,11.4,11.365,203
06/06/2022,1654522500000,12.1,12.1,12.1,12.11,12.085,11379
06/03/2022,no data
06/02/2022,1654176900000,11.51,11.51,11.51,11.51,11.51,100
06/01/2022,no data
05/31/2022,1654004100000,11.0935,11.09,11.185,11.185,11.09,5262
05/27/2022,1653658500000,10.8575,10.825,10.89,10.89,10.825,200
05/26/2022,no data
05/25/2022,no data
05/24/2022,no data
05/23/2022,no data
05/20/2022,1653053700000,9.9456,9.965,9.92,9.965,9.92,606
05/19/2022,no data
05/18/2022,1652880900000,10.314,10.355,10.34,10.355,10.275,519
05/17/2022,1652794500000,10.02,10.02,10.02,10.02,10.02,300
05/16/2022,1652708100000,9.85,9.85,9.85,9.85,9.85,300
05/13/2022,1652448900000,8.5787,8.65,8.5198,8.65,8.5198,221
05/12/2022,no data
05/11/2022,1652276100000,7.996,8.005,7.94,8.005,7.94,3227
05/10/2022,1652189700000,8.84,8.84,8.84,8.84,8.84,300
05/09/2022,1652103300000,8.4845,8.48,8.485,8.485,8.48,1100
05/06/2022,no data
05/05/2022,1651757700000,9.57,9.57,9.57,9.57,9.57,200
05/04/2022,1651671300000,9.99,9.99,9.99,9.99,9.99,100
05/03/2022,no data
05/02/2022,1651498500000,10.125,10.15,10.1,10.15,10.1,200
04/29/2022,1651239300000,10.4246,10.39,10.52,10.52,10.39,1911
04/28/2022,1651152900000,10.07,10.07,10.07,10.07,10.07,138
04/27/2022,no data
04/26/2022,1650980100000,10.8013,10.8013,10.8013,10.8013,10.8013,503
04/25/2022,no data
04/22/2022,no data
04/21/2022,1650548100000,11.24,11.24,11.24,11.24,11.24,200
04/20/2022,1650461700000,10.9032,10.9244,10.91,11.01,10.87,17313
04/19/2022,no data
04/18/2022,no data
04/14/2022,1649943300000,11.2221,11.19,11.2,11.25,11.19,558
04/13/2022,no data
04/12/2022,no data
04/11/2022,no data
04/08/2022,no data
04/07/2022,no data
04/06/2022,no data
04/05/2022,no data
04/04/2022,no data
04/01/2022,no data
03/31/2022,no data
03/30/2022,no data
03/29/2022,no data
03/28/2022,no data
03/25/2022,no data
03/24/2022,1648128900000,12.0578,12.06,12.06,12.06,12.05,920
03/23/2022,no data
03/22/2022,1647956100000,12.1598,12.03,12.34,12.34,12.02,10468
03/21/2022,no data
03/18/2022,no data
03/17/2022,no data
03/16/2022,1647437700000,11.6325,11.67,11.67,11.67,11.52,1364
03/15/2022,no data
03/14/2022,no data
03/11/2022,no data
03/10/2022,no data
03/09/2022,no data
03/08/2022,no data
03/07/2022,no data
03/04/2022,1646404500000,12.164,12.164,12.164,12.164,12.164,100
03/03/2022,no data
03/02/2022,no data
03/01/2022,no data
02/28/2022,no data
02/25/2022,1645799700000,12.41,12.41,12.41,12.41,12.41,100
02/24/2022,no data
02/23/2022,no data
02/22/2022,no data
02/18/2022,no data
02/17/2022,1645108500000,12.9767,12.965,12.965,13.0,12.965,300
02/16/2022,1645022100000,12.9879,12.97,12.99,12.99,12.95,6462
02/15/2022,1644935700000,12.88,12.88,12.88,12.88,12.88,200
02/14/2022,1644849300000,12.6,12.6,12.6,12.6,12.6,100
02/11/2022,no data
02/10/2022,no data
02/09/2022,no data
02/08/2022,no data
02/07/2022,no data
02/04/2022,1643985300000,12.99,12.99,12.99,12.99,12.99,100
02/03/2022,no data
02/02/2022,1643812500000,13.18,13.18,13.18,13.18,13.18,100
02/01/2022,1643726100000,13.1892,13.18,13.18,13.18,13.18,208
01/31/2022,1643639700000,12.2668,12.28,12.255,12.28,12.255,201
01/28/2022,1643380500000,11.9844,12.01,11.81,12.11,11.81,2507
01/27/2022,1643294100000,12.325,12.325,12.325,12.325,12.325,100
01/26/2022,no data
01/25/2022,no data
01/24/2022,1643034900000,12.75,12.8,12.79,12.8,12.7,400
01/21/2022,1642775700000,12.8352,12.9,12.835,12.9,12.81,1154
01/20/2022,1642689300000,13.095,13.095,13.095,13.095,13.095,100
01/19/2022,1642602900000,13.06,13.06,13.06,13.06,13.06,100
01/18/2022,1642516500000,13.19,13.19,13.19,13.19,13.19,100
01/14/2022,no data
01/13/2022,no data
01/12/2022,1641998100000,13.795,13.795,13.795,13.795,13.795,100
01/11/2022,1641911700000,13.9025,13.865,13.865,13.865,13.865,200
01/10/2022,1641825300000,14.18,14.18,14.18,14.18,14.18,100
01/07/2022,1641566100000,13.695,13.98,13.52,13.98,13.52,900
01/06/2022,1641479700000,14.5,14.5,14.5,14.5,14.5,200
01/05/2022,1641393300000,14.3825,14.325,14.45,14.45,14.325,220
01/04/2022,1641306900000,14.3,14.3,14.3,14.3,14.3,100
01/03/2022,1641220500000,14.43,14.43,14.43,14.43,14.43,100
