12/30/2022,1672410900000,45.2025,45.2,45.205,45.205,45.2,200
12/29/2022,1672324500000,43.8294,43.865,43.865,43.865,43.865,153
12/28/2022,1672238100000,43.5657,43.6,43.58,43.6,43.41,755
12/27/2022,1672151700000,43.7208,43.725,43.725,43.725,43.48,1115
12/23/2022,no data
12/22/2022,1671719700000,44.7842,44.86,44.86,44.86,44.86,240
12/21/2022,1671633300000,44.1435,44.23,44.03,44.25,44.03,1065
12/20/2022,no data
12/19/2022,1671460500000,44.5749,44.52,44.665,44.665,44.52,479
12/16/2022,1671201300000,45.6107,45.34,45.835,45.85,45.34,3595
12/15/2022,1671114900000,44.8667,44.81,44.81,44.81,44.81,148
12/14/2022,1671028500000,45.3027,45.15,45.4,45.46,45.15,7149
12/13/2022,1670942100000,43.573,43.585,43.585,43.585,43.585,651
12/12/2022,1670855700000,40.8767,40.845,40.845,40.845,40.845,130
12/09/2022,1670596500000,40.902,41.08,40.83,41.08,40.83,305
12/08/2022,no data
12/07/2022,1670423700000,40.0063,39.945,40.045,40.045,39.945,530
12/06/2022,1670337300000,39.3131,39.34,39.34,39.34,39.34,1245
12/05/2022,1670250900000,40.0594,39.965,40.13,40.13,39.965,622
12/02/2022,1669991700000,37.0474,36.91,37.065,37.065,36.91,1542
12/01/2022,1669905300000,36.9516,36.785,37.02,37.29,36.785,9244
11/30/2022,1669818900000,36.584,36.575,36.68,36.68,36.575,1247
11/29/2022,1669732500000,34.9668,34.955,34.955,34.955,34.955,108
11/28/2022,no data
11/25/2022,1669386900000,34.6653,34.58,34.71,34.71,34.58,415
11/23/2022,1669214100000,35.0906,35.1,35.015,35.1,34.99,12622
11/22/2022,1669127700000,33.7963,33.93,33.77,33.93,33.77,2910
11/21/2022,1669041300000,35.7378,35.68,35.81,35.81,35.68,1033
11/18/2022,1668782100000,36.2268,36.28,36.12,36.28,36.12,747
11/17/2022,no data
11/16/2022,1668609300000,35.316,35.285,35.285,35.4808,35.285,836
11/15/2022,1668522900000,36.0503,36.02,36.05,36.05,36.02,635
11/14/2022,1668436500000,36.866,36.765,36.76,36.95,36.76,2684
11/11/2022,1668177300000,37.1968,37.295,37.08,37.46,37.08,2253
11/10/2022,1668090900000,35.3223,35.205,35.32,35.44,35.205,5659
11/09/2022,1668004500000,34.3046,34.3,34.46,34.46,34.25,1778
11/08/2022,1667918100000,35.485,35.57,35.57,35.57,35.57,224
11/07/2022,no data
11/04/2022,1667568900000,38.2333,38.18,38.3,38.3,38.13,2865
11/03/2022,1667482500000,39.1165,39.11,39.07,39.12,39.07,413
11/02/2022,no data
11/01/2022,1667309700000,40.3661,40.28,40.435,40.435,40.28,428
10/31/2022,no data
10/28/2022,1666964100000,38.8309,38.82,38.88,38.88,38.81,390
10/27/2022,1666877700000,39.9184,39.95,39.9007,40.03,39.9007,797
10/26/2022,1666791300000,39.6113,39.44,39.92,39.92,39.36,4340
10/25/2022,1666704900000,37.8831,37.89,37.89,37.89,37.89,181
10/24/2022,1666618500000,37.5583,37.725,37.545,37.725,37.46,2772
10/21/2022,1666359300000,37.3221,37.39,37.14,37.39,37.14,1015
10/20/2022,1666272900000,38.2491,38.43,38.2,38.43,38.12,3789
10/19/2022,1666186500000,39.1025,39.21,39.19,39.21,39.06,1776
10/18/2022,1666100100000,39.3096,39.315,39.315,39.315,39.315,219
10/17/2022,1666013700000,37.6943,37.71,37.724,37.73,37.655,2373
10/14/2022,1665754500000,40.2579,40.19,40.33,40.33,40.19,922
10/13/2022,1665668100000,38.1778,38.1532,38.23,38.26,38.1532,1755
10/12/2022,1665581700000,36.9594,36.91,36.93,36.93,36.91,276
10/11/2022,1665495300000,37.2133,37.215,37.215,37.215,37.215,362
10/10/2022,no data
10/07/2022,1665149700000,39.4501,39.405,39.46,39.5,39.33,865
10/06/2022,1665063300000,40.4974,40.5,40.5,40.5,40.5,1958
10/05/2022,no data
10/04/2022,1664890500000,42.9691,43.04,43.04,43.04,43.04,761
10/03/2022,1664804100000,41.3834,41.42,41.42,41.42,41.42,143
09/30/2022,1664544900000,41.0158,41.07,41.165,41.165,40.94,2953
09/29/2022,1664458500000,41.066,41.05,41.05,41.05,41.05,125
09/28/2022,1664372100000,41.1998,41.23,41.23,41.23,41.23,122
09/27/2022,1664285700000,40.6718,40.69,40.62,40.71,40.62,1089
09/26/2022,no data
09/23/2022,1663940100000,42.6312,42.67,42.67,42.67,42.67,202
09/22/2022,1663853700000,43.3513,43.335,43.335,43.335,43.335,540
09/21/2022,no data
09/20/2022,1663680900000,45.9841,45.8646,46.17,46.17,45.8646,839
09/19/2022,1663594500000,45.4811,45.5,45.445,45.5,45.445,2058
09/16/2022,no data
09/15/2022,1663248900000,45.5702,45.6,45.555,45.6,45.53,1270
09/14/2022,1663162500000,45.3951,45.335,45.335,45.335,45.335,499
09/13/2022,1663076100000,47.3791,47.57,47.36,47.57,47.35,770
09/12/2022,1662989700000,49.6847,49.85,49.64,49.87,49.51,2720
09/09/2022,1662730500000,47.8364,47.87,47.87,47.87,47.87,344
09/08/2022,1662644100000,46.8658,46.82,46.8,46.82,46.8,679
09/07/2022,1662557700000,47.0958,47.04,47.1,47.12,47.04,1026
09/06/2022,no data
09/02/2022,1662125700000,48.7963,48.84,48.87,48.87,48.63,716
09/01/2022,1662039300000,46.9453,46.95,46.95,46.95,46.95,230
08/31/2022,1661952900000,50.0094,50.125,49.95,50.125,49.95,237
08/30/2022,no data
08/29/2022,1661780100000,49.0711,49.07,49.07,49.07,49.07,575
08/26/2022,no data
08/25/2022,no data
08/24/2022,1661348100000,48.9893,48.94,48.94,48.94,48.94,435
08/23/2022,1661261700000,47.8441,47.85,47.84,47.85,47.84,412
08/22/2022,1661175300000,49.1705,49.4,49.17,49.4,49.07,5497
08/19/2022,no data
08/18/2022,1660829700000,46.9545,46.6,46.7923,47.0,46.33,51346
08/17/2022,1660743300000,48.9103,48.87,48.87,48.87,48.87,357
08/16/2022,1660656900000,50.5544,50.56,50.6,50.6,50.56,576
08/15/2022,1660570500000,50.966,51.0,50.65,51.02,50.65,3406
08/12/2022,1660311300000,51.6012,51.61,51.5,51.7,51.5,1893
08/11/2022,1660224900000,52.1264,52.12,52.12,52.12,52.12,214
08/10/2022,1660138500000,52.0244,52.025,52.025,52.025,52.025,201
08/09/2022,no data
08/08/2022,1659965700000,55.0486,55.335,54.895,55.335,54.89,891
08/05/2022,1659706500000,55.3181,55.22,55.42,55.42,55.22,422
08/04/2022,1659620100000,55.0903,55.0,55.0,55.42,55.0,470
08/03/2022,1659533700000,53.5954,53.67,53.67,53.67,53.6,467
08/02/2022,1659447300000,51.5003,51.4936,51.53,51.53,51.4936,229
08/01/2022,1659360900000,50.9854,50.938,50.938,50.938,50.938,963
07/29/2022,1659101700000,52.0781,52.045,52.045,52.045,52.045,332
07/28/2022,no data
07/27/2022,1658928900000,50.1094,50.12,50.12,50.12,50.12,225
07/26/2022,1658842500000,50.3361,50.18,50.525,50.525,50.18,1438
07/25/2022,1658756100000,51.1612,51.09,51.26,51.27,50.855,3068
07/22/2022,1658496900000,53.7583,53.7,53.645,53.73,53.645,1243
07/21/2022,no data
07/20/2022,1658324100000,52.3575,52.2868,52.52,52.62,52.14,8529
07/19/2022,no data
07/18/2022,no data
07/15/2022,1657892100000,64.799,64.915,64.5,65.0,64.5,4059
07/14/2022,1657805700000,67.0981,67.04,67.04,67.04,67.04,154
07/13/2022,1657719300000,64.4001,64.29,64.83,64.83,64.29,724
07/12/2022,no data
07/11/2022,1657546500000,65.4743,65.51,65.35,65.51,65.35,911
07/08/2022,1657287300000,64.6963,64.81,64.81,64.81,64.81,243
07/07/2022,no data
07/06/2022,1657114500000,65.3163,65.31,65.49,65.49,65.31,974
07/05/2022,no data
07/01/2022,no data
06/30/2022,1656596100000,59.6689,59.67,59.67,59.67,59.67,106
06/29/2022,no data
06/28/2022,1656423300000,60.842,60.805,60.72,61.0,60.7,880
06/27/2022,no data
06/24/2022,1656077700000,60.2774,60.28,60.27,60.28,60.27,703
06/23/2022,no data
06/22/2022,no data
06/21/2022,1655818500000,54.7718,54.95,54.5,54.95,54.5,1595
06/17/2022,1655472900000,51.6784,51.46,51.76,51.76,51.44,1751
06/16/2022,no data
06/15/2022,no data
06/14/2022,no data
06/13/2022,no data
06/10/2022,no data
06/09/2022,no data
06/08/2022,1654695300000,52.7729,52.79,52.76,52.83,52.75,3914
06/07/2022,no data
06/06/2022,1654522500000,51.2403,51.2,51.07,51.23,51.07,1731
06/03/2022,1654263300000,49.8089,49.81,49.81,49.81,49.81,202
06/02/2022,1654176900000,46.04,46.02,46.15,46.17,45.94,4693
06/01/2022,1654090500000,47.9311,48.06,47.785,48.07,47.71,3799
05/31/2022,no data
05/27/2022,1653658500000,45.3075,45.3,45.3,45.3,45.3,542
05/26/2022,no data
05/25/2022,1653485700000,46.2553,46.38,46.38,46.38,46.38,303
05/24/2022,no data
05/23/2022,1653312900000,48.8436,48.84,49.0,49.0,48.76,610
05/20/2022,1653053700000,47.7645,47.76,47.76,47.76,47.76,358
05/19/2022,1652967300000,47.3789,47.37,47.5,47.5,47.37,369
05/18/2022,no data
05/17/2022,no data
05/16/2022,1652708100000,50.8875,50.9,50.9,50.92,50.9,454
05/13/2022,1652448900000,52.0184,52.7,51.88,52.7,51.88,565
05/12/2022,no data
05/11/2022,1652276100000,53.0759,53.09,53.09,53.09,53.09,116
05/10/2022,1652189700000,54.7146,55.42,54.75,55.42,54.52,2090
05/09/2022,1652103300000,56.012,55.985,55.985,55.985,55.985,210
05/06/2022,1651844100000,66.4278,66.48,66.42,66.63,65.87,2322
05/05/2022,no data
05/04/2022,no data
05/03/2022,1651584900000,72.8921,72.69,73.04,73.04,72.69,252
05/02/2022,1651498500000,70.5664,70.6076,70.6076,70.6076,70.6076,376
04/29/2022,1651239300000,71.1758,70.98,71.34,71.34,70.98,377
04/28/2022,1651152900000,71.5838,71.6,71.6,71.6,71.6,122
04/27/2022,no data
04/26/2022,no data
04/25/2022,no data
04/22/2022,no data
04/21/2022,1650548100000,78.8133,79.0,78.68,79.0,78.68,1329
04/20/2022,no data
04/19/2022,1650375300000,78.8145,78.78,78.82,78.83,78.78,461
04/18/2022,1650288900000,83.9701,84.19,83.92,84.25,83.77,2164
04/14/2022,1649943300000,85.2366,85.19,85.47,85.47,85.19,585
04/13/2022,1649856900000,81.4509,81.32,81.585,81.585,81.32,1331
04/12/2022,1649770500000,80.8291,80.9,80.9,80.9,80.8,1566
04/11/2022,1649684100000,80.1202,80.11,80.11,80.11,80.11,130
04/08/2022,1649424900000,82.3581,82.36,82.36,82.36,82.36,255
04/07/2022,1649338500000,83.3869,83.35,83.57,83.57,83.29,1471
04/06/2022,1649252100000,80.0271,80.0,80.0,80.0,80.0,302
04/05/2022,1649165700000,78.9755,78.81,78.89,79.23,78.81,2220
04/04/2022,1649079300000,78.4392,78.442,78.442,78.442,78.442,182
04/01/2022,no data
03/31/2022,1648733700000,71.7469,71.75,71.75,71.75,71.75,104
03/30/2022,1648647300000,71.9887,71.99,72.005,72.005,71.99,1212
03/29/2022,no data
03/28/2022,1648474500000,69.5406,69.77,69.39,69.77,69.39,609
03/25/2022,1648215300000,68.4828,68.47,68.47,68.47,68.47,232
03/24/2022,no data
03/23/2022,no data
03/22/2022,no data
03/21/2022,1647869700000,69.5007,69.6209,69.38,69.6209,69.37,1167
03/18/2022,1647610500000,68.421,67.97,68.63,68.63,67.97,1368
03/17/2022,no data
03/16/2022,no data
03/15/2022,1647351300000,62.5291,62.31,62.31,62.31,62.31,225
03/14/2022,1647264900000,65.1264,65.05,64.98,65.25,64.98,2289
03/11/2022,no data
03/10/2022,no data
03/09/2022,1646836500000,68.3776,68.33,68.575,68.575,68.19,632
03/08/2022,1646750100000,62.9695,62.37,63.39,63.39,62.37,1147
03/07/2022,1646663700000,63.6981,64.18,63.4085,64.18,63.4085,542
03/04/2022,no data
03/03/2022,1646318100000,64.3459,64.54,64.25,64.57,64.25,4336
03/02/2022,no data
03/01/2022,1646145300000,67.888,68.04,68.82,68.82,67.58,2623
02/28/2022,1646058900000,67.2135,67.25,67.06,67.25,67.06,587
02/25/2022,1645799700000,67.7639,67.95,67.95,67.95,67.95,401
02/24/2022,1645713300000,64.3143,63.97,64.56,64.56,63.97,671
02/23/2022,no data
02/22/2022,no data
02/18/2022,no data
02/17/2022,no data
02/16/2022,no data
02/15/2022,no data
02/14/2022,1644849300000,72.5969,72.69,72.465,72.79,72.465,643
02/11/2022,1644590100000,75.3164,75.28,75.33,75.475,75.28,1898
02/10/2022,no data
02/09/2022,1644417300000,71.1581,71.18,71.17,71.28,69.84,4485
02/08/2022,1644330900000,69.3769,69.06,69.06,69.06,69.06,187
02/07/2022,no data
02/04/2022,no data
02/03/2022,1643898900000,69.0124,68.495,69.14,69.64,68.495,1811
02/02/2022,1643812500000,72.5555,72.455,72.69,72.69,72.455,592
02/01/2022,1643726100000,70.2876,69.77,71.28,71.28,69.77,702
01/31/2022,1643639700000,66.2095,66.2,66.5,66.5,66.13,1504
01/28/2022,1643380500000,64.6444,64.795,64.8,65.23,64.265,847
01/27/2022,no data
01/26/2022,1643207700000,69.9925,69.77,69.77,69.77,69.77,427
01/25/2022,no data
01/24/2022,1643034900000,66.0458,66.26,66.26,66.26,66.26,455
01/21/2022,1642775700000,70.2155,70.24,69.775,70.24,69.775,307
01/20/2022,no data
01/19/2022,no data
01/18/2022,no data
01/14/2022,1642170900000,69.7597,69.83,69.48,70.02,69.48,360
01/13/2022,1642084500000,71.0672,71.075,71.075,71.075,71.075,317
01/12/2022,1641998100000,73.2307,73.32,73.03,73.32,73.03,375
01/11/2022,no data
01/10/2022,1641825300000,71.044,71.3,71.55,71.94,70.4,9675
01/07/2022,1641566100000,79.142,79.18,79.44,79.44,79.12,1098
01/06/2022,1641479700000,81.9969,81.97,82.01,82.01,81.97,732
01/05/2022,1641393300000,84.6776,84.625,84.62,85.545,84.62,3202
01/04/2022,no data
01/03/2022,no data
