12/30/2022,1672410900000,14.4029,14.4101,14.4,14.4299,14.38,8929
12/29/2022,1672324500000,13.4738,13.5,13.4795,13.52,13.44,10457
12/28/2022,1672238100000,13.2771,13.22,13.26,13.33,13.22,22413
12/27/2022,1672151700000,12.9578,12.98,12.95,12.98,12.92,8835
12/23/2022,1671806100000,13.0821,13.11,13.065,13.1224,13.03,17468
12/22/2022,1671719700000,13.3804,13.38,13.38,13.38,13.38,203
12/21/2022,1671633300000,13.3298,13.3452,13.37,13.375,13.29,32974
12/20/2022,1671546900000,13.1876,13.24,13.16,13.24,13.16,3101
12/19/2022,1671460500000,13.4592,13.44,13.49,13.49,13.43,5279
12/16/2022,1671201300000,14.4927,14.51,14.46,14.525,14.44,7905
12/15/2022,1671114900000,14.8463,14.825,14.83,14.88,14.82,4626
12/14/2022,1671028500000,15.7521,15.8,15.69,15.85,15.68,13282
12/13/2022,1670942100000,16.8926,16.95,16.81,16.99,16.76,20792
12/12/2022,1670855700000,15.8119,15.76,15.83,15.85,15.76,4104
12/09/2022,1670596500000,15.4545,15.425,15.495,15.51,15.39,17550
12/08/2022,1670510100000,13.9242,13.9,13.935,13.96,13.89,12614
12/07/2022,1670423700000,13.758,13.69,13.7,13.8399,13.685,51048
12/06/2022,1670337300000,14.4721,14.43,14.54,14.55,14.38,38510
12/05/2022,1670250900000,14.7688,14.71,14.78,14.81,14.71,13596
12/02/2022,1669991700000,14.3238,14.3312,14.275,14.3584,14.23,57036
12/01/2022,1669905300000,15.5208,15.535,15.54,15.57,15.5,41042
11/30/2022,1669818900000,13.8489,13.81,13.9,13.9,13.78,32225
11/29/2022,1669732500000,15.9645,16.04,15.95,16.04,15.93,19509
11/28/2022,1669646100000,16.0697,16.08,16.06,16.0899,16.04,4455
11/25/2022,1669386900000,16.3051,16.26,16.305,16.34,16.2001,12308
11/23/2022,1669214100000,16.1362,16.14,16.1,16.14,16.1,785
11/22/2022,1669127700000,15.9719,15.9,16.015,16.06,15.9,7699
11/21/2022,1669041300000,16.1707,16.16,16.18,16.19,16.15,2167
11/18/2022,1668782100000,17.4207,17.355,17.51,17.51,17.31,6426
11/17/2022,1668695700000,17.0505,16.945,17.15,17.17,16.945,49351
11/16/2022,1668609300000,18.5454,18.65,18.51,18.65,18.495,39730
11/15/2022,1668522900000,19.653,19.62,19.64,19.72,19.5864,10409
11/14/2022,1668436500000,17.906,17.83,17.94,18.01,17.8,147716
11/11/2022,1668177300000,17.7125,17.75,17.6796,17.77,17.66,6841
11/10/2022,1668090900000,17.6259,17.66,17.64,17.74,17.54,25271
11/09/2022,1668004500000,16.378,16.35,16.38,16.425,16.35,12357
11/08/2022,1667918100000,16.6426,16.63,16.655,16.69,16.615,9788
11/07/2022,1667831700000,17.3552,17.36,17.37,17.3874,17.31,26504
11/04/2022,1667568900000,19.1236,19.08,19.055,19.21,19.05,21630
11/03/2022,1667482500000,20.1175,20.08,20.1,20.17,20.06,19087
11/02/2022,1667396100000,21.5883,21.555,21.57,21.635,21.555,1122
11/01/2022,1667309700000,24.0231,23.805,24.06,24.2,23.8,51230
10/31/2022,1667223300000,22.9422,22.96,22.91,22.99,22.84,13755
10/28/2022,1666964100000,22.9903,23.035,22.99,23.075,22.95,6572
10/27/2022,1666877700000,23.7346,23.81,23.74,23.85,23.6725,14655
10/26/2022,1666791300000,22.9506,22.97,23.0799,23.0799,22.88,11504
10/25/2022,1666704900000,23.0465,23.085,23.05,23.085,23.01,5608
10/24/2022,1666618500000,22.0555,22.05,22.14,22.14,21.98,23507
10/21/2022,1666359300000,22.1556,22.15,22.13,22.17,22.13,834
10/20/2022,1666272900000,22.2608,22.31,22.3187,22.335,22.16,8054
10/19/2022,1666186500000,22.545,22.55,22.53,22.59,22.5,1968
10/18/2022,1666100100000,23.4839,23.43,23.51,23.575,23.4,8665
10/17/2022,1666013700000,21.5648,21.53,21.595,21.62,21.49,5614
10/14/2022,1665754500000,22.0409,22.05,22.0,22.13,21.99,6165
10/13/2022,1665668100000,20.7788,20.825,20.68,20.85,20.68,19290
10/12/2022,1665581700000,22.611,22.62,22.65,22.738,22.53,26297
10/11/2022,1665495300000,23.6717,23.807,23.615,23.807,23.61,14185
10/10/2022,1665408900000,25.7149,25.84,25.6,25.84,25.6,23398
10/07/2022,1665149700000,26.9345,26.96,27.05,27.05,26.86,6632
10/06/2022,1665063300000,28.3039,28.3347,28.32,28.34,28.21,7530
10/05/2022,1664976900000,27.3851,27.39,27.3999,27.3999,27.32,6400
10/04/2022,1664890500000,27.3497,27.3303,27.35,27.46,27.29,19335
10/03/2022,1664804100000,25.9672,25.95,26.01,26.01,25.92,5790
09/30/2022,1664544900000,25.8366,25.904,25.81,25.92,25.79,4903
09/29/2022,1664458500000,25.9248,25.92,25.93,25.93,25.92,903
09/28/2022,1664372100000,25.8528,25.78,25.87,25.87,25.78,3546
09/27/2022,1664285700000,26.3548,26.31,26.38,26.42,26.29,8658
09/26/2022,1664199300000,25.4551,25.5,25.69,25.69,25.32,19863
09/23/2022,1663940100000,24.8599,24.78,24.88,24.9,24.78,3077
09/22/2022,1663853700000,26.6368,26.55,26.7599,26.7599,26.5393,10721
09/21/2022,1663767300000,26.6958,26.655,26.65,26.73,26.65,6256
09/20/2022,1663680900000,27.338,27.35,27.4,27.428,27.29,9320
09/19/2022,1663594500000,26.5152,26.57,26.53,26.58,26.35,13971
09/16/2022,1663335300000,26.3135,26.35,26.3,26.35,26.24,10856
09/15/2022,1663248900000,27.688,27.84,27.6,27.86,27.58,4176
09/14/2022,1663162500000,27.4824,27.575,27.455,27.585,27.4,24785
09/13/2022,1663076100000,27.5005,27.46,27.31,27.55,27.28,31750
09/12/2022,1662989700000,28.6848,28.73,28.55,28.81,28.54,11487
09/09/2022,1662730500000,28.0834,27.9,28.24,28.29,27.86,69356
09/08/2022,1662644100000,25.4194,25.44,25.385,25.45,25.37,4246
09/07/2022,1662557700000,25.5303,25.55,25.52,25.57,25.465,7247
09/06/2022,1662471300000,24.7316,24.5992,24.67,24.86,24.51,26308
09/02/2022,1662125700000,25.6733,25.62,25.8197,25.88,25.53,8253
09/01/2022,1662039300000,25.5264,25.42,25.62,25.79,25.32,74315
08/31/2022,1661952900000,28.789,28.9358,28.685,28.9358,28.685,11841
08/30/2022,1661866500000,28.5552,28.5683,28.5,28.6241,28.49,9815
08/29/2022,1661780100000,27.9028,27.93,27.83,27.98,27.83,9466
08/26/2022,1661520900000,28.7326,28.78,28.65,28.825,28.65,1834
08/25/2022,1661434500000,28.9047,28.9,28.9,28.93,28.9,16532
08/24/2022,1661348100000,27.7731,27.76,27.895,27.895,27.7,8521
08/23/2022,1661261700000,27.022,27.01,27.16,27.16,26.934,6368
08/22/2022,1661175300000,25.6143,25.73,25.6699,25.742,25.53,4061
08/19/2022,1660916100000,27.4463,27.45,27.515,27.56,27.405,6854
08/18/2022,1660829700000,27.1851,27.11,27.23,27.25,27.11,5508
08/17/2022,1660743300000,27.8854,27.75,27.97,27.98,27.75,3838
08/16/2022,1660656900000,29.7385,29.615,29.685,29.8463,29.57,38628
08/15/2022,1660570500000,28.1601,28.22,28.23,28.2389,28.09,6706
08/12/2022,1660311300000,27.1499,27.2,27.0894,27.245,27.03,8275
08/11/2022,1660224900000,28.7008,28.72,28.69,28.81,28.56,14599
08/10/2022,1660138500000,27.2908,27.345,27.289,27.36,27.25,7281
08/09/2022,1660052100000,26.2801,26.29,26.29,26.34,26.23,19541
08/08/2022,1659965700000,26.7872,26.76,26.775,26.88,26.73,34659
08/05/2022,1659706500000,25.9914,25.96,26.04,26.04,25.94,3583
08/04/2022,1659620100000,26.8484,26.69,26.85,26.9772,26.67,16137
08/03/2022,1659533700000,25.9162,25.81,26.04,26.07,25.79,16376
08/02/2022,1659447300000,24.9778,25.06,24.985,25.06,24.93,18468
08/01/2022,1659360900000,24.3243,24.24,24.39,24.39,24.24,1149
07/29/2022,1659101700000,24.5366,24.66,24.51,24.66,24.5,3365
07/28/2022,1659015300000,24.9685,24.98,24.95,24.99,24.95,2086
07/27/2022,1658928900000,23.8941,23.74,24.04,24.04,23.73,13572
07/26/2022,1658842500000,23.9266,23.88,23.875,24.0,23.84,14278
07/25/2022,1658756100000,24.4905,24.64,24.47,24.64,24.4,7828
07/22/2022,1658496900000,26.3346,26.44,26.28,26.44,26.28,1671
07/21/2022,1658410500000,26.1541,26.09,26.07,26.26,26.07,8592
07/20/2022,1658324100000,25.6474,25.61,25.6399,25.7,25.56,12953
07/19/2022,1658237700000,24.9064,24.929,24.89,24.929,24.89,857
07/18/2022,1658151300000,24.917,24.94,24.94,24.98,24.83,12494
07/15/2022,1657892100000,23.0929,23.03,23.22,23.23,23.0,25361
07/14/2022,1657805700000,23.5634,23.56,23.57,23.61,23.51,8626
07/13/2022,1657719300000,22.6299,22.83,22.575,22.86,22.51,44028
07/12/2022,1657632900000,27.0679,27.0,27.14,27.17,26.99,16548
07/11/2022,1657546500000,27.0062,27.18,26.91,27.18,26.85,16351
07/08/2022,1657287300000,26.2689,26.15,26.23,26.38,26.14,29455
07/07/2022,1657200900000,25.7452,25.68,25.91,25.91,25.68,10082
07/06/2022,1657114500000,25.4919,25.66,25.34,25.67,25.3,3474
07/05/2022,1657028100000,23.0892,23.067,23.29,23.29,23.04,14056
07/01/2022,1656682500000,23.1819,23.3,23.12,23.34159,23.03,6713
06/30/2022,1656596100000,23.9982,23.96,23.93,24.1,23.92,15307
06/29/2022,1656509700000,24.4382,24.39,24.53,24.58,24.34,6034
06/28/2022,1656423300000,25.2663,25.335,25.31,25.35,25.18,14260
06/27/2022,1656336900000,26.1385,26.16,26.0,26.24,25.98,12317
06/24/2022,1656077700000,25.6756,25.7,25.62,25.76,25.6,17767
06/23/2022,1655991300000,23.7803,23.84,23.605,23.84,23.59,8183
06/22/2022,1655904900000,23.6669,23.67,23.655,23.68,23.61,2674
06/21/2022,1655818500000,24.2843,24.23,24.285,24.35,24.23,11665
06/17/2022,1655472900000,21.9873,21.75,22.0255,22.1425,21.71,19354
06/16/2022,1655386500000,21.6046,21.505,21.61,21.71,21.5,15157
06/15/2022,1655300100000,22.475,22.5,22.34,22.59,22.33,11207
06/14/2022,1655213700000,21.4813,21.52,21.48,21.57,21.33,7690
06/13/2022,1655127300000,21.4779,21.57,21.44,21.64,21.31,36400
06/10/2022,1654868100000,23.3525,23.17,23.43,23.47,23.17,22994
06/09/2022,1654781700000,24.9004,24.93,24.86,24.95,24.85,10802
06/08/2022,1654695300000,25.4469,25.3,25.465,25.5,25.27,19491
06/07/2022,1654608900000,23.3011,23.295,23.48,23.48,23.14,18148
06/06/2022,1654522500000,24.0482,24.0699,23.995,24.15,23.99,7655
06/03/2022,1654263300000,24.0469,24.08,24.01,24.21,23.9,33024
06/02/2022,1654176900000,24.5929,24.4899,24.875,24.875,24.41,40117
06/01/2022,1654090500000,24.5965,24.565,24.51,24.67,24.5,13508
05/31/2022,1654004100000,26.1224,26.0,26.1,26.25,25.95,15324
05/27/2022,1653658500000,26.0631,25.95,26.04,26.27,25.9387,22405
05/26/2022,1653572100000,23.8178,23.67,24.015,24.06,23.63,29852
05/25/2022,1653485700000,22.7076,22.93,22.695,22.93,22.5701,4833
05/24/2022,1653399300000,23.0228,23.09,23.11,23.16,22.96,13343
05/23/2022,1653312900000,23.6968,23.91,23.71,23.9182,23.6,14805
05/20/2022,1653053700000,24.261,24.33,24.15,24.37,24.15,43801
05/19/2022,1652967300000,22.3011,22.19,22.34,22.38,22.04,16817
05/18/2022,1652880900000,22.3649,22.55,22.47,22.55,22.28,11406
05/17/2022,1652794500000,23.5557,23.55,23.36,23.59,23.36,16777
05/16/2022,1652708100000,22.5589,22.79,22.29,22.79,22.29,20547
05/13/2022,1652448900000,22.6635,22.8,22.6312,22.8,22.56,34088
05/12/2022,1652362500000,19.2053,19.08,19.26,19.31,19.04,24909
05/11/2022,1652276100000,21.1094,21.19,21.115,21.19,21.04,6593
05/10/2022,1652189700000,22.9402,23.1,22.87,23.14,22.79,39503
05/09/2022,1652103300000,25.1061,24.9,25.295,25.37,24.88,35362
05/06/2022,1651844100000,27.5542,27.57,27.52,27.58,27.5105,19350
05/05/2022,1651757700000,31.9582,31.91,32.035,32.035,31.86,5543
05/04/2022,1651671300000,32.0551,32.15,32.1,32.21,32.0,12114
05/03/2022,1651584900000,33.6831,33.79,33.57,33.82,33.57,2267
05/02/2022,1651498500000,32.6783,32.63,32.83,32.95,32.51,15988
04/29/2022,1651239300000,35.7878,35.76,35.57,35.86,35.57,3061
04/28/2022,1651152900000,33.7718,33.895,33.7471,33.895,33.74,2802
04/27/2022,1651066500000,34.82,34.65,34.83,34.9688,34.65,8224
04/26/2022,1650980100000,34.7253,34.76,34.81,34.83,34.65,11325
04/25/2022,1650893700000,32.6897,32.67,32.7499,32.82,32.61,14496
04/22/2022,1650634500000,33.9989,34.07,34.0792,34.09,33.9,6480
04/21/2022,1650548100000,36.8902,36.8955,36.88,36.99,36.78,8012
04/20/2022,1650461700000,37.5018,37.5,37.41,37.68,37.41,15382
04/19/2022,1650375300000,35.9728,36.02,35.9,36.03,35.9,1695
04/18/2022,1650288900000,36.831,36.88,36.95,36.95,36.68,11374
04/14/2022,1649943300000,37.7034,37.75,37.66,37.82,37.62,15291
04/13/2022,1649856900000,34.347,34.27,34.44,34.44,34.26,6138
04/12/2022,1649770500000,35.133,35.18,35.25,35.27,34.965,47228
04/11/2022,1649684100000,32.9503,33.05,33.09,33.15,32.79,58570
04/08/2022,1649424900000,34.2428,34.29,34.25,34.4,34.2,21368
04/07/2022,1649338500000,36.5253,36.63,36.27,36.7,36.27,10002
04/06/2022,1649252100000,36.8001,36.9,36.75,36.9575,36.6,54169
04/05/2022,1649165700000,41.2354,41.21,41.18,41.27,41.14,5088
04/04/2022,1649079300000,39.6823,39.45,39.8599,39.87,39.45,7051
04/01/2022,1648820100000,38.627,38.56,38.69,38.74,38.5,14732
03/31/2022,1648733700000,38.136,38.1,38.15,38.22,38.09,5989
03/30/2022,1648647300000,40.0466,40.0342,40.05,40.12,40.0,3440
03/29/2022,1648560900000,40.5032,40.88,40.55,40.91,40.27,22373
03/28/2022,1648474500000,41.2102,41.095,41.18,41.38,41.0,12265
03/25/2022,1648215300000,41.4771,41.53,41.56,41.56,41.34,4067
03/24/2022,1648128900000,41.8835,41.82,41.6403,42.12,41.6403,8574
03/23/2022,1648042500000,40.129,40.1274,40.3,40.3,40.03,12381
03/22/2022,1647956100000,39.4166,39.19,39.81,39.81,39.05,39487
03/21/2022,1647869700000,39.5306,39.495,39.49,39.646,39.35,9039
03/18/2022,1647610500000,37.1569,37.07,37.18,37.26,37.07,5245
03/17/2022,1647524100000,35.7493,35.85,35.57,35.93,35.4362,21499
03/16/2022,1647437700000,32.9216,32.8029,33.05,33.2,32.6,193574
03/15/2022,1647351300000,31.0779,30.99,31.1995,31.25,30.91,45208
03/14/2022,1647264900000,33.3523,33.04,33.32,33.52,32.99,73580
03/11/2022,1647009300000,34.3811,34.5818,34.335,34.5818,34.31,9665
03/10/2022,1646922900000,35.0976,35.04,35.17,35.21,34.9,45008
03/09/2022,1646836500000,33.0104,33.146,32.89,33.2199,32.89,13493
03/08/2022,1646750100000,33.0371,32.69,33.465,33.53,32.57,30585
03/07/2022,1646663700000,38.0947,38.16,38.105,38.165,38.01,15421
03/04/2022,1646404500000,39.503,39.23,39.79,39.8,39.23,119670
03/03/2022,1646318100000,41.6356,41.81,41.48,41.81,41.48,11245
03/02/2022,1646231700000,41.3951,41.52,41.17,41.62,41.04,31131
03/01/2022,1646145300000,42.7357,43.0574,42.81,43.11,42.5,33674
02/28/2022,1646058900000,39.9581,40.025,39.64,40.33,39.57,17287
02/25/2022,1645799700000,38.7533,38.71,38.69,38.845,38.62,7555
02/24/2022,1645713300000,32.8339,32.8423,32.9975,33.0,32.75,24900
02/23/2022,1645626900000,36.9615,36.73,36.86,37.28,36.71,72993
02/22/2022,1645540500000,39.1388,39.045,39.18,39.3472,39.045,15324
02/18/2022,1645194900000,41.1296,41.375,41.05,41.41,41.03,18083
02/17/2022,1645108500000,44.1551,44.12,44.165,44.25,44.09,5040
02/16/2022,1645022100000,45.2733,45.205,45.22,45.39,45.105,11428
02/15/2022,1644935700000,44.2678,44.35,44.45,44.47,44.11,28448
02/14/2022,1644849300000,43.7056,43.53,43.62,43.85,43.52,16356
02/11/2022,1644590100000,46.5883,46.77,46.47,46.9699,46.2,13986
02/10/2022,1644503700000,44.7709,44.813,44.83,44.85,44.62,14153
02/09/2022,1644417300000,44.7686,44.86,44.73,44.93,44.5,14126
02/08/2022,1644330900000,42.815,42.48,42.79,42.96,42.48,8347
02/07/2022,1644244500000,43.5014,43.36,43.8079,43.8599,43.23,43745
02/04/2022,1643985300000,41.0698,41.15,41.065,41.2659,40.9,5076
02/03/2022,1643898900000,42.4995,42.535,42.48,42.625,42.42,6924
02/02/2022,1643812500000,45.9208,45.9,45.8,46.08,45.8,33071
02/01/2022,1643726100000,44.7228,44.2,44.715,44.9,44.2,35725
01/31/2022,1643639700000,41.921,41.89,41.94,42.16,41.7,16455
01/28/2022,1643380500000,38.6649,38.56,38.6001,38.84,38.48,12006
01/27/2022,1643294100000,41.1689,41.35,41.1,41.35,41.0918,5920
01/26/2022,1643207700000,40.7096,40.91,40.68,41.01,40.44,4196
01/25/2022,1643121300000,40.4888,40.5,40.51,40.596,40.36,4158
01/24/2022,1643034900000,38.1322,38.1314,38.11,38.46,37.99,23654
01/21/2022,1642775700000,41.9924,42.23,41.79,42.23,41.79,7357
01/20/2022,1642689300000,43.3344,43.56,43.17,43.56,43.11,8208
01/19/2022,1642602900000,41.9803,42.045,42.23,42.23,41.76,5089
01/18/2022,1642516500000,40.9873,40.91,41.29,41.29,40.9,14088
01/14/2022,1642170900000,41.743,41.955,42.1573,42.1573,41.5,26182
01/13/2022,1642084500000,46.5139,46.55,46.45,46.68,46.45,4267
01/12/2022,1641998100000,49.8572,49.96,49.75,49.98,49.67,16805
01/11/2022,1641911700000,45.8289,45.43,46.19,46.19,45.43,6190
01/10/2022,1641825300000,42.1899,42.12,42.08,42.33,42.08,13632
01/07/2022,1641566100000,43.1975,43.18,43.3805,43.44,43.02,10461
01/06/2022,1641479700000,44.369,44.19,44.41,44.66,44.1,24367
01/05/2022,1641393300000,46.0238,46.02,45.97,46.18,45.7833,4660
01/04/2022,1641306900000,45.9061,46.1,45.73,46.23,45.55,60831
01/03/2022,1641220500000,50.6984,51.17,50.47,51.17,50.28,49897
