12/30/2022,1672410900000,29.0074,29.0,29.01,29.025,28.98,37598
12/29/2022,1672324500000,26.365,26.35,26.39,26.39,26.35,1662
12/28/2022,1672238100000,26.4488,26.44,26.45,26.46,26.44,1600
12/27/2022,1672151700000,26.2603,26.24,26.27,26.27,26.24,315
12/23/2022,1671806100000,26.3861,26.4,26.39,26.4,26.37,1905
12/22/2022,1671719700000,26.4823,26.49,26.47,26.49,26.47,436
12/21/2022,1671633300000,26.659,26.65,26.6566,26.67,26.65,2035
12/20/2022,1671546900000,26.5599,26.55,26.56,26.59,26.55,8644
12/19/2022,no data
12/16/2022,1671201300000,26.6592,26.66,26.66,26.66,26.65,3600
12/15/2022,1671114900000,26.9154,26.93,26.91,26.93,26.91,410
12/14/2022,1671028500000,27.0775,27.05,27.055,27.11,27.05,14419
12/13/2022,1670942100000,27.0093,27.01,27.01,27.01,27.0,2800
12/12/2022,1670855700000,26.85,26.85,26.85,26.85,26.85,492
12/09/2022,1670596500000,26.9878,26.99,26.991,26.991,26.9822,1544
12/08/2022,1670510100000,27.0212,27.015,27.03,27.03,27.015,1859
12/07/2022,1670423700000,27.0673,27.06,27.05,27.09,27.04,5402
12/06/2022,1670337300000,27.154,27.15,27.15,27.17,27.15,1005
12/05/2022,1670250900000,27.587,27.58,27.59,27.591,27.58,1607
12/02/2022,1669991700000,27.44,27.44,27.44,27.45,27.42,2158
12/01/2022,1669905300000,27.3989,27.4,27.39,27.4,27.39,903
11/30/2022,1669818900000,27.2277,27.225,27.21,27.23,27.21,1378
11/29/2022,1669732500000,27.0498,27.05,27.05,27.05,27.05,107
11/28/2022,1669646100000,27.3076,27.3,27.31,27.31,27.3,628
11/25/2022,1669386900000,27.3941,27.39,27.4,27.4,27.39,508
11/23/2022,1669214100000,27.3917,27.37,27.4,27.405,27.37,300
11/22/2022,1669127700000,27.2229,27.2,27.21,27.24,27.2,2773
11/21/2022,1669041300000,27.1298,27.14,27.12,27.14,27.12,212
11/18/2022,1668782100000,27.266,27.2665,27.2665,27.2665,27.2665,101
11/17/2022,1668695700000,27.1035,27.1,27.16,27.16,27.1,15121
11/16/2022,1668609300000,27.1802,27.18,27.18,27.19,27.1604,1900
11/15/2022,1668522900000,27.2631,27.25,27.24,27.29,27.24,5994
11/14/2022,no data
11/11/2022,no data
11/10/2022,1668090900000,26.933,26.935,26.95,26.96,26.89,5775
11/09/2022,1668004500000,26.6014,26.59,26.59,26.61,26.59,707
11/08/2022,no data
11/07/2022,1667831700000,26.3997,26.4,26.4,26.4,26.4,315
11/04/2022,1667568900000,26.3144,26.325,26.3,26.325,26.3,683
11/03/2022,1667482500000,25.5812,25.58,25.592,25.592,25.58,2477
11/02/2022,1667396100000,25.9801,25.97,26.0,26.0,25.97,301
11/01/2022,1667309700000,26.0021,25.99,25.985,26.02,25.985,6525
10/31/2022,1667223300000,25.0711,25.0685,25.075,25.075,25.0685,508
10/28/2022,1666964100000,25.0066,25.025,25.0,25.04,24.97,27770
10/27/2022,1666877700000,27.0862,27.14,27.01,27.14,27.01,4234
10/26/2022,1666791300000,27.4367,27.47,27.435,27.48,27.42,33046
10/25/2022,1666704900000,24.8165,24.82,24.82,24.83,24.81,1858
10/24/2022,no data
10/21/2022,1666359300000,24.45,24.45,24.45,24.45,24.45,300
10/20/2022,no data
10/19/2022,1666186500000,24.7056,24.72,24.67,24.72,24.67,737
10/18/2022,1666100100000,24.9022,24.9,24.91,24.91,24.895,4314
10/17/2022,1666013700000,24.7097,24.67,24.76,24.76,24.67,3000
10/14/2022,1665754500000,24.6304,24.64,24.62,24.64,24.62,924
10/13/2022,1665668100000,23.7292,23.72,23.73,23.73,23.72,1038
10/12/2022,1665581700000,24.252,24.26,24.27,24.27,24.24,1742
10/11/2022,1665495300000,24.4055,24.4,24.41,24.41,24.4,462
10/10/2022,1665408900000,24.7692,24.77,24.77,24.77,24.77,101
10/07/2022,1665149700000,24.6173,24.61,24.63,24.63,24.6,3308
10/06/2022,1665063300000,24.828,24.83,24.8,24.87,24.795,2461
10/05/2022,1664976900000,25.0905,25.09,25.1,25.1,25.08,1946
10/04/2022,1664890500000,25.0769,25.07,25.08,25.08,25.07,436
10/03/2022,1664804100000,24.48,24.48,24.48,24.48,24.48,200
09/30/2022,1664544900000,24.6593,24.615,24.67,24.68,24.615,8432
09/29/2022,1664458500000,24.5429,24.56,24.56,24.56,24.54,2803
09/28/2022,1664372100000,24.5965,24.57,24.625,24.625,24.57,1726
09/27/2022,1664285700000,24.42,24.42,24.42,24.42,24.42,100
09/26/2022,1664199300000,24.5314,24.54,24.51,24.54,24.51,911
09/23/2022,1663940100000,24.7723,24.76,24.7701,24.79,24.76,563
09/22/2022,1663853700000,25.03,25.03,25.03,25.03,25.03,400
09/21/2022,1663767300000,25.197,25.18,25.21,25.21,25.18,353
09/20/2022,1663680900000,25.2394,25.22,25.24,25.25,25.21,2277
09/19/2022,no data
09/16/2022,no data
09/15/2022,1663248900000,25.722,25.75,25.71,25.75,25.71,963
09/14/2022,1663162500000,25.77,25.76,25.78,25.78,25.76,200
09/13/2022,no data
09/12/2022,1662989700000,26.6551,26.67,26.63,26.67,26.63,1479
09/09/2022,no data
09/08/2022,1662644100000,25.4962,25.49,25.51,25.51,25.49,1874
09/07/2022,1662557700000,25.2923,25.31,25.28,25.31,25.28,833
09/06/2022,1662471300000,25.8423,25.78,25.88,25.88,25.78,366
09/02/2022,1662125700000,25.8074,25.8,25.81,25.81,25.8,742
09/01/2022,1662039300000,25.4229,25.42,25.42,25.45,25.4,4449
08/31/2022,1661952900000,25.709,25.7,25.725,25.725,25.7,608
08/30/2022,no data
08/29/2022,no data
08/26/2022,no data
08/25/2022,no data
08/24/2022,1661348100000,26.7255,26.72,26.73,26.73,26.7,1975
08/23/2022,1661261700000,26.7639,26.76,26.77,26.77,26.75,2514
08/22/2022,no data
08/19/2022,1660916100000,26.9931,27.0,27.0,27.0,26.98,3815
08/18/2022,no data
08/17/2022,1660743300000,27.3827,27.38,27.38,27.38,27.38,127
08/16/2022,1660656900000,27.3204,27.32,27.32,27.33,27.31,1032
08/15/2022,1660570500000,27.0613,27.06,27.06,27.06,27.06,388
08/12/2022,1660311300000,27.2532,27.265,27.24,27.27,27.24,788
08/11/2022,no data
08/10/2022,1660138500000,26.9443,26.95,26.95,26.97,26.92,774
08/09/2022,no data
08/08/2022,no data
08/05/2022,1659706500000,26.9071,26.91,26.91,26.91,26.91,329
08/04/2022,no data
08/03/2022,1659533700000,26.8209,26.84,26.77,26.84,26.77,1074
08/02/2022,1659447300000,26.7681,26.82,26.75,26.82,26.73,7076
08/01/2022,no data
07/29/2022,1659101700000,26.7583,26.78,26.75,26.78,26.74,2802
07/28/2022,1659015300000,26.995,27.02,26.945,27.02,26.945,300
07/27/2022,1658928900000,26.98,26.98,26.98,26.98,26.98,1809
07/26/2022,1658842500000,26.9428,26.94,26.96,26.96,26.93,2684
07/25/2022,1658756100000,27.0653,27.06,27.06,27.07,27.06,546
07/22/2022,1658496900000,26.7959,26.755,26.82,26.83,26.755,3347
07/21/2022,1658410500000,26.7313,26.75,26.73,26.75,26.73,1675
07/20/2022,1658324100000,26.7173,26.72,26.72,26.73,26.7,3446
07/19/2022,1658237700000,26.8501,26.85,26.85,26.85,26.85,912
07/18/2022,1658151300000,26.6769,26.675,26.72,26.72,26.64,3625
07/15/2022,1657892100000,25.9177,25.89,25.93,25.94,25.89,2571
07/14/2022,1657805700000,25.9153,25.91,25.92,25.92,25.91,921
07/13/2022,1657719300000,26.3022,26.3,26.31,26.31,26.3,818
07/12/2022,1657632900000,26.8977,26.89,26.88,26.89,26.88,614
07/11/2022,1657546500000,27.4419,27.42,27.47,27.47,27.406,3151
07/08/2022,no data
07/07/2022,1657200900000,28.4199,28.46,28.4,28.46,28.4,3175
07/06/2022,1657114500000,28.4834,28.5,28.47,28.5125,28.47,2496
07/05/2022,1657028100000,29.1182,29.13,29.08,29.15,29.075,7588
07/01/2022,no data
06/30/2022,1656596100000,29.5642,29.53,29.58,29.63,29.51,7282
06/29/2022,1656509700000,29.5821,29.59,29.57,29.61,29.55,3297
06/28/2022,1656423300000,29.6432,29.64,29.63,29.66,29.63,2750
06/27/2022,1656336900000,29.5624,29.58,29.55,29.58,29.53,1843
06/24/2022,1656077700000,29.0622,29.04,29.1,29.1,29.02,3728
06/23/2022,1655991300000,28.7016,28.7,28.7,28.7,28.69,860
06/22/2022,1655904900000,28.4787,28.5,28.47,28.5,28.47,1030
06/21/2022,1655818500000,28.825,28.825,28.825,28.825,28.825,211
06/17/2022,no data
06/16/2022,1655386500000,26.3255,26.33,26.32,26.34,26.3,2648
06/15/2022,1655300100000,26.4305,26.41,26.47,26.47,26.41,2938
06/14/2022,1655213700000,26.7966,26.78,26.8,26.81,26.78,2111
06/13/2022,1655127300000,27.1452,27.18,27.12,27.18,27.12,5553
06/10/2022,1654868100000,27.3658,27.36,27.38,27.38,27.36,484
06/09/2022,1654781700000,28.0079,28.01,28.01,28.01,28.0,1028
06/08/2022,1654695300000,28.4408,28.44,28.44,28.44,28.44,435
06/07/2022,1654608900000,28.1074,28.11,28.11,28.11,28.11,367
06/06/2022,1654522500000,28.5393,28.55,28.53,28.55,28.53,205
06/03/2022,1654263300000,28.4467,28.45,28.44,28.45,28.44,300
06/02/2022,no data
06/01/2022,1654090500000,28.4868,28.49,28.48,28.49,28.48,1205
05/31/2022,1654004100000,28.3791,28.37,28.38,28.38,28.37,1100
05/27/2022,1653658500000,28.2598,28.26,28.26,28.26,28.26,908
05/26/2022,1653572100000,28.3022,28.35,28.3,28.35,28.29,3865
05/25/2022,1653485700000,28.1323,28.14,28.14,28.14,28.13,918
05/24/2022,1653399300000,28.1924,28.1501,28.2,28.22,28.1501,2221
05/23/2022,no data
05/20/2022,1653053700000,28.0375,28.03,28.05,28.05,28.03,1174
05/19/2022,1652967300000,27.5702,27.57,27.57,27.57,27.57,1833
05/18/2022,1652880900000,27.6204,27.64,27.61,27.64,27.61,2815
05/17/2022,no data
05/16/2022,1652708100000,26.9213,26.93,26.91,26.94,26.91,2577
05/13/2022,1652448900000,25.9759,25.97,25.99,25.99,25.96,7719
05/12/2022,1652362500000,26.0784,26.08,26.115,26.115,26.07,1167
05/11/2022,1652276100000,26.2623,26.355,26.22,26.36,26.21,78284
05/10/2022,1652189700000,27.1333,27.14,27.1,27.14,27.1,1458
05/09/2022,1652103300000,26.0894,26.07,26.09,26.12,26.06,19229
05/06/2022,1651844100000,28.84,28.84,28.84,28.84,28.84,653
05/05/2022,1651757700000,29.0103,29.01,29.02,29.02,29.0,3606
05/04/2022,1651671300000,29.3003,29.3,29.3,29.31,29.29,1376
05/03/2022,no data
05/02/2022,1651498500000,29.6283,29.62,29.63,29.63,29.62,3025
04/29/2022,1651239300000,30.1258,30.12,30.13,30.14,30.12,1198
04/28/2022,1651152900000,30.0534,30.03,30.07,30.07,30.03,1486
04/27/2022,1651066500000,30.0759,30.07,30.08,30.08,30.07,487
04/26/2022,no data
04/25/2022,1650893700000,30.124,30.13,30.12,30.14,30.1,1861
04/22/2022,1650634500000,30.5445,30.54,30.55,30.55,30.54,2358
04/21/2022,1650548100000,31.0763,31.09,31.09,31.09,31.07,2125
04/20/2022,1650461700000,31.076,31.08,31.07,31.08,31.07,3002
04/19/2022,no data
04/18/2022,1650288900000,30.8567,30.87,30.85,30.87,30.85,300
04/14/2022,1649943300000,31.0038,30.99,31.01,31.01,30.99,935
04/13/2022,1649856900000,30.8358,30.84,30.84,30.84,30.83,702
04/12/2022,1649770500000,31.1006,31.1,31.11,31.11,31.09,858
04/11/2022,1649684100000,31.3066,31.3,31.3,31.31,31.3,597
04/08/2022,1649424900000,31.2775,31.28,31.28,31.28,31.26,1199
04/07/2022,1649338500000,31.05,31.05,31.05,31.05,31.05,100
04/06/2022,1649252100000,31.2812,31.29,31.28,31.29,31.28,820
04/05/2022,1649165700000,31.5494,31.535,31.55,31.57,31.53,6241
04/04/2022,1649079300000,31.1371,31.14,31.13,31.14,31.13,859
04/01/2022,1648820100000,31.0785,31.07,31.07,31.08,31.07,2025
03/31/2022,1648733700000,31.1203,31.12,31.12,31.12,31.12,102
03/30/2022,1648647300000,31.2436,31.24,31.25,31.25,31.24,1148
03/29/2022,1648560900000,31.2413,31.23,31.24,31.26,31.23,5117
03/28/2022,1648474500000,31.1511,31.16,31.13,31.16,31.13,2581
03/25/2022,1648215300000,31.2933,31.28,31.29,31.3,31.28,3671
03/24/2022,1648128900000,30.654,30.67,30.65,30.67,30.65,4458
03/23/2022,1648042500000,30.66,30.66,30.66,30.66,30.66,103
03/22/2022,1647956100000,30.6014,30.6,30.61,30.61,30.6,734
03/21/2022,1647869700000,30.6997,30.7,30.7,30.7,30.7,1075
03/18/2022,1647610500000,30.5172,30.52,30.51,30.52,30.51,523
03/17/2022,1647524100000,30.42,30.42,30.42,30.42,30.42,1447
03/16/2022,1647437700000,30.2807,30.26,30.3,30.3,30.26,2916
03/15/2022,1647351300000,29.8971,29.89,29.9,29.9,29.89,1386
03/14/2022,1647264900000,30.2466,30.26,30.23,30.27,30.23,1348
03/11/2022,1647009300000,30.3898,30.38,30.41,30.41,30.38,816
03/10/2022,1646922900000,29.8991,29.9,29.91,29.91,29.89,1074
03/09/2022,1646836500000,29.9947,30.01,30.02,30.02,29.99,1828
03/08/2022,1646750100000,29.8332,29.795,29.85,29.85,29.795,2159
03/07/2022,1646663700000,30.1326,30.13,30.11,30.15,30.11,6681
03/04/2022,1646404500000,29.688,29.66,29.7,29.71,29.66,3160
03/03/2022,1646318100000,30.3492,30.33,30.3796,30.3796,30.33,5533
03/02/2022,1646231700000,30.07,30.07,30.07,30.07,30.07,300
03/01/2022,1646145300000,30.0436,30.04,30.04,30.05,30.04,1668
02/28/2022,no data
02/25/2022,1645799700000,29.2508,29.24,29.25,29.26,29.24,1892
02/24/2022,1645713300000,29.0106,29.02,28.99,29.03,28.99,12347
02/23/2022,1645626900000,29.62,29.62,29.62,29.62,29.62,250
02/22/2022,1645540500000,29.2045,29.2,29.2,29.2,29.2,184
02/18/2022,1645194900000,29.4286,29.45,29.42,29.45,29.41,3074
02/17/2022,1645108500000,29.5546,29.55,29.56,29.56,29.55,739
02/16/2022,1645022100000,29.6067,29.61,29.6,29.61,29.6,301
02/15/2022,1644935700000,29.67,29.67,29.67,29.67,29.67,1400
02/14/2022,1644849300000,29.4235,29.43,29.38,29.435,29.38,4365
02/11/2022,1644590100000,29.5938,29.585,29.57,29.61,29.57,4178
02/10/2022,1644503700000,29.527,29.53,29.53,29.53,29.52,1472
02/09/2022,1644417300000,29.7411,29.75,29.73,29.75,29.73,900
02/08/2022,1644330900000,29.7707,29.77,29.76,29.79,29.76,2433
02/07/2022,1644244500000,29.5593,29.54,29.58,29.59,29.54,1667
02/04/2022,1643985300000,29.505,29.48,29.52,29.53,29.48,9474
02/03/2022,1643898900000,29.6139,29.61,29.63,29.63,29.605,3447
02/02/2022,1643812500000,29.6393,29.64,29.64,29.64,29.64,417
02/01/2022,1643726100000,29.8335,29.84,29.83,29.84,29.83,1573
01/31/2022,1643639700000,29.7516,29.74,29.74,29.74,29.74,368
01/28/2022,1643380500000,29.5366,29.55,29.53,29.55,29.53,5737
01/27/2022,1643294100000,29.34,29.32,29.37,29.37,29.32,1228
01/26/2022,1643207700000,29.6565,29.62,29.67,29.67,29.62,1700
01/25/2022,1643121300000,29.7944,29.78,29.77,29.8,29.77,2092
01/24/2022,1643034900000,29.5149,29.54,29.47,29.54,29.47,2415
01/21/2022,1642775700000,29.9663,29.96,29.97,29.97,29.96,952
01/20/2022,1642689300000,30.1155,30.11,30.13,30.13,30.11,1761
01/19/2022,1642602900000,30.0502,30.05,30.06,30.06,30.04,615
01/18/2022,1642516500000,29.987,29.99,29.99,29.99,29.97,1785
01/14/2022,1642170900000,30.024,30.02,30.03,30.04,30.02,1550
01/13/2022,1642084500000,30.4517,30.46,30.42,30.48,30.42,633
01/12/2022,1641998100000,30.3206,30.32,30.32,30.32,30.32,1292
01/11/2022,1641911700000,30.0301,30.03,30.03,30.04,30.02,1630
01/10/2022,1641825300000,29.9817,30.0,29.98,30.0,29.97,2306
01/07/2022,1641566100000,29.9054,29.9,29.9,29.91,29.9,1723
01/06/2022,1641479700000,29.878,29.87,29.89,29.89,29.87,1444
01/05/2022,1641393300000,29.94,29.94,29.94,29.94,29.94,132
01/04/2022,1641306900000,30.2441,30.25,30.26,30.27,30.22,10071
01/03/2022,1641220500000,30.4227,30.42,30.41,30.43,30.41,805
