12/30/2022,1672410900000,43.097,43.08,43.09,43.12,43.08,7436
12/29/2022,1672324500000,42.7513,42.75,42.75,42.77,42.7312,3771
12/28/2022,1672238100000,42.9869,42.965,43.065,43.065,42.93,11324
12/27/2022,1672151700000,42.4367,42.47,42.42,42.47,42.395,5344
12/23/2022,1671806100000,42.6296,42.68,42.53,42.68,42.5,29134
12/22/2022,1671719700000,41.3052,41.3,41.3,41.35,41.28,16475
12/21/2022,1671633300000,41.8315,41.92,41.805,41.92,41.79,11307
12/20/2022,1671546900000,41.0875,41.03,41.15,41.15,41.03,10034
12/19/2022,1671460500000,41.3343,41.35,41.39,41.39,41.31,47347
12/16/2022,1671201300000,40.9228,40.93,41.04,41.04,40.86,50041
12/15/2022,1671114900000,41.7745,41.825,41.79,41.825,41.74,9701
12/14/2022,1671028500000,43.2671,43.31,43.22,43.32,43.22,11978
12/13/2022,1670942100000,44.946,44.86,44.985,45.03,44.85,58028
12/12/2022,1670855700000,41.723,41.645,41.74,41.77,41.645,19419
12/09/2022,1670596500000,42.2518,42.27,42.2675,42.27,42.22,15729
12/08/2022,1670510100000,41.698,41.62,41.71,41.7289,41.62,15905
12/07/2022,1670423700000,41.4019,41.325,41.44,41.4565,41.3035,27144
12/06/2022,1670337300000,42.3748,42.38,42.355,42.45,42.32,8887
12/05/2022,1670250900000,44.6619,44.685,44.5,44.755,44.49,28179
12/02/2022,1669991700000,45.663,45.67,45.69,45.73,45.615,10243
12/01/2022,1669905300000,47.1236,47.12,47.14,47.14,47.1,8440
11/30/2022,1669818900000,45.6749,45.74,45.69,45.74,45.6283,8814
11/29/2022,1669732500000,45.392,45.41,45.37,45.44,45.36,26068
11/28/2022,1669646100000,46.6119,46.58,46.6,46.635,46.57,10620
11/25/2022,1669386900000,46.6284,46.63,46.615,46.67,46.61,3669
11/23/2022,1669214100000,46.4604,46.48,46.45,46.49,46.45,6533
11/22/2022,1669127700000,46.609,46.54,46.66,46.66,46.52,7519
11/21/2022,1669041300000,46.0483,46.025,46.015,46.1,46.0,22816
11/18/2022,1668782100000,45.8022,45.78,45.74,45.87,45.74,8575
11/17/2022,1668695700000,44.7112,44.705,44.6799,44.74,44.67,4322
11/16/2022,1668609300000,46.3243,46.39,46.34,46.415,46.25,17974
11/15/2022,1668522900000,47.4213,47.33,47.47,47.47,47.33,11925
11/14/2022,1668436500000,47.0068,47.02,47.03,47.07,46.95,15322
11/11/2022,1668177300000,46.5872,46.59,46.55,46.64,46.53,19415
11/10/2022,1668090900000,44.434,44.44,44.42,44.48,44.4,28464
11/09/2022,1668004500000,43.4497,43.39,43.52,43.52,43.36,5041
11/08/2022,1667918100000,44.0784,44.11,44.085,44.11,44.045,6887
11/07/2022,1667831700000,44.1314,44.095,44.12,44.17,44.095,11067
11/04/2022,1667568900000,43.4617,43.37,43.5,43.52,43.37,33804
11/03/2022,1667482500000,43.0756,43.1,43.1,43.11,43.04,10680
11/02/2022,1667396100000,44.5234,44.53,44.5,44.55,44.5,18009
11/01/2022,1667309700000,44.9692,44.985,44.94,45.01,44.905,9973
10/31/2022,1667223300000,44.8847,44.88,44.91,44.93,44.85,7783
10/28/2022,1666964100000,44.6037,44.6,44.53,44.64,44.53,13577
10/27/2022,1666877700000,44.8681,44.87,44.94,44.94,44.835,7661
10/26/2022,1666791300000,44.2255,44.27,44.21,44.28,44.1884,17475
10/25/2022,1666704900000,42.6473,42.645,42.6111,42.705,42.61,40217
10/24/2022,1666618500000,41.9807,41.82,41.99,42.06,41.81,28182
10/21/2022,1666359300000,40.1339,40.16,40.12,40.18,40.09,47669
10/20/2022,1666272900000,42.2168,42.38,42.16,42.38,42.09,12528
10/19/2022,1666186500000,43.2519,43.27,43.23,43.33,43.16,19813
10/18/2022,1666100100000,43.8192,43.66,44.13,44.2,43.47,122282
10/17/2022,1666013700000,44.1199,44.0,44.15,44.215,43.98,15286
10/14/2022,1665754500000,44.7625,44.78,44.72,44.81,44.69,32458
10/13/2022,1665668100000,41.2828,41.34,41.24,41.35,41.24,9673
10/12/2022,1665581700000,42.0104,41.95,42.0,42.065,41.94,23239
10/11/2022,1665495300000,42.8668,42.87,42.85,42.91,42.85,6729
10/10/2022,1665408900000,43.837,43.8,43.85,43.89,43.79,4909
10/07/2022,1665149700000,44.1566,44.26,44.15,44.26,44.1,10610
10/06/2022,1665063300000,45.408,45.4281,45.39,45.44,45.37,6459
10/05/2022,1664976900000,45.923,45.87,46.04,46.04,45.86,9826
10/04/2022,1664890500000,45.4514,45.43,45.48,45.49,45.4,11556
10/03/2022,1664804100000,43.8015,43.81,43.76,43.83,43.76,6950
09/30/2022,1664544900000,44.0845,44.15,44.07,44.18,44.05,20414
09/29/2022,1664458500000,43.692,43.69,43.68,43.7358,43.66,9715
09/28/2022,1664372100000,43.727,43.66,43.775,43.81,43.66,24721
09/27/2022,1664285700000,43.8288,43.89,43.76,43.9,43.76,11968
09/26/2022,1664199300000,44.3719,44.37,44.425,44.43,44.32,14077
09/23/2022,1663940100000,44.1969,44.24,44.17,44.24,44.16,8017
09/22/2022,1663853700000,45.8285,45.865,45.86,45.88,45.79,12710
09/21/2022,1663767300000,47.1006,47.055,47.08,47.14,47.05,12505
09/20/2022,1663680900000,47.586,47.6,47.63,47.63,47.55,4623
09/19/2022,1663594500000,47.1227,47.09,47.19,47.19,47.07,15137
09/16/2022,1663335300000,47.2925,47.25,47.41,47.42,47.23,16239
09/15/2022,1663248900000,47.6208,47.63,47.636,47.65,47.6,7446
09/14/2022,1663162500000,47.2961,47.24,47.34,47.35,47.23,18135
09/13/2022,1663076100000,48.4527,48.48,48.44,48.49,48.39,16356
09/12/2022,1662989700000,49.0865,49.105,49.06,49.13,49.03,17713
09/09/2022,1662730500000,48.4384,48.48,48.44,48.485,48.37,11915
09/08/2022,1662644100000,46.7388,46.72,46.75,46.77,46.7,7289
09/07/2022,1662557700000,45.7292,45.76,45.8,45.8,45.7,10043
09/06/2022,1662471300000,46.6479,46.67,46.64,46.68,46.605,7291
09/02/2022,1662125700000,47.2561,47.31,47.2387,47.31,47.23,5499
09/01/2022,1662039300000,46.4483,46.5,46.43,46.5,46.39,10919
08/31/2022,1661952900000,47.1596,47.185,47.12,47.19,47.11,7254
08/30/2022,1661866500000,48.169,48.16,48.22,48.22,48.13,9717
08/29/2022,1661780100000,47.9895,48.01,47.98,48.04,47.94,13570
08/26/2022,1661520900000,49.84,49.86,49.79,49.88,49.79,6583
08/25/2022,1661434500000,49.0748,49.055,49.13,49.14,49.05,8033
08/24/2022,1661348100000,48.9229,48.9,48.935,48.96,48.88,9279
08/23/2022,1661261700000,49.6242,49.64,49.64,49.66,49.59,12421
08/22/2022,1661175300000,49.6377,49.57,49.57,49.67,49.56,9137
08/19/2022,1660916100000,51.1534,51.145,51.16,51.2,51.11,13044
08/18/2022,1660829700000,51.2211,51.18,51.22,51.26,51.18,6819
08/17/2022,1660743300000,51.4616,51.41,51.515,51.515,51.4,5432
08/16/2022,1660656900000,51.4742,51.42,51.5,51.52,51.42,12001
08/15/2022,1660570500000,51.0063,51.03,51.02,51.06,50.98,45762
08/12/2022,1660311300000,51.0839,51.09,51.045,51.12,51.04,14488
08/11/2022,1660224900000,51.1,51.12,51.05,51.14,51.05,9580
08/10/2022,1660138500000,50.519,50.53,50.57,50.57,50.48,10193
08/09/2022,1660052100000,49.8046,49.72,49.875,49.88,49.72,10430
08/08/2022,1659965700000,50.4203,50.345,50.41,50.48,50.33,13309
08/05/2022,1659706500000,49.4227,49.35,49.4,49.47,49.35,7262
08/04/2022,1659620100000,50.0357,50.06,50.0,50.11,49.99,7627
08/03/2022,1659533700000,49.7204,49.69,49.804,49.804,49.68,11966
08/02/2022,1659447300000,49.9282,50.0,49.84,50.01,49.79,9310
08/01/2022,1659360900000,49.7841,49.7,49.82,49.83,49.69,9257
07/29/2022,1659101700000,49.9846,49.98,49.945,50.02,49.93,8731
07/28/2022,1659015300000,49.6184,49.62,49.64,49.67,49.5337,12819
07/27/2022,1658928900000,48.7513,48.78,48.77,48.81,48.73,5874
07/26/2022,1658842500000,49.1829,49.15,49.26,49.26,49.13,12206
07/25/2022,1658756100000,48.414,48.4,48.3997,48.46,48.385,8781
07/22/2022,1658496900000,48.4481,48.42,48.5,48.5,48.42,4111
07/21/2022,1658410500000,48.1163,48.085,48.03,48.15,48.03,5811
07/20/2022,1658324100000,48.0641,48.02,48.17,48.17,47.978,15086
07/19/2022,1658237700000,47.5293,47.52,47.52,47.69,47.42,77776
07/18/2022,1658151300000,48.5014,48.49,48.48,48.56,48.48,10637
07/15/2022,1657892100000,45.7849,45.74,45.79,45.84,45.7398,17965
07/14/2022,1657805700000,45.0339,44.9161,45.06,45.07,44.9161,25543
07/13/2022,1657719300000,46.4265,46.47,46.405,46.48,46.37,9588
07/12/2022,1657632900000,46.8693,46.83,46.9018,46.9018,46.82,19673
07/11/2022,1657546500000,47.392,47.43,47.34,47.43,47.34,7206
07/08/2022,1657287300000,48.1892,48.22,48.09,48.24,48.09,8185
07/07/2022,1657200900000,48.0948,48.22,48.07,48.26,48.05,42887
07/06/2022,1657114500000,48.4347,48.49,48.42,48.49,48.4,11054
07/05/2022,1657028100000,47.0832,47.16,47.085,47.16,47.02,12244
07/01/2022,1656682500000,47.3397,47.4,47.29,47.4,47.29,7576
06/30/2022,1656596100000,46.323,46.32,46.41,46.41,46.26,23289
06/29/2022,1656509700000,48.0812,48.12,48.07,48.135,48.04,9696
06/28/2022,1656423300000,49.4578,49.38,49.47,49.49,49.38,15830
06/27/2022,1656336900000,48.9204,48.9,48.91,48.975,48.865,18260
06/24/2022,1656077700000,47.555,47.55,47.5679,47.59,47.53,6298
06/23/2022,1655991300000,46.9296,46.915,46.995,46.995,46.89,8173
06/22/2022,1655904900000,46.4583,46.44,46.47,46.485,46.41,18007
06/21/2022,1655818500000,47.157,47.25,47.11,47.255,47.09,20620
06/17/2022,1655472900000,46.2424,46.27,46.21,46.28,46.2,12073
06/16/2022,1655386500000,45.5493,45.5,45.6,45.63,45.5,16364
06/15/2022,1655300100000,46.7336,46.76,46.72,46.76,46.705,16179
06/14/2022,1655213700000,47.1274,47.09,47.22,47.23,47.07,29384
06/13/2022,1655127300000,45.1811,45.21,45.14,45.23,45.14,20372
06/10/2022,1654868100000,46.9287,46.89,46.925,46.96,46.87,14283
06/09/2022,1654781700000,48.9094,48.94,48.87,48.95,48.86,5421
06/08/2022,1654695300000,49.0996,49.09,49.07,49.15,49.06,11936
06/07/2022,1654608900000,49.1722,49.13,49.175,49.21,49.13,13385
06/06/2022,1654522500000,49.6882,49.73,49.71,49.74,49.63,9830
06/03/2022,1654263300000,49.5516,49.65,49.48,49.65,49.45,20561
06/02/2022,1654176900000,48.76,48.86,48.75,48.87,48.69,24860
06/01/2022,1654090500000,49.614,49.67,49.65,49.7,49.56,41025
05/31/2022,1654004100000,48.5054,48.455,48.575,48.6,48.41,14063
05/27/2022,1653658500000,48.6409,48.63,48.64,48.695,48.59,29204
05/26/2022,1653572100000,48.2885,48.24,48.35,48.37,48.21,14624
05/25/2022,1653485700000,46.9251,46.91,46.94,46.97,46.86,12867
05/24/2022,1653399300000,46.7543,46.73,46.7401,46.81,46.68,7436
05/23/2022,1653312900000,46.7598,46.82,46.8,46.845,46.68,28187
05/20/2022,1653053700000,46.4932,46.54,46.43,46.55,46.43,16230
05/19/2022,1652967300000,46.3287,46.38,46.36,46.395,46.27,6537
05/18/2022,1652880900000,47.2076,47.23,47.27,47.27,47.17,15888
05/17/2022,1652794500000,47.2986,47.385,47.19,47.385,47.1856,30320
05/16/2022,1652708100000,46.2969,46.29,46.2,46.35,46.2,24028
05/13/2022,1652448900000,46.8457,46.83,46.76,46.905,46.76,47645
05/12/2022,1652362500000,45.8639,45.8,45.85,45.99,45.775,23186
05/11/2022,1652276100000,47.5089,47.56,47.51,47.56,47.41,23709
05/10/2022,1652189700000,48.9945,49.05,48.965,49.07,48.92,19996
05/09/2022,1652103300000,48.6248,48.63,48.56,48.67,48.56,16769
05/06/2022,1651844100000,49.2442,49.26,49.14,49.27,49.14,46088
05/05/2022,1651757700000,49.8829,49.92,49.78,49.98,49.76,24542
05/04/2022,1651671300000,49.5849,49.55,49.54,49.61,49.54,25757
05/03/2022,1651584900000,49.6104,49.66,49.5944,49.68,49.52,32525
05/02/2022,1651498500000,48.6158,48.69,48.53,48.76,48.5,47647
04/29/2022,1651239300000,50.3671,50.37,50.31,50.42,50.29,30509
04/28/2022,1651152900000,50.2046,50.245,50.11,50.28,50.08,54201
04/27/2022,1651066500000,50.4413,50.47,50.35,50.5,50.35,19552
04/26/2022,1650980100000,50.5805,50.54,50.62,50.65,50.5,21137
04/25/2022,1650893700000,49.3763,49.31,49.33,49.51,49.29,128258
04/22/2022,1650634500000,51.974,51.99,51.85,52.0934,51.84,17316
04/21/2022,1650548100000,53.2713,53.34,53.09,53.37,53.08,22473
04/20/2022,1650461700000,52.3264,52.37,52.31,52.44,52.21,16637
04/19/2022,1650375300000,51.0797,50.98,51.07,51.25,50.91,108979
04/18/2022,1650288900000,52.3972,52.28,52.35,52.48,52.28,14281
04/14/2022,1649943300000,51.7858,51.89,51.92,51.92,51.68,50398
04/13/2022,1649856900000,52.4968,52.5,52.44,52.61,52.42,39877
04/12/2022,1649770500000,53.5945,53.5,53.585,53.67,53.5,17343
04/11/2022,1649684100000,53.5479,53.355,53.66,53.72,53.355,43207
04/08/2022,1649424900000,53.6715,53.67,53.74,53.75,53.595,12134
04/07/2022,1649338500000,54.3964,54.45,54.33,54.45,54.31,10745
04/06/2022,1649252100000,54.7776,54.73,54.805,54.84,54.73,5581
04/05/2022,1649165700000,55.3114,55.31,55.29,55.38,55.23,18202
04/04/2022,1649079300000,54.3105,54.33,54.29,54.3527,54.24,18024
04/01/2022,1648820100000,57.1074,57.12,57.1,57.17,57.045,18812
03/31/2022,1648733700000,58.9619,59.05,58.96,59.05,58.86,11271
03/30/2022,1648647300000,60.1576,60.1,60.15,60.22,60.1,6509
03/29/2022,1648560900000,60.9809,60.88,60.95,61.1,60.87,14354
03/28/2022,1648474500000,58.5124,58.62,58.54,58.62,58.41,47747
03/25/2022,1648215300000,58.9397,58.87,58.99,59.01,58.85,20713
03/24/2022,1648128900000,58.124,58.16,58.07,58.18,58.05,10714
03/23/2022,1648042500000,59.1337,59.13,59.2,59.22,59.07,8785
03/22/2022,1647956100000,59.6736,59.58,59.71,59.73,59.58,16747
03/21/2022,1647869700000,59.5358,59.49,59.55,59.58,59.45,12222
03/18/2022,1647610500000,58.4695,58.41,58.47,58.52,58.4,18093
03/17/2022,1647524100000,58.3334,58.35,58.3,58.43,58.2592,19209
03/16/2022,1647437700000,59.0401,59.11,59.01,59.18,58.96,17444
03/15/2022,1647351300000,58.6873,58.6,58.66,58.75,58.6,14736
03/14/2022,1647264900000,57.9898,58.03,57.945,58.095,57.92,17702
03/11/2022,1647009300000,58.3362,58.36,58.355,58.41,58.26,7297
03/10/2022,1646922900000,57.9124,57.87,57.865,58.01,57.815,21770
03/09/2022,1646836500000,59.4491,59.41,59.46,59.5117,59.37,22158
03/08/2022,1646750100000,57.1233,57.07,57.22,57.22,57.0508,20373
03/07/2022,1646663700000,58.7344,58.62,58.74,58.85,58.62,9439
03/04/2022,1646404500000,58.5062,58.365,58.56,58.615,58.34,24362
03/03/2022,1646318100000,60.5752,60.57,60.65,60.65,60.53,7586
03/02/2022,1646231700000,59.7562,59.73,59.7,59.84,59.64,33258
03/01/2022,1646145300000,60.7881,60.73,60.72,60.89,60.71,16928
02/28/2022,1646058900000,60.9147,60.7,61.06,61.09,60.69,38781
02/25/2022,1645799700000,61.0731,61.11,60.97,61.15,60.955,28805
02/24/2022,1645713300000,57.7397,57.97,57.705,57.97,57.63,29227
02/23/2022,1645626900000,62.5222,62.46,62.49,62.59,62.46,15426
02/22/2022,1645540500000,62.0207,62.09,61.97,62.13,61.95,13685
02/18/2022,1645194900000,62.629,62.68,62.55,62.71,62.55,5184
02/17/2022,1645108500000,63.8604,63.83,63.87,63.895,63.83,11672
02/16/2022,1645022100000,64.7899,64.75,64.85,64.85,64.75,2511
02/15/2022,1644935700000,64.076,64.09,64.086,64.1,64.02,7693
02/14/2022,1644849300000,64.0073,64.1,63.93,64.1,63.91,8953
02/11/2022,1644590100000,63.8276,63.77,63.825,63.9115,63.74,8902
02/10/2022,1644503700000,65.2057,65.24,65.17,65.27,65.11,12271
02/09/2022,1644417300000,65.4508,65.43,65.481,65.51,65.39,28364
02/08/2022,1644330900000,65.4408,65.4,65.42,65.52,65.37,35180
02/07/2022,1644244500000,64.0557,64.02,64.055,64.1,64.01,7946
02/04/2022,1643985300000,63.4999,63.44,63.58,63.61,63.41,10692
02/03/2022,1643898900000,64.277,64.22,64.38,64.38,64.191,10444
02/02/2022,1643812500000,63.967,63.96,63.87,64.0586,63.87,8119
02/01/2022,1643726100000,62.8343,62.65,62.92,62.96,62.65,15797
01/31/2022,1643639700000,61.4727,61.42,61.59,61.59,61.37,10976
01/28/2022,1643380500000,61.301,61.34,61.19,61.45,61.16,16342
01/27/2022,1643294100000,63.6095,63.69,63.55,63.69,63.54,14574
01/26/2022,1643207700000,63.0524,63.18,62.93,63.19,62.92,31128
01/25/2022,1643121300000,61.6864,61.66,61.7,61.77,61.61,32289
01/24/2022,1643034900000,60.5756,60.41,60.5,60.75,60.375,43830
01/21/2022,1642775700000,62.506,62.52,62.44,62.6,62.38,15766
01/20/2022,1642689300000,63.9938,64.15,63.9,64.17,63.89,45862
01/19/2022,1642602900000,67.213,67.06,67.215,67.33,67.06,19242
01/18/2022,1642516500000,68.1486,68.77,67.47,68.84,67.29,108733
01/14/2022,1642170900000,65.5572,65.42,65.66,65.67,65.41,16803
01/13/2022,1642084500000,66.5639,66.48,66.6,66.61,66.48,11165
01/12/2022,1641998100000,65.6464,65.64,65.67,65.74,65.57,43426
01/11/2022,1641911700000,65.0283,65.0,64.985,65.13,64.98,15240
01/10/2022,1641825300000,65.5367,65.58,65.6,65.6035,65.43,18053
01/07/2022,1641566100000,63.9751,63.91,63.89,64.025,63.88,24966
01/06/2022,1641479700000,62.8019,62.96,62.72,62.97,62.66,16717
01/05/2022,1641393300000,62.8014,62.83,62.84,62.86,62.765,13165
01/04/2022,1641306900000,61.5608,61.53,61.48,61.61,61.47,15540
01/03/2022,1641220500000,59.6284,59.66,59.6266,59.675,59.61,7816
