12/29/1989,2.4,2.48,2.32,2.48,0.08,0.0,1010468.0
12/28/1989,2.4,2.48,2.32,2.4,-0.08,0.0,675312.0
12/27/1989,2.4,2.56,2.16,2.48,0.08,0.0,381562.0
12/26/1989,2.56,2.56,2.4,2.4,-0.08,0.0,335937.0
12/22/1989,2.48,2.56,2.48,2.48,-0.08,0.0,653750.0
12/21/1989,2.32,2.64,2.32,2.56,0.24,0.0,819375.0
12/20/1989,2.32,2.4,2.24,2.32,-0.08,0.0,568125.0
12/19/1989,2.4,2.48,2.4,2.4,-0.08,0.0,839062.0
12/18/1989,2.48,2.56,2.4,2.48,-0.08,0.0,320781.0
12/15/1989,2.64,2.64,2.48,2.56,-0.08,0.0,428281.0
12/14/1989,2.48,2.64,2.48,2.64,0.08,0.0,2315156.0
12/13/1989,2.56,2.56,2.4,2.56,0.08,0.0,1368593.0
12/12/1989,2.64,2.72,2.48,2.48,-0.16,0.0,410937.0
12/11/1989,2.48,2.64,2.48,2.64,0.16,0.0,291250.0
12/08/1989,2.48,2.64,2.48,2.48,0.0,0.0,474375.0
12/07/1989,2.4,2.48,2.32,2.48,0.17,0.0,224843.0
12/06/1989,2.4,2.48,2.32,2.32,-0.08,0.0,584687.0
12/05/1989,2.4,2.48,2.4,2.4,-0.08,0.0,463906.0
12/04/1989,2.48,2.56,2.4,2.48,-0.08,0.0,301718.0
12/01/1989,2.56,2.64,2.48,2.56,0.0,0.0,94531.0
11/30/1989,2.64,2.64,2.56,2.56,0.0,0.0,138750.0
11/29/1989,2.8,2.88,2.56,2.56,-0.24,0.0,369375.0
11/28/1989,2.64,2.88,2.64,2.8,0.15,0.0,515156.0
11/27/1989,2.8,2.8,2.64,2.64,-0.15,0.0,170156.0
11/24/1989,2.48,2.8,2.48,2.8,0.4,0.0,296875.0
11/22/1989,2.4,2.48,2.32,2.4,0.0,0.0,334062.0
11/21/1989,2.48,2.56,2.4,2.4,-0.08,0.0,139218.0
11/20/1989,2.48,2.56,2.4,2.48,0.0,0.0,228750.0
11/17/1989,2.4,2.48,2.4,2.48,0.0,0.0,103281.0
11/16/1989,2.4,2.48,2.32,2.48,0.17,0.0,225312.0
11/15/1989,2.32,2.4,2.32,2.32,-0.08,0.0,197500.0
11/14/1989,2.56,2.56,2.32,2.4,-0.08,0.0,248281.0
11/13/1989,2.56,2.56,2.48,2.48,-0.08,0.0,63906.0
11/10/1989,2.48,2.64,2.48,2.56,0.0,0.0,59375.0
11/09/1989,2.64,2.64,2.48,2.56,0.0,0.0,144062.0
11/08/1989,2.4,2.72,2.4,2.56,0.08,0.0,230937.0
11/07/1989,2.4,2.48,2.32,2.48,0.08,0.0,454531.0
11/06/1989,2.48,2.56,2.4,2.4,-0.16,0.0,339062.0
11/03/1989,2.56,2.56,2.4,2.56,0.0,0.0,210625.0
11/02/1989,2.56,2.64,2.48,2.56,0.0,0.0,470000.0
11/01/1989,2.72,2.72,2.56,2.56,-0.08,0.0,331562.0
10/31/1989,2.56,2.64,2.4,2.64,0.08,0.0,1068906.0
10/30/1989,2.56,2.72,2.56,2.56,0.0,0.0,232656.0
10/27/1989,2.96,2.96,2.56,2.56,-0.32,0.0,382343.0
10/26/1989,3.04,3.04,2.88,2.88,-0.16,0.0,159375.0
10/25/1989,3.04,3.04,2.96,3.04,0.08,0.0,110156.0
10/24/1989,3.12,3.12,2.96,2.96,-0.15,0.0,209218.0
10/23/1989,3.12,3.28,3.12,3.12,0.0,0.0,110781.0
10/20/1989,3.12,3.2,3.12,3.12,0.0,0.0,139843.0
10/19/1989,3.04,3.2,3.04,3.12,0.08,0.0,324687.0
10/18/1989,2.96,3.12,2.96,3.04,0.08,0.0,107656.0
10/17/1989,3.04,3.12,2.96,2.96,0.0,0.0,148750.0
10/16/1989,2.72,3.12,2.64,2.96,0.0,0.0,430000.0
10/13/1989,3.36,3.36,2.96,2.96,-0.31,0.0,448437.0
10/12/1989,3.2,3.36,3.2,3.28,0.0,0.0,154062.0
10/11/1989,3.12,3.28,3.12,3.28,0.08,0.0,398750.0
10/10/1989,3.04,3.2,3.04,3.2,0.08,0.0,92031.0
10/09/1989,3.04,3.12,3.04,3.12,0.0,0.0,16406.0
10/06/1989,3.12,3.2,3.04,3.12,0.08,0.0,142343.0
10/05/1989,3.2,3.2,2.96,3.04,-0.16,0.0,442656.0
10/04/1989,3.12,3.2,3.12,3.2,0.08,0.0,294687.0
10/03/1989,3.2,3.28,3.12,3.12,-0.08,0.0,235312.0
10/02/1989,3.36,3.36,3.2,3.2,-0.16,0.0,151093.0
09/29/1989,3.28,3.36,3.2,3.36,0.08,0.0,122812.0
09/28/1989,3.36,3.36,3.2,3.28,-0.08,0.0,83437.0
09/27/1989,3.36,3.36,3.2,3.36,0.0,0.0,105000.0
09/26/1989,3.36,3.44,3.2,3.36,0.0,0.0,402812.0
09/25/1989,3.52,3.52,3.36,3.36,-0.16,0.0,359687.0
09/22/1989,3.6,3.68,3.52,3.52,-0.08,0.0,138125.0
09/21/1989,3.44,3.6,3.36,3.6,0.15,0.0,557343.0
09/20/1989,3.36,3.44,3.28,3.44,0.08,0.0,310312.0
09/19/1989,3.44,3.44,3.36,3.36,-0.08,0.0,1120312.0
09/18/1989,3.6,3.6,3.36,3.44,-0.24,0.0,178906.0
09/15/1989,3.68,3.68,3.52,3.68,-0.08,0.0,227968.0
09/14/1989,3.76,3.84,3.68,3.76,-0.08,0.0,431875.0
09/13/1989,3.76,3.84,3.76,3.84,0.08,0.0,239531.0
09/12/1989,3.76,3.84,3.76,3.76,0.0,0.0,89843.0
09/11/1989,3.76,3.84,3.68,3.76,0.0,0.0,178437.0
09/08/1989,3.76,3.92,3.76,3.76,0.0,0.0,372812.0
09/07/1989,3.68,3.76,3.68,3.76,0.08,0.0,329375.0
09/06/1989,3.76,3.76,3.6,3.68,0.0,0.0,220468.0
09/05/1989,3.84,3.84,3.68,3.68,-0.24,0.0,78593.0
09/01/1989,3.92,3.92,3.84,3.92,0.08,0.0,168281.0
08/31/1989,3.92,4.0,3.76,3.84,0.0,0.0,281562.0
08/30/1989,3.84,3.92,3.76,3.84,0.0,0.0,101875.0
08/29/1989,3.84,3.92,3.68,3.84,0.0,0.0,136250.0
08/28/1989,4.0,4.08,3.84,3.84,-0.16,0.0,152656.0
08/25/1989,4.0,4.08,4.0,4.0,0.08,0.0,287343.0
08/24/1989,3.76,4.0,3.68,3.92,0.17,0.0,428750.0
08/23/1989,3.68,3.76,3.6,3.76,0.08,0.0,136250.0
08/22/1989,3.6,3.76,3.6,3.68,0.0,0.0,90625.0
08/21/1989,3.6,3.84,3.6,3.68,0.08,0.0,743593.0
08/18/1989,3.68,3.68,3.52,3.6,-0.08,0.0,452812.0
08/17/1989,3.84,3.84,3.6,3.68,-0.08,0.0,1000312.0
08/16/1989,3.92,4.0,3.68,3.76,-0.17,0.0,663281.0
08/15/1989,4.0,4.16,3.92,3.92,0.0,0.0,364062.0
08/14/1989,4.08,4.16,3.84,3.92,-0.15,0.0,1929374.0
08/11/1989,4.24,4.24,4.08,4.08,-0.16,0.0,953124.0
08/10/1989,4.32,4.4,4.24,4.24,-0.08,0.0,557343.0
08/09/1989,4.4,4.48,4.24,4.32,-0.08,0.0,608125.0
08/08/1989,4.48,4.48,4.32,4.4,-0.08,0.0,473125.0
08/07/1989,4.48,4.56,4.32,4.48,0.0,0.0,543750.0
08/04/1989,4.16,4.48,4.16,4.48,0.24,0.0,1127968.0
08/03/1989,4.32,4.32,4.24,4.24,-0.17,0.0,622343.0
08/02/1989,4.32,4.4,4.32,4.4,0.08,0.0,323281.0
08/01/1989,4.24,4.4,4.16,4.32,0.0,0.0,604531.0
07/31/1989,4.16,4.32,4.16,4.32,0.08,0.0,212812.0
07/28/1989,4.24,4.24,4.16,4.24,0.0,0.0,223437.0
07/27/1989,4.24,4.32,4.16,4.24,0.0,0.0,765312.0
07/26/1989,4.24,4.32,4.24,4.24,-0.08,0.0,278125.0
07/25/1989,4.32,4.4,4.24,4.32,-0.08,0.0,238750.0
07/24/1989,4.32,4.4,4.24,4.4,0.08,0.0,363593.0
07/21/1989,4.4,4.4,4.24,4.32,-0.08,0.0,426718.0
07/20/1989,4.48,4.48,4.32,4.4,-0.08,0.0,509062.0
07/19/1989,4.32,4.48,4.32,4.48,0.16,0.0,684375.0
07/18/1989,4.32,4.48,4.32,4.32,0.0,0.0,427812.0
07/17/1989,4.32,4.48,4.32,4.32,-0.08,0.0,347656.0
07/14/1989,4.4,4.48,4.32,4.4,0.0,0.0,697812.0
07/13/1989,4.48,4.48,4.32,4.4,-0.24,0.0,2573906.0
07/12/1989,4.64,4.64,4.56,4.64,0.0,0.0,302500.0
07/11/1989,4.64,4.64,4.56,4.64,0.08,0.0,165937.0
07/10/1989,4.64,4.72,4.56,4.56,-0.08,0.0,447031.0
07/07/1989,4.72,4.72,4.64,4.64,-0.08,0.0,291562.0
07/06/1989,4.88,4.88,4.72,4.72,-0.17,0.0,334531.0
07/05/1989,4.8,4.96,4.72,4.88,0.08,0.0,666250.0
07/03/1989,4.64,4.8,4.64,4.8,0.08,0.0,52812.0
06/30/1989,4.88,4.88,4.64,4.72,-0.17,0.0,351250.0
06/29/1989,4.8,4.88,4.8,4.88,0.08,0.0,642343.0
06/28/1989,4.56,4.88,4.48,4.8,0.08,0.0,980781.0
06/27/1989,4.48,4.96,4.48,4.72,0.24,0.0,2690000.0
06/26/1989,4.48,4.56,4.4,4.48,0.0,0.0,367187.0
06/23/1989,4.48,4.48,4.4,4.48,0.0,0.0,453437.0
06/22/1989,4.48,4.56,4.32,4.48,0.08,0.0,1240312.0
06/21/1989,4.56,4.72,4.24,4.4,-0.15,0.0,1782500.0
06/20/1989,4.72,4.72,4.48,4.56,-0.16,0.0,634531.0
06/19/1989,4.88,4.88,4.72,4.72,-0.17,0.0,666718.0
06/16/1989,4.88,4.96,4.8,4.88,0.0,0.0,1545000.0
06/15/1989,4.8,5.04,4.8,4.88,0.24,0.0,2924062.0
06/14/1989,4.4,4.72,4.32,4.64,0.24,0.0,1107500.0
06/13/1989,4.48,4.48,4.4,4.4,-0.08,0.0,533437.0
06/12/1989,4.48,4.56,4.4,4.48,0.0,0.0,250781.0
06/09/1989,4.48,4.56,4.4,4.48,0.0,0.0,1145312.0
06/08/1989,4.48,4.56,4.4,4.48,0.0,0.0,586875.0
06/07/1989,4.56,4.56,4.4,4.48,-0.08,0.0,157187.0
06/06/1989,4.4,4.56,4.4,4.56,0.15,0.0,751250.0
06/05/1989,4.48,4.56,4.32,4.4,-0.15,0.0,476093.0
06/02/1989,4.48,4.56,4.32,4.56,0.24,0.0,542031.0
06/01/1989,4.48,4.48,4.32,4.32,-0.16,0.0,356406.0
05/31/1989,4.4,4.48,4.4,4.48,0.08,0.0,411406.0
05/30/1989,4.48,4.56,4.4,4.4,0.0,0.0,434843.0
05/26/1989,4.48,4.48,4.4,4.4,-0.08,0.0,95625.0
05/25/1989,4.4,4.64,4.32,4.48,0.08,0.0,1004218.0
05/24/1989,4.48,4.48,4.32,4.4,0.0,0.0,410937.0
05/23/1989,4.48,4.48,4.4,4.4,-0.15,0.0,514687.0
05/22/1989,4.64,4.64,4.48,4.56,-0.16,0.0,417031.0
05/19/1989,4.64,4.8,4.32,4.72,0.16,0.0,1230937.0
05/18/1989,4.64,4.64,4.56,4.56,-0.08,0.0,317343.0
05/17/1989,4.64,4.72,4.56,4.64,-0.08,0.0,267812.0
05/16/1989,4.72,4.8,4.64,4.72,0.08,0.0,814687.0
05/15/1989,4.56,4.72,4.56,4.64,0.08,0.0,1009062.0
05/12/1989,4.72,4.72,4.48,4.56,-0.08,0.0,934999.0
05/11/1989,4.8,4.88,4.56,4.64,-0.16,0.0,931875.0
05/10/1989,4.32,4.8,4.24,4.8,0.48,0.0,621406.0
05/09/1989,4.32,4.32,4.24,4.32,0.08,0.0,262968.0
05/08/1989,4.32,4.4,4.24,4.24,-0.08,0.0,145937.0
05/05/1989,4.4,4.4,4.32,4.32,-0.08,0.0,128125.0
05/04/1989,4.32,4.4,4.32,4.4,0.08,0.0,101562.0
05/03/1989,4.4,4.4,4.32,4.32,-0.08,0.0,252500.0
05/02/1989,4.48,4.48,4.4,4.4,-0.08,0.0,167500.0
05/01/1989,4.48,4.48,4.4,4.48,0.0,0.0,217968.0
04/28/1989,4.48,4.56,4.32,4.48,0.08,0.0,820781.0
04/27/1989,4.32,4.48,4.32,4.4,0.08,0.0,247343.0
04/26/1989,4.24,4.32,4.08,4.32,0.16,0.0,290781.0
04/25/1989,4.4,4.4,4.16,4.16,-0.16,0.0,229687.0
04/24/1989,4.4,4.4,4.32,4.32,-0.16,0.0,364062.0
04/21/1989,4.48,4.56,4.4,4.48,-0.08,0.0,246562.0
04/20/1989,4.64,4.64,4.48,4.56,-0.08,0.0,249531.0
04/19/1989,4.8,4.8,4.48,4.64,-0.08,0.0,679375.0
04/18/1989,4.8,4.88,4.72,4.72,-0.17,0.0,196093.0
04/17/1989,4.96,4.96,4.8,4.88,-0.08,0.0,118125.0
04/14/1989,4.88,5.04,4.88,4.96,0.08,0.0,344062.0
04/13/1989,4.8,4.96,4.8,4.88,0.08,0.0,97968.0
04/12/1989,4.8,4.88,4.8,4.8,0.08,0.0,248593.0
04/11/1989,4.8,4.8,4.72,4.72,0.0,0.0,96406.0
04/10/1989,4.96,4.96,4.72,4.72,-0.17,0.0,139843.0
04/07/1989,4.96,4.96,4.8,4.88,0.0,0.0,112031.0
04/06/1989,4.88,4.88,4.8,4.88,0.0,0.0,84218.0
04/05/1989,4.88,4.88,4.8,4.88,0.0,0.0,500781.0
04/04/1989,4.96,4.96,4.88,4.88,-0.08,0.0,29375.0
04/03/1989,4.96,4.96,4.88,4.96,0.0,0.0,445312.0
03/31/1989,4.96,4.96,4.88,4.96,0.0,0.0,205625.0
03/30/1989,4.96,4.96,4.88,4.96,0.0,0.0,102968.0
03/29/1989,5.04,5.04,4.88,4.96,-0.08,0.0,169687.0
03/28/1989,4.8,5.04,4.8,5.04,0.24,0.0,731875.0
03/27/1989,4.88,4.88,4.72,4.8,0.0,0.0,161562.0
03/23/1989,4.88,5.12,4.32,4.8,0.0,0.0,875937.0
03/22/1989,4.96,4.96,4.8,4.8,-0.08,0.0,165468.0
03/21/1989,4.96,4.96,4.88,4.88,-0.08,0.0,106406.0
03/20/1989,4.96,4.96,4.88,4.96,0.0,0.0,465156.0
03/17/1989,4.96,5.04,4.88,4.96,-0.08,0.0,238593.0
03/16/1989,4.96,5.12,4.96,5.04,0.08,0.0,283906.0
03/15/1989,4.96,5.04,4.96,4.96,0.0,0.0,392031.0
03/14/1989,5.04,5.04,4.8,4.96,-0.08,0.0,172656.0
03/13/1989,5.04,5.04,4.96,5.04,0.15,0.0,143593.0
03/10/1989,4.88,4.96,4.88,4.88,-0.15,0.0,215312.0
03/09/1989,5.12,5.12,4.88,5.04,-0.24,0.0,715312.0
03/08/1989,5.2,5.28,5.12,5.28,0.16,0.0,392031.0
03/07/1989,5.04,5.2,4.96,5.12,0.08,0.0,328125.0
03/06/1989,4.96,5.04,4.96,5.04,0.08,0.0,174843.0
03/03/1989,4.96,5.04,4.96,4.96,0.0,0.0,252968.0
03/02/1989,4.88,5.04,4.8,4.96,0.08,0.0,222343.0
03/01/1989,5.04,5.04,4.88,4.88,-0.15,0.0,243437.0
02/28/1989,5.04,5.04,4.96,5.04,0.08,0.0,101875.0
02/27/1989,5.04,5.04,4.88,4.96,0.0,0.0,183125.0
02/24/1989,5.04,5.12,4.96,4.96,-0.08,0.0,313281.0
02/23/1989,4.96,5.12,4.96,5.04,0.0,0.0,220000.0
02/22/1989,4.96,5.04,4.96,5.04,0.08,0.0,292031.0
02/21/1989,5.2,5.2,4.96,4.96,-0.24,0.0,344062.0
02/17/1989,5.04,5.36,5.04,5.2,0.08,0.0,1261250.0
02/16/1989,4.96,5.12,4.88,5.12,0.16,0.0,569062.0
02/15/1989,4.8,4.96,4.8,4.96,0.08,0.0,455625.0
02/14/1989,4.96,4.96,4.8,4.88,0.0,0.0,376875.0
02/13/1989,4.56,4.88,4.56,4.88,0.24,0.0,389375.0
02/10/1989,4.64,4.8,4.64,4.64,-0.16,0.0,483125.0
02/09/1989,4.72,4.8,4.64,4.8,0.0,0.0,511250.0
02/08/1989,4.88,4.88,4.64,4.8,0.0,0.0,200625.0
02/07/1989,4.8,5.04,4.8,4.8,0.0,0.0,832500.0
02/06/1989,4.96,4.96,4.8,4.8,-0.16,0.0,164531.0
02/03/1989,4.64,5.04,4.56,4.96,0.24,0.0,948281.0
02/02/1989,4.64,4.72,4.64,4.72,0.08,0.0,207500.0
02/01/1989,4.72,4.8,4.64,4.64,-0.08,0.0,348125.0
01/31/1989,4.72,4.8,4.48,4.72,-0.08,0.0,779843.0
01/30/1989,4.32,4.8,4.32,4.8,0.4,0.0,854218.0
01/27/1989,4.24,4.4,4.16,4.4,0.17,0.0,745625.0
01/26/1989,4.24,4.32,4.16,4.24,-0.08,0.0,137031.0
01/25/1989,4.08,4.32,4.08,4.32,0.4,0.0,483906.0
01/24/1989,4.16,4.16,3.84,3.92,-0.15,0.0,358906.0
01/23/1989,4.32,4.32,4.08,4.08,-0.16,0.0,85156.0
01/20/1989,4.24,4.32,4.16,4.24,0.08,0.0,110156.0
01/19/1989,4.24,4.32,4.16,4.16,0.0,0.0,240781.0
01/18/1989,4.16,4.24,4.08,4.16,-0.08,0.0,170468.0
01/17/1989,4.4,4.4,4.16,4.24,-0.08,0.0,405937.0
01/16/1989,4.4,4.4,4.32,4.32,-0.08,0.0,676093.0
01/13/1989,4.4,4.4,4.24,4.4,0.08,0.0,198281.0
01/12/1989,4.24,4.48,4.24,4.32,0.0,0.0,745156.0
01/11/1989,4.32,4.32,4.16,4.32,0.0,0.0,411562.0
01/10/1989,4.16,4.32,4.08,4.32,0.16,0.0,391875.0
01/09/1989,4.24,4.24,4.08,4.16,0.0,0.0,449999.0
01/06/1989,4.24,4.24,4.08,4.16,-0.08,0.0,258125.0
01/05/1989,4.24,4.24,4.16,4.24,0.0,0.0,376875.0
01/04/1989,4.0,4.32,4.0,4.24,0.16,0.0,1118125.0
01/03/1989,4.24,4.24,4.0,4.08,0.0,0.0,664843.0
