10/01/2022,228.35,274.92,218.8,238.86,0.0,0.0,105306945
07/01/2022,209.94,261.59,205.61,226.19,0.0,0.0,102981022
04/01/2022,228.27,240.634,196.61,210.04,0.0,0.0,115889126
01/01/2022,245.06,247.465,192.26,227.54,0.0,0.0,127493404
10/01/2021,200.51,248.96,197.012,246.58,0.0,0.0,88820534
07/01/2021,198.62,217.15,196.1,199.92,0.0,0.0,94159100
04/01/2021,190.22,200.51,184.85,198.62,0.0,0.0,100961600
01/01/2021,175.97,193.44,159.31,188.47,0.0,0.0,129375800
10/01/2020,141.62,179.46,135.11,176.2,0.0,0.0,113144000
07/01/2020,149.22,152.66,127.31,139.49,0.0,0.0,134022100
04/01/2020,129.98,161.3,126.6924,148.89,0.0,0.0,149897800
01/01/2020,171.96,182.32,103.1101,136.68,0.0,0.0,171163000
10/01/2019,162.31,172.73,153.72,170.5,0.0,0.0,112822400
07/01/2019,167.62,174.5,156.04,161.42,0.0,0.0,140263500
04/01/2019,161.2,170.45,154.71,165.33,0.0,0.0,93425300
01/01/2019,129.16,159.91,126.06,159.74,0.0,0.0,135989000
10/01/2018,151.38,153.51,121.4,131.12,0.0,0.0,152013400
07/01/2018,132.66,151.32,129.21,150.66,0.0,0.0,120868400
04/01/2018,115.25,141.52,111.78,134.14,0.0,0.0,154723300
01/01/2018,116.03,125.24,107.61,113.48,0.0,0.0,133864200
10/01/2017,109.22,119.39,108.53,117.19,0.0,0.0,125420300
07/01/2017,101.98,121.77,100.51,109.32,0.0,0.0,311430300
04/01/2017,102.23,105.68,95.5,102.46,0.0,0.0,150462200
01/01/2017,102.38,105.2,94.11,102.39,0.0,0.0,115430100
10/01/2016,88.16,103.88,85.48,102.78,0.0,0.0,123277000
07/01/2016,92.0,96.0,86.21,88.2,0.0,0.0,106858100
04/01/2016,88.74,91.87,84.36,91.87,0.0,0.0,127284500
01/01/2016,82.93,90.0,76.65,89.71,0.0,0.0,121808900
10/01/2015,80.91,90.67,78.74,84.72,0.0,0.0,104363200
07/01/2015,79.51,85.21,64.29,80.36,0.0,0.0,140789700
04/01/2015,85.73,88.4,79.8,80.23,0.0,0.0,102653300
01/01/2015,82.98,90.23,81.71,85.64,0.0,0.0,128117900
10/01/2014,73.03,86.54,70.5,83.37,0.0,0.0,132614100
07/01/2014,69.8421,74.2807,69.4737,72.8772,0.0,0.0,90674002
04/01/2014,67.5877,70.5,64.3684,69.5439,0.0,0.0,115877804
01/01/2014,70.3246,72.807,63.079,67.7719,0.0,0.0,135338516
10/01/2013,63.6667,73.5263,61.3246,70.8772,0.0,0.0,129219680
07/01/2013,60.3772,65.7456,60.307,63.4912,0.0,0.0,125377309
04/01/2013,56.7193,63.1579,55.5263,60.4035,0.0,0.0,130220711
01/01/2013,51.3509,57.1228,50.6579,57.0439,0.0,0.0,134267713
10/01/2012,51.4298,52.5965,47.386,49.9386,0.0,0.0,133768398
07/01/2012,48.5877,52.193,48.114,51.4561,0.0,0.0,134189966
04/01/2012,48.3421,49.2895,44.6404,48.8246,0.0,0.0,155581498
01/01/2012,48.1579,50.0877,46.7632,48.4123,0.0,0.0,164922542
10/01/2011,41.2105,47.9123,40.2193,47.3772,0.0,0.0,196241650
07/01/2011,46.1053,48.2632,39.2281,41.3597,0.0,0.0,281468506
04/01/2011,45.0614,48.3509,44.5789,46.2105,0.0,0.0,194178818
01/01/2011,41.0088,45.1754,40.9912,45.0088,0.0,0.0,176916369
10/01/2010,37.0263,41.3772,36.4035,40.5965,0.0,0.0,197417444
07/01/2010,35.2018,37.4737,33.693,36.8684,0.0,0.0,221057280
04/01/2010,39.1754,40.1228,23.2105,35.3158,0.0,0.0,280594010
01/01/2010,38.193,39.6667,34.8421,39.0088,0.0,0.0,219216299
10/01/2009,34.3596,39.0351,33.7807,37.5614,0.0,0.0,223758399
07/01/2009,31.0877,35.4737,29.1754,34.4737,0.0,0.0,260172963
04/01/2009,30.1842,34.2807,29.8947,31.0877,0.0,0.0,277490130
01/01/2009,34.7544,35.9561,28.0965,30.8421,0.0,0.0,395985493
10/01/2008,37.1667,37.6579,27.0439,34.5088,0.0,0.0,344046524
07/01/2008,36.2719,40.3246,35.3158,37.5,0.0,0.0,196195480
04/01/2008,37.3684,39.6754,36.1842,36.7544,0.0,0.0,164788250
01/01/2008,39.0351,39.1754,33.1053,37.1842,0.0,0.0,233932785
10/01/2007,40.2719,43.693,38.8158,39.0614,0.0,0.0,157682059
07/01/2007,42.7895,43.3158,38.5175,40.2895,0.0,0.0,200169180
04/01/2007,38.6842,44.1228,38.5,42.5175,0.0,0.0,189224950
01/01/2007,42.7193,45.1754,41.0965,42.4561,0.0,0.0,181648280
10/01/2006,41.5965,43.807,40.5789,43.2018,0.0,0.0,129358303
07/01/2006,39.7807,42.3684,37.2807,41.5263,0.0,0.0,123872511
04/01/2006,40.307,41.1667,37.9912,39.7807,0.0,0.0,166065962
01/01/2006,40.9649,42.0614,37.9386,40.0702,0.0,0.0,154455633
10/01/2005,37.6491,42.2018,37.0088,40.2632,0.0,0.0,135320049
07/01/2005,36.9298,39.5351,36.1491,37.7544,0.0,0.0,122896559
04/01/2005,39.4298,39.9649,35.4123,36.8158,0.0,0.0,128875172
01/01/2005,38.8597,39.9123,36.079,39.4298,0.0,0.0,147895616
10/01/2004,36.2281,40.6228,34.9035,38.9035,0.0,0.0,113309387
07/01/2004,36.9298,37.8246,33.8596,36.2456,0.0,0.0,129951449
04/01/2004,36.7105,41.5,36.5175,36.7368,0.0,0.0,165133559
01/01/2004,34.8246,39.193,34.7456,36.8421,0.0,0.0,148175601
10/01/2003,31.5,34.9825,31.4561,34.7456,0.0,0.0,152589568
07/01/2003,29.614,35.7018,29.3421,31.4474,0.0,0.0,159166797
04/01/2003,27.0789,31.6491,27.0175,29.7018,0.0,0.0,176647900
01/01/2003,34.4825,35.7982,23.8947,27.0088,0.0,0.0,232546204
10/01/2002,30.5,40.3158,29.614,34.4298,0.0,0.0,177648703
07/01/2002,38.2193,38.3772,27.3246,30.5,0.0,0.0,210983901
04/01/2002,50.8772,50.8772,37.1491,38.2018,0.0,0.0,145530348
01/01/2002,52.1579,52.2193,44.7368,51.114,0.0,0.0,126652287
10/01/2001,41.1404,52.9561,39.5877,51.6667,0.0,0.0,113609207
07/01/2001,44.1228,47.3421,35.9649,41.2632,0.0,0.0,128315087
04/01/2001,47.6754,50.1316,43.4825,43.5965,0.0,0.0,109414349
01/01/2001,55.4825,55.7018,42.5175,47.7018,0.0,0.0,132820829
10/01/2000,57.8947,60.7982,51.3158,55.5351,0.0,0.0,120050317
07/01/2000,47.2018,59.5439,43.4211,58.6667,0.0,0.0,90442354
04/01/2000,43.6404,50.8246,39.2018,46.9825,0.0,0.0,116730527
01/01/2000,46.9298,48.6316,35.0877,42.3246,0.0,0.0,140219426
10/01/1999,38.9298,48.079,37.7193,47.2632,0.0,0.0,75801672
07/01/1999,38.3772,39.3684,32.7895,39.1491,0.0,0.0,78763281
04/01/1999,36.2982,41.1228,34.2632,38.5965,0.0,0.0,87582663
01/01/1999,35.9649,37.3947,31.7982,36.2982,0.0,0.0,104429354
10/01/1998,32.4561,37.0066,28.7007,35.1711,0.0,0.0,114189788
07/01/1998,31.9627,35.307,27.8509,32.7851,0.0,0.0,92113821
04/01/1998,29.386,31.9627,27.0285,31.9627,0.0,0.0,73466382
01/01/1998,26.8366,31.0307,25.2467,29.852,0.0,0.0,78104588
10/01/1997,21.8476,27.5219,20.7785,26.9189,0.0,0.0,100961588
07/01/1997,20.6689,22.1491,19.4627,21.9298,0.0,0.0,102940629
04/01/1997,18.1469,21.9847,17.818,20.614,0.0,0.0,75590886
01/01/1997,18.75,19.7917,17.3246,18.3662,0.0,0.0,93068684
10/01/1996,19.2434,19.6272,17.5439,18.8048,0.0,0.0,71529524
07/01/1996,17.0504,20.0658,15.625,19.1338,0.0,0.0,73144902
04/01/1996,17.489,17.5987,15.9539,16.9408,0.0,0.0,84967619
01/01/1996,16.2281,19.0241,15.625,17.2697,0.0,0.0,84796389
10/01/1995,14.9945,18.0647,14.9123,16.2829,0.0,0.0,88503211
07/01/1995,13.7884,15.5428,13.5691,14.9397,0.0,0.0,98005797
04/01/1995,13.7884,14.4737,13.2675,13.7884,0.0,0.0,84155710
01/01/1995,12.7741,14.364,12.6096,13.8158,0.0,0.0,72559174
10/01/1994,12.2533,13.1031,11.5132,12.8289,0.0,0.0,58950767
07/01/1994,11.705,12.4726,11.1294,12.3355,0.0,0.0,66550916
04/01/1994,11.2116,12.1162,10.4441,11.6502,0.0,0.0,66841844
01/01/1994,12.1436,12.1711,11.0197,11.239,0.0,0.0,76888437
10/01/1993,11.0197,12.4726,10.8827,12.1162,0.0,0.0,62420015
07/01/1993,10.4989,11.5406,10.307,11.0197,0.0,0.0,68357590
04/01/1993,11.5132,11.5954,10.2796,10.5263,0.0,0.0,83930900
01/01/1993,11.6776,12.3081,10.9923,11.4583,0.0,0.0,69156043
10/01/1992,10.3893,12.1985,9.7862,11.6502,0.0,0.0,52092523
07/01/1992,9.375,10.4715,8.4978,10.3893,0.0,0.0,58663487
04/01/1992,9.9781,10.636,9.0461,9.375,0.0,0.0,59299603
01/01/1992,9.8958,10.7456,9.1557,9.9781,0.0,0.0,75072645
10/01/1991,7.6206,10.17,7.5384,9.9781,0.0,0.0,61514397
07/01/1991,7.1272,7.7851,6.6338,7.6206,0.0,0.0,58766998
04/01/1991,7.045,8.114,6.4693,7.1272,0.0,0.0,72264144
01/01/1991,5.8731,7.3465,5.4825,7.0518,0.0,0.0,75678670
10/01/1990,5.455,6.0855,4.9616,5.8731,0.0,0.0,112271757
07/01/1990,6.0581,6.6064,5.1261,5.4345,0.0,0.0,96289867
04/01/1990,5.8457,6.4419,5.455,6.0581,0.0,0.0,77538239
01/01/1990,5.3728,5.9005,5.1261,5.8457,0.0,0.0,120706841
10/01/1989,5.1055,5.5647,4.8246,5.3728,0.0,0.0,91643229
07/01/1989,4.386,5.1535,4.3311,5.1329,0.0,0.0,95292139
04/01/1989,4.009,4.5504,4.009,4.3928,0.0,0.0,118227118
01/01/1989,4.2489,4.5299,3.92,4.0022,0.0,0.0,148359596
10/01/1988,4.0365,4.386,3.9542,4.2489,0.0,0.0,116710462
07/01/1988,4.4408,4.4751,3.7897,4.0365,0.0,0.0,149839773
04/01/1988,4.6327,4.8862,3.9748,4.4408,0.0,0.0,129983710
01/01/1988,4.9137,5.1809,4.1735,4.6601,0.0,0.0,118796203
12/01/1987,4.3037,5.0987,4.1667,4.9137,0.0,0.0,31640928
