10/01/2022,11.45,11.808,1.4031,1.54,0.0,0.0,10727925.0
07/01/2022,11.37,11.4583,11.35,11.44,0.0,0.0,221300.0
04/01/2022,11.18,11.39,11.17,11.36,0.0,0.0,181600.0
01/01/2022,11.03,11.18,11.02,11.16,0.0,0.0,110200.0
10/01/2021,10.9,11.08,10.89,11.02,0.0,0.0,661200.0
07/01/2021,10.75,10.89,10.68,10.88,0.0,0.0,873700.0
04/01/2021,10.59,10.75,10.5,10.73,0.0,0.0,764400.0
01/01/2021,10.54,10.7833,10.4,10.57,0.0,0.0,1323900.0
10/01/2020,10.38,10.55,10.1,10.54,0.0,0.0,966800.0
07/01/2020,10.23,10.65,10.23,10.38,0.0,0.0,609100.0
04/01/2020,10.13,10.7081,10.1,10.23,0.0,0.0,215500.0
01/01/2020,10.13,10.13,9.9779,10.1,0.0,0.0,421900.0
10/01/2019,9.9,10.1,9.9,10.1,0.0,0.0,217000.0
09/01/2019,9.9,9.9,9.86,9.9,0.0,0.0,21200.0
