10/01/2022,33.95,60.44,33.51,59.75,0.0,0.0,68307235
07/01/2022,34.97,45.14,32.632,33.62,0.0,0.0,12322100.0
04/01/2022,39.3,42.27,32.18,35.25,0.0,0.0,18831460.0
01/01/2022,51.4,53.915,37.065,38.93,0.0,0.0,20709900.0
10/01/2021,55.69,62.2499,45.05,51.57,0.0,0.0,14832068.0
07/01/2021,65.72,66.67,52.38,55.35,0.0,0.0,14471700.0
04/01/2021,55.75,68.07,55.49,65.02,0.0,0.0,18626500.0
01/01/2021,55.98,66.38,50.1201,55.32,0.0,0.0,25319600.0
10/01/2020,37.13,59.5,36.21,55.43,0.0,0.0,25719700.0
07/01/2020,31.94,43.17,28.99,36.97,0.0,0.0,19002000.0
04/01/2020,16.49,37.87,15.15,31.86,0.0,0.0,32638400.0
01/01/2020,36.5,38.43,12.0,17.49,0.0,0.0,27886400.0
10/01/2019,27.88,36.447,24.7021,36.21,0.0,0.0,23611200.0
07/01/2019,36.61,36.89,23.89,27.695,0.0,0.0,29584700.0
04/01/2019,31.44,38.15,31.09,35.88,0.0,0.0,31747100.0
01/01/2019,24.64,35.85,24.59,31.05,0.0,0.0,32268500.0
10/01/2018,41.58,42.7,23.52,25.15,0.0,0.0,78856700
07/01/2018,42.9,46.35,37.8,41.3,0.0,0.0,83190800.0
04/01/2018,45.7,46.55,40.45,43.1,0.0,0.0,8556800.0
01/01/2018,50.25,53.7,41.05,45.95,0.0,0.0,11236000.0
10/01/2017,48.3,50.8,44.955,50.4,0.0,0.0,9948600.0
07/01/2017,39.95,48.95,38.8,48.1,0.0,0.0,9376000.0
04/01/2017,38.95,45.03,36.5,39.8,0.0,0.0,8272500.0
01/01/2017,37.55,46.9,35.2,38.95,0.0,0.0,8384200.0
10/01/2016,28.74,39.85,27.35,36.9,0.0,0.0,10833600.0
07/01/2016,26.94,29.23,26.24,28.97,0.0,0.0,6418800.0
04/01/2016,27.51,30.0,25.77,26.98,0.0,0.0,8623400.0
01/01/2016,24.61,28.08,20.55,27.78,0.0,0.0,9297800.0
10/01/2015,23.12,28.63,22.36,25.08,0.0,0.0,7214700.0
07/01/2015,27.38,27.63,22.58,23.12,0.0,0.0,7489200.0
04/01/2015,27.75,29.51,25.33,27.18,0.0,0.0,7045700.0
01/01/2015,28.57,28.67,22.73,27.64,0.0,0.0,10756000.0
10/01/2014,29.05,32.31,26.52,28.39,0.0,0.0,14330600.0
07/01/2014,36.62,38.08,29.13,29.16,0.0,0.0,9000800.0
04/01/2014,36.16,37.42,32.78,36.39,0.0,0.0,8395100.0
01/01/2014,33.97,39.6,30.53,35.7,0.0,0.0,10409200.0
10/01/2013,26.98,34.54,25.7,34.22,0.0,0.0,8928000.0
07/01/2013,27.62,31.34,24.31,26.91,0.0,0.0,8669400.0
04/01/2013,27.14,30.1,24.59,27.38,0.0,0.0,9284800.0
01/01/2013,22.62,28.13,21.89,27.22,0.0,0.0,9364500.0
10/01/2012,18.33,22.18,15.78,22.05,0.0,0.0,8008200.0
07/01/2012,15.87,20.34,14.55,18.2,0.0,0.0,6863600.0
04/01/2012,19.08,19.65,14.71,15.74,0.0,0.0,8091300.0
01/01/2012,18.97,22.18,17.03,19.2,0.0,0.0,9595800.0
10/01/2011,11.4,19.29,10.12,18.83,0.0,0.0,12172000.0
07/01/2011,24.02,25.98,10.64,11.57,0.0,0.0,17872700.0
04/01/2011,23.67,27.48,22.14,23.99,0.0,0.0,12185500.0
01/01/2011,20.19,24.77,18.68,23.62,0.0,0.0,13071500.0
10/01/2010,15.02,21.19,14.22,19.86,0.0,0.0,9319600.0
07/01/2010,12.99,15.4,11.76,14.73,0.0,0.0,7889700.0
04/01/2010,13.85,15.9,11.59,13.02,0.0,0.0,14895100.0
01/01/2010,12.57,14.0,9.81,13.73,0.0,0.0,6981700.0
10/01/2009,11.14,12.79,8.45,12.35,0.0,0.0,8458600.0
07/01/2009,7.59,11.74,7.02,11.19,0.0,0.0,12526000.0
04/01/2009,3.83,8.64,3.82,7.49,0.0,0.0,22003700.0
01/01/2009,7.95,9.21,3.07,3.88,0.0,0.0,10600900.0
10/01/2008,14.65,14.65,5.04,7.91,0.0,0.0,14018500.0
07/01/2008,16.67,18.75,13.59,14.76,0.0,0.0,15466100.0
04/01/2008,13.45,18.16,13.23,16.81,0.0,0.0,17397100.0
01/01/2008,16.57,16.87,11.07,13.45,0.0,0.0,9887800.0
10/01/2007,17.03,17.49,15.24,16.63,0.0,0.0,7675600.0
07/01/2007,17.3,18.8,14.35,16.67,0.0,0.0,10977200.0
04/01/2007,14.0,18.35,13.69,17.28,0.0,0.0,13221200.0
01/01/2007,13.72,17.18,13.4,13.71,0.0,0.0,7003200.0
