10/01/2022,12.4175,12.5,3.275,3.2925,0.0,0.0,3849464.0
07/01/2022,17.25,28.75,12.0,12.1225,0.0,0.0,4671536.0
04/01/2022,29.25,31.25,14.0,17.5,0.0,0.0,7686932.0
01/01/2022,52.25,57.75,26.0,29.0,0.0,0.0,25285508.0
10/01/2021,47.25,155.0,30.25,52.25,0.0,0.0,205965131
07/01/2021,88.75,89.25,16.425,38.0,0.0,0.0,23602819.0
04/01/2021,120.0,128.25,51.0,89.25,0.0,0.0,4462600.0
01/01/2021,137.75,196.5,90.0,119.0,0.0,0.0,1328892.0
10/01/2020,225.5,239.0,77.0,132.75,0.0,0.0,1685876.0
07/01/2020,226.75,274.9975,190.75,225.5,0.0,0.0,271324.0
