10/01/2022,34.98,46.02,34.3625,45.82,0.0,0.0,2276008.0
07/01/2022,33.54,39.33,32.51,34.69,0.0,0.0,2576660.0
04/01/2022,37.15,42.2,31.845,33.8,0.0,0.0,3421500.0
01/01/2022,39.56,42.71,35.955,36.91,0.0,0.0,3841100.0
10/01/2021,42.18,46.26,39.1444,39.32,0.0,0.0,3333200.0
07/01/2021,41.02,45.3599,39.54,41.85,0.0,0.0,2447100.0
04/01/2021,46.32,48.2099,39.88,40.75,0.0,0.0,3650100.0
01/01/2021,39.33,48.55,37.95,46.27,0.0,0.0,4455600.0
10/01/2020,40.15,45.38,36.2574,38.91,0.0,0.0,2513100.0
07/01/2020,39.27,40.77,35.14,40.24,0.0,0.0,2679100.0
04/01/2020,34.12,45.24,31.04,39.03,0.0,0.0,4362400.0
01/01/2020,58.03,58.03,28.8501,35.16,0.0,0.0,3435800.0
10/01/2019,54.21,60.97,51.0,57.74,0.0,0.0,3035000.0
07/01/2019,48.5,58.9,46.88,53.99,0.0,0.0,1926800.0
04/01/2019,47.57,50.76,44.35,48.48,0.0,0.0,2436300.0
01/01/2019,52.11,54.86,44.985,47.3,0.0,0.0,2483500.0
10/01/2018,54.4667,60.68,49.05,52.92,0.0,0.0,2350920.0
07/01/2018,56.9167,62.0333,53.325,54.2667,0.0,0.0,1763160.0
04/01/2018,49.4333,62.075,47.7375,57.35,0.0,0.0,3370799.0
01/01/2018,48.6,52.2833,45.3083,49.5917,0.0,0.0,2055480.0
10/01/2017,53.125,58.2167,48.5083,48.5083,0.0,0.0,1989120.0
07/01/2017,55.175,57.4333,48.7917,52.8667,0.0,0.0,2761320.0
04/01/2017,54.5833,56.9667,49.8583,54.7,0.0,0.0,1902480.0
01/01/2017,61.6333,62.225,51.4417,55.0833,0.0,0.0,1748160.0
10/01/2016,47.1083,62.3583,43.9083,61.3083,0.0,0.0,2058960.0
07/01/2016,42.0583,48.8667,41.2833,47.2083,0.0,0.0,1718040.0
04/01/2016,43.3833,43.9667,37.5417,43.0833,0.0,0.0,2088360.0
01/01/2016,42.1167,44.7167,39.7083,43.625,0.0,0.0,2163480.0
10/01/2015,40.825,45.5917,39.5,42.8833,0.0,0.0,2110440.0
07/01/2015,47.0833,49.2417,36.4833,40.9417,0.0,0.0,2151720.0
04/01/2015,46.225,48.5417,40.8083,46.85,0.0,0.0,2181000.0
01/01/2015,44.725,47.95,35.8333,46.7833,0.0,0.0,1920360.0
10/01/2014,34.625,45.7583,32.5,44.375,0.0,0.0,2120280.0
07/01/2014,41.5,42.5,34.325,34.5,0.0,0.0,1689120.0
04/01/2014,43.3333,45.1417,40.4583,41.2333,0.0,0.0,2337000.0
01/01/2014,55.7,56.075,38.1167,42.9667,0.0,0.0,2043600.0
10/01/2013,44.6,57.3417,42.4583,56.125,0.0,0.0,1673760.0
07/01/2013,38.525,52.1417,38.525,44.475,0.0,0.0,1628160.0
04/01/2013,34.9833,39.425,32.8417,38.4167,0.0,0.0,1609200.0
01/01/2013,35.9667,36.6417,31.675,35.0333,0.0,0.0,1692000.0
10/01/2012,35.2667,39.5667,32.125,35.1667,0.0,0.0,2020320.0
07/01/2012,33.65,35.7167,31.1667,34.975,0.0,0.0,1244160.0
04/01/2012,32.55,34.7833,29.6333,33.5417,0.0,0.0,1463760.0
01/01/2012,30.4667,34.9083,28.3333,33.2917,0.0,0.0,1193280.0
10/01/2011,25.5,34.9,25.3083,30.325,0.0,0.0,1277280.0
07/01/2011,31.575,32.3167,24.8,25.875,0.0,0.0,1741200.0
04/01/2011,32.425,33.5833,29.7833,31.4667,0.0,0.0,2601719.0
01/01/2011,31.5333,33.2083,29.4083,32.7417,0.0,0.0,1109160.0
10/01/2010,28.7667,33.7417,27.925,31.6167,0.0,0.0,1005960.0
07/01/2010,28.375,29.4083,26.35,28.5917,0.0,0.0,1204800.0
04/01/2010,26.025,29.1667,25.0917,28.5417,0.0,0.0,1488360.0
01/01/2010,25.4,26.4167,24.2917,25.9583,0.0,0.0,1166400.0
10/01/2009,24.6917,26.1583,22.875,25.3333,0.0,0.0,1389120.0
07/01/2009,27.5583,30.1583,24.5917,24.8833,0.0,0.0,1134000.0
04/01/2009,26.65,29.4583,24.7917,27.2833,0.0,0.0,1330080.0
01/01/2009,25.4167,28.0,19.3333,27.025,0.0,0.0,1186920.0
10/01/2008,29.7917,30.4167,22.6167,25.3833,0.0,0.0,1255560.0
07/01/2008,26.3667,32.625,24.1667,29.875,0.0,0.0,1600560.0
04/01/2008,26.8583,28.925,24.5,26.6917,0.0,0.0,1366200.0
01/01/2008,27.7417,29.0583,20.8417,26.3,0.0,0.0,1238760.0
10/01/2007,29.675,33.7917,26.575,27.8417,0.0,0.0,731880.0
07/01/2007,30.475,31.875,26.4917,29.8083,0.0,0.0,1195800.0
04/01/2007,28.3167,31.4833,25.925,30.2167,0.0,0.0,902160.0
01/01/2007,30.3083,32.4583,26.8917,28.1333,0.0,0.0,649920.0
10/01/2006,27.4333,35.3333,25.8333,30.15,0.0,0.0,687000.0
07/01/2006,26.9556,31.5833,22.65,27.5917,0.0,0.0,817945.0
04/01/2006,20.0,30.5556,20.0,27.05,0.0,0.0,1679359.0
01/01/2006,17.7778,19.8278,17.2222,19.8278,0.0,0.0,149917.0
10/01/2005,17.3889,19.5,16.4167,18.4444,0.0,0.0,248369.0
07/01/2005,15.6593,22.2222,14.7444,17.3889,0.0,0.0,139587.0
04/01/2005,14.4444,15.9259,13.8889,15.9259,0.0,0.0,81540.0
01/01/2005,12.963,15.1815,12.5926,14.2593,0.0,0.0,102060.0
10/01/2004,13.7037,14.2593,12.9444,12.9444,0.0,0.0,135000.0
07/01/2004,14.1296,15.5556,13.7037,13.7037,0.0,0.0,197910.0
04/01/2004,12.5926,15.0741,12.5926,14.7407,0.0,0.0,290520.0
01/01/2004,12.3037,13.3333,11.3074,12.6481,0.0,0.0,314820.0
10/01/2003,12.1519,12.9333,10.8185,12.263,0.0,0.0,251100.0
07/01/2003,11.1111,12.537,10.5037,12.1407,0.0,0.0,200880.0
04/01/2003,9.7037,12.4074,9.5185,10.7407,0.0,0.0,561600.0
01/01/2003,9.3296,10.2889,9.037,9.7222,0.0,0.0,314280.0
10/01/2002,8.5556,9.537,8.5,9.1111,0.0,0.0,154170.0
07/01/2002,9.2593,9.9074,8.3519,8.5741,0.0,0.0,248130.0
04/01/2002,9.2593,9.6741,8.8889,9.2222,0.0,0.0,237600.0
01/01/2002,8.9444,9.7222,8.5593,9.2963,0.0,0.0,355320.0
10/01/2001,7.9259,9.0741,7.4074,9.0741,0.0,0.0,384480.0
07/01/2001,7.2407,7.8333,7.037,7.7852,0.0,0.0,548640.0
04/01/2001,6.6667,7.7778,6.3444,7.3333,0.0,0.0,498150.0
01/01/2001,6.437,8.7037,6.437,6.8074,0.0,0.0,818640.0
10/01/2000,6.4815,6.9926,6.3444,6.4815,0.0,0.0,736830.0
07/01/2000,7.5,8.2185,6.4815,6.4815,0.0,0.0,932040.0
04/01/2000,7.3148,7.963,7.037,7.6852,0.0,0.0,501660.0
01/01/2000,7.363,7.8481,6.9,7.3148,0.0,0.0,457110.0
10/01/1999,9.4444,9.537,6.9,7.5,0.0,0.0,780569.0
07/01/1999,9.0741,9.4444,8.7037,9.4444,0.0,0.0,640170.0
04/01/1999,9.1222,9.2593,8.9815,9.0741,0.0,0.0,385830.0
01/01/1999,9.2148,9.4444,8.8889,9.1222,0.0,0.0,199530.0
10/01/1998,9.3056,9.9074,9.1222,9.2148,0.0,0.0,200070.0
07/01/1998,11.1343,11.3889,8.8426,9.3056,0.0,0.0,337500.0
04/01/1998,12.6852,12.8704,11.1111,11.1343,0.0,0.0,323730.0
01/01/1998,9.1667,13.0556,9.1667,12.6852,0.0,0.0,699300.0
10/01/1997,9.2593,9.4444,9.1204,9.1667,0.0,0.0,265410.0
07/01/1997,9.6296,9.8148,9.1667,9.2593,0.0,0.0,1298428.0
04/01/1997,8.3333,10.1852,7.4074,10.0926,0.0,0.0,297000.0
01/01/1997,7.1296,8.5185,7.1296,8.4259,0.0,0.0,383656.0
10/01/1996,6.9444,7.3148,6.9444,7.1759,0.0,0.0,187910.0
07/01/1996,6.6667,6.9907,6.6667,6.9444,0.0,0.0,463306.0
04/01/1996,0.237,0.2778,0.1944,0.2056,0.0,0.0,7608583.0
02/01/1996,0.1944,0.2407,0.1852,0.1944,0.0,0.0,2780450.0
