10/01/2022,129.1,151.97,124.58,140.33,0.0,0.0,69939800
07/01/2022,142.08,150.53,128.32,128.39,0.0,0.0,66497400
04/01/2022,139.43,160.59,120.5,140.98,0.0,0.0,90499200
01/01/2022,174.0,186.8599,127.02,139.03,0.0,0.0,97490700
10/01/2021,165.18,180.73,156.23,174.36,0.0,0.0,77925600
07/01/2021,179.76,191.75,159.3202,165.61,0.0,0.0,92574600
04/01/2021,192.49,196.65,170.5,179.91,0.0,0.0,87509200
01/01/2021,201.9,231.1099,176.73,192.88,0.0,0.0,109114800
10/01/2020,209.53,223.36,192.9,201.92,0.0,0.0,89633600
07/01/2020,218.23,239.87,204.61,210.17,0.0,0.0,89026700
04/01/2020,171.88,221.7,170.98,219.37,0.0,0.0,122154900
01/01/2020,153.38,214.26,150.95,173.25,0.0,0.0,134113300
10/01/2019,152.44,153.64,144.12,153.54,0.0,0.0,58467300
07/01/2019,153.77,166.9,149.125,151.87,0.0,0.0,62866700
04/01/2019,159.66,160.49,144.59,153.11,0.0,0.0,66168500
01/01/2019,152.99,161.67,143.58,160.46,0.0,0.0,60825600
10/01/2018,150.48,167.7,141.53,154.14,0.0,0.0,68146000
07/01/2018,134.19,153.38,127.34,150.41,0.0,0.0,69443700
04/01/2018,132.44,136.24,113.57,135.25,0.0,0.0,89059300
01/01/2018,148.79,148.88,123.64,133.11,0.0,0.0,68765400
10/01/2017,131.96,150.4,124.09,148.74,0.0,0.0,57371100
07/01/2017,133.0,139.34,127.0,131.91,0.0,0.0,42914400
04/01/2017,135.13,141.76,127.62,133.24,0.0,0.0,45369600
01/01/2017,120.57,139.3,118.41,134.83,0.0,0.0,56951500
10/01/2016,124.69,124.7,111.24,120.02,0.0,0.0,66526200
07/01/2016,138.69,140.47,121.75,125.18,0.0,0.0,55547100
04/01/2016,124.75,138.41,119.23,138.39,0.0,0.0,69868700
01/01/2016,125.35,132.19,122.4,126.06,0.0,0.0,78750600
10/01/2015,115.53,131.78,114.06,126.83,0.0,0.0,61896100
07/01/2015,104.3,119.75,104.26,115.53,0.0,0.0,54956000
04/01/2015,109.82,112.7,103.77,104.02,0.0,0.0,44286100
01/01/2015,103.96,112.65,102.95,110.39,0.0,0.0,62288100
10/01/2014,96.0,106.36,95.19,104.21,0.0,0.0,68066700
07/01/2014,91.16,98.31,86.03,96.04,0.0,0.0,66619200
04/01/2014,87.98,93.43,86.56,91.4,0.0,0.0,71972300
01/01/2014,92.75,92.75,83.7,88.01,0.0,0.0,75765900
10/01/2013,81.75,96.76,80.2,92.76,0.0,0.0,75998600
07/01/2013,83.53,87.6,81.25,81.72,0.0,0.0,59891800
04/01/2013,88.53,90.1,81.12,83.14,0.0,0.0,56661900
01/01/2013,73.89,88.63,73.5,88.53,0.0,0.0,53222800
10/01/2012,72.17,76.74,71.0,73.22,0.0,0.0,54172600
07/01/2012,71.68,73.65,69.67,72.05,0.0,0.0,47870100
04/01/2012,68.46,73.54,66.72,72.46,0.0,0.0,75628800
01/01/2012,67.14,70.89,66.37,68.75,0.0,0.0,65049600
10/01/2011,65.77,69.61,63.06,66.56,0.0,0.0,73927100
07/01/2011,67.13,75.44,63.56,66.33,0.0,0.0,130576800
04/01/2011,70.0,71.0,65.97,67.44,0.0,0.0,63195600
01/01/2011,61.58,72.43,60.56,70.07,0.0,0.0,126498800
10/01/2010,66.8,69.0,61.45,63.28,0.0,0.0,83433900
07/01/2010,62.33,67.86,61.52,66.76,0.0,0.0,66937000
04/01/2010,64.23,65.67,60.85,62.16,0.0,0.0,86598300
01/01/2010,61.55,65.18,58.96,64.14,0.0,0.0,74493600
10/01/2009,58.76,63.1,56.36,61.0,0.0,0.0,95467700
07/01/2009,55.96,61.64,55.41,58.82,0.0,0.0,89028700
04/01/2009,51.01,57.43,50.31,55.83,0.0,0.0,114887600
01/01/2009,55.9,56.6,45.67,51.48,0.0,0.0,126184000
10/01/2008,61.92,64.0,52.05,55.56,0.0,0.0,131985500
07/01/2008,51.8,65.0,50.48,62.69,0.0,0.0,109982700
04/01/2008,56.84,59.8,51.6,52.2,0.0,0.0,95279900
01/01/2008,64.77,65.25,55.37,56.64,0.0,0.0,102127500
10/01/2007,61.0,66.9,60.46,65.17,0.0,0.0,89493200
07/01/2007,62.35,65.68,56.22,60.99,0.0,0.0,98178600
04/01/2007,63.68,69.36,61.38,62.1,0.0,0.0,74209400
01/01/2007,64.3,67.5,60.96,63.69,0.0,0.0,58785300
10/01/2006,63.13,66.0,62.83,64.15,0.0,0.0,47821800
07/01/2006,61.0,64.16,56.17,63.0,0.0,0.0,53634400
04/01/2006,59.88,65.61,58.54,60.97,0.0,0.0,57332400
01/01/2006,57.19,63.53,56.38,59.85,0.0,0.0,51815300
10/01/2005,55.3,57.96,52.5,56.89,0.0,0.0,68032300
07/01/2005,55.72,58.11,54.3,55.54,0.0,0.0,68295700
04/01/2005,63.01,66.04,55.15,55.72,0.0,0.0,81651700
01/01/2005,58.98,63.48,56.8,62.99,0.0,0.0,58605000
10/01/2004,53.45,59.45,53.2,58.93,0.0,0.0,94847700
07/01/2004,53.95,54.93,48.9,53.3,0.0,0.0,55837500
04/01/2004,48.91,54.29,48.73,53.78,0.0,0.0,55417600
01/01/2004,48.7,50.95,46.5,48.91,0.0,0.0,63317700
10/01/2003,45.86,49.16,44.44,48.56,0.0,0.0,49809200
07/01/2003,42.65,46.52,41.6,45.87,0.0,0.0,60860300
04/01/2003,46.25,48.37,41.4,42.65,0.0,0.0,93703100
01/01/2003,41.75,47.11,37.4,46.17,0.0,0.0,76556500
10/01/2002,40.43,46.59,38.33,41.25,0.0,0.0,87556700
07/01/2002,41.3,43.85,31.92,40.18,0.0,0.0,71271800
04/01/2002,43.63,47.76,40.78,41.35,0.0,0.0,55928700
01/01/2002,39.3,45.35,38.45,43.63,0.0,0.0,58507900
10/01/2001,37.0,40.85,34.83,39.55,0.0,0.0,65943800
07/01/2001,33.85,39.71,33.85,37.0,0.0,0.0,43267700
04/01/2001,31.5,36.18,29.95,33.85,0.0,0.0,52290500
01/01/2001,35.38,37.4,30.15,31.45,0.0,0.0,86327900
10/01/2000,39.13,48.63,28.38,35.5,0.0,0.0,78420400
07/01/2000,44.75,45.88,33.44,39.56,0.0,0.0,65519600
04/01/2000,32.38,47.0,32.38,44.81,0.0,0.0,62731000
01/01/2000,49.75,56.38,29.06,33.0,0.0,0.0,86474000
10/01/1999,38.06,56.0,37.5,50.38,0.0,0.0,64362400
07/01/1999,52.625,58.25,37.56,38.25,0.0,0.0,100181098
04/01/1999,59.03,62.875,46.25,53.405,0.0,0.0,65495196
01/01/1999,58.405,66.47,53.905,58.595,0.0,0.0,81742397
10/01/1998,40.375,58.75,40.0,58.405,0.0,0.0,60049798
07/01/1998,48.0625,55.9375,39.6875,41.25,0.0,0.0,57008597
04/01/1998,42.5,48.3125,39.5625,47.8125,0.0,0.0,36931793
01/01/1998,39.625,45.0,37.1875,42.9688,0.0,0.0,29395795.0
10/01/1997,37.125,40.1875,32.4375,39.6875,0.0,0.0,33705796.0
07/01/1997,32.9688,37.1875,30.9375,37.125,0.0,0.0,50153396
04/01/1997,27.9063,33.5625,27.5,33.0625,0.0,0.0,33712797
01/01/1997,24.875,31.8438,24.3125,28.0938,0.0,0.0,37381598.0
10/01/1996,23.9063,27.5625,23.75,25.0938,0.0,0.0,44451997
07/01/1996,22.1563,25.125,21.7188,23.9688,0.0,0.0,36007598
04/01/1996,21.5938,22.2813,19.5938,22.1563,0.0,0.0,36051999.0
01/01/1996,17.8438,22.3438,17.5,21.5313,0.0,0.0,41888397.0
10/01/1995,17.8438,19.8125,17.3125,17.9063,0.0,0.0,25372399.0
07/01/1995,16.2813,18.3438,15.2188,17.8438,0.0,0.0,26552400.0
04/01/1995,15.0625,16.4375,14.0,16.3125,0.0,0.0,36729996
01/01/1995,14.6563,15.5938,13.8125,15.0,0.0,0.0,27770797.0
10/01/1994,13.0313,14.875,12.8125,14.7188,0.0,0.0,29609998.0
07/01/1994,12.2813,13.1875,11.9375,13.0313,0.0,0.0,17418799.0
04/01/1994,12.5,13.0625,11.75,12.2188,0.0,0.0,17819198.0
01/01/1994,13.5938,13.9375,12.3125,12.5313,0.0,0.0,23422799.0
10/01/1993,13.3438,13.8125,12.875,13.5625,0.0,0.0,19595599.0
07/01/1993,13.25,13.8438,11.7813,13.3438,0.0,0.0,32579598.0
04/01/1993,12.8438,13.3438,11.6875,13.0313,0.0,0.0,25862398.0
01/01/1993,11.6875,12.9688,11.0,12.8125,0.0,0.0,26605596.0
10/01/1992,10.8438,11.75,10.1875,11.625,0.0,0.0,24275599.0
07/01/1992,11.4063,12.0625,10.2813,10.8438,0.0,0.0,26840799.0
04/01/1992,11.5938,13.0,10.4375,11.3438,0.0,0.0,26871197.0
01/01/1992,10.5938,12.1875,9.875,11.625,0.0,0.0,34023997.0
10/01/1991,10.1563,10.5938,9.125,10.5938,0.0,0.0,19913599.0
07/01/1991,9.8125,10.5313,9.5313,10.1563,0.0,0.0,26983998.0
04/01/1991,9.875,10.3125,9.1875,9.8125,0.0,0.0,33968400.0
01/01/1991,9.4375,10.0938,8.75,9.875,0.0,0.0,21437999.0
10/01/1990,8.5313,9.75,8.0313,9.4375,0.0,0.0,22260800.0
07/01/1990,10.5313,11.3438,8.25,8.4688,0.0,0.0,22693600.0
04/01/1990,9.9375,11.0938,9.4063,10.5313,0.0,0.0,27637999.0
01/01/1990,10.5,10.9688,9.0313,9.9375,0.0,0.0,24564799.0
10/01/1989,10.4063,10.9375,9.7813,10.5,0.0,0.0,24747600.0
07/01/1989,9.4375,11.125,9.4063,10.4063,0.0,0.0,24661595.0
04/01/1989,7.875,10.0625,7.8438,9.4375,0.0,0.0,30396396.0
01/01/1989,7.75,8.8438,7.5313,7.875,0.0,0.0,21476400.0
10/01/1988,8.125,8.3125,7.6875,7.75,0.0,0.0,25072399.0
07/01/1988,7.2188,8.1875,6.875,8.125,0.0,0.0,27325999.0
04/01/1988,7.8438,7.9688,6.7813,7.2188,0.0,0.0,40632398
01/01/1988,6.9375,8.4375,6.5313,7.8438,0.0,0.0,35276798
10/01/1987,8.095,8.4375,5.875,6.9375,0.0,0.0,77020798.0
07/01/1987,8.125,9.0,7.4375,8.095,0.0,0.0,159243199
04/01/1987,7.8438,8.4375,6.2188,8.22,0.0,0.0,277739199
01/01/1987,6.36,8.14,6.36,7.86,0.0,0.0,339430399
10/01/1986,5.6563,6.6725,5.6563,6.3288,0.0,0.0,336134400
07/01/1986,6.985,7.5475,5.625,5.6413,0.0,0.0,353580796
04/01/1986,7.1413,7.1875,6.1563,6.985,0.0,0.0,304364800
01/01/1986,5.9538,7.2813,5.5,7.1563,0.0,0.0,353382398
10/01/1985,5.0625,6.3125,5.0313,5.9538,0.0,0.0,352345599
07/01/1985,4.7188,5.2188,4.5,5.0313,0.0,0.0,338124800
04/01/1985,4.3438,4.875,4.2038,4.7038,0.0,0.0,205728000
01/01/1985,3.5938,4.3288,3.4375,4.2975,0.0,0.0,444108799
10/01/1984,3.3275,3.8438,3.265,3.5938,0.0,0.0,344230398
07/01/1984,3.3438,3.4838,2.8125,3.3125,0.0,0.0,443212799
04/01/1984,3.265,3.875,3.125,3.3438,0.0,0.0,411923197
01/01/1984,3.3438,3.6875,3.1713,3.2338,0.0,0.0,396096000
10/01/1983,3.0938,3.7338,3.0775,3.3125,0.0,0.0,388531196
07/01/1983,4.1563,4.2975,3.0625,3.125,0.0,0.0,381548799
04/01/1983,3.6563,4.5625,3.4525,4.1563,0.0,0.0,388479998
