10/01/2022,26.06,37.66,25.2,32.05,0.0,0.0,17772120.0
07/01/2022,27.32,31.5,24.06,25.78,0.0,0.0,18695441.0
04/01/2022,29.72,30.82,25.06,27.75,0.0,0.0,20735500.0
01/01/2022,38.5,39.86,25.89,29.6,0.0,0.0,25313700.0
10/01/2021,32.05,39.8486,29.92,38.09,0.0,0.0,31326900.0
07/01/2021,37.0,38.11,29.0,31.94,0.0,0.0,32525500.0
04/01/2021,43.18,50.7,33.4,36.79,0.0,0.0,37473700
01/01/2021,38.51,51.86,36.5,41.84,0.0,0.0,43728300.0
10/01/2020,17.35,41.0,17.15,38.18,0.0,0.0,26145300.0
07/01/2020,17.42,20.08,15.73,17.18,0.0,0.0,14801500.0
04/01/2020,11.85,18.31,10.92,17.34,0.0,0.0,18960200.0
01/01/2020,23.18,26.43,8.8901,12.38,0.0,0.0,18552100.0
10/01/2019,13.61,23.03,12.81,22.85,0.0,0.0,18609600.0
07/01/2019,15.91,16.32,11.37,13.505,0.0,0.0,24987500.0
04/01/2019,14.99,20.0496,14.09,15.43,0.0,0.0,22198100.0
01/01/2019,15.73,19.21,14.185,14.75,0.0,0.0,16392400.0
10/01/2018,25.26,25.63,14.08,16.07,0.0,0.0,30346500.0
07/01/2018,24.36,27.83,20.72,25.1,0.0,0.0,15144700.0
04/01/2018,22.71,25.96,20.21,24.51,0.0,0.0,18924900.0
01/01/2018,22.17,25.14,18.6,22.81,0.0,0.0,15358100.0
10/01/2017,23.96,26.17,20.3,21.95,0.0,0.0,15887900.0
07/01/2017,15.76,23.88,15.55,23.84,0.0,0.0,18222800.0
04/01/2017,18.46,21.64,15.68,15.74,0.0,0.0,16410000.0
01/01/2017,14.15,18.51,12.64,18.46,0.0,0.0,11385500.0
10/01/2016,11.65,14.43,10.72,13.9,0.0,0.0,5200900.0
07/01/2016,10.79,12.0,10.01,11.74,0.0,0.0,5540900.0
04/01/2016,11.77,12.48,10.43,10.85,0.0,0.0,4659600.0
01/01/2016,11.93,12.6,10.87,11.88,0.0,0.0,5052600.0
10/01/2015,9.89,13.43,9.38,12.07,0.0,0.0,9075500.0
07/01/2015,13.31,13.46,9.14,9.86,0.0,0.0,9363600.0
04/01/2015,10.94,13.84,10.17,13.23,0.0,0.0,10516400.0
01/01/2015,11.99,12.1,10.28,10.94,0.0,0.0,4865500.0
10/01/2014,12.02,12.46,9.67,11.9,0.0,0.0,7260100.0
07/01/2014,10.78,13.08,10.12,11.97,0.0,0.0,5049800.0
04/01/2014,10.75,11.35,9.73,10.7,0.0,0.0,4149900.0
01/01/2014,10.42,11.36,9.26,10.74,0.0,0.0,4459600.0
10/01/2013,10.87,11.19,9.01,10.5,0.0,0.0,3572500.0
07/01/2013,12.5,13.4,9.82,10.91,0.0,0.0,3102000.0
04/01/2013,9.31,12.93,8.63,12.5,0.0,0.0,3816200.0
01/01/2013,11.31,11.49,9.13,9.36,0.0,0.0,2672600.0
10/01/2012,9.49,11.5,7.96,10.84,0.0,0.0,3040000.0
07/01/2012,10.17,10.8,8.23,9.39,0.0,0.0,3873900.0
04/01/2012,11.47,11.72,8.69,10.16,0.0,0.0,3968300.0
01/01/2012,11.67,14.16,10.39,11.37,0.0,0.0,3363800.0
10/01/2011,9.88,12.42,8.99,11.35,0.0,0.0,4793900.0
07/01/2011,13.14,13.65,9.67,9.88,0.0,0.0,4705200.0
04/01/2011,15.45,15.72,11.94,13.11,0.0,0.0,4660900.0
01/01/2011,16.77,17.18,13.1,15.36,0.0,0.0,5848100.0
10/01/2010,12.75,17.35,12.21,16.58,0.0,0.0,5331000.0
07/01/2010,12.12,16.0,11.16,12.59,0.0,0.0,5605900.0
04/01/2010,13.89,17.11,12.09,12.13,0.0,0.0,7566100.0
01/01/2010,14.19,14.89,11.85,13.77,0.0,0.0,4050200.0
10/01/2009,13.51,14.45,10.8,13.95,0.0,0.0,5627300.0
07/01/2009,9.08,14.03,8.22,13.56,0.0,0.0,6136300.0
04/01/2009,7.09,10.48,7.0,8.98,0.0,0.0,7626000.0
01/01/2009,12.19,12.19,7.05,7.2,0.0,0.0,6200400.0
10/01/2008,15.58,16.6,9.13,12.15,0.0,0.0,7940400.0
07/01/2008,14.5,19.1,14.31,15.82,0.0,0.0,8259000.0
04/01/2008,16.8,18.9,14.66,14.68,0.0,0.0,7841800.0
01/01/2008,15.13,20.52,13.27,16.25,0.0,0.0,8872600.0
10/01/2007,18.78,20.75,14.11,15.3,0.0,0.0,9093600.0
07/01/2007,22.3,23.7,17.79,18.75,0.0,0.0,9123500.0
04/01/2007,18.84,23.01,18.51,22.25,0.0,0.0,9045700.0
01/01/2007,20.32,20.9,18.11,18.8,0.0,0.0,8719100.0
10/01/2006,17.76,21.95,17.34,20.16,0.0,0.0,9850800.0
07/01/2006,17.66,18.84,14.16,17.83,0.0,0.0,11497800.0
04/01/2006,21.25,21.28,15.75,17.55,0.0,0.0,12875400.0
01/01/2006,22.75,29.48,19.6,21.22,0.0,0.0,18675100.0
10/01/2005,23.74,27.39,20.82,22.87,0.0,0.0,14142500.0
07/01/2005,20.01,25.91,19.74,23.65,0.0,0.0,10729800.0
04/01/2005,16.22,20.71,14.81,20.05,0.0,0.0,7747800.0
01/01/2005,18.55,19.49,15.47,15.95,0.0,0.0,5208800.0
10/01/2004,14.94,18.98,14.02,18.56,0.0,0.0,8029500.0
07/01/2004,19.07,20.6,13.69,14.78,0.0,0.0,10777400.0
04/01/2004,18.88,19.89,17.1,19.04,0.0,0.0,6584800.0
01/01/2004,19.22,22.9,17.11,18.77,0.0,0.0,7916000.0
10/01/2003,19.47,22.63,17.87,19.19,0.0,0.0,8059700.0
07/01/2003,15.44,23.2,15.06,19.56,0.0,0.0,9686300.0
04/01/2003,14.66,19.77,14.59,15.6,0.0,0.0,5788700.0
01/01/2003,14.84,16.94,13.01,14.63,0.0,0.0,4806200.0
10/01/2002,11.45,17.1,9.78,14.7,0.0,0.0,7525500.0
07/01/2002,17.65,19.5,10.8,11.3,0.0,0.0,7815500.0
04/01/2002,28.69,30.65,16.22,17.28,0.0,0.0,9341600.0
01/01/2002,19.75,29.93,18.06,28.49,0.0,0.0,8548200.0
10/01/2001,14.45,21.93,14.18,19.75,0.0,0.0,4247500.0
07/01/2001,22.85,23.55,13.05,14.96,0.0,0.0,5647400.0
04/01/2001,15.63,23.49,13.56,22.5,0.0,0.0,6114500.0
01/01/2001,14.06,19.63,13.81,15.56,0.0,0.0,6826800.0
10/01/2000,15.69,17.88,12.63,13.94,0.0,0.0,11697000.0
07/01/2000,26.94,29.63,15.13,15.31,0.0,0.0,21338500.0
04/01/2000,37.25,50.0,26.19,26.97,0.0,0.0,17459500.0
01/01/2000,30.5,61.75,27.38,41.69,0.0,0.0,24404700.0
10/01/1999,21.25,31.75,16.5,31.0,0.0,0.0,11620900.0
07/01/1999,17.69,25.0,17.0,21.13,0.0,0.0,10835000.0
04/01/1999,11.56,18.13,11.25,17.69,0.0,0.0,6111200.0
01/01/1999,11.19,17.22,10.56,11.63,0.0,0.0,10534600.0
10/01/1998,8.25,12.63,6.0,11.0,0.0,0.0,9925599.0
07/01/1998,11.88,12.44,7.13,8.25,0.0,0.0,6331200.0
04/01/1998,18.72,19.63,11.75,12.16,0.0,0.0,8652398.0
01/01/1998,15.25,24.31,14.06,19.0,0.0,0.0,11952800.0
10/01/1997,26.63,28.88,14.5,15.31,0.0,0.0,16098797.0
07/01/1997,15.5,28.75,15.38,26.88,0.0,0.0,13742799.0
04/01/1997,11.88,18.19,10.75,15.63,0.0,0.0,9350798.0
01/01/1997,11.63,14.25,11.13,11.94,0.0,0.0,6431198.0
10/01/1996,9.25,12.06,7.38,11.63,0.0,0.0,9556399.0
07/01/1996,10.5,10.5,7.38,9.25,0.0,0.0,8620800.0
04/01/1996,12.5,13.38,8.88,10.13,0.0,0.0,10650797.0
01/01/1996,12.63,18.13,10.38,12.5,0.0,0.0,11493800.0
10/01/1995,15.31,16.75,11.75,12.75,0.0,0.0,5043800.0
07/01/1995,11.88,18.0,11.88,15.25,0.0,0.0,11244398.0
04/01/1995,7.5,12.19,6.94,11.69,0.0,0.0,12488800.0
01/01/1995,5.52,8.19,5.44,7.5,0.0,0.0,7088000.0
10/01/1994,5.0,5.63,4.63,5.63,0.0,0.0,3392800.0
07/01/1994,8.5,10.88,7.63,10.13,0.0,0.0,3648800.0
04/01/1994,8.81,9.19,8.13,8.38,0.0,0.0,3177600.0
01/01/1994,9.56,11.38,9.19,9.44,0.0,0.0,6965600.0
10/01/1993,8.19,11.25,8.0,9.56,0.0,0.0,9048000.0
07/01/1993,8.13,9.63,6.88,8.25,0.0,0.0,14678400.0
04/01/1993,5.03,8.5,4.88,8.13,0.0,0.0,22590400.0
01/01/1993,3.31,5.34,3.28,5.03,0.0,0.0,18921600.0
10/01/1992,2.69,3.47,2.6,3.38,0.0,0.0,7388800.0
07/01/1992,2.56,2.72,2.41,2.69,0.0,0.0,3843200.0
04/01/1992,2.85,2.97,2.5,2.6,0.0,0.0,4294400.0
01/01/1992,3.1,3.53,2.75,2.85,0.0,0.0,7664000.0
10/01/1991,2.72,3.22,2.66,3.13,0.0,0.0,5702400.0
07/01/1991,2.5,3.13,2.44,2.69,0.0,0.0,6492800.0
04/01/1991,3.06,3.1,2.44,2.44,0.0,0.0,5920000.0
01/01/1991,2.56,3.16,2.25,3.03,0.0,0.0,11564800.0
10/01/1990,2.16,2.63,1.81,2.63,0.0,0.0,7353600.0
07/01/1990,3.06,3.06,2.1,2.13,0.0,0.0,7984000.0
04/01/1990,2.38,3.22,2.38,3.03,0.0,0.0,7913600.0
01/01/1990,2.41,2.56,2.19,2.41,0.0,0.0,4406400.0
10/01/1989,2.69,2.72,2.25,2.44,0.0,0.0,5203200.0
07/01/1989,2.88,3.03,2.63,2.69,0.0,0.0,7097600.0
04/01/1989,3.28,3.6,2.85,2.88,0.0,0.0,8041600.0
01/01/1989,2.91,3.69,2.85,3.25,0.0,0.0,14790400.0
10/01/1988,2.5,2.94,2.47,2.91,0.0,0.0,11529600.0
07/01/1988,2.88,2.94,2.38,2.47,0.0,0.0,10422400.0
04/01/1988,2.13,3.1,2.13,2.91,0.0,0.0,17660800.0
01/01/1988,1.78,2.38,1.56,2.13,0.0,0.0,8166400.0
10/01/1987,2.25,2.28,1.25,1.78,0.0,0.0,12656000.0
07/01/1987,1.84,2.35,1.78,2.25,0.0,0.0,9744000.0
04/01/1987,1.75,1.97,1.75,1.84,0.0,0.0,9251200.0
01/01/1987,1.66,2.0,1.59,1.75,0.0,0.0,12307200.0
12/01/1986,1.72,1.81,1.53,1.63,0.0,0.0,2947200.0
