10/01/2022,8.05,8.05,2.19,3.5,0.0,0.0,9271306.0
07/01/2022,7.8,11.44,6.91,7.91,0.0,0.0,10131100.0
04/01/2022,12.23,13.03,6.995,7.87,0.0,0.0,7519900.0
01/01/2022,12.09,14.41,7.96,12.15,0.0,0.0,15308200.0
10/01/2021,10.76,21.5,10.06,12.24,0.0,0.0,48010400.0
07/01/2021,8.88,12.2,7.3,10.42,0.0,0.0,8162500.0
04/01/2021,10.21,11.26,8.38,8.99,0.0,0.0,12659700.0
01/01/2021,6.9,15.06,6.87,10.16,0.0,0.0,24046700.0
10/01/2020,5.241,6.79,3.511,6.58,0.0,0.0,12221608.0
07/01/2020,7.3,9.561,4.6,5.181,0.0,0.0,13561917.0
04/01/2020,10.2,12.0,7.0,7.57,0.0,0.0,5719700.0
01/01/2020,15.7,21.0,8.1,10.2,0.0,0.0,5001417.0
10/01/2019,17.6,26.9,12.7,15.5,0.0,0.0,3822867.0
07/01/2019,16.5,22.5,11.9,18.1,0.0,0.0,2103670.0
04/01/2019,18.9,19.4,14.2,16.4,0.0,0.0,2924680.0
01/01/2019,18.5,28.2,17.4,17.9,0.0,0.0,2349670.0
10/01/2018,37.0,38.9,12.4,18.9,0.0,0.0,3446609.0
07/01/2018,21.0,39.4,19.5,35.7,0.0,0.0,2527719.0
04/01/2018,12.0,28.8,10.7,20.8,0.0,0.0,5021567.0
01/01/2018,11.0,13.5,9.3,12.2,0.0,0.0,2296119.0
10/01/2017,12.1,14.4,10.2,10.8,0.0,0.0,4605588.0
07/01/2017,17.3,17.6,10.3,12.0,0.0,0.0,2539078.0
04/01/2017,17.1,24.5,15.7,17.1,0.0,0.0,4512096.0
01/01/2017,17.3,21.6,16.3,17.2,0.0,0.0,988939.0
10/01/2016,30.0,32.2,15.0,17.1,0.0,0.0,1382307.0
07/01/2016,28.5,42.5,28.5,30.1,0.0,0.0,472560.0
04/01/2016,26.4,38.7,26.4,28.3,0.0,0.0,504840.0
01/01/2016,46.7,48.2,23.7,26.8,0.0,0.0,969730.0
10/01/2015,36.4,58.1,34.6,48.2,0.0,0.0,2078589.0
07/01/2015,37.9,45.2,32.3,36.5,0.0,0.0,494120.0
04/01/2015,39.2,44.4,36.7,37.7,0.0,0.0,335820.0
01/01/2015,41.7,46.4,37.7,39.5,0.0,0.0,488910.0
10/01/2014,43.3,46.1,34.5,41.1,0.0,0.0,1019870.0
07/01/2014,43.4,49.4,39.0,44.2,0.0,0.0,1651500.0
04/01/2014,41.0,43.6,32.6,43.4,0.0,0.0,496970.0
01/01/2014,39.5,54.5,38.5,41.0,0.0,0.0,1089140.0
10/01/2013,42.5,56.0,22.8,39.7,0.0,0.0,3898298.0
07/01/2013,39.4,42.8,31.0,41.1,0.0,0.0,1413629.0
04/01/2013,23.4,40.3,20.9,38.7,0.0,0.0,921690.0
01/01/2013,12.3,25.8,11.8,22.9,0.0,0.0,721870.0
10/01/2012,16.4,16.9,11.7,12.1,0.0,0.0,362890.0
07/01/2012,23.1,35.0,14.5,16.3,0.0,0.0,929720.0
04/01/2012,19.2,28.0,14.7,23.1,0.0,0.0,448510.0
01/01/2012,11.4,28.5,11.1,18.6,0.0,0.0,681600.0
10/01/2011,42.8,48.1,10.2,11.1,0.0,0.0,795620.0
07/01/2011,42.8,52.3,40.0,42.7,0.0,0.0,297850.0
04/01/2011,39.2,46.8,35.0,42.8,0.0,0.0,362540.0
01/01/2011,50.7,51.5,37.5,39.2,0.0,0.0,446130.0
10/01/2010,44.4,72.2,42.6,51.1,0.0,0.0,977280.0
07/01/2010,36.7,45.4,31.6,43.8,0.0,0.0,217010.0
04/01/2010,39.0,51.4,32.6,36.1,0.0,0.0,303080.0
01/01/2010,36.6,47.2,30.8,39.4,0.0,0.0,350910.0
10/01/2009,33.9,60.6,28.6,35.9,0.0,0.0,979310.0
07/01/2009,17.7,62.5,15.1,32.5,0.0,0.0,536660.0
04/01/2009,10.8,22.2,8.1,17.9,0.0,0.0,72830.0
01/01/2009,9.4,12.0,6.0,10.1,0.0,0.0,27790.0
10/01/2008,14.0,24.9,5.1,9.4,0.0,0.0,121190.0
07/01/2008,28.9,36.5,13.5,14.0,0.0,0.0,125860.0
04/01/2008,29.6,50.0,24.8,29.0,0.0,0.0,85837.0
01/01/2008,32.0,40.0,20.4,30.0,0.0,0.0,93147.0
10/01/2007,40.0,49.2,30.0,31.6,0.0,0.0,109755.0
07/01/2007,52.0,52.0,28.0,40.4,0.0,0.0,327339.0
04/01/2007,114.0,119.6,54.8,60.8,0.0,0.0,313020.0
01/01/2007,77.6,84.0,61.6,81.6,0.0,0.0,176422.0
10/01/2006,100.0,112.0,54.4,78.0,0.0,0.0,174429.0
07/01/2006,166.0,185.6,82.4,96.0,0.0,0.0,11167.0
04/01/2006,210.4,212.8,151.6,156.0,0.0,0.0,9168.0
01/01/2006,226.0,228.0,176.0,212.8,0.0,0.0,8084.0
10/01/2005,276.4,280.0,168.4,216.0,0.0,0.0,10093.0
07/01/2005,244.4,350.0,224.0,261.6,0.0,0.0,19428.0
04/01/2005,270.0,320.0,166.0,246.0,0.0,0.0,18828.0
02/01/2005,356.0,379.6,252.0,272.0,0.0,0.0,4331.0
