10/01/2022,107.56,134.38,107.34,124.8,0.0,0.0,51055323
07/01/2022,106.23,118.48,98.24,105.7,0.0,0.0,47900761
04/01/2022,132.74,140.99,102.7301,107.01,0.0,0.0,61662911
01/01/2022,110.56,136.63,103.57,131.57,0.0,0.0,61090727
10/01/2021,92.14,110.34,87.42,109.89,0.0,0.0,56307205
07/01/2021,108.93,109.48,87.27,91.56,0.0,0.0,69296400
04/01/2021,111.39,122.5,107.75,108.2,0.0,0.0,47211000
01/01/2021,115.71,123.66,98.16,110.61,0.0,0.0,59618800
10/01/2020,106.36,122.29,100.855,114.93,0.0,0.0,38594800
07/01/2020,100.28,113.73,96.05,105.91,0.0,0.0,40266400
04/01/2020,78.03,105.76,70.5,99.62,0.0,0.0,53880000
01/01/2020,100.37,108.77,56.77,81.69,0.0,0.0,69324400
10/01/2019,87.97,101.95,78.9,99.82,0.0,0.0,55333900
07/01/2019,84.14,92.13,80.38,87.68,0.0,0.0,56524000
04/01/2019,77.65,83.84,70.62,82.95,0.0,0.0,73610400
01/01/2019,72.74,90.74,72.42,76.82,0.0,0.0,61108300
10/01/2018,87.77,92.76,69.36,73.96,0.0,0.0,77777800
07/01/2018,88.54,91.49,81.01,87.18,0.0,0.0,61579400
04/01/2018,76.92,92.95,73.7,89.21,0.0,0.0,88736600
01/01/2018,95.38,98.7,72.73,76.57,0.0,0.0,92010500
10/01/2017,89.31,96.02,87.56,94.66,0.0,0.0,65100800
07/01/2017,73.62,93.44,72.65,89.31,0.0,0.0,68333300
04/01/2017,71.0,77.38,69.81,73.05,0.0,0.0,94445400
01/01/2017,57.23,72.04,56.42,69.59,0.0,0.0,86994500
10/01/2016,48.21,60.0,45.77,56.56,0.0,0.0,57848800
07/01/2016,46.21,49.19,43.26,48.34,0.0,0.0,64877600
04/01/2016,39.91,50.57,36.72,46.31,0.0,0.0,103355400
01/01/2016,37.81,42.03,32.24,40.37,0.0,0.0,79373000
10/01/2015,34.0,43.37,33.29,39.13,0.0,0.0,101404500
07/01/2015,52.74,52.74,32.58,33.91,0.0,0.0,86525800
04/01/2015,57.31,61.11,51.18,52.55,0.0,0.0,63696100
01/01/2015,57.08,64.72,55.41,57.25,0.0,0.0,62995200
10/01/2014,56.69,59.67,51.04,57.03,0.0,0.0,92728600
07/01/2014,71.22,71.53,56.98,57.19,0.0,0.0,79373100
04/01/2014,77.29,79.14,69.5,71.19,0.0,0.0,63579700
01/01/2014,75.27,83.94,67.31,76.56,0.0,0.0,65707000
10/01/2013,71.63,75.68,70.01,75.46,0.0,0.0,44972800
07/01/2013,61.56,72.35,60.57,71.72,0.0,0.0,47937800
04/01/2013,57.23,64.96,55.18,61.06,0.0,0.0,56459900
01/01/2013,59.66,63.15,56.26,57.03,0.0,0.0,53266800
10/01/2012,55.48,59.08,50.76,58.52,0.0,0.0,43159300
07/01/2012,53.58,59.41,50.45,55.38,0.0,0.0,47527100
04/01/2012,53.045,56.445,47.995,53.48,0.0,0.0,66049600
01/01/2012,44.075,53.135,42.93,52.93,0.0,0.0,62490994
10/01/2011,34.21,44.0,31.905,43.02,0.0,0.0,68373999
07/01/2011,43.015,46.5,33.29,34.58,0.0,0.0,95825796
04/01/2011,42.79,44.64,38.395,43.01,0.0,0.0,71668197
01/01/2011,40.34,42.81,36.285,42.465,0.0,0.0,72420799
10/01/2010,34.02,41.015,33.42,39.945,0.0,0.0,63918996
07/01/2010,28.93,34.69,27.82,34.205,0.0,0.0,78109394
04/01/2010,30.475,32.9,28.345,28.715,0.0,0.0,125869997
01/01/2010,28.235,31.12,25.375,30.27,0.0,0.0,90193797
10/01/2009,27.86,28.875,24.765,27.88,0.0,0.0,88262399
07/01/2009,23.815,29.065,20.345,28.125,0.0,0.0,175654996
04/01/2009,21.03,28.125,20.75,23.65,0.0,0.0,151784998
01/01/2009,22.495,26.0,17.45,21.57,0.0,0.0,116566196
10/01/2008,25.38,25.855,14.265,22.365,0.0,0.0,219105595
07/01/2008,38.38,38.91,24.595,25.695,0.0,0.0,137204997
04/01/2008,27.715,40.115,27.365,38.72,0.0,0.0,104946996
01/01/2008,27.2,29.93,23.18,27.745,0.0,0.0,100064195
10/01/2007,25.95,29.5,25.385,27.275,0.0,0.0,84541197
07/01/2007,22.4325,26.225,20.7825,26.01,0.0,0.0,74297197
04/01/2007,18.92,22.4825,18.2375,22.3475,0.0,0.0,71660398
01/01/2007,19.205,19.8675,17.8175,18.8575,0.0,0.0,72300395
10/01/2006,15.9825,19.495,15.9225,19.1375,0.0,0.0,59375597
07/01/2006,16.1225,16.37,13.875,16.0175,0.0,0.0,69114399
04/01/2006,15.3,16.6725,15.1775,16.0975,0.0,0.0,76370797
01/01/2006,13.235,15.845,12.9325,15.495,0.0,0.0,78432398
10/01/2005,14.3275,14.35,12.0475,13.2925,0.0,0.0,76122397
07/01/2005,14.0975,15.9675,13.525,14.305,0.0,0.0,63352800
04/01/2005,13.475,14.62,11.9025,14.035,0.0,0.0,74055997
01/01/2005,12.1375,14.105,10.8125,13.3625,0.0,0.0,69861596
10/01/2004,12.205,12.625,10.725,12.075,0.0,0.0,54567196
07/01/2004,10.7775,12.2875,9.61,12.1425,0.0,0.0,64917594
04/01/2004,10.6925,11.2625,9.6375,10.7775,0.0,0.0,70066800
01/01/2004,8.57,10.95,8.2375,10.705,0.0,0.0,65033596
10/01/2003,6.2875,8.715,6.2875,8.5325,0.0,0.0,56330397
07/01/2003,5.6575,6.9,5.6025,6.3,0.0,0.0,68595196
04/01/2003,3.92,5.75,3.8425,5.6575,0.0,0.0,56236399
01/01/2003,6.8925,7.0475,3.555,3.92,0.0,0.0,75185198
10/01/2002,6.4625,8.0275,6.2075,6.83,0.0,0.0,71943998
07/01/2002,7.5925,7.605,5.725,6.455,0.0,0.0,67638799
04/01/2002,10.4825,10.4825,6.955,7.5425,0.0,0.0,109251995
01/01/2002,8.0125,10.575,7.5775,10.48,0.0,0.0,113651596
10/01/2001,12.2975,15.09,11.625,14.875,0.0,0.0,94869596
07/01/2001,17.0,17.825,11.4125,12.2475,0.0,0.0,84377199
04/01/2001,18.5,19.77,16.8625,17.14,0.0,0.0,78190396
01/01/2001,17.86,21.0,16.875,18.41,0.0,0.0,67191596
10/01/2000,16.72,19.2975,16.3275,17.9225,0.0,0.0,63492796
07/01/2000,14.515,18.0625,14.5,16.765,0.0,0.0,37801595
04/01/2000,14.125,16.765,14.0,14.5075,0.0,0.0,57402397
01/01/2000,14.375,15.125,11.515,14.125,0.0,0.0,43121598
10/01/1999,12.06,14.33,9.81,14.33,0.0,0.0,40233199
07/01/1999,17.06,17.75,11.44,12.06,0.0,0.0,38026796.0
04/01/1999,12.47,18.81,12.38,17.08,0.0,0.0,43159998.0
01/01/1999,14.1,14.85,12.0,12.35,0.0,0.0,33769198.0
10/01/1998,12.84,15.13,12.06,14.0,0.0,0.0,35134398
07/01/1998,17.0,17.36,12.66,12.89,0.0,0.0,26772396.0
04/01/1998,19.59,20.55,16.63,17.05,0.0,0.0,22958799.0
01/01/1998,16.88,19.66,15.56,19.63,0.0,0.0,23770797.0
10/01/1997,22.22,22.48,15.47,16.83,0.0,0.0,34101599.0
07/01/1997,19.81,22.88,19.53,22.19,0.0,0.0,38965199.0
04/01/1997,15.25,20.19,14.84,19.88,0.0,0.0,24290800.0
01/01/1997,17.38,18.03,15.31,15.31,0.0,0.0,24015597.0
10/01/1996,16.97,19.5,16.97,17.53,0.0,0.0,20498798.0
07/01/1996,16.25,17.09,15.59,16.97,0.0,0.0,20283599.0
04/01/1996,18.88,19.13,15.22,16.31,0.0,0.0,35350799.0
01/01/1996,16.91,19.16,16.69,18.78,0.0,0.0,18894400.0
10/01/1995,19.0,19.13,16.78,16.91,0.0,0.0,20263200.0
07/01/1995,16.75,20.0,16.66,19.0,0.0,0.0,14509200.0
04/01/1995,15.09,16.88,14.72,16.81,0.0,0.0,12396399.0
01/01/1995,14.41,15.41,14.28,15.13,0.0,0.0,13942398.0
10/01/1994,15.56,16.28,14.06,14.44,0.0,0.0,18746400.0
07/01/1994,13.53,15.72,13.44,15.56,0.0,0.0,16102399.0
04/01/1994,11.69,13.53,11.38,13.53,0.0,0.0,11761199.0
01/01/1994,11.78,12.63,11.56,11.88,0.0,0.0,20360798.0
10/01/1993,12.28,12.59,11.22,11.78,0.0,0.0,19413998.0
07/01/1993,11.31,12.47,11.0,12.28,0.0,0.0,15888399.0
04/01/1993,12.06,12.09,10.38,11.31,0.0,0.0,16528797.0
01/01/1993,12.41,13.5,11.25,12.16,0.0,0.0,18692799.0
10/01/1992,11.5,12.66,10.66,12.38,0.0,0.0,16580400.0
07/01/1992,12.44,12.59,10.75,11.5,0.0,0.0,12810400.0
04/01/1992,11.66,12.63,10.63,12.44,0.0,0.0,15936398.0
01/01/1992,11.97,13.31,11.38,11.66,0.0,0.0,21739599.0
10/01/1991,11.88,12.91,10.5,11.97,0.0,0.0,15069199.0
07/01/1991,11.0,12.34,10.88,11.88,0.0,0.0,14192799.0
04/01/1991,9.34,11.38,8.75,11.0,0.0,0.0,15502000.0
01/01/1991,7.97,9.63,7.38,9.34,0.0,0.0,12647200.0
10/01/1990,7.38,8.06,6.34,7.97,0.0,0.0,12652000.0
07/01/1990,8.25,9.63,7.13,7.41,0.0,0.0,14722000.0
04/01/1990,9.13,9.66,7.78,8.25,0.0,0.0,13093599.0
01/01/1990,8.88,9.69,8.63,9.19,0.0,0.0,14778399.0
10/01/1989,11.34,11.81,8.56,8.81,0.0,0.0,15930799.0
07/01/1989,9.69,12.25,9.56,11.34,0.0,0.0,16635998.0
04/01/1989,8.53,10.0,8.22,9.69,0.0,0.0,13870800.0
01/01/1989,8.0,9.66,7.91,8.5,0.0,0.0,13217600.0
10/01/1988,8.59,8.66,7.56,8.0,0.0,0.0,19429598.0
07/01/1988,9.25,9.78,8.19,8.59,0.0,0.0,20457999.0
04/01/1988,7.34,9.5,6.88,9.25,0.0,0.0,30579197.0
01/01/1988,8.44,8.97,6.09,7.34,0.0,0.0,32893600.0
10/01/1987,14.0,15.1,7.25,8.44,0.0,0.0,35506399.0
07/01/1987,8.5,13.75,8.38,13.63,0.0,0.0,52108797
04/01/1987,7.44,10.0,6.31,8.59,0.0,0.0,43671198
01/01/1987,6.63,8.44,6.0,7.5,0.0,0.0,47327198
10/01/1986,4.22,6.59,4.13,6.44,0.0,0.0,47352798
07/01/1986,4.97,5.0,3.88,4.22,0.0,0.0,62053597
04/01/1986,4.58,5.22,4.53,4.97,0.0,0.0,1964615212
01/01/1986,3.25,4.64,3.24,4.63,0.0,0.0,1931880001
10/01/1985,3.09,3.55,3.03,3.25,0.0,0.0,666579997
07/01/1985,3.32,3.42,3.03,3.11,0.0,0.0,386619997
