10/01/2022,3.65,4.73,1.61,1.74,0.0,0.0,619320400
07/01/2022,2.45,8.1399,2.318,3.55,0.0,0.0,1036061300
04/01/2022,6.59,7.68,2.34,2.47,0.0,0.0,860101700
01/01/2022,15.9,16.65,6.0098,6.57,0.0,0.0,724116569
10/01/2021,24.01,35.1,15.01,15.52,0.0,0.0,473806900
07/01/2021,32.69,33.68,22.77,23.96,0.0,0.0,410542300
04/01/2021,23.73,35.09,14.64,32.11,0.0,0.0,987210896
01/01/2021,28.23,57.47,20.38,22.12,0.0,0.0,1345054300
10/01/2020,9.05,62.29,9.05,28.0,0.0,0.0,551285300
07/01/2020,10.65,12.6,8.12,9.0,0.0,0.0,1361200.0
04/01/2020,8.05,22.0,5.0,10.45,0.0,0.0,667400.0
01/01/2020,9.58,10.5,6.78,8.35,0.0,0.0,59900.0
10/01/2019,12.25,12.71,8.73,8.905,0.0,0.0,52700.0
07/01/2019,7.85,13.25,6.05,12.75,0.0,0.0,47700.0
04/01/2019,9.49,11.0,3.0,7.99,0.0,0.0,57500.0
01/01/2019,5.286,20.1,5.133,9.99,0.0,0.0,119228.0
10/01/2018,15.0,15.0,3.3,6.75,0.0,0.0,108477.0
07/01/2018,14.1,23.625,8.25,14.4,0.0,0.0,107872.0
04/01/2018,12.15,17.1,9.27,12.6,0.0,0.0,24567.0
01/01/2018,10.5,129.45,9.18,12.309,0.0,0.0,99272.0
10/01/2017,9.3,13.5,9.3,9.3,0.0,0.0,93.0
07/01/2017,23.7,30.3,15.3,0.0,0.0,0.0,83.0
04/01/2017,25.2,37.5,24.0,27.498,0.0,0.0,67.0
01/01/2017,120.0,120.0,0.318,24.9,0.0,0.0,462.0
10/01/2016,90.0,510.0,60.0,120.0,0.0,0.0,1724.0
07/01/2016,120.0,150.0,30.0,90.0,0.0,0.0,548.0
04/01/2016,180.0,360.0,90.0,120.0,0.0,0.0,1232.0
01/01/2016,360.0,3750.0,120.0,150.0,0.0,0.0,2009.0
10/01/2015,33600.0,90000.0,300.0,390.0,0.0,0.0,348.0
07/01/2015,77370.0,109500.01,30000.0,67560.0,0.0,0.0,0.0
04/01/2015,149700.0,272700.0,62999.992,77370.0,0.0,0.0,0.0
01/01/2015,222000.0,449999.97,75000.0,135000.0,0.0,0.0,0.0
10/01/2014,449999.97,449999.97,60000.0,222000.0,0.0,0.0,0.0
07/01/2014,330000.0,1425000.0,75000.0,383400.0,0.0,0.0,0.0
06/01/2014,360000.0,375000.0,360000.0,375000.0,0.0,0.0,0.0
