10/01/2022,4.2,5.7399,4.03,5.13,0.0,0.0,3379000.0
07/01/2022,3.31,4.35,3.13,4.17,0.0,0.0,1823700.0
04/01/2022,3.91,3.97,3.1,3.35,0.0,0.0,2450900.0
01/01/2022,4.01,4.48,3.556,3.92,0.0,0.0,2186700.0
10/01/2021,4.0,4.62,3.85,4.01,0.0,0.0,1728400.0
07/01/2021,4.52,4.92,3.93,3.97,0.0,0.0,1468000.0
04/01/2021,3.95,5.2996,3.74,4.52,0.0,0.0,3766300.0
01/01/2021,3.1,4.41,3.1,3.86,0.0,0.0,2984000.0
10/01/2020,3.1595,3.75,2.81,3.06,0.0,0.0,2937500.0
07/01/2020,3.07,3.83,2.725,3.13,0.0,0.0,1642000.0
04/01/2020,2.99,3.4802,2.67,3.07,0.0,0.0,4563400.0
01/01/2020,5.12,5.99,2.88,3.0,0.0,0.0,2980400.0
10/01/2019,5.33,5.74,4.25,5.07,0.0,0.0,8039600.0
07/01/2019,7.26,7.42,4.82,5.35,0.0,0.0,3496200.0
04/01/2019,9.41,9.41,6.375,7.1,0.0,0.0,1879800.0
01/01/2019,7.12,10.43,7.12,9.17,0.0,0.0,2057800.0
10/01/2018,10.27,10.3,6.85,7.22,0.0,0.0,2340500.0
07/01/2018,9.0,10.45,8.45,9.95,0.0,0.0,2788800.0
04/01/2018,7.15,11.6,7.05,9.0,0.0,0.0,8400600.0
01/01/2018,13.45,13.95,6.9,7.1,0.0,0.0,4141700.0
10/01/2017,12.65,13.7,11.9,13.425,0.0,0.0,3646000.0
07/01/2017,11.62,12.8,10.41,12.7,0.0,0.0,3861800.0
04/01/2017,11.65,11.68,8.9,11.6,0.0,0.0,6768500.0
01/01/2017,12.15,13.95,10.05,11.55,0.0,0.0,3273500.0
10/01/2016,9.15,12.85,9.06,11.9,0.0,0.0,3054400.0
07/01/2016,7.01,9.48,6.73,9.2,0.0,0.0,2606400.0
04/01/2016,7.62,8.25,6.34,6.94,0.0,0.0,5247500.0
01/01/2016,10.21,10.45,7.4,7.85,0.0,0.0,4922200.0
10/01/2015,10.65,13.25,8.56,10.46,0.0,0.0,4750000.0
07/01/2015,11.28,13.64,8.74,10.53,0.0,0.0,5988600.0
04/01/2015,14.87,16.52,10.0,11.17,0.0,0.0,6708500.0
01/01/2015,19.44,20.16,12.32,14.86,0.0,0.0,3196800.0
10/01/2014,17.26,23.57,16.43,19.39,0.0,0.0,4083900.0
07/01/2014,21.77,21.99,17.11,17.2,0.0,0.0,2350000.0
04/01/2014,21.7,24.01,18.1,21.52,0.0,0.0,2272600.0
01/01/2014,23.05,23.89,18.06,21.61,0.0,0.0,2010100.0
10/01/2013,24.44,26.82,21.85,23.22,0.0,0.0,2235200.0
07/01/2013,18.92,25.0,18.92,24.51,0.0,0.0,2126700.0
04/01/2013,21.29,22.63,18.76,19.15,0.0,0.0,3632100.0
01/01/2013,24.81,25.49,20.2,21.06,0.0,0.0,2049500.0
10/01/2012,28.22,29.11,19.89,24.03,0.0,0.0,2993500.0
07/01/2012,28.28,31.69,24.2,27.87,0.0,0.0,2985200.0
04/01/2012,29.07,29.73,23.97,28.21,0.0,0.0,3231700.0
01/01/2012,30.16,35.48,28.1,29.27,0.0,0.0,3945200.0
10/01/2011,20.39,31.31,19.55,29.21,0.0,0.0,4734700.0
07/01/2011,32.28,36.0,19.82,20.68,0.0,0.0,6306600.0
04/01/2011,32.26,35.85,27.0,32.28,0.0,0.0,5438500.0
01/01/2011,28.51,34.68,25.76,32.17,0.0,0.0,3456000.0
10/01/2010,18.45,30.56,18.01,28.18,0.0,0.0,4923100.0
07/01/2010,15.52,18.54,14.47,18.2,0.0,0.0,4333600.0
04/01/2010,22.03,27.74,14.18,15.52,0.0,0.0,5630900.0
01/01/2010,21.48,22.8,16.7,21.75,0.0,0.0,3431700.0
10/01/2009,18.74,22.9,17.31,21.03,0.0,0.0,3651200.0
07/01/2009,15.95,20.65,13.0,18.74,0.0,0.0,6442500.0
04/01/2009,7.77,17.45,7.61,15.83,0.0,0.0,9690300.0
01/01/2009,14.62,16.9,4.92,8.01,0.0,0.0,7856000.0
10/01/2008,33.84,34.55,10.03,14.41,0.0,0.0,12352700.0
07/01/2008,49.0,49.85,30.51,34.47,0.0,0.0,9341300.0
04/01/2008,28.74,52.59,28.74,48.94,0.0,0.0,11371400.0
01/01/2008,31.8,33.09,24.88,28.72,0.0,0.0,8472900.0
10/01/2007,38.52,39.18,29.17,31.71,0.0,0.0,7697700.0
07/01/2007,34.74,39.37,30.95,38.39,0.0,0.0,8894800.0
04/01/2007,26.78,35.48,26.47,34.7,0.0,0.0,8075500.0
01/01/2007,36.6,37.99,25.95,26.74,0.0,0.0,12600400.0
10/01/2006,26.11,40.24,23.2,36.9,0.0,0.0,9456400.0
07/01/2006,19.97,28.67,17.5,26.09,0.0,0.0,7712800.0
04/01/2006,23.74,26.07,18.0,20.04,0.0,0.0,5018700.0
01/01/2006,24.4,28.03,21.61,23.67,0.0,0.0,5580500.0
10/01/2005,29.47,30.3,22.92,24.31,0.0,0.0,6149000.0
07/01/2005,20.0,29.14,19.96,28.75,0.0,0.0,4541100.0
04/01/2005,23.31,24.68,17.75,19.88,0.0,0.0,3028100.0
01/01/2005,21.75,25.73,21.44,23.46,0.0,0.0,2432000.0
10/01/2004,22.31,25.0,17.91,21.83,0.0,0.0,3958200.0
07/01/2004,21.75,23.75,18.4,22.3,0.0,0.0,3352000.0
04/01/2004,19.9,25.49,17.35,21.63,0.0,0.0,5517200.0
01/01/2004,17.47,22.53,16.24,20.34,0.0,0.0,4006400.0
10/01/2003,15.38,18.78,14.41,17.03,0.0,0.0,1906600.0
07/01/2003,17.45,17.95,14.13,15.05,0.0,0.0,2118800.0
04/01/2003,17.85,18.1,15.45,17.03,0.0,0.0,2917600.0
01/01/2003,16.0,18.85,14.95,17.87,0.0,0.0,2027000.0
10/01/2002,11.78,17.7,9.52,16.25,0.0,0.0,2087800.0
07/01/2002,17.64,19.1,10.2,11.76,0.0,0.0,1758400.0
04/01/2002,14.9,19.23,13.8,18.34,0.0,0.0,2807800.0
01/01/2002,12.76,15.65,8.5,15.01,0.0,0.0,2041900.0
10/01/2001,8.5,13.25,7.84,12.51,0.0,0.0,2329900.0
07/01/2001,14.4,14.84,7.18,8.52,0.0,0.0,2294600.0
04/01/2001,18.88,19.0,13.0,14.4,0.0,0.0,3284700.0
01/01/2001,18.19,21.63,16.06,19.0,0.0,0.0,3230700.0
10/01/2000,17.25,20.0,12.63,18.19,0.0,0.0,2476800.0
07/01/2000,17.13,18.94,13.38,17.63,0.0,0.0,1892100.0
04/01/2000,13.97,19.5,11.75,17.0,0.0,0.0,4268900.0
01/01/2000,9.38,14.88,7.0,14.63,0.0,0.0,4582000.0
10/01/1999,13.13,13.63,7.75,9.38,0.0,0.0,3813100.0
07/01/1999,11.94,14.81,11.25,13.19,0.0,0.0,3377900.0
04/01/1999,10.5,16.38,9.5,11.94,0.0,0.0,6971200.0
01/01/1999,7.75,12.19,6.25,10.5,0.0,0.0,8618400.0
10/01/1998,16.81,18.13,7.13,7.75,0.0,0.0,6175800.0
07/01/1998,18.38,20.75,9.0,17.0,0.0,0.0,5533100.0
04/01/1998,18.44,27.5,17.25,18.75,0.0,0.0,8474600.0
01/01/1998,19.75,24.25,15.0,18.5,0.0,0.0,11043800.0
10/01/1997,25.25,39.5,15.0,20.0,0.0,0.0,15817599.0
07/01/1997,12.81,25.5,12.5,25.0,0.0,0.0,5520800.0
05/01/1997,10.5,13.31,9.88,12.81,0.0,0.0,2674400.0
