10/01/2022,22.24,25.9,21.55,24.17,0.0,0.0,2773902.0
07/01/2022,25.14,26.1,22.08,22.1,0.0,0.0,3896510.0
04/01/2022,29.63,30.44,24.6,25.0,0.0,0.0,3276900.0
01/01/2022,31.07,32.6,29.01,29.53,0.0,0.0,2803000.0
10/01/2021,28.1,32.28,28.05,30.98,0.0,0.0,3195101.0
07/01/2021,28.14,28.56,24.9153,27.98,0.0,0.0,3007701.0
04/01/2021,24.23,30.09,20.83,27.9,0.0,0.0,3798200.0
01/01/2021,19.4,25.94,19.08,24.35,0.0,0.0,3020900.0
10/01/2020,13.47,19.5469,12.81,19.31,0.0,0.0,4189900.0
07/01/2020,15.91,16.19,13.26,13.58,0.0,0.0,2870700.0
04/01/2020,15.36,18.43,12.0701,16.0,0.0,0.0,4688600.0
01/01/2020,26.87,27.79,11.75,15.92,0.0,0.0,5087900.0
10/01/2019,26.21,27.43,24.53,26.83,0.0,0.0,2643600.0
07/01/2019,25.2,27.49,24.5,26.07,0.0,0.0,2070900.0
04/01/2019,25.7204,26.45,23.93,25.14,0.0,0.0,2464200.0
01/01/2019,26.05,28.79,24.62,25.2,0.0,0.0,3534500.0
10/01/2018,29.24,29.54,24.0,26.18,0.0,0.0,2854400.0
07/01/2018,28.1,30.0,27.85,29.15,0.0,0.0,1792500.0
04/01/2018,26.0,29.6,25.875,28.15,0.0,0.0,1842600.0
01/01/2018,25.75,28.0,24.2,26.05,0.0,0.0,2422100.0
10/01/2017,25.7,28.0,24.41,25.75,0.0,0.0,1834100.0
07/01/2017,24.5,26.5,21.4,25.65,0.0,0.0,2713600.0
04/01/2017,23.55,25.73,22.9,24.4,0.0,0.0,2866500.0
01/01/2017,26.0,26.3,21.8,23.5,0.0,0.0,3139800.0
10/01/2016,18.39,27.05,18.0,25.9,0.0,0.0,2570100.0
07/01/2016,18.22,19.41,17.28,18.5,0.0,0.0,1600400.0
04/01/2016,18.3,19.73,17.62,18.5,0.0,0.0,2768100.0
01/01/2016,19.99,19.99,16.97,18.33,0.0,0.0,3186300.0
10/01/2015,18.6,20.98,17.5,20.25,0.0,0.0,3782700.0
07/01/2015,16.81,18.79,16.71,18.55,0.0,0.0,4553200.0
04/01/2015,15.98,16.94,15.35,16.76,0.0,0.0,4838000.0
01/01/2015,16.69,16.72,15.37,15.97,0.0,0.0,2721700.0
10/01/2014,14.6,16.68,14.58,16.66,0.0,0.0,3921500.0
07/01/2014,15.85,15.87,14.55,14.61,0.0,0.0,4569900.0
04/01/2014,15.74,16.19,14.68,15.77,0.0,0.0,7896100.0
01/01/2014,15.9,16.2,15.25,15.78,0.0,0.0,2779100.0
10/01/2013,16.46,16.62,15.85,15.99,0.0,0.0,3466000.0
07/01/2013,16.85,17.0,15.91,16.5,0.0,0.0,2573700.0
04/01/2013,15.8,17.0,15.05,16.96,0.0,0.0,3385000.0
01/01/2013,13.6,16.24,13.37,15.8,0.0,0.0,3237400.0
10/01/2012,13.27,13.75,12.55,13.51,0.0,0.0,4325200.0
08/01/2012,12.49,13.29,12.04,13.25,0.0,0.0,4823300.0
