10/01/2022,43.82,51.605,42.045,46.62,0.0,0.0,8326231.0
07/01/2022,41.26,48.3,39.27,43.36,0.0,0.0,6188042.0
04/01/2022,48.16,49.1678,40.3417,41.54,0.0,0.0,7157648.0
01/01/2022,51.04,53.98,46.92,47.83,0.0,0.0,8424900.0
10/01/2021,48.46,54.0,45.5825,50.61,0.0,0.0,9228687.0
07/01/2021,47.36,49.75,42.84,48.08,0.0,0.0,7161100.0
04/01/2021,50.15,51.505,46.78,46.99,0.0,0.0,10217400.0
01/01/2021,40.87,54.035,38.02,50.26,0.0,0.0,13622400.0
10/01/2020,30.23,43.26,29.83,40.37,0.0,0.0,6962700.0
07/01/2020,33.73,35.83,28.37,29.995,0.0,0.0,7035900.0
04/01/2020,29.48,37.99,25.3,33.44,0.0,0.0,8927500.0
01/01/2020,49.92,51.85,25.256,30.2,0.0,0.0,9362000.0
10/01/2019,44.87,50.24,42.62,49.74,0.0,0.0,6010200.0
07/01/2019,45.0,49.49,41.68,44.74,0.0,0.0,7696800.0
04/01/2019,42.74,47.94,40.8031,44.73,0.0,0.0,6061700.0
01/01/2019,43.32,49.29,41.57,42.65,0.0,0.0,5713200.0
10/01/2018,58.31,59.16,41.88,43.95,0.0,0.0,6435300.0
07/01/2018,54.8,61.95,51.8,58.05,0.0,0.0,9394700.0
04/01/2018,53.05,58.05,51.45,54.85,0.0,0.0,7167700.0
01/01/2018,53.85,56.05,50.1,53.05,0.0,0.0,8447200.0
10/01/2017,49.55,56.4,46.5,53.65,0.0,0.0,7400000.0
07/01/2017,47.45,50.1,42.1,49.4,0.0,0.0,4881700.0
04/01/2017,49.9,52.65,44.15,47.1,0.0,0.0,5892400.0
01/01/2017,48.05,51.7,44.55,49.95,0.0,0.0,5833800.0
10/01/2016,35.77,49.15,35.3,48.0,0.0,0.0,7123200.0
07/01/2016,35.12,37.9,33.5,36.07,0.0,0.0,4138000.0
04/01/2016,30.54,35.96,29.58,35.29,0.0,0.0,5525900.0
01/01/2016,30.96,32.44,25.95,30.79,0.0,0.0,4267500.0
10/01/2015,36.38,39.45,31.26,31.36,0.0,0.0,3188900.0
07/01/2015,37.48,38.96,34.57,36.29,0.0,0.0,2737000.0
04/01/2015,32.8,38.2,32.42,37.22,0.0,0.0,3853600.0
01/01/2015,27.29,33.88,25.68,32.63,0.0,0.0,3405900.0
10/01/2014,23.99,27.86,23.33,27.1,0.0,0.0,2488300.0
07/01/2014,24.97,25.37,23.1,23.88,0.0,0.0,1666600.0
04/01/2014,27.1,28.27,22.38,24.73,0.0,0.0,1896300.0
01/01/2014,28.76,28.76,24.17,26.99,0.0,0.0,2136900.0
10/01/2013,27.88,30.06,26.0,28.79,0.0,0.0,2364100.0
07/01/2013,27.5,30.99,26.18,27.86,0.0,0.0,1912800.0
04/01/2013,25.16,28.32,22.4,27.49,0.0,0.0,1755200.0
01/01/2013,27.06,27.91,23.09,25.27,0.0,0.0,1934700.0
10/01/2012,27.56,29.01,24.83,26.15,0.0,0.0,1663800.0
07/01/2012,24.17,28.75,22.52,27.27,0.0,0.0,2250700.0
04/01/2012,17.2,24.0,14.91,24.0,0.0,0.0,2070500.0
01/01/2012,15.84,17.77,14.53,17.34,0.0,0.0,924700.0
10/01/2011,13.75,17.25,12.74,15.34,0.0,0.0,1630300.0
07/01/2011,14.56,16.55,12.21,14.18,0.0,0.0,1901400.0
04/01/2011,16.82,17.8,13.11,14.55,0.0,0.0,1160300.0
01/01/2011,17.69,18.5,14.49,17.0,0.0,0.0,993100.0
10/01/2010,15.49,18.2,14.75,17.46,0.0,0.0,1182200.0
07/01/2010,17.42,17.95,13.77,15.39,0.0,0.0,1258400.0
04/01/2010,16.03,20.85,15.65,17.28,0.0,0.0,1515300.0
01/01/2010,14.55,16.96,13.25,15.97,0.0,0.0,1493800.0
10/01/2009,14.91,15.68,11.99,14.35,0.0,0.0,1873800.0
07/01/2009,14.47,17.56,12.24,14.75,0.0,0.0,1587500.0
04/01/2009,13.27,15.93,11.05,14.28,0.0,0.0,1895700.0
01/01/2009,20.65,21.11,8.5,13.54,0.0,0.0,1911500.0
10/01/2008,24.8,25.2,15.91,20.59,0.0,0.0,2118700.0
07/01/2008,18.49,27.14,18.25,25.06,0.0,0.0,1911700.0
04/01/2008,21.8,23.85,18.19,18.19,0.0,0.0,1742500.0
01/01/2008,18.75,23.69,15.98,21.16,0.0,0.0,1927600.0
10/01/2007,20.58,22.4,17.9,18.57,0.0,0.0,1840200.0
07/01/2007,24.51,24.51,17.04,20.55,0.0,0.0,2331000.0
04/01/2007,26.98,27.24,22.85,24.3,0.0,0.0,2191000.0
01/01/2007,29.12,29.67,25.6,26.75,0.0,0.0,1177300.0
10/01/2006,25.63,31.17,24.97,28.85,0.0,0.0,1269200.0
07/01/2006,26.47,27.88,24.05,25.68,0.0,0.0,1204500.0
04/01/2006,23.31,26.9,22.11,26.65,0.0,0.0,1613300.0
01/01/2006,21.81,23.7,20.01,23.6,0.0,0.0,850600.0
10/01/2005,19.5,22.25,18.83,21.7,0.0,0.0,858000.0
07/01/2005,19.85,21.0,19.0,19.43,0.0,0.0,802000.0
04/01/2005,19.9,21.34,19.01,19.53,0.0,0.0,986200.0
01/01/2005,20.27,21.34,18.2,19.86,0.0,0.0,818700.0
10/01/2004,18.06,22.89,18.06,20.11,0.0,0.0,632100.0
07/01/2004,18.3,18.99,16.73,18.45,0.0,0.0,587400.0
04/01/2004,18.41,19.0,16.75,18.35,0.0,0.0,959200.0
01/01/2004,19.25,20.43,18.0,18.65,0.0,0.0,518300.0
10/01/2003,18.54,20.6333,18.5333,18.6,0.0,0.0,705850.0
07/01/2003,20.7067,21.3333,18.1667,18.5467,0.0,0.0,925799.0
04/01/2003,15.36,22.5,15.2667,21.3333,0.0,0.0,1357199.0
01/01/2003,11.5,15.3333,11.5,15.3333,0.0,0.0,230250.0
10/01/2002,10.0667,12.0,10.0,11.5,0.0,0.0,237900.0
07/01/2002,9.6,10.2,9.4,10.0667,0.0,0.0,135000.0
04/01/2002,9.1333,10.1667,9.0,10.0,0.0,0.0,323250.0
01/01/2002,8.5333,9.3333,8.5333,9.1,0.0,0.0,106800.0
10/01/2001,8.8333,9.0,8.52,8.5333,0.0,0.0,102945.0
07/01/2001,9.0,9.2,8.7667,8.7667,0.0,0.0,56100.0
04/01/2001,8.92,9.3333,6.8333,9.0,0.0,0.0,48450.0
01/01/2001,8.8333,9.5,8.3333,8.6667,0.0,0.0,52050.0
10/01/2000,9.5867,9.7533,8.3333,8.8333,0.0,0.0,75300.0
07/01/2000,9.3333,10.0,9.3333,9.5867,0.0,0.0,100950.0
04/01/2000,10.0867,10.8333,9.3333,9.42,0.0,0.0,86250.0
02/01/2000,11.2467,11.8333,9.92,10.0867,0.0,0.0,51000.0
