10/01/2022,9.53,11.7,8.22,10.14,0.0,0.0,15204624.0
07/01/2022,10.19,14.4,9.41,9.45,0.0,0.0,16234759.0
04/01/2022,17.5,18.0825,10.01,10.22,0.0,0.0,18917101.0
01/01/2022,24.07,25.9804,13.85,17.34,0.0,0.0,18750003.0
10/01/2021,28.47,34.19,22.9961,23.95,0.0,0.0,13521016.0
07/01/2021,36.16,36.95,23.65,28.19,0.0,0.0,12504800.0
04/01/2021,33.06,36.35,24.26,36.28,0.0,0.0,15535900.0
01/01/2021,32.56,46.45,28.48,32.4,0.0,0.0,21105900.0
10/01/2020,23.73,36.67,20.84,32.65,0.0,0.0,21010500.0
07/01/2020,22.36,26.23,19.74,23.48,0.0,0.0,16757000.0
04/01/2020,10.08,26.48,9.18,22.26,0.0,0.0,22629300.0
01/01/2020,20.5,21.97,9.035,10.49,0.0,0.0,19685300.0
10/01/2019,15.85,21.13,12.6,20.28,0.0,0.0,20043000.0
07/01/2019,19.87,20.27,12.6,15.66,0.0,0.0,25947500.0
04/01/2019,22.54,26.7699,17.73,19.2,0.0,0.0,21804900.0
01/01/2019,17.42,23.21,16.58,22.28,0.0,0.0,28748500.0
10/01/2018,22.41,23.94,16.25,17.78,0.0,0.0,33871800
07/01/2018,32.9,43.63,21.82,22.21,0.0,0.0,22805200.0
05/01/2018,25.22,42.79,25.0,33.06,0.0,0.0,11910900.0
