10/01/2022,33.36,39.45,32.71,34.45,0.0,0.0,10031002.0
07/01/2022,36.77,41.51,31.11,32.78,0.0,0.0,8793081.0
04/01/2022,52.94,58.33,34.13,36.99,0.0,0.0,14804305.0
01/01/2022,51.78,53.48,43.66,52.68,0.0,0.0,7393502.0
10/01/2021,40.91,52.25,40.1,51.46,0.0,0.0,6581801.0
07/01/2021,39.16,41.515,35.0,40.62,0.0,0.0,5761500.0
04/01/2021,33.97,40.62,33.74,38.87,0.0,0.0,9127600.0
01/01/2021,37.25,40.89,32.67,33.7,0.0,0.0,11199000.0
10/01/2020,27.76,39.32,27.33,37.23,0.0,0.0,7994300.0
07/01/2020,29.05,29.97,25.48,27.52,0.0,0.0,8392700.0
04/01/2020,25.74,33.085,23.16,28.86,0.0,0.0,10025900.0
01/01/2020,37.46,38.23,21.9,27.1,0.0,0.0,8242400.0
10/01/2019,35.63,38.2393,27.8425,37.25,0.0,0.0,9615100.0
07/01/2019,31.31,38.06,30.39,35.49,0.0,0.0,12044900.0
04/01/2019,40.94,43.5,29.49,30.85,0.0,0.0,14173300.0
01/01/2019,33.93,40.815,33.14,40.73,0.0,0.0,12528900.0
10/01/2018,34.75,37.57,30.66,34.33,0.0,0.0,18838700.0
07/01/2018,39.25,41.45,34.36,34.71,0.0,0.0,10504100.0
04/01/2018,35.96,40.42,33.89,39.01,0.0,0.0,13361800.0
01/01/2018,32.0,36.7,28.89,36.06,0.0,0.0,9532100.0
10/01/2017,27.18,32.72,26.43,32.61,0.0,0.0,10987900.0
07/01/2017,26.56,27.87,24.34,26.99,0.0,0.0,8439200.0
04/01/2017,24.6,26.94,23.4,26.36,0.0,0.0,8926900.0
01/01/2017,27.0,28.51,23.22,24.58,0.0,0.0,8333400.0
10/01/2016,25.96,30.31,22.93,26.72,0.0,0.0,7118500.0
07/01/2016,25.51,28.99,24.35,26.15,0.0,0.0,5769300.0
04/01/2016,25.0,27.73,23.6,25.41,0.0,0.0,7127200.0
01/01/2016,28.34,28.34,18.77,25.39,0.0,0.0,11034600.0
10/01/2015,46.07,49.97,28.38,29.14,0.0,0.0,11895800.0
07/01/2015,46.44,53.92,38.92,45.99,0.0,0.0,10249800.0
04/01/2015,37.52,49.88,35.1,46.14,0.0,0.0,11459500.0
01/01/2015,33.54,39.92,30.89,37.48,0.0,0.0,12468200.0
10/01/2014,30.1,34.0,25.16,33.25,0.0,0.0,5545600.0
07/01/2014,25.48,31.32,22.3,30.26,0.0,0.0,4986200.0
04/01/2014,17.85,26.64,15.61,25.51,0.0,0.0,4994400.0
01/01/2014,14.81,18.51,13.56,17.84,0.0,0.0,3142900.0
11/01/2013,13.6,15.7,13.1,14.9,0.0,0.0,3064800.0
