10/01/2022,246.34,313.24,244.28,291.0,0.0,0.0,54330606
07/01/2022,245.81,308.2,235.69,242.31,0.0,0.0,50199105
04/01/2022,286.92,299.565,230.44,246.05,0.0,0.0,46415921
01/01/2022,318.41,340.0,268.51,283.76,0.0,0.0,48984906
10/01/2021,282.48,334.98,280.745,318.12,0.0,0.0,43427700
07/01/2021,309.78,318.5,279.12,279.62,0.0,0.0,57925300
04/01/2021,317.62,324.68,280.5,307.11,0.0,0.0,53042800
01/01/2021,273.51,321.74,247.41,315.43,0.0,0.0,59881900
10/01/2020,203.43,280.29,196.98,272.41,0.0,0.0,53305800
07/01/2020,183.26,217.59,174.07,202.34,0.0,0.0,55797500
04/01/2020,120.82,209.4,113.8,183.27,0.0,0.0,92921400
01/01/2020,207.01,215.94,93.0,129.73,0.0,0.0,88739400
10/01/2019,182.28,212.05,166.185,205.82,0.0,0.0,56234600
07/01/2019,172.71,184.65,156.02,180.61,0.0,0.0,52843900
04/01/2019,173.77,190.97,152.18,170.01,0.0,0.0,57987600
01/01/2019,146.77,178.47,143.8,171.62,0.0,0.0,54874200
10/01/2018,185.36,187.24,140.82,149.14,0.0,0.0,81384700
07/01/2018,154.88,193.19,153.86,183.93,0.0,0.0,67735200
04/01/2018,170.02,183.91,152.47,155.85,0.0,0.0,76823400
01/01/2018,200.1,212.8,167.5,171.03,0.0,0.0,69980500
10/01/2017,172.0,200.82,170.66,199.58,0.0,0.0,44691100
07/01/2017,160.57,177.61,153.65,175.02,0.0,0.0,59487700
04/01/2017,160.17,166.6,151.17,159.82,0.0,0.0,76243000
01/01/2017,142.2,161.23,139.92,160.32,0.0,0.0,65590300
10/01/2016,125.35,145.44,118.77,140.0,0.0,0.0,76253300
07/01/2016,108.33,126.59,105.0,125.53,0.0,0.0,61171700
04/01/2016,109.59,117.78,99.1,108.05,0.0,0.0,76729100
01/01/2016,95.2,113.51,83.32,111.08,0.0,0.0,94321700
10/01/2015,96.95,108.0,93.47,96.98,0.0,0.0,85731300
07/01/2015,117.07,117.98,94.64,97.3,0.0,0.0,108517400
04/01/2015,118.43,125.33,115.65,116.33,0.0,0.0,79261400
01/01/2015,129.24,129.54,115.86,118.78,0.0,0.0,84683700
10/01/2014,113.68,133.41,99.82,128.95,0.0,0.0,84224900
07/01/2014,126.09,127.6,105.91,114.15,0.0,0.0,74496100
04/01/2014,120.59,130.44,118.46,125.73,0.0,0.0,55544700
01/01/2014,128.1,129.4,108.66,119.71,0.0,0.0,75504500
10/01/2013,109.27,129.77,103.36,128.64,0.0,0.0,61568600
07/01/2013,96.36,110.21,94.81,108.72,0.0,0.0,57385300
04/01/2013,91.39,101.88,84.5,95.4,0.0,0.0,76090400
01/01/2013,87.45,98.15,86.51,91.58,0.0,0.0,74701400
10/01/2012,83.77,87.04,75.8,85.06,0.0,0.0,89249400
07/01/2012,77.2,87.71,70.42,83.58,0.0,0.0,89358200
04/01/2012,84.55,89.45,71.9,76.88,0.0,0.0,108285400
01/01/2012,78.31,91.47,76.92,84.55,0.0,0.0,90550400
10/01/2011,62.67,85.84,59.26,76.25,0.0,0.0,120793600
07/01/2011,89.75,92.01,60.36,63.13,0.0,0.0,160682100
04/01/2011,95.5,99.4,83.65,89.74,0.0,0.0,114256800
01/01/2011,86.99,95.0,82.8,94.68,0.0,0.0,96659300
10/01/2010,70.56,87.36,67.52,86.3,0.0,0.0,80711500
07/01/2010,55.7,72.12,54.26,70.06,0.0,0.0,117327800
04/01/2010,65.12,72.5,55.18,55.46,0.0,0.0,130697900
01/01/2010,54.66,66.71,53.5,64.74,0.0,0.0,99813000
10/01/2009,51.61,59.36,49.36,53.88,0.0,0.0,82532400
07/01/2009,43.15,55.89,39.53,51.84,0.0,0.0,107270900
04/01/2009,33.63,48.45,33.13,42.96,0.0,0.0,158217400
01/01/2009,43.19,46.45,27.69,33.98,0.0,0.0,127658800
10/01/2008,52.01,52.52,31.29,42.54,0.0,0.0,126618800
07/01/2008,70.0,72.69,48.67,53.0,0.0,0.0,160255800
04/01/2008,69.98,86.91,69.46,71.32,0.0,0.0,118418100
01/01/2008,75.12,76.03,58.1,69.27,0.0,0.0,122201500
10/01/2007,74.5533,86.56,71.15,75.31,0.0,0.0,115946150
07/01/2007,65.5933,78.4267,58.1867,74.5533,0.0,0.0,121394097
04/01/2007,57.5333,68.9533,57.0267,65.2733,0.0,0.0,87239396
01/01/2007,51.48,58.7933,50.4133,57.54,0.0,0.0,98000700
10/01/2006,51.7333,58.6667,51.1533,51.2533,0.0,0.0,101433598
07/01/2006,52.1267,52.6333,46.4667,51.82,0.0,0.0,81158397
04/01/2006,53.8733,57.9933,47.4267,51.7333,0.0,0.0,81341247
01/01/2006,43.9733,55.5933,43.44,53.74,0.0,0.0,75093597
10/01/2005,43.0,47.0333,40.4867,43.9733,0.0,0.0,53241893
07/01/2005,41.4333,45.7667,40.2067,42.8733,0.0,0.0,63421798
04/01/2005,40.6333,41.9867,37.8667,41.34,0.0,0.0,76596000
01/01/2005,50.82,50.82,39.4133,40.6133,0.0,0.0,127416896
10/01/2004,39.3333,52.28,39.1,50.4933,0.0,0.0,92600847
07/01/2004,39.5067,39.6133,35.4267,39.24,0.0,0.0,68982294
04/01/2004,37.8,39.9733,34.4867,39.64,0.0,0.0,85090347
01/01/2004,39.6667,40.6667,35.6667,37.6667,0.0,0.0,75944543
10/01/2003,29.7333,39.8667,29.7133,39.6667,0.0,0.0,80308346
07/01/2003,27.9,33.9,27.1733,29.8,0.0,0.0,87556495
04/01/2003,25.7,30.56,25.3333,27.9933,0.0,0.0,92982444
01/01/2003,31.1667,32.62,23.88,25.8267,0.0,0.0,83711997
10/01/2002,25.88,32.1333,23.0133,30.7533,0.0,0.0,74285545
07/01/2002,31.2,31.5333,23.9667,25.4733,0.0,0.0,102063300
04/01/2002,32.94,34.5933,29.5133,31.86,0.0,0.0,97630046
01/01/2002,30.6133,36.5867,29.1,33.2667,0.0,0.0,68828097
10/01/2001,22.9667,31.54,22.4,30.6067,0.0,0.0,45797394
07/01/2001,27.3333,30.9,20.2667,22.8667,0.0,0.0,44145594
04/01/2001,26.3333,33.4,25.6667,28.2933,0.0,0.0,32046296.0
01/01/2001,29.5,31.1667,25.0467,26.48,0.0,0.0,47765994
10/01/2000,22.5,31.6267,20.7933,29.42,0.0,0.0,43028544
07/01/2000,23.0867,26.46,20.6667,22.5,0.0,0.0,50454298
04/01/2000,27.3733,32.2067,22.8133,22.8333,0.0,0.0,41689050
01/01/2000,34.2067,36.0,22.6267,27.54,0.0,0.0,48420747
10/01/1999,29.83,34.29,27.46,34.21,0.0,0.0,36099296
07/01/1999,30.5,32.09,28.75,29.87,0.0,0.0,23199596.0
04/01/1999,22.83,33.71,22.67,30.5,0.0,0.0,41787298
01/01/1999,21.83,26.5,19.67,22.83,0.0,0.0,31532695.0
10/01/1998,19.63,25.54,18.0,21.83,0.0,0.0,31723349.0
07/01/1998,25.33,25.83,17.54,19.79,0.0,0.0,50791796
04/01/1998,33.33,34.92,24.63,25.42,0.0,0.0,31481544.0
01/01/1998,30.75,35.08,27.67,34.25,0.0,0.0,33182994.0
10/01/1997,30.21,34.17,26.54,30.58,0.0,0.0,37807347.0
07/01/1997,26.5,32.58,26.17,30.0,0.0,0.0,34681275.0
04/01/1997,18.78,27.33,18.0,27.0,0.0,0.0,39492898
01/01/1997,17.0,20.56,16.61,19.0,0.0,0.0,28235246.0
10/01/1996,18.56,18.83,16.06,17.22,0.0,0.0,26481372.0
07/01/1996,18.83,19.56,14.83,18.67,0.0,0.0,29838143.0
04/01/1996,16.78,19.61,16.44,18.83,0.0,0.0,23496071.0
01/01/1996,15.11,17.67,14.17,16.67,0.0,0.0,52165795
10/01/1995,16.89,17.06,13.72,15.22,0.0,0.0,39132447
07/01/1995,16.06,18.44,15.67,16.89,0.0,0.0,25257148.0
04/01/1995,13.17,17.56,13.01,16.11,0.0,0.0,29241218.0
01/01/1995,13.54,14.69,12.32,13.17,0.0,0.0,36877270.0
10/01/1994,11.83,14.03,11.39,13.54,0.0,0.0,40337546.0
07/01/1994,12.72,13.43,11.17,11.86,0.0,0.0,22424623.0
04/01/1994,10.42,13.36,10.11,12.68,0.0,0.0,39539923
01/01/1994,11.19,11.75,10.35,10.53,0.0,0.0,25948800.0
10/01/1993,10.11,11.35,10.08,11.24,0.0,0.0,28313322.0
07/01/1993,9.93,10.42,8.93,10.15,0.0,0.0,24953848.0
04/01/1993,9.71,10.15,8.33,9.86,0.0,0.0,22477271.0
01/01/1993,8.82,10.19,8.78,9.67,0.0,0.0,22081723.0
10/01/1992,9.07,9.07,7.78,8.82,0.0,0.0,21063147.0
07/01/1992,8.67,9.53,8.22,9.07,0.0,0.0,13165646.0
04/01/1992,9.93,10.79,8.03,8.67,0.0,0.0,24008620.0
01/01/1992,9.11,10.57,8.71,10.0,0.0,0.0,25333422.0
10/01/1991,7.58,9.22,7.47,9.11,0.0,0.0,21574122.0
07/01/1991,8.0,8.25,7.32,7.58,0.0,0.0,16306423.0
04/01/1991,7.44,8.96,7.14,8.0,0.0,0.0,18825294.0
01/01/1991,7.14,8.56,6.76,7.51,0.0,0.0,21471298.0
10/01/1990,6.76,7.44,5.54,7.1,0.0,0.0,20416947.0
07/01/1990,8.78,8.93,6.17,6.76,0.0,0.0,18649796.0
04/01/1990,8.71,9.75,8.33,8.78,0.0,0.0,17732694.0
01/01/1990,7.51,8.93,7.47,8.78,0.0,0.0,25203820.0
10/01/1989,8.71,8.78,7.14,7.51,0.0,0.0,29371273.0
07/01/1989,8.03,9.56,8.0,8.71,0.0,0.0,24628722.0
04/01/1989,8.36,8.63,7.81,8.03,0.0,0.0,38120396.0
01/01/1989,8.36,9.07,7.96,8.36,0.0,0.0,21448797.0
10/01/1988,8.51,8.96,7.89,8.36,0.0,0.0,27345368.0
07/01/1988,10.79,10.86,8.03,8.51,0.0,0.0,23111546.0
04/01/1988,10.79,11.28,10.04,10.79,0.0,0.0,22478171.0
01/01/1988,10.9,11.5,9.75,10.79,0.0,0.0,21827469.0
10/01/1987,15.87,16.12,8.06,11.61,0.0,0.0,69753594
07/01/1987,10.72,16.04,10.64,15.71,0.0,0.0,88879499
04/01/1987,10.98,11.84,9.7,10.8,0.0,0.0,53337596
01/01/1987,8.41,12.17,8.41,11.02,0.0,0.0,57888899
10/01/1986,8.23,8.86,7.47,8.33,0.0,0.0,42358948.0
07/01/1986,8.32,9.03,6.45,8.27,0.0,0.0,51754947
04/01/1986,9.48,9.48,7.48,8.4,0.0,0.0,37031052
01/01/1986,8.05,9.8,7.19,9.45,0.0,0.0,57598416
10/01/1985,6.82,8.16,6.48,8.05,0.0,0.0,48349903.0
07/01/1985,6.81,7.16,6.43,6.79,0.0,0.0,36058149
