10/01/2022,72.12,96.0,70.6,83.29,0.0,0.0,657204.0
07/01/2022,61.79,87.19,59.0,71.15,0.0,0.0,1172402.0
04/01/2022,63.13,65.88,57.7079,61.5,0.0,0.0,963901.0
01/01/2022,63.93,65.5,54.97,63.42,0.0,0.0,727800.0
10/01/2021,64.98,71.54,57.0,64.7,0.0,0.0,453105.0
07/01/2021,74.84,76.6,62.777,65.04,0.0,0.0,472100.0
04/01/2021,69.0,82.06,65.135,74.2,0.0,0.0,581800.0
01/01/2021,69.5,82.46,62.0001,68.75,0.0,0.0,834400.0
10/01/2020,49.02,69.07,47.07,68.44,0.0,0.0,523600.0
07/01/2020,48.9524,63.5,47.25,48.72,0.0,0.0,462400.0
04/01/2020,46.85,55.765,37.16,50.01,0.0,0.0,652700.0
01/01/2020,60.55,60.94,36.16,49.83,0.0,0.0,671100.0
10/01/2019,54.72,76.6,49.95,60.35,0.0,0.0,523800.0
07/01/2019,55.82,59.94,46.27,54.59,0.0,0.0,360500.0
04/01/2019,53.23,59.06,45.12,55.52,0.0,0.0,710900.0
01/01/2019,54.0,64.26,51.0,53.09,0.0,0.0,841200.0
10/01/2018,70.53,75.86,49.4,54.25,0.0,0.0,687800.0
07/01/2018,88.68,91.86,69.0,70.28,0.0,0.0,496100.0
04/01/2018,65.0,96.83,61.51,88.78,0.0,0.0,683500.0
01/01/2018,74.24,85.12,55.41,65.09,0.0,0.0,536500.0
10/01/2017,67.59,85.63,66.95,71.05,0.0,0.0,1034100.0
07/01/2017,46.87,69.48,44.95,67.3,0.0,0.0,990900.0
04/01/2017,51.15,54.8,44.8,46.42,0.0,0.0,484200.0
01/01/2017,58.95,60.0,44.5,52.15,0.0,0.0,193700.0
10/01/2016,42.03,61.21,41.37,58.12,0.0,0.0,332700.0
07/01/2016,39.58,48.98,35.81,42.17,0.0,0.0,206900.0
04/01/2016,36.26,44.0,35.21,40.39,0.0,0.0,225800.0
01/01/2016,42.02,43.84,31.59,36.52,0.0,0.0,263800.0
10/01/2015,37.53,45.98,37.25,42.1,0.0,0.0,406000.0
07/01/2015,37.7,38.5,28.3,37.15,0.0,0.0,506500.0
04/01/2015,42.41,46.0,37.35,37.72,0.0,0.0,555600.0
01/01/2015,53.08,54.5,42.0,42.13,0.0,0.0,376500.0
10/01/2014,53.38,58.5,44.9,54.63,0.0,0.0,642000.0
07/01/2014,54.88,60.0,52.3,52.76,0.0,0.0,470700.0
04/01/2014,68.3,70.01,51.6,53.83,0.0,0.0,397900.0
01/01/2014,73.27,75.29,59.44,68.55,0.0,0.0,698000.0
10/01/2013,71.78,92.46,65.56,73.16,0.0,0.0,1050900.0
07/01/2013,66.51,75.05,65.05,71.93,0.0,0.0,341600.0
04/01/2013,66.28,83.5,64.82,66.31,0.0,0.0,703700.0
01/01/2013,60.3,71.5,60.3,69.97,0.0,0.0,404400.0
10/01/2012,54.28,61.99,51.75,59.42,0.0,0.0,347500.0
07/01/2012,58.0,59.84,51.51,54.31,0.0,0.0,250600.0
04/01/2012,65.13,65.81,50.33,57.91,0.0,0.0,373500.0
01/01/2012,60.5,70.82,56.75,65.5,0.0,0.0,289300.0
10/01/2011,45.94,66.4,40.92,59.66,0.0,0.0,436500.0
07/01/2011,70.81,74.92,45.11,45.8,0.0,0.0,912300.0
04/01/2011,69.9,79.5,62.25,71.18,0.0,0.0,1336400.0
01/01/2011,59.94,72.8,57.73,69.17,0.0,0.0,871500.0
10/01/2010,34.93,63.75,32.98,58.53,0.0,0.0,1059400.0
07/01/2010,28.43,35.75,26.7,34.87,0.0,0.0,395700.0
04/01/2010,38.49,39.29,27.95,27.95,0.0,0.0,599400.0
01/01/2010,44.08,44.14,34.27,38.15,0.0,0.0,684900.0
10/01/2009,38.5,44.65,36.96,43.8,0.0,0.0,412900.0
07/01/2009,43.55,44.16,32.5,40.05,0.0,0.0,474900.0
04/01/2009,36.8,49.67,32.7,44.06,0.0,0.0,453100.0
01/01/2009,46.18,48.56,26.64,37.64,0.0,0.0,325100.0
10/01/2008,56.05,57.5,31.49,46.04,0.0,0.0,300500.0
07/01/2008,41.92,66.89,37.02,58.34,0.0,0.0,252600.0
04/01/2008,50.79,54.95,40.31,40.31,0.0,0.0,236700.0
01/01/2008,59.49,59.96,40.16,48.68,0.0,0.0,208000.0
10/01/2007,52.46,62.95,48.01,59.97,0.0,0.0,292200.0
07/01/2007,48.9,58.26,42.05,52.02,0.0,0.0,635400.0
04/01/2007,36.51,55.5,36.11,48.01,0.0,0.0,759600.0
01/01/2007,35.25,37.25,32.8,36.05,0.0,0.0,72100.0
10/01/2006,35.6,36.97,30.67,35.25,0.0,0.0,70800.0
07/01/2006,37.0,40.37,34.0,36.03,0.0,0.0,216700.0
04/01/2006,34.0,37.95,30.02,37.9,0.0,0.0,752700.0
01/01/2006,42.0,46.37,30.34,33.92,0.0,0.0,237700.0
10/01/2005,47.73,47.73,37.1,42.79,0.0,0.0,213500.0
07/01/2005,41.05,47.97,38.4,47.2,0.0,0.0,244900.0
04/01/2005,30.3,42.49,29.11,40.8,0.0,0.0,365600.0
01/01/2005,29.18,35.5,28.72,29.99,0.0,0.0,145600.0
10/01/2004,28.51,32.25,27.21,28.98,0.0,0.0,110400.0
07/01/2004,23.48,30.95,20.0,30.18,0.0,0.0,63800.0
04/01/2004,24.1,28.0,22.6,23.3,0.0,0.0,55000.0
01/01/2004,30.0,33.73,24.15,25.49,0.0,0.0,100300.0
10/01/2003,18.83,32.15,17.9,30.84,0.0,0.0,330900.0
07/01/2003,15.25,20.5,14.7,18.87,0.0,0.0,54600.0
04/01/2003,14.0,15.47,13.45,15.25,0.0,0.0,55000.0
01/01/2003,16.84,17.3,13.31,14.0,0.0,0.0,127700.0
10/01/2002,16.76,20.0,15.65,16.67,0.0,0.0,54400.0
07/01/2002,18.3,20.5,16.8,16.8,0.0,0.0,37200.0
04/01/2002,18.9,20.45,17.75,18.5,0.0,0.0,136000.0
01/01/2002,18.5,20.25,18.25,19.05,0.0,0.0,144300.0
10/01/2001,19.0,19.5,14.5,19.0,0.0,0.0,68300.0
07/01/2001,19.5,21.0,17.0,19.0,0.0,0.0,50900.0
04/01/2001,13.88,23.0,13.88,19.5,0.0,0.0,288300.0
01/01/2001,13.5,14.5,12.5,14.0,0.0,0.0,131900.0
10/01/2000,16.0,16.12,13.5,13.5,0.0,0.0,53100.0
07/01/2000,14.75,17.0,14.75,16.0,0.0,0.0,13800.0
