10/01/2022,16.39,19.24,14.76,16.51,0.0,0.0,33851100.0
07/01/2022,21.35,25.49,15.83,16.26,0.0,0.0,35689201.0
04/01/2022,28.91,33.35,20.06,21.25,0.0,0.0,33271500
01/01/2022,39.76,42.97,22.78,28.85,0.0,0.0,41962110.0
10/01/2021,50.46,53.05,36.35,39.3,0.0,0.0,19817200.0
07/01/2021,43.48,52.55,36.35,49.34,0.0,0.0,25335200.0
04/01/2021,55.01,56.65,42.575,43.07,0.0,0.0,19202800.0
01/01/2021,40.11,61.155,37.337,54.48,0.0,0.0,23996100.0
10/01/2020,30.12,46.8,27.441,40.31,0.0,0.0,28313300.0
07/01/2020,33.09,36.43,25.0,29.86,0.0,0.0,29824900.0
04/01/2020,24.75,47.25,19.11,32.62,0.0,0.0,49414000
01/01/2020,65.15,66.52,10.58,26.19,0.0,0.0,39503000.0
10/01/2019,57.6,66.04,54.29,64.63,0.0,0.0,13864100.0
07/01/2019,61.05,63.4,53.5,57.4,0.0,0.0,12764600.0
04/01/2019,54.5,62.16,54.06,60.67,0.0,0.0,13704900.0
01/01/2019,43.26,56.92,42.72,54.29,0.0,0.0,16839900.0
10/01/2018,59.08,61.74,42.38,44.47,0.0,0.0,18427700.0
07/01/2018,51.55,65.8,51.305,58.9,0.0,0.0,12850400.0
04/01/2018,54.3,58.95,50.35,51.9,0.0,0.0,14062000.0
01/01/2018,53.1,60.65,49.05,54.4,0.0,0.0,16785600.0
10/01/2017,44.1,54.85,42.85,53.1,0.0,0.0,20003500.0
07/01/2017,35.2,44.9,31.75,43.9,0.0,0.0,20317400.0
04/01/2017,34.2,39.85,30.4,35.1,0.0,0.0,20936900.0
01/01/2017,36.95,37.9,31.06,34.25,0.0,0.0,22301100.0
10/01/2016,26.16,39.6,26.16,36.45,0.0,0.0,22941800.0
07/01/2016,26.57,29.87,25.04,26.41,0.0,0.0,24083000.0
04/01/2016,19.69,26.46,18.46,26.46,0.0,0.0,30889900.0
01/01/2016,18.67,20.48,13.23,19.99,0.0,0.0,35514000
10/01/2015,16.64,21.9,16.18,19.02,0.0,0.0,36266800
07/01/2015,15.26,17.95,13.61,16.68,0.0,0.0,35444000
04/01/2015,14.6,17.2,13.45,15.04,0.0,0.0,32675100.0
01/01/2015,13.42,16.0,11.59,14.61,0.0,0.0,31219600.0
10/01/2014,7.74,13.36,7.01,13.28,0.0,0.0,37948800
07/01/2014,12.31,12.74,7.77,7.78,0.0,0.0,27264800.0
04/01/2014,12.91,13.83,11.11,12.22,0.0,0.0,19971400.0
01/01/2014,14.76,15.14,11.56,12.76,0.0,0.0,24041500.0
10/01/2013,14.53,17.29,13.48,14.83,0.0,0.0,18573300.0
07/01/2013,13.65,15.67,12.3,14.52,0.0,0.0,16615400.0
04/01/2013,16.07,16.25,12.8,13.54,0.0,0.0,24725200.0
01/01/2013,12.8,16.32,12.25,16.05,0.0,0.0,23250300.0
10/01/2012,10.36,12.98,9.9,12.46,0.0,0.0,23458800.0
07/01/2012,6.5,11.73,6.25,10.33,0.0,0.0,33927200.0
04/01/2012,11.0,11.28,6.25,6.53,0.0,0.0,30475100.0
01/01/2012,12.76,14.32,10.77,11.05,0.0,0.0,13816400.0
10/01/2011,11.44,14.22,10.47,12.59,0.0,0.0,18183400.0
07/01/2011,15.03,15.52,10.88,11.51,0.0,0.0,31552200.0
04/01/2011,16.59,16.97,14.27,15.06,0.0,0.0,16705000.0
01/01/2011,15.98,17.28,14.97,16.92,0.0,0.0,15839200.0
10/01/2010,14.12,16.84,13.72,15.62,0.0,0.0,12385200.0
07/01/2010,12.23,14.26,11.38,13.96,0.0,0.0,19807000.0
04/01/2010,14.4,15.99,12.07,12.22,0.0,0.0,38261200.0
01/01/2010,17.18,17.45,13.28,14.28,0.0,0.0,20573300.0
10/01/2009,16.54,18.08,13.69,16.92,0.0,0.0,21321200.0
07/01/2009,10.53,18.56,10.0,16.58,0.0,0.0,27193700.0
04/01/2009,12.1,15.61,9.57,10.2,0.0,0.0,31200100.0
01/01/2009,18.64,19.25,8.17,12.44,0.0,0.0,43526800
10/01/2008,15.7,18.72,11.08,18.6,0.0,0.0,43390200
07/01/2008,12.57,20.7,10.84,15.98,0.0,0.0,56446900
04/01/2008,21.44,21.91,12.53,12.65,0.0,0.0,48716100
01/01/2008,26.72,27.19,20.0,21.12,0.0,0.0,40437100
10/01/2007,25.18,29.5,23.44,26.85,0.0,0.0,33734500.0
07/01/2007,23.94,25.58,21.27,25.17,0.0,0.0,36653500.0
04/01/2007,26.92,28.6,23.69,23.83,0.0,0.0,45005100
01/01/2007,25.72,28.49,24.7,26.83,0.0,0.0,31506200.0
10/01/2006,24.62,28.07,23.98,25.51,0.0,0.0,40565000
07/01/2006,24.9,26.06,21.9,24.52,0.0,0.0,32900700
04/01/2006,29.85,30.44,20.88,24.8,0.0,0.0,54315700
01/01/2006,27.06,30.36,25.5,29.27,0.0,0.0,38435100
10/01/2005,27.0,34.09,25.87,26.86,0.0,0.0,40837000
07/01/2005,18.11,27.74,17.6,26.82,0.0,0.0,35195700.0
04/01/2005,18.67,20.0,17.29,18.18,0.0,0.0,28186200.0
01/01/2005,20.1,20.46,16.04,18.59,0.0,0.0,26168000.0
10/01/2004,15.17,20.45,14.31,20.06,0.0,0.0,30879300.0
07/01/2004,17.0,17.5,13.0,15.05,0.0,0.0,29375700.0
04/01/2004,19.3,20.0,15.45,17.41,0.0,0.0,26651600.0
01/01/2004,18.0,20.7,16.91,19.32,0.0,0.0,35795600
10/01/2003,17.22,19.49,15.29,18.07,0.0,0.0,33244800.0
07/01/2003,19.1,21.1,16.6,17.32,0.0,0.0,29016000.0
04/01/2003,10.38,19.97,10.19,19.08,0.0,0.0,42684600
01/01/2003,12.9,15.07,8.6,10.33,0.0,0.0,28756100.0
10/01/2002,13.2,20.15,11.2,13.07,0.0,0.0,44956300
07/01/2002,23.3,23.35,11.37,13.1,0.0,0.0,43764300
04/01/2002,24.31,26.35,21.06,23.39,0.0,0.0,37743400
01/01/2002,25.45,29.36,23.79,24.93,0.0,0.0,31481100.0
10/01/2001,16.75,26.85,16.25,25.45,0.0,0.0,52174200
07/01/2001,27.05,34.1,9.75,16.72,0.0,0.0,44033900.0
04/01/2001,22.44,30.79,20.38,28.0,0.0,0.0,27389500.0
01/01/2001,29.0,29.44,16.94,23.25,0.0,0.0,29649100.0
10/01/2000,25.33,30.375,22.78,28.75,0.0,0.0,28490399.0
07/01/2000,18.5,26.25,18.03,25.625,0.0,0.0,29518997.0
04/01/2000,18.815,23.375,16.47,18.53,0.0,0.0,37462996.0
01/01/2000,14.11,19.75,12.94,19.565,0.0,0.0,31887595.0
10/01/1999,10.88,14.75,10.56,14.0,0.0,0.0,31713598
07/01/1999,12.5,13.88,9.81,10.97,0.0,0.0,27477596.0
04/01/1999,14.38,15.63,10.38,12.47,0.0,0.0,40558198
01/01/1999,16.38,20.28,11.94,14.44,0.0,0.0,24653397.0
10/01/1998,9.5,16.53,7.38,16.34,0.0,0.0,27824598.0
07/01/1998,14.0,17.13,6.81,9.56,0.0,0.0,45277598.0
04/01/1998,9.0,15.0,8.0,14.0,0.0,0.0,40232596
01/01/1998,7.44,10.69,7.31,9.13,0.0,0.0,56229196
10/01/1997,5.03,7.53,4.94,7.41,0.0,0.0,27051596.0
07/01/1997,3.91,5.25,3.81,4.94,0.0,0.0,18361998.0
04/01/1997,3.25,4.34,3.0,3.91,0.0,0.0,17148399.0
01/01/1997,3.48,3.69,2.94,3.25,0.0,0.0,9792399.0
10/01/1996,3.59,3.97,3.09,3.47,0.0,0.0,16167999.0
07/01/1996,4.56,4.59,3.5,3.56,0.0,0.0,10985998.0
04/01/1996,3.31,5.19,3.22,4.66,0.0,0.0,25532800.0
01/01/1996,3.28,3.69,3.09,3.28,0.0,0.0,13543200.0
10/01/1995,4.66,4.94,3.22,3.22,0.0,0.0,24004399.0
07/01/1995,5.63,6.34,4.25,4.75,0.0,0.0,40839198
04/01/1995,3.88,5.88,3.53,5.66,0.0,0.0,31954399.0
01/01/1995,3.06,4.03,2.78,3.72,0.0,0.0,34371598.0
10/01/1994,5.47,5.69,2.88,3.13,0.0,0.0,60143198
07/01/1994,6.69,7.63,5.38,5.55,0.0,0.0,23671596.0
04/01/1994,8.44,10.25,5.0,6.38,0.0,0.0,28307200.0
01/01/1994,8.56,9.69,7.75,8.69,0.0,0.0,20636797.0
10/01/1993,6.31,8.63,6.19,8.63,0.0,0.0,24888798.0
07/01/1993,4.0,6.31,3.56,6.13,0.0,0.0,28987996.0
04/01/1993,4.44,5.94,3.88,4.06,0.0,0.0,29501999.0
01/01/1993,2.42,4.44,2.42,4.44,0.0,0.0,19522399.0
10/01/1992,1.55,2.55,1.46,2.42,0.0,0.0,28802398.0
07/01/1992,1.19,1.76,1.09,1.55,0.0,0.0,6624799.0
04/01/1992,1.88,1.88,1.17,1.19,0.0,0.0,7074000.0
01/01/1992,1.11,1.88,0.96,1.88,0.0,0.0,17031597.0
10/01/1991,0.85,1.17,0.63,1.17,0.0,0.0,8824799.0
07/01/1991,0.94,1.0,0.81,0.85,0.0,0.0,10431199.0
04/01/1991,1.04,1.13,0.9,0.94,0.0,0.0,3295600.0
01/01/1991,1.0,1.27,0.73,1.13,0.0,0.0,3596400.0
10/01/1990,1.09,1.11,0.84,1.0,0.0,0.0,1571600.0
07/01/1990,1.36,1.5,1.04,1.09,0.0,0.0,3977600.0
04/01/1990,1.19,1.48,1.09,1.36,0.0,0.0,4727200.0
01/01/1990,1.15,1.23,0.9,1.23,0.0,0.0,2197600.0
10/01/1989,1.4,1.46,1.04,1.11,0.0,0.0,1624800.0
07/01/1989,1.42,1.65,1.34,1.4,0.0,0.0,3088000.0
04/01/1989,1.19,1.42,1.17,1.38,0.0,0.0,3463200.0
01/01/1989,0.91,1.21,0.84,1.19,0.0,0.0,5142800.0
10/01/1988,0.91,0.91,0.81,0.85,0.0,0.0,4459599.0
07/01/1988,0.94,1.02,0.84,0.91,0.0,0.0,1568000.0
04/01/1988,0.84,1.06,0.73,0.94,0.0,0.0,2184000.0
01/01/1988,0.66,1.17,0.33,0.88,0.0,0.0,3023200.0
10/01/1987,1.04,1.09,0.56,0.59,0.0,0.0,4180400.0
