10/01/2022,54.81,62.4,47.52,50.56,0.0,0.0,84270500
07/01/2022,58.21,72.24,54.18,54.27,0.0,0.0,61414944
04/01/2022,72.5,74.866,55.645,58.23,0.0,0.0,71751968
01/01/2022,87.45,88.06,62.32,72.14,0.0,0.0,98149205
10/01/2021,82.66,91.96,80.19,87.19,0.0,0.0,65083703
07/01/2021,81.8,96.4874,77.77,82.25,0.0,0.0,68645402
04/01/2021,79.14,84.865,73.42,81.83,0.0,0.0,86715800
01/01/2021,67.58,78.6699,65.28,77.79,0.0,0.0,146153300
10/01/2020,48.76,67.93,47.19,66.77,0.0,0.0,61963500
07/01/2020,43.17,54.51,41.34,48.7,0.0,0.0,62791300
04/01/2020,30.63,45.33,27.79,43.19,0.0,0.0,84436100
01/01/2020,41.77,46.67,20.01,31.83,0.0,0.0,105220900
10/01/2019,39.12,42.75,36.58,41.69,0.0,0.0,66968700
07/01/2019,45.79,46.25,35.86,38.81,0.0,0.0,69218800
04/01/2019,40.77,45.24,39.3,45.11,0.0,0.0,68979500
01/01/2019,32.21,41.0,30.85,40.4,0.0,0.0,58756200
10/01/2018,43.48,43.72,29.75,32.91,0.0,0.0,79083400
07/01/2018,32.6,44.55,32.16,43.46,0.0,0.0,78751300
04/01/2018,35.69,37.56,32.01,32.84,0.0,0.0,93836100
01/01/2018,40.74,45.7,34.55,35.88,0.0,0.0,67842300
10/01/2017,39.25,43.97,39.19,40.64,0.0,0.0,62720500
07/01/2017,35.96,40.3,35.63,39.25,0.0,0.0,57437000
04/01/2017,32.07,37.37,30.45,35.67,0.0,0.0,62232000
01/01/2017,30.37,32.34,28.61,32.01,0.0,0.0,66632100
10/01/2016,28.51,30.84,25.3,30.15,0.0,0.0,99530500
07/01/2016,24.39,28.72,23.69,28.56,0.0,0.0,79215300
04/01/2016,24.67,27.79,22.68,24.36,0.0,0.0,90592600
01/01/2016,21.16,25.44,18.36,24.8,0.0,0.0,98001500
10/01/2015,16.15,23.85,15.97,21.45,0.0,0.0,111384700
07/01/2015,23.59,24.47,15.9,16.42,0.0,0.0,135497100
04/01/2015,24.96,26.36,22.28,23.46,0.0,0.0,100182300
01/01/2015,26.7,27.61,23.68,25.2,0.0,0.0,94866800
10/01/2014,30.38,31.03,25.66,26.54,0.0,0.0,116933700
07/01/2014,37.14,37.83,29.87,30.5,0.0,0.0,101525100
04/01/2014,39.34,40.14,31.92,36.95,0.0,0.0,86102100
01/01/2014,34.57,40.17,30.66,38.87,0.0,0.0,95938400
10/01/2013,29.7,35.01,27.97,34.7,0.0,0.0,95658600
07/01/2013,26.23,30.01,24.9,29.71,0.0,0.0,92662100
04/01/2013,30.01,30.19,24.66,25.99,0.0,0.0,104224200
01/01/2013,30.0,32.03,28.37,29.98,0.0,0.0,87133998
10/01/2012,24.025,29.965,22.58,29.89,0.0,0.0,80182600
07/01/2012,23.155,26.995,20.01,23.83,0.0,0.0,99595997
04/01/2012,27.075,27.975,22.12,23.005,0.0,0.0,132844395
01/01/2012,21.495,27.785,19.905,27.21,0.0,0.0,80224596
10/01/2011,16.81,22.52,15.94,21.7,0.0,0.0,61845996
07/01/2011,19.92,20.98,16.21,16.775,0.0,0.0,76199198
04/01/2011,25.37,26.15,18.25,19.82,0.0,0.0,108886794
01/01/2011,20.075,25.445,19.7,25.27,0.0,0.0,80968998
10/01/2010,17.64,21.095,16.975,19.965,0.0,0.0,62791794
07/01/2010,13.99,17.765,13.585,17.52,0.0,0.0,71685799
04/01/2010,14.375,16.78,13.365,14.0,0.0,0.0,83199397
01/01/2010,12.59,14.61,11.425,14.36,0.0,0.0,92137597
10/01/2009,11.835,13.0,10.435,12.6,0.0,0.0,108893395
07/01/2009,9.9,13.085,8.985,11.955,0.0,0.0,96208194
04/01/2009,7.535,11.57,7.45,9.815,0.0,0.0,124901597
01/01/2009,10.795,11.7,5.98,7.64,0.0,0.0,156309399
10/01/2008,12.74,12.97,7.215,10.805,0.0,0.0,162641397
07/01/2008,17.63,17.875,11.75,12.93,0.0,0.0,129799397
04/01/2008,13.925,20.71,13.045,17.85,0.0,0.0,179987399
01/01/2008,15.265,15.485,10.735,14.295,0.0,0.0,145543597
10/01/2007,19.605,21.575,15.095,15.12,0.0,0.0,130686596
07/01/2007,16.15,20.665,16.12,19.605,0.0,0.0,103825597
04/01/2007,13.475,16.325,13.415,16.1,0.0,0.0,81439995
01/01/2007,12.6675,14.3525,12.4775,13.42,0.0,0.0,88515998
10/01/2006,11.8125,13.25,10.725,12.6825,0.0,0.0,106702794
07/01/2006,11.1775,13.1,10.395,11.77,0.0,0.0,116849996
04/01/2006,11.3075,12.465,9.78,11.16,0.0,0.0,77788796
01/01/2006,8.8925,11.325,8.65,11.2625,0.0,0.0,93875598
10/01/2005,8.4125,9.49,6.66,8.8725,0.0,0.0,106292395
07/01/2005,9.7675,11.1375,7.7875,8.4225,0.0,0.0,133709999
04/01/2005,8.41,10.2775,7.5175,9.7425,0.0,0.0,105084795
01/01/2005,8.3475,9.56,7.51,8.4525,0.0,0.0,97261199
10/01/2004,7.955,8.6125,6.14,8.26,0.0,0.0,105581197
07/01/2004,7.0625,8.04,5.3875,7.9,0.0,0.0,95977598
04/01/2004,5.735,7.375,5.6075,6.9475,0.0,0.0,92800394
01/01/2004,6.1267,7.195,5.0375,5.745,0.0,0.0,139200795
10/01/2003,3.87,6.4,3.3717,6.2067,0.0,0.0,167330396
07/01/2003,3.8667,4.8917,3.615,3.8417,0.0,0.0,100435197
04/01/2003,3.1833,4.625,3.1,3.8467,0.0,0.0,125836196
01/01/2003,2.0417,3.25,2.0417,3.1617,0.0,0.0,92731197
10/01/2002,1.6583,2.4267,1.3333,2.0817,0.0,0.0,47365796
07/01/2002,2.5833,2.5917,1.6483,1.65,0.0,0.0,54553195
04/01/2002,2.7667,3.1133,2.4583,2.5833,0.0,0.0,103726191
01/01/2002,2.75,2.8967,1.85,2.7717,0.0,0.0,102200999
10/01/2001,2.5167,3.24,2.075,2.7017,0.0,0.0,84665400
07/01/2001,3.1517,3.3833,2.0083,2.5417,0.0,0.0,38897996
04/01/2001,3.0633,3.5833,1.8333,3.2483,0.0,0.0,61098595
01/01/2001,4.01,4.8017,2.4583,3.1567,0.0,0.0,91144195
10/01/2000,3.8233,4.8967,2.8967,4.0,0.0,0.0,108191395
07/01/2000,8.0933,10.5417,3.23,3.73,0.0,0.0,192844194
04/01/2000,3.875,8.48,3.0,8.135,0.0,0.0,165494996
01/01/2000,4.125,5.24,3.0217,4.2917,0.0,0.0,138689995
10/01/1999,1.7717,3.855,1.75,3.605,0.0,0.0,70826397
07/01/1999,2.125,2.2083,1.5,1.7817,0.0,0.0,23488199.0
04/01/1999,1.615,2.2917,1.5633,2.1467,0.0,0.0,31872595.0
01/01/1999,1.2183,1.75,1.2083,1.625,0.0,0.0,38302797.0
10/01/1998,1.6771,1.7083,1.1667,1.2083,0.0,0.0,62279995
07/01/1998,2.6667,2.7292,1.5417,1.6771,0.0,0.0,47030397
04/01/1998,2.9375,3.3021,2.3125,2.6979,0.0,0.0,42664195.0
01/01/1998,3.6042,4.0625,2.875,2.9688,0.0,0.0,55003199
10/01/1997,3.2917,4.0521,3.0208,3.6354,0.0,0.0,53405997
07/01/1997,2.9583,3.6042,2.75,3.2708,0.0,0.0,49976399.0
04/01/1997,1.9375,3.1667,1.8125,2.9583,0.0,0.0,45746398.0
01/01/1997,1.9167,2.4583,1.875,1.9583,0.0,0.0,37810797.0
10/01/1996,2.7708,2.7708,1.8125,1.9167,0.0,0.0,69834597
07/01/1996,3.2083,3.5625,2.4583,2.7708,0.0,0.0,46007997
04/01/1996,3.8125,4.375,3.0625,3.2083,0.0,0.0,100365595
01/01/1996,3.1458,4.0,2.625,3.8125,0.0,0.0,71825397
10/01/1995,4.2292,4.25,2.4167,3.1042,0.0,0.0,190022999
07/01/1995,4.7083,5.8958,4.0833,4.2083,0.0,0.0,118807197
04/01/1995,3.1458,5.125,2.5833,4.7292,0.0,0.0,104642997
01/01/1995,2.7083,3.2917,2.5833,3.1667,0.0,0.0,63820196
10/01/1994,2.4375,2.7917,2.125,2.75,0.0,0.0,40368597.0
07/01/1994,1.6042,2.5625,1.5625,2.375,0.0,0.0,45168597.0
04/01/1994,1.5208,1.7917,1.4375,1.5625,0.0,0.0,12172798.0
01/01/1994,1.4792,1.8958,1.4792,1.5417,0.0,0.0,18004798.0
10/01/1993,2.0,2.0417,1.4583,1.4792,0.0,0.0,17725200.0
07/01/1993,1.625,2.25,1.625,2.0208,0.0,0.0,39245998.0
04/01/1993,1.2917,1.7083,1.2917,1.6667,0.0,0.0,19204795.0
01/01/1993,1.375,1.9583,1.2083,1.3333,0.0,0.0,20928598.0
10/01/1992,1.2083,1.9167,1.0833,1.4167,0.0,0.0,23984995.0
07/01/1992,1.4583,1.6667,1.0833,1.2083,0.0,0.0,14702997.0
04/01/1992,1.8333,2.125,1.2917,1.4583,0.0,0.0,36721197.0
01/01/1992,2.7917,3.0,1.75,1.8333,0.0,0.0,57776999
10/01/1991,2.7917,3.0417,2.2917,2.7917,0.0,0.0,45564597
07/01/1991,2.3542,3.2083,2.125,2.7917,0.0,0.0,52543194
04/01/1991,2.5208,2.9167,2.125,2.3542,0.0,0.0,29185198.0
01/01/1991,1.5417,2.5417,1.375,2.5208,0.0,0.0,33484797.0
10/01/1990,1.125,1.5833,1.0625,1.5417,0.0,0.0,13445400.0
08/01/1990,1.5417,1.5833,0.9583,1.125,0.0,0.0,11894397.0
