12/01/2022,10.31,10.51,10.3,10.4,0.0,0.0,18900.0
11/01/2022,10.24,10.31,10.24,10.31,0.0,0.0,130100.0
10/01/2022,10.19,10.25,10.19,10.25,0.0,0.0,147400.0
09/01/2022,10.195,10.2,10.17,10.19,0.0,0.0,176400.0
08/01/2022,10.19,10.6,10.16,10.195,0.0,0.0,1309300.0
07/01/2022,10.135,10.3,10.12,10.3,0.0,0.0,220400.0
06/01/2022,10.1001,10.15,10.1,10.11,0.0,0.0,58800.0
05/01/2022,10.095,10.11,10.08,10.1,0.0,0.0,3000.0
04/01/2022,10.08,10.12,10.08,10.12,0.0,0.0,762600.0
03/01/2022,10.06,10.09,10.04,10.09,0.0,0.0,70600.0
02/01/2022,10.02,10.05,9.98,10.035,0.0,0.0,313200.0
01/01/2022,10.02,10.03,9.99,10.02,0.0,0.0,301100.0
12/01/2021,9.98,9.99,9.95,9.99,0.0,0.0,522800.0
