12/01/2022,27.61,28.0,25.1,25.6,0.0,0.0,176300.0
11/01/2022,25.39,29.0062,24.54,27.8,0.0,0.0,201310.0
10/01/2022,22.56,25.95,22.4,25.0,0.0,0.0,184549.0
09/01/2022,23.61,24.7325,22.18,22.18,0.0,0.0,304000.0
08/01/2022,23.12,26.44,23.12,23.81,0.0,0.0,399201.0
07/01/2022,22.85,24.55,21.08,23.31,0.0,0.0,397500.0
06/01/2022,24.16,24.92,21.52,22.84,0.0,0.0,331000.0
05/01/2022,24.26,25.0,22.2,24.41,0.0,0.0,425594.0
04/01/2022,23.64,26.09,21.3,23.77,0.0,0.0,490100.0
03/01/2022,23.99,27.14,22.75,23.6,0.0,0.0,371300.0
02/01/2022,24.22,24.77,23.0,24.25,0.0,0.0,282000.0
01/01/2022,23.39,26.74,22.27,24.15,0.0,0.0,573000.0
12/01/2021,22.99,26.2,21.85,23.0,0.0,0.0,708200.0
11/01/2021,27.1,27.28,21.0,22.99,0.0,0.0,168800.0
10/01/2021,21.01,27.1,20.9381,27.1,0.0,0.0,274400.0
09/01/2021,21.28,23.6002,19.51,21.42,0.0,0.0,141200.0
08/01/2021,19.19,24.23,19.19,22.7,0.0,0.0,195100.0
07/01/2021,17.38,19.98,17.2,19.1001,0.0,0.0,157600.0
06/01/2021,18.56,18.88,16.9,17.25,0.0,0.0,799000.0
05/01/2021,17.89,21.74,16.8,18.23,0.0,0.0,188000.0
04/01/2021,17.1601,18.44,17.0,17.71,0.0,0.0,188100.0
03/01/2021,16.66,19.0,16.3142,17.61,0.0,0.0,275200.0
02/01/2021,15.52,17.16,15.25,16.33,0.0,0.0,195100.0
01/01/2021,14.27,16.95,13.84,15.99,0.0,0.0,217600.0
12/01/2020,12.23,15.0,11.6,14.2,0.0,0.0,237400.0
11/01/2020,9.19,12.95,9.08,12.16,0.0,0.0,240400.0
10/01/2020,9.65,10.15,9.07,9.07,0.0,0.0,348000.0
09/01/2020,10.4,10.45,8.11,9.4,0.0,0.0,248100.0
08/01/2020,10.0,12.4,9.79,10.24,0.0,0.0,122700.0
07/01/2020,11.48,11.48,9.1002,9.91,0.0,0.0,246300.0
06/01/2020,10.43,13.85,9.16,10.855,0.0,0.0,492400.0
05/01/2020,10.0,11.25,8.67,10.2,0.0,0.0,441200.0
04/01/2020,7.5,11.35,6.485,10.0,0.0,0.0,438100.0
03/01/2020,17.94,17.94,5.58,7.94,0.0,0.0,1247000.0
02/01/2020,18.25,18.9799,17.88,17.9,0.0,0.0,58700.0
01/01/2020,19.02,19.23,18.1,18.19,0.0,0.0,206000.0
12/01/2019,18.91,20.04,18.23,18.96,0.0,0.0,163400.0
11/01/2019,18.65,19.25,18.24,18.91,0.0,0.0,66700.0
10/01/2019,18.89,19.15,17.4,18.2,0.0,0.0,110100.0
09/01/2019,17.89,19.0,16.885,18.8,0.0,0.0,252400.0
08/01/2019,19.0,19.0,16.21,17.99,0.0,0.0,112600.0
07/01/2019,18.45,19.2,17.482,18.91,0.0,0.0,113200.0
06/01/2019,17.15,19.25,16.37,18.49,0.0,0.0,213400.0
05/01/2019,17.6985,18.0,16.94,16.94,0.0,0.0,75600.0
04/01/2019,17.68,18.0,16.4555,17.32,0.0,0.0,97500.0
03/01/2019,16.0,17.7,15.1,17.37,0.0,0.0,137300.0
02/01/2019,17.62,17.62,15.83,16.0,0.0,0.0,166500.0
01/01/2019,13.4,16.21,12.9,15.59,0.0,0.0,695900.0
12/01/2018,18.9,18.95,10.85,13.35,0.0,0.0,841400.0
11/01/2018,16.48,19.0,16.075,18.49,0.0,0.0,293100.0
10/01/2018,19.01,19.44,14.34,16.55,0.0,0.0,507200.0
