12/01/2022,47.38,47.38,39.4,40.45,0.0,0.0,27519500.0
11/01/2022,46.0,48.845,43.93,48.17,0.0,0.0,14989500.0
10/01/2022,44.45,46.6,39.72,45.41,0.0,0.0,22802700.0
09/01/2022,47.06,49.95,43.17,43.76,0.0,0.0,27204100.0
08/01/2022,50.41,53.36,47.295,47.31,0.0,0.0,14731700.0
07/01/2022,48.38,50.99,45.09,50.59,0.0,0.0,14635300.0
06/01/2022,55.56,56.68,47.45,48.54,0.0,0.0,22872801.0
05/01/2022,55.225,56.35,51.14,55.02,0.0,0.0,18590011.0
04/01/2022,61.225,61.41,54.8,55.275,0.0,0.0,19618197.0
03/01/2022,62.985,65.805,59.98,60.845,0.0,0.0,28782414.0
02/01/2022,62.995,65.89,59.5125,63.205,0.0,0.0,18414198.0
01/01/2022,58.295,66.24,58.295,62.76,0.0,0.0,20113598.0
12/01/2021,57.04,58.845,51.485,58.28,0.0,0.0,22305605.0
11/01/2021,61.04,61.565,55.44,55.735,0.0,0.0,22620615.0
10/01/2021,55.885,61.355,55.465,60.63,0.0,0.0,16665199.0
09/01/2021,57.555,58.56,54.905,55.65,0.0,0.0,19915200.0
08/01/2021,58.3,60.555,56.455,57.505,0.0,0.0,16242799.0
07/01/2021,57.075,58.73,54.86,58.12,0.0,0.0,11811597.0
06/01/2021,59.06,60.325,56.575,56.93,0.0,0.0,31692800.0
05/01/2021,52.315,59.115,51.915,58.935,0.0,0.0,19607799.0
04/01/2021,48.785,52.13,48.785,51.98,0.0,0.0,20578000.0
03/01/2021,46.865,51.1,46.218,48.935,0.0,0.0,36597799.0
02/01/2021,43.01,47.795,42.435,46.085,0.0,0.0,15137000.0
01/01/2021,42.89,45.21,41.965,42.59,0.0,0.0,13908200.0
12/01/2020,42.575,44.075,42.37,42.735,0.0,0.0,14033600.0
11/01/2020,37.6,43.1,37.31,42.1,0.0,0.0,12433199.0
10/01/2020,37.485,39.0475,36.035,37.31,0.0,0.0,11902198.0
09/01/2020,39.52,40.24,36.875,37.36,0.0,0.0,20169596.0
08/01/2020,34.635,40.085,34.555,39.675,0.0,0.0,13384399.0
07/01/2020,33.69,35.185,33.0,34.675,0.0,0.0,14756600.0
06/01/2020,32.175,37.285,32.17,33.485,0.0,0.0,28740396.0
05/01/2020,29.14,33.41,27.47,31.965,0.0,0.0,25403799.0
04/01/2020,27.73,31.375,26.99,29.705,0.0,0.0,34638798.0
03/01/2020,37.99,39.105,23.225,28.985,0.0,0.0,50411999.0
02/01/2020,40.765,41.875,37.505,38.035,0.0,0.0,17587800.0
01/01/2020,41.72,41.795,40.61,40.735,0.0,0.0,15535400.0
12/01/2019,43.45,43.53,41.0155,41.6,0.0,0.0,21147800.0
11/01/2019,42.72,43.81,42.65,43.45,0.0,0.0,18184600.0
10/01/2019,41.35,43.1625,39.645,42.63,0.0,0.0,19238399.0
09/01/2019,38.325,42.15,38.09,41.28,0.0,0.0,29802599.0
08/01/2019,39.225,39.3125,36.6,38.71,0.0,0.0,21764600.0
07/01/2019,39.525,39.975,38.79,39.335,0.0,0.0,12722599.0
06/01/2019,37.985,40.005,37.92,39.28,0.0,0.0,19815799.0
05/01/2019,42.115,42.319,37.175,37.89,0.0,0.0,18029799.0
04/01/2019,39.96,42.165,39.86,42.11,0.0,0.0,16311600.0
03/01/2019,42.46,43.005,39.51,39.535,0.0,0.0,18535199.0
02/01/2019,42.39,43.6975,41.395,42.42,0.0,0.0,14680800.0
01/01/2019,36.9,42.425,36.9,42.395,0.0,0.0,15005400.0
12/01/2018,42.56,42.775,36.48,37.27,0.0,0.0,21234600.0
11/01/2018,43.49,44.125,41.545,41.94,0.0,0.0,13546600.0
10/01/2018,47.56,47.615,42.44,43.16,0.0,0.0,22768198.0
09/01/2018,46.475,48.49,46.09,46.885,0.0,0.0,16607200.0
08/01/2018,45.725,47.68,45.25,46.84,0.0,0.0,18193000.0
07/01/2018,43.285,45.75,42.975,45.615,0.0,0.0,10725399.0
06/01/2018,43.85,44.67,42.735,43.46,0.0,0.0,10861199.0
05/01/2018,43.47,45.91,43.12,43.655,0.0,0.0,12278400.0
04/01/2018,44.14,44.62,42.775,43.525,0.0,0.0,12978000.0
03/01/2018,45.71,46.23,43.465,44.14,0.0,0.0,21677398.0
02/01/2018,49.345,49.405,44.56,45.625,0.0,0.0,17348599.0
01/01/2018,48.835,50.005,48.595,49.51,0.0,0.0,14079600.0
12/01/2017,46.325,48.875,46.19,48.705,0.0,0.0,18415399.0
11/01/2017,44.135,46.025,43.805,45.88,0.0,0.0,16658198.0
10/01/2017,43.715,45.36,43.605,44.025,0.0,0.0,21103800.0
09/01/2017,42.305,44.655,41.935,43.76,0.0,0.0,20621199.0
08/01/2017,43.56,43.6,41.51,41.98,0.0,0.0,18646999.0
07/01/2017,40.61,43.65,40.555,43.42,0.0,0.0,27534198.0
06/01/2017,39.19,41.14,38.69,40.58,0.0,0.0,75401599.0
05/01/2017,40.59,40.665,38.6,39.035,0.0,0.0,64644399.0
04/01/2017,43.01,43.52,39.84,40.415,0.0,0.0,34464800.0
03/01/2017,44.5,44.825,42.36,43.105,0.0,0.0,37978199.0
02/01/2017,42.705,46.11,42.36,44.0,0.0,0.0,15687198.0
01/01/2017,40.92,43.215,40.92,42.6,0.0,0.0,16423999.0
12/01/2016,39.835,42.83,39.835,40.8,0.0,0.0,41102600.0
11/01/2016,37.52,39.675,36.31,39.335,0.0,0.0,24267399.0
10/01/2016,38.63,38.87,37.34,37.48,0.0,0.0,18696399.0
09/01/2016,39.515,40.55,37.71,38.765,0.0,0.0,18619398.0
08/01/2016,37.935,40.425,37.195,39.64,0.0,0.0,17321999.0
07/01/2016,37.39,38.56,36.645,37.975,0.0,0.0,30374799.0
06/01/2016,38.7,41.3,37.03,37.535,0.0,0.0,25237598.0
05/01/2016,40.595,40.595,37.84,38.81,0.0,0.0,10960400.0
04/01/2016,36.68,40.87,36.01,40.385,0.0,0.0,10257998.0
03/01/2016,33.465,38.275,33.465,37.355,0.0,0.0,15068599.0
02/01/2016,32.245,33.605,29.52,33.145,0.0,0.0,16673999.0
01/01/2016,32.52,32.975,28.145,32.425,0.0,0.0,15018000.0
12/01/2015,37.65,38.045,32.92,32.935,0.0,0.0,17200399.0
11/01/2015,38.395,38.415,36.335,37.6,0.0,0.0,7892599.0
10/01/2015,36.33,39.115,35.665,38.275,0.0,0.0,10727999.0
09/01/2015,36.06,36.69,34.25,35.98,0.0,0.0,13156199.0
08/01/2015,35.62,36.815,31.21,36.68,0.0,0.0,17578600.0
07/01/2015,36.99,37.255,34.215,35.715,0.0,0.0,15984000.0
06/01/2015,38.09,38.705,36.845,36.86,0.0,0.0,16205000.0
05/01/2015,40.1,40.205,37.69,38.17,0.0,0.0,10022399.0
04/01/2015,36.255,40.8,36.05,40.14,0.0,0.0,12330400.0
03/01/2015,38.485,38.61,35.465,36.25,0.0,0.0,15108798.0
02/01/2015,35.135,38.73,35.085,38.25,0.0,0.0,14952999.0
01/01/2015,42.75,43.065,34.58,34.71,0.0,0.0,18687397.0
12/01/2014,46.81,47.195,41.475,42.975,0.0,0.0,12879400.0
11/01/2014,45.62,47.29,44.825,46.695,0.0,0.0,5119000.0
10/01/2014,45.015,46.065,41.5,45.675,0.0,0.0,11231399.0
09/01/2014,47.65,48.985,44.565,44.925,0.0,0.0,7893000.0
08/01/2014,46.215,48.615,44.97,47.795,0.0,0.0,7086997.0
07/01/2014,45.64,47.15,45.455,46.37,0.0,0.0,5803798.0
06/01/2014,44.145,45.75,43.82,45.49,0.0,0.0,7032799.0
05/01/2014,44.515,45.915,44.115,44.17,0.0,0.0,5948798.0
04/01/2014,43.14,44.76,42.85,44.625,0.0,0.0,5790199.0
03/01/2014,41.51,43.515,41.47,43.095,0.0,0.0,7477599.0
02/01/2014,39.17,42.28,38.275,41.905,0.0,0.0,7131000.0
01/01/2014,42.755,42.795,38.285,38.86,0.0,0.0,7585999.0
12/01/2013,42.805,43.12,41.53,42.705,0.0,0.0,6589799.0
11/01/2013,42.715,43.755,42.08,43.005,0.0,0.0,5899400.0
10/01/2013,39.975,42.9,39.075,42.575,0.0,0.0,7854598.0
09/01/2013,39.23,40.755,38.81,39.87,0.0,0.0,8413200.0
08/01/2013,38.15,39.41,36.91,39.105,0.0,0.0,8790999.0
07/01/2013,35.45,38.5,34.96,37.94,0.0,0.0,9196999.0
06/01/2013,37.865,38.285,35.285,35.49,0.0,0.0,11797800.0
05/01/2013,39.91,40.285,37.715,37.765,0.0,0.0,9671000.0
04/01/2013,39.18,40.165,37.38,40.01,0.0,0.0,9012998.0
03/01/2013,40.22,40.855,38.6,39.215,0.0,0.0,8028200.0
02/01/2013,41.83,42.005,39.96,40.33,0.0,0.0,4900799.0
01/01/2013,41.075,42.19,40.395,41.68,0.0,0.0,5002600.0
12/01/2012,40.4,41.835,39.9,40.305,0.0,0.0,5392998.0
11/01/2012,39.315,40.57,38.045,40.31,0.0,0.0,4769399.0
10/01/2012,39.345,39.835,38.665,39.29,0.0,0.0,4617200.0
09/01/2012,38.695,40.1,38.035,39.095,0.0,0.0,5971800.0
08/01/2012,36.81,39.045,36.1,38.67,0.0,0.0,6303598.0
07/01/2012,35.17,36.865,34.53,36.525,0.0,0.0,7013197.0
06/01/2012,34.375,35.865,33.16,35.17,0.0,0.0,10081997.0
05/01/2012,37.675,37.975,33.82,34.765,0.0,0.0,13600400.0
04/01/2012,38.085,38.675,36.645,37.68,0.0,0.0,8418800.0
03/01/2012,39.01,39.2,37.435,38.245,0.0,0.0,11970200.0
02/01/2012,38.38,39.2,37.935,38.775,0.0,0.0,7314599.0
01/01/2012,36.77,38.835,36.115,38.035,0.0,0.0,7409200.0
12/01/2011,35.83,36.485,34.1,36.185,0.0,0.0,9429600.0
11/01/2011,36.385,36.95,32.59,35.68,0.0,0.0,11299798.0
10/01/2011,34.755,38.425,32.46,37.725,0.0,0.0,11569198.0
09/01/2011,39.115,39.295,33.525,34.91,0.0,0.0,16416200.0
08/01/2011,38.77,39.375,33.925,38.95,0.0,0.0,19303599.0
07/01/2011,39.36,40.095,37.79,38.12,0.0,0.0,8088599.0
06/01/2011,41.23,41.345,38.435,39.485,0.0,0.0,15658600.0
05/01/2011,43.06,43.92,40.75,41.475,0.0,0.0,7235399.0
04/01/2011,43.34,44.38,41.94,43.21,0.0,0.0,6122599.0
03/01/2011,42.225,43.63,40.57,43.185,0.0,0.0,13870398.0
02/01/2011,38.285,42.76,38.245,42.39,0.0,0.0,10770197.0
01/01/2011,39.305,39.635,37.715,38.115,0.0,0.0,7845000.0
12/01/2010,39.155,40.185,38.015,39.2,0.0,0.0,11575599.0
11/01/2010,38.505,39.655,36.455,38.53,0.0,0.0,15202400.0
10/01/2010,36.35,39.055,36.025,38.3,0.0,0.0,9129600.0
09/01/2010,34.495,36.805,34.41,36.22,0.0,0.0,12665800.0
08/01/2010,34.85,35.06,31.155,33.96,0.0,0.0,11833198.0
07/01/2010,31.18,34.645,30.56,34.355,0.0,0.0,13335399.0
06/01/2010,33.735,37.31,31.06,31.115,0.0,0.0,17369799.0
05/01/2010,36.98,37.17,31.58,33.855,0.0,0.0,16425999.0
04/01/2010,36.775,38.65,35.7,36.685,0.0,0.0,9491399.0
03/01/2010,33.355,38.045,33.355,36.5,0.0,0.0,8607200.0
02/01/2010,29.995,33.33,29.145,33.235,0.0,0.0,7428399.0
01/01/2010,32.865,33.09,29.58,29.94,0.0,0.0,8394598.0
12/01/2009,33.23,34.185,31.68,32.31,0.0,0.0,12270000.0
11/01/2009,28.75,33.155,28.28,32.745,0.0,0.0,16916399.0
10/01/2009,30.465,31.965,28.36,28.565,0.0,0.0,18285797.0
09/01/2009,28.99,31.79,27.05,30.505,0.0,0.0,16734599.0
08/01/2009,31.29,32.525,28.375,29.225,0.0,0.0,19960000.0
07/01/2009,25.57,31.285,23.565,30.82,0.0,0.0,13575799.0
06/01/2009,25.655,25.655,23.21,25.035,0.0,0.0,19142599.0
05/01/2009,22.52,26.65,22.285,24.935,0.0,0.0,33232999.0
04/01/2009,17.865,23.52,17.76,22.405,0.0,0.0,29178198.0
03/01/2009,16.27,19.94,14.015,18.16,0.0,0.0,50245199.0
02/01/2009,18.25,20.45,15.28,16.87,0.0,0.0,29881598.0
01/01/2009,20.805,23.7,16.615,18.72,0.0,0.0,26400600.0
12/01/2008,19.16,21.725,17.09,20.875,0.0,0.0,44124199.0
11/01/2008,22.91,24.99,15.32,18.695,0.0,0.0,47845599.0
10/01/2008,28.765,28.9,18.975,22.66,0.0,0.0,33902797.0
09/01/2008,30.355,31.45,25.005,29.5,0.0,0.0,25011797.0
08/01/2008,30.455,30.63,27.005,30.075,0.0,0.0,15775400.0
07/01/2008,27.275,31.545,24.38,30.375,0.0,0.0,30222999.0
06/01/2008,34.885,34.975,27.175,27.47,0.0,0.0,17926400.0
05/01/2008,36.24,38.405,34.51,35.1,0.0,0.0,11161997.0
04/01/2008,32.765,37.175,32.1,36.815,0.0,0.0,11289600.0
03/01/2008,34.255,34.29,28.095,32.2,0.0,0.0,23444598.0
02/01/2008,35.505,37.1,32.205,33.9,0.0,0.0,16892600.0
01/01/2008,35.81,36.045,31.165,34.825,0.0,0.0,19730200.0
12/01/2007,44.585,44.585,34.795,35.715,0.0,0.0,21032800.0
11/01/2007,53.44,54.395,40.99,44.585,0.0,0.0,15147599.0
10/01/2007,49.96,54.27,49.205,53.96,0.0,0.0,6501999.0
09/01/2007,45.545,50.08,44.515,49.985,0.0,0.0,4719997.0
08/01/2007,43.215,45.765,40.015,45.37,0.0,0.0,8986198.0
07/01/2007,45.31,47.495,42.815,43.51,0.0,0.0,4646600.0
06/01/2007,48.025,48.385,44.545,44.81,0.0,0.0,2245400.0
05/01/2007,44.325,49.795,43.775,48.035,0.0,0.0,1428400.0
04/01/2007,43.405,44.655,43.405,44.215,0.0,0.0,1247200.0
03/01/2007,42.07,44.73,41.975,43.375,0.0,0.0,1752800.0
02/01/2007,42.975,44.9,42.165,42.98,0.0,0.0,1832600.0
01/01/2007,42.44,43.415,41.355,42.825,0.0,0.0,2055000.0
12/01/2006,39.39,43.36,38.915,42.145,0.0,0.0,1388400.0
11/01/2006,38.33,41.005,38.33,39.395,0.0,0.0,1870600.0
10/01/2006,37.815,39.34,36.515,38.94,0.0,0.0,1600000.0
09/01/2006,36.325,38.285,35.655,37.85,0.0,0.0,1561800.0
08/01/2006,34.06,37.75,33.875,36.325,0.0,0.0,1324600.0
07/01/2006,34.31,35.095,33.515,34.225,0.0,0.0,879400.0
06/01/2006,35.85,36.08,32.635,33.56,0.0,0.0,1713600.0
05/01/2006,37.375,37.89,35.545,36.78,0.0,0.0,1165200.0
04/01/2006,36.735,37.34,35.525,37.0,0.0,0.0,887400.0
03/01/2006,34.95,37.145,34.85,36.835,0.0,0.0,1265600.0
02/01/2006,31.55,31.615,29.875,29.875,0.0,0.0,53600.0
01/01/2006,29.75,32.615,29.75,31.625,0.0,0.0,750600.0
12/01/2005,29.25,30.54,29.25,29.77,0.0,0.0,110200.0
11/01/2005,29.85,30.325,28.85,29.585,0.0,0.0,128200.0
10/01/2005,31.275,31.42,28.75,30.15,0.0,0.0,172600.0
09/01/2005,31.2,32.01,30.65,31.23,0.0,0.0,185200.0
08/01/2005,28.7,30.75,28.65,29.75,0.0,0.0,144000.0
07/01/2005,27.85,29.55,26.55,28.65,0.0,0.0,119200.0
06/01/2005,27.75,29.95,27.75,28.27,0.0,0.0,171800.0
05/01/2005,27.2,28.75,26.275,27.81,0.0,0.0,229600.0
04/01/2005,29.125,29.32,26.925,27.0,0.0,0.0,221200.0
03/01/2005,30.475,31.655,29.1,29.28,0.0,0.0,354600.0
02/01/2005,28.85,30.625,28.565,30.34,0.0,0.0,153400.0
01/01/2005,30.9,30.955,28.005,28.745,0.0,0.0,92200.0
12/01/2004,30.4,31.245,28.69,30.545,0.0,0.0,114600.0
11/01/2004,28.775,31.7,28.545,31.145,0.0,0.0,80800.0
10/01/2004,27.045,28.33,26.5,28.3,0.0,0.0,236200.0
09/01/2004,25.3,27.05,25.125,27.045,0.0,0.0,111800.0
08/01/2004,25.05,26.05,24.965,25.25,0.0,0.0,25000.0
07/01/2004,24.9,26.0,24.9,25.03,0.0,0.0,9200.0
06/01/2004,24.05,24.325,22.75,23.9,0.0,0.0,37200.0
05/01/2004,24.0,24.425,23.09,24.1,0.0,0.0,126600.0
04/01/2004,24.95,25.325,24.0,24.15,0.0,0.0,25600.0
03/01/2004,24.0,24.65,23.135,24.6,0.0,0.0,65600.0
02/01/2004,22.9,24.75,22.9,23.8,0.0,0.0,21400.0
01/01/2004,22.775,23.85,22.25,22.25,0.0,0.0,24800.0
12/01/2003,21.5,22.7,21.425,22.7,0.0,0.0,31000.0
11/01/2003,21.875,22.05,21.375,21.425,0.0,0.0,26200.0
10/01/2003,20.575,22.325,20.575,21.95,0.0,0.0,20600.0
09/01/2003,18.9,21.225,18.525,20.325,0.0,0.0,57400.0
08/01/2003,19.05,19.5,18.75,18.975,0.0,0.0,21800.0
07/01/2003,19.2,19.74,18.9,18.975,0.0,0.0,134600.0
06/01/2003,17.5,19.3,17.5,18.65,0.0,0.0,23800.0
05/01/2003,17.205,18.025,16.275,17.625,0.0,0.0,49000.0
04/01/2003,15.175,17.2,15.175,17.2,0.0,0.0,15000.0
03/01/2003,14.025,15.1,12.9,14.925,0.0,0.0,50000.0
02/01/2003,14.6,14.8,13.625,13.825,0.0,0.0,38200.0
01/01/2003,14.18,15.375,14.18,14.7,0.0,0.0,36400.0
12/01/2002,14.5,21.3,13.545,14.0,0.0,0.0,198400.0
11/01/2002,14.25,14.555,12.72,14.55,0.0,0.0,273600.0
10/01/2002,13.125,14.5,12.43,12.685,0.0,0.0,728200.0
09/01/2002,12.75,13.325,12.25,13.06,0.0,0.0,48600.0
08/01/2002,13.625,13.75,12.4,12.635,0.0,0.0,24600.0
07/01/2002,15.125,15.3,13.75,13.75,0.0,0.0,38400.0
06/01/2002,14.85,15.525,14.75,15.525,0.0,0.0,68400.0
05/01/2002,16.275,16.5,13.8,14.975,0.0,0.0,16600.0
04/01/2002,18.425,18.425,16.25,16.255,0.0,0.0,25600.0
03/01/2002,18.13,18.7,17.125,18.25,0.0,0.0,42600.0
02/01/2002,17.4,18.5,17.38,18.1,0.0,0.0,31000.0
01/01/2002,17.55,17.675,16.8,17.2,0.0,0.0,13200.0
12/01/2001,16.85,17.9,16.775,17.075,0.0,0.0,39800.0
11/01/2001,15.2,17.0,15.2,17.0,0.0,0.0,27600.0
10/01/2001,13.675,15.625,13.675,15.325,0.0,0.0,59000.0
09/01/2001,14.85,14.85,13.2,13.45,0.0,0.0,35200.0
08/01/2001,13.25,15.625,13.05,15.1,0.0,0.0,30200.0
07/01/2001,12.8,13.35,12.0,12.35,0.0,0.0,171400.0
06/01/2001,14.505,15.25,12.525,13.025,0.0,0.0,29800.0
05/01/2001,14.4,15.65,14.35,14.5,0.0,0.0,11000.0
04/01/2001,12.25,14.24,12.25,14.05,0.0,0.0,23200.0
03/01/2001,13.575,13.8,12.15,12.65,0.0,0.0,478600.0
02/01/2001,14.4,14.625,12.8,13.0,0.0,0.0,22400.0
01/01/2001,15.875,15.875,14.19,14.2,0.0,0.0,20400.0
12/01/2000,16.375,16.44,14.69,15.69,0.0,0.0,65600.0
11/01/2000,14.565,16.25,14.565,15.69,0.0,0.0,22200.0
10/01/2000,15.94,15.94,14.0,14.875,0.0,0.0,49600.0
09/01/2000,16.75,16.875,14.125,15.565,0.0,0.0,84800.0
08/01/2000,15.25,17.19,15.125,16.565,0.0,0.0,58200.0
07/01/2000,15.5,16.375,15.095,15.095,0.0,0.0,103600.0
06/01/2000,14.625,15.875,14.565,15.125,0.0,0.0,46800.0
05/01/2000,14.72,15.19,13.815,14.315,0.0,0.0,73800.0
04/01/2000,16.0,16.0,14.75,14.815,0.0,0.0,58200.0
03/01/2000,16.315,16.565,15.0,16.0,0.0,0.0,69200.0
02/01/2000,19.065,19.25,15.75,16.875,0.0,0.0,107000.0
