12/01/2022,9.84,9.96,9.81,9.8961,0.0,0.0,713000.0
11/01/2022,9.8,9.85,9.74,9.85,0.0,0.0,2723900.0
10/01/2022,9.73,9.95,9.7,9.75,0.0,0.0,699600.0
09/01/2022,9.73,9.75,9.68,9.72,0.0,0.0,2137500.0
08/01/2022,9.73,9.78,9.7,9.71,0.0,0.0,1931900.0
07/01/2022,9.66,9.72,9.66,9.71,0.0,0.0,71900.0
06/01/2022,9.67,9.72,9.65,9.691,0.0,0.0,896000.0
05/01/2022,9.72,9.75,9.62,9.695,0.0,0.0,1444000.0
04/01/2022,9.78,9.8,9.7,9.74,0.0,0.0,1290700.0
03/01/2022,9.8,10.22,9.69,9.75,0.0,0.0,1179800.0
02/01/2022,10.295,10.655,9.6,9.86,0.0,0.0,103800.0
01/01/2022,9.76,10.01,9.61,9.8,0.0,0.0,443100.0
12/01/2021,9.8,10.26,9.65,9.75,0.0,0.0,952800.0
11/01/2021,9.71,9.99,9.7076,9.8,0.0,0.0,1022800.0
