12/01/2022,275.52,281.535,254.01,265.42,-7.99,-2.92,43338600.0
11/01/2022,253.75,277.23,234.96,273.41,21.74,8.64,57396900.0
10/01/2022,261.27,283.63,234.82,251.67,-6.62,-2.56,67589300.0
09/01/2022,270.23,294.6,257.33,258.29,-11.62,-4.31,51473600.0
08/01/2022,289.99,303.82,268.515,269.91,-21.56,-7.4,40301300.0
07/01/2022,254.32,292.6382,242.85,291.47,37.95,14.97,45720800.0
06/01/2022,271.47,273.59,238.23,253.52,-10.3,-3.9,49115300.0
05/01/2022,250.17,266.88,233.708,263.82,12.69,5.05,59321400.0
04/01/2022,294.11,303.12,250.55,251.13,-42.2,-14.39,60989900.0
03/01/2022,274.41,300.965,254.67,293.33,18.92,6.89,58726300.0
02/01/2022,287.47,295.51,255.83,274.41,-11.38,-3.98,51503600.0
01/01/2022,327.12,328.57,264.17,285.79,-43.22,-13.14,77237700.0
12/01/2021,320.3,331.23,303.925,329.01,7.37,2.29,55059300.0
11/01/2021,312.9,331.685,282.51,321.64,9.87,3.17,57219600.0
10/01/2021,306.98,315.63,290.06,311.77,7.33,2.41,45268600.0
09/01/2021,323.59,333.96,300.97,304.44,-19.72,-6.08,45927600.0
08/01/2021,299.17,329.47,295.01,324.16,26.67,8.97,42119500.0
07/01/2021,268.0,299.73,267.11,297.49,29.13,10.85,42890200.0
06/01/2021,253.77,273.08,238.32,268.36,12.22,4.77,66555900.0
05/01/2021,256.73,261.4267,245.95,256.14,2.2,0.87,43116600.0
04/01/2021,225.52,260.37,224.142,253.94,28.86,12.82,49479800.0
03/01/2021,220.92,228.4,211.22,225.08,5.41,2.46,64316900.0
02/01/2021,239.5,248.86,218.065,219.67,-18.17,-7.64,45575600.0
01/01/2021,224.99,245.25,217.83,237.84,15.7,7.07,54794200.0
12/01/2020,226.01,228.0,219.67,222.14,-2.49,-1.11,48252600.0
11/01/2020,232.38,248.32,212.42,224.63,-4.91,-2.14,59000100.0
10/01/2020,217.01,240.51,211.425,229.54,14.21,6.6,48629300.0
09/01/2020,205.41,216.63,192.51,215.33,8.86,4.29,46989900.0
08/01/2020,205.0,209.38,198.12,206.47,2.67,1.31,34302200.0
07/01/2020,177.11,204.13,175.14,203.8,26.97,15.25,53044000.0
06/01/2020,165.74,178.73,164.31,176.83,10.22,6.13,58943200.0
05/01/2020,162.35,167.08,155.61,166.61,3.15,1.93,72409300.0
04/01/2020,133.36,170.64,127.7,163.46,25.05,18.1,75788700.0
03/01/2020,145.31,156.14,119.6,138.41,-6.17,-4.27,111124100.0
02/01/2020,162.0,166.4,141.22,144.58,-16.29,-10.13,50380300.0
01/01/2020,153.96,169.19,152.43,160.87,7.39,4.81,51573800.0
12/01/2019,146.49,154.0,144.07,153.48,7.5,5.14,569910096.0
11/01/2019,138.72,147.2,132.88,145.98,8.16,5.92,91550300.0
10/01/2019,144.25,145.36,134.42,137.82,-6.61,-4.58,47210800.0
09/01/2019,140.55,147.33,133.84,144.43,2.34,1.65,47775200.0
08/01/2019,140.84,143.38,134.11,142.09,1.59,1.13,43416100.0
07/01/2019,144.04,145.5,139.27,140.5,-2.42,-1.69,52477300.0
06/01/2019,132.2,144.57,131.21,142.92,10.91,8.26,45590500.0
05/01/2019,132.66,134.67,128.31,132.01,-0.43,-0.32,47722500.0
04/01/2019,133.15,134.5,124.01,132.44,0.42,0.32,56106500.0
03/01/2019,127.55,132.5975,123.5,132.02,5.0,3.94,62603000.0
02/01/2019,110.93,127.84,107.56,127.02,16.1,14.51,68294100.0
01/01/2019,101.66,111.1,96.44,110.92,7.8,7.56,54288900.0
12/01/2018,110.5,110.86,94.59,103.12,-6.42,-5.86,64398000.0
11/01/2018,99.39,109.67,98.71,109.54,10.14,10.2,47276900.0
10/01/2018,109.18,110.13,95.44,99.4,-9.26,-8.52,68563400.0
09/01/2018,103.66,109.32,102.75,108.66,5.12,4.94,39619400.0
08/01/2018,102.6,103.82,99.05,103.54,0.96,0.94,46751400.0
07/01/2018,98.18,106.08,97.4,102.58,3.9,3.95,58359100.0
06/01/2018,100.1,104.13,97.09,98.68,-0.6,-0.6,52099500.0
05/01/2018,100.35,103.14,97.735,99.28,-1.04,-1.04,45779200.0
04/01/2018,97.62,103.98,95.02,100.32,2.41,2.46,46023200.0
03/01/2018,97.75,104.29,94.91,97.91,0.13,0.13,47945900.0
02/01/2018,100.92,102.53,91.84,97.78,-3.5,-3.46,56870000.0
01/01/2018,93.18,104.82,92.18,101.28,8.46,9.11,52731100.0
12/01/2017,94.49,95.16,92.04,92.82,-1.54,-1.63,43976900.0
11/01/2017,92.37,94.82,91.65,94.36,2.09,2.27,39042700.0
10/01/2017,86.0,92.47,83.81,92.27,6.49,7.57,62032600.0
09/01/2017,83.37,88.62,82.675,85.78,2.36,2.83,54321300.0
08/01/2017,81.54,83.59,78.97,83.42,1.93,2.37,57423700.0
07/01/2017,84.78,85.95,80.675,81.49,-2.9,-3.44,68439300.0
06/01/2017,85.27,87.0,83.65,84.39,-0.55,-0.65,60730100.0
05/01/2017,83.57,85.48,81.36,84.94,1.61,1.93,56925900.0
04/01/2017,85.66,86.99,81.57,83.33,-2.2,-2.57,64057800.0
03/01/2017,86.55,88.01,85.21,85.53,-0.02,-0.02,49014800.0
02/01/2017,84.55,86.33,82.56,85.55,1.63,1.94,39534500.0
01/01/2017,78.44,84.11,78.22,83.92,6.08,7.81,57102400.0
12/01/2016,78.13,80.62,76.27,77.84,-0.33,-0.42,70754000.0
11/01/2016,78.71,81.3,76.39,78.17,-0.38,-0.48,74364300.0
10/01/2016,77.96,81.24,75.71,78.55,0.16,0.2,64696000.0
09/01/2016,81.55,81.85,76.15,78.39,-3.02,-3.71,74037200.0
08/01/2016,81.24,82.64,79.86,81.41,-0.03,-0.04,49209600.0
07/01/2016,101.34,102.79,77.34,81.44,-19.56,-19.37,87481200.0
06/01/2016,97.77,101.0,96.84,101.0,2.64,2.68,62438400.0
05/01/2016,96.73,100.5,95.42,98.36,1.61,1.66,49102300.0
04/01/2016,94.35,97.52,92.45,96.75,1.89,1.99,49351200.0
03/01/2016,89.87,95.89,88.3,94.86,5.59,6.26,65947200.0
02/01/2016,86.42,89.88,82.86,89.27,2.62,3.02,54929400.0
01/01/2016,91.06,92.13,81.25,86.65,-6.23,-6.71,74049100.0
12/01/2015,96.95,97.49,91.11,92.88,-3.51,-3.64,62138500.0
11/01/2015,93.51,97.62,93.3,96.39,3.08,3.3,46085700.0
10/01/2015,85.27,94.61,83.85,93.31,8.1,9.51,72521900.0
09/01/2015,85.21,89.41,82.3,85.21,-1.81,-2.08,87503200.0
08/01/2015,91.52,92.92,82.67,87.02,-4.54,-4.96,59223100.0
07/01/2015,86.0,92.18,85.18,91.56,5.97,6.98,110713800.0
06/01/2015,86.5,87.44,84.12,85.59,-0.73,-0.85,73059600.0
05/01/2015,82.09,90.25,81.87,86.32,4.44,5.42,96880200.0
04/01/2015,84.78,85.99,81.59,81.88,-3.02,-3.56,65953200.0
03/01/2015,87.21,87.84,83.88,84.9,-2.38,-2.73,58547300.0
02/01/2015,82.44,88.1,81.6,87.28,4.9,5.95,45819100.0
01/01/2015,86.01,86.52,81.25,82.38,-3.33,-3.89,66839600.0
12/01/2014,83.1,87.49,81.85,85.71,2.15,2.57,57938200.0
11/01/2014,80.35,83.96,79.65,83.56,3.16,3.93,40982700.0
10/01/2014,75.7,80.69,70.12,80.4,4.42,5.82,88798200.0
09/01/2014,76.67,80.0,74.94,75.98,-0.63,-0.82,60048000.0
08/01/2014,73.81,77.59,73.02,76.61,2.73,3.7,54039400.0
07/01/2014,79.16,79.72,73.29,73.88,-4.85,-6.16,78505000.0
06/01/2014,78.6,81.14,77.83,78.73,0.3,0.38,51232400.0
05/01/2014,73.38,79.04,72.17,78.43,5.05,6.88,62828600.0
04/01/2014,75.08,76.7,71.75,73.38,-1.62,-2.16,73111800.0
03/01/2014,75.74,77.56,72.95,75.0,-1.49,-1.95,50846600.0
02/01/2014,74.53,77.54,71.89,76.49,2.1,2.82,53309900.0
01/01/2014,76.66,78.8,73.65,74.39,-2.81,-3.64,61465500.0
12/01/2013,74.59,77.39,72.88,77.2,2.4,3.21,47063300.0
11/01/2013,72.2,75.93,71.7,74.8,2.71,3.76,44855800.0
10/01/2013,69.45,72.82,66.83,72.09,2.77,4.0,57440400.0
09/01/2013,66.13,70.94,65.61,69.32,3.8,5.8,49060000.0
08/01/2013,67.82,68.2,64.78,65.52,-1.82,-2.7,42777500.0
07/01/2013,63.74,69.02,63.16,67.34,4.04,6.38,67060100.0
06/01/2013,61.86,64.8,59.65,63.3,1.48,2.39,64455300.0
05/01/2013,60.67,64.39,60.1,61.82,0.88,1.44,59906800.0
04/01/2013,61.86,62.12,57.61,60.94,-1.21,-1.95,69179600.0
03/01/2013,61.25,62.9,60.72,62.15,0.55,0.89,48120100.0
02/01/2013,60.2,62.14,59.86,61.6,1.67,2.79,48981200.0
01/01/2013,56.96,61.49,56.17,59.93,4.03,7.21,74909400.0
12/01/2012,54.39,56.58,52.82,55.9,1.93,3.58,56087200.0
11/01/2012,52.0,54.07,51.32,53.97,2.24,4.33,79212600.0
10/01/2012,55.15,57.15,50.63,51.73,-3.42,-6.2,97337900.0
09/01/2012,53.67,56.11,52.57,55.15,1.58,2.95,62156000.0
08/01/2012,53.11,54.22,52.2,53.57,0.76,1.44,54143600.0
07/01/2012,52.08,53.41,49.28,52.81,0.73,1.4,67141700.0
06/01/2012,50.92,53.0,49.18,52.08,0.11,0.21,66951800.0
05/01/2012,54.02,55.0,51.32,51.97,-2.25,-4.15,67467100.0
04/01/2012,56.0,56.45,52.16,54.22,-1.78,-3.18,57244600.0
03/01/2012,52.91,56.05,52.04,56.0,3.17,6.0,53451100.0
02/01/2012,52.83,53.71,51.06,52.83,0.32,0.61,61595300.0
01/01/2012,48.04,53.2,47.5,52.51,5.47,11.63,59686900.0
12/01/2011,48.43,49.0,45.06,47.04,-1.34,-2.77,68935500.0
11/01/2011,47.02,50.15,44.39,48.38,0.03,0.06,69105700.0
10/01/2011,41.73,50.98,39.34,48.35,6.41,15.28,96283700.0
09/01/2011,45.64,46.91,41.36,41.94,-3.87,-8.45,106698700.0
08/01/2011,49.58,49.84,39.89,45.81,-3.3,-6.72,140840700.0
07/01/2011,52.96,55.66,47.8,49.11,-3.88,-7.32,78825600.0
06/01/2011,54.36,54.46,50.75,52.99,-1.54,-2.82,96476200.0
05/01/2011,55.59,55.82,52.82,54.53,-0.71,-1.29,62826300.0
04/01/2011,52.23,56.09,51.19,55.24,3.34,6.44,62450800.0
03/01/2011,50.69,52.37,48.96,51.9,1.3,2.57,70173100.0
02/01/2011,46.46,52.21,46.25,50.6,4.54,9.86,73633400.0
01/01/2011,47.5,47.96,45.63,46.06,-1.11,-2.35,61634500.0
12/01/2010,43.91,47.59,43.87,47.17,3.92,9.06,57466400.0
11/01/2010,43.57,45.0,42.43,43.25,-0.11,-0.25,62010700.0
10/01/2010,40.95,43.47,39.53,43.36,2.75,6.77,73247000.0
09/01/2010,36.72,41.56,36.72,40.61,4.28,11.78,70632200.0
08/01/2010,38.86,39.7,35.24,36.33,-2.08,-5.42,76341600.0
07/01/2010,37.27,38.94,35.67,38.41,1.29,3.48,96848800.0
06/01/2010,39.275,41.34,37.01,37.12,-2.57,-6.48,80892300.0
05/01/2010,42.02,43.765,37.66,39.69,-2.45,-5.81,119488199.0
04/01/2010,40.065,42.75,39.455,42.14,2.185,5.47,91614996.0
03/01/2010,36.98,40.55,36.865,39.955,2.97,8.03,84682598.0
02/01/2010,35.815,38.15,34.9,36.985,1.31,3.67,78143798.0
01/01/2010,37.74,39.01,35.635,35.675,-1.925,-5.12,65284398.0
12/01/2009,35.67,38.28,35.38,37.6,2.14,6.03,74594798.0
11/01/2009,34.21,36.905,33.795,35.46,1.345,3.94,70266398.0
10/01/2009,33.47,36.39,32.195,34.115,0.455,1.35,101543799.0
09/01/2009,30.17,34.5,30.1,33.66,3.305,10.89,114921600.0
08/01/2009,30.845,31.69,29.31,30.355,-0.265,-0.87,88525399.0
07/01/2009,31.1,32.125,28.52,30.62,-0.25,-0.81,97888198.0
06/01/2009,30.69,32.45,29.505,30.87,0.695,2.3,72463999.0
05/01/2009,29.195,31.4,28.8,30.175,0.955,3.27,82358399.0
04/01/2009,26.01,30.39,25.59,29.22,2.11,7.78,119487799.0
03/01/2009,25.23,28.45,23.865,27.11,1.73,6.82,155011799.0
02/01/2009,27.65,29.5,25.105,25.38,-2.585,-9.24,98605999.0
01/01/2009,28.28,29.17,25.0,27.965,-0.34,-1.2,100995598.0
12/01/2008,26.64,28.45,23.6,28.305,0.485,1.74,129339599.0
11/01/2008,29.71,31.52,24.45,27.82,-1.8,-6.08,105308399.0
10/01/2008,34.73,35.115,24.53,29.62,-5.08,-14.64,178670598.0
09/01/2008,41.125,41.58,33.72,34.7,-6.085,-14.92,94249199.0
08/01/2008,39.95,42.5,39.895,40.785,0.96,2.41,73610997.0
07/01/2008,38.07,41.72,36.45,39.825,1.175,3.04,125370199.0
06/01/2008,38.9,41.31,37.8,38.65,-0.44,-1.13,95851998.0
05/01/2008,39.03,40.465,37.5,39.09,0.08,0.21,75044800.0
04/01/2008,38.375,39.84,36.52,39.01,0.995,2.62,100947797.0
03/01/2008,36.995,39.735,33.88,38.015,0.94,2.54,102376200.0
02/01/2008,37.305,38.43,36.29,37.075,-0.405,-1.08,86567199.0
01/01/2008,43.65,44.1,35.095,37.48,-6.39,-14.57,123039797.0
12/01/2007,43.56,44.61,42.25,43.87,0.46,1.06,55747398.0
11/01/2007,42.115,43.7,40.02,43.41,0.575,1.34,95331797.0
10/01/2007,41.3,43.005,40.045,42.835,1.48,3.58,62293799.0
09/01/2007,39.015,42.175,37.505,41.355,2.525,6.5,48205798.0
08/01/2007,37.4,41.435,36.45,38.83,1.49,3.99,92219795.0
07/01/2007,38.085,40.19,36.815,37.34,-0.41,-1.09,83236400.0
06/01/2007,36.76,38.045,35.445,37.75,1.0,2.72,66543000.0
05/01/2007,35.22,37.315,35.01,36.75,1.155,3.24,101097200.0
04/01/2007,35.37,36.625,34.805,35.595,-0.13,-0.36,63850797.0
03/01/2007,35.5,36.445,34.555,35.725,-0.12,-0.33,68683998.0
02/01/2007,37.225,37.5,35.02,35.845,-1.185,-3.2,38968800.0
01/01/2007,36.22,37.985,35.235,37.03,0.81,2.24,58818598.0
12/01/2006,36.565,37.2,35.685,36.22,-0.34,-0.93,43859199.0
11/01/2006,36.095,37.64,34.825,36.56,0.675,1.88,41315200.0
10/01/2006,34.335,36.08,33.435,35.885,1.55,4.51,55581798.0
09/01/2006,33.15,34.525,32.2,34.335,1.19,3.59,49720198.0
08/01/2006,32.4,33.86,31.15,33.145,0.545,1.67,74765999.0
07/01/2006,32.2,33.145,29.86,32.6,0.44,1.37,62411000.0
06/01/2006,31.895,32.69,30.315,32.16,0.105,0.33,60493600.0
05/01/2006,32.18,34.235,30.755,32.055,0.0,0.0,62127600.0
04/01/2006,31.775,33.99,31.385,32.055,0.28,0.88,57047797.0
03/01/2006,30.265,32.71,30.105,31.775,1.485,4.9,46839799.0
02/01/2006,28.135,31.19,27.575,30.29,1.97,6.96,45512998.0
01/01/2006,28.045,28.72,27.02,28.32,0.43,1.54,60270399.0
12/01/2005,28.075,29.2,27.555,27.89,0.14,0.5,59098799.0
11/01/2005,26.045,28.0,25.855,27.75,1.7,6.53,51061399.0
10/01/2005,26.925,27.125,24.5,26.05,-0.865,-3.21,76189399.0
09/01/2005,26.915,27.875,25.84,26.915,0.135,0.5,66846799.0
08/01/2005,28.0,28.515,25.97,26.78,-0.945,-3.41,48783400.0
07/01/2005,26.3,28.225,25.525,27.725,1.555,5.94,64699599.0
06/01/2005,27.615,28.0,25.775,26.17,-1.395,-5.06,59108798.0
05/01/2005,25.405,27.715,25.205,27.565,2.25,8.89,70372399.0
04/01/2005,26.805,26.88,24.16,25.315,-1.39,-5.21,99572799.0
03/01/2005,27.085,28.19,26.35,26.705,-0.38,-1.4,60987800.0
02/01/2005,27.5,27.975,26.49,27.085,-0.355,-1.29,47795395.0
01/01/2005,28.875,28.96,26.26,27.44,-1.265,-4.41,57358998.0
12/01/2004,28.565,29.195,28.05,28.705,0.265,0.93,43065999.0
11/01/2004,27.65,29.45,27.4,28.44,0.875,3.17,44822797.0
10/01/2004,25.725,27.78,25.58,27.565,1.925,7.51,62277599.0
09/01/2004,25.71,26.48,24.91,25.64,-0.07,-0.27,57428598.0
08/01/2004,25.325,25.72,23.825,25.71,0.385,1.52,46583398.0
07/01/2004,25.925,26.01,24.15,25.325,-0.6,-2.31,60187398.0
06/01/2004,23.42,26.0,23.335,25.925,2.41,10.25,57681399.0
05/01/2004,23.13,23.75,22.065,23.515,0.385,1.66,70008198.0
04/01/2004,23.2875,24.05,23.0,23.13,-0.2125,-0.91,72160800.0
03/01/2004,22.6,24.05,21.9125,23.3425,0.935,4.17,85029198.0
02/01/2004,23.075,23.7125,22.3725,22.4075,-0.48,-2.1,61442000.0
01/01/2004,22.9625,23.865,21.9425,22.8875,-0.05,-0.22,94833598.0
12/01/2003,20.85,23.0875,20.5875,22.9375,2.1375,10.28,74613600.0
11/01/2003,20.925,21.3225,19.9425,20.8,0.0875,0.42,54086798.0
10/01/2003,18.45,20.9,18.4375,20.7125,2.2475,12.17,72211600.0
09/01/2003,19.375,19.655,18.2075,18.465,-0.8475,-4.39,71528000.0
08/01/2003,18.0525,19.3875,17.665,19.3125,1.2625,6.99,76805599.0
07/01/2003,17.0125,18.275,16.33,18.05,1.0375,6.1,91144399.0
06/01/2003,16.8125,18.0625,16.8125,17.0125,0.2825,1.69,95968396.0
05/01/2003,17.245,17.9575,16.025,16.73,-0.515,-2.99,99772398.0
04/01/2003,16.4875,17.765,16.25,17.245,0.805,4.9,103461599.0
03/01/2003,16.2975,17.125,15.505,16.44,0.185,1.14,102429200.0
02/01/2003,15.365,16.375,15.0875,16.255,0.9025,5.88,70911198.0
01/01/2003,16.465,17.1125,14.8875,15.3525,-1.0725,-6.53,83020399.0
12/01/2002,16.0,16.7975,15.0275,16.425,0.715,4.55,76422800.0
11/01/2002,14.425,15.955,13.8475,15.71,1.2475,8.63,85121598.0
10/01/2002,14.375,15.255,13.245,14.4625,0.25,1.76,157386399.0
09/01/2002,14.975,15.25,13.15,14.2125,-0.825,-5.49,94381599.0
08/01/2002,15.515,16.025,13.8975,15.0375,-0.475,-3.06,73549600.0
07/01/2002,16.5875,16.59,13.525,15.5125,-1.075,-6.48,91645199.0
06/01/2002,17.4075,17.4625,15.32,16.5875,-0.8175,-4.7,109259600.0
05/01/2002,17.8625,18.2,16.8275,17.405,-0.49,-2.74,74960399.0
04/01/2002,17.775,18.865,17.145,17.895,0.14,0.79,77921199.0
03/01/2002,16.8125,18.5625,16.6475,17.755,0.9475,5.64,121079200.0
02/01/2002,15.8,17.485,14.825,16.8075,0.8725,5.48,100378000.0
01/01/2002,15.0,16.0625,14.6275,15.935,0.8575,5.69,93974399.0
12/01/2001,14.45,16.025,14.025,15.0775,0.415,2.83,101792796.0
11/01/2001,13.97,15.45,13.83,14.6625,0.7275,5.22,78509598.0
10/01/2001,11.75,14.95,11.3925,13.935,2.14,18.14,152107999.0
09/01/2001,13.775,14.225,10.975,11.795,-2.0975,-15.1,106907999.0
08/01/2001,13.475,14.695,13.3875,13.8925,-0.255,-1.8,168677997.0
07/01/2001,14.0375,14.8,13.675,14.1475,0.1475,1.05,51238799.0
06/01/2001,15.65,16.3725,13.875,14.0,-1.745,-11.08,61318399.0
05/01/2001,14.1175,16.3,13.3375,15.745,1.7425,12.44,70881999.0
04/01/2001,13.7,14.7625,12.8775,14.0025,0.3625,2.66,52859599.0
03/01/2001,15.86,16.2625,13.0525,13.64,-2.22,-14.0,59103599.0
02/01/2001,16.12,16.62,15.5325,15.86,-0.26,-1.61,38635597.0
01/01/2001,17.095,17.1725,14.39,16.12,-0.975,-5.7,72355198.0
12/01/2000,16.36,17.4525,15.4225,17.095,0.7975,4.89,40244400.0
11/01/2000,15.75,16.4525,14.985,16.2975,0.515,3.26,34111600.0
10/01/2000,12.375,15.7825,12.25,15.7825,3.345,26.89,41019599.0
09/01/2000,14.11,14.1575,11.6575,12.4375,-1.61,-11.46,34098800.0
08/01/2000,12.735,14.1875,12.1725,14.0475,1.3125,10.31,30610399.0
07/01/2000,12.345,12.735,11.2975,12.735,0.375,3.03,30473999.0
06/01/2000,11.9225,12.7025,11.7025,12.36,0.2975,2.47,30669600.0
05/01/2000,14.1575,14.735,12.0,12.0625,-2.22,-15.54,31659199.0
04/01/2000,12.75,14.485,11.9225,14.2825,1.5325,12.02,26567599.0
03/01/2000,10.25,12.8125,9.11,12.75,2.5475,24.97,47821597.0
02/01/2000,10.765,11.0625,9.375,10.2025,-0.58,-5.38,34459599.0
01/01/2000,12.0,12.095,9.485,10.7825,-1.28,-10.61,41020399.0
12/01/1999,12.22,12.7975,10.6875,12.0625,-0.22,-1.79,31995599.0
11/01/1999,12.14,13.2025,11.25,12.2825,0.205,1.7,29531600.0
10/01/1999,12.9225,13.595,11.25,12.0775,-1.095,-8.31,28181998.0
09/01/1999,14.6875,15.0625,11.875,13.1725,-1.515,-10.31,28320399.0
08/01/1999,14.2025,15.625,12.485,14.6875,0.4225,2.96,32208798.0
07/01/1999,14.5,15.6575,14.1575,14.265,-0.2675,-1.84,34613199.0
06/01/1999,15.0,16.3125,13.8275,14.5325,-0.5775,-3.82,22221999.0
05/01/1999,16.625,17.25,14.97,15.11,-1.5,-9.03,28875597.0
04/01/1999,13.0625,17.25,12.845,16.61,3.5475,27.16,42722800.0
03/01/1999,12.0,13.6725,11.595,13.0625,1.0,8.29,24032800.0
02/01/1999,13.375,13.39,11.6875,12.0625,-1.3125,-9.81,24734000.0
01/01/1999,13.5325,13.75,12.1725,13.375,-0.2025,-1.49,25408400.0
12/01/1998,11.375,13.8125,11.11,13.5775,2.17,19.02,30901997.0
11/01/1998,10.0,11.75,9.8906,11.4075,1.4231,14.25,70187599.0
10/01/1998,7.375,9.9844,7.0,9.9844,2.4844,33.13,25858398.0
09/01/1998,9.0,10.6094,7.5,7.5,-1.5625,-17.24,27501998.0
08/01/1998,10.25,10.5625,9.0625,9.0625,-1.1406,-11.18,17839999.0
07/01/1998,9.9688,11.6563,9.9688,10.2031,1.0312,11.24,28530000.0
06/01/1998,9.2813,9.4219,8.8125,9.1719,0.1328,1.47,16720398.0
05/01/1998,9.0,9.5781,8.8594,9.0391,0.0547,0.61,21200800.0
04/01/1998,9.5156,9.7969,8.4375,8.9844,-0.5078,-5.35,28678400.0
03/01/1998,8.9063,9.5781,8.7969,9.4922,0.5,5.56,14559998.0
02/01/1998,7.9063,9.1719,7.9063,8.9922,1.1016,13.96,13269599.0
01/01/1998,7.8672,8.125,7.2969,7.8906,0.0,0.0,18180798.0
12/01/1997,7.3906,8.0,7.3906,7.8906,0.5468,7.45,9668000.0
11/01/1997,6.8672,7.5469,6.8672,7.3438,0.4922,7.18,10010400.0
10/01/1997,7.25,7.375,6.5625,6.8516,-0.3984,-5.5,10252800.0
09/01/1997,6.7266,7.3438,6.7188,7.25,0.5469,8.16,9633600.0
08/01/1997,6.9375,6.9375,6.6406,6.7031,-0.2344,-3.38,7276800.0
07/01/1997,6.3672,6.9531,6.2031,6.9375,0.5781,9.09,13479998.0
06/01/1997,6.0,6.5,6.0,6.3594,0.2969,4.9,8105600.0
05/01/1997,5.625,6.1094,5.5625,6.0625,0.4219,7.48,11122399.0
04/01/1997,5.25,5.9063,4.875,5.6406,0.4375,8.41,23252799.0
03/01/1997,5.4375,5.5938,5.1875,5.2031,-0.2032,-3.76,14868000.0
02/01/1997,6.2188,6.2188,5.3906,5.4063,-0.8437,-13.5,10781600.0
01/01/1997,5.7656,6.25,5.5625,6.25,0.4219,7.24,11708000.0
12/01/1996,5.5938,5.8281,5.375,5.8281,0.2343,4.19,8062400.0
11/01/1996,5.0781,5.7031,5.0,5.5938,0.4844,9.48,7631200.0
10/01/1996,5.1563,5.2344,5.0,5.1094,-0.0625,-1.21,9087200.0
09/01/1996,5.1563,5.3281,4.9844,5.1719,0.0156,0.3,8336800.0
08/01/1996,4.9844,5.4219,4.9688,5.1563,0.1719,3.45,5390400.0
07/01/1996,5.4063,5.4375,4.4375,4.9844,-0.2344,-4.49,13684800.0
06/01/1996,5.2031,5.2188,4.9688,5.2188,0.0313,0.6,8408800.0
05/01/1996,4.9219,5.2031,4.8125,5.1875,0.2656,5.4,13696000.0
04/01/1996,4.5625,5.1406,4.5156,4.9219,0.2969,6.42,11073600.0
03/01/1996,4.2813,4.6719,4.1875,4.625,0.375,8.82,9622400.0
02/01/1996,3.9844,4.4063,3.9688,4.25,0.25,6.25,12109599.0
01/01/1996,3.8906,4.0625,3.6563,4.0,0.0312,0.79,14974400.0
12/01/1995,3.8125,4.2188,3.75,3.9688,0.125,3.25,12020799.0
11/01/1995,3.9063,4.1875,3.8281,3.8438,-0.0312,-0.81,6507200.0
10/01/1995,4.1563,4.1563,3.7813,3.875,-0.2188,-5.34,7699200.0
09/01/1995,4.1406,4.2969,3.9375,4.0938,-0.0312,-0.76,5899200.0
08/01/1995,4.0156,4.2031,3.9063,4.125,0.125,3.13,5958400.0
07/01/1995,3.8438,4.1406,3.7813,4.0,0.1875,4.92,9996798.0
06/01/1995,3.7813,4.0,3.7813,3.8125,0.0312,0.83,7461600.0
05/01/1995,3.7344,3.8906,3.625,3.7813,0.0625,1.68,7890400.0
04/01/1995,3.5313,3.7188,3.2969,3.7188,0.1407,3.93,11373598.0
03/01/1995,3.6875,3.7344,3.3906,3.5781,-0.1094,-2.97,9808800.0
02/01/1995,3.0781,3.7188,3.0313,3.6875,0.5781,18.59,12980800.0
01/01/1995,3.1563,3.5,3.0469,3.1094,-0.1562,-4.78,13113600.0
12/01/1994,2.9102,3.3164,2.8594,3.2656,0.3554,12.21,18833599.0
11/01/1994,3.0625,3.0781,2.8594,2.9102,-0.1562,-5.09,5568000.0
10/01/1994,2.75,3.0938,2.6914,3.0664,0.2851,10.25,11718400.0
09/01/1994,2.7656,2.9375,2.7344,2.7813,0.0118,0.43,10798400.0
08/01/1994,2.7344,2.8125,2.6875,2.7695,0.0507,1.86,9515200.0
07/01/1994,2.6406,2.8789,2.6133,2.7188,0.1094,4.19,11758400.0
06/01/1994,2.4531,2.7344,2.4414,2.6094,0.1563,6.37,12720000.0
05/01/1994,2.4688,2.5039,2.4063,2.4531,-0.0313,-1.26,6400000.0
04/01/1994,2.2852,2.5313,2.2852,2.4844,0.168,7.25,7104000.0
03/01/1994,2.3008,2.5313,2.2813,2.3164,0.0312,1.37,20787199.0
02/01/1994,2.3594,2.375,2.25,2.2852,-0.0625,-2.66,6049600.0
01/01/1994,2.3789,2.5039,2.3477,2.3477,-0.0312,-1.31,9204800.0
12/01/1993,2.3281,2.4063,2.2813,2.3789,0.0664,2.87,9881600.0
11/01/1993,2.1758,2.4531,2.125,2.3125,0.125,5.71,11582400.0
10/01/1993,2.1563,2.2031,2.0156,2.1875,0.0312,1.45,6070400.0
09/01/1993,2.2031,2.2383,2.1406,2.1563,-0.0625,-2.82,5952000.0
08/01/1993,2.0781,2.2969,2.0781,2.2188,0.1407,6.77,5664000.0
07/01/1993,1.9883,2.0977,1.8594,2.0781,0.0586,2.9,11203200.0
06/01/1993,1.9727,2.0781,1.9414,2.0195,0.0468,2.37,11336000.0
05/01/1993,1.75,1.9883,1.75,1.9727,0.2227,12.73,10228800.0
04/01/1993,1.7344,1.832,1.6719,1.75,0.0,0.0,7428800.0
03/01/1993,1.5781,1.7539,1.5781,1.75,0.1875,12.0,6916800.0
02/01/1993,1.7227,1.7695,1.5039,1.5625,-0.1563,-9.09,7177600.0
01/01/1993,1.6289,1.832,1.625,1.7188,0.0938,5.77,12718400.0
12/01/1992,1.4414,1.707,1.4414,1.625,0.1836,12.74,10065600.0
11/01/1992,1.5352,1.5352,1.3945,1.4414,-0.1055,-6.82,6688000.0
10/01/1992,1.375,1.5508,1.3164,1.5469,0.1719,12.5,10200000.0
09/01/1992,1.3945,1.5,1.3477,1.375,-0.0039,-0.28,11464000.0
08/01/1992,1.5664,1.6133,1.375,1.3789,-0.1875,-11.97,6560000.0
07/01/1992,1.4375,1.5938,1.4258,1.5664,0.1445,10.16,6353600.0
06/01/1992,1.5039,1.5938,1.4219,1.4219,-0.082,-5.45,7716800.0
05/01/1992,1.4883,1.5469,1.4688,1.5039,0.0039,0.26,7092800.0
04/01/1992,1.4531,1.5,1.3125,1.5,0.0312,2.12,12556800.0
03/01/1992,1.4688,1.4883,1.3906,1.4688,-0.0039,-0.26,6262400.0
02/01/1992,1.375,1.5469,1.3633,1.4727,0.0977,7.11,11460800.0
01/01/1992,1.2656,1.3906,1.2344,1.375,0.1094,8.64,6318400.0
12/01/1991,1.1563,1.2695,1.1133,1.2656,0.1093,9.45,10076800.0
11/01/1991,1.1875,1.2344,1.1563,1.1563,-0.0312,-2.63,7062400.0
10/01/1991,1.2539,1.2695,1.1406,1.1875,-0.0664,-5.3,11169600.0
09/01/1991,1.4258,1.4414,1.1719,1.2539,-0.1719,-12.06,13652800.0
08/01/1991,1.3633,1.4375,1.2813,1.4258,0.0352,2.53,12449600.0
07/01/1991,1.3594,1.4688,1.3281,1.3906,0.0468,3.48,13966400.0
06/01/1991,1.3125,1.4375,1.3125,1.3438,0.0313,2.38,23787200.0
05/01/1991,1.25,1.3125,1.125,1.3125,0.0586,4.67,22707200.0
04/01/1991,1.2188,1.2656,1.1875,1.2539,0.0351,2.88,14592000.0
03/01/1991,1.2031,1.4102,1.1602,1.2188,0.0157,1.3,24727999.0
02/01/1991,1.1758,1.2852,1.1602,1.2031,0.0273,2.32,14296000.0
01/01/1991,1.0,1.1914,0.9844,1.1758,0.1758,17.58,10200000.0
12/01/1990,1.0313,1.0508,0.9258,1.0,-0.0313,-3.04,10486400.0
11/01/1990,0.8906,1.0313,0.875,1.0313,0.1368,15.29,14296000.0
10/01/1990,0.9688,1.0039,0.8906,0.8945,-0.0743,-7.67,18150400.0
09/01/1990,1.0781,1.1875,0.9258,0.9688,-0.1093,-10.14,13251199.0
08/01/1990,1.375,1.3906,0.9531,1.0781,-0.2969,-21.59,28192000.0
07/01/1990,1.25,1.4727,1.25,1.375,0.1367,11.04,15667200.0
06/01/1990,1.3125,1.3438,1.2383,1.2383,-0.0742,-5.65,21953600.0
05/01/1990,1.1406,1.4063,1.0938,1.3125,0.1719,15.07,23559999.0
04/01/1990,0.9375,1.1719,0.9375,1.1406,0.2031,21.66,24657599.0
03/01/1990,0.9258,0.9844,0.9258,0.9375,0.0156,1.69,7446400.0
02/01/1990,0.8945,1.0,0.8945,0.9219,0.0274,3.06,10929600.0
01/01/1990,0.9531,0.9844,0.8438,0.8945,-0.0586,-6.15,8892800.0
12/01/1989,1.0508,1.0625,0.9063,0.9531,-0.0977,-9.3,5232000.0
11/01/1989,0.9219,1.1289,0.9102,1.0508,0.1289,13.98,8004800.0
10/01/1989,1.0313,1.0977,0.875,0.9219,-0.1094,-10.61,9817600.0
09/01/1989,1.0977,1.1094,0.9883,1.0313,-0.0664,-6.05,7942400.0
08/01/1989,1.0664,1.1445,1.0469,1.0977,0.0157,1.45,6396800.0
07/01/1989,1.0625,1.1406,1.0469,1.082,0.0195,1.84,5737600.0
06/01/1989,1.0625,1.1445,1.0313,1.0625,0.0,0.0,11091200.0
05/01/1989,1.0664,1.082,1.0313,1.0625,-0.0039,-0.37,13872000.0
04/01/1989,1.0156,1.0977,0.9727,1.0664,0.0508,5.0,15046400.0
03/01/1989,0.8906,1.0625,0.8906,1.0156,0.125,14.04,14142400.0
02/01/1989,0.8633,0.9531,0.8633,0.8906,0.0273,3.16,15414400.0
01/01/1989,0.8789,0.9375,0.8008,0.8633,-0.0156,-1.77,17128000.0
12/01/1988,0.8164,0.8906,0.8008,0.8789,0.0625,7.66,13332800.0
11/01/1988,0.8477,0.875,0.7695,0.8164,-0.0313,-3.69,11361600.0
10/01/1988,1.0,1.0156,0.8281,0.8477,-0.1523,-15.23,22734400.0
09/01/1988,1.0469,1.1094,0.9883,1.0,-0.0469,-4.48,9926400.0
08/01/1988,1.1914,1.2227,0.9844,1.0469,-0.1445,-12.13,17886400.0
07/01/1988,1.1563,1.25,1.0977,1.1914,0.0469,4.1,20939199.0
06/01/1988,0.875,1.2227,0.875,1.1445,0.2695,30.8,27931200.0
05/01/1988,0.9883,1.0469,0.8594,0.875,-0.1133,-11.46,13656000.0
04/01/1988,0.7227,1.0156,0.7227,0.9883,0.2656,36.75,26988799.0
03/01/1988,0.6758,0.7813,0.6445,0.7227,0.0469,6.94,16035199.0
02/01/1988,0.5938,0.6875,0.5313,0.6758,0.082,13.81,10019199.0
01/01/1988,0.5313,0.6094,0.4688,0.5938,0.0625,11.76,17337600.0
12/01/1987,0.4688,0.6094,0.4063,0.5313,0.0625,13.33,17211200.0
11/01/1987,0.5156,0.5469,0.4375,0.4688,-0.0039,-0.83,10427199.0
