12/01/2022,0.99,1.07,0.881,0.95,0.0,0.0,1091400.0
11/01/2022,1.14,1.1737,0.861,0.904,0.0,0.0,966700.0
10/01/2022,1.13,1.22,1.02,1.08,0.0,0.0,758800.0
09/01/2022,1.1387,1.4,0.9802,1.13,0.0,0.0,1475500.0
08/01/2022,1.26,1.42,1.12,1.15,0.0,0.0,1762100.0
07/01/2022,1.42,1.56,1.195,1.26,0.0,0.0,1993500.0
06/01/2022,2.37,2.4977,1.2,1.4,0.0,0.0,6718700.0
05/01/2022,3.1,4.6099,2.12,2.26,0.0,0.0,31829400.0
04/01/2022,2.61,3.3012,2.275,3.07,0.0,0.0,710500.0
03/01/2022,3.39,3.49,2.34,2.52,0.0,0.0,1199800.0
02/01/2022,4.28,5.2,3.26,3.38,0.0,0.0,1269100.0
01/01/2022,6.02,6.866,3.89,4.37,0.0,0.0,881700.0
12/01/2021,6.6,7.5,4.15,6.02,0.0,0.0,2769300.0
11/01/2021,8.25,8.9851,6.11,6.5567,0.0,0.0,176800.0
10/01/2021,7.8,8.55,7.5,8.27,0.0,0.0,251400.0
09/01/2021,11.86,11.86,7.38,7.79,0.0,0.0,1866300.0
08/01/2021,8.4,13.3896,7.9833,11.7,0.0,0.0,588000.0
07/01/2021,13.35,16.22,7.71,8.2,0.0,0.0,1524500.0
