12/01/2022,10.01,10.675,7.91,8.15,0.0,0.0,21173808.0
11/01/2022,9.79,10.27,7.05,10.02,0.0,0.0,12236902.0
10/01/2022,7.77,9.72,7.6149,9.66,0.0,0.0,9086400.0
09/01/2022,8.7,8.7201,7.62,7.71,0.0,0.0,6305700.0
08/01/2022,8.04,9.62,7.93,8.75,0.0,0.0,8895100.0
07/01/2022,7.48,8.09,7.09,8.04,0.0,0.0,5784000.0
06/01/2022,7.64,8.155,7.055,7.51,0.0,0.0,6789300.0
05/01/2022,6.9,8.24,6.7676,7.58,0.0,0.0,7950300.0
04/01/2022,6.06,7.36,5.93,7.0,0.0,0.0,7558200.0
03/01/2022,5.97,6.31,5.51,6.04,0.0,0.0,7457800.0
02/01/2022,5.99,7.0,5.89,5.99,0.0,0.0,8254300.0
01/01/2022,7.37,7.63,5.775,5.97,0.0,0.0,9978900.0
12/01/2021,7.58,7.58,6.63,7.37,0.0,0.0,7982500.0
11/01/2021,7.52,8.8,7.23,7.4,0.0,0.0,7977700.0
10/01/2021,7.58,8.79,7.3,7.46,0.0,0.0,10656100.0
09/01/2021,6.92,8.1212,6.51,7.57,0.0,0.0,8315400.0
08/01/2021,5.73,6.95,5.5,6.89,0.0,0.0,6530100.0
07/01/2021,6.11,6.235,5.59,5.72,0.0,0.0,5833600.0
06/01/2021,7.44,7.6829,5.97,6.03,0.0,0.0,10785200.0
05/01/2021,5.7,7.43,5.6671,7.35,0.0,0.0,10549400.0
04/01/2021,4.96,5.94,4.91,5.63,0.0,0.0,7045900.0
03/01/2021,4.88,5.78,4.85,4.97,0.0,0.0,10009200.0
02/01/2021,4.59,5.3,4.5106,4.8,0.0,0.0,9531300.0
01/01/2021,4.86,5.3,4.47,4.49,0.0,0.0,11062400.0
12/01/2020,5.19,5.49,4.34,4.79,0.0,0.0,14551800.0
11/01/2020,4.47,5.56,4.41,5.09,0.0,0.0,7633600.0
10/01/2020,5.04,5.51,4.45,4.46,0.0,0.0,7836500.0
09/01/2020,5.34,5.82,4.8,5.03,0.0,0.0,7220800.0
08/01/2020,5.73,6.19,5.28,5.38,0.0,0.0,9680200.0
07/01/2020,6.31,6.44,5.25,5.72,0.0,0.0,11195000.0
06/01/2020,5.17,6.84,5.13,6.3,0.0,0.0,14523600.0
05/01/2020,5.49,5.56,4.34,5.16,0.0,0.0,9368900.0
04/01/2020,4.01,5.8,3.76,5.6,0.0,0.0,13835600.0
03/01/2020,4.81,5.005,3.41,4.17,0.0,0.0,20021700.0
02/01/2020,6.24,6.96,4.5442,4.8,0.0,0.0,18997800.0
01/01/2020,6.88,6.9,6.13,6.22,0.0,0.0,8248500.0
12/01/2019,5.12,7.01,4.9,6.82,0.0,0.0,22135700.0
11/01/2019,5.34,5.64,4.77,5.12,0.0,0.0,10086100.0
10/01/2019,6.48,6.55,5.12,5.26,0.0,0.0,14186300.0
09/01/2019,7.81,8.53,6.45,6.455,0.0,0.0,12468900.0
08/01/2019,9.43,9.76,7.72,7.87,0.0,0.0,7752400.0
07/01/2019,9.58,10.2,9.46,9.85,0.0,0.0,4877700.0
06/01/2019,8.78,9.7061,8.75,9.47,0.0,0.0,6184200.0
05/01/2019,10.91,11.25,8.69,8.78,0.0,0.0,8882700.0
04/01/2019,9.38,11.23,9.301,10.87,0.0,0.0,9145700.0
03/01/2019,9.82,10.025,9.06,9.32,0.0,0.0,8427100.0
02/01/2019,9.49,10.49,9.49,9.77,0.0,0.0,8735400.0
01/01/2019,7.68,10.11,7.635,9.32,0.0,0.0,12507500.0
12/01/2018,9.65,9.73,7.45,7.73,0.0,0.0,13118900.0
11/01/2018,10.02,10.82,8.915,9.52,0.0,0.0,15557400.0
10/01/2018,10.78,10.87,9.67,9.94,0.0,0.0,9557100.0
09/01/2018,11.1,11.25,10.4,10.7,0.0,0.0,7624100.0
08/01/2018,11.4,11.9,10.75,11.1,0.0,0.0,10491100.0
07/01/2018,12.05,12.65,11.2,11.45,0.0,0.0,10226200.0
06/01/2018,12.4,13.45,11.75,12.05,0.0,0.0,12381700.0
05/01/2018,13.65,15.1,12.2,12.4,0.0,0.0,23316000.0
04/01/2018,13.15,13.75,12.7,13.7,0.0,0.0,5521800.0
03/01/2018,12.95,14.3,12.6,13.2,0.0,0.0,11256500.0
02/01/2018,12.5,13.75,12.41,13.0,0.0,0.0,16227100.0
01/01/2018,12.3,12.4,11.65,11.8,0.0,0.0,11786500.0
12/01/2017,12.1,12.5,11.65,12.2,0.0,0.0,9459900.0
11/01/2017,10.35,12.15,9.63,12.05,0.0,0.0,11430100.0
10/01/2017,9.6,10.45,9.0,10.25,0.0,0.0,10408900.0
09/01/2017,9.0,10.35,8.85,9.5,0.0,0.0,10602000.0
08/01/2017,8.3,9.25,8.06,9.05,0.0,0.0,16890900.0
07/01/2017,7.7,8.15,7.575,7.8,0.0,0.0,11457400.0
06/01/2017,8.5,9.5,7.55,7.7,0.0,0.0,13665000.0
05/01/2017,9.1,9.9,8.35,8.5,0.0,0.0,5796400.0
04/01/2017,8.15,9.5,7.65,9.05,0.0,0.0,5917600.0
03/01/2017,8.9,9.35,7.75,8.15,0.0,0.0,8111400.0
02/01/2017,10.0,10.55,8.7,8.8,0.0,0.0,5906000.0
01/01/2017,10.8,10.98,9.4,9.9,0.0,0.0,6475200.0
12/01/2016,11.75,12.0,10.18,10.65,0.0,0.0,8969200.0
11/01/2016,9.85,11.9,9.35,11.65,0.0,0.0,8024300.0
10/01/2016,11.09,11.33,9.7,9.75,0.0,0.0,7738800.0
09/01/2016,10.34,11.12,9.54,11.06,0.0,0.0,11628300.0
08/01/2016,9.08,10.48,8.83,10.35,0.0,0.0,10080700.0
07/01/2016,7.52,9.83,7.19,9.06,0.0,0.0,13137500.0
06/01/2016,6.68,7.59,6.26,7.56,0.0,0.0,11689600.0
05/01/2016,5.02,6.94,4.4,6.78,0.0,0.0,14570100.0
04/01/2016,2.95,5.18,2.94,4.95,0.0,0.0,12791400.0
03/01/2016,2.91,3.4,2.68,2.97,0.0,0.0,8138700.0
02/01/2016,3.03,3.25,2.44,2.9,0.0,0.0,10382100.0
01/01/2016,4.93,5.15,2.93,3.04,0.0,0.0,15859500.0
12/01/2015,5.8,5.89,4.68,4.99,0.0,0.0,10578200.0
11/01/2015,6.65,7.03,5.4,5.79,0.0,0.0,5983800.0
10/01/2015,6.15,7.14,5.93,6.66,0.0,0.0,6427000.0
09/01/2015,6.29,6.59,5.85,6.17,0.0,0.0,7601500.0
08/01/2015,7.07,7.13,5.52,6.32,0.0,0.0,9155800.0
07/01/2015,7.51,7.58,5.29,7.09,0.0,0.0,10003700.0
06/01/2015,8.04,8.34,7.1,7.43,0.0,0.0,12933900.0
05/01/2015,9.15,9.38,7.68,7.94,0.0,0.0,10050000.0
04/01/2015,9.07,9.88,9.07,9.2,0.0,0.0,6737600.0
03/01/2015,10.45,10.76,9.08,9.13,0.0,0.0,8212300.0
02/01/2015,10.31,10.63,9.82,10.44,0.0,0.0,6901600.0
01/01/2015,11.85,12.35,9.95,10.31,0.0,0.0,10686400.0
12/01/2014,10.82,12.07,10.17,11.75,0.0,0.0,10025500.0
11/01/2014,11.28,11.69,10.24,10.89,0.0,0.0,8639100.0
10/01/2014,9.9,11.33,8.25,11.28,0.0,0.0,17397500.0
09/01/2014,10.64,10.99,9.76,9.91,0.0,0.0,10065700.0
08/01/2014,9.77,10.96,9.29,10.63,0.0,0.0,10759400.0
07/01/2014,11.56,11.86,9.42,9.79,0.0,0.0,21358100.0
06/01/2014,12.17,12.96,11.24,11.55,0.0,0.0,21131200.0
05/01/2014,10.37,13.08,10.22,12.22,0.0,0.0,9295300.0
04/01/2014,10.8,11.64,9.8,10.43,0.0,0.0,10313700.0
03/01/2014,12.5,13.41,10.55,10.79,0.0,0.0,9948000.0
02/01/2014,11.32,13.55,10.82,12.64,0.0,0.0,13301200.0
01/01/2014,11.69,11.92,9.22,10.98,0.0,0.0,15701200.0
12/01/2013,11.67,11.73,9.85,11.69,0.0,0.0,12132500.0
11/01/2013,15.73,15.77,11.3,11.68,0.0,0.0,13370000.0
10/01/2013,16.9,17.21,15.45,15.73,0.0,0.0,7502600.0
09/01/2013,17.2,18.16,16.61,16.87,0.0,0.0,4856400.0
08/01/2013,18.18,18.57,16.87,16.98,0.0,0.0,4443300.0
07/01/2013,15.83,19.44,15.57,18.08,0.0,0.0,5324400.0
06/01/2013,19.18,19.6,16.83,16.91,0.0,0.0,6503500.0
05/01/2013,17.5,19.85,17.25,19.13,0.0,0.0,7454600.0
04/01/2013,21.25,21.35,16.65,16.9,0.0,0.0,11133400.0
03/01/2013,20.45,21.92,20.34,21.3,0.0,0.0,4082200.0
02/01/2013,22.38,22.65,20.44,20.68,0.0,0.0,8069800.0
01/01/2013,20.3,24.06,20.0,22.2,0.0,0.0,8160900.0
12/01/2012,19.34,20.06,18.19,19.89,0.0,0.0,7875700.0
11/01/2012,19.73,20.99,16.57,19.22,0.0,0.0,10212400.0
10/01/2012,23.15,23.45,18.45,19.66,0.0,0.0,10183300.0
09/01/2012,22.61,24.98,22.22,22.93,0.0,0.0,4307600.0
08/01/2012,22.56,23.64,21.39,22.65,0.0,0.0,4159200.0
07/01/2012,23.47,25.43,21.98,22.5,0.0,0.0,8370100.0
06/01/2012,22.89,23.47,21.91,23.46,0.0,0.0,6809300.0
05/01/2012,26.85,27.27,23.06,23.6,0.0,0.0,7233300.0
04/01/2012,32.32,33.38,25.46,26.79,0.0,0.0,11128200.0
03/01/2012,31.53,33.0,29.58,32.46,0.0,0.0,6333000.0
02/01/2012,26.8,31.73,26.8,31.5,0.0,0.0,7699800.0
01/01/2012,27.09,27.72,25.33,26.82,0.0,0.0,10005000.0
12/01/2011,28.92,29.7,25.5,26.37,0.0,0.0,8272000.0
11/01/2011,26.67,30.0,26.11,29.09,0.0,0.0,9185500.0
10/01/2011,28.3,31.04,25.3,27.78,0.0,0.0,12761800.0
09/01/2011,33.6,34.18,28.16,28.54,0.0,0.0,12049600.0
08/01/2011,33.93,34.41,27.1,33.55,0.0,0.0,14067000.0
07/01/2011,35.62,38.66,31.59,33.28,0.0,0.0,12700500.0
06/01/2011,33.24,35.98,30.05,35.58,0.0,0.0,10218700.0
05/01/2011,31.74,32.81,29.02,32.79,0.0,0.0,5524500.0
04/01/2011,31.72,33.08,27.78,31.49,0.0,0.0,8291500.0
03/01/2011,28.65,31.8,26.16,31.39,0.0,0.0,7729800.0
02/01/2011,26.98,29.02,26.98,28.68,0.0,0.0,5455800.0
01/01/2011,27.54,29.94,25.56,26.9,0.0,0.0,10376800.0
12/01/2010,25.65,28.75,25.61,27.13,0.0,0.0,8367700.0
11/01/2010,21.58,26.14,20.92,25.16,0.0,0.0,7849000.0
10/01/2010,20.16,21.95,19.23,21.48,0.0,0.0,5050100.0
09/01/2010,18.33,20.22,18.06,20.04,0.0,0.0,5755100.0
08/01/2010,20.19,20.43,17.88,17.98,0.0,0.0,6635600.0
07/01/2010,18.73,20.8,18.25,19.9,0.0,0.0,7467100.0
06/01/2010,18.22,19.27,17.33,18.55,0.0,0.0,8469500.0
05/01/2010,20.8,21.58,16.97,18.31,0.0,0.0,15225600.0
04/01/2010,20.61,23.75,20.46,20.74,0.0,0.0,10261000.0
03/01/2010,19.84,22.19,19.73,20.6,0.0,0.0,13746600.0
02/01/2010,18.25,19.99,16.77,19.73,0.0,0.0,8937600.0
01/01/2010,17.47,18.7,16.43,18.16,0.0,0.0,9331800.0
12/01/2009,14.92,17.72,14.82,17.2,0.0,0.0,7366800.0
11/01/2009,13.09,15.34,12.75,14.77,0.0,0.0,7337800.0
10/01/2009,13.56,14.68,12.95,12.97,0.0,0.0,16391600.0
09/01/2009,13.26,13.9,12.14,13.66,0.0,0.0,7776500.0
08/01/2009,12.76,13.54,11.86,13.37,0.0,0.0,7869500.0
07/01/2009,10.84,12.88,10.0,12.65,0.0,0.0,12885600.0
06/01/2009,12.42,13.3,10.11,10.78,0.0,0.0,16920600.0
05/01/2009,12.3,13.25,11.41,12.15,0.0,0.0,8316800.0
04/01/2009,11.32,13.86,11.31,12.39,0.0,0.0,11700400.0
03/01/2009,10.04,12.44,9.5,11.57,0.0,0.0,13701000.0
02/01/2009,13.32,14.33,9.92,10.28,0.0,0.0,13648000.0
01/01/2009,15.26,17.01,12.35,13.57,0.0,0.0,21063700.0
12/01/2008,16.11,18.22,14.08,15.21,0.0,0.0,15832300.0
11/01/2008,15.98,16.91,13.03,16.49,0.0,0.0,10190500.0
10/01/2008,18.79,19.09,11.0,15.84,0.0,0.0,15771300.0
09/01/2008,15.7,19.25,14.5,18.8,0.0,0.0,14830800.0
08/01/2008,18.09,18.48,13.86,15.59,0.0,0.0,16005700.0
07/01/2008,12.58,18.99,12.32,17.98,0.0,0.0,22831000.0
06/01/2008,12.58,14.38,11.86,12.75,0.0,0.0,10800200.0
05/01/2008,12.16,12.65,11.69,12.63,0.0,0.0,9721300.0
04/01/2008,12.5,14.88,11.9,12.14,0.0,0.0,12833900.0
03/01/2008,11.77,13.03,10.51,12.31,0.0,0.0,9921900.0
02/01/2008,13.28,13.5,11.57,11.73,0.0,0.0,7623000.0
01/01/2008,11.26,13.63,10.0,13.2,0.0,0.0,13683400.0
12/01/2007,12.53,12.56,10.95,11.29,0.0,0.0,7940200.0
11/01/2007,12.98,13.72,11.75,12.56,0.0,0.0,8425500.0
10/01/2007,13.46,14.75,12.75,13.16,0.0,0.0,9287000.0
09/01/2007,12.07,13.68,11.59,13.47,0.0,0.0,8000200.0
08/01/2007,12.03,13.17,10.06,12.17,0.0,0.0,17940300.0
07/01/2007,12.49,13.4,11.75,12.04,0.0,0.0,17080800.0
06/01/2007,15.06,15.13,12.81,13.24,0.0,0.0,8336800.0
05/01/2007,15.15,15.52,13.18,15.03,0.0,0.0,11727900.0
04/01/2007,14.67,16.89,14.2,15.15,0.0,0.0,11257400.0
03/01/2007,14.5,15.74,13.42,14.73,0.0,0.0,11286500.0
02/01/2007,16.88,17.26,14.07,14.85,0.0,0.0,13782900.0
01/01/2007,16.9,17.59,12.87,16.73,0.0,0.0,23484500.0
12/01/2006,15.5833,17.1467,15.0,16.25,0.0,0.0,18405299.0
11/01/2006,15.07,16.1167,13.5867,15.5733,0.0,0.0,30280199.0
10/01/2006,12.8667,15.86,11.15,15.0567,0.0,0.0,46645197.0
09/01/2006,13.1133,13.9167,11.73,12.8933,0.0,0.0,21012898.0
08/01/2006,13.6033,13.7867,11.3667,13.09,0.0,0.0,27948899.0
07/01/2006,14.1367,15.1467,12.2633,13.8767,0.0,0.0,42169799.0
06/01/2006,10.85,12.9633,9.0833,12.5633,0.0,0.0,24404099.0
05/01/2006,10.6733,11.9833,8.91,10.77,0.0,0.0,19619699.0
04/01/2006,9.9033,13.48,9.2667,10.5667,0.0,0.0,32435999.0
03/01/2006,7.2467,9.9,7.2467,9.84,0.0,0.0,13135199.0
02/01/2006,7.0,7.75,6.4633,7.21,0.0,0.0,9102299.0
01/01/2006,5.08,7.5,4.9367,6.83,0.0,0.0,12054598.0
12/01/2005,5.0667,5.5533,4.74,5.0933,0.0,0.0,10346100.0
11/01/2005,4.9,5.6167,4.7067,5.0167,0.0,0.0,8518800.0
10/01/2005,5.32,5.6967,4.44,4.8967,0.0,0.0,8948398.0
09/01/2005,5.4667,6.4167,4.94,5.3533,0.0,0.0,18190198.0
08/01/2005,5.69,5.9933,5.0033,5.4433,0.0,0.0,15353399.0
07/01/2005,3.6833,5.7333,3.5,5.6333,0.0,0.0,16568397.0
06/01/2005,3.15,3.7033,3.15,3.5833,0.0,0.0,6933299.0
05/01/2005,4.0667,4.6433,3.0867,3.1467,0.0,0.0,12634198.0
04/01/2005,4.4367,5.73,3.9467,4.08,0.0,0.0,14402998.0
03/01/2005,6.44,6.8667,4.0267,4.4267,0.0,0.0,30631199.0
02/01/2005,6.4333,7.3667,5.8367,6.43,0.0,0.0,29815797.0
01/01/2005,5.1833,6.4667,4.4667,6.36,0.0,0.0,12815699.0
12/01/2004,3.5667,5.1667,3.4767,5.1367,0.0,0.0,8481300.0
11/01/2004,2.5633,4.0167,2.52,3.5633,0.0,0.0,6080700.0
10/01/2004,2.8567,3.1933,2.4667,2.5933,0.0,0.0,2977198.0
09/01/2004,2.4233,3.1133,2.3833,2.9,0.0,0.0,2238299.0
08/01/2004,2.4833,2.6167,2.1833,2.4233,0.0,0.0,3276299.0
07/01/2004,3.4133,3.51,2.3233,2.5167,0.0,0.0,5414699.0
06/01/2004,2.71,3.4333,2.6,3.31,0.0,0.0,7602600.0
05/01/2004,4.23,4.3333,2.3767,2.7033,0.0,0.0,12625500.0
04/01/2004,3.4,4.48,3.2833,4.01,0.0,0.0,6816900.0
03/01/2004,3.97,3.97,2.9533,3.43,0.0,0.0,6760200.0
02/01/2004,3.3333,3.9667,3.0833,3.8333,0.0,0.0,5726399.0
01/01/2004,2.8967,3.6067,2.8,3.2833,0.0,0.0,5822097.0
12/01/2003,2.5,3.0,2.4433,2.8367,0.0,0.0,5300399.0
11/01/2003,2.37,2.5733,2.06,2.4633,0.0,0.0,3190200.0
10/01/2003,2.0367,2.4167,1.9367,2.3333,0.0,0.0,2428499.0
09/01/2003,1.6667,2.27,1.6633,2.0267,0.0,0.0,5420998.0
08/01/2003,1.6167,1.8233,1.5833,1.6733,0.0,0.0,3931799.0
07/01/2003,1.45,1.63,1.3467,1.63,0.0,0.0,3074099.0
06/01/2003,1.2333,1.45,1.2167,1.45,0.0,0.0,955800.0
05/01/2003,1.1667,1.2967,1.15,1.2333,0.0,0.0,745800.0
04/01/2003,1.1333,1.2067,1.0667,1.15,0.0,0.0,339300.0
03/01/2003,1.17,1.3,0.85,1.15,0.0,0.0,226800.0
02/01/2003,1.1667,1.3333,1.15,1.1667,0.0,0.0,258900.0
01/01/2003,1.13,1.3067,1.1267,1.1667,0.0,0.0,342900.0
12/01/2002,1.08,1.1467,0.9667,1.1167,0.0,0.0,584100.0
11/01/2002,0.9133,1.3,0.8667,1.0333,0.0,0.0,519600.0
10/01/2002,0.85,0.93,0.42,0.9,0.0,0.0,392700.0
09/01/2002,1.0167,1.0267,0.85,0.8567,0.0,0.0,233100.0
08/01/2002,1.05,1.13,0.8333,1.0167,0.0,0.0,660000.0
07/01/2002,1.1667,1.1667,0.9067,1.0367,0.0,0.0,402000.0
06/01/2002,1.1633,1.3333,1.0667,1.1833,0.0,0.0,213300.0
05/01/2002,1.3133,1.3967,1.0333,1.1633,0.0,0.0,265500.0
04/01/2002,1.18,1.6667,1.18,1.2667,0.0,0.0,1225499.0
03/01/2002,1.0533,1.3667,1.03,1.1967,0.0,0.0,1237500.0
02/01/2002,0.98,1.0833,0.7,1.0333,0.0,0.0,1068300.0
01/01/2002,0.5933,0.9967,0.55,0.9167,0.0,0.0,661800.0
12/01/2001,0.47,0.64,0.38,0.5867,0.0,0.0,675000.0
11/01/2001,0.5,0.5833,0.39,0.47,0.0,0.0,669899.0
10/01/2001,0.5667,0.5833,0.4167,0.4967,0.0,0.0,232800.0
09/01/2001,0.6033,0.6667,0.5,0.5667,0.0,0.0,278400.0
08/01/2001,0.7267,0.7833,0.6,0.6033,0.0,0.0,261300.0
07/01/2001,0.8267,0.8333,0.7033,0.74,0.0,0.0,316800.0
06/01/2001,0.8367,0.9133,0.74,0.7567,0.0,0.0,331200.0
05/01/2001,0.8033,0.9133,0.7767,0.8367,0.0,0.0,306900.0
04/01/2001,0.75,0.9167,0.7067,0.8033,0.0,0.0,534600.0
03/01/2001,0.6467,0.8233,0.6267,0.75,0.0,0.0,348000.0
02/01/2001,0.46,0.8767,0.4367,0.6467,0.0,0.0,1239900.0
01/01/2001,0.4067,0.48,0.25,0.4367,0.0,0.0,1171200.0
12/01/2000,0.3133,0.5,0.22,0.5,0.0,0.0,8331900.0
11/01/2000,0.3433,0.4067,0.3233,0.3233,0.0,0.0,1124100.0
10/01/2000,0.3633,0.6033,0.3133,0.3533,0.0,0.0,1940699.0
09/01/2000,0.4167,0.48,0.3433,0.4167,0.0,0.0,3226798.0
08/01/2000,0.49,0.5733,0.4167,0.4267,0.0,0.0,3731700.0
07/01/2000,0.6667,0.6667,0.47,0.49,0.0,0.0,1547700.0
06/01/2000,0.74,0.75,0.5433,0.5833,0.0,0.0,1758600.0
05/01/2000,1.1267,1.25,0.6267,0.71,0.0,0.0,2321700.0
04/01/2000,1.3133,1.3767,1.0433,1.25,0.0,0.0,503700.0
03/01/2000,1.3533,1.5,1.0533,1.3133,0.0,0.0,1229100.0
02/01/2000,1.48,2.21,1.2933,1.3333,0.0,0.0,2451300.0
01/01/2000,1.2933,1.5433,1.27,1.48,0.0,0.0,1566900.0
12/01/1999,1.29,1.35,1.1,1.35,0.0,0.0,3986999.0
11/01/1999,1.67,1.69,1.19,1.27,0.0,0.0,2471400.0
10/01/1999,1.73,1.79,1.63,1.67,0.0,0.0,1080000.0
09/01/1999,1.76,1.94,1.67,1.75,0.0,0.0,1465500.0
08/01/1999,1.92,2.0,1.5,1.75,0.0,0.0,1598697.0
07/01/1999,2.31,2.33,1.94,1.96,0.0,0.0,3457799.0
06/01/1999,2.44,2.52,2.21,2.29,0.0,0.0,3351000.0
05/01/1999,2.42,2.67,2.25,2.48,0.0,0.0,897300.0
04/01/1999,2.26,2.46,2.17,2.33,0.0,0.0,741900.0
03/01/1999,2.48,2.73,2.25,2.29,0.0,0.0,1133100.0
02/01/1999,2.75,2.81,2.44,2.48,0.0,0.0,1062000.0
01/01/1999,2.79,2.92,2.67,2.83,0.0,0.0,795900.0
12/01/1998,2.5,2.83,2.5,2.79,0.0,0.0,1195500.0
11/01/1998,3.17,3.25,2.33,2.5,0.0,0.0,455400.0
10/01/1998,2.69,3.29,2.44,3.08,0.0,0.0,1064999.0
09/01/1998,2.38,2.83,2.38,2.73,0.0,0.0,603600.0
08/01/1998,3.17,3.17,2.25,2.29,0.0,0.0,2233199.0
07/01/1998,3.65,4.0,3.17,3.25,0.0,0.0,1403700.0
06/01/1998,3.54,3.79,3.5,3.65,0.0,0.0,1132800.0
05/01/1998,3.71,3.96,3.42,3.58,0.0,0.0,2671498.0
04/01/1998,3.88,4.13,3.67,3.96,0.0,0.0,1805700.0
03/01/1998,3.42,4.04,3.42,3.96,0.0,0.0,1808100.0
02/01/1998,3.67,3.71,3.42,3.42,0.0,0.0,1954199.0
01/01/1998,3.79,3.92,3.29,3.58,0.0,0.0,1766099.0
12/01/1997,3.67,4.33,3.67,3.88,0.0,0.0,1536299.0
11/01/1997,3.75,4.13,3.67,3.67,0.0,0.0,1396500.0
10/01/1997,3.5,3.83,3.33,3.69,0.0,0.0,2779800.0
09/01/1997,3.63,3.63,3.21,3.46,0.0,0.0,974700.0
08/01/1997,3.54,3.67,3.19,3.67,0.0,0.0,1089000.0
07/01/1997,3.29,3.63,2.92,3.58,0.0,0.0,2722799.0
06/01/1997,2.71,3.42,2.67,3.33,0.0,0.0,2194799.0
05/01/1997,2.83,2.88,2.63,2.67,0.0,0.0,1197899.0
04/01/1997,2.58,2.92,2.46,2.79,0.0,0.0,1447200.0
03/01/1997,2.42,2.71,2.42,2.63,0.0,0.0,1694998.0
02/01/1997,2.46,2.58,2.33,2.44,0.0,0.0,1430700.0
01/01/1997,2.25,2.67,2.13,2.42,0.0,0.0,1906499.0
12/01/1996,2.5,2.5,1.92,2.13,0.0,0.0,2193000.0
11/01/1996,2.71,2.75,2.17,2.5,0.0,0.0,1616100.0
10/01/1996,2.08,2.96,2.08,2.67,0.0,0.0,4153200.0
09/01/1996,2.0,2.25,1.96,2.17,0.0,0.0,1329900.0
08/01/1996,2.0,2.33,1.92,2.0,0.0,0.0,1271400.0
07/01/1996,2.17,2.25,1.75,2.0,0.0,0.0,970499.0
06/01/1996,2.08,2.38,2.0,2.25,0.0,0.0,978000.0
05/01/1996,2.17,2.33,2.0,2.17,0.0,0.0,1551900.0
04/01/1996,2.21,2.29,1.83,2.17,0.0,0.0,1294200.0
03/01/1996,2.13,2.63,2.08,2.25,0.0,0.0,2318398.0
02/01/1996,2.08,2.21,2.0,2.13,0.0,0.0,3628499.0
01/01/1996,1.63,2.25,1.58,2.08,0.0,0.0,3762900.0
12/01/1995,1.42,1.96,1.42,1.58,0.0,0.0,6056398.0
11/01/1995,1.67,1.75,1.38,1.46,0.0,0.0,3549900.0
10/01/1995,1.75,1.92,1.42,1.75,0.0,0.0,1436700.0
09/01/1995,2.04,2.04,1.46,1.79,0.0,0.0,2083798.0
08/01/1995,2.13,2.13,1.83,1.96,0.0,0.0,1169699.0
07/01/1995,1.71,2.33,1.5,2.08,0.0,0.0,2269499.0
06/01/1995,2.25,2.25,1.46,1.58,0.0,0.0,4800599.0
05/01/1995,2.38,2.5,2.08,2.17,0.0,0.0,2122799.0
04/01/1995,2.58,2.58,2.08,2.25,0.0,0.0,2121000.0
03/01/1995,3.0,3.17,2.42,2.5,0.0,0.0,2490599.0
02/01/1995,3.0,3.42,2.83,3.08,0.0,0.0,2497799.0
01/01/1995,3.67,4.08,2.67,3.17,0.0,0.0,3009600.0
12/01/1994,3.92,4.58,3.42,3.42,0.0,0.0,6674400.0
11/01/1994,3.5,4.17,3.17,3.83,0.0,0.0,6252599.0
10/01/1994,4.0,4.17,3.33,3.46,0.0,0.0,3144899.0
09/01/1994,4.42,4.42,4.0,4.17,0.0,0.0,1188900.0
08/01/1994,4.75,5.08,4.0,4.42,0.0,0.0,2789398.0
07/01/1994,4.46,4.92,4.17,4.92,0.0,0.0,2493000.0
06/01/1994,4.0,4.83,4.0,4.42,0.0,0.0,3051000.0
05/01/1994,4.33,4.42,3.83,4.25,0.0,0.0,2185500.0
04/01/1994,4.67,5.0,4.17,4.33,0.0,0.0,3613200.0
03/01/1994,5.0,5.5,4.75,4.83,0.0,0.0,4229100.0
02/01/1994,5.08,5.25,4.75,5.17,0.0,0.0,3504598.0
01/01/1994,5.25,5.83,4.67,5.08,0.0,0.0,8304600.0
12/01/1993,4.42,5.42,4.08,5.17,0.0,0.0,5610600.0
11/01/1993,5.0,5.17,4.17,4.42,0.0,0.0,4149898.0
10/01/1993,4.75,4.92,4.58,4.83,0.0,0.0,2968800.0
09/01/1993,4.08,5.17,3.83,4.83,0.0,0.0,3756599.0
08/01/1993,3.83,4.33,3.67,4.13,0.0,0.0,6903600.0
07/01/1993,7.17,7.58,3.42,3.83,0.0,0.0,24370498.0
06/01/1993,6.25,7.33,5.92,7.21,0.0,0.0,5237698.0
05/01/1993,6.75,8.08,6.0,6.13,0.0,0.0,6238199.0
04/01/1993,6.92,7.25,6.0,6.92,0.0,0.0,7797298.0
03/01/1993,7.58,8.08,6.75,7.0,0.0,0.0,4935899.0
02/01/1993,9.33,9.33,7.08,7.54,0.0,0.0,6150000.0
01/01/1993,8.25,9.33,7.25,9.17,0.0,0.0,5414099.0
12/01/1992,7.25,8.5,6.75,8.33,0.0,0.0,4335300.0
11/01/1992,5.92,7.25,5.67,7.25,0.0,0.0,4338899.0
10/01/1992,5.83,6.17,4.92,5.92,0.0,0.0,3216600.0
09/01/1992,4.67,5.92,4.67,5.92,0.0,0.0,1958700.0
08/01/1992,5.08,5.08,4.42,4.67,0.0,0.0,797700.0
07/01/1992,3.83,5.08,3.75,5.08,0.0,0.0,1644600.0
06/01/1992,4.29,4.42,3.25,3.83,0.0,0.0,2624100.0
05/01/1992,4.5,4.92,4.08,4.29,0.0,0.0,2359200.0
04/01/1992,6.0,6.25,4.0,4.5,0.0,0.0,5786099.0
03/01/1992,6.08,6.42,5.17,6.0,0.0,0.0,6362400.0
02/01/1992,5.58,6.58,5.33,6.08,0.0,0.0,2071800.0
01/01/1992,4.75,5.75,4.58,5.5,0.0,0.0,2281798.0
12/01/1991,4.5,4.75,4.0,4.75,0.0,0.0,1236899.0
11/01/1991,4.63,5.33,4.0,4.5,0.0,0.0,3048600.0
10/01/1991,3.83,4.83,3.58,4.63,0.0,0.0,4313700.0
09/01/1991,3.33,4.0,3.0,3.83,0.0,0.0,6620400.0
