12/01/2022,127.95,130.465,114.6955,121.89,0.0,0.0,32100397.0
11/01/2022,121.91,131.6189,106.86,127.61,0.0,0.0,39331402.0
10/01/2022,132.0,142.43,109.38,120.1,0.0,0.0,35751611.0
09/01/2022,151.2,158.53,130.35,130.55,0.0,0.0,21265805.0
08/01/2022,161.52,171.09,151.305,151.83,0.0,0.0,19116900.0
07/01/2022,144.53,163.04,142.065,162.71,0.0,0.0,20505901.0
06/01/2022,155.27,155.865,133.37,144.2,0.0,0.0,26930506.0
05/01/2022,149.75,157.47,136.31,155.03,0.0,0.0,22459401.0
04/01/2022,165.09,167.81,148.91,149.22,0.0,0.0,26568821.0
03/01/2022,171.5,174.21,155.94,162.1,0.0,0.0,28843712.0
02/01/2022,173.62,181.75,155.67,173.26,0.0,0.0,26567200.0
01/01/2022,206.68,209.3,162.19,173.59,0.0,0.0,36599300.0
12/01/2021,214.32,217.27,191.91,206.51,0.0,0.0,17913000.0
11/01/2021,218.1,222.86,206.39,209.66,0.0,0.0,13245100.0
10/01/2021,193.79,219.7011,192.64,216.33,0.0,0.0,14251000.0
09/01/2021,199.07,203.98,190.75,192.88,0.0,0.0,14447300.0
08/01/2021,195.55,204.68,191.02,198.94,0.0,0.0,12629900.0
07/01/2021,188.01,202.07,184.27,195.02,0.0,0.0,14760900.0
06/01/2021,194.52,197.38,177.42,187.17,0.0,0.0,15744300.0
05/01/2021,185.06,192.76,178.66,191.44,0.0,0.0,10385800.0
04/01/2021,166.2,187.15,165.55,183.24,0.0,0.0,14572000.0
03/01/2021,167.48,176.5,163.33,166.75,0.0,0.0,22895000.0
02/01/2021,146.61,180.35,144.96,164.75,0.0,0.0,18570900.0
01/01/2021,147.25,166.82,143.6,144.99,0.0,0.0,21213000.0
12/01/2020,131.45,147.24,128.6,146.93,0.0,0.0,18210000.0
11/01/2020,127.61,142.14,123.01,129.56,0.0,0.0,20544600.0
10/01/2020,109.81,131.605,108.43,126.14,0.0,0.0,17977700.0
09/01/2020,112.44,116.76,100.38,109.06,0.0,0.0,17670100.0
08/01/2020,112.82,121.17,111.53,112.91,0.0,0.0,11406300.0
07/01/2020,106.62,115.84,100.82,112.48,0.0,0.0,16623800.0
06/01/2020,109.38,125.12,102.86,105.99,0.0,0.0,25365700.0
05/01/2020,102.16,114.03,92.13,108.17,0.0,0.0,22028700.0
04/01/2020,80.08,108.82,78.31,104.29,0.0,0.0,26512800.0
03/01/2020,100.41,106.87,70.06,82.28,0.0,0.0,49375000.0
02/01/2020,111.92,118.8,98.83,100.57,0.0,0.0,16950100.0
01/01/2020,117.89,122.34,110.54,110.88,0.0,0.0,28293000.0
12/01/2019,110.22,118.43,108.05,117.45,0.0,0.0,17000200.0
11/01/2019,107.43,111.67,106.75,109.9,0.0,0.0,19846300.0
10/01/2019,97.15,108.55,90.22,106.36,0.0,0.0,23726400.0
09/01/2019,88.74,98.15,87.43,96.7,0.0,0.0,24639100.0
08/01/2019,99.36,100.09,88.03,89.72,0.0,0.0,24232600.0
07/01/2019,98.92,101.6499,93.53,99.36,0.0,0.0,29795700.0
06/01/2019,96.62,100.06,94.17,97.65,0.0,0.0,21008500.0
05/01/2019,105.81,106.45,96.06,97.02,0.0,0.0,22574800.0
04/01/2019,101.76,107.75,99.4,105.62,0.0,0.0,26346800.0
03/01/2019,104.88,105.945,97.09,100.46,0.0,0.0,19936900.0
02/01/2019,96.9,106.19,96.65,104.98,0.0,0.0,23193200.0
01/01/2019,86.54,97.6,83.68,96.63,0.0,0.0,44897900.0
12/01/2018,100.0,100.59,79.42,86.9,0.0,0.0,58222600.0
11/01/2018,91.36,99.28,90.72,99.15,0.0,0.0,23074800.0
10/01/2018,96.57,97.595,84.475,90.99,0.0,0.0,35775300.0
09/01/2018,101.31,104.855,95.38,96.0,0.0,0.0,20439800.0
08/01/2018,99.28,106.75,98.76,101.59,0.0,0.0,19766700.0
07/01/2018,96.33,102.0,96.06,98.86,0.0,0.0,15951000.0
06/01/2018,100.82,103.695,96.11,96.79,0.0,0.0,23037000.0
05/01/2018,92.67,101.32,91.93,99.6,0.0,0.0,20086600.0
04/01/2018,92.13,96.0,89.11,92.87,0.0,0.0,24381100.0
03/01/2018,92.43,99.17,89.54,92.61,0.0,0.0,27992000.0
02/01/2018,89.84,96.79,85.93,92.8,0.0,0.0,32413700.0
01/01/2018,86.98,93.0,84.56,89.55,0.0,0.0,39008100.0
12/01/2017,95.68,98.03,86.26,86.64,0.0,0.0,30684700.0
11/01/2017,97.89,98.3,89.34,95.54,0.0,0.0,26582400.0
10/01/2017,104.74,105.52,94.43,97.4,0.0,0.0,27908300.0
09/01/2017,97.25,104.99,91.98,104.46,0.0,0.0,14641600.0
08/01/2017,101.08,102.5,95.23,97.05,0.0,0.0,10675300.0
07/01/2017,100.75,104.17,96.66,100.33,0.0,0.0,15627600.0
06/01/2017,92.64,103.69,92.02,100.1,0.0,0.0,19494400.0
05/01/2017,93.23,95.13,88.69,92.1,0.0,0.0,16507400.0
04/01/2017,94.02,94.17,88.21,92.46,0.0,0.0,24418900.0
03/01/2017,96.06,97.43,88.04,93.81,0.0,0.0,30246500.0
02/01/2017,95.26,97.29,92.64,93.83,0.0,0.0,16058800.0
01/01/2017,92.99,95.75,90.55,94.33,0.0,0.0,24451700.0
12/01/2016,82.73,92.35,82.09,92.14,0.0,0.0,24392200.0
11/01/2016,74.74,86.32,72.43,81.9,0.0,0.0,23500600.0
10/01/2016,77.01,79.15,72.4,74.43,0.0,0.0,18344700.0
09/01/2016,77.37,78.55,74.7,77.11,0.0,0.0,15901200.0
08/01/2016,71.57,77.31,70.46,76.96,0.0,0.0,13528000.0
07/01/2016,69.68,72.52,65.99,71.67,0.0,0.0,15715700.0
06/01/2016,70.65,72.18,63.97,69.99,0.0,0.0,27271900.0
05/01/2016,70.33,73.22,67.03,72.41,0.0,0.0,14339100.0
04/01/2016,66.04,72.63,64.04,70.32,0.0,0.0,18619800.0
03/01/2016,62.65,68.41,62.3,66.64,0.0,0.0,19692100.0
02/01/2016,68.1,68.29,56.32,61.54,0.0,0.0,27446200.0
01/01/2016,64.85,68.0,60.59,68.0,0.0,0.0,23837500.0
12/01/2015,69.28,69.57,64.68,66.06,0.0,0.0,16425800.0
11/01/2015,65.44,69.76,64.55,68.86,0.0,0.0,16128200.0
10/01/2015,62.64,69.21,59.97,65.31,0.0,0.0,15610900.0
09/01/2015,59.1,65.26,58.33,62.77,0.0,0.0,17079700.0
08/01/2015,63.75,65.13,56.59,60.31,0.0,0.0,11958400.0
07/01/2015,63.88,65.18,61.6,63.79,0.0,0.0,15896100.0
06/01/2015,60.89,64.63,59.8,63.03,0.0,0.0,18367200.0
05/01/2015,58.41,61.94,57.66,60.55,0.0,0.0,12048700.0
04/01/2015,57.25,59.96,56.22,58.29,0.0,0.0,12274000.0
03/01/2015,56.98,59.78,55.83,57.09,0.0,0.0,20587600.0
02/01/2015,50.96,57.35,50.96,57.0,0.0,0.0,12903900.0
01/01/2015,52.39,52.49,46.7,50.92,0.0,0.0,16397400.0
12/01/2014,51.19,53.07,50.0,52.12,0.0,0.0,13377100.0
11/01/2014,50.87,52.71,50.24,51.53,0.0,0.0,11474900.0
10/01/2014,49.73,50.96,44.56,50.93,0.0,0.0,29456400.0
09/01/2014,49.09,50.0,47.59,49.38,0.0,0.0,21022700.0
08/01/2014,46.55,49.48,45.78,48.9,0.0,0.0,22096300.0
07/01/2014,55.0,55.85,45.64,46.72,0.0,0.0,41939500.0
06/01/2014,51.06,55.5,50.72,54.99,0.0,0.0,15886900.0
05/01/2014,50.68,52.22,49.27,50.86,0.0,0.0,18260800.0
04/01/2014,54.1,55.4,50.02,50.76,0.0,0.0,21196300.0
03/01/2014,51.34,56.18,51.26,53.99,0.0,0.0,18834900.0
02/01/2014,48.54,52.56,47.44,51.97,0.0,0.0,11886800.0
01/01/2014,52.35,52.4,48.5,48.53,0.0,0.0,14472900.0
12/01/2013,51.05,52.94,49.94,52.35,0.0,0.0,11964000.0
11/01/2013,51.0,51.62,48.37,51.1,0.0,0.0,16306900.0
10/01/2013,46.66,51.94,45.58,51.07,0.0,0.0,20598300.0
09/01/2013,44.96,47.5,44.23,46.63,0.0,0.0,15695300.0
08/01/2013,43.33,46.01,43.21,44.28,0.0,0.0,16920400.0
07/01/2013,38.73,44.08,38.07,43.19,0.0,0.0,39233300.0
06/01/2013,37.31,39.01,36.62,38.48,0.0,0.0,21928300.0
05/01/2013,37.88,40.11,37.14,37.16,0.0,0.0,23835800.0
04/01/2013,38.51,40.31,36.43,37.98,0.0,0.0,20025200.0
03/01/2013,36.37,38.75,36.29,38.62,0.0,0.0,16389300.0
02/01/2013,35.81,37.45,35.62,36.45,0.0,0.0,12735300.0
01/01/2013,33.41,36.24,32.84,35.69,0.0,0.0,20485400.0
12/01/2012,33.6,33.71,31.42,32.78,0.0,0.0,25720500.0
11/01/2012,34.34,35.14,32.58,33.82,0.0,0.0,13652300.0
10/01/2012,34.5,34.64,33.06,34.35,0.0,0.0,9469200.0
09/01/2012,32.7,34.89,32.27,34.46,0.0,0.0,11227600.0
08/01/2012,32.58,33.39,31.81,32.69,0.0,0.0,7634500.0
07/01/2012,33.76,34.0,31.89,32.53,0.0,0.0,13262900.0
06/01/2012,31.01,33.6,29.21,33.6,0.0,0.0,22584100.0
05/01/2012,33.12,34.1,31.28,31.4,0.0,0.0,20870600.0
04/01/2012,32.97,33.71,31.68,33.03,0.0,0.0,11473300.0
03/01/2012,30.08,33.68,29.47,32.94,0.0,0.0,21833100.0
02/01/2012,30.18,32.82,29.78,29.99,0.0,0.0,20237900.0
01/01/2012,31.24,32.7,29.51,29.98,0.0,0.0,11410000.0
12/01/2011,28.19,31.49,27.95,30.61,0.0,0.0,11103800.0
11/01/2011,26.52,29.31,26.52,28.38,0.0,0.0,10209400.0
10/01/2011,23.01,29.43,21.88,27.7,0.0,0.0,9042600.0
09/01/2011,25.41,25.68,22.8,23.16,0.0,0.0,9240700.0
08/01/2011,28.44,28.69,23.42,25.5,0.0,0.0,12672000.0
07/01/2011,31.8,31.8,28.11,28.32,0.0,0.0,35258900.0
06/01/2011,32.25,34.75,31.0,32.28,0.0,0.0,16713200.0
05/01/2011,31.34,34.64,30.05,32.25,0.0,0.0,6765900.0
04/01/2011,30.91,32.37,29.12,31.35,0.0,0.0,3100100.0
03/01/2011,29.4,31.0,27.6,30.91,0.0,0.0,3597500.0
02/01/2011,29.75,29.89,28.58,29.25,0.0,0.0,2203000.0
01/01/2011,29.49,31.47,28.3,29.73,0.0,0.0,6023400.0
