12/01/2022,3.54,3.64,2.8,3.32,0.0,0.0,2176200.0
11/01/2022,3.52,3.69,3.1306,3.53,0.0,0.0,5594800.0
10/01/2022,3.2,3.69,3.0001,3.51,0.0,0.0,2774900.0
09/01/2022,3.35,3.99,2.875,3.17,0.0,0.0,4185200.0
08/01/2022,3.13,4.48,2.93,3.31,0.0,0.0,5792900.0
07/01/2022,2.75,3.6,2.695,3.15,0.0,0.0,7428400.0
06/01/2022,2.37,2.9799,2.12,2.75,0.0,0.0,16875000.0
05/01/2022,4.08,4.49,2.07,2.35,0.0,0.0,17670500.0
04/01/2022,5.09,5.31,3.81,4.02,0.0,0.0,8532400.0
03/01/2022,9.18,9.74,4.98,5.1,0.0,0.0,9525900.0
02/01/2022,9.46,11.3,8.36,9.2,0.0,0.0,2886300.0
01/01/2022,12.51,13.39,7.59,9.34,0.0,0.0,5170000.0
12/01/2021,9.145,13.32,8.18,12.43,0.0,0.0,6696300.0
11/01/2021,12.72,13.49,8.11,9.02,0.0,0.0,3770600.0
10/01/2021,16.39,17.1,11.72,12.74,0.0,0.0,4425100.0
09/01/2021,19.74,21.06,15.05,16.39,0.0,0.0,8927600.0
08/01/2021,21.25,23.3699,17.35,19.54,0.0,0.0,6950000.0
07/01/2021,31.04,32.4899,19.76,21.36,0.0,0.0,6403100.0
