12/01/2022,11.7,12.81,10.04,11.19,0.0,0.0,16587400.0
11/01/2022,14.44,15.41,8.61,11.7,0.0,0.0,26984100.0
10/01/2022,14.64,15.79,13.67,14.15,0.0,0.0,12720160.0
09/01/2022,18.9,19.74,14.18,14.32,0.0,0.0,11804700.0
08/01/2022,18.48,20.83,18.13,19.1,0.0,0.0,16080400.0
07/01/2022,16.75,19.47,16.13,18.57,0.0,0.0,12008400.0
06/01/2022,19.83,19.83,16.25,16.89,0.0,0.0,24882100.0
05/01/2022,18.52,20.72,18.14,19.72,0.0,0.0,19181800.0
04/01/2022,22.15,22.52,18.24,18.52,0.0,0.0,14071400.0
03/01/2022,23.2,24.81,21.72,22.07,0.0,0.0,15619800.0
02/01/2022,20.82,23.5,19.22,23.43,0.0,0.0,10465600.0
01/01/2022,20.6,23.3,19.676,20.85,0.0,0.0,13203200.0
12/01/2021,21.17,22.345,18.31,20.16,0.0,0.0,18101000.0
11/01/2021,23.56,25.24,20.25,20.62,0.0,0.0,13225401.0
10/01/2021,23.12,24.094,22.57,23.44,0.0,0.0,8443600.0
09/01/2021,22.86,24.27,20.63,22.82,0.0,0.0,9876300.0
08/01/2021,22.14,23.05,21.08,22.74,0.0,0.0,9965500.0
07/01/2021,23.58,24.43,20.24,22.17,0.0,0.0,12131400.0
06/01/2021,23.37,24.04,21.93,23.4,0.0,0.0,19067800.0
05/01/2021,20.5,23.9443,19.8324,23.26,0.0,0.0,16879200.0
04/01/2021,18.39,20.55,18.39,20.32,0.0,0.0,11447000.0
03/01/2021,18.62,21.215,17.53,18.4,0.0,0.0,15435100.0
02/01/2021,17.21,20.75,17.13,18.15,0.0,0.0,12452500.0
01/01/2021,18.03,18.86,16.3,17.05,0.0,0.0,12710400.0
12/01/2020,17.96,19.4,16.355,17.89,0.0,0.0,16600200.0
11/01/2020,12.84,18.5,12.69,17.66,0.0,0.0,21560900.0
10/01/2020,13.77,14.15,11.955,12.68,0.0,0.0,16533600.0
09/01/2020,15.37,15.67,13.47,13.77,0.0,0.0,13202600.0
08/01/2020,14.44,16.16,14.0,15.52,0.0,0.0,14023100.0
07/01/2020,13.95,15.05,13.0,14.34,0.0,0.0,13877200.0
06/01/2020,14.11,17.8,12.82,13.95,0.0,0.0,23309000.0
05/01/2020,11.26,15.54,10.45,13.94,0.0,0.0,20363200.0
04/01/2020,10.3,13.03,9.19,11.61,0.0,0.0,24044400.0
03/01/2020,18.99,18.99,8.53,10.74,0.0,0.0,39861100.0
02/01/2020,20.38,22.83,16.15,18.92,0.0,0.0,14613800.0
01/01/2020,21.56,23.07,20.19,20.28,0.0,0.0,13771500.0
12/01/2019,20.3,21.92,19.34,21.44,0.0,0.0,14585000.0
11/01/2019,16.56,20.99,16.56,20.24,0.0,0.0,14859800.0
10/01/2019,16.41,17.295,14.625,16.41,0.0,0.0,13395600.0
09/01/2019,15.11,17.77,14.26,16.32,0.0,0.0,16260100.0
08/01/2019,17.76,18.33,13.6,15.3,0.0,0.0,25088900.0
07/01/2019,16.64,18.73,16.23,17.75,0.0,0.0,17934600.0
06/01/2019,17.2,17.47,15.77,16.39,0.0,0.0,19636100.0
05/01/2019,23.47,23.51,17.06,17.23,0.0,0.0,22649900.0
04/01/2019,21.54,25.3099,21.52,23.43,0.0,0.0,21851600.0
03/01/2019,22.31,23.45,21.26,21.36,0.0,0.0,27402200.0
02/01/2019,16.7,21.95,15.94,21.91,0.0,0.0,15520000.0
01/01/2019,14.47,16.93,14.44,16.71,0.0,0.0,16407800.0
12/01/2018,18.75,18.98,13.75,14.74,0.0,0.0,18977500.0
11/01/2018,17.35,20.24,17.08,18.49,0.0,0.0,20431400.0
10/01/2018,17.59,18.75,16.22,17.31,0.0,0.0,18024200.0
09/01/2018,17.4,17.9,16.35,17.5,0.0,0.0,9661700.0
08/01/2018,15.45,17.45,14.6,17.45,0.0,0.0,21302800.0
07/01/2018,15.75,16.9,14.65,15.45,0.0,0.0,18145200.0
06/01/2018,11.05,17.0,10.7,15.8,0.0,0.0,30684700.0
05/01/2018,11.25,12.25,10.7,11.0,0.0,0.0,26600700.0
04/01/2018,12.65,12.9,11.2,11.3,0.0,0.0,23450200.0
03/01/2018,13.55,14.1,11.8,12.7,0.0,0.0,30168300.0
02/01/2018,16.3,16.7,13.5,13.8,0.0,0.0,19654800.0
01/01/2018,16.95,17.8,15.85,16.35,0.0,0.0,16807200.0
12/01/2017,14.35,17.5,14.15,16.75,0.0,0.0,33224700.0
11/01/2017,15.55,16.5,13.9,14.4,0.0,0.0,31227800.0
10/01/2017,15.75,16.7,14.55,15.57,0.0,0.0,20334800.0
09/01/2017,14.35,15.75,13.3,15.7,0.0,0.0,19497900.0
08/01/2017,14.95,15.0,13.4,14.3,0.0,0.0,18493900.0
07/01/2017,13.8,15.225,13.4,14.9,0.0,0.0,9957800.0
06/01/2017,12.05,14.3,11.75,13.7,0.0,0.0,19354400.0
05/01/2017,14.65,14.95,11.7,12.05,0.0,0.0,23112200.0
04/01/2017,14.55,15.45,14.0,14.65,0.0,0.0,13737100.0
03/01/2017,14.0,15.1,13.1,14.5,0.0,0.0,25227200.0
02/01/2017,11.9,14.0,11.65,13.6,0.0,0.0,18847800.0
01/01/2017,11.05,11.95,9.95,11.85,0.0,0.0,19318000.0
12/01/2016,10.1,11.4,9.95,10.85,0.0,0.0,18873800.0
11/01/2016,8.85,10.25,7.0,10.1,0.0,0.0,29405300.0
10/01/2016,10.38,10.92,8.7,8.9,0.0,0.0,15014800.0
09/01/2016,11.27,11.43,9.43,10.36,0.0,0.0,22189300.0
08/01/2016,9.94,11.9,9.15,11.23,0.0,0.0,19198000.0
07/01/2016,10.85,11.73,9.86,9.9,0.0,0.0,15904600.0
06/01/2016,11.73,11.97,10.43,10.85,0.0,0.0,14468800.0
05/01/2016,12.94,14.77,10.59,11.82,0.0,0.0,19536200.0
04/01/2016,11.54,13.2,11.14,12.85,0.0,0.0,11709100.0
03/01/2016,11.65,12.88,11.33,11.72,0.0,0.0,16273600.0
02/01/2016,13.03,13.45,9.95,11.54,0.0,0.0,15952300.0
01/01/2016,15.97,16.26,12.32,13.15,0.0,0.0,15832500.0
12/01/2015,16.83,17.08,14.86,16.3,0.0,0.0,14158300.0
11/01/2015,15.97,17.7,15.18,16.75,0.0,0.0,16261000.0
10/01/2015,12.8,15.99,12.46,15.89,0.0,0.0,16197600.0
09/01/2015,11.29,14.02,10.79,12.76,0.0,0.0,25340600.0
08/01/2015,16.87,17.35,10.38,11.59,0.0,0.0,37301200.0
07/01/2015,15.84,18.07,15.01,16.89,0.0,0.0,23869500.0
06/01/2015,16.12,16.67,15.02,15.68,0.0,0.0,17263900.0
05/01/2015,13.3,16.31,13.18,15.96,0.0,0.0,15566900.0
04/01/2015,13.87,14.46,13.21,13.26,0.0,0.0,12521600.0
03/01/2015,10.98,14.8,10.7,13.82,0.0,0.0,18899500.0
02/01/2015,9.85,11.21,9.17,10.94,0.0,0.0,5238200.0
01/01/2015,11.29,11.35,9.27,9.46,0.0,0.0,4713000.0
12/01/2014,10.32,11.73,9.94,11.2,0.0,0.0,6182600.0
11/01/2014,9.28,10.73,8.87,10.39,0.0,0.0,7115700.0
10/01/2014,7.86,9.46,7.16,9.24,0.0,0.0,10308000.0
09/01/2014,9.95,10.23,7.88,7.88,0.0,0.0,10174400.0
08/01/2014,12.16,12.53,9.75,9.93,0.0,0.0,13691800.0
07/01/2014,13.19,13.94,11.97,12.18,0.0,0.0,9854100.0
06/01/2014,11.59,13.44,10.96,13.13,0.0,0.0,14202000.0
05/01/2014,11.21,11.79,9.97,11.44,0.0,0.0,9520700.0
04/01/2014,10.4,11.88,9.02,11.25,0.0,0.0,17276400.0
03/01/2014,11.48,12.44,9.04,10.37,0.0,0.0,30292400.0
02/01/2014,11.21,12.09,10.05,11.75,0.0,0.0,12965700.0
01/01/2014,14.81,14.98,10.55,11.38,0.0,0.0,14437000.0
12/01/2013,12.35,15.17,11.36,14.88,0.0,0.0,21842900.0
11/01/2013,8.46,12.62,8.07,12.25,0.0,0.0,20107700.0
10/01/2013,7.83,9.34,6.88,8.45,0.0,0.0,18306000.0
09/01/2013,6.71,8.17,6.34,7.85,0.0,0.0,11450900.0
08/01/2013,7.92,8.2,6.01,6.6,0.0,0.0,14049800.0
07/01/2013,7.35,9.46,7.28,7.81,0.0,0.0,22451500.0
06/01/2013,5.94,7.49,5.35,7.2,0.0,0.0,18805200.0
05/01/2013,6.3,7.18,5.23,5.95,0.0,0.0,12838300.0
04/01/2013,4.69,6.66,4.37,6.35,0.0,0.0,16866100.0
03/01/2013,4.17,4.77,4.13,4.69,0.0,0.0,7048000.0
02/01/2013,3.74,4.98,3.25,4.17,0.0,0.0,11297500.0
01/01/2013,2.28,4.04,2.25,3.74,0.0,0.0,6962300.0
12/01/2012,2.13,2.34,1.99,2.2,0.0,0.0,1722200.0
11/01/2012,2.18,2.3,1.7,2.1,0.0,0.0,2995000.0
10/01/2012,2.34,2.5,2.07,2.13,0.0,0.0,3695200.0
09/01/2012,1.84,2.34,1.8,2.28,0.0,0.0,5231600.0
08/01/2012,1.68,2.0,1.67,1.85,0.0,0.0,3623900.0
07/01/2012,1.48,1.75,1.45,1.68,0.0,0.0,2354300.0
06/01/2012,1.35,1.62,1.34,1.47,0.0,0.0,10340500.0
05/01/2012,1.8,1.99,1.35,1.39,0.0,0.0,4040100.0
04/01/2012,1.88,1.99,1.58,1.8,0.0,0.0,3198100.0
03/01/2012,2.09,2.15,1.85,1.89,0.0,0.0,3251600.0
02/01/2012,2.1,2.39,1.98,2.06,0.0,0.0,2699200.0
01/01/2012,1.69,2.11,1.54,2.05,0.0,0.0,3627400.0
12/01/2011,1.71,1.82,1.57,1.62,0.0,0.0,2634800.0
11/01/2011,1.84,1.99,1.56,1.7,0.0,0.0,1821200.0
10/01/2011,1.55,2.09,1.31,1.9,0.0,0.0,2642600.0
09/01/2011,1.91,1.97,1.5,1.56,0.0,0.0,2030800.0
08/01/2011,2.48,2.58,1.38,1.9,0.0,0.0,5063300.0
07/01/2011,2.65,2.75,2.25,2.43,0.0,0.0,2146700.0
06/01/2011,2.67,2.67,2.11,2.64,0.0,0.0,3855800.0
05/01/2011,2.8,2.95,2.31,2.65,0.0,0.0,9693700.0
04/01/2011,2.14,2.85,2.1,2.79,0.0,0.0,5759100.0
03/01/2011,2.4,2.52,2.0,2.07,0.0,0.0,8904500.0
02/01/2011,1.99,2.46,1.87,2.22,0.0,0.0,5506000.0
01/01/2011,1.88,2.19,1.87,1.98,0.0,0.0,3529300.0
12/01/2010,2.03,2.03,1.81,1.87,0.0,0.0,6444300.0
11/01/2010,1.99,2.19,1.44,1.99,0.0,0.0,8864400.0
10/01/2010,2.02,2.05,1.92,1.95,0.0,0.0,3287400.0
09/01/2010,1.89,2.39,1.88,2.01,0.0,0.0,3949800.0
08/01/2010,2.65,2.99,1.83,1.85,0.0,0.0,4262100.0
07/01/2010,2.44,2.83,2.12,2.6,0.0,0.0,5165000.0
06/01/2010,3.1,3.1,2.4,2.41,0.0,0.0,9664500.0
05/01/2010,3.73,3.98,2.5,2.99,0.0,0.0,7773000.0
04/01/2010,2.35,4.88,2.31,3.75,0.0,0.0,10870500.0
03/01/2010,1.65,2.8,1.63,2.3,0.0,0.0,8284500.0
02/01/2010,2.0,2.24,1.65,1.66,0.0,0.0,6328500.0
01/01/2010,1.57,2.15,1.52,1.98,0.0,0.0,4908800.0
12/01/2009,1.2,1.75,0.52,1.5,0.0,0.0,6065800.0
11/01/2009,1.73,2.18,0.89,1.12,0.0,0.0,12319900.0
10/01/2009,2.43,2.9,1.7,1.75,0.0,0.0,15034300.0
09/01/2009,0.74,3.57,0.68,2.32,0.0,0.0,45190400.0
08/01/2009,0.5,1.14,0.4,0.73,0.0,0.0,24753800.0
07/01/2009,0.49,0.58,0.38,0.49,0.0,0.0,3790300.0
06/01/2009,0.68,0.73,0.48,0.49,0.0,0.0,8227200.0
05/01/2009,0.73,0.92,0.55,0.68,0.0,0.0,6740200.0
04/01/2009,0.34,0.72,0.32,0.68,0.0,0.0,6220300.0
03/01/2009,0.34,0.49,0.28,0.32,0.0,0.0,4084200.0
02/01/2009,0.33,0.55,0.31,0.33,0.0,0.0,3373900.0
01/01/2009,0.4,0.52,0.31,0.33,0.0,0.0,3497200.0
12/01/2008,0.55,0.59,0.3,0.4,0.0,0.0,6862500.0
11/01/2008,0.51,0.75,0.16,0.59,0.0,0.0,16857300.0
10/01/2008,1.65,1.75,0.41,0.55,0.0,0.0,6035500.0
09/01/2008,2.52,2.55,1.61,1.72,0.0,0.0,5989900.0
08/01/2008,2.51,2.65,2.1,2.46,0.0,0.0,4916200.0
07/01/2008,2.8,3.1,2.2,2.5,0.0,0.0,5189600.0
06/01/2008,4.02,4.03,2.67,2.87,0.0,0.0,5442800.0
05/01/2008,4.69,4.71,3.76,4.02,0.0,0.0,4832900.0
04/01/2008,5.81,6.05,4.49,4.7,0.0,0.0,4893200.0
03/01/2008,5.79,6.62,4.69,5.69,0.0,0.0,9374400.0
02/01/2008,7.69,7.73,5.49,5.8,0.0,0.0,6416200.0
01/01/2008,8.02,8.25,6.5,7.55,0.0,0.0,4931600.0
12/01/2007,8.52,9.58,7.31,8.02,0.0,0.0,4814300.0
11/01/2007,9.15,9.61,6.66,8.51,0.0,0.0,6118700.0
10/01/2007,8.47,10.04,8.38,9.46,0.0,0.0,3009500.0
09/01/2007,8.9,9.33,7.96,8.49,0.0,0.0,3790300.0
08/01/2007,8.02,9.75,6.53,8.95,0.0,0.0,7915400.0
07/01/2007,9.32,9.4,7.89,8.05,0.0,0.0,4914100.0
06/01/2007,10.25,10.57,9.24,9.27,0.0,0.0,4909100.0
05/01/2007,10.64,10.95,9.1,10.27,0.0,0.0,6739500.0
04/01/2007,10.5,11.33,10.17,10.67,0.0,0.0,5974900.0
03/01/2007,8.51,10.75,7.8,10.42,0.0,0.0,8021300.0
02/01/2007,8.93,9.47,7.98,8.71,0.0,0.0,5746000.0
01/01/2007,7.42,9.14,7.39,8.94,0.0,0.0,5596800.0
12/01/2006,6.32,7.42,6.11,7.33,0.0,0.0,3920200.0
11/01/2006,6.46,6.65,5.75,6.28,0.0,0.0,3056600.0
10/01/2006,6.42,6.67,6.1,6.45,0.0,0.0,2520700.0
09/01/2006,6.37,6.83,6.29,6.41,0.0,0.0,3097100.0
08/01/2006,6.65,6.68,5.91,6.39,0.0,0.0,3789600.0
07/01/2006,5.75,6.9,5.66,6.72,0.0,0.0,3841300.0
06/01/2006,6.62,6.79,5.15,5.79,0.0,0.0,9994400.0
05/01/2006,7.62,7.93,6.5,6.62,0.0,0.0,6870700.0
04/01/2006,8.3,8.63,7.58,7.59,0.0,0.0,3829100.0
03/01/2006,8.47,8.55,7.53,8.4,0.0,0.0,4136900.0
02/01/2006,8.86,9.25,8.24,8.42,0.0,0.0,4026700.0
01/01/2006,8.65,9.54,8.63,8.86,0.0,0.0,3247100.0
12/01/2005,9.0,10.36,8.95,9.82,0.0,0.0,5524100.0
11/01/2005,8.99,9.79,8.74,8.92,0.0,0.0,5980100.0
10/01/2005,10.59,11.0,8.83,9.0,0.0,0.0,6704000.0
09/01/2005,12.46,12.64,10.1,10.59,0.0,0.0,3173200.0
08/01/2005,12.77,13.59,10.8,12.3,0.0,0.0,5252700.0
07/01/2005,12.13,13.22,12.07,12.85,0.0,0.0,3631800.0
06/01/2005,11.75,12.16,10.58,12.06,0.0,0.0,4205300.0
05/01/2005,13.29,13.32,11.63,11.75,0.0,0.0,2600100.0
04/01/2005,14.5,14.66,12.8,13.15,0.0,0.0,2994100.0
03/01/2005,14.45,15.15,13.61,14.47,0.0,0.0,2537600.0
02/01/2005,14.44,15.74,14.33,14.54,0.0,0.0,2261600.0
01/01/2005,15.25,15.36,13.65,14.46,0.0,0.0,2759800.0
12/01/2004,14.9,15.74,14.9,15.5,0.0,0.0,2622200.0
11/01/2004,13.28,15.35,12.81,15.0,0.0,0.0,3618600.0
10/01/2004,12.0,13.36,12.0,13.28,0.0,0.0,3160100.0
09/01/2004,13.7,13.95,11.8,11.9,0.0,0.0,2808200.0
08/01/2004,11.87,13.95,11.2,13.74,0.0,0.0,3115800.0
07/01/2004,13.95,13.95,11.69,11.92,0.0,0.0,3463000.0
06/01/2004,14.07,14.57,13.84,13.89,0.0,0.0,2501600.0
05/01/2004,14.8,15.48,13.62,14.09,0.0,0.0,2945100.0
04/01/2004,14.67,16.19,14.65,14.82,0.0,0.0,2963900.0
03/01/2004,14.06,14.83,13.52,14.62,0.0,0.0,4593500.0
02/01/2004,14.5,15.45,13.8,14.0,0.0,0.0,2832200.0
01/01/2004,14.9,16.22,14.4,14.41,0.0,0.0,3786100.0
12/01/2003,13.05,15.76,12.52,15.12,0.0,0.0,5286000.0
11/01/2003,12.75,13.68,12.25,12.96,0.0,0.0,2253900.0
10/01/2003,11.73,13.0,11.35,12.72,0.0,0.0,3716900.0
09/01/2003,13.2,13.5,10.55,11.68,0.0,0.0,6337100.0
08/01/2003,12.85,14.9,12.44,13.3,0.0,0.0,5253000.0
07/01/2003,12.43,14.1,12.13,12.89,0.0,0.0,3753000.0
06/01/2003,12.55,13.38,11.96,12.4,0.0,0.0,4868500.0
05/01/2003,10.95,12.8,10.85,12.8,0.0,0.0,2497900.0
04/01/2003,9.0,11.15,8.91,11.05,0.0,0.0,3044900.0
03/01/2003,9.7,9.7,8.62,9.0,0.0,0.0,1946600.0
02/01/2003,10.0,10.08,8.9,9.64,0.0,0.0,1323300.0
01/01/2003,9.8,10.28,9.51,10.05,0.0,0.0,2148700.0
12/01/2002,10.15,10.35,9.45,9.75,0.0,0.0,3470400.0
11/01/2002,8.8,10.27,8.25,10.12,0.0,0.0,4973500.0
10/01/2002,10.9,10.95,7.95,8.85,0.0,0.0,11875700.0
