12/01/2022,2.57,2.78,2.1,2.2701,0.0,0.0,2013500.0
11/01/2022,2.73,2.83,1.91,2.56,0.0,0.0,2929501.0
10/01/2022,2.12,3.06,1.59,2.63,0.0,0.0,19437200.0
09/01/2022,10.24,35.0,1.57,2.16,0.0,0.0,97728508.0
08/01/2022,10.17,11.25,10.16,10.22,0.0,0.0,4826100.0
07/01/2022,10.11,10.17,10.11,10.16,0.0,0.0,36000.0
06/01/2022,10.08,10.13,10.08,10.11,0.0,0.0,325400.0
05/01/2022,10.09,10.1,10.05,10.0801,0.0,0.0,300700.0
04/01/2022,10.04,10.11,10.04,10.07,0.0,0.0,156100.0
03/01/2022,10.04,10.07,10.0,10.07,0.0,0.0,294405.0
02/01/2022,9.98,10.03,9.98,10.0299,0.0,0.0,188400.0
01/01/2022,9.95,10.01,9.95,10.01,0.0,0.0,229600.0
12/01/2021,10.0,10.0,9.93,9.96,0.0,0.0,142100.0
11/01/2021,9.98,10.03,9.98,9.98,0.0,0.0,126200.0
10/01/2021,9.9,10.0,9.9,9.997,0.0,0.0,203700.0
09/01/2021,9.81,10.0801,9.7755,9.91,0.0,0.0,1532900.0
