12/01/2022,3.08,3.4,2.52,2.61,0.0,0.0,488400.0
11/01/2022,2.67,3.12,2.45,3.12,0.0,0.0,387800.0
10/01/2022,2.61,2.8999,2.21,2.8,0.0,0.0,426402.0
09/01/2022,3.69,4.06,2.41,2.61,0.0,0.0,2826801.0
08/01/2022,3.1,5.1097,2.95,4.25,0.0,0.0,21545100.0
07/01/2022,2.56,3.83,2.32,3.06,0.0,0.0,4995100.0
06/01/2022,2.89,3.27,2.4525,2.55,0.0,0.0,2864500.0
05/01/2022,3.16,4.48,2.62,2.96,0.0,0.0,22915700.0
04/01/2022,2.89,5.3,2.86,3.04,0.0,0.0,32832400.0
03/01/2022,2.27,6.2,1.9485,2.99,0.0,0.0,50430401.0
02/01/2022,3.18,3.1946,1.88,2.27,0.0,0.0,6601300.0
