12/01/2022,10.97,11.15,9.16,9.52,0.0,0.0,8141100.0
11/01/2022,9.75,10.95,8.19,10.95,0.0,0.0,10969200.0
10/01/2022,9.06,9.66,7.97,9.63,0.0,0.0,9260201.0
09/01/2022,10.24,11.0,8.65,8.92,0.0,0.0,12261801.0
08/01/2022,10.12,12.24,9.92,10.33,0.0,0.0,10270100.0
07/01/2022,8.98,10.22,8.78,10.17,0.0,0.0,7330550.0
06/01/2022,11.07,11.65,8.685,9.03,0.0,0.0,25513400.0
05/01/2022,9.4,11.15,7.95,11.08,0.0,0.0,16918300.0
04/01/2022,9.08,10.15,8.55,9.46,0.0,0.0,13155800.0
03/01/2022,9.56,10.335,8.63,9.0,0.0,0.0,24185150.0
02/01/2022,10.63,10.94,8.7206,9.63,0.0,0.0,8787700.0
01/01/2022,12.56,12.62,9.14,10.6,0.0,0.0,11469420.0
12/01/2021,12.88,13.138,10.98,12.52,0.0,0.0,10877201.0
11/01/2021,14.05,14.63,12.0,12.73,0.0,0.0,13684300.0
10/01/2021,12.31,14.03,11.6,13.97,0.0,0.0,19161700.0
09/01/2021,15.0,15.94,12.16,12.24,0.0,0.0,21143800.0
08/01/2021,13.96,15.5,12.61,15.01,0.0,0.0,34417700.0
07/01/2021,14.24,14.26,12.06,14.0,0.0,0.0,9869500.0
