12/01/2022,6.66,6.74,5.47,6.36,0.0,0.0,110961500.0
11/01/2022,6.65,7.545,6.03,6.65,0.0,0.0,105961200.0
10/01/2022,5.53,6.61,5.44,6.49,0.0,0.0,131764300.0
09/01/2022,6.88,6.97,4.64,5.17,0.0,0.0,153227600.0
08/01/2022,6.14,7.785,5.55,7.07,0.0,0.0,152020600.0
07/01/2022,6.26,6.38,4.885,6.34,0.0,0.0,132009100.0
06/01/2022,7.95,8.485,5.81,6.19,0.0,0.0,206666200.0
05/01/2022,6.6,8.28,5.99,7.74,0.0,0.0,202314700.0
04/01/2022,7.45,8.36,6.095,6.76,0.0,0.0,257558500.0
03/01/2022,4.94,7.53,4.94,7.19,0.0,0.0,312159727.0
02/01/2022,4.31,5.09,4.09,4.86,0.0,0.0,213487600.0
01/01/2022,3.45,4.89,3.45,4.33,0.0,0.0,230774900.0
12/01/2021,3.82,4.03,3.02,3.46,0.0,0.0,182707100.0
11/01/2021,3.75,3.95,3.29,3.66,0.0,0.0,198937400.0
10/01/2021,2.98,4.24,2.86,3.6,0.0,0.0,236492500.0
09/01/2021,2.36,3.18,2.21,2.96,0.0,0.0,115714000.0
08/01/2021,2.31,2.43,1.8,2.36,0.0,0.0,123898600.0
07/01/2021,3.605,3.83,2.13,2.31,0.0,0.0,159015600.0
06/01/2021,3.29,3.955,3.0101,3.46,0.0,0.0,181698800.0
05/01/2021,2.93,3.35,2.65,3.18,0.0,0.0,128269100.0
04/01/2021,3.13,3.275,2.365,2.86,0.0,0.0,101628200.0
03/01/2021,3.19,3.69,2.68,3.07,0.0,0.0,207153000.0
02/01/2021,2.27,3.525,2.2009,3.08,0.0,0.0,158316900.0
01/01/2021,2.39,3.03,2.18,2.22,0.0,0.0,150698800.0
12/01/2020,1.81,2.63,1.51,2.35,0.0,0.0,245375800.0
11/01/2020,1.02,2.26,0.98,1.76,0.0,0.0,190998600.0
10/01/2020,0.98,1.33,0.9,0.9943,0.0,0.0,161326000.0
09/01/2020,1.48,1.51,0.9015,0.9756,0.0,0.0,194626100.0
08/01/2020,1.59,1.8,1.32,1.47,0.0,0.0,135757900.0
07/01/2020,1.67,1.88,1.45,1.61,0.0,0.0,182395800.0
06/01/2020,1.78,3.445,1.57,1.66,0.0,0.0,327587800.0
05/01/2020,1.72,2.05,1.21,1.82,0.0,0.0,190571800.0
04/01/2020,0.8448,1.74,0.7531,1.65,0.0,0.0,264996900.0
03/01/2020,3.1,3.11,0.501,0.8956,0.0,0.0,341740500.0
02/01/2020,5.11,5.655,2.81,3.05,0.0,0.0,155900400.0
01/01/2020,5.77,6.79,4.945,5.11,0.0,0.0,107105700.0
12/01/2019,6.02,6.29,4.43,5.7,0.0,0.0,144353900.0
11/01/2019,6.28,7.55,5.96,5.97,0.0,0.0,122537000.0
10/01/2019,6.23,6.35,5.2,6.2,0.0,0.0,118257700.0
09/01/2019,6.18,7.17,5.99,6.24,0.0,0.0,91188600.0
08/01/2019,5.94,6.65,5.52,6.32,0.0,0.0,89678300.0
07/01/2019,6.41,6.54,5.45,6.01,0.0,0.0,89080000.0
06/01/2019,6.22,6.42,5.5,6.27,0.0,0.0,106104000.0
05/01/2019,6.75,6.88,5.81,6.16,0.0,0.0,73239500.0
04/01/2019,6.34,7.04,6.2,6.69,0.0,0.0,93158900.0
03/01/2019,6.46,6.65,5.73,6.23,0.0,0.0,90575300.0
02/01/2019,5.17,7.07,4.99,6.4,0.0,0.0,88219200.0
01/01/2019,3.98,5.295,3.87,5.13,0.0,0.0,76727300.0
12/01/2018,5.69,5.86,3.53,4.07,0.0,0.0,106322600.0
11/01/2018,6.62,6.875,5.22,5.38,0.0,0.0,90754600.0
10/01/2018,9.49,9.75,6.01,6.49,0.0,0.0,58546900.0
09/01/2018,9.08,9.73,8.21,9.35,0.0,0.0,40402200.0
08/01/2018,7.46,9.17,7.28,9.04,0.0,0.0,64172000.0
07/01/2018,8.18,8.94,7.47,7.58,0.0,0.0,38423800.0
06/01/2018,7.75,8.6,7.505,8.27,0.0,0.0,53187100.0
05/01/2018,7.01,7.93,6.42,7.77,0.0,0.0,61037900.0
04/01/2018,6.23,7.19,5.835,7.04,0.0,0.0,49220200.0
03/01/2018,5.38,6.52,5.36,6.3,0.0,0.0,45308600.0
02/01/2018,6.95,7.02,5.15,5.39,0.0,0.0,66286500.0
01/01/2018,6.91,7.78,6.63,6.91,0.0,0.0,58805900.0
12/01/2017,8.05,8.15,6.55,6.85,0.0,0.0,51106500.0
11/01/2017,7.77,8.62,7.66,7.98,0.0,0.0,35969000.0
10/01/2017,7.81,7.97,7.37,7.68,0.0,0.0,42828200.0
09/01/2017,7.05,8.21,6.93,7.96,0.0,0.0,47204600.0
08/01/2017,6.56,7.225,6.18,7.04,0.0,0.0,51636800.0
07/01/2017,6.47,6.78,5.99,6.6,0.0,0.0,31651300.0
06/01/2017,6.01,6.48,5.65,6.41,0.0,0.0,56290500.0
05/01/2017,5.98,7.9,5.67,6.0,0.0,0.0,93726000.0
04/01/2017,6.64,7.03,5.63,6.01,0.0,0.0,57541200.0
03/01/2017,6.2,6.72,5.53,6.66,0.0,0.0,55140000.0
02/01/2017,6.58,6.68,5.74,6.14,0.0,0.0,47809800.0
01/01/2017,7.18,7.39,6.18,6.54,0.0,0.0,72454400.0
12/01/2016,5.49,7.14,5.0,7.01,0.0,0.0,32085400.0
11/01/2016,5.27,5.4,4.39,5.3,0.0,0.0,29406800.0
10/01/2016,6.42,6.59,5.17,5.21,0.0,0.0,20506500.0
09/01/2016,6.17,6.63,5.62,6.41,0.0,0.0,24515300.0
08/01/2016,5.49,6.61,5.16,6.21,0.0,0.0,36685700.0
07/01/2016,5.43,6.21,5.29,5.55,0.0,0.0,27296400.0
06/01/2016,5.63,6.01,5.0,5.45,0.0,0.0,27807100.0
05/01/2016,6.44,6.44,4.63,5.74,0.0,0.0,39716400.0
04/01/2016,5.62,6.79,5.54,6.48,0.0,0.0,25524700.0
03/01/2016,4.91,6.41,4.52,5.82,0.0,0.0,41933200.0
02/01/2016,4.46,4.9,3.78,4.88,0.0,0.0,32696300.0
01/01/2016,5.23,5.38,3.17,4.57,0.0,0.0,40842600.0
12/01/2015,6.71,7.17,4.62,5.2,0.0,0.0,49922600.0
11/01/2015,6.69,8.0,6.6,6.71,0.0,0.0,29409200.0
10/01/2015,5.71,7.7,5.57,6.82,0.0,0.0,33005400.0
09/01/2015,6.85,7.19,5.34,5.58,0.0,0.0,30632300.0
08/01/2015,5.76,7.63,5.63,7.0,0.0,0.0,30946100.0
07/01/2015,8.42,8.44,6.87,7.2,0.0,0.0,35506900.0
06/01/2015,8.87,9.13,8.34,8.43,0.0,0.0,30395000.0
05/01/2015,9.73,9.88,8.71,8.89,0.0,0.0,38307300.0
04/01/2015,7.96,10.03,7.94,9.78,0.0,0.0,42492200.0
03/01/2015,8.29,8.47,7.76,7.91,0.0,0.0,35913100.0
02/01/2015,8.63,9.32,8.28,8.98,0.0,0.0,45859100.0
01/01/2015,8.32,8.96,7.58,8.77,0.0,0.0,30201700.0
12/01/2014,8.22,8.9,6.96,8.39,0.0,0.0,45643900.0
11/01/2014,9.49,10.41,8.28,8.34,0.0,0.0,34715200.0
10/01/2014,9.92,10.1,8.32,9.33,0.0,0.0,55130500.0
09/01/2014,10.0,10.47,9.63,9.96,0.0,0.0,31727000.0
08/01/2014,9.59,10.23,9.24,10.02,0.0,0.0,28358400.0
07/01/2014,11.2,11.23,9.6,9.63,0.0,0.0,30356700.0
06/01/2014,10.46,11.27,10.0,11.23,0.0,0.0,18016100.0
05/01/2014,10.88,11.03,10.01,10.48,0.0,0.0,22925300.0
04/01/2014,11.05,11.11,10.3,10.92,0.0,0.0,16687000.0
03/01/2014,10.87,11.25,10.37,11.0,0.0,0.0,13156500.0
02/01/2014,10.24,11.34,9.88,10.98,0.0,0.0,12520800.0
01/01/2014,11.22,11.6,9.88,10.34,0.0,0.0,16624100.0
12/01/2013,10.41,11.42,10.28,11.18,0.0,0.0,16614700.0
11/01/2013,10.71,11.29,10.03,10.41,0.0,0.0,9425200.0
10/01/2013,10.24,10.97,10.03,10.66,0.0,0.0,9152600.0
09/01/2013,10.35,11.01,10.08,10.28,0.0,0.0,14712200.0
08/01/2013,10.6,10.87,9.71,10.17,0.0,0.0,12903200.0
07/01/2013,10.17,11.15,10.17,10.56,0.0,0.0,14387400.0
06/01/2013,10.37,10.92,10.09,10.16,0.0,0.0,12027900.0
05/01/2013,10.89,12.17,10.25,10.32,0.0,0.0,21322200.0
04/01/2013,11.26,11.42,10.22,10.99,0.0,0.0,10967300.0
03/01/2013,10.84,11.35,10.47,11.3,0.0,0.0,20839500.0
02/01/2013,12.43,12.87,10.15,10.93,0.0,0.0,31017500.0
01/01/2013,12.5,13.05,12.12,12.38,0.0,0.0,6542600.0
12/01/2012,11.9,12.65,11.61,12.35,0.0,0.0,7097200.0
11/01/2012,11.39,12.5,9.55,11.86,0.0,0.0,3873700.0
10/01/2012,11.47,12.05,11.09,11.38,0.0,0.0,4280000.0
09/01/2012,9.7,11.75,9.4,11.39,0.0,0.0,6131000.0
08/01/2012,9.61,10.42,8.19,9.68,0.0,0.0,8395600.0
07/01/2012,11.06,11.1,9.4,9.54,0.0,0.0,5848300.0
06/01/2012,10.26,12.85,10.03,11.05,0.0,0.0,12095000.0
05/01/2012,12.23,12.49,10.05,10.42,0.0,0.0,13061600.0
04/01/2012,13.27,13.7,11.51,12.18,0.0,0.0,9126900.0
03/01/2012,14.22,14.38,12.66,13.24,0.0,0.0,11176400.0
02/01/2012,12.65,15.13,12.56,14.01,0.0,0.0,8978400.0
01/01/2012,12.5,14.6,12.3,12.56,0.0,0.0,6491100.0
12/01/2011,13.42,13.72,11.01,12.26,0.0,0.0,4595100.0
11/01/2011,14.67,15.73,11.91,13.47,0.0,0.0,7259400.0
10/01/2011,11.58,16.55,10.1,15.5,0.0,0.0,6476000.0
09/01/2011,13.82,13.84,11.43,11.71,0.0,0.0,4248200.0
08/01/2011,15.43,15.46,10.61,13.88,0.0,0.0,9895700.0
07/01/2011,16.97,17.4,14.85,15.19,0.0,0.0,7769800.0
06/01/2011,19.1,19.25,16.49,16.98,0.0,0.0,12799900.0
