12/01/2022,4.09,4.7,3.53,4.55,0.0,0.0,1835300.0
11/01/2022,4.01,4.27,3.58,4.06,0.0,0.0,2066350.0
10/01/2022,3.54,4.15,3.485,3.98,0.0,0.0,2191203.0
09/01/2022,5.2884,5.39,3.02,3.52,0.0,0.0,5023200.0
08/01/2022,5.45,5.99,5.25,5.3,0.0,0.0,1246900.0
07/01/2022,5.2,5.96,5.02,5.53,0.0,0.0,890500.0
06/01/2022,5.29,5.46,3.9,5.14,0.0,0.0,1892500.0
05/01/2022,4.95,5.3,3.91,5.22,0.0,0.0,1261601.0
04/01/2022,5.92,6.07,4.65,4.94,0.0,0.0,982900.0
03/01/2022,5.16,5.95,4.5,5.87,0.0,0.0,2478600.0
02/01/2022,4.95,5.5499,4.77,5.12,0.0,0.0,2248100.0
01/01/2022,5.37,5.49,4.56,4.83,0.0,0.0,3774500.0
12/01/2021,4.7,5.7,4.0,5.32,0.0,0.0,7505600.0
11/01/2021,5.7,6.97,4.57,4.61,0.0,0.0,4183400.0
10/01/2021,4.66,5.79,4.6,5.59,0.0,0.0,2682100.0
09/01/2021,4.47,4.82,4.18,4.65,0.0,0.0,4288200.0
08/01/2021,4.33,4.68,4.0,4.43,0.0,0.0,1667600.0
07/01/2021,4.71,4.75,3.84,4.32,0.0,0.0,4758400.0
06/01/2021,4.99,5.38,4.56,4.71,0.0,0.0,6800800.0
05/01/2021,5.65,5.83,4.46,4.98,0.0,0.0,4891000.0
04/01/2021,5.6,6.2,5.3,5.63,0.0,0.0,4662100.0
03/01/2021,5.29,6.62,4.83,5.6,0.0,0.0,9490400.0
02/01/2021,4.91,5.88,4.55,5.34,0.0,0.0,7708900.0
01/01/2021,4.89,5.29,4.53,4.91,0.0,0.0,8590100.0
12/01/2020,3.52,5.0999,3.25,4.92,0.0,0.0,12633300.0
11/01/2020,3.02,3.68,2.87,3.51,0.0,0.0,5951100.0
10/01/2020,3.42,3.4999,2.92,3.01,0.0,0.0,3448000.0
09/01/2020,3.26,3.46,2.9884,3.37,0.0,0.0,4433100.0
08/01/2020,3.13,3.54,3.13,3.24,0.0,0.0,2094300.0
07/01/2020,3.04,3.29,2.98,3.14,0.0,0.0,2115800.0
06/01/2020,3.11,3.63,2.96,3.04,0.0,0.0,5365300.0
05/01/2020,3.5,3.82,3.03,3.09,0.0,0.0,7989100.0
04/01/2020,2.83,3.77,2.7,3.5,0.0,0.0,18255500.0
03/01/2020,3.44,3.82,2.845,2.91,0.0,0.0,13771100.0
02/01/2020,4.19,4.45,3.36,3.43,0.0,0.0,5059700.0
01/01/2020,3.76,4.348,3.44,4.19,0.0,0.0,4221600.0
12/01/2019,3.53,3.88,3.53,3.72,0.0,0.0,5497300.0
11/01/2019,2.96,3.81,2.84,3.5,0.0,0.0,6026000.0
10/01/2019,3.54,3.54,2.89,2.93,0.0,0.0,4207400.0
09/01/2019,3.13,4.0,2.93,3.57,0.0,0.0,4511300.0
08/01/2019,4.0,4.13,3.08,3.13,0.0,0.0,2595100.0
07/01/2019,4.05,4.19,3.84,4.05,0.0,0.0,3898800.0
06/01/2019,3.7,4.1,3.275,4.0,0.0,0.0,5028000.0
05/01/2019,3.58,4.04,3.34,3.67,0.0,0.0,8425600.0
04/01/2019,3.63,3.75,3.18,3.57,0.0,0.0,4181300.0
03/01/2019,3.92,4.25,3.49,3.59,0.0,0.0,7158000.0
02/01/2019,2.91,4.16,2.78,3.91,0.0,0.0,17007500.0
01/01/2019,4.65,5.31,2.82,2.85,0.0,0.0,10899400.0
12/01/2018,5.54,5.54,4.32,4.69,0.0,0.0,6886800.0
11/01/2018,6.77,7.06,4.435,5.46,0.0,0.0,12776100.0
10/01/2018,8.06,8.06,6.53,6.77,0.0,0.0,8082100.0
09/01/2018,7.2,8.07,5.9,8.0,0.0,0.0,10612100.0
08/01/2018,9.34,9.66,7.05,7.24,0.0,0.0,7064700.0
07/01/2018,9.09,9.53,9.0,9.34,0.0,0.0,3844500.0
06/01/2018,9.74,9.94,8.36,9.08,0.0,0.0,6317400.0
05/01/2018,8.25,10.71,8.18,9.76,0.0,0.0,6680500.0
04/01/2018,9.47,9.75,8.05,8.24,0.0,0.0,3845200.0
03/01/2018,10.24,11.0,9.24,9.46,0.0,0.0,5816500.0
02/01/2018,12.74,12.74,9.12,10.25,0.0,0.0,9901000.0
01/01/2018,11.97,13.15,11.2,12.03,0.0,0.0,11136600.0
12/01/2017,11.07,12.75,10.43,11.89,0.0,0.0,11718200.0
11/01/2017,9.13,13.2,8.87,11.1,0.0,0.0,11844500.0
10/01/2017,9.7,9.92,9.0,9.13,0.0,0.0,2248900.0
09/01/2017,9.38,10.35,9.13,9.74,0.0,0.0,3032400.0
08/01/2017,9.81,9.91,9.06,9.33,0.0,0.0,3525500.0
07/01/2017,9.9,10.31,9.58,9.68,0.0,0.0,1916400.0
06/01/2017,9.27,10.35,9.26,9.86,0.0,0.0,2799700.0
05/01/2017,10.83,11.07,9.19,9.28,0.0,0.0,2165300.0
04/01/2017,12.23,12.23,10.45,10.83,0.0,0.0,2604200.0
03/01/2017,13.4,13.53,12.13,12.23,0.0,0.0,2998900.0
02/01/2017,11.57,13.81,11.57,13.3,0.0,0.0,3633800.0
01/01/2017,11.58,12.09,11.33,11.5,0.0,0.0,2560900.0
12/01/2016,11.41,12.26,11.18,11.48,0.0,0.0,3017900.0
11/01/2016,10.27,11.88,9.92,11.41,0.0,0.0,3016700.0
10/01/2016,8.57,11.49,8.57,10.27,0.0,0.0,6849200.0
09/01/2016,9.82,9.94,8.37,8.56,0.0,0.0,3644100.0
08/01/2016,10.33,11.3,9.37,9.77,0.0,0.0,5247800.0
07/01/2016,10.07,10.77,9.51,10.34,0.0,0.0,4107800.0
06/01/2016,10.95,11.26,8.87,9.99,0.0,0.0,6044300.0
05/01/2016,11.92,11.94,10.26,10.99,0.0,0.0,4499200.0
04/01/2016,9.16,12.35,8.72,11.92,0.0,0.0,8854800.0
03/01/2016,9.29,9.7,8.51,9.2,0.0,0.0,6294000.0
02/01/2016,10.78,11.7,8.44,9.13,0.0,0.0,11864400.0
01/01/2016,13.16,13.29,9.88,10.88,0.0,0.0,9194600.0
12/01/2015,15.12,15.94,12.98,13.51,0.0,0.0,5508800.0
11/01/2015,17.11,17.47,14.79,15.13,0.0,0.0,5492300.0
10/01/2015,16.69,18.37,15.53,17.03,0.0,0.0,7945300.0
09/01/2015,20.5,20.53,16.1,16.74,0.0,0.0,7542200.0
08/01/2015,19.42,21.48,16.73,20.59,0.0,0.0,9127600.0
07/01/2015,18.5,20.24,17.6,19.42,0.0,0.0,4765100.0
06/01/2015,14.69,19.7,14.57,18.28,0.0,0.0,6834200.0
05/01/2015,13.68,14.95,13.05,14.5,0.0,0.0,3669400.0
04/01/2015,13.7,13.77,12.19,13.67,0.0,0.0,2940000.0
03/01/2015,13.46,14.9,13.1,13.68,0.0,0.0,3682100.0
02/01/2015,11.89,13.88,11.72,13.66,0.0,0.0,4213600.0
01/01/2015,11.41,12.41,11.3,11.89,0.0,0.0,4260700.0
12/01/2014,12.25,12.39,10.39,11.4,0.0,0.0,5943700.0
11/01/2014,12.74,13.27,12.09,12.26,0.0,0.0,5531900.0
10/01/2014,11.94,12.77,10.21,12.74,0.0,0.0,7715800.0
09/01/2014,12.45,14.24,11.97,12.05,0.0,0.0,17845500.0
08/01/2014,10.67,13.38,10.38,12.26,0.0,0.0,5733700.0
07/01/2014,11.4,11.68,10.45,10.65,0.0,0.0,2147600.0
06/01/2014,11.27,12.09,10.84,11.38,0.0,0.0,4371000.0
05/01/2014,8.95,11.43,8.9,11.25,0.0,0.0,7950700.0
04/01/2014,9.96,10.45,7.03,8.95,0.0,0.0,5198600.0
03/01/2014,9.79,10.9,9.72,9.96,0.0,0.0,3134200.0
02/01/2014,8.0,10.24,7.58,9.88,0.0,0.0,3077800.0
01/01/2014,8.69,8.94,7.85,8.0,0.0,0.0,1748100.0
12/01/2013,8.17,9.08,7.76,8.73,0.0,0.0,4689800.0
11/01/2013,11.87,12.65,7.33,8.19,0.0,0.0,4264800.0
10/01/2013,12.01,12.74,10.99,11.88,0.0,0.0,2426100.0
09/01/2013,11.16,13.0,10.2,11.99,0.0,0.0,4703700.0
08/01/2013,7.3,11.68,7.01,11.0,0.0,0.0,5274400.0
07/01/2013,7.43,7.47,7.05,7.25,0.0,0.0,828400.0
06/01/2013,7.22,7.36,6.6,7.36,0.0,0.0,2949400.0
05/01/2013,7.46,8.0,7.13,7.22,0.0,0.0,2364700.0
04/01/2013,7.43,7.62,6.7,7.51,0.0,0.0,2815900.0
03/01/2013,5.66,7.95,5.49,7.4,0.0,0.0,5439200.0
02/01/2013,5.7,6.29,5.21,5.71,0.0,0.0,2276000.0
01/01/2013,5.14,5.82,5.01,5.73,0.0,0.0,3009000.0
12/01/2012,7.93,8.0,3.01,5.11,0.0,0.0,31470300.0
11/01/2012,8.84,9.32,7.65,7.77,0.0,0.0,2089300.0
10/01/2012,9.05,9.39,8.51,8.85,0.0,0.0,1870700.0
09/01/2012,9.59,9.76,8.87,9.05,0.0,0.0,2403700.0
08/01/2012,8.32,10.51,7.93,9.56,0.0,0.0,2770800.0
07/01/2012,8.42,8.69,7.84,8.26,0.0,0.0,1107600.0
06/01/2012,8.6,9.22,7.79,8.37,0.0,0.0,1243100.0
05/01/2012,8.82,10.33,8.24,8.71,0.0,0.0,1632600.0
04/01/2012,9.02,9.28,8.68,8.8,0.0,0.0,1040400.0
03/01/2012,9.89,9.92,8.8,9.04,0.0,0.0,2740100.0
02/01/2012,10.85,11.21,9.51,9.87,0.0,0.0,4297600.0
01/01/2012,7.75,11.15,6.71,10.6,0.0,0.0,6120500.0
12/01/2011,6.56,8.29,6.46,7.67,0.0,0.0,2641100.0
11/01/2011,7.51,8.0,6.59,6.6,0.0,0.0,1913000.0
10/01/2011,7.0,8.59,5.8,7.73,0.0,0.0,1979300.0
09/01/2011,6.53,6.99,5.77,6.5,0.0,0.0,3349900.0
08/01/2011,7.93,7.98,6.04,6.51,0.0,0.0,2118200.0
07/01/2011,8.64,9.0,7.71,7.89,0.0,0.0,1257000.0
06/01/2011,8.19,8.77,7.82,8.68,0.0,0.0,2828200.0
05/01/2011,8.43,8.85,7.29,8.29,0.0,0.0,7389700.0
04/01/2011,8.62,8.92,8.28,8.38,0.0,0.0,4931600.0
03/01/2011,10.2,10.31,8.24,8.6,0.0,0.0,5051600.0
02/01/2011,11.57,11.81,9.55,10.2,0.0,0.0,5008300.0
01/01/2011,12.29,12.31,11.1,11.56,0.0,0.0,5455000.0
12/01/2010,12.23,12.75,11.76,12.26,0.0,0.0,5196800.0
11/01/2010,12.44,12.97,10.35,12.15,0.0,0.0,8936900.0
10/01/2010,11.69,12.4,11.24,12.33,0.0,0.0,4433100.0
09/01/2010,11.58,11.94,10.72,11.56,0.0,0.0,9017900.0
08/01/2010,14.8,15.04,11.24,11.48,0.0,0.0,7336500.0
07/01/2010,13.38,14.83,12.75,14.55,0.0,0.0,6534800.0
06/01/2010,14.25,15.44,13.36,13.41,0.0,0.0,16249100.0
05/01/2010,16.45,16.45,13.14,14.32,0.0,0.0,12303700.0
04/01/2010,18.5,18.5,15.91,16.43,0.0,0.0,13204100.0
03/01/2010,17.78,19.47,17.58,18.39,0.0,0.0,6630500.0
02/01/2010,18.0,18.23,16.5,17.65,0.0,0.0,6685400.0
01/01/2010,19.7,20.22,17.82,17.88,0.0,0.0,4982500.0
12/01/2009,18.81,19.95,18.0,19.4,0.0,0.0,8047000.0
11/01/2009,17.55,20.51,17.25,18.68,0.0,0.0,7421600.0
10/01/2009,20.9,21.77,17.11,17.49,0.0,0.0,5975500.0
09/01/2009,18.91,22.47,18.91,20.96,0.0,0.0,9897000.0
08/01/2009,17.37,19.19,16.26,19.09,0.0,0.0,6268200.0
07/01/2009,13.74,17.2,12.36,16.86,0.0,0.0,8364200.0
06/01/2009,13.11,14.59,12.25,13.59,0.0,0.0,8335200.0
05/01/2009,16.5,16.5,11.93,12.22,0.0,0.0,11372700.0
04/01/2009,15.11,18.01,14.77,16.5,0.0,0.0,6931300.0
03/01/2009,14.24,15.76,11.9,15.21,0.0,0.0,8235000.0
02/01/2009,13.18,15.73,12.85,14.47,0.0,0.0,10432900.0
01/01/2009,13.75,15.32,10.93,13.43,0.0,0.0,6518600.0
12/01/2008,9.83,13.91,8.67,13.7,0.0,0.0,13646600.0
11/01/2008,13.83,14.26,8.21,10.2,0.0,0.0,11336700.0
10/01/2008,22.58,22.93,11.09,14.0,0.0,0.0,11585700.0
09/01/2008,26.83,27.99,18.58,22.33,0.0,0.0,10230700.0
08/01/2008,23.68,27.09,22.77,26.82,0.0,0.0,5230600.0
07/01/2008,26.25,26.25,21.32,23.58,0.0,0.0,7302800.0
06/01/2008,27.83,29.28,24.27,24.3,0.0,0.0,9545300.0
05/01/2008,23.28,29.92,23.22,27.96,0.0,0.0,9130800.0
04/01/2008,22.5,25.15,22.45,23.44,0.0,0.0,8444500.0
03/01/2008,29.18,30.2,22.41,22.55,0.0,0.0,12981100.0
02/01/2008,28.85,29.96,25.5,29.1,0.0,0.0,9993300.0
01/01/2008,29.3,31.6,27.5,28.68,0.0,0.0,10432400.0
12/01/2007,31.14,31.23,27.53,29.36,0.0,0.0,11091600.0
11/01/2007,32.0,33.82,30.04,30.96,0.0,0.0,12598100.0
10/01/2007,27.18,32.9,27.18,32.02,0.0,0.0,11964200.0
09/01/2007,24.55,27.98,22.69,27.17,0.0,0.0,6634100.0
08/01/2007,23.09,25.58,21.25,24.71,0.0,0.0,12557100.0
07/01/2007,24.3,26.9,22.5,22.83,0.0,0.0,10436300.0
06/01/2007,27.02,27.2,23.5,24.15,0.0,0.0,11912700.0
05/01/2007,25.13,27.39,24.36,26.78,0.0,0.0,11324100.0
04/01/2007,24.98,26.53,24.19,25.18,0.0,0.0,6958700.0
03/01/2007,26.21,27.41,24.52,24.88,0.0,0.0,8198300.0
02/01/2007,30.8,31.18,25.85,26.76,0.0,0.0,10301800.0
01/01/2007,29.65,30.1,26.5,27.1,0.0,0.0,7767600.0
12/01/2006,24.07,31.32,23.26,29.56,0.0,0.0,11208700.0
11/01/2006,24.66,25.9,23.51,23.98,0.0,0.0,7278000.0
10/01/2006,22.91,26.36,21.31,24.63,0.0,0.0,6401300.0
09/01/2006,24.51,25.35,22.71,22.86,0.0,0.0,4288500.0
08/01/2006,22.35,25.38,21.0,24.28,0.0,0.0,4086100.0
07/01/2006,27.35,27.8,21.5,22.47,0.0,0.0,5538800.0
06/01/2006,25.26,29.47,23.7,27.35,0.0,0.0,10988800.0
05/01/2006,31.5,32.4,25.29,25.48,0.0,0.0,6184200.0
04/01/2006,28.21,31.56,27.74,31.36,0.0,0.0,3016000.0
03/01/2006,31.26,33.31,28.1,28.3,0.0,0.0,4229100.0
02/01/2006,30.2,33.75,29.51,31.4,0.0,0.0,5016800.0
01/01/2006,28.73,32.94,28.14,30.16,0.0,0.0,4041800.0
12/01/2005,23.29,29.95,23.07,28.85,0.0,0.0,5497400.0
11/01/2005,20.86,24.43,19.8,23.26,0.0,0.0,5199800.0
10/01/2005,22.22,23.0,19.07,20.96,0.0,0.0,4870100.0
09/01/2005,24.92,27.8,20.39,22.42,0.0,0.0,8940200.0
08/01/2005,24.05,29.6,23.15,24.73,0.0,0.0,16685900.0
07/01/2005,16.4,25.1,16.4,24.25,0.0,0.0,3503500.0
06/01/2005,17.1,18.6,15.72,16.4,0.0,0.0,544665.0
05/01/2005,15.3,16.44,14.1,15.9,0.0,0.0,127141.0
04/01/2005,18.48,18.48,13.68,15.3,0.0,0.0,73376.0
03/01/2005,16.8,21.3,16.62,18.3,0.0,0.0,277495.0
02/01/2005,12.72,17.16,12.72,16.8,0.0,0.0,261693.0
01/01/2005,13.5,14.1,10.56,12.66,0.0,0.0,172743.0
12/01/2004,11.76,16.2,10.74,13.5,0.0,0.0,167943.0
11/01/2004,7.92,12.0,6.96,11.52,0.0,0.0,277460.0
10/01/2004,7.62,8.4,5.94,7.8,0.0,0.0,70158.0
09/01/2004,7.92,9.0,7.32,7.32,0.0,0.0,20546.0
08/01/2004,7.62,8.88,7.2,7.5,0.0,0.0,46059.0
07/01/2004,12.0,14.1,6.66,7.8,0.0,0.0,43878.0
06/01/2004,58.2,61.5,9.0,11.52,0.0,0.0,25990.0
05/01/2004,48.6,64.2,46.2,58.2,0.0,0.0,8876.0
04/01/2004,41.4,53.94,41.4,48.6,0.0,0.0,3945.0
03/01/2004,56.4,60.9,39.0,41.7,0.0,0.0,5574.0
02/01/2004,43.2,58.5,42.48,54.0,0.0,0.0,5794.0
01/01/2004,33.3,45.0,31.32,44.1,0.0,0.0,4960.0
12/01/2003,34.5,34.5,30.0,32.4,0.0,0.0,2527.0
11/01/2003,38.1,38.1,24.3,33.6,0.0,0.0,5775.0
10/01/2003,13.8,40.8,13.8,37.8,0.0,0.0,12810.0
09/01/2003,12.96,14.16,12.84,13.32,0.0,0.0,2212.0
08/01/2003,12.06,14.4,12.06,13.5,0.0,0.0,1809.0
07/01/2003,11.58,12.72,11.4,12.3,0.0,0.0,2046.0
06/01/2003,11.88,12.72,10.62,11.34,0.0,0.0,2579.0
05/01/2003,7.8,11.88,7.8,11.7,0.0,0.0,1596.0
04/01/2003,6.42,8.4,6.36,7.86,0.0,0.0,2726.0
03/01/2003,6.9,6.96,5.7,6.72,0.0,0.0,1628.0
02/01/2003,6.42,6.9,6.06,6.9,0.0,0.0,910.0
01/01/2003,6.36,7.8,6.36,6.54,0.0,0.0,1147.0
12/01/2002,6.6,6.9,6.06,6.6,0.0,0.0,1597.0
11/01/2002,6.6,7.8,6.06,6.6,0.0,0.0,996.0
10/01/2002,6.6,7.8,6.36,6.36,0.0,0.0,861.0
09/01/2002,6.72,7.2,5.4,6.06,0.0,0.0,2327.0
08/01/2002,6.6,6.9,6.42,6.9,0.0,0.0,415.0
07/01/2002,6.78,7.2,6.3,6.78,0.0,0.0,2692.0
06/01/2002,7.26,8.1,6.78,6.78,0.0,0.0,1846.0
05/01/2002,6.9,8.1,6.9,7.26,0.0,0.0,2327.0
04/01/2002,7.08,7.5,5.7,6.9,0.0,0.0,2478.0
03/01/2002,4.5,7.5,4.5,6.3,0.0,0.0,3127.0
02/01/2002,7.86,8.7,4.5,4.8,0.0,0.0,5811.0
01/01/2002,5.4,8.7,4.8,8.1,0.0,0.0,1747.0
12/01/2001,5.1,6.06,4.8,5.4,0.0,0.0,1629.0
11/01/2001,5.94,6.6,4.5,4.8,0.0,0.0,1244.0
10/01/2001,6.06,6.06,4.2,4.2,0.0,0.0,978.0
09/01/2001,7.8,8.4,5.4,5.4,0.0,0.0,1030.0
08/01/2001,11.4,11.4,7.8,8.1,0.0,0.0,2014.0
07/01/2001,8.4,12.0,8.4,10.5,0.0,0.0,2425.0
06/01/2001,7.8,9.3,7.02,8.4,0.0,0.0,1614.0
05/01/2001,7.38,8.1,6.9,7.2,0.0,0.0,1362.0
04/01/2001,9.0,10.14,6.9,7.5,0.0,0.0,2081.0
03/01/2001,12.0,12.36,9.0,9.0,0.0,0.0,1592.0
02/01/2001,13.5,17.64,12.0,12.0,0.0,0.0,1346.0
01/01/2001,18.0,21.0,13.5,13.5,0.0,0.0,3910.0
12/01/2000,19.5,27.96,12.0,15.0,0.0,0.0,3811.0
11/01/2000,26.28,26.28,21.0,21.0,0.0,0.0,1562.0
10/01/2000,24.78,29.28,21.78,26.04,0.0,0.0,3158.0
09/01/2000,30.0,31.5,24.0,27.0,0.0,0.0,25743.0
08/01/2000,22.5,33.0,22.5,30.0,0.0,0.0,2658.0
07/01/2000,22.8,27.0,21.0,22.5,0.0,0.0,745.0
