12/01/2022,14.54,16.92,13.9621,15.5,0.0,0.0,2075300.0
11/01/2022,13.75,18.15,12.04,14.67,0.0,0.0,2643900.0
10/01/2022,13.37,14.94,11.78,13.12,0.0,0.0,2649000.0
09/01/2022,17.26,17.4,12.85,13.21,0.0,0.0,3745900.0
08/01/2022,17.38,20.53,15.35,17.71,0.0,0.0,4335000.0
07/01/2022,20.11,21.1,16.41,17.4,0.0,0.0,4005200.0
06/01/2022,18.46,21.98,16.18,20.23,0.0,0.0,5867300.0
05/01/2022,17.97,19.3699,15.06,18.36,0.0,0.0,10175400.0
04/01/2022,24.86,25.86,17.05,17.97,0.0,0.0,3958500.0
03/01/2022,28.29,28.5949,18.72,23.53,0.0,0.0,5237700.0
02/01/2022,31.41,32.53,28.03,28.36,0.0,0.0,2570400.0
01/01/2022,30.45,33.57,27.475,31.39,0.0,0.0,3148300.0
12/01/2021,36.98,37.88,28.58,30.69,0.0,0.0,2690600.0
11/01/2021,42.76,47.92,36.16,36.43,0.0,0.0,2585400.0
10/01/2021,36.89,43.37,34.06,42.51,0.0,0.0,2269100.0
09/01/2021,38.8,42.79,34.15,37.13,0.0,0.0,3374400.0
08/01/2021,39.18,42.4,33.77,38.98,0.0,0.0,2974500.0
07/01/2021,47.22,47.37,34.0,38.6,0.0,0.0,4200400.0
06/01/2021,45.59,49.88,43.48,47.2,0.0,0.0,2685200.0
05/01/2021,44.0,46.23,40.39,45.58,0.0,0.0,2551900.0
04/01/2021,44.5,45.33,40.34,44.05,0.0,0.0,2603200.0
03/01/2021,45.77,47.84,41.6,44.4,0.0,0.0,5274600.0
02/01/2021,48.0,52.77,44.6,44.7,0.0,0.0,4248300.0
01/01/2021,48.0,51.72,45.7505,47.6,0.0,0.0,5402600.0
12/01/2020,32.8,48.388,30.93,47.81,0.0,0.0,5765700.0
11/01/2020,26.72,33.68,25.29,29.6,0.0,0.0,3477800.0
10/01/2020,26.26,29.75,26.105,26.33,0.0,0.0,2953100.0
09/01/2020,28.14,29.1,24.77,26.07,0.0,0.0,5388400.0
08/01/2020,30.73,31.9,26.9,28.0,0.0,0.0,6983200.0
07/01/2020,25.5,36.37,24.67,30.47,0.0,0.0,10328000.0
06/01/2020,26.62,28.96,24.43,25.47,0.0,0.0,8320500.0
05/01/2020,27.16,29.76,24.69,26.53,0.0,0.0,4481200.0
04/01/2020,25.11,29.0,22.0,27.76,0.0,0.0,7674900.0
03/01/2020,28.46,29.45,20.42,25.86,0.0,0.0,13000800.0
02/01/2020,33.9,37.65,27.8,28.38,0.0,0.0,5977900.0
01/01/2020,35.79,40.18,32.78,33.93,0.0,0.0,4832400.0
12/01/2019,29.36,36.39,27.96,35.37,0.0,0.0,4875500.0
11/01/2019,30.74,33.505,27.38,29.14,0.0,0.0,5894700.0
10/01/2019,29.2,31.9,26.48,30.29,0.0,0.0,7224400.0
09/01/2019,30.0,32.54,28.71,29.2,0.0,0.0,9282000.0
08/01/2019,32.59,32.7,28.17,30.0,0.0,0.0,8018200.0
07/01/2019,43.68,45.28,30.32,32.34,0.0,0.0,15977400.0
06/01/2019,38.34,42.82,37.475,42.55,0.0,0.0,6443600.0
05/01/2019,54.8,54.955,37.96,38.25,0.0,0.0,10052300.0
04/01/2019,49.14,57.63,48.06,54.34,0.0,0.0,5921400.0
03/01/2019,58.31,60.14,44.6,48.46,0.0,0.0,7239700.0
02/01/2019,46.98,59.81,45.91,57.75,0.0,0.0,5130600.0
01/01/2019,42.4,48.97,41.21,47.0,0.0,0.0,5518000.0
12/01/2018,50.99,51.23,40.52,43.32,0.0,0.0,4856700.0
11/01/2018,38.0,49.24,37.18,48.68,0.0,0.0,6865600.0
10/01/2018,42.55,43.7,34.2,37.71,0.0,0.0,7272900.0
09/01/2018,46.7,47.07,37.7,42.14,0.0,0.0,6627600.0
08/01/2018,51.1,51.74,38.66,47.04,0.0,0.0,8631800.0
07/01/2018,51.72,54.06,45.63,51.06,0.0,0.0,10423900.0
06/01/2018,59.97,65.81,51.16,52.15,0.0,0.0,10953100.0
05/01/2018,51.46,69.56,51.09,59.88,0.0,0.0,14099700.0
04/01/2018,46.96,52.92,46.11,51.67,0.0,0.0,6966200.0
03/01/2018,46.63,51.39,40.88,47.21,0.0,0.0,6871200.0
02/01/2018,49.27,50.53,40.37,46.44,0.0,0.0,4022400.0
01/01/2018,46.98,55.5,44.86,49.41,0.0,0.0,4740700.0
12/01/2017,39.79,47.125,39.55,46.28,0.0,0.0,6324900.0
11/01/2017,39.59,48.3,38.33,40.4,0.0,0.0,6015200.0
10/01/2017,32.65,40.98,32.4,39.22,0.0,0.0,6796400.0
09/01/2017,29.15,32.16,26.53,32.11,0.0,0.0,5071300.0
08/01/2017,32.12,32.68,28.85,29.29,0.0,0.0,4506800.0
07/01/2017,28.7,33.05,27.76,31.98,0.0,0.0,5182300.0
06/01/2017,27.42,28.75,25.98,28.65,0.0,0.0,4515900.0
05/01/2017,25.24,28.88,24.63,27.42,0.0,0.0,3571700.0
04/01/2017,25.69,27.27,25.0,25.22,0.0,0.0,2771000.0
03/01/2017,26.34,29.73,25.31,25.38,0.0,0.0,6579900.0
02/01/2017,23.15,26.3,22.94,26.19,0.0,0.0,2253700.0
01/01/2017,22.01,23.8,21.64,23.15,0.0,0.0,2127200.0
12/01/2016,24.72,24.72,21.33,21.93,0.0,0.0,4075400.0
11/01/2016,23.71,25.45,22.2,24.59,0.0,0.0,3200300.0
10/01/2016,26.1,27.43,23.41,23.56,0.0,0.0,2328700.0
09/01/2016,26.56,27.4,25.29,26.11,0.0,0.0,2566800.0
08/01/2016,25.8,29.35,25.35,26.3,0.0,0.0,4031000.0
07/01/2016,23.82,26.17,23.51,25.65,0.0,0.0,3444000.0
06/01/2016,24.89,26.04,22.5,24.11,0.0,0.0,6782400.0
05/01/2016,24.62,26.73,21.9,25.34,0.0,0.0,7915600.0
04/01/2016,24.42,27.0,23.08,24.58,0.0,0.0,6339700.0
03/01/2016,24.04,28.49,22.55,24.88,0.0,0.0,9800300.0
02/01/2016,25.62,26.73,20.3,23.7,0.0,0.0,6766800.0
01/01/2016,26.5,27.8,22.85,25.61,0.0,0.0,9532000.0
12/01/2015,32.9,32.9,27.55,27.93,0.0,0.0,8098400.0
11/01/2015,28.0,33.55,26.94,32.92,0.0,0.0,8452700.0
10/01/2015,23.6,28.91,22.11,28.02,0.0,0.0,7830900.0
09/01/2015,19.53,23.98,18.66,23.49,0.0,0.0,6884900.0
08/01/2015,23.31,26.2,19.33,20.09,0.0,0.0,12758000.0
07/01/2015,30.06,30.06,20.0,22.85,0.0,0.0,19100500.0
06/01/2015,32.01,36.33,26.9,30.23,0.0,0.0,11762500.0
05/01/2015,33.89,37.96,30.96,31.7,0.0,0.0,14234100.0
04/01/2015,23.45,35.48,23.37,33.89,0.0,0.0,17946400.0
03/01/2015,23.23,24.2,19.01,23.38,0.0,0.0,11360500.0
02/01/2015,18.58,23.29,18.12,23.06,0.0,0.0,7084800.0
01/01/2015,21.12,22.23,16.9,18.67,0.0,0.0,11335500.0
12/01/2014,19.38,25.6,18.05,20.9,0.0,0.0,22742700.0
11/01/2014,16.35,19.9,15.85,19.33,0.0,0.0,8238100.0
10/01/2014,13.33,16.65,12.89,16.4,0.0,0.0,6551100.0
09/01/2014,15.4,15.98,13.32,13.42,0.0,0.0,5689700.0
08/01/2014,16.08,17.7,13.72,15.27,0.0,0.0,12195800.0
07/01/2014,14.18,16.94,13.55,16.06,0.0,0.0,6436700.0
06/01/2014,13.59,14.81,12.8,14.14,0.0,0.0,4714500.0
05/01/2014,13.38,14.62,12.35,13.66,0.0,0.0,4837500.0
04/01/2014,14.45,14.82,12.57,13.46,0.0,0.0,4769200.0
03/01/2014,16.75,17.86,13.6,14.42,0.0,0.0,9627000.0
02/01/2014,13.48,18.44,12.73,16.89,0.0,0.0,10116000.0
01/01/2014,17.97,18.24,13.0,13.52,0.0,0.0,12889700.0
12/01/2013,20.05,21.04,16.22,18.0,0.0,0.0,9407000.0
11/01/2013,19.49,25.51,18.4,20.09,0.0,0.0,16295500.0
10/01/2013,16.95,22.99,16.0,19.29,0.0,0.0,22616100.0
09/01/2013,12.47,17.7,12.15,17.05,0.0,0.0,9287100.0
08/01/2013,11.67,18.68,11.55,12.2,0.0,0.0,17915900.0
07/01/2013,9.1,11.7,8.82,11.46,0.0,0.0,3521800.0
06/01/2013,12.17,12.98,7.84,8.87,0.0,0.0,4560200.0
05/01/2013,7.62,14.64,7.36,12.34,0.0,0.0,4502700.0
04/01/2013,7.3,7.75,6.99,7.63,0.0,0.0,629900.0
03/01/2013,7.94,8.39,6.41,7.27,0.0,0.0,1715000.0
02/01/2013,6.11,8.98,6.02,8.04,0.0,0.0,1417600.0
01/01/2013,5.83,6.92,5.64,6.35,0.0,0.0,2501400.0
12/01/2012,5.2,5.83,4.9,5.83,0.0,0.0,793600.0
11/01/2012,4.96,5.96,4.72,5.3,0.0,0.0,668400.0
10/01/2012,4.34,5.1,4.3,5.0,0.0,0.0,728100.0
09/01/2012,4.94,5.07,4.25,4.32,0.0,0.0,706400.0
08/01/2012,4.99,5.3,4.6,4.95,0.0,0.0,425200.0
07/01/2012,5.0,5.35,4.1,5.03,0.0,0.0,1378000.0
06/01/2012,4.9,5.45,4.67,4.92,0.0,0.0,2292600.0
05/01/2012,7.09,7.22,4.63,5.01,0.0,0.0,2159300.0
04/01/2012,8.02,8.8,6.86,7.13,0.0,0.0,1152100.0
03/01/2012,8.1,8.84,7.27,7.98,0.0,0.0,2778600.0
02/01/2012,6.45,8.87,6.11,8.01,0.0,0.0,4844700.0
01/01/2012,6.2,6.98,5.75,6.42,0.0,0.0,3529200.0
12/01/2011,8.27,8.74,5.73,6.15,0.0,0.0,2733200.0
11/01/2011,8.63,9.09,6.56,8.38,0.0,0.0,2040700.0
10/01/2011,8.82,9.5,7.33,8.72,0.0,0.0,2519300.0
09/01/2011,12.5,13.74,7.96,9.2,0.0,0.0,2226000.0
08/01/2011,13.45,13.77,10.07,12.33,0.0,0.0,2688200.0
07/01/2011,11.36,14.68,11.36,13.22,0.0,0.0,4401100.0
06/01/2011,12.84,12.95,9.67,11.24,0.0,0.0,6490900.0
05/01/2011,17.71,17.95,12.02,12.84,0.0,0.0,2701000.0
04/01/2011,14.67,18.45,14.66,17.92,0.0,0.0,1785600.0
03/01/2011,12.82,16.05,12.77,14.63,0.0,0.0,4208600.0
02/01/2011,15.85,16.99,12.67,12.96,0.0,0.0,2606200.0
01/01/2011,19.85,20.0,15.56,16.13,0.0,0.0,2137800.0
12/01/2010,16.46,20.58,16.46,19.55,0.0,0.0,5129100.0
