12/01/2022,12.32,13.92,12.14,13.41,0.0,0.0,3928300.0
11/01/2022,14.85,15.18,11.75,12.31,0.0,0.0,3643101.0
10/01/2022,13.32,14.96,12.65,14.69,0.0,0.0,3555200.0
09/01/2022,14.94,15.8,12.7125,13.29,0.0,0.0,4284810.0
08/01/2022,19.35,20.325,14.73,14.81,0.0,0.0,3588802.0
07/01/2022,19.06,20.54,18.47,19.57,0.0,0.0,1630500.0
06/01/2022,19.27,20.33,17.68,19.13,0.0,0.0,1839102.0
05/01/2022,17.87,20.08,17.28,19.21,0.0,0.0,2010201.0
04/01/2022,19.97,20.68,17.85,17.99,0.0,0.0,1764500.0
03/01/2022,21.38,21.43,19.1501,19.95,0.0,0.0,1942000.0
02/01/2022,19.33,22.1582,18.24,21.3,0.0,0.0,2301100.0
01/01/2022,20.49,21.54,18.26,19.3,0.0,0.0,1704200.0
12/01/2021,19.98,22.52,18.6279,20.42,0.0,0.0,1904505.0
11/01/2021,22.08,22.96,19.52,19.59,0.0,0.0,1388801.0
10/01/2021,21.66,22.87,20.89,21.94,0.0,0.0,1576800.0
09/01/2021,24.04,26.55,20.15,21.54,0.0,0.0,2518810.0
08/01/2021,23.87,25.75,21.95,24.29,0.0,0.0,3112200.0
07/01/2021,28.86,31.0,23.64,23.67,0.0,0.0,2446000.0
06/01/2021,28.11,30.56,27.39,28.88,0.0,0.0,2848800.0
05/01/2021,24.58,29.27,24.58,28.19,0.0,0.0,3117400.0
04/01/2021,24.58,25.57,23.4096,24.52,0.0,0.0,1893400.0
03/01/2021,21.73,25.56,21.5401,24.4,0.0,0.0,3669500.0
02/01/2021,20.77,23.63,20.64,21.57,0.0,0.0,3312600.0
01/01/2021,19.61,21.72,19.18,20.74,0.0,0.0,2298200.0
12/01/2020,19.11,19.67,17.7,19.42,0.0,0.0,3440100.0
11/01/2020,16.7,20.34,16.3689,18.89,0.0,0.0,3566700.0
10/01/2020,17.45,18.966,16.27,16.44,0.0,0.0,2584200.0
09/01/2020,21.25,21.25,17.19,17.4,0.0,0.0,2856200.0
08/01/2020,23.31,24.1925,18.88,21.46,0.0,0.0,3417400.0
07/01/2020,26.34,27.0,22.59,23.195,0.0,0.0,2004600.0
06/01/2020,26.23,28.22,24.61,26.27,0.0,0.0,2769600.0
05/01/2020,26.24,27.61,20.7,26.2,0.0,0.0,3578300.0
04/01/2020,23.47,28.51,21.36,26.71,0.0,0.0,4013000.0
03/01/2020,25.38,28.32,16.87,24.17,0.0,0.0,4970700.0
02/01/2020,23.81,29.38,23.3,25.25,0.0,0.0,3659500.0
01/01/2020,24.85,26.44,23.62,23.72,0.0,0.0,2350700.0
12/01/2019,24.22,25.07,23.6,24.83,0.0,0.0,3622500.0
11/01/2019,24.01,24.93,21.75,24.26,0.0,0.0,3473300.0
10/01/2019,21.52,24.0,20.42,23.96,0.0,0.0,3931800.0
09/01/2019,20.2,23.0,20.0,21.33,0.0,0.0,5855300.0
08/01/2019,31.24,33.97,20.0901,20.65,0.0,0.0,5828800.0
07/01/2019,32.12,32.68,28.05,31.13,0.0,0.0,3383000.0
06/01/2019,29.46,32.28,27.315,31.77,0.0,0.0,3201800.0
05/01/2019,34.75,36.9786,28.26,29.58,0.0,0.0,5734300.0
04/01/2019,33.11,34.82,32.55,34.71,0.0,0.0,2844600.0
03/01/2019,29.39,33.25,28.285,33.0,0.0,0.0,3379700.0
02/01/2019,31.35,33.86,28.76,29.3,0.0,0.0,2934000.0
01/01/2019,31.85,34.41,31.0,31.22,0.0,0.0,2370500.0
12/01/2018,34.29,34.69,30.79,32.16,0.0,0.0,2663000.0
11/01/2018,42.98,43.75,32.31,33.9,0.0,0.0,2772500.0
10/01/2018,43.03,44.99,41.54,42.92,0.0,0.0,2393800.0
09/01/2018,46.85,47.85,41.7,42.9,0.0,0.0,3021600.0
08/01/2018,47.95,54.62,41.33,47.2,0.0,0.0,3408200.0
07/01/2018,46.0,48.7,45.65,47.9,0.0,0.0,1771400.0
06/01/2018,45.35,48.4,44.825,46.05,0.0,0.0,2621700.0
05/01/2018,42.2,46.05,41.0,45.2,0.0,0.0,2037600.0
04/01/2018,39.7,44.55,38.45,42.3,0.0,0.0,1898100.0
03/01/2018,38.3,41.05,37.1,39.7,0.0,0.0,2580200.0
02/01/2018,33.9,39.25,32.05,38.45,0.0,0.0,2278900.0
01/01/2018,33.75,36.75,33.6,34.05,0.0,0.0,1510400.0
12/01/2017,34.55,35.95,32.35,33.5,0.0,0.0,2540700.0
11/01/2017,37.75,38.8,33.575,34.7,0.0,0.0,1951500.0
10/01/2017,37.05,38.0,35.95,37.65,0.0,0.0,1873500.0
09/01/2017,35.3,37.175,34.575,37.05,0.0,0.0,2818900.0
08/01/2017,38.4,40.25,35.35,35.5,0.0,0.0,3150200.0
07/01/2017,37.0,39.1,35.8,38.2,0.0,0.0,3324400.0
06/01/2017,35.3,38.85,34.05,37.05,0.0,0.0,3421600.0
05/01/2017,29.9,35.25,29.3,35.25,0.0,0.0,3072000.0
04/01/2017,28.15,30.15,26.7,29.75,0.0,0.0,1239400.0
03/01/2017,28.2,28.8,26.8,28.1,0.0,0.0,1729500.0
02/01/2017,26.9,30.85,26.6,27.85,0.0,0.0,2530300.0
01/01/2017,29.6,30.1,26.1,26.7,0.0,0.0,1645000.0
12/01/2016,27.45,30.17,26.65,29.3,0.0,0.0,2745800.0
11/01/2016,25.95,30.75,24.85,27.45,0.0,0.0,2521900.0
10/01/2016,26.97,27.79,24.83,25.95,0.0,0.0,1904400.0
09/01/2016,24.24,28.04,23.91,27.18,0.0,0.0,2994900.0
08/01/2016,20.58,25.2,19.02,24.27,0.0,0.0,2983600.0
07/01/2016,18.79,21.37,18.68,20.63,0.0,0.0,2197600.0
06/01/2016,18.94,20.46,17.96,18.66,0.0,0.0,4444500.0
05/01/2016,20.83,21.22,16.8,18.99,0.0,0.0,4969900.0
04/01/2016,26.78,27.99,20.3,20.74,0.0,0.0,4921300.0
03/01/2016,28.12,28.12,23.21,27.04,0.0,0.0,4190800.0
02/01/2016,33.48,35.69,27.1,27.66,0.0,0.0,3970500.0
01/01/2016,29.7,33.62,25.77,33.55,0.0,0.0,3884100.0
12/01/2015,32.69,33.35,29.9,30.13,0.0,0.0,3682800.0
11/01/2015,33.43,34.65,30.68,32.47,0.0,0.0,5507300.0
10/01/2015,31.51,34.1,29.75,33.36,0.0,0.0,2870800.0
09/01/2015,34.8,37.27,30.11,31.63,0.0,0.0,4663300.0
08/01/2015,38.96,40.4,32.97,35.3,0.0,0.0,2679400.0
07/01/2015,39.76,40.54,35.77,39.28,0.0,0.0,2603700.0
06/01/2015,34.71,39.05,31.79,38.94,0.0,0.0,4098300.0
05/01/2015,32.13,39.14,31.7,34.63,0.0,0.0,2614800.0
04/01/2015,35.33,36.05,31.29,31.76,0.0,0.0,3777500.0
03/01/2015,36.12,37.56,33.82,35.41,0.0,0.0,5682600.0
02/01/2015,27.51,37.56,26.95,36.27,0.0,0.0,4250400.0
01/01/2015,31.2,31.77,27.2,27.33,0.0,0.0,3161700.0
12/01/2014,30.28,33.89,27.77,31.55,0.0,0.0,4120000.0
11/01/2014,25.88,32.5,25.03,30.56,0.0,0.0,3157600.0
10/01/2014,22.35,26.88,21.01,25.92,0.0,0.0,2726000.0
09/01/2014,19.16,23.12,18.58,22.41,0.0,0.0,1868100.0
08/01/2014,19.01,19.66,17.82,19.14,0.0,0.0,1309600.0
07/01/2014,21.97,23.0,18.76,18.96,0.0,0.0,2901000.0
06/01/2014,19.12,23.74,18.89,21.95,0.0,0.0,7193200.0
05/01/2014,17.25,19.68,16.54,19.03,0.0,0.0,2305700.0
