12/01/2022,12.38,14.92,11.59,12.71,0.0,0.0,135079000.0
11/01/2022,13.07,14.045,10.3961,12.47,0.0,0.0,134718700.0
10/01/2022,12.75,14.03,11.09,12.65,0.0,0.0,125297200.0
09/01/2022,16.09,16.92,12.12,12.61,0.0,0.0,231366400.0
08/01/2022,18.02,22.19,16.28,16.45,0.0,0.0,98567600.0
07/01/2022,18.14,21.64,17.165,18.33,0.0,0.0,85990700.0
06/01/2022,17.17,22.3,16.25,18.19,0.0,0.0,192560100.0
05/01/2022,18.0,19.19,13.66,17.07,0.0,0.0,146659000.0
04/01/2022,21.52,23.28,17.61,17.83,0.0,0.0,176719100.0
03/01/2022,35.0,35.64,20.5301,21.59,0.0,0.0,174947971.0
02/01/2022,37.29,39.0,28.8001,34.71,0.0,0.0,83281200.0
01/01/2022,43.81,44.13,31.47,36.53,0.0,0.0,89903300.0
12/01/2021,48.39,48.93,39.3,43.13,0.0,0.0,120271200.0
11/01/2021,50.17,59.57,46.66,48.25,0.0,0.0,89715600.0
10/01/2021,52.75,55.37,47.2,50.25,0.0,0.0,83010800.0
09/01/2021,63.5,65.0,51.01,52.61,0.0,0.0,203504600.0
08/01/2021,61.98,66.07,58.53,63.2,0.0,0.0,48187400.0
07/01/2021,67.99,69.6,57.01,62.56,0.0,0.0,54266200.0
06/01/2021,80.73,83.1091,66.0,67.93,0.0,0.0,85319900.0
05/01/2021,72.33,90.0,61.5,79.82,0.0,0.0,46729700.0
