12/01/2022,4.59,4.59,4.0,4.3,0.0,0.0,1247400.0
11/01/2022,4.66,4.95,4.28,4.54,0.0,0.0,756300.0
10/01/2022,4.76,4.9595,4.28,4.65,0.0,0.0,324700.0
09/01/2022,5.315,5.315,4.2,4.72,0.0,0.0,484605.0
08/01/2022,4.66,5.68,4.52,5.5,0.0,0.0,744500.0
07/01/2022,4.08,4.65,3.99,4.61,0.0,0.0,381900.0
06/01/2022,4.2,4.49,3.9,4.09,0.0,0.0,462400.0
05/01/2022,4.28,4.4272,3.96,4.22,0.0,0.0,723200.0
04/01/2022,4.67,4.74,4.16,4.26,0.0,0.0,707500.0
03/01/2022,4.87,4.94,4.41,4.64,0.0,0.0,792200.0
02/01/2022,5.19,5.34,4.69,4.87,0.0,0.0,1056600.0
01/01/2022,5.67,5.79,4.96,5.26,0.0,0.0,761700.0
12/01/2021,5.73,5.94,5.33,5.67,0.0,0.0,1625300.0
11/01/2021,5.75,6.11,5.58,5.67,0.0,0.0,984915.0
10/01/2021,6.13,6.19,5.61,5.76,0.0,0.0,798800.0
09/01/2021,6.67,6.8,5.7,6.22,0.0,0.0,1469220.0
08/01/2021,6.64,7.13,6.28,6.63,0.0,0.0,1540500.0
07/01/2021,6.55,6.7,6.19,6.65,0.0,0.0,1761200.0
06/01/2021,6.64,7.15,6.4,6.55,0.0,0.0,4894400.0
05/01/2021,6.98,7.0,6.36,6.59,0.0,0.0,2047500.0
04/01/2021,7.05,7.155,6.44,6.68,0.0,0.0,2112000.0
03/01/2021,7.6,8.07,6.65,6.95,0.0,0.0,2999600.0
02/01/2021,7.59,8.66,7.0,7.56,0.0,0.0,4250700.0
01/01/2021,6.63,11.05,6.43,7.36,0.0,0.0,11234900.0
12/01/2020,6.4,7.28,6.35,6.57,0.0,0.0,1735400.0
11/01/2020,5.12,6.69,4.8599,6.29,0.0,0.0,2356000.0
10/01/2020,5.7,6.03,5.05,5.1,0.0,0.0,2040500.0
09/01/2020,6.36,6.45,5.51,5.66,0.0,0.0,1798600.0
08/01/2020,6.66,7.12,6.0501,6.34,0.0,0.0,2106700.0
07/01/2020,6.68,7.14,5.98,6.55,0.0,0.0,3244000.0
06/01/2020,6.6,7.4481,5.99,6.68,0.0,0.0,5186600.0
05/01/2020,6.71,6.93,5.79,6.54,0.0,0.0,2120300.0
04/01/2020,6.51,7.56,5.12,6.83,0.0,0.0,2216700.0
03/01/2020,6.98,7.43,3.95,6.65,0.0,0.0,3552300.0
02/01/2020,8.08,9.005,6.86,7.02,0.0,0.0,1603200.0
01/01/2020,8.54,9.65,8.05,8.05,0.0,0.0,2195400.0
12/01/2019,8.65,9.15,8.19,8.47,0.0,0.0,1806700.0
11/01/2019,7.25,9.4,6.7,8.62,0.0,0.0,3149700.0
10/01/2019,8.39,8.83,7.03,7.15,0.0,0.0,3426000.0
09/01/2019,6.82,8.45,6.764,8.4,0.0,0.0,4910000.0
08/01/2019,4.61,7.0,4.36,6.82,0.0,0.0,3539400.0
07/01/2019,4.53,5.3488,4.45,4.62,0.0,0.0,1104100.0
06/01/2019,4.9,5.14,4.42,4.43,0.0,0.0,1304400.0
05/01/2019,4.73,5.6638,4.64,4.9,0.0,0.0,1263600.0
04/01/2019,5.11,5.25,4.6,4.68,0.0,0.0,694600.0
03/01/2019,5.11,6.0,4.7,5.01,0.0,0.0,1311400.0
02/01/2019,5.35,5.53,4.82,5.11,0.0,0.0,465400.0
01/01/2019,4.28,5.39,4.28,5.38,0.0,0.0,724000.0
12/01/2018,4.28,4.39,3.88,4.29,0.0,0.0,2794200.0
11/01/2018,4.43,4.91,3.99,4.19,0.0,0.0,703200.0
10/01/2018,4.66,5.157,4.42,4.42,0.0,0.0,1830900.0
09/01/2018,4.31,4.75,4.31,4.65,0.0,0.0,684700.0
08/01/2018,6.26,6.26,4.01,4.34,0.0,0.0,1997000.0
07/01/2018,6.19,6.33,6.02,6.19,0.0,0.0,477000.0
06/01/2018,6.7,6.94,5.99,6.24,0.0,0.0,472300.0
05/01/2018,7.41,7.5,6.62,6.66,0.0,0.0,942100.0
04/01/2018,7.21,7.6,6.87,7.15,0.0,0.0,622400.0
03/01/2018,6.95,7.42,6.63,7.18,0.0,0.0,553800.0
02/01/2018,7.11,7.41,6.83,7.01,0.0,0.0,495400.0
01/01/2018,7.34,7.85,7.15,7.16,0.0,0.0,684300.0
12/01/2017,7.18,7.83,7.07,7.37,0.0,0.0,585100.0
11/01/2017,6.67,7.75,6.63,7.34,0.0,0.0,960800.0
10/01/2017,6.35,6.84,6.25,6.65,0.0,0.0,739200.0
09/01/2017,6.48,6.48,5.88,6.3,0.0,0.0,867300.0
08/01/2017,7.1,7.36,5.65,6.48,0.0,0.0,1124800.0
07/01/2017,7.1,7.51,6.87,7.11,0.0,0.0,615500.0
06/01/2017,6.45,7.2,6.35,7.08,0.0,0.0,1120200.0
05/01/2017,7.75,8.48,6.12,6.42,0.0,0.0,4457200.0
04/01/2017,7.19,8.17,6.77,7.74,0.0,0.0,4199900.0
03/01/2017,5.6,7.2,5.36,7.12,0.0,0.0,2173200.0
02/01/2017,5.89,5.94,5.46,5.6,0.0,0.0,782500.0
01/01/2017,5.47,6.22,5.11,5.81,0.0,0.0,900700.0
12/01/2016,4.99,5.5,4.9,5.38,0.0,0.0,1188000.0
11/01/2016,5.16,5.33,4.86,4.97,0.0,0.0,383600.0
10/01/2016,5.34,5.68,5.06,5.08,0.0,0.0,448900.0
09/01/2016,4.99,5.49,4.88,5.29,0.0,0.0,374300.0
08/01/2016,5.08,5.62,4.8,5.05,0.0,0.0,226900.0
07/01/2016,4.74,5.21,4.62,5.07,0.0,0.0,715600.0
06/01/2016,4.41,4.79,4.4,4.71,0.0,0.0,423100.0
05/01/2016,4.45,4.84,4.36,4.51,0.0,0.0,354400.0
04/01/2016,4.76,4.95,4.43,4.48,0.0,0.0,323500.0
03/01/2016,5.6,6.0,4.57,4.78,0.0,0.0,854800.0
02/01/2016,4.74,5.74,4.66,5.6,0.0,0.0,836600.0
01/01/2016,4.49,4.94,4.38,4.79,0.0,0.0,811000.0
12/01/2015,5.31,5.47,4.37,4.55,0.0,0.0,1247600.0
11/01/2015,5.68,5.89,4.63,5.33,0.0,0.0,452700.0
10/01/2015,6.01,6.15,5.19,5.72,0.0,0.0,597300.0
09/01/2015,5.39,6.24,5.35,6.01,0.0,0.0,1101800.0
08/01/2015,6.64,7.19,5.22,5.47,0.0,0.0,1908400.0
07/01/2015,7.19,7.37,6.45,7.05,0.0,0.0,879800.0
06/01/2015,7.45,7.57,7.11,7.18,0.0,0.0,631400.0
05/01/2015,7.89,8.25,7.11,7.4,0.0,0.0,961700.0
04/01/2015,7.99,8.07,6.87,7.9,0.0,0.0,1209400.0
03/01/2015,8.1,8.94,7.87,8.0,0.0,0.0,1447400.0
02/01/2015,8.35,8.49,7.97,8.1,0.0,0.0,480200.0
01/01/2015,8.6,8.72,8.07,8.39,0.0,0.0,367600.0
12/01/2014,8.19,8.72,8.15,8.66,0.0,0.0,301300.0
11/01/2014,7.7,8.43,7.65,8.23,0.0,0.0,771800.0
10/01/2014,7.53,7.84,7.09,7.7,0.0,0.0,456900.0
09/01/2014,7.98,8.2,7.47,7.59,0.0,0.0,565600.0
08/01/2014,7.52,7.98,7.1,7.82,0.0,0.0,778600.0
07/01/2014,8.15,8.51,7.41,7.54,0.0,0.0,2144900.0
06/01/2014,7.05,8.17,7.01,8.09,0.0,0.0,5965100.0
05/01/2014,8.21,8.3,6.95,7.0,0.0,0.0,3912800.0
04/01/2014,8.79,8.97,7.91,8.25,0.0,0.0,1130300.0
03/01/2014,8.68,9.3,8.18,8.73,0.0,0.0,695100.0
02/01/2014,8.23,8.86,7.88,8.7,0.0,0.0,559300.0
01/01/2014,9.52,9.58,7.94,8.21,0.0,0.0,1057700.0
12/01/2013,9.93,10.12,9.25,9.57,0.0,0.0,795200.0
11/01/2013,9.26,10.0,9.2,9.92,0.0,0.0,838300.0
10/01/2013,8.85,9.39,8.27,9.21,0.0,0.0,1000500.0
09/01/2013,8.45,9.07,8.24,8.85,0.0,0.0,802400.0
08/01/2013,9.7,9.72,8.1,8.12,0.0,0.0,1564900.0
07/01/2013,8.44,10.0,8.15,9.65,0.0,0.0,2773200.0
06/01/2013,7.37,8.5,7.32,8.48,0.0,0.0,1454900.0
05/01/2013,6.67,7.55,5.96,7.33,0.0,0.0,916500.0
04/01/2013,7.1,7.28,6.17,6.67,0.0,0.0,1034800.0
03/01/2013,6.79,7.26,6.21,7.1,0.0,0.0,648900.0
02/01/2013,7.33,7.7,6.71,6.92,0.0,0.0,518500.0
01/01/2013,7.3,7.79,6.93,7.42,0.0,0.0,861400.0
12/01/2012,6.41,7.24,6.41,7.2,0.0,0.0,714800.0
11/01/2012,6.5,6.68,5.86,6.46,0.0,0.0,610700.0
10/01/2012,7.02,7.09,6.2,6.52,0.0,0.0,416200.0
09/01/2012,6.27,7.5,6.06,7.05,0.0,0.0,982800.0
08/01/2012,6.21,6.68,5.65,6.3,0.0,0.0,1200300.0
07/01/2012,6.44,6.59,5.83,6.16,0.0,0.0,1004900.0
06/01/2012,6.12,6.98,5.98,6.47,0.0,0.0,3400300.0
05/01/2012,6.89,6.97,5.9,6.11,0.0,0.0,537200.0
04/01/2012,6.65,7.02,6.53,6.83,0.0,0.0,347500.0
03/01/2012,7.35,7.61,6.27,6.65,0.0,0.0,528200.0
02/01/2012,7.37,7.79,7.1,7.35,0.0,0.0,345700.0
01/01/2012,6.92,7.59,6.78,7.37,0.0,0.0,349500.0
12/01/2011,6.99,7.09,6.56,6.84,0.0,0.0,439500.0
11/01/2011,7.22,7.67,6.77,6.99,0.0,0.0,559700.0
10/01/2011,6.05,7.25,5.99,7.24,0.0,0.0,447300.0
09/01/2011,6.41,6.52,5.89,6.15,0.0,0.0,362000.0
08/01/2011,6.44,6.69,5.69,6.37,0.0,0.0,1031100.0
07/01/2011,6.48,6.65,5.96,6.5,0.0,0.0,780200.0
06/01/2011,6.93,6.96,5.64,6.48,0.0,0.0,4600000.0
05/01/2011,7.17,7.53,6.19,6.92,0.0,0.0,550300.0
04/01/2011,7.74,8.13,7.02,7.3,0.0,0.0,564300.0
03/01/2011,7.42,7.89,6.3,7.67,0.0,0.0,826200.0
02/01/2011,7.28,7.67,7.02,7.49,0.0,0.0,971400.0
01/01/2011,6.04,7.29,5.95,7.25,0.0,0.0,934800.0
12/01/2010,6.44,6.5,5.94,6.0,0.0,0.0,945900.0
11/01/2010,5.97,6.49,5.63,6.28,0.0,0.0,657800.0
10/01/2010,6.22,6.25,5.86,5.92,0.0,0.0,780500.0
09/01/2010,5.86,6.49,5.82,6.14,0.0,0.0,1196100.0
08/01/2010,6.44,6.7,5.48,5.74,0.0,0.0,1067500.0
07/01/2010,5.04,6.41,4.8,6.33,0.0,0.0,1046000.0
06/01/2010,5.8,6.32,5.01,5.04,0.0,0.0,1953700.0
05/01/2010,6.53,6.86,5.57,5.89,0.0,0.0,841400.0
04/01/2010,6.2,7.12,6.11,6.51,0.0,0.0,584100.0
03/01/2010,6.09,6.72,5.88,6.18,0.0,0.0,920700.0
02/01/2010,5.82,6.28,5.68,6.09,0.0,0.0,689700.0
01/01/2010,6.02,6.2,5.71,5.81,0.0,0.0,891400.0
12/01/2009,5.79,6.18,5.43,5.92,0.0,0.0,993200.0
11/01/2009,5.88,6.19,5.27,5.72,0.0,0.0,1011800.0
10/01/2009,6.26,6.6,5.38,5.86,0.0,0.0,849800.0
09/01/2009,5.88,6.8,5.81,6.25,0.0,0.0,1084700.0
08/01/2009,6.72,6.75,5.79,5.9,0.0,0.0,1054400.0
07/01/2009,5.44,6.77,4.88,6.69,0.0,0.0,1945300.0
06/01/2009,5.79,6.44,5.13,5.35,0.0,0.0,1883300.0
05/01/2009,4.81,5.58,4.57,5.56,0.0,0.0,1195700.0
04/01/2009,4.25,5.0,4.2,4.87,0.0,0.0,1258400.0
03/01/2009,4.95,5.26,3.83,4.3,0.0,0.0,2019800.0
02/01/2009,6.4,7.19,4.06,5.07,0.0,0.0,1520300.0
01/01/2009,6.6,7.12,5.5,6.46,0.0,0.0,1154900.0
12/01/2008,5.86,6.66,4.95,6.57,0.0,0.0,1864000.0
11/01/2008,6.05,6.05,3.5,6.04,0.0,0.0,2223700.0
10/01/2008,9.23,9.48,5.1,5.87,0.0,0.0,2823900.0
09/01/2008,10.05,10.5,7.41,9.32,0.0,0.0,2901800.0
08/01/2008,10.43,10.7,9.64,10.11,0.0,0.0,3205500.0
07/01/2008,9.5,11.78,9.3,10.43,0.0,0.0,4044900.0
06/01/2008,9.77,10.0,9.01,9.59,0.0,0.0,5258200.0
05/01/2008,8.2,9.89,7.81,9.89,0.0,0.0,3871800.0
04/01/2008,6.75,8.25,6.73,8.22,0.0,0.0,2247400.0
03/01/2008,6.66,6.99,6.2,6.8,0.0,0.0,1848200.0
02/01/2008,6.3,7.14,5.77,6.68,0.0,0.0,2543500.0
01/01/2008,6.92,6.95,5.89,6.27,0.0,0.0,2950800.0
12/01/2007,7.45,8.0,6.59,6.86,0.0,0.0,2354000.0
11/01/2007,8.72,8.72,6.83,7.49,0.0,0.0,1435500.0
10/01/2007,7.62,9.97,7.58,8.71,0.0,0.0,2009000.0
09/01/2007,7.75,7.8,7.26,7.59,0.0,0.0,1285600.0
08/01/2007,8.23,8.36,7.17,7.75,0.0,0.0,2690100.0
07/01/2007,8.81,8.92,7.9,8.17,0.0,0.0,1102400.0
06/01/2007,9.8,9.82,8.56,8.75,0.0,0.0,1216500.0
05/01/2007,9.99,10.35,9.52,9.76,0.0,0.0,1194300.0
04/01/2007,10.22,11.0,9.73,9.99,0.0,0.0,1551100.0
03/01/2007,10.2,10.6,9.98,10.17,0.0,0.0,1208300.0
02/01/2007,9.53,10.68,9.07,10.4,0.0,0.0,1849500.0
01/01/2007,9.36,9.89,8.97,9.45,0.0,0.0,1542500.0
12/01/2006,9.58,9.76,8.61,9.35,0.0,0.0,1824600.0
11/01/2006,10.53,10.99,8.9,9.68,0.0,0.0,3310200.0
10/01/2006,10.51,11.49,10.24,10.75,0.0,0.0,2826500.0
09/01/2006,10.59,11.25,10.09,10.5,0.0,0.0,3025600.0
08/01/2006,9.29,10.68,8.95,10.53,0.0,0.0,1754100.0
07/01/2006,8.51,9.68,8.26,9.28,0.0,0.0,1786200.0
06/01/2006,9.78,10.46,8.5,8.54,0.0,0.0,2364600.0
05/01/2006,10.59,11.64,9.25,9.87,0.0,0.0,3607500.0
04/01/2006,9.55,10.9,8.98,10.56,0.0,0.0,4106600.0
03/01/2006,7.55,9.52,7.5,9.52,0.0,0.0,3774800.0
02/01/2006,9.45,9.45,7.44,7.55,0.0,0.0,2237100.0
01/01/2006,8.74,9.76,8.46,9.53,0.0,0.0,2213400.0
12/01/2005,9.0,9.58,8.6,8.76,0.0,0.0,1386400.0
11/01/2005,9.07,10.16,8.74,9.06,0.0,0.0,1686400.0
10/01/2005,9.34,9.45,8.6,9.24,0.0,0.0,796400.0
09/01/2005,8.64,9.46,8.34,9.4,0.0,0.0,1327800.0
08/01/2005,9.12,9.39,8.25,8.72,0.0,0.0,1109100.0
07/01/2005,7.86,9.3,7.77,9.24,0.0,0.0,1276000.0
06/01/2005,7.27,8.17,7.25,7.83,0.0,0.0,3747800.0
05/01/2005,7.25,8.06,7.05,7.31,0.0,0.0,1738500.0
04/01/2005,7.28,7.53,6.7,7.24,0.0,0.0,2425800.0
03/01/2005,7.38,7.77,7.1,7.36,0.0,0.0,1241900.0
02/01/2005,7.72,8.33,7.25,7.55,0.0,0.0,2362000.0
01/01/2005,8.08,8.09,6.97,7.7,0.0,0.0,4385000.0
12/01/2004,8.19,8.85,7.68,7.93,0.0,0.0,2569900.0
11/01/2004,7.65,8.53,6.7,8.07,0.0,0.0,2870200.0
10/01/2004,8.24,8.88,7.28,7.71,0.0,0.0,2787500.0
09/01/2004,8.98,9.55,8.0,8.26,0.0,0.0,2190600.0
08/01/2004,10.11,10.15,8.62,9.09,0.0,0.0,1912300.0
07/01/2004,11.87,11.88,9.19,10.09,0.0,0.0,2323800.0
06/01/2004,11.12,11.85,10.13,11.8,0.0,0.0,2017600.0
05/01/2004,11.25,11.4,9.82,10.94,0.0,0.0,3824900.0
04/01/2004,10.43,13.2,9.32,11.1,0.0,0.0,5339100.0
03/01/2004,11.55,12.21,9.67,10.33,0.0,0.0,3221500.0
02/01/2004,11.46,12.85,10.55,11.49,0.0,0.0,4957400.0
01/01/2004,10.62,11.9,10.3,11.64,0.0,0.0,3285000.0
12/01/2003,8.95,10.8,8.15,10.75,0.0,0.0,4214900.0
11/01/2003,10.2,10.47,8.55,8.95,0.0,0.0,3400100.0
10/01/2003,10.75,11.22,8.9,10.11,0.0,0.0,9628300.0
09/01/2003,11.47,12.5,10.26,10.69,0.0,0.0,6561800.0
08/01/2003,11.58,11.63,9.81,11.3,0.0,0.0,5790400.0
07/01/2003,11.95,14.22,10.85,11.39,0.0,0.0,7028800.0
06/01/2003,13.43,13.89,10.78,11.86,0.0,0.0,7191000.0
05/01/2003,9.15,13.31,8.7,13.3,0.0,0.0,8329900.0
04/01/2003,9.05,10.54,8.45,9.25,0.0,0.0,5548100.0
03/01/2003,7.15,9.44,7.15,9.01,0.0,0.0,2791900.0
02/01/2003,7.18,7.6,6.1,7.15,0.0,0.0,2661700.0
01/01/2003,6.78,8.05,6.68,7.11,0.0,0.0,1996900.0
12/01/2002,7.46,7.95,6.43,6.78,0.0,0.0,1106400.0
11/01/2002,6.83,7.78,6.75,7.65,0.0,0.0,2270300.0
10/01/2002,5.25,6.8,4.43,6.8,0.0,0.0,2701700.0
09/01/2002,5.86,5.95,4.52,5.21,0.0,0.0,2227600.0
08/01/2002,5.9,6.14,5.25,5.96,0.0,0.0,1813100.0
07/01/2002,6.76,6.92,5.35,6.0,0.0,0.0,1758900.0
06/01/2002,7.35,7.46,6.0,6.77,0.0,0.0,2134600.0
05/01/2002,8.55,8.56,6.85,7.33,0.0,0.0,1940500.0
04/01/2002,8.65,9.0,7.7,8.2,0.0,0.0,3900700.0
03/01/2002,8.0,8.81,7.8,8.65,0.0,0.0,2210700.0
02/01/2002,9.01,9.17,7.5,8.04,0.0,0.0,3731500.0
01/01/2002,9.76,10.78,8.78,9.0,0.0,0.0,2110000.0
12/01/2001,8.7,10.5,8.57,9.71,0.0,0.0,2957500.0
11/01/2001,7.61,8.9,7.0,8.74,0.0,0.0,2558900.0
10/01/2001,6.92,7.62,6.45,7.62,0.0,0.0,4098900.0
09/01/2001,7.82,8.06,6.4,7.5,0.0,0.0,4242700.0
08/01/2001,7.74,8.05,7.4,7.79,0.0,0.0,3744700.0
07/01/2001,9.13,9.35,7.3,7.8,0.0,0.0,3821900.0
06/01/2001,10.0,10.35,7.89,9.21,0.0,0.0,2475600.0
05/01/2001,9.4,10.8,9.4,9.99,0.0,0.0,4086200.0
04/01/2001,7.13,10.51,6.38,9.52,0.0,0.0,3311300.0
03/01/2001,9.03,9.25,6.75,7.5,0.0,0.0,4227000.0
02/01/2001,11.75,12.5,9.0,9.06,0.0,0.0,3013900.0
01/01/2001,10.88,12.5,7.63,11.75,0.0,0.0,10301500.0
12/01/2000,10.19,13.06,8.44,10.75,0.0,0.0,9227600.0
11/01/2000,16.69,19.81,10.0,10.06,0.0,0.0,9348900.0
10/01/2000,23.63,24.25,15.88,17.25,0.0,0.0,6899000.0
09/01/2000,28.88,30.0,20.06,23.25,0.0,0.0,3016800.0
08/01/2000,30.81,33.5,26.13,28.0,0.0,0.0,3924900.0
07/01/2000,38.25,38.5,24.25,30.56,0.0,0.0,7772700.0
06/01/2000,26.75,41.25,26.38,38.0,0.0,0.0,6825100.0
05/01/2000,34.38,39.25,23.25,26.75,0.0,0.0,5926900.0
04/01/2000,61.88,72.5,26.56,33.5,0.0,0.0,8517000.0
03/01/2000,70.5,98.0,49.75,75.25,0.0,0.0,5623500.0
02/01/2000,61.81,69.0,42.44,68.0,0.0,0.0,4495200.0
01/01/2000,59.5,70.38,45.0,59.0,0.0,0.0,6067800.0
12/01/1999,38.06,54.0,34.63,52.5,0.0,0.0,4192700.0
11/01/1999,29.69,50.63,28.0,36.88,0.0,0.0,7116300.0
