12/01/2022,45.36,47.61,42.78,45.53,0.75,1.67,39335400.0
11/01/2022,40.91,44.865,37.06,44.78,4.79,11.98,52119400.0
10/01/2022,38.26,41.5,35.99,39.99,2.49,6.64,53546100.0
09/01/2022,40.26,42.63,37.23,37.5,-3.16,-7.77,54744500.0
08/01/2022,43.62,45.19,40.2566,40.66,-2.96,-6.79,42385600.0
07/01/2022,39.82,47.21,39.55,43.62,3.99,10.07,50589300.0
06/01/2022,45.55,45.8099,35.0324,39.63,-5.63,-12.44,58676200.0
05/01/2022,41.69,45.995,40.12,45.26,3.5,8.38,71599400.0
04/01/2022,42.62,44.99,39.61,41.76,-0.14,-0.33,57201500.0
03/01/2022,49.66,50.645,41.86,41.9,-7.76,-15.63,61623250.0
02/01/2022,54.11,54.71,43.1,49.66,-3.03,-5.75,66216900.0
01/01/2022,57.33,58.09,48.81,52.69,-4.47,-7.82,60505100.0
12/01/2021,50.8,58.0,50.06,57.16,7.13,14.25,50259300.0
11/01/2021,48.05,53.71,47.35,50.03,1.95,4.06,47067800.0
10/01/2021,46.32,51.35,45.58,48.08,2.16,4.7,47715700.0
09/01/2021,54.05,55.08,45.9,45.92,-7.94,-14.74,59591100.0
08/01/2021,55.27,55.84,51.37,53.86,-1.01,-1.84,41308600.0
07/01/2021,54.6,56.2,50.0122,54.87,0.3,0.55,49571100.0
06/01/2021,58.56,58.83,52.72,54.57,-3.22,-5.57,65830400.0
05/01/2021,59.7,63.905,54.2778,57.79,-1.33,-2.25,57535200.0
04/01/2021,53.0,60.0752,51.55,59.12,6.68,12.74,58327000.0
03/01/2021,45.79,53.66,42.31,52.44,7.33,16.25,71081100.0
02/01/2021,43.99,50.1,43.12,45.11,1.61,3.7,53261400.0
01/01/2021,43.29,50.23,39.92,43.5,0.38,0.88,68637600.0
12/01/2020,43.87,45.76,41.23,43.12,-0.51,-1.17,65026400.0
11/01/2020,41.65,47.16,40.55,43.63,2.87,7.04,60104800.0
10/01/2020,46.85,49.7,39.92,40.76,-5.53,-11.95,62329700.0
09/01/2020,44.53,47.18,42.18,46.29,1.7,3.81,52296100.0
08/01/2020,43.87,48.0,43.5696,44.59,0.99,2.27,51343300.0
07/01/2020,34.17,44.98,32.72,43.6,9.57,28.12,80779200.0
06/01/2020,34.15,38.77,31.55,34.03,0.06,0.18,81023400.0
05/01/2020,27.41,37.1,26.095,33.97,5.7,20.16,82321900.0
04/01/2020,20.89,30.825,18.28,28.27,5.95,26.66,112272300.0
03/01/2020,40.49,44.49,17.12,22.32,-17.88,-44.48,140597600.0
02/01/2020,44.8,47.37,39.11,40.2,-4.45,-9.97,64894100.0
01/01/2020,38.87,47.3,38.31,44.65,5.85,15.08,79137700.0
12/01/2019,39.6,40.76,38.305,38.8,-0.85,-2.14,62111200.0
11/01/2019,39.45,40.33,37.62,39.65,0.41,1.04,63180700.0
10/01/2019,36.56,41.22,35.87,39.24,2.69,7.36,84079000.0
09/01/2019,33.55,36.61,33.49,36.55,2.75,8.14,63273400.0
08/01/2019,31.47,33.93,30.65,33.8,2.29,7.27,61898800.0
07/01/2019,31.97,34.03,30.26,31.51,-0.11,-0.35,93843100.0
06/01/2019,30.99,33.15,30.82,31.62,0.62,2.0,71640000.0
05/01/2019,31.52,32.8,30.675,31.0,-0.46,-1.46,66442700.0
04/01/2019,28.05,31.95,27.36,31.46,3.5,12.52,69090500.0
03/01/2019,27.22,28.9,25.24,27.96,0.96,3.56,96571300.0
02/01/2019,27.84,28.265,26.28,27.0,-0.81,-2.91,88618700.0
01/01/2019,25.6,29.19,25.1,27.81,1.82,7.0,141044000.0
12/01/2018,26.72,27.09,24.45,25.99,-0.53,-2.0,105531100.0
11/01/2018,24.58,27.14,23.21,26.52,1.95,7.94,138414100.0
10/01/2018,24.86,25.395,20.64,24.57,-0.2,-0.81,187275100.0
09/01/2018,27.92,28.76,24.67,24.77,-3.18,-11.38,90767900.0
08/01/2018,28.52,29.705,27.37,27.95,-0.54,-1.9,86429400.0
07/01/2018,28.55,31.56,27.55,28.49,-0.26,-0.9,100982700.0
06/01/2018,30.43,33.04,27.77,28.75,-1.5,-4.96,101189200.0
05/01/2018,30.32,31.6,28.66,30.25,-0.11,-0.36,90998500.0
04/01/2018,29.41,31.57,27.95,30.36,0.87,2.95,102797300.0
03/01/2018,28.11,30.725,27.94,29.49,1.42,5.06,92263700.0
02/01/2018,31.49,32.16,27.84,28.07,-3.76,-11.81,105793900.0
01/01/2018,33.45,35.21,31.57,31.83,-1.42,-4.27,105279000.0
12/01/2017,34.01,34.59,32.88,33.25,-0.88,-2.58,87511800.0
11/01/2017,30.35,34.6,29.265,34.13,3.9,12.9,106634400.0
10/01/2017,27.43,30.37,26.68,30.23,2.9,10.61,99771400.0
09/01/2017,25.88,27.51,25.35,27.33,1.51,5.85,84102000.0
08/01/2017,24.47,26.0,24.43,25.82,1.4,5.73,92362600.0
07/01/2017,24.59,25.2,23.81,24.42,-0.11,-0.45,109340200.0
06/01/2017,22.69,24.73,22.62,24.53,1.86,8.2,115664300.0
05/01/2017,22.7,23.61,22.07,22.67,0.0,0.0,101820200.0
04/01/2017,23.65,24.43,21.41,22.67,-0.88,-3.74,122718000.0
03/01/2017,22.25,24.05,22.2,23.55,1.5,6.8,135245500.0
02/01/2017,21.54,22.19,21.06,22.05,0.54,2.51,91297100.0
01/01/2017,18.55,21.99,18.18,21.51,3.13,17.03,111120700.0
12/01/2016,18.87,20.17,18.25,18.38,-0.48,-2.55,108812800.0
11/01/2016,18.63,19.52,17.69,18.86,0.26,1.4,133606500.0
10/01/2016,19.93,20.66,18.12,18.6,-1.44,-7.19,100243100.0
09/01/2016,21.4,21.56,19.05,20.04,-1.33,-6.22,93040600.0
08/01/2016,21.15,22.02,20.74,21.37,0.19,0.9,93231100.0
07/01/2016,19.5,22.4,19.04,21.18,1.69,8.67,112780500.0
06/01/2016,18.6,19.8,17.71,19.49,0.73,3.89,107361900.0
05/01/2016,18.47,19.04,17.58,18.76,0.37,2.01,89717300.0
04/01/2016,18.53,19.5,16.6,18.39,-0.32,-1.71,158071700.0
03/01/2016,17.35,18.82,17.2,18.71,1.52,8.84,110620600.0
02/01/2016,16.57,17.67,15.21,17.19,0.43,2.57,114715400.0
01/01/2016,17.57,17.6,14.61,16.76,-1.06,-5.95,171223800.0
12/01/2015,19.55,19.7,17.08,17.82,-1.66,-8.52,105183600.0
11/01/2015,18.32,19.81,17.29,19.48,1.15,6.27,98771100.0
10/01/2015,18.87,20.27,17.52,18.33,-0.54,-2.86,159894000.0
09/01/2015,20.26,21.5,18.53,18.87,-1.82,-8.8,106834300.0
08/01/2015,20.66,22.1,18.9,20.69,-0.03,-0.14,124069300.0
07/01/2015,20.31,20.94,19.28,20.72,0.57,2.83,128837800.0
06/01/2015,19.29,21.01,18.61,20.15,0.97,5.06,105093100.0
05/01/2015,19.39,20.44,19.16,19.18,-0.12,-0.62,108038300.0
04/01/2015,22.27,22.95,19.27,19.3,-2.93,-13.18,132550200.0
03/01/2015,22.63,22.77,20.59,22.23,-0.33,-1.46,103612200.0
02/01/2015,20.63,23.36,20.16,22.56,1.97,9.57,103649900.0
01/01/2015,21.59,23.28,20.23,20.59,-0.87,-4.05,167446200.0
12/01/2014,21.61,22.03,19.69,21.46,-0.17,-0.79,110260400.0
11/01/2014,19.23,21.92,19.01,21.63,2.44,12.71,95852900.0
10/01/2014,17.66,19.81,16.56,19.19,1.53,8.66,172451600.0
09/01/2014,19.21,19.69,17.52,17.66,-1.56,-8.12,111310600.0
08/01/2014,17.63,19.34,17.47,19.22,1.57,8.9,84658000.0
07/01/2014,20.24,20.64,17.51,17.65,-2.51,-12.45,130009600.0
06/01/2014,19.56,20.47,19.17,20.16,0.6,3.07,115598100.0
05/01/2014,18.41,20.15,18.01,19.56,1.17,6.36,134164300.0
04/01/2014,19.21,20.15,18.09,18.39,-0.8,-4.17,129027900.0
03/01/2014,20.75,21.41,18.39,19.19,-1.8,-8.58,149466300.0
02/01/2014,20.65,21.65,19.2,20.99,0.67,3.3,163194400.0
01/01/2014,20.25,20.78,18.21,20.32,-0.05,-0.25,152442800.0
12/01/2013,18.8,20.49,17.65,20.37,1.61,8.58,142942800.0
11/01/2013,17.66,19.25,16.48,18.76,1.11,6.29,181655300.0
10/01/2013,16.56,18.25,15.28,17.65,1.15,6.97,208794300.0
09/01/2013,15.59,18.37,15.14,16.5,1.11,7.21,198300400.0
08/01/2013,16.85,17.29,14.23,15.39,-1.24,-7.46,258624300.0
07/01/2013,19.13,20.57,16.11,16.63,-2.34,-12.34,229049000.0
06/01/2013,21.82,21.82,17.75,18.97,-2.62,-12.14,219461100.0
05/01/2013,20.89,24.47,20.44,21.59,0.6,2.86,193890000.0
04/01/2013,20.19,21.74,17.46,20.99,0.75,3.71,224510000.0
03/01/2013,19.01,21.6,18.6,20.24,1.06,5.53,167895500.0
02/01/2013,20.84,21.24,17.98,19.18,-1.56,-7.52,197749500.0
01/01/2013,18.81,21.97,18.32,20.74,2.58,14.21,200010900.0
12/01/2012,16.96,18.86,15.81,18.16,1.35,8.03,172327600.0
11/01/2012,17.43,18.27,14.55,16.81,-0.53,-3.06,277083100.0
10/01/2012,15.41,18.3,15.2,17.34,1.84,11.87,259638900.0
09/01/2012,13.68,17.47,13.42,15.5,1.82,13.3,306617500.0
08/01/2012,11.4,13.91,10.82,13.68,2.38,21.06,313143400.0
07/01/2012,10.68,12.19,9.96,11.3,0.6,5.61,291804500.0
06/01/2012,8.99,10.71,7.63,10.7,1.34,14.32,271754800.0
05/01/2012,9.88,10.82,8.21,9.36,-0.48,-4.88,282470200.0
04/01/2012,8.74,10.15,7.65,9.84,0.99,11.19,257611700.0
03/01/2012,8.84,9.69,8.09,8.85,0.03,0.34,246054500.0
02/01/2012,7.61,9.31,7.46,8.82,1.37,18.39,292637400.0
01/01/2012,6.45,8.31,6.37,7.45,1.14,18.07,262514100.0
12/01/2011,6.05,6.59,5.54,6.31,0.2,3.27,202647000.0
11/01/2011,4.83,6.11,4.77,6.11,0.93,17.95,273005800.0
10/01/2011,3.9,5.57,3.29,5.18,1.23,31.14,272501900.0
09/01/2011,4.77,4.88,3.92,3.95,-0.85,-17.71,253678100.0
08/01/2011,7.02,7.03,3.4,4.8,-2.07,-30.13,376145600.0
07/01/2011,7.64,7.86,6.7,6.87,-0.79,-10.31,140426900.0
06/01/2011,8.34,8.38,6.79,7.66,-0.78,-9.24,158670000.0
05/01/2011,8.16,8.44,7.45,8.44,0.31,3.81,147085800.0
04/01/2011,7.48,8.44,7.08,8.13,0.73,9.86,159406300.0
03/01/2011,6.92,7.76,6.51,7.4,0.5,7.25,216073100.0
02/01/2011,7.98,8.13,6.84,6.9,-0.99,-12.55,203660100.0
01/01/2011,7.62,8.69,7.57,7.89,0.37,4.92,167908400.0
12/01/2010,6.38,7.67,6.28,7.52,1.26,20.13,160710400.0
11/01/2010,7.9,8.15,6.13,6.26,-1.59,-20.25,212060100.0
10/01/2010,8.86,8.92,7.84,7.85,-0.91,-10.39,170394200.0
09/01/2010,8.33,8.99,8.05,8.76,0.72,8.96,121691800.0
08/01/2010,8.95,9.09,7.7,8.04,-0.74,-8.43,140447400.0
07/01/2010,8.24,9.31,7.77,8.78,0.5,6.04,186867200.0
06/01/2010,10.96,11.08,8.24,8.28,-2.86,-25.67,221649700.0
05/01/2010,12.82,13.46,10.15,11.14,-1.95,-14.9,211199200.0
04/01/2010,11.37,13.91,10.7,13.09,1.84,16.36,172976300.0
03/01/2010,10.88,11.91,10.76,11.25,0.42,3.88,127189300.0
02/01/2010,10.52,11.82,10.34,10.83,0.31,2.95,158888200.0
01/01/2010,10.02,11.41,9.99,10.52,0.52,5.2,163058900.0
12/01/2009,9.2,10.19,8.72,10.0,0.86,9.41,150687800.0
11/01/2009,9.13,10.32,8.66,9.14,0.13,1.44,178080100.0
10/01/2009,10.94,11.0,8.92,9.01,-1.98,-18.02,158176400.0
09/01/2009,12.71,13.48,10.79,10.99,-1.79,-14.01,140335600.0
08/01/2009,11.47,13.59,10.63,12.78,1.41,12.4,194547400.0
07/01/2009,8.91,11.48,7.84,11.37,2.54,28.77,132086300.0
06/01/2009,9.09,9.77,8.3,8.83,0.03,0.34,179424400.0
05/01/2009,11.39,12.4,8.44,8.8,-2.71,-23.54,228559000.0
04/01/2009,10.69,12.45,9.33,11.51,0.58,5.31,222942600.0
03/01/2009,8.65,12.33,7.71,10.93,1.75,19.06,168612400.0
02/01/2009,9.99,12.86,8.25,9.18,-0.97,-9.56,200180400.0
01/01/2009,11.09,12.9,9.7,10.15,-0.78,-7.14,160288400.0
12/01/2008,9.79,12.46,8.97,10.93,0.28,2.63,166250000.0
11/01/2008,10.81,11.91,6.49,10.65,-0.49,-4.4,156502900.0
10/01/2008,13.75,15.38,6.91,11.14,-2.83,-20.26,290104400.0
09/01/2008,15.01,17.32,13.12,13.97,-0.54,-3.72,260147100.0
08/01/2008,12.4,14.66,11.27,14.51,2.3,18.84,158326200.0
07/01/2008,9.38,13.25,8.32,12.21,2.58,26.79,223861400.0
06/01/2008,12.11,12.87,9.57,9.63,-2.6,-21.26,183590400.0
05/01/2008,13.07,15.0,11.81,12.23,-0.81,-6.21,124926100.0
04/01/2008,15.06,16.81,12.79,13.04,-1.51,-10.38,157674300.0
03/01/2008,13.36,16.53,11.18,14.55,1.01,7.46,195117700.0
02/01/2008,15.65,16.36,12.69,13.54,-2.81,-17.19,195992400.0
01/01/2008,10.5,16.63,8.2,16.35,5.81,55.12,229522400.0
12/01/2007,10.33,12.68,9.79,10.54,0.32,3.13,142760700.0
11/01/2007,14.36,14.43,8.78,10.22,-4.62,-31.13,158681200.0
10/01/2007,13.9,16.99,13.32,14.84,1.23,9.04,146996100.0
09/01/2007,16.64,18.49,12.88,13.61,-3.03,-18.21,87585200.0
08/01/2007,19.3,24.25,15.46,16.64,-2.7,-13.96,157306100.0
07/01/2007,22.45,23.73,19.27,19.34,-3.11,-13.85,96197400.0
06/01/2007,27.48,29.4,22.26,22.45,-4.84,-17.74,69329900.0
05/01/2007,26.91,28.6,25.24,27.29,0.39,1.45,57600000.0
04/01/2007,26.6,29.18,25.16,26.9,0.44,1.66,65439100.0
03/01/2007,29.31,30.37,25.51,26.46,-3.1,-10.49,75995000.0
02/01/2007,34.5,35.56,29.31,29.56,-4.78,-13.92,51692700.0
01/01/2007,33.13,34.9,31.03,34.34,1.22,3.68,50211000.0
12/01/2006,33.74,35.31,32.0,33.12,-0.62,-1.84,45749200.0
11/01/2006,31.19,34.06,28.25,33.74,2.75,8.87,71209200.0
10/01/2006,31.92,35.52,30.71,30.99,-0.87,-2.73,64475300.0
09/01/2006,29.82,33.92,27.19,31.86,2.19,7.38,69040600.0
08/01/2006,28.51,31.94,27.41,29.67,1.17,4.11,67331900.0
07/01/2006,28.79,30.78,26.02,28.5,-0.29,-1.01,66191400.0
06/01/2006,32.47,33.17,26.49,28.79,-3.68,-11.33,80566400.0
05/01/2006,37.36,37.74,31.75,32.47,-4.88,-13.07,71515900.0
04/01/2006,38.43,41.48,35.96,37.35,-1.07,-2.79,50348600.0
03/01/2006,38.41,40.72,36.01,38.42,0.01,0.03,54824500.0
02/01/2006,39.7,40.95,36.44,38.41,-1.49,-3.73,63696800.0
01/01/2006,39.5,44.7,38.71,39.9,0.54,1.37,47677200.0
12/01/2005,42.25,43.76,38.97,39.36,-2.27,-5.45,36826500.0
11/01/2005,37.5,43.31,36.69,41.63,3.84,10.16,59824600.0
10/01/2005,42.92,43.55,34.25,37.79,-5.13,-11.95,89433600.0
09/01/2005,43.07,46.25,40.79,42.92,-0.18,-0.42,66193700.0
08/01/2005,45.835,47.5,40.96,43.1,-3.71,-7.93,87068598.0
07/01/2005,42.275,48.225,41.525,46.81,4.685,11.12,71170800.0
06/01/2005,37.905,43.85,37.775,42.125,3.9,10.2,68152199.0
05/01/2005,36.175,38.455,34.225,38.225,2.5,7.0,64223998.0
04/01/2005,37.375,38.185,33.825,35.725,-1.09,-2.96,81910597.0
03/01/2005,39.01,39.95,35.545,36.815,-2.195,-5.63,90617199.0
02/01/2005,33.325,39.485,32.995,39.01,5.97,18.07,89903398.0
01/01/2005,31.9,33.75,30.01,33.04,1.14,3.57,63894400.0
12/01/2004,27.78,32.5,27.4,31.9,4.27,15.45,62115600.0
11/01/2004,27.5,29.8,27.255,27.63,0.19,0.69,51550198.0
10/01/2004,30.95,31.18,23.73,27.44,-3.245,-10.58,116270399.0
09/01/2004,29.53,32.035,29.425,30.685,1.21,4.11,47910799.0
08/01/2004,27.425,31.175,27.185,29.475,2.16,7.91,60875200.0
07/01/2004,26.015,27.665,24.435,27.315,1.3,5.0,53251399.0
06/01/2004,26.38,28.25,25.025,26.015,-0.36,-1.36,55090798.0
05/01/2004,24.825,26.77,22.375,26.375,1.79,7.28,58320599.0
04/01/2004,27.85,28.175,23.085,24.585,-3.215,-11.56,69540000.0
03/01/2004,26.45,29.075,26.45,27.8,1.42,5.38,62369399.0
02/01/2004,21.565,26.515,21.125,26.38,4.81,22.3,54779596.0
01/01/2004,23.405,23.5375,20.0,21.57,-1.835,-7.84,80735998.0
12/01/2003,24.1,24.7075,21.0125,23.405,-0.48,-2.01,70539598.0
11/01/2003,21.775,24.025,21.5125,23.885,2.2575,10.44,53861199.0
10/01/2003,17.0,22.175,16.8625,21.6275,4.625,27.2,76407999.0
09/01/2003,16.64,17.44,15.9175,17.0025,0.3625,2.18,55904799.0
08/01/2003,15.3125,16.9975,14.9475,16.64,1.36,8.9,64583198.0
07/01/2003,15.415,16.255,14.49,15.28,-0.135,-0.88,80205600.0
06/01/2003,16.5625,17.995,15.4125,15.415,-0.9825,-5.99,76556398.0
05/01/2003,14.5,16.9375,14.1625,16.3975,1.9,13.11,67673199.0
04/01/2003,12.625,14.75,12.33,14.4975,1.96,15.63,58663200.0
03/01/2003,12.7625,13.29,11.3625,12.5375,-0.17,-1.34,68060799.0
02/01/2003,12.6375,13.2925,12.0175,12.7075,0.2125,1.7,43545598.0
01/01/2003,11.9725,13.25,11.87,12.495,0.5275,4.41,47006000.0
12/01/2002,11.825,12.4725,10.7775,11.9675,0.2325,1.98,42345600.0
11/01/2002,11.48,12.0175,10.65,11.735,0.255,2.22,44630397.0
10/01/2002,10.6575,12.32,9.0525,11.48,0.8225,7.72,79950799.0
09/01/2002,11.9,12.2625,10.23,10.6575,-1.2775,-10.7,59366398.0
08/01/2002,11.95,13.0775,10.6625,11.935,-0.045,-0.38,60016399.0
07/01/2002,14.4325,14.725,10.1725,11.98,-2.4575,-17.02,83002796.0
06/01/2002,13.675,14.9375,12.4,14.4375,0.88,6.49,66253599.0
05/01/2002,13.4875,14.05,12.6625,13.5575,0.2575,1.94,62127199.0
04/01/2002,11.9625,13.8,11.3125,13.3,1.3375,11.18,66916000.0
03/01/2002,13.0475,13.935,11.325,11.9625,-1.0225,-7.87,72358398.0
02/01/2002,11.8125,13.125,11.255,12.985,1.1975,10.16,47280800.0
01/01/2002,11.175,12.135,10.3,11.7875,0.62,5.55,44518000.0
12/01/2001,9.815,11.5625,9.6875,11.1675,1.355,13.81,43107197.0
11/01/2001,8.145,9.9175,8.145,9.8125,1.6875,20.77,52253199.0
10/01/2001,7.71,9.5,7.5,8.125,0.4625,6.04,46629199.0
09/01/2001,9.555,9.6375,6.525,7.6625,-1.8,-19.02,40266398.0
08/01/2001,10.3775,10.4,8.0875,9.4625,-0.915,-8.82,66113199.0
07/01/2001,10.67,12.085,10.0,10.3775,-0.28,-2.63,61421598.0
06/01/2001,10.1,11.2425,9.445,10.6575,0.5575,5.52,36770799.0
05/01/2001,11.125,11.715,9.5625,10.1,-1.595,-13.64,62064798.0
04/01/2001,10.165,12.56,9.325,11.695,1.5925,15.76,35634398.0
03/01/2001,8.6375,10.45,8.1,10.1025,1.515,17.64,34282798.0
02/01/2001,8.75,9.5,7.9625,8.5875,-0.0375,-0.43,22143599.0
01/01/2001,10.61,10.985,8.345,8.625,-1.9225,-18.23,36435199.0
12/01/2000,9.6725,11.25,9.4075,10.5475,0.89,9.22,28918800.0
11/01/2000,8.3125,10.4375,8.25,9.6575,1.33,15.97,25934400.0
10/01/2000,8.345,9.0,7.015,8.3275,0.0775,0.94,21983999.0
09/01/2000,8.375,8.625,7.6725,8.25,0.015,0.18,20918799.0
08/01/2000,5.595,8.4225,5.595,8.235,2.5,43.59,26311597.0
07/01/2000,5.4075,5.7825,5.22,5.735,0.3375,6.25,9754798.0
06/01/2000,5.5,5.86,5.25,5.3975,-0.15,-2.7,12253600.0
05/01/2000,5.3125,5.7825,5.3125,5.5475,0.1725,3.21,10953997.0
04/01/2000,5.1875,5.8125,5.0475,5.375,0.155,2.97,18996800.0
03/01/2000,4.2025,5.265,3.8125,5.22,1.0175,24.21,23215599.0
02/01/2000,4.4075,4.7825,4.0,4.2025,-0.1575,-3.61,20942000.0
01/01/2000,5.625,5.625,4.1875,4.36,-1.265,-22.49,24060398.0
12/01/1999,5.0475,5.75,4.86,5.625,0.61,12.16,11087997.0
11/01/1999,5.0625,5.7825,4.9375,5.015,-0.0175,-0.35,13269199.0
10/01/1999,5.375,5.4225,4.1875,5.0325,-0.405,-7.45,17823200.0
09/01/1999,5.7825,5.985,5.015,5.4375,-0.345,-5.97,8017200.0
08/01/1999,5.6725,6.0475,5.4075,5.7825,0.11,1.94,10170000.0
07/01/1999,5.8275,6.0,5.1875,5.6725,-0.0925,-1.6,9428799.0
06/01/1999,6.095,6.095,5.36,5.765,-0.1875,-3.15,12486399.0
05/01/1999,5.6575,6.095,5.4075,5.9525,0.295,5.21,16889999.0
04/01/1999,5.235,6.4375,4.9375,5.6575,0.455,8.75,17877598.0
03/01/1999,5.97,6.2025,4.97,5.2025,-0.8125,-13.51,13830399.0
02/01/1999,7.5475,7.6575,5.845,6.015,-1.58,-20.8,13739199.0
01/01/1999,7.015,7.8125,6.75,7.595,0.6425,9.24,10713200.0
12/01/1998,6.3275,7.3125,6.125,6.9525,0.5925,9.32,12675999.0
11/01/1998,6.4375,7.515,5.9688,6.36,-0.0775,-1.2,14206399.0
10/01/1998,6.0,6.5938,4.9844,6.4375,0.2656,4.3,16866798.0
09/01/1998,7.25,7.6719,6.1406,6.1719,-1.0469,-14.5,19538400.0
08/01/1998,7.0938,9.0625,6.9844,7.2188,0.1407,1.99,22926398.0
07/01/1998,7.4688,8.5313,6.9688,7.0781,-0.3907,-5.23,23122000.0
06/01/1998,6.625,7.7656,6.2969,7.4688,0.8047,12.08,16267600.0
05/01/1998,6.375,7.0469,6.3516,6.6641,0.2657,4.15,17661597.0
04/01/1998,5.8125,6.875,5.8125,6.3984,0.5859,10.08,20720800.0
03/01/1998,5.625,5.8438,5.2969,5.8125,0.125,2.2,12780800.0
02/01/1998,5.4063,5.7656,5.3047,5.6875,0.3516,6.59,8051200.0
01/01/1998,5.2266,5.5156,5.0703,5.3359,0.1093,2.09,11012000.0
12/01/1997,5.1172,5.3125,4.6953,5.2266,0.1563,3.08,8645599.0
11/01/1997,4.6797,5.2813,4.6563,5.0703,0.3984,8.53,7119200.0
10/01/1997,4.7734,4.8672,4.3047,4.6719,-0.1094,-2.29,8998400.0
09/01/1997,4.6094,4.7813,4.2188,4.7813,0.2032,4.44,8969600.0
08/01/1997,5.0781,5.0938,4.5781,4.5781,-0.5313,-10.4,7964800.0
07/01/1997,4.3281,5.1719,4.3281,5.1094,0.7813,18.05,13682400.0
06/01/1997,3.9688,4.4375,3.9063,4.3281,0.375,9.49,6887200.0
05/01/1997,3.5625,4.0156,3.5313,3.9531,0.3906,10.96,6038400.0
04/01/1997,3.6719,3.7031,3.4063,3.5625,-0.0938,-2.57,8382400.0
03/01/1997,4.2188,4.3438,3.6563,3.6563,-0.625,-14.6,6522400.0
02/01/1997,4.1094,4.3125,4.0156,4.2813,0.1407,3.4,6760800.0
01/01/1997,3.8281,4.2031,3.7031,4.1406,0.2968,7.72,12630400.0
12/01/1996,3.8594,3.9688,3.6563,3.8438,0.0157,0.41,7260800.0
11/01/1996,3.3438,3.875,3.2813,3.8281,0.5156,15.57,12661599.0
10/01/1996,3.1875,3.5469,3.1563,3.3125,0.1094,3.42,11250400.0
09/01/1996,3.0781,3.2969,3.0313,3.2031,0.0937,3.01,8338399.0
08/01/1996,3.125,3.3594,3.1094,3.1094,-0.0469,-1.49,6931200.0
07/01/1996,3.3594,3.4375,3.0,3.1563,-0.1875,-5.61,14949600.0
06/01/1996,3.5,3.7031,3.3438,3.3438,-0.1562,-4.46,12136000.0
05/01/1996,3.3125,3.625,3.25,3.5,0.1875,5.66,10785600.0
04/01/1996,3.3438,3.4063,3.0938,3.3125,-0.0469,-1.4,25112799.0
03/01/1996,3.7344,3.8594,3.2188,3.3594,-0.375,-10.04,21109600.0
02/01/1996,4.1563,4.2188,3.625,3.7344,-0.3906,-9.47,12385600.0
01/01/1996,4.2344,4.3281,3.8125,4.125,-0.0781,-1.86,9948799.0
12/01/1995,3.8438,4.3281,3.8438,4.2031,0.3281,8.47,11721599.0
11/01/1995,3.9688,4.0938,3.8438,3.875,-0.0781,-1.98,8177600.0
10/01/1995,3.625,4.0,3.3906,3.9531,0.4062,11.45,10882400.0
09/01/1995,3.375,3.5781,3.3438,3.5469,0.1719,5.09,9221600.0
08/01/1995,3.375,3.4375,3.2031,3.375,0.0156,0.46,12242400.0
07/01/1995,3.5156,3.8125,3.1563,3.3594,-0.1406,-4.02,12719199.0
06/01/1995,3.4219,3.7031,3.4063,3.5,0.0781,2.28,13961599.0
05/01/1995,2.6719,3.4531,2.6563,3.4219,0.7188,26.59,41064797.0
04/01/1995,2.9531,2.9844,2.5469,2.7031,-0.2344,-7.98,12091200.0
03/01/1995,2.8906,3.0,2.7969,2.9375,0.0625,2.17,8820799.0
02/01/1995,2.5469,2.9219,2.5156,2.875,0.3437,13.58,9753600.0
01/01/1995,2.8594,2.8906,2.5156,2.5313,-0.3437,-11.95,7531200.0
12/01/1994,2.5313,2.9063,2.4531,2.875,0.3594,14.29,9181600.0
11/01/1994,2.5469,2.5938,2.2656,2.5156,-0.0625,-2.42,10303200.0
10/01/1994,2.6875,2.8281,2.5,2.5781,-0.1407,-5.18,14235200.0
09/01/1994,3.0938,3.3281,2.6719,2.7188,-0.375,-12.12,15313599.0
08/01/1994,2.875,3.0938,2.7969,3.0938,0.25,8.79,10200800.0
07/01/1994,2.9063,3.0156,2.7188,2.8438,-0.0312,-1.09,14734399.0
06/01/1994,2.9375,3.1719,2.6875,2.875,-0.0781,-2.64,23596800.0
05/01/1994,3.3594,3.4063,2.8125,2.9531,-0.4219,-12.5,20269600.0
04/01/1994,3.5625,3.75,3.0938,3.375,-0.25,-6.9,11280800.0
03/01/1994,4.2813,4.2813,3.5469,3.625,-0.6094,-14.39,17249600.0
02/01/1994,4.4063,4.8281,4.2188,4.2344,-0.1094,-2.52,10194400.0
01/01/1994,4.5,4.6719,4.25,4.3438,-0.1875,-4.14,8859200.0
12/01/1993,4.625,4.7344,4.3438,4.5313,-0.0937,-2.03,9481600.0
11/01/1993,4.75,4.75,4.125,4.625,-0.1719,-3.58,16728000.0
10/01/1993,4.6875,5.1719,4.6719,4.7969,0.0625,1.32,13493600.0
09/01/1993,4.6719,4.8594,4.3281,4.7344,0.0625,1.34,9316799.0
08/01/1993,4.0625,4.75,4.0625,4.6719,0.6094,15.0,15601598.0
07/01/1993,3.9688,4.1094,3.1875,4.0625,0.1094,2.77,17514400.0
06/01/1993,3.75,4.2188,3.7344,3.9531,0.2343,6.3,13537599.0
05/01/1993,3.5,3.875,3.5,3.7188,0.2188,6.25,10964000.0
04/01/1993,3.3281,3.5938,2.9375,3.5,0.1562,4.67,20076800.0
03/01/1993,3.6094,3.9063,3.2656,3.3438,-0.2656,-7.36,17328797.0
02/01/1993,3.9375,4.1719,3.3125,3.6094,-0.4062,-10.12,21630398.0
01/01/1993,3.7813,4.1875,3.6875,4.0156,0.25,6.64,16935999.0
12/01/1992,3.5469,3.875,3.5156,3.7656,0.2656,7.59,17413599.0
11/01/1992,3.375,3.6719,3.3438,3.5,0.1562,4.67,11786400.0
10/01/1992,3.0,3.3906,2.7188,3.3438,0.3438,11.46,15893599.0
09/01/1992,2.8594,3.0625,2.6094,3.0,0.125,4.35,14484800.0
08/01/1992,3.2188,3.2188,2.8594,2.875,-0.3438,-10.68,15537599.0
07/01/1992,2.1875,3.2813,2.1875,3.2188,1.0625,49.27,24668799.0
06/01/1992,2.7656,2.875,2.1563,2.1563,-0.625,-22.47,18466400.0
05/01/1992,2.6563,2.9531,2.5938,2.7813,0.125,4.71,21143200.0
04/01/1992,3.3281,3.5,2.2344,2.6563,-0.7187,-21.29,37902400.0
03/01/1992,3.5938,3.7969,3.1406,3.375,-0.2188,-6.09,22395199.0
02/01/1992,3.4844,3.9688,3.3281,3.5938,0.1094,3.14,27920797.0
01/01/1992,2.9375,3.5156,2.7344,3.4844,0.5469,18.62,31209598.0
12/01/1991,2.2344,3.1406,2.1563,2.9375,0.6875,30.56,14956800.0
11/01/1991,1.9063,2.3281,1.8594,2.25,0.3281,17.07,11759200.0
10/01/1991,1.9688,2.0625,1.8594,1.9219,-0.0156,-0.81,5904800.0
09/01/1991,1.8281,1.9688,1.6875,1.9375,0.1094,5.98,3779200.0
08/01/1991,1.7344,1.8906,1.5625,1.8281,0.0781,4.46,3942400.0
07/01/1991,1.5781,1.75,1.5469,1.75,0.1719,10.89,3985600.0
06/01/1991,1.9844,1.9844,1.5313,1.5781,-0.4063,-20.47,5492800.0
05/01/1991,2.0938,2.1875,1.7813,1.9844,-0.1094,-5.22,5967200.0
04/01/1991,1.8125,2.2969,1.7188,2.0938,0.2813,15.52,7987200.0
03/01/1991,1.8125,1.9688,1.6875,1.8125,0.0,0.0,8615200.0
02/01/1991,1.5,1.9688,1.4844,1.8125,0.3125,20.83,14146400.0
01/01/1991,1.1719,1.5156,1.1563,1.5,0.3281,28.0,10045599.0
12/01/1990,0.9063,1.2969,0.8594,1.1719,0.2656,29.31,16519199.0
11/01/1990,0.875,1.0,0.8438,0.9063,0.0313,3.58,3573600.0
10/01/1990,0.875,0.9063,0.7813,0.875,0.0,0.0,5009600.0
09/01/1990,0.9375,0.9531,0.8438,0.875,-0.0781,-8.19,3062400.0
08/01/1990,1.0938,1.0938,0.75,0.9531,-0.1407,-12.86,5380800.0
07/01/1990,1.125,1.1563,1.0625,1.0938,-0.0312,-2.77,7742400.0
06/01/1990,1.0938,1.1563,1.0313,1.125,0.0312,2.85,6123200.0
05/01/1990,1.0938,1.1563,1.0313,1.0938,-0.0156,-1.41,5207200.0
04/01/1990,1.1719,1.2656,1.0938,1.1094,-0.0625,-5.33,8607999.0
03/01/1990,1.0625,1.1875,0.9375,1.1719,0.1094,10.3,9367200.0
02/01/1990,0.9844,1.0938,0.9375,1.0625,0.0781,7.93,7723200.0
01/01/1990,1.4063,1.5625,0.9063,0.9844,-0.4062,-29.21,10867200.0
12/01/1989,1.5469,1.5938,1.1875,1.3906,-0.1563,-10.1,8741600.0
11/01/1989,1.9688,1.9688,1.5469,1.5469,-0.4219,-21.43,5831200.0
10/01/1989,2.1719,2.3281,1.8281,1.9688,-0.2031,-9.35,8186400.0
09/01/1989,2.1719,2.2188,2.0469,2.1719,0.0,0.0,8575200.0
08/01/1989,2.0156,2.25,1.9063,2.1719,0.1563,7.75,10736000.0
07/01/1989,2.0,2.125,1.9063,2.0156,0.0156,0.78,8414400.0
06/01/1989,2.0938,2.3281,2.0,2.0,-0.0938,-4.48,10714400.0
05/01/1989,1.7031,2.3594,1.6875,2.0938,0.375,21.82,11536000.0
04/01/1989,1.5469,1.7813,1.5469,1.7188,0.1719,11.11,8199199.0
03/01/1989,1.2969,1.6406,1.2813,1.5469,0.25,19.28,8524000.0
02/01/1989,1.4375,1.5469,1.25,1.2969,-0.1406,-9.78,5578400.0
01/01/1989,1.375,1.4375,1.3281,1.4375,0.0469,3.37,7416800.0
12/01/1988,1.2031,1.4375,1.1875,1.3906,0.1875,15.58,11057600.0
11/01/1988,1.0781,1.2031,1.0781,1.2031,0.125,11.59,8575200.0
10/01/1988,1.0781,1.1094,1.0,1.0781,0.0,0.0,4012800.0
09/01/1988,0.9219,1.1406,0.9219,1.0781,0.1562,16.94,5752800.0
08/01/1988,1.0,1.0313,0.8906,0.9219,-0.0781,-7.81,5429600.0
07/01/1988,0.9375,1.0,0.9219,1.0,0.0625,6.67,4471200.0
06/01/1988,0.8125,1.0,0.8125,0.9375,0.1406,17.64,7953600.0
05/01/1988,0.8906,0.8906,0.7656,0.7969,-0.0937,-10.52,6520800.0
04/01/1988,0.9531,0.9531,0.8594,0.8906,-0.0625,-6.56,5239200.0
03/01/1988,1.0313,1.0781,0.8438,0.9531,-0.0782,-7.58,7823200.0
02/01/1988,1.0625,1.25,0.9688,1.0313,-0.0312,-2.94,4541600.0
01/01/1988,1.0625,1.25,0.9375,1.0625,0.0156,1.49,3508800.0
12/01/1987,0.8906,1.1563,0.8438,1.0469,0.1563,17.55,7458400.0
