12/01/2022,3.7,4.438,1.9101,2.33,0.0,0.0,505800.0
11/01/2022,4.9,5.523,3.8,4.111,0.0,0.0,153330.0
10/01/2022,5.4,6.09,3.7,4.8,0.0,0.0,514500.0
09/01/2022,6.9,7.0,3.76,5.1,0.0,0.0,138230.0
08/01/2022,7.826,8.2,6.555,6.555,0.0,0.0,655710.0
07/01/2022,8.3,28.8,6.7,7.938,0.0,0.0,4368200.0
06/01/2022,9.9,12.4,7.0,8.398,0.0,0.0,612410.0
05/01/2022,11.2,12.2,6.458,9.748,0.0,0.0,547960.0
04/01/2022,15.6,17.9,10.8,11.3,0.0,0.0,8583599.0
03/01/2022,13.6,17.2,10.5,15.6,0.0,0.0,1090579.0
02/01/2022,17.0,18.4,11.5,13.8,0.0,0.0,936940.0
01/01/2022,36.2,36.2,13.2,17.3,0.0,0.0,4233119.0
12/01/2021,27.0,51.9,20.8,33.3,0.0,0.0,44775387.0
11/01/2021,17.0,52.0,11.9,28.6,0.0,0.0,68471132.0
10/01/2021,20.0,22.0,15.6,17.4,0.0,0.0,381050.0
09/01/2021,23.1,24.5,18.0,20.0,0.0,0.0,84240.0
08/01/2021,29.7,31.399,19.4,22.5,0.0,0.0,135910.0
07/01/2021,31.6,34.417,28.722,30.4,0.0,0.0,131340.0
06/01/2021,30.3,39.6,28.75,31.3,0.0,0.0,281989.0
05/01/2021,32.2,44.5,28.2,30.3,0.0,0.0,987770.0
04/01/2021,37.3,37.3,28.7,32.2,0.0,0.0,65870.0
03/01/2021,33.5,41.198,26.912,37.3,0.0,0.0,126960.0
02/01/2021,34.0,52.0,30.8,33.3,0.0,0.0,312870.0
01/01/2021,45.0,47.402,33.5,33.6,0.0,0.0,122830.0
