12/01/2022,71.73,72.2564,67.42,69.14,-2.31,-3.23,17958700.0
11/01/2022,61.23,72.43,60.2052,71.45,10.84,17.88,23862800.0
10/01/2022,58.13,62.98,56.97,60.61,2.87,4.97,22909000.0
09/01/2022,61.4,64.025,56.85,57.74,-3.97,-6.43,23170700.0
08/01/2022,74.24,75.115,61.61,61.71,-12.75,-17.12,26412900.0
07/01/2022,68.75,74.75,67.8722,74.46,5.34,7.73,17093100.0
06/01/2022,70.49,71.65,63.02,69.12,-0.91,-1.3,19386000.0
05/01/2022,65.77,71.81,64.0005,70.03,4.42,6.74,21200700.0
04/01/2022,65.72,72.07,64.83,65.61,-0.21,-0.32,18948201.0
03/01/2022,61.08,66.98,59.62,65.82,4.97,8.17,21922400.0
02/01/2022,62.25,65.48,57.273,60.85,-0.87,-1.41,18233600.0
01/01/2022,70.88,71.15,58.43,61.72,-9.27,-13.06,18993305.0
12/01/2021,66.6,71.7081,65.58,70.99,4.83,7.3,17500000.0
11/01/2021,69.0,70.0329,65.84,66.16,-2.33,-3.4,17731903.0
10/01/2021,60.57,69.51,59.51,68.49,8.23,13.66,16660500.0
09/01/2021,62.99,64.27,60.0,60.26,-2.5,-3.98,19373500.0
08/01/2021,63.0,65.735,62.0,62.76,0.27,0.43,20537000.0
07/01/2021,53.61,63.32,53.61,62.49,8.9,16.61,18514900.0
06/01/2021,53.4,55.06,51.53,53.59,0.57,1.08,17769400.0
05/01/2021,53.69,56.86,51.51,53.02,-0.42,-0.79,20124800.0
04/01/2021,51.07,54.345,50.79,53.44,2.39,4.68,20208300.0
03/01/2021,48.41,51.94,45.63,51.05,3.29,6.89,23219200.0
02/01/2021,50.73,54.3599,47.64,47.76,-2.67,-5.29,18143800.0
01/01/2021,49.45,54.67,48.3,50.43,1.33,2.71,16673900.0
12/01/2020,49.05,50.35,47.22,49.1,0.46,0.95,15594500.0
11/01/2020,46.85,52.99,46.01,48.64,2.33,5.03,17901500.0
10/01/2020,42.13,47.34,41.14,46.31,4.13,9.79,18798800.0
09/01/2020,45.55,46.76,39.095,42.18,-3.47,-7.6,24833000.0
08/01/2020,43.17,48.38,43.115,45.65,2.29,5.28,18956900.0
07/01/2020,38.84,44.41,36.38,43.36,4.47,11.49,25781900.0
06/01/2020,39.38,42.27,36.94,38.89,-0.54,-1.37,27637700.0
05/01/2020,36.03,40.495,33.93,39.43,2.69,7.32,24998500.0
04/01/2020,38.01,41.73,34.365,36.74,-2.37,-6.06,33485500.0
03/01/2020,48.05,52.8899,34.45,39.11,-8.68,-18.16,45302400.0
02/01/2020,48.09,52.74,46.51,47.79,-0.16,-0.33,19610800.0
01/01/2020,46.22,49.2,45.62,47.95,1.92,4.17,12819600.0
12/01/2019,44.23,46.5,43.17,46.03,2.01,4.57,18843700.0
11/01/2019,45.58,45.7998,42.93,44.02,-1.46,-3.21,16945400.0
10/01/2019,47.95,48.01,43.02,45.48,-2.33,-4.87,18168900.0
09/01/2019,46.09,48.59,45.75,47.81,1.51,3.26,15800500.0
08/01/2019,46.27,48.695,44.36,46.3,0.16,0.35,17147800.0
07/01/2019,47.09,48.54,45.24,46.14,-0.64,-1.37,16372900.0
06/01/2019,43.9,46.93,43.79,46.78,2.91,6.63,14872300.0
05/01/2019,41.82,44.005,41.07,43.87,2.26,5.43,21355200.0
04/01/2019,40.45,43.96,40.1,41.61,1.46,3.64,27882800.0
03/01/2019,41.62,42.36,38.92,40.15,-1.19,-2.88,33289100.0
02/01/2019,43.01,45.99,41.315,41.34,-1.58,-3.68,20249000.0
01/01/2019,39.7,43.83,39.15,42.92,2.66,6.61,16454100.0
12/01/2018,46.7,47.09,37.52,40.26,-5.94,-12.86,23425800.0
11/01/2018,41.49,46.34,41.46,46.2,4.73,11.41,23692900.0
10/01/2018,44.42,44.525,39.33,41.47,-2.73,-6.18,32193100.0
09/01/2018,42.0,44.29,41.21,44.2,2.24,5.34,21493100.0
08/01/2018,39.46,42.93,38.5,41.96,2.61,6.63,29275600.0
07/01/2018,35.6,39.47,35.46,39.35,3.56,9.95,19869400.0
06/01/2018,36.85,37.22,35.19,35.79,-0.9,-2.45,22337700.0
05/01/2018,36.42,37.92,35.46,36.69,0.18,0.49,18525100.0
04/01/2018,37.71,39.24,36.49,36.51,-1.23,-3.26,24865300.0
03/01/2018,37.53,39.78,36.95,37.74,0.31,0.83,19136000.0
02/01/2018,39.92,40.28,35.65,37.43,-2.54,-6.35,31789000.0
01/01/2018,37.5,40.19,37.15,39.97,2.65,7.1,20864900.0
12/01/2017,36.99,38.1,36.22,37.32,0.37,1.0,21996700.0
11/01/2017,35.51,37.11,33.45,36.95,1.49,4.2,16978200.0
10/01/2017,34.54,35.65,33.16,35.46,0.96,2.78,28622100.0
09/01/2017,35.41,35.62,33.965,34.5,-0.84,-2.38,22705200.0
08/01/2017,34.83,35.89,34.42,35.34,0.61,1.76,17753700.0
07/01/2017,33.62,35.5,32.9,34.73,1.28,3.83,23426400.0
06/01/2017,31.94,33.56,31.52,33.45,1.57,4.92,22581100.0
05/01/2017,32.52,32.58,31.17,31.88,-0.34,-1.06,18501900.0
04/01/2017,30.87,33.2,30.12,32.22,1.34,4.34,19366200.0
03/01/2017,31.03,31.34,30.02,30.88,0.15,0.49,21821500.0
02/01/2017,29.27,32.21,29.0,30.73,1.6,5.49,29266700.0
01/01/2017,28.68,29.46,28.49,29.13,0.73,2.57,23364000.0
12/01/2016,27.0,28.86,26.43,28.4,1.41,5.22,24369600.0
11/01/2016,25.7,27.43,24.9,26.99,1.39,5.43,22753200.0
10/01/2016,26.53,26.9,25.0,25.6,-0.94,-3.54,23935400.0
09/01/2016,26.38,27.0,25.72,26.54,0.1,0.38,28850500.0
08/01/2016,27.7,27.72,26.24,26.44,-1.28,-4.62,20323400.0
07/01/2016,27.06,28.81,26.34,27.72,0.68,2.51,18464900.0
06/01/2016,27.32,28.09,25.51,27.04,-0.36,-1.31,23450000.0
05/01/2016,26.67,27.52,26.37,27.4,0.73,2.74,17111900.0
04/01/2016,24.53,28.15,24.32,26.67,1.99,8.06,23647300.0
03/01/2016,23.73,24.96,22.86,24.68,1.16,4.93,26714200.0
02/01/2016,23.97,24.04,20.21,23.52,-0.67,-2.77,42237200.0
01/01/2016,25.62,25.9,22.66,24.19,-1.83,-7.03,32287100.0
12/01/2015,27.94,28.49,25.2,26.02,-1.83,-6.57,25689500.0
11/01/2015,28.21,28.38,25.84,27.85,-0.41,-1.45,32036200.0
10/01/2015,27.09,29.68,25.15,28.26,1.16,4.28,30715600.0
09/01/2015,29.03,29.96,26.49,27.1,-2.55,-8.6,26648400.0
08/01/2015,30.7,32.02,22.77,29.65,-0.86,-2.82,27579000.0
07/01/2015,29.72,30.91,28.65,30.51,1.08,3.67,19398700.0
06/01/2015,29.08,30.23,28.7,29.43,0.37,1.27,19498000.0
05/01/2015,27.75,29.2,27.29,29.06,1.38,4.99,20846700.0
04/01/2015,26.05,28.39,25.88,27.68,1.63,6.26,25901000.0
03/01/2015,24.92,27.18,24.74,26.05,1.2,4.83,26318600.0
02/01/2015,22.75,25.07,22.32,24.85,2.22,9.81,22481600.0
01/01/2015,22.76,23.32,22.11,22.63,-0.07,-0.31,16663100.0
12/01/2014,22.58,23.38,21.53,22.7,0.1,0.44,23801500.0
11/01/2014,21.86,22.75,21.43,22.6,0.73,3.34,17974400.0
10/01/2014,21.15,22.11,19.74,21.87,0.73,3.45,32627000.0
09/01/2014,22.17,22.49,21.0,21.14,-1.03,-4.65,26186100.0
08/01/2014,21.01,22.22,20.96,22.17,1.17,5.57,26042200.0
07/01/2014,20.73,21.1,19.9,21.0,0.28,1.35,25993000.0
06/01/2014,20.02,20.84,19.69,20.72,0.7,3.5,31364200.0
05/01/2014,18.87,20.27,18.52,20.02,1.25,6.66,27188300.0
04/01/2014,19.93,20.15,18.49,18.77,-1.11,-5.58,40943700.0
03/01/2014,18.58,19.96,18.48,19.88,1.19,6.37,40492500.0
02/01/2014,17.73,19.09,16.81,18.69,0.99,5.59,41044200.0
01/01/2014,18.12,18.48,17.3,17.7,-0.43,-2.37,29734300.0
12/01/2013,18.03,18.5,16.92,18.13,0.06,0.33,29220500.0
11/01/2013,18.07,18.31,17.41,18.07,0.06,0.33,18153000.0
10/01/2013,18.57,19.33,18.01,18.01,-0.61,-3.28,30001900.0
09/01/2013,18.3,18.88,17.88,18.62,0.54,2.99,21055500.0
08/01/2013,19.12,19.49,18.05,18.08,-0.89,-4.69,24165100.0
07/01/2013,17.88,19.03,17.88,18.97,0.94,5.21,29771900.0
06/01/2013,17.95,18.12,16.9,18.03,0.05,0.28,31249100.0
05/01/2013,16.77,19.59,16.4,17.98,1.1,6.52,27795100.0
04/01/2013,16.74,17.19,15.38,16.88,0.15,0.9,20654800.0
03/01/2013,15.49,16.76,15.27,16.73,1.19,7.66,21519700.0
02/01/2013,15.0,15.91,14.79,15.54,0.61,4.09,30076800.0
01/01/2013,14.08,15.08,13.91,14.93,1.12,8.11,20888500.0
12/01/2012,13.99,14.58,13.54,13.81,-0.12,-0.86,25100000.0
11/01/2012,14.07,14.26,13.0,13.93,-0.11,-0.78,20486100.0
10/01/2012,13.47,14.48,13.2,14.04,0.58,4.31,14268000.0
09/01/2012,13.06,13.99,13.02,13.46,0.42,3.22,13433100.0
08/01/2012,12.9,13.21,12.62,13.04,0.19,1.48,13333500.0
07/01/2012,12.44,13.23,12.2,12.85,0.48,3.88,14407800.0
06/01/2012,11.24,12.59,10.96,12.37,0.92,8.03,15150600.0
05/01/2012,11.56,11.93,10.81,11.45,-0.13,-1.12,15732200.0
04/01/2012,11.23,11.61,10.58,11.58,0.32,2.84,13836100.0
03/01/2012,11.34,11.47,10.83,11.26,-0.08,-0.71,15714100.0
02/01/2012,11.13,11.47,10.91,11.34,0.24,2.16,20497200.0
01/01/2012,10.87,11.33,10.46,11.1,0.45,4.23,13542900.0
12/01/2011,10.19,10.87,9.54,10.65,0.4,3.9,16417100.0
11/01/2011,9.72,10.58,9.26,10.25,0.25,2.5,15156900.0
10/01/2011,9.06,10.74,8.53,10.0,0.84,9.17,19182600.0
09/01/2011,10.19,10.43,9.03,9.16,-1.06,-10.37,17165900.0
08/01/2011,10.6,10.62,8.37,10.22,-0.25,-2.39,31642800.0
07/01/2011,11.69,12.12,10.06,10.47,-1.21,-10.36,16130800.0
06/01/2011,11.49,11.75,10.63,11.68,0.2,1.74,16654400.0
05/01/2011,11.81,11.95,11.08,11.48,-0.29,-2.46,12983600.0
04/01/2011,11.15,11.95,11.1,11.77,0.71,6.42,14838200.0
03/01/2011,10.89,11.15,10.22,11.06,0.16,1.47,20786100.0
02/01/2011,8.74,11.25,8.63,10.9,2.23,25.72,29640300.0
01/01/2011,8.33,8.83,8.0,8.67,0.42,5.09,16890000.0
12/01/2010,8.18,8.49,8.07,8.25,0.19,2.36,17583700.0
11/01/2010,8.32,8.39,7.78,8.06,-0.22,-2.66,22767700.0
10/01/2010,8.69,8.88,8.03,8.28,-0.34,-3.94,12374800.0
09/01/2010,7.82,8.75,7.73,8.62,0.93,12.09,18001100.0
08/01/2010,8.51,8.75,7.65,7.69,-0.83,-9.74,13115900.0
07/01/2010,7.46,8.56,7.09,8.52,1.12,15.14,21739500.0
06/01/2010,8.46,8.64,7.38,7.4,-1.14,-13.35,25806300.0
05/01/2010,9.02,9.32,7.89,8.54,-0.44,-4.9,47980300.0
04/01/2010,9.24,9.74,8.97,8.98,-0.2,-2.18,23495100.0
03/01/2010,8.1,9.28,8.1,9.18,1.12,13.9,25684700.0
02/01/2010,7.69,8.31,7.29,8.06,0.39,5.08,16058400.0
01/01/2010,8.24,8.49,7.56,7.67,-0.52,-6.35,17560700.0
12/01/2009,7.78,8.3,7.56,8.19,0.47,6.09,29087000.0
11/01/2009,6.88,7.9,6.62,7.72,0.85,12.37,26844700.0
10/01/2009,6.97,7.58,6.24,6.87,-0.14,-2.0,27294600.0
09/01/2009,7.06,7.41,6.75,7.01,-0.07,-0.99,26529700.0
08/01/2009,6.39,7.77,5.76,7.08,0.76,12.03,23941300.0
07/01/2009,5.5,6.48,5.22,6.32,0.84,15.33,15312100.0
06/01/2009,5.44,5.85,4.5,5.48,0.13,2.43,21926600.0
05/01/2009,4.52,5.66,4.23,5.35,0.82,18.1,30361800.0
04/01/2009,3.41,4.73,3.27,4.53,1.04,29.8,31125700.0
03/01/2009,3.31,3.73,2.66,3.49,0.11,3.25,30612800.0
02/01/2009,4.51,4.94,3.15,3.38,-1.17,-25.71,27411800.0
01/01/2009,4.97,5.39,4.09,4.55,-0.42,-8.45,37763400.0
12/01/2008,5.7,5.79,4.74,4.97,-0.85,-14.6,43349900.0
11/01/2008,6.87,7.21,4.14,5.82,-1.08,-15.65,43050200.0
10/01/2008,8.3,8.55,5.83,6.9,-1.46,-17.46,51026500.0
09/01/2008,10.4,10.4,7.96,8.36,-1.85,-18.12,45581300.0
08/01/2008,9.51,10.58,9.33,10.21,0.64,6.69,24633600.0
07/01/2008,9.73,10.06,9.02,9.57,-0.29,-2.94,31441500.0
06/01/2008,10.75,10.98,9.5,9.86,-0.84,-7.85,36290400.0
05/01/2008,11.19,11.56,10.41,10.7,-0.41,-3.69,31627500.0
04/01/2008,10.15,11.28,10.11,11.11,0.97,9.57,31104100.0
03/01/2008,10.76,11.07,9.3,10.14,-0.66,-6.11,47497500.0
02/01/2008,12.03,12.1,10.56,10.8,-1.2,-10.0,32295100.0
01/01/2008,13.98,14.0,11.23,12.0,-2.05,-14.59,26615900.0
12/01/2007,13.38,14.15,12.85,14.05,0.77,5.8,19344300.0
11/01/2007,14.36,14.5,12.7,13.28,-1.19,-8.22,75776000.0
10/01/2007,12.84,14.5,12.78,14.47,1.57,12.17,23310100.0
09/01/2007,12.21,12.97,12.15,12.9,0.68,5.56,11916800.0
08/01/2007,12.07,12.55,10.52,12.22,0.1,0.83,30833400.0
07/01/2007,12.7,13.0,11.68,12.12,-0.66,-5.16,15187400.0
06/01/2007,13.98,14.03,12.21,12.78,-1.2,-8.58,15703500.0
05/01/2007,12.14,14.04,12.07,13.98,1.83,15.06,30590400.0
04/01/2007,11.89,12.61,11.58,12.15,0.29,2.45,14172200.0
03/01/2007,11.5,12.33,11.33,11.86,0.13,1.11,29610900.0
02/01/2007,10.7,12.1,10.53,11.73,1.08,10.14,20960200.0
01/01/2007,10.27,10.89,10.03,10.65,0.4,3.9,17242100.0
12/01/2006,9.87,10.58,9.81,10.25,0.38,3.85,15261900.0
11/01/2006,9.13,9.93,8.75,9.87,0.75,8.22,16079500.0
10/01/2006,9.31,9.35,9.01,9.12,-0.22,-2.36,10683900.0
09/01/2006,8.4,9.43,8.21,9.34,0.94,11.19,13786900.0
08/01/2006,7.44,8.41,7.32,8.4,0.89,11.85,13008400.0
07/01/2006,8.12,8.14,7.35,7.51,-0.63,-7.74,9856400.0
06/01/2006,7.97,8.29,7.68,8.14,0.15,1.88,13167200.0
05/01/2006,8.02,8.4,7.7,7.99,-0.06,-0.75,15144600.0
04/01/2006,8.09,8.65,7.88,8.05,0.25,3.21,19620400.0
03/01/2006,7.98,8.35,7.6,7.8,-0.15,-1.89,16553500.0
02/01/2006,8.05,8.49,7.88,7.95,-0.23,-2.81,8987800.0
01/01/2006,8.2,8.38,7.64,8.18,0.0,0.0,12644400.0
12/01/2005,8.2,8.45,8.04,8.18,-0.03,-0.37,8917200.0
11/01/2005,8.36,8.64,8.05,8.21,-0.16,-1.91,15067800.0
10/01/2005,8.26,8.5,7.72,8.37,0.08,0.97,13419300.0
09/01/2005,8.49,8.91,8.21,8.29,-0.2,-2.36,14637000.0
08/01/2005,8.68,8.79,8.11,8.49,-0.18,-2.08,17828700.0
07/01/2005,8.01,8.78,7.97,8.67,0.65,8.1,24133100.0
06/01/2005,7.59,8.14,7.35,8.02,0.44,5.8,46601400.0
05/01/2005,7.08,7.7,6.86,7.58,0.54,7.67,32312100.0
04/01/2005,7.45,7.62,6.5,7.04,-0.44,-5.88,21609300.0
03/01/2005,7.52,7.9,7.2,7.48,-0.06,-0.8,23876600.0
02/01/2005,6.82,7.65,6.77,7.54,0.64,9.28,14471300.0
01/01/2005,7.28,7.4,6.8,6.9,-0.55,-7.38,24932000.0
12/01/2004,7.04,7.45,6.97,7.45,0.39,5.52,16838500.0
11/01/2004,6.61,7.07,6.28,7.06,0.45,6.81,18998700.0
10/01/2004,6.18,6.75,6.11,6.61,0.4,6.44,14328900.0
09/01/2004,5.99,6.6,5.98,6.21,0.2,3.33,14232200.0
08/01/2004,6.31,6.5,5.83,6.01,-0.34,-5.35,14309400.0
07/01/2004,7.36,7.38,6.07,6.35,-1.02,-13.84,20003900.0
06/01/2004,7.2,7.48,7.15,7.37,0.17,2.36,28106100.0
05/01/2004,7.37,7.6,6.96,7.2,-0.19,-2.57,39950700.0
04/01/2004,7.5,7.74,7.23,7.39,-0.08,-1.07,21093600.0
03/01/2004,6.77,7.68,6.43,7.47,0.7,10.34,39972500.0
02/01/2004,6.87,7.06,6.48,6.77,-0.1,-1.46,17379400.0
01/01/2004,5.37,7.29,5.33,6.87,1.48,27.46,33125500.0
12/01/2003,5.0,5.72,4.85,5.39,0.44,8.89,19225400.0
11/01/2003,4.89,5.0,4.41,4.95,0.1,2.06,14354000.0
10/01/2003,4.56,5.19,4.56,4.85,0.28,6.13,15647300.0
09/01/2003,4.0,5.23,3.9,4.57,0.57,14.25,16884800.0
08/01/2003,4.04,4.23,3.75,4.0,-0.03,-0.74,12958500.0
07/01/2003,3.82,4.38,3.77,4.03,0.16,4.13,12607700.0
06/01/2003,4.17,4.27,3.63,3.87,-0.29,-6.97,21071700.0
05/01/2003,3.38,4.26,3.28,4.16,0.78,23.08,18386300.0
04/01/2003,2.76,3.5,2.67,3.38,0.6,21.58,11770100.0
03/01/2003,3.07,3.2,2.72,2.78,-0.29,-9.45,19167900.0
02/01/2003,3.3,3.46,2.95,3.07,-0.24,-7.25,9827500.0
01/01/2003,3.42,3.9,3.05,3.31,-0.01,-0.3,12965000.0
12/01/2002,3.45,3.78,3.21,3.32,0.0,0.0,13554200.0
11/01/2002,3.15,3.58,2.51,3.32,0.17,5.4,15290700.0
10/01/2002,3.32,3.4,2.42,3.15,-0.35,-10.0,12671100.0
09/01/2002,3.67,3.69,2.93,3.5,-0.22,-5.91,12042500.0
08/01/2002,2.28,3.89,2.25,3.72,1.47,65.33,17622400.0
07/01/2002,4.75,4.78,2.23,2.25,-2.58,-53.42,25063100.0
06/01/2002,4.14,4.9,3.91,4.83,0.69,16.67,18131400.0
05/01/2002,3.95,4.64,3.8,4.14,0.23,5.88,16594800.0
04/01/2002,5.2,5.25,3.4,3.91,-1.39,-26.23,47635100.0
03/01/2002,4.7,5.58,4.45,5.3,0.47,9.73,23637900.0
02/01/2002,5.26,5.45,4.25,4.83,-0.27,-5.29,15301800.0
01/01/2002,4.99,5.65,4.41,5.1,0.11,2.2,25157700.0
12/01/2001,5.7,5.84,4.5,4.99,-0.88,-14.99,33881200.0
11/01/2001,6.3,6.5,5.7,5.87,-0.5,-7.85,14153400.0
10/01/2001,6.0,6.5,5.4,6.37,0.35,5.81,18493600.0
09/01/2001,6.9,6.93,5.4,6.02,-0.91,-13.13,21709100.0
08/01/2001,7.8,7.92,6.4,6.93,-0.97,-12.28,27563400.0
07/01/2001,6.56,7.9,6.34,7.9,1.54,24.21,30584200.0
06/01/2001,7.03,7.06,5.11,6.36,-0.7,-9.92,59943400.0
05/01/2001,4.6,7.39,4.38,7.06,2.39,51.18,40451600.0
04/01/2001,4.8,5.43,4.0,4.67,-0.08,-1.68,21512800.0
03/01/2001,3.5,4.85,3.4,4.75,1.18,33.05,27351300.0
02/01/2001,3.95,4.0,3.2,3.57,-0.28,-7.27,12099600.0
01/01/2001,1.81,3.99,1.56,3.85,2.1,120.0,25944000.0
12/01/2000,1.88,2.22,1.69,1.75,-0.13,-6.91,29559800.0
11/01/2000,2.25,2.75,1.69,1.88,-0.43,-18.61,20754900.0
10/01/2000,2.5,2.56,1.94,2.31,-0.13,-5.33,23071900.0
09/01/2000,2.38,3.12,2.25,2.44,0.13,5.63,25983000.0
08/01/2000,2.56,2.62,2.12,2.31,-0.25,-9.77,28283600.0
07/01/2000,3.25,3.56,2.44,2.56,-0.61,-19.24,33263900.0
06/01/2000,3.19,4.25,2.94,3.17,0.04,1.28,22440400.0
05/01/2000,5.25,5.38,2.75,3.13,-1.99,-38.87,27515700.0
04/01/2000,3.06,6.25,2.87,5.12,2.12,70.67,38180700.0
03/01/2000,3.75,4.5,2.75,3.0,-0.69,-18.7,67519000.0
02/01/2000,4.63,5.56,3.5,3.69,-0.87,-19.08,39288700.0
01/01/2000,7.0,7.44,4.56,4.56,-2.38,-34.29,33278000.0
12/01/1999,7.37,7.56,6.19,6.94,-0.62,-8.2,38184300.0
11/01/1999,9.62,10.81,7.19,7.56,-2.0,-20.92,32876500.0
10/01/1999,8.03,10.44,6.98,9.56,-0.88,-8.43,58417900.0
09/01/1999,13.65,14.02,10.38,10.44,-3.21,-23.52,21361200.0
08/01/1999,15.69,15.88,13.1,13.65,-2.04,-13.0,24437700.0
07/01/1999,18.32,18.63,14.7,15.69,-3.24,-17.12,22459400.0
06/01/1999,18.87,20.16,17.09,18.93,0.0,0.0,22641700.0
05/01/1999,20.65,21.02,18.07,18.93,-1.48,-7.25,24518100.0
04/01/1999,13.88,21.15,12.96,20.41,6.47,46.41,40023700.0
03/01/1999,14.79,15.53,13.94,13.94,-1.1,-7.31,32792900.0
02/01/1999,15.77,17.97,14.61,15.04,-0.49,-3.16,68926000.0
01/01/1999,37.32,37.93,15.16,15.53,-21.6,-58.17,97188400.0
12/01/1998,36.52,38.42,35.24,37.13,0.67,1.84,16666700.0
11/01/1998,35.24,39.57,32.32,36.46,1.7,4.89,16539100.0
10/01/1998,30.17,37.81,28.71,34.76,3.74,12.06,20696700.0
09/01/1998,33.7,39.41,29.19,31.02,-1.95,-5.91,22190100.0
08/01/1998,36.98,38.93,31.9,32.97,-3.89,-10.55,25392900.0
07/01/1998,42.12,45.86,36.86,36.86,-4.78,-11.48,15454900.0
06/01/1998,39.76,44.07,37.45,41.64,1.94,4.89,14323300.0
05/01/1998,40.49,41.03,37.33,39.7,-0.36,-0.9,9436800.0
04/01/1998,40.76,42.76,38.42,40.06,-1.07,-2.6,9350000.0
03/01/1998,36.58,43.25,36.58,41.13,4.42,12.04,12985800.0
02/01/1998,38.4,38.58,35.25,36.71,-1.21,-3.19,13477500.0
01/01/1998,35.54,38.04,34.33,37.92,2.38,6.7,10793000.0
12/01/1997,35.3,36.75,34.39,35.54,0.18,0.51,11254400.0
11/01/1997,29.44,35.48,29.38,35.36,5.92,20.11,12713900.0
10/01/1997,30.94,32.62,26.96,29.44,-1.44,-4.66,18939300.0
09/01/1997,30.88,32.14,29.67,30.88,0.0,0.0,21299600.0
08/01/1997,32.81,33.05,28.77,30.88,-1.93,-5.88,20100600.0
07/01/1997,31.89,34.49,31.53,32.81,1.16,3.67,16209400.0
06/01/1997,33.94,34.18,31.53,31.65,-2.29,-6.75,13627600.0
05/01/1997,33.09,34.66,32.61,33.94,0.97,2.94,9370500.0
04/01/1997,28.58,33.46,28.46,32.97,4.39,15.36,13640500.0
03/01/1997,27.74,32.54,27.26,28.58,0.72,2.58,15188100.0
02/01/1997,27.86,28.58,25.94,27.86,0.0,0.0,14208300.0
01/01/1997,26.6,29.3,25.82,27.86,1.02,3.8,18438400.0
12/01/1996,28.52,28.76,25.28,26.84,-2.04,-7.06,11641500.0
11/01/1996,27.56,29.48,27.08,28.88,1.56,5.71,8353300.0
10/01/1996,29.06,29.18,27.08,27.32,-1.62,-5.6,9084300.0
09/01/1996,26.67,30.38,26.43,28.94,1.97,7.3,9476100.0
08/01/1996,26.49,28.165,26.43,26.97,0.6,2.28,17189600.0
07/01/1996,27.505,27.985,23.2,26.37,-1.075,-3.92,32707200.0
06/01/1996,26.73,28.76,26.61,27.445,0.775,2.91,27199999.0
05/01/1996,25.42,27.27,24.105,26.67,1.31,5.17,32403199.0
04/01/1996,23.155,25.535,22.975,25.36,2.085,8.96,36031200.0
03/01/1996,21.725,23.63,21.485,23.275,1.67,7.73,27580399.0
02/01/1996,20.655,22.68,20.0,21.605,0.95,4.6,32019198.0
01/01/1996,20.54,21.07,18.51,20.655,-0.24,-1.15,30692800.0
12/01/1995,19.35,20.895,18.7,20.895,1.485,7.65,19978797.0
11/01/1995,18.875,20.775,17.865,19.41,0.355,1.86,32183599.0
10/01/1995,18.59,19.36,18.225,19.055,0.465,2.5,33599998.0
09/01/1995,16.635,18.705,16.4,18.59,2.015,12.16,32722798.0
08/01/1995,16.16,16.755,15.745,16.575,0.415,2.57,22271198.0
07/01/1995,14.805,16.4,14.335,16.16,1.235,8.27,20554400.0
06/01/1995,13.45,14.925,13.155,14.925,1.415,10.47,21036398.0
05/01/1995,13.215,13.685,12.92,13.51,0.175,1.31,20699600.0
04/01/1995,13.165,13.745,12.685,13.335,0.17,1.29,15269598.0
03/01/1995,13.225,13.515,12.87,13.165,-0.06,-0.45,24086797.0
02/01/1995,13.4,13.695,12.99,13.225,-0.235,-1.75,20721599.0
01/01/1995,12.935,13.635,12.295,13.46,0.465,3.58,22471200.0
12/01/1994,11.885,12.995,11.765,12.995,0.995,8.29,25984798.0
11/01/1994,12.47,12.525,11.885,12.0,-0.47,-3.77,12195999.0
10/01/1994,12.01,12.585,11.3,12.47,0.46,3.83,20547600.0
09/01/1994,12.36,12.42,11.95,12.01,-0.35,-2.83,15737199.0
08/01/1994,12.3,12.42,11.95,12.36,0.06,0.49,12941599.0
07/01/1994,11.905,12.36,11.555,12.3,0.34,2.84,12119200.0
06/01/1994,11.38,12.02,11.265,11.96,0.58,5.1,11550000.0
05/01/1994,11.44,12.02,10.975,11.38,-0.06,-0.52,11660398.0
04/01/1994,11.565,11.91,10.45,11.44,-0.24,-2.05,16619199.0
03/01/1994,12.375,12.95,11.39,11.68,-0.695,-5.62,15339200.0
02/01/1994,12.14,12.95,11.795,12.375,0.175,1.43,15095600.0
01/01/1994,12.035,12.255,11.46,12.2,0.11,0.91,17519199.0
12/01/1993,11.115,12.15,11.055,12.09,0.805,7.13,16333999.0
11/01/1993,11.975,11.975,10.825,11.285,-0.75,-6.23,21016397.0
10/01/1993,11.415,12.09,11.23,12.035,0.62,5.43,21161198.0
09/01/1993,11.125,11.585,10.785,11.415,0.29,2.61,14665598.0
08/01/1993,10.955,11.47,10.44,11.125,0.17,1.55,17876399.0
07/01/1993,9.475,11.01,9.475,10.955,1.535,16.3,19182000.0
06/01/1993,9.59,9.82,9.305,9.42,-0.17,-1.77,14569998.0
05/01/1993,8.905,10.105,8.735,9.59,0.74,8.36,16914000.0
04/01/1993,9.545,9.66,8.45,8.85,-0.695,-7.28,22653199.0
03/01/1993,8.465,9.885,8.465,9.545,1.08,12.76,22011599.0
02/01/1993,8.41,8.635,8.235,8.465,0.115,1.38,26439999.0
01/01/1993,8.305,8.69,8.125,8.35,0.1,1.21,14853998.0
12/01/1992,8.08,8.365,8.025,8.25,0.17,2.1,12610399.0
11/01/1992,7.74,8.135,7.57,8.08,0.34,4.39,17900000.0
10/01/1992,7.81,7.965,7.585,7.74,-0.125,-1.59,14234400.0
09/01/1992,7.755,7.865,7.47,7.865,0.055,0.7,16601200.0
08/01/1992,8.09,8.09,7.53,7.81,-0.28,-3.46,10641199.0
07/01/1992,7.65,8.315,7.315,8.09,0.4567,5.98,14648800.0
06/01/1992,8.23,8.23,7.4833,7.6333,-0.56,-6.83,17183699.0
05/01/1992,7.82,8.3767,7.7067,8.1933,0.3733,4.77,22926599.0
04/01/1992,8.0733,8.1867,7.15,7.82,-0.33,-4.05,31870800.0
03/01/1992,7.9633,8.1867,7.74,8.15,0.15,1.88,29935798.0
02/01/1992,7.2967,8.11,7.15,8.0,0.74,10.19,28998898.0
01/01/1992,7.8467,7.8467,6.9633,7.26,-0.6967,-8.76,38692798.0
12/01/1991,7.0,7.9567,6.5933,7.9567,0.9567,13.67,48470400.0
11/01/1991,7.55,7.55,6.8133,7.0,-0.55,-7.28,32525100.0
10/01/1991,7.5467,7.7367,7.0733,7.55,0.04,0.53,41229899.0
09/01/1991,7.58,7.8367,7.0333,7.51,-0.2167,-2.8,16219799.0
08/01/1991,7.8367,7.9467,7.3267,7.7267,-0.11,-1.4,21162597.0
07/01/1991,6.3367,7.9833,6.3367,7.8367,1.5,23.67,29466000.0
06/01/1991,7.32,7.3533,6.1167,6.3367,-1.0166,-13.83,27354600.0
05/01/1991,7.21,7.72,7.0267,7.3533,0.18,2.51,21423599.0
04/01/1991,7.1733,7.9733,7.0633,7.1733,0.0,0.0,27304200.0
03/01/1991,7.2067,7.4967,6.92,7.1733,-0.0334,-0.46,28893598.0
02/01/1991,7.0267,7.6067,6.8467,7.2067,0.2167,3.1,28651499.0
01/01/1991,6.37,7.1367,5.83,6.99,0.51,7.87,27438300.0
12/01/1990,6.37,6.9833,6.2633,6.48,0.0367,0.57,27954900.0
11/01/1990,5.9767,6.6233,5.6167,6.4433,0.4666,7.81,33270299.0
10/01/1990,5.3233,5.9767,5.0767,5.9767,0.7234,13.77,20490300.0
09/01/1990,5.3233,5.5367,5.0,5.2533,-0.14,-2.6,17648999.0
08/01/1990,5.43,5.5033,4.8933,5.3933,0.0,0.0,23955297.0
07/01/1990,5.4967,5.7167,5.0367,5.3933,-0.1034,-1.88,21307498.0
06/01/1990,5.39,5.71,5.25,5.4967,0.07,1.29,35146800.0
05/01/1990,4.6467,5.4633,4.6467,5.4267,0.78,16.79,37148398.0
04/01/1990,4.3267,4.79,4.22,4.6467,0.25,5.69,19147499.0
03/01/1990,4.1133,4.6067,4.1133,4.3967,0.2834,6.89,22027497.0
02/01/1990,3.8667,4.36,3.6933,4.1133,0.2466,6.38,17046000.0
01/01/1990,4.3567,4.6367,3.8333,3.8667,-0.49,-11.25,24164999.0
12/01/1989,4.15,4.6,3.9733,4.3567,0.2434,5.92,29308499.0
11/01/1989,3.87,4.5333,3.8,4.1133,0.21,5.38,42850800.0
10/01/1989,4.6667,4.6667,3.5567,3.9033,-0.73,-15.76,70020899.0
09/01/1989,5.22,5.2533,4.53,4.6333,-0.5867,-11.24,46241100.0
08/01/1989,5.8067,5.98,4.77,5.22,-0.6233,-10.67,42797699.0
07/01/1989,5.3933,6.0833,5.3233,5.8433,0.3833,7.02,29172599.0
06/01/1989,5.53,5.6667,5.1867,5.46,-0.1367,-2.44,25244999.0
05/01/1989,5.22,5.84,5.22,5.5967,0.3434,6.54,35873998.0
04/01/1989,4.9467,5.3567,4.88,5.2533,0.27,5.42,35226898.0
03/01/1989,4.71,5.0167,4.6067,4.9833,0.2733,5.8,23896799.0
02/01/1989,5.12,5.29,4.6067,4.71,-0.4767,-9.19,27830698.0
01/01/1989,4.6767,5.1867,4.5067,5.1867,0.4434,9.35,29826900.0
12/01/1988,4.7767,5.05,4.37,4.7433,-0.07,-1.45,40439699.0
11/01/1988,4.9467,4.9467,4.27,4.8133,-0.1334,-2.7,29775600.0
10/01/1988,5.2533,5.66,4.7433,4.9467,-0.24,-4.63,29062800.0
09/01/1988,4.6133,5.2867,4.5467,5.1867,0.54,11.62,26766900.0
08/01/1988,5.39,5.5233,4.6467,4.6467,-0.7433,-13.79,28048498.0
07/01/1988,5.5567,5.76,4.9833,5.39,-0.1667,-3.0,22878000.0
06/01/1988,5.9933,5.9933,5.0567,5.5567,-0.47,-7.8,48653999.0
05/01/1988,6.06,6.1267,5.4233,6.0267,0.0334,0.56,16835399.0
04/01/1988,6.1667,6.3267,5.69,5.9933,-0.24,-3.85,22346097.0
03/01/1988,6.7333,6.7333,6.0333,6.2333,-0.5334,-7.88,27317698.0
02/01/1988,6.3667,6.9,6.1333,6.7667,0.3334,5.18,22479298.0
01/01/1988,5.8733,6.6,5.7667,6.4333,0.6266,10.79,18137700.0
12/01/1987,5.11,6.57,5.01,5.8067,0.83,16.68,22742999.0
11/01/1987,5.9733,6.1733,4.8133,4.9767,-1.03,-17.15,20599199.0
10/01/1987,7.64,7.97,4.78,6.0067,-1.6966,-22.02,34177499.0
09/01/1987,7.8033,8.0367,6.7467,7.7033,-0.2334,-2.94,21275998.0
08/01/1987,7.2733,8.0033,7.1433,7.9367,0.5967,8.13,23287498.0
