12/01/2022,47.63,47.89,45.11,46.42,0.0,0.0,8472500.0
11/01/2022,42.97,47.5,41.48,47.4,0.0,0.0,17794700.0
10/01/2022,40.35,43.09,37.96,42.45,0.0,0.0,15467500.0
09/01/2022,43.75,46.46,39.38,39.76,0.0,0.0,16585500.0
08/01/2022,46.13,48.72,43.955,44.07,0.0,0.0,18806000.0
07/01/2022,45.82,46.81,42.83,46.44,0.0,0.0,13706200.0
06/01/2022,48.81,50.46,43.8,45.81,0.0,0.0,15833700.0
05/01/2022,49.76,51.23,46.23,48.81,0.0,0.0,21270000.0
04/01/2022,56.27,56.28,49.55,49.75,0.0,0.0,13409200.0
03/01/2022,51.76,56.9,50.74,55.83,0.0,0.0,18884500.0
02/01/2022,56.51,58.49,51.01,52.56,0.0,0.0,20928200.0
01/01/2022,56.02,58.16,53.94,56.6,0.0,0.0,15506000.0
12/01/2021,54.11,55.99,52.385,55.69,0.0,0.0,13475200.0
11/01/2021,57.25,57.8,52.48,53.08,0.0,0.0,19865910.0
10/01/2021,51.5,57.93,50.89,56.97,0.0,0.0,14620500.0
09/01/2021,51.58,52.47,48.86,51.45,0.0,0.0,11101800.0
08/01/2021,52.34,53.38,51.05,51.44,0.0,0.0,18394100.0
07/01/2021,51.56,52.21,48.85,52.03,0.0,0.0,11641300.0
06/01/2021,54.06,54.94,50.05,51.54,0.0,0.0,12456900.0
05/01/2021,54.1,55.07,52.5,53.86,0.0,0.0,13564500.0
04/01/2021,50.61,54.59,50.15,53.94,0.0,0.0,9276300.0
03/01/2021,48.93,52.15,48.66,50.55,0.0,0.0,11465100.0
02/01/2021,46.64,51.22,46.25,48.06,0.0,0.0,13061200.0
01/01/2021,44.85,49.05,43.735,46.26,0.0,0.0,9076900.0
12/01/2020,44.88,45.38,42.504,44.46,0.0,0.0,8478100.0
11/01/2020,40.45,46.23,39.91,44.49,0.0,0.0,16485800.0
10/01/2020,40.94,42.89,38.53,39.82,0.0,0.0,8479900.0
09/01/2020,41.71,42.89,39.27,40.73,0.0,0.0,8456900.0
08/01/2020,39.16,43.65,38.74,41.77,0.0,0.0,13926600.0
07/01/2020,36.78,40.13,35.54,38.97,0.0,0.0,14397400.0
06/01/2020,34.63,39.81,34.5249,36.75,0.0,0.0,15372500.0
05/01/2020,33.34,35.69,31.18,34.4,0.0,0.0,15004200.0
04/01/2020,30.78,35.6,29.69,34.35,0.0,0.0,16326400.0
03/01/2020,43.44,44.71,24.37,32.09,0.0,0.0,28414700.0
02/01/2020,47.22,50.13,42.31,43.24,0.0,0.0,12133600.0
01/01/2020,45.78,48.79,45.32,47.02,0.0,0.0,9160100.0
12/01/2019,45.47,45.9,43.92,45.57,0.0,0.0,12150100.0
11/01/2019,45.11,47.02,44.87,45.67,0.0,0.0,13725300.0
10/01/2019,44.89,45.61,42.47,44.88,0.0,0.0,12020800.0
09/01/2019,40.67,45.02,40.49,44.81,0.0,0.0,9931000.0
08/01/2019,41.33,41.35,38.4,41.01,0.0,0.0,13190500.0
07/01/2019,41.91,42.59,41.04,41.39,0.0,0.0,8960400.0
06/01/2019,38.86,41.58,38.75,41.36,0.0,0.0,10631400.0
05/01/2019,41.55,41.76,38.61,38.86,0.0,0.0,14500400.0
04/01/2019,38.68,41.73,38.68,41.53,0.0,0.0,7240300.0
03/01/2019,37.83,39.34,37.25,38.41,0.0,0.0,11054100.0
02/01/2019,36.26,38.96,34.78,37.8,0.0,0.0,11309100.0
01/01/2019,32.86,36.88,32.67,36.09,0.0,0.0,9961400.0
12/01/2018,37.41,37.43,31.49,33.19,0.0,0.0,10024000.0
11/01/2018,36.86,37.96,35.72,36.79,0.0,0.0,9019300.0
10/01/2018,40.17,40.23,35.78,36.6,0.0,0.0,15457000.0
09/01/2018,39.42,40.89,38.25,39.76,0.0,0.0,6419100.0
08/01/2018,40.92,41.22,38.1,39.74,0.0,0.0,10660700.0
07/01/2018,39.9,41.08,39.67,40.89,0.0,0.0,7287700.0
06/01/2018,41.64,42.75,39.08,40.14,0.0,0.0,7111700.0
05/01/2018,41.25,43.995,40.2,41.33,0.0,0.0,11206700.0
04/01/2018,41.13,41.75,40.09,41.28,0.0,0.0,11659400.0
03/01/2018,41.11,43.2,40.2,41.12,0.0,0.0,12863000.0
02/01/2018,43.18,43.61,39.56,41.17,0.0,0.0,12704200.0
01/01/2018,41.47,44.5,40.95,43.37,0.0,0.0,10378500.0
12/01/2017,39.89,41.4,39.82,41.26,0.0,0.0,8296800.0
11/01/2017,39.13,39.99,38.54,39.54,0.0,0.0,7899500.0
10/01/2017,39.86,40.45,38.8,38.93,0.0,0.0,5377100.0
09/01/2017,38.72,40.04,37.97,39.82,0.0,0.0,7093800.0
08/01/2017,38.52,39.2,37.39,38.39,0.0,0.0,10258900.0
07/01/2017,35.87,38.65,35.54,38.33,0.0,0.0,9331200.0
06/01/2017,32.83,35.9,32.37,35.75,0.0,0.0,11648000.0
05/01/2017,35.48,36.0,32.22,32.74,0.0,0.0,11088500.0
04/01/2017,36.43,36.56,34.76,35.32,0.0,0.0,7451300.0
03/01/2017,36.56,37.43,35.03,36.55,0.0,0.0,9008400.0
02/01/2017,39.59,40.28,36.37,36.4,0.0,0.0,10497600.0
01/01/2017,38.67,40.57,38.52,39.46,0.0,0.0,8767000.0
12/01/2016,38.74,39.63,37.78,38.41,0.0,0.0,7758500.0
11/01/2016,33.72,39.87,32.87,38.4,0.0,0.0,14326900.0
10/01/2016,32.35,33.83,32.03,33.48,0.0,0.0,8294000.0
09/01/2016,31.41,33.12,30.38,32.54,0.0,0.0,8237600.0
08/01/2016,32.99,33.06,31.38,31.53,0.0,0.0,9252800.0
07/01/2016,32.69,33.27,31.16,32.98,0.0,0.0,7073400.0
06/01/2016,34.46,35.43,30.79,32.83,0.0,0.0,9551600.0
05/01/2016,34.23,35.46,32.26,34.49,0.0,0.0,8080900.0
04/01/2016,31.84,34.5,30.99,34.1,0.0,0.0,8419000.0
03/01/2016,30.01,32.9,29.79,32.27,0.0,0.0,9615100.0
02/01/2016,28.52,30.3,26.24,29.77,0.0,0.0,10359000.0
01/01/2016,30.6,30.72,25.31,28.5,0.0,0.0,9010500.0
12/01/2015,32.94,33.77,30.59,31.2,0.0,0.0,9168400.0
11/01/2015,33.71,34.28,32.39,33.0,0.0,0.0,7901400.0
10/01/2015,32.64,34.63,31.76,33.71,0.0,0.0,9629200.0
09/01/2015,31.38,33.03,30.57,32.26,0.0,0.0,11831900.0
08/01/2015,32.58,34.87,27.87,31.87,0.0,0.0,13549000.0
07/01/2015,33.68,33.93,31.32,32.62,0.0,0.0,8379900.0
06/01/2015,31.85,35.13,31.43,33.4,0.0,0.0,15646900.0
05/01/2015,31.98,34.44,31.35,31.96,0.0,0.0,7793200.0
04/01/2015,30.74,32.96,30.49,32.03,0.0,0.0,8150100.0
03/01/2015,30.81,32.84,30.31,30.82,0.0,0.0,12005000.0
02/01/2015,31.09,33.61,30.4,30.82,0.0,0.0,13175200.0
01/01/2015,35.94,36.25,29.99,30.57,0.0,0.0,9666200.0
12/01/2014,37.27,38.08,34.69,36.06,0.0,0.0,7078200.0
11/01/2014,35.42,37.44,34.5,37.34,0.0,0.0,4658300.0
10/01/2014,36.27,36.44,31.52,35.6,0.0,0.0,5651700.0
09/01/2014,37.09,38.71,36.13,36.27,0.0,0.0,3769100.0
08/01/2014,38.06,38.4,36.23,37.19,0.0,0.0,3702800.0
07/01/2014,36.75,38.85,36.66,38.13,0.0,0.0,3559600.0
06/01/2014,33.79,36.87,33.67,36.71,0.0,0.0,4532800.0
05/01/2014,33.79,35.34,33.52,33.85,0.0,0.0,3484700.0
04/01/2014,34.74,34.95,32.28,33.84,0.0,0.0,3822900.0
03/01/2014,34.28,35.44,33.8,34.63,0.0,0.0,4564600.0
02/01/2014,33.09,36.21,31.69,34.65,0.0,0.0,6151600.0
01/01/2014,35.25,35.32,32.41,32.95,0.0,0.0,8301100.0
12/01/2013,34.5,35.58,33.46,35.33,0.0,0.0,7350900.0
11/01/2013,33.76,36.33,33.22,34.98,0.0,0.0,16461700.0
10/01/2013,31.98,34.17,31.22,33.66,0.0,0.0,3004100.0
09/01/2013,30.72,32.84,30.46,31.97,0.0,0.0,4705600.0
08/01/2013,32.54,32.99,30.01,30.43,0.0,0.0,6430600.0
07/01/2013,29.8,32.96,29.3,32.45,0.0,0.0,7242500.0
06/01/2013,29.31,30.31,28.1,29.62,0.0,0.0,8248300.0
05/01/2013,28.14,30.17,27.95,29.27,0.0,0.0,8583600.0
04/01/2013,27.29,28.32,25.54,28.19,0.0,0.0,11288000.0
03/01/2013,27.84,28.31,26.65,27.29,0.0,0.0,6676200.0
02/01/2013,29.24,29.97,27.11,27.89,0.0,0.0,6384700.0
01/01/2013,27.11,29.66,26.91,29.14,0.0,0.0,5833900.0
12/01/2012,27.42,28.48,26.03,26.53,0.0,0.0,7897100.0
11/01/2012,24.67,27.59,24.34,27.33,0.0,0.0,10252300.0
10/01/2012,23.46,25.17,23.27,24.8,0.0,0.0,6322200.0
09/01/2012,23.37,25.73,22.49,23.23,0.0,0.0,6550900.0
08/01/2012,21.82,23.64,20.73,23.36,0.0,0.0,7667200.0
07/01/2012,21.89,22.7,19.56,21.68,0.0,0.0,6934600.0
06/01/2012,20.03,22.5,18.94,21.76,0.0,0.0,10126800.0
05/01/2012,24.5,24.75,19.9,20.6,0.0,0.0,16839400.0
04/01/2012,23.72,25.15,22.12,24.5,0.0,0.0,15448700.0
03/01/2012,22.06,24.41,20.48,23.69,0.0,0.0,17375500.0
02/01/2012,20.29,22.36,20.18,21.98,0.0,0.0,11609500.0
01/01/2012,19.08,21.22,18.7,20.02,0.0,0.0,14618900.0
12/01/2011,17.98,19.56,17.59,18.52,0.0,0.0,21327600.0
11/01/2011,24.39,24.4,17.4,17.97,0.0,0.0,19799400.0
10/01/2011,23.62,26.2,21.87,25.22,0.0,0.0,19293200.0
09/01/2011,27.19,27.38,22.62,23.79,0.0,0.0,14479100.0
08/01/2011,28.17,28.17,24.18,27.05,0.0,0.0,22509100.0
07/01/2011,30.2,30.75,27.66,27.7,0.0,0.0,8595700.0
06/01/2011,31.39,31.41,28.25,30.08,0.0,0.0,9571400.0
05/01/2011,32.77,33.2,30.05,31.43,0.0,0.0,8250300.0
04/01/2011,31.73,32.77,30.13,32.76,0.0,0.0,8026600.0
03/01/2011,33.05,33.14,29.46,31.43,0.0,0.0,12144100.0
02/01/2011,31.82,34.66,31.8,33.24,0.0,0.0,9545300.0
01/01/2011,30.31,32.06,30.17,31.5,0.0,0.0,6738100.0
12/01/2010,27.29,30.75,27.27,30.1,0.0,0.0,8882100.0
11/01/2010,28.49,29.63,26.91,26.98,0.0,0.0,9608700.0
10/01/2010,26.25,28.46,25.68,28.33,0.0,0.0,9030800.0
09/01/2010,23.92,27.49,23.79,26.04,0.0,0.0,11078200.0
08/01/2010,28.45,28.79,22.14,23.43,0.0,0.0,12382100.0
07/01/2010,26.46,28.45,24.67,28.12,0.0,0.0,11104100.0
06/01/2010,28.75,30.34,26.1,26.31,0.0,0.0,10835200.0
05/01/2010,29.66,30.67,25.89,28.3,0.0,0.0,12506600.0
04/01/2010,32.42,32.95,29.32,29.33,0.0,0.0,6216600.0
03/01/2010,28.87,32.91,28.78,32.13,0.0,0.0,8134000.0
02/01/2010,29.56,30.29,27.78,28.5,0.0,0.0,8786800.0
01/01/2010,29.16,32.31,28.96,29.25,0.0,0.0,6746900.0
12/01/2009,27.93,29.5,26.01,28.72,0.0,0.0,10282900.0
11/01/2009,27.48,28.8,25.41,27.75,0.0,0.0,12139900.0
10/01/2009,31.32,31.52,26.34,27.36,0.0,0.0,13023100.0
09/01/2009,29.17,31.48,27.37,31.24,0.0,0.0,11993900.0
08/01/2009,34.87,35.96,27.88,29.46,0.0,0.0,11340800.0
07/01/2009,27.15,35.46,23.87,34.1,0.0,0.0,9834700.0
06/01/2009,26.89,29.11,25.43,26.92,0.0,0.0,14271100.0
05/01/2009,23.3,26.38,22.22,26.38,0.0,0.0,19853500.0
04/01/2009,17.5,24.69,17.35,23.22,0.0,0.0,26945900.0
03/01/2009,14.93,19.8,11.52,17.86,0.0,0.0,37830500.0
02/01/2009,19.8,21.13,14.44,15.57,0.0,0.0,21169300.0
01/01/2009,23.21,25.32,17.52,20.13,0.0,0.0,17409400.0
12/01/2008,20.86,23.35,17.87,23.14,0.0,0.0,13120400.0
11/01/2008,24.12,28.18,15.08,20.19,0.0,0.0,11169500.0
10/01/2008,34.66,36.28,20.49,23.49,0.0,0.0,12883400.0
09/01/2008,38.39,39.23,32.59,35.37,0.0,0.0,13485200.0
08/01/2008,38.03,39.09,35.6,38.37,0.0,0.0,10986400.0
07/01/2008,40.58,44.54,38.13,39.08,0.0,0.0,16112700.0
06/01/2008,45.25,45.9,40.74,40.95,0.0,0.0,8744900.0
05/01/2008,47.84,49.91,45.54,46.63,0.0,0.0,7006500.0
04/01/2008,47.0,49.05,44.93,48.54,0.0,0.0,7450100.0
03/01/2008,47.76,47.9,43.27,46.6,0.0,0.0,11697800.0
02/01/2008,49.79,51.52,45.56,47.8,0.0,0.0,8456200.0
01/01/2008,56.02,56.37,44.59,49.49,0.0,0.0,8866400.0
12/01/2007,52.6,56.99,51.97,55.94,0.0,0.0,5125200.0
11/01/2007,57.2,58.72,51.18,53.18,0.0,0.0,6358000.0
10/01/2007,52.52,59.36,52.01,58.2,0.0,0.0,4429900.0
09/01/2007,48.14,52.55,48.13,52.45,0.0,0.0,3621000.0
08/01/2007,46.62,50.07,44.25,48.12,0.0,0.0,6672600.0
07/01/2007,47.96,50.24,45.53,47.64,0.0,0.0,4851200.0
06/01/2007,47.3,48.05,45.07,47.75,0.0,0.0,3760100.0
05/01/2007,47.2,48.0,44.76,47.24,0.0,0.0,3958900.0
04/01/2007,45.38,48.18,45.22,47.35,0.0,0.0,2782100.0
03/01/2007,42.75,46.0,42.11,45.4,0.0,0.0,3850500.0
02/01/2007,42.86,45.45,42.86,43.31,0.0,0.0,4375200.0
01/01/2007,42.15,43.29,40.33,42.91,0.0,0.0,3932900.0
12/01/2006,42.68,45.05,42.16,42.35,0.0,0.0,5096200.0
11/01/2006,41.39,43.82,40.93,42.78,0.0,0.0,2691500.0
10/01/2006,41.18,42.1,38.99,42.05,0.0,0.0,3650800.0
09/01/2006,41.37,42.24,39.75,41.07,0.0,0.0,3643500.0
08/01/2006,37.99,41.5,37.1,41.21,0.0,0.0,3707700.0
07/01/2006,41.0,41.0,37.91,38.28,0.0,0.0,3373600.0
06/01/2006,40.95,42.18,38.36,39.93,0.0,0.0,5656500.0
05/01/2006,42.29,42.5,38.99,41.29,0.0,0.0,4958700.0
04/01/2006,42.14,43.56,41.63,42.06,0.0,0.0,2374200.0
03/01/2006,43.37,44.05,42.38,42.56,0.0,0.0,2972600.0
02/01/2006,42.06,43.91,41.32,43.62,0.0,0.0,3601900.0
01/01/2006,40.24,42.31,39.76,42.29,0.0,0.0,2582900.0
12/01/2005,39.77,41.67,39.26,40.13,0.0,0.0,2024000.0
11/01/2005,37.23,40.89,36.96,39.74,0.0,0.0,2882400.0
10/01/2005,37.56,37.73,35.38,37.37,0.0,0.0,2895200.0
09/01/2005,36.78,38.19,35.84,37.49,0.0,0.0,2779500.0
08/01/2005,35.9,37.59,35.65,36.89,0.0,0.0,2844000.0
07/01/2005,33.62,36.76,33.07,36.0,0.0,0.0,2409500.0
06/01/2005,31.59,35.05,31.16,33.7,0.0,0.0,2365200.0
05/01/2005,31.12,32.14,30.8,31.51,0.0,0.0,2473700.0
04/01/2005,32.45,32.54,29.87,31.12,0.0,0.0,2120800.0
03/01/2005,31.56,33.02,31.28,32.54,0.0,0.0,2648300.0
02/01/2005,32.19,34.38,31.75,31.75,0.0,0.0,2889200.0
01/01/2005,33.5,33.5,31.75,32.28,0.0,0.0,2528400.0
12/01/2004,32.22,33.83,31.97,33.54,0.0,0.0,1744600.0
11/01/2004,30.53,33.53,30.35,32.21,0.0,0.0,2738600.0
10/01/2004,30.14,30.97,29.03,30.53,0.0,0.0,2734000.0
09/01/2004,27.63,30.35,27.27,30.04,0.0,0.0,2166600.0
08/01/2004,27.67,28.07,26.37,27.67,0.0,0.0,1512700.0
07/01/2004,28.79,29.35,26.35,27.8,0.0,0.0,1925600.0
06/01/2004,26.87,29.16,26.75,28.94,0.0,0.0,1826500.0
05/01/2004,26.45,27.39,25.33,27.23,0.0,0.0,1922400.0
04/01/2004,26.89,28.72,25.6,26.41,0.0,0.0,2773400.0
03/01/2004,27.2,27.59,25.27,26.86,0.0,0.0,3130000.0
02/01/2004,26.62,28.33,26.42,27.27,0.0,0.0,2071800.0
01/01/2004,25.26,27.66,24.99,26.74,0.0,0.0,2351000.0
12/01/2003,24.33,25.58,23.43,25.02,0.0,0.0,3073900.0
11/01/2003,24.63,25.46,24.04,24.72,0.0,0.0,2020900.0
10/01/2003,21.76,24.99,21.76,24.69,0.0,0.0,2746500.0
09/01/2003,22.12,22.81,21.47,21.65,0.0,0.0,2256500.0
08/01/2003,21.25,22.45,20.7,22.04,0.0,0.0,2064900.0
07/01/2003,20.87,21.69,19.73,21.37,0.0,0.0,2315800.0
06/01/2003,20.24,21.75,20.24,20.77,0.0,0.0,1483700.0
05/01/2003,20.47,20.88,19.52,20.39,0.0,0.0,1843900.0
04/01/2003,18.87,20.75,18.79,20.5,0.0,0.0,1567600.0
03/01/2003,18.46,20.5,18.15,18.78,0.0,0.0,2282600.0
02/01/2003,18.14,18.61,16.26,18.47,0.0,0.0,2956000.0
01/01/2003,17.0,20.16,16.96,18.07,0.0,0.0,2277400.0
12/01/2002,18.72,18.85,16.6,17.05,0.0,0.0,1863700.0
11/01/2002,16.77,18.99,16.57,18.6,0.0,0.0,2188300.0
10/01/2002,16.02,19.25,14.35,16.8,0.0,0.0,4209500.0
09/01/2002,17.5,17.96,15.52,15.85,0.0,0.0,2868800.0
08/01/2002,17.9,18.62,16.8,17.88,0.0,0.0,2197600.0
07/01/2002,21.85,21.99,16.61,18.04,0.0,0.0,3398000.0
06/01/2002,22.92,23.16,21.32,21.86,0.0,0.0,2471100.0
05/01/2002,22.1,23.18,21.5,23.07,0.0,0.0,2939800.0
04/01/2002,21.55,22.5,21.1,21.86,0.0,0.0,2863300.0
03/01/2002,20.8,22.0,20.56,21.67,0.0,0.0,2758700.0
02/01/2002,19.84,21.28,19.84,20.8,0.0,0.0,2228700.0
01/01/2002,21.2,21.38,19.05,19.47,0.0,0.0,3272000.0
12/01/2001,22.9,23.68,21.0,21.6,0.0,0.0,3558600.0
11/01/2001,20.8,23.0,20.44,22.99,0.0,0.0,2502800.0
10/01/2001,19.75,21.68,18.89,20.74,0.0,0.0,5217900.0
09/01/2001,23.2,23.2,16.92,20.0,0.0,0.0,5108300.0
08/01/2001,25.01,25.3,23.26,23.36,0.0,0.0,3103800.0
07/01/2001,23.75,25.4,23.07,25.2,0.0,0.0,3058100.0
06/01/2001,22.1,24.0,22.06,23.75,0.0,0.0,3039500.0
05/01/2001,19.62,24.35,19.3,22.01,0.0,0.0,5442000.0
04/01/2001,19.25,20.61,18.19,19.46,0.0,0.0,4005400.0
03/01/2001,22.0,22.94,17.25,19.39,0.0,0.0,4485700.0
02/01/2001,23.25,25.34,19.39,22.05,0.0,0.0,4078700.0
01/01/2001,26.38,26.75,20.69,23.25,0.0,0.0,5389200.0
12/01/2000,21.25,26.69,20.5,26.62,0.0,0.0,4153300.0
11/01/2000,20.5,22.94,19.81,21.31,0.0,0.0,5964900.0
10/01/2000,20.62,21.25,17.56,20.5,0.0,0.0,6385800.0
09/01/2000,21.06,22.12,19.38,20.62,0.0,0.0,5682800.0
08/01/2000,16.62,21.25,16.25,21.06,0.0,0.0,6279100.0
07/01/2000,16.88,18.75,16.0,16.69,0.0,0.0,6739200.0
06/01/2000,15.13,16.94,14.0,16.88,0.0,0.0,7585200.0
05/01/2000,12.13,15.69,11.25,15.0,0.0,0.0,13574900.0
04/01/2000,10.75,12.25,9.31,12.06,0.0,0.0,19763800.0
