12/01/2022,2.35,3.24,2.0,2.06,0.0,0.0,1101500.0
11/01/2022,2.27,2.7,1.685,2.31,0.0,0.0,1799600.0
10/01/2022,2.68,3.515,2.02,2.2,0.0,0.0,2150700.0
09/01/2022,3.28,3.33,2.5,2.63,0.0,0.0,3010001.0
08/01/2022,3.4,5.36,3.12,3.29,0.0,0.0,1115740.0
07/01/2022,3.71,3.95,3.0,3.45,0.0,0.0,1102700.0
06/01/2022,4.15,4.25,2.16,3.62,0.0,0.0,3493408.0
05/01/2022,6.27,6.62,3.99,4.2,0.0,0.0,1671250.0
04/01/2022,7.78,8.09,6.01,6.43,0.0,0.0,1320700.0
03/01/2022,12.72,13.18,7.12,7.73,0.0,0.0,1699800.0
02/01/2022,11.84,13.2,10.53,12.8,0.0,0.0,871000.0
01/01/2022,13.98,15.83,10.21,11.7,0.0,0.0,3080404.0
12/01/2021,13.98,14.57,11.71,14.1,0.0,0.0,1340400.0
11/01/2021,14.47,16.93,13.76,13.98,0.0,0.0,1476900.0
10/01/2021,17.72,19.19,14.09,14.19,0.0,0.0,1121800.0
09/01/2021,19.8,19.8,15.7,17.53,0.0,0.0,1106800.0
08/01/2021,16.0,19.8,16.0,19.77,0.0,0.0,2881500.0
