12/01/2022,0.9025,1.07,0.7067,0.9,0.0,0.0,5345900.0
11/01/2022,5.18,5.2164,0.59,0.9103,0.0,0.0,43228000.0
10/01/2022,6.14,6.85,4.6764,5.18,0.0,0.0,2652443.0
09/01/2022,6.48,8.08,5.8501,6.0,0.0,0.0,4552902.0
08/01/2022,4.42,6.7,4.1944,6.44,0.0,0.0,1261700.0
07/01/2022,4.15,5.09,4.0,4.53,0.0,0.0,633000.0
06/01/2022,3.23,4.54,2.76,4.14,0.0,0.0,1925900.0
05/01/2022,3.83,4.14,2.51,3.22,0.0,0.0,783900.0
04/01/2022,3.8,4.35,3.4001,3.89,0.0,0.0,1166700.0
03/01/2022,4.19,4.685,3.75,3.8,0.0,0.0,1848700.0
02/01/2022,5.17,5.5,4.11,4.16,0.0,0.0,1636100.0
01/01/2022,4.61,5.39,4.18,5.25,0.0,0.0,981500.0
12/01/2021,4.74,5.02,4.055,4.5,0.0,0.0,937200.0
11/01/2021,6.03,6.33,4.66,4.73,0.0,0.0,1342300.0
10/01/2021,4.68,5.83,4.08,5.8,0.0,0.0,2884900.0
09/01/2021,4.93,5.2,4.49,4.66,0.0,0.0,1325700.0
08/01/2021,5.2,5.37,4.475,4.93,0.0,0.0,2129200.0
07/01/2021,7.05,7.46,5.08,5.24,0.0,0.0,3189600.0
06/01/2021,5.22,7.48,4.7,7.05,0.0,0.0,15165500.0
05/01/2021,5.35,5.6,4.66,5.22,0.0,0.0,1945400.0
04/01/2021,5.95,6.11,4.74,5.31,0.0,0.0,2461900.0
03/01/2021,7.05,7.29,5.32,5.91,0.0,0.0,9274600.0
02/01/2021,5.9,7.47,5.59,5.68,0.0,0.0,7334700.0
01/01/2021,4.67,7.0,4.38,5.82,0.0,0.0,12420900.0
12/01/2020,4.57,5.2,4.15,4.61,0.0,0.0,7764500.0
11/01/2020,3.55,4.86,3.55,4.5,0.0,0.0,6811100.0
10/01/2020,3.89,4.39,3.5,3.56,0.0,0.0,9033700.0
09/01/2020,23.11,24.5,3.77,3.89,0.0,0.0,143993504.0
08/01/2020,23.82,26.14,21.67,23.03,0.0,0.0,1291400.0
07/01/2020,29.03,29.99,22.25,23.61,0.0,0.0,1432100.0
06/01/2020,25.9,36.105,22.83,28.76,0.0,0.0,2357800.0
05/01/2020,18.56,27.795,17.336,26.2,0.0,0.0,903000.0
04/01/2020,20.26,21.0,15.81,19.6,0.0,0.0,729700.0
03/01/2020,29.2,29.75,14.15,21.52,0.0,0.0,1035500.0
02/01/2020,24.9,33.48,21.83,28.49,0.0,0.0,930200.0
01/01/2020,19.7,29.89,16.51,24.72,0.0,0.0,1520700.0
12/01/2019,15.7,21.6,10.62,19.68,0.0,0.0,2527400.0
11/01/2019,11.8695,18.78,11.4979,15.79,0.0,0.0,1035400.0
10/01/2019,14.11,14.905,8.61,11.78,0.0,0.0,1299200.0
