12/01/2022,11.7,12.52,11.4201,12.12,0.0,0.0,752201.0
11/01/2022,11.36,11.71,11.2,11.7,0.0,0.0,375000.0
10/01/2022,11.38,11.5,11.29,11.36,0.0,0.0,315800.0
09/01/2022,11.49,11.74,11.35,11.37,0.0,0.0,544200.0
08/01/2022,11.41,11.65,11.21,11.5,0.0,0.0,323900.0
07/01/2022,11.65,11.715,11.35,11.42,0.0,0.0,385600.0
06/01/2022,11.5601,11.875,11.4,11.7,0.0,0.0,1064400.0
05/01/2022,12.17,12.36,11.35,11.56,0.0,0.0,487900.0
04/01/2022,12.78,12.8,12.02,12.2,0.0,0.0,561700.0
03/01/2022,12.58,12.87,11.9,12.75,0.0,0.0,328700.0
02/01/2022,12.61,12.79,12.35,12.5,0.0,0.0,134525.0
01/01/2022,12.12,12.88,12.03,12.62,0.0,0.0,325100.0
12/01/2021,12.15,12.19,11.91,12.08,0.0,0.0,186510.0
11/01/2021,12.22,12.39,11.91,12.1,0.0,0.0,292500.0
10/01/2021,12.19,12.45,12.02,12.21,0.0,0.0,242700.0
09/01/2021,12.08,12.6,11.91,12.21,0.0,0.0,846000.0
08/01/2021,12.29,12.61,11.95,12.0,0.0,0.0,538800.0
07/01/2021,11.9,12.41,11.61,12.29,0.0,0.0,924700.0
06/01/2021,11.26,11.905,11.15,11.9,0.0,0.0,2385100.0
05/01/2021,11.58,11.67,11.22,11.25,0.0,0.0,1728200.0
04/01/2021,11.38,11.6,11.35,11.58,0.0,0.0,2532400.0
03/01/2021,37.0,38.0,11.25,11.37,0.0,0.0,3921200.0
02/01/2021,38.5,38.5,36.5,36.5,0.0,0.0,8700.0
01/01/2021,39.0,39.0,38.0,38.01,0.0,0.0,900.0
12/01/2020,34.8,38.0,34.75,38.0,0.0,0.0,2800.0
11/01/2020,34.0,34.75,34.0,34.6,0.0,0.0,2500.0
10/01/2020,35.0,35.0,34.5,34.5,0.0,0.0,3800.0
09/01/2020,31.0,37.0,31.0,35.0,0.0,0.0,13600.0
08/01/2020,29.35,29.35,29.3,29.3,0.0,0.0,1000.0
07/01/2020,28.33,28.33,26.0,26.0,0.0,0.0,600.0
06/01/2020,28.33,4.9E-324,1.7976931348623157E308,0.0,0.0,0.0,0
05/01/2020,25.5,26.5,25.5,26.0,0.0,0.0,5300.0
04/01/2020,24.5,26.0,24.5,26.0,0.0,0.0,3000.0
03/01/2020,37.0,37.0,20.0,22.5,0.0,0.0,10900.0
02/01/2020,40.0,44.0,36.5,36.5,0.0,0.0,1200.0
01/01/2020,40.0,4.9E-324,1.7976931348623157E308,0.0,0.0,0.0,0
12/01/2019,34.1,44.0,34.1,38.9,0.0,0.0,1900.0
