12/01/2022,4.2,7.09,3.53,7.0,0.0,0.0,28056100.0
11/01/2022,4.82,5.0,3.04,4.24,0.0,0.0,7170800.0
10/01/2022,3.56,5.31,3.3515,4.79,0.0,0.0,8368600.0
09/01/2022,2.91,4.13,2.56,3.61,0.0,0.0,5631200.0
08/01/2022,2.52,4.64,2.32,2.97,0.0,0.0,12309900.0
07/01/2022,3.27,4.33,2.515,2.54,0.0,0.0,9163900.0
06/01/2022,1.38,3.5718,1.25,3.25,0.0,0.0,16184000.0
05/01/2022,1.91,1.98,1.16,1.4,0.0,0.0,8139900.0
04/01/2022,2.06,2.85,1.79,1.95,0.0,0.0,11972600.0
03/01/2022,2.44,2.595,1.92,2.0,0.0,0.0,5090200.0
02/01/2022,2.22,3.16,2.1,2.455,0.0,0.0,6271500.0
01/01/2022,3.13,3.4,2.03,2.19,0.0,0.0,6221300.0
12/01/2021,3.98,4.02,3.07,3.14,0.0,0.0,7231500.0
11/01/2021,4.57,5.034,3.78,3.9,0.0,0.0,6800200.0
10/01/2021,4.95,5.22,4.16,4.59,0.0,0.0,12853500.0
09/01/2021,6.27,6.64,4.87,4.9,0.0,0.0,10892300.0
08/01/2021,5.51,6.64,5.33,6.33,0.0,0.0,8138800.0
07/01/2021,6.64,7.24,5.35,5.51,0.0,0.0,8103300.0
06/01/2021,6.84,7.55,6.48,6.66,0.0,0.0,11228800.0
05/01/2021,6.08,7.3,5.46,6.84,0.0,0.0,20513300.0
04/01/2021,5.69,6.87,5.62,6.15,0.0,0.0,13848500.0
03/01/2021,9.49,11.09,4.82,5.61,0.0,0.0,30247400.0
02/01/2021,10.17,12.17,9.0,9.41,0.0,0.0,8548400.0
01/01/2021,7.88,10.67,7.67,10.17,0.0,0.0,13403100.0
12/01/2020,9.0,9.725,7.67,7.87,0.0,0.0,13992300.0
11/01/2020,7.06,9.55,6.8,8.82,0.0,0.0,15850000.0
10/01/2020,8.49,9.36,6.76,7.07,0.0,0.0,18628000.0
09/01/2020,12.66,19.98,8.17,8.49,0.0,0.0,40589700.0
08/01/2020,8.79,13.6,8.62,12.53,0.0,0.0,19084000.0
07/01/2020,10.41,11.2,8.5003,8.78,0.0,0.0,7476500.0
06/01/2020,10.12,11.4699,8.83,10.41,0.0,0.0,8570500.0
05/01/2020,8.61,11.79,7.4,10.18,0.0,0.0,8135000.0
04/01/2020,9.37,10.225,7.47,8.68,0.0,0.0,15697100.0
03/01/2020,7.7,17.24,6.61,9.37,0.0,0.0,14058700.0
02/01/2020,7.0,9.85,6.89,8.44,0.0,0.0,9711800.0
01/01/2020,8.04,8.95,6.9684,7.1,0.0,0.0,20488200.0
12/01/2019,33.16,39.98,7.78,8.015,0.0,0.0,32852500.0
11/01/2019,25.94,33.88,25.62,33.15,0.0,0.0,4665100.0
10/01/2019,20.71,26.18,17.59,25.29,0.0,0.0,4272800.0
09/01/2019,23.0,28.12,19.95,20.53,0.0,0.0,4062500.0
08/01/2019,21.38,23.9,18.16,23.0,0.0,0.0,5046000.0
07/01/2019,26.74,27.48,18.93,21.41,0.0,0.0,5385500.0
06/01/2019,22.97,28.21,22.25,26.09,0.0,0.0,6031800.0
05/01/2019,26.55,28.61,22.66,22.93,0.0,0.0,6570600.0
04/01/2019,39.15,43.0,22.9,26.53,0.0,0.0,16838500.0
03/01/2019,42.27,48.64,36.81,38.85,0.0,0.0,6907600.0
02/01/2019,37.27,42.26,34.01,41.93,0.0,0.0,5619100.0
01/01/2019,40.0,45.73,32.51,37.25,0.0,0.0,10417000.0
12/01/2018,49.0,50.98,34.38,42.04,0.0,0.0,4040400.0
11/01/2018,47.07,48.98,36.16,47.85,0.0,0.0,1832100.0
10/01/2018,50.13,51.68,41.01,46.69,0.0,0.0,2437100.0
09/01/2018,52.8,56.0,48.55,50.0,0.0,0.0,1971300.0
08/01/2018,40.45,54.95,37.055,53.3,0.0,0.0,3038700.0
07/01/2018,38.25,41.425,35.35,40.4,0.0,0.0,3069200.0
06/01/2018,46.6,50.875,32.25,38.25,0.0,0.0,8099300.0
05/01/2018,43.95,47.9,38.85,46.55,0.0,0.0,3318200.0
04/01/2018,40.0,46.8,38.0,44.45,0.0,0.0,3045000.0
03/01/2018,50.95,50.95,37.6,40.1,0.0,0.0,3365700.0
02/01/2018,40.1,55.95,37.0,50.95,0.0,0.0,3580700.0
01/01/2018,35.1,42.05,31.65,40.0,0.0,0.0,3087200.0
12/01/2017,36.2,39.7,33.7,35.1,0.0,0.0,4825400.0
11/01/2017,23.25,37.4,21.6,37.2,0.0,0.0,4709900.0
10/01/2017,21.65,25.15,21.0,23.05,0.0,0.0,2154900.0
09/01/2017,23.4,25.35,21.4,21.75,0.0,0.0,1956900.0
08/01/2017,20.75,24.1,16.05,23.5,0.0,0.0,2458700.0
07/01/2017,18.7,21.55,15.15,19.85,0.0,0.0,1883000.0
06/01/2017,18.85,21.8,18.5,18.6,0.0,0.0,1867500.0
05/01/2017,21.05,22.75,18.55,18.9,0.0,0.0,1357800.0
04/01/2017,27.65,27.85,20.1,21.1,0.0,0.0,4577800.0
03/01/2017,30.3,31.25,24.98,27.5,0.0,0.0,1389700.0
02/01/2017,29.4,31.25,27.2,30.1,0.0,0.0,869100.0
01/01/2017,26.55,30.7,25.9,28.75,0.0,0.0,1282700.0
12/01/2016,35.65,37.42,25.65,26.15,0.0,0.0,936100.0
11/01/2016,31.8,40.15,31.15,35.6,0.0,0.0,1307100.0
10/01/2016,32.08,33.61,26.66,31.85,0.0,0.0,1798200.0
09/01/2016,24.06,37.3,22.65,32.47,0.0,0.0,1952100.0
08/01/2016,19.58,25.5,17.41,24.94,0.0,0.0,748300.0
07/01/2016,20.55,27.18,18.45,19.31,0.0,0.0,980800.0
06/01/2016,16.69,23.06,14.46,20.69,0.0,0.0,2386000.0
05/01/2016,13.41,17.59,13.21,15.91,0.0,0.0,1201300.0
04/01/2016,13.8,14.47,11.99,13.52,0.0,0.0,693900.0
03/01/2016,15.06,21.49,12.9,13.88,0.0,0.0,550200.0
02/01/2016,13.37,16.57,8.95,15.05,0.0,0.0,202600.0
01/01/2016,15.8,16.68,12.01,13.53,0.0,0.0,426400.0
12/01/2015,16.35,21.0,11.52,15.95,0.0,0.0,1657800.0
