12/31/1999,6.3,6.31,6.25,6.28,-0.04,0.0,316800.0
12/30/1999,6.42,6.42,6.25,6.33,-0.11,0.0,244400.0
12/29/1999,6.51,6.55,6.34,6.44,-0.11,0.0,200400.0
12/28/1999,6.5,6.59,6.5,6.55,0.05,0.0,274000.0
12/27/1999,6.56,6.66,6.45,6.5,-0.03,0.0,254000.0
12/23/1999,6.63,6.63,6.53,6.53,-0.11,0.0,206000.0
12/22/1999,6.58,6.67,6.51,6.64,0.03,0.0,186000.0
12/21/1999,6.56,6.74,6.53,6.61,0.03,0.0,138800.0
12/20/1999,6.56,6.69,6.56,6.58,-0.03,0.0,201200.0
12/17/1999,6.5,6.64,6.5,6.61,0.02,0.0,730800.0
12/16/1999,6.67,6.67,6.56,6.59,-0.04,0.0,388400.0
12/15/1999,6.59,6.69,6.58,6.64,0.0,0.0,427200.0
12/14/1999,6.7,6.75,6.58,6.64,-0.08,0.0,714800.0
12/13/1999,6.67,6.76,6.64,6.72,0.02,0.0,294000.0
12/10/1999,6.83,6.83,6.67,6.7,-0.11,0.0,247200.0
12/09/1999,6.95,6.99,6.8,6.81,-0.08,0.0,261200.0
12/08/1999,6.92,6.92,6.76,6.89,-0.06,0.0,220000.0
12/07/1999,7.17,7.17,6.91,6.95,-0.24,0.0,334800.0
12/06/1999,7.11,7.31,7.06,7.19,0.05,0.0,992799.0
12/03/1999,6.78,7.24,6.78,7.14,0.36,0.0,510799.0
12/02/1999,6.83,7.0,6.78,6.78,-0.03,0.0,332400.0
12/01/1999,6.74,6.83,6.69,6.81,0.08,0.0,331200.0
11/30/1999,6.64,6.74,6.56,6.74,0.1,0.0,400800.0
11/29/1999,6.74,6.74,6.63,6.64,-0.14,0.0,261200.0
11/26/1999,6.8,6.88,6.78,6.78,-0.03,0.0,82400.0
11/24/1999,6.74,6.91,6.72,6.81,0.13,0.0,209200.0
11/23/1999,6.86,6.88,6.61,6.69,-0.17,0.0,352000.0
11/22/1999,7.08,7.08,6.7,6.86,-0.28,0.0,540800.0
11/19/1999,7.33,7.33,7.09,7.14,-0.16,0.0,416400.0
11/18/1999,7.36,7.42,7.28,7.3,-0.06,0.0,223600.0
11/17/1999,7.44,7.5,7.28,7.36,-0.09,0.0,222400.0
11/16/1999,7.42,7.53,7.39,7.45,0.09,0.0,542400.0
11/15/1999,7.2,7.41,7.09,7.36,0.14,0.0,763200.0
11/12/1999,7.28,7.3,7.17,7.22,-0.06,0.0,380400.0
11/11/1999,7.28,7.36,7.25,7.28,0.03,0.0,155600.0
11/10/1999,7.26,7.36,7.24,7.25,-0.03,0.0,318800.0
11/09/1999,7.36,7.44,7.25,7.28,-0.09,0.0,228800.0
11/08/1999,7.17,7.39,7.17,7.38,0.24,0.0,278000.0
11/05/1999,7.3,7.31,7.14,7.14,-0.11,0.0,230000.0
11/04/1999,7.25,7.36,7.25,7.25,0.08,0.0,197600.0
11/03/1999,7.19,7.33,7.13,7.17,-0.01,0.0,457600.0
11/02/1999,7.3,7.5,7.16,7.19,-0.08,0.0,621200.0
11/01/1999,7.36,7.36,7.26,7.26,-0.03,0.0,182400.0
10/29/1999,7.44,7.45,7.25,7.3,-0.08,0.0,366800.0
10/28/1999,7.51,7.59,7.36,7.38,-0.03,0.0,232400.0
10/27/1999,7.26,7.45,7.26,7.41,0.09,0.0,367600.0
10/26/1999,7.17,7.34,7.17,7.31,0.11,0.0,458800.0
10/25/1999,7.17,7.25,7.0,7.2,-0.02,0.0,470400.0
10/22/1999,7.33,7.33,7.22,7.22,-0.06,0.0,417200.0
10/21/1999,7.38,7.38,7.2,7.28,-0.09,0.0,206800.0
10/20/1999,7.44,7.44,7.3,7.38,-0.06,0.0,216400.0
10/19/1999,7.49,7.53,7.44,7.44,0.03,0.0,198000.0
10/18/1999,7.45,7.66,7.41,7.41,-0.06,0.0,302400.0
10/15/1999,7.5,7.51,7.44,7.47,-0.03,0.0,197600.0
10/14/1999,7.42,7.55,7.36,7.5,0.09,0.0,203200.0
10/13/1999,7.39,7.45,7.28,7.41,-0.02,0.0,199600.0
10/12/1999,7.38,7.45,7.36,7.42,0.06,0.0,211600.0
10/11/1999,7.44,7.44,7.33,7.36,-0.11,0.0,184000.0
10/08/1999,7.55,7.55,7.39,7.47,-0.06,0.0,59200.0
10/07/1999,7.58,7.58,7.41,7.53,-0.04,0.0,238000.0
10/06/1999,7.55,7.69,7.53,7.58,0.01,0.0,199600.0
10/05/1999,7.51,7.59,7.44,7.56,0.01,0.0,208400.0
10/04/1999,7.41,7.61,7.41,7.55,0.16,0.0,135200.0
10/01/1999,7.56,7.56,7.34,7.39,-0.19,0.0,357200.0
09/30/1999,7.5,7.61,7.47,7.58,0.03,0.0,183200.0
09/29/1999,7.5,7.66,7.5,7.55,0.05,0.0,149200.0
09/28/1999,7.64,7.64,7.41,7.5,-0.16,0.0,246800.0
09/27/1999,7.47,7.67,7.45,7.66,0.21,0.0,274800.0
09/24/1999,7.51,7.55,7.44,7.45,-0.08,0.0,154400.0
09/23/1999,7.61,7.63,7.5,7.53,-0.11,0.0,408800.0
09/22/1999,7.63,7.69,7.61,7.64,0.01,0.0,211200.0
09/21/1999,7.8,7.8,7.51,7.63,-0.2,0.0,212400.0
09/20/1999,7.83,7.89,7.8,7.83,-0.05,0.0,172800.0
09/17/1999,7.75,7.89,7.75,7.88,0.13,0.0,267200.0
09/16/1999,7.58,7.75,7.51,7.75,0.06,0.0,402800.0
09/15/1999,7.72,7.75,7.61,7.69,0.01,0.0,163600.0
09/14/1999,7.72,7.72,7.64,7.67,-0.08,0.0,49200.0
09/13/1999,7.78,7.8,7.66,7.75,-0.03,0.0,101600.0
09/10/1999,7.75,7.86,7.72,7.78,0.05,0.0,317600.0
09/09/1999,7.72,7.74,7.7,7.74,0.0,0.0,56000.0
09/08/1999,7.67,7.78,7.66,7.74,0.03,0.0,323200.0
09/07/1999,7.66,7.7,7.59,7.7,0.08,0.0,533200.0
09/03/1999,7.69,7.74,7.58,7.63,0.03,0.0,225200.0
09/02/1999,7.67,7.67,7.47,7.59,-0.13,0.0,104800.0
09/01/1999,7.75,7.83,7.67,7.72,-0.04,0.0,125200.0
08/31/1999,7.56,7.84,7.56,7.76,0.23,0.0,344000.0
08/30/1999,7.76,7.8,7.5,7.53,-0.25,0.0,302400.0
08/27/1999,7.84,7.88,7.75,7.78,-0.06,0.0,175200.0
08/26/1999,7.89,7.89,7.75,7.84,0.0,0.0,390000.0
08/25/1999,7.83,7.84,7.67,7.84,0.05,0.0,272400.0
08/24/1999,7.88,7.88,7.75,7.8,-0.13,0.0,553600.0
08/23/1999,7.88,7.99,7.88,7.92,0.03,0.0,172400.0
08/20/1999,7.76,7.89,7.76,7.89,0.08,0.0,149200.0
08/19/1999,7.75,7.83,7.53,7.81,0.06,0.0,553200.0
08/18/1999,7.92,7.97,7.72,7.75,-0.19,0.0,224800.0
08/17/1999,7.88,7.95,7.88,7.94,0.09,0.0,145600.0
08/16/1999,7.78,7.94,7.75,7.84,0.06,0.0,220400.0
08/13/1999,7.66,7.78,7.66,7.78,0.16,0.0,252000.0
08/12/1999,7.91,7.91,7.63,7.63,-0.25,0.0,150400.0
08/11/1999,7.89,7.94,7.8,7.88,-0.01,0.0,114800.0
08/10/1999,7.88,7.94,7.84,7.89,0.0,0.0,200000.0
08/09/1999,7.78,7.91,7.75,7.89,0.11,0.0,321600.0
08/06/1999,7.83,7.84,7.75,7.78,-0.04,0.0,184800.0
08/05/1999,7.94,7.95,7.78,7.83,-0.13,0.0,296400.0
08/04/1999,8.05,8.17,7.86,7.95,-0.06,0.0,196400.0
08/03/1999,7.84,8.03,7.81,8.02,0.2,0.0,197200.0
08/02/1999,7.91,7.97,7.75,7.81,-0.14,0.0,285600.0
07/30/1999,7.75,8.03,7.74,7.95,0.22,0.0,150800.0
07/29/1999,7.81,7.86,7.7,7.74,-0.08,0.0,122000.0
07/28/1999,8.02,8.02,7.75,7.81,-0.23,0.0,136400.0
07/27/1999,7.97,8.05,7.94,8.05,0.08,0.0,140000.0
07/26/1999,8.14,8.17,7.95,7.97,-0.14,0.0,100800.0
07/23/1999,8.14,8.17,8.1,8.11,-0.05,0.0,158400.0
07/22/1999,8.1,8.16,8.06,8.16,0.06,0.0,140000.0
07/21/1999,8.03,8.13,7.97,8.1,0.06,0.0,142000.0
07/20/1999,8.16,8.16,8.0,8.03,-0.13,0.0,196400.0
07/19/1999,7.99,8.19,7.97,8.16,0.19,0.0,256000.0
07/16/1999,8.11,8.13,7.91,7.97,-0.16,0.0,283600.0
07/15/1999,8.14,8.28,8.08,8.13,-0.03,0.0,308000.0
07/14/1999,8.03,8.16,8.0,8.16,0.14,0.0,206000.0
07/13/1999,8.0,8.05,7.78,8.02,-0.02,0.0,198800.0
07/12/1999,8.08,8.13,8.0,8.03,-0.04,0.0,166800.0
07/09/1999,8.1,8.16,8.0,8.08,-0.03,0.0,198800.0
07/08/1999,7.92,8.13,7.86,8.11,0.17,0.0,422000.0
07/07/1999,7.84,8.03,7.84,7.94,0.08,0.0,306000.0
07/06/1999,8.03,8.05,7.84,7.86,-0.19,0.0,251600.0
07/02/1999,8.05,8.06,7.91,8.05,0.03,0.0,170400.0
07/01/1999,7.92,8.05,7.81,8.02,0.08,0.0,282400.0
06/30/1999,7.97,7.98,7.8,7.94,-0.05,0.0,439200.0
06/29/1999,7.95,8.03,7.88,7.99,0.05,0.0,214800.0
06/28/1999,7.8,8.0,7.76,7.94,0.14,0.0,313600.0
06/25/1999,7.59,7.84,7.59,7.8,0.17,0.0,126000.0
06/24/1999,7.83,7.91,7.59,7.63,-0.24,0.0,326800.0
06/23/1999,7.92,7.92,7.75,7.86,-0.08,0.0,201200.0
06/22/1999,7.63,7.95,7.63,7.94,0.28,0.0,257200.0
06/21/1999,7.95,7.95,7.47,7.66,-0.29,0.0,312400.0
06/18/1999,7.88,8.03,7.83,7.95,0.14,0.0,406400.0
06/17/1999,7.78,7.83,7.59,7.81,0.0,0.0,258400.0
06/16/1999,7.61,7.81,7.53,7.81,0.22,0.0,172400.0
06/15/1999,7.59,7.83,7.58,7.59,0.06,0.0,352800.0
06/14/1999,7.39,7.61,7.38,7.53,0.16,0.0,197200.0
06/11/1999,7.14,7.49,7.14,7.38,-0.01,0.0,111200.0
06/10/1999,7.55,7.55,7.3,7.39,-0.22,0.0,153200.0
06/09/1999,7.49,7.74,7.47,7.61,0.08,0.0,140000.0
06/08/1999,7.56,7.66,7.5,7.53,-0.04,0.0,291200.0
06/07/1999,7.61,7.61,7.44,7.58,-0.06,0.0,151200.0
06/04/1999,7.47,7.64,7.47,7.64,0.15,0.0,153600.0
06/03/1999,7.49,7.59,7.41,7.49,-0.01,0.0,112400.0
06/02/1999,7.5,7.64,7.49,7.5,-0.03,0.0,237600.0
06/01/1999,7.45,7.53,7.25,7.53,0.03,0.0,204800.0
05/28/1999,7.39,7.63,7.39,7.5,0.14,0.0,242000.0
05/27/1999,7.38,7.42,7.33,7.36,-0.06,0.0,148400.0
05/26/1999,7.33,7.47,7.33,7.42,0.11,0.0,230000.0
05/25/1999,7.33,7.53,7.31,7.31,0.0,0.0,326800.0
05/24/1999,7.38,7.45,7.31,7.31,-0.08,0.0,92400.0
05/21/1999,7.22,7.41,7.2,7.39,0.2,0.0,188800.0
05/20/1999,7.28,7.34,7.17,7.19,-0.14,0.0,360000.0
05/19/1999,7.25,7.34,7.25,7.33,0.11,0.0,198800.0
05/18/1999,7.22,7.24,7.09,7.22,-0.03,0.0,108000.0
05/17/1999,7.22,7.28,7.13,7.25,0.08,0.0,186800.0
05/14/1999,7.08,7.22,7.0,7.17,0.05,0.0,306400.0
05/13/1999,7.0,7.22,6.97,7.13,0.14,0.0,374400.0
05/12/1999,6.99,7.01,6.86,6.99,-0.03,0.0,236000.0
05/11/1999,6.99,7.03,6.97,7.01,0.04,0.0,427600.0
05/10/1999,6.86,7.0,6.86,6.97,0.08,0.0,346000.0
05/07/1999,6.91,7.01,6.86,6.89,-0.02,0.0,260000.0
05/06/1999,7.06,7.06,6.86,6.91,-0.22,0.0,217600.0
05/05/1999,6.95,7.14,6.88,7.13,0.17,0.0,441200.0
05/04/1999,7.09,7.17,6.92,6.95,-0.11,0.0,336000.0
05/03/1999,6.95,7.08,6.92,7.06,0.08,0.0,104000.0
04/30/1999,7.22,7.26,6.89,6.99,-0.17,0.0,268400.0
04/29/1999,7.11,7.24,7.08,7.16,0.09,0.0,165600.0
04/28/1999,6.86,7.09,6.86,7.06,0.13,0.0,176400.0
04/27/1999,6.86,6.94,6.8,6.94,0.13,0.0,443599.0
04/26/1999,6.97,6.99,6.8,6.81,-0.14,0.0,428400.0
04/23/1999,7.09,7.13,6.91,6.95,-0.14,0.0,292000.0
04/22/1999,7.05,7.24,7.01,7.09,0.05,0.0,494000.0
04/21/1999,6.91,7.22,6.91,7.05,0.16,0.0,344400.0
04/20/1999,6.81,6.97,6.81,6.89,0.08,0.0,214800.0
04/19/1999,6.74,6.99,6.72,6.81,0.08,0.0,675200.0
04/16/1999,6.67,6.75,6.61,6.74,0.1,0.0,497600.0
04/15/1999,6.63,6.74,6.58,6.64,-0.02,0.0,218000.0
04/14/1999,6.69,6.69,6.53,6.66,0.02,0.0,287600.0
04/13/1999,6.69,6.74,6.64,6.64,-0.08,0.0,344800.0
04/12/1999,6.81,6.81,6.67,6.72,-0.11,0.0,275600.0
04/09/1999,6.5,6.86,6.45,6.83,0.33,0.0,360000.0
04/08/1999,6.42,6.63,6.42,6.5,0.06,0.0,467599.0
04/07/1999,6.51,6.51,6.34,6.44,-0.09,0.0,353600.0
04/06/1999,6.33,6.59,6.33,6.53,0.14,0.0,487200.0
04/05/1999,6.36,6.42,6.33,6.39,0.09,0.0,386000.0
04/01/1999,6.24,6.39,6.13,6.3,0.11,0.0,675600.0
03/31/1999,6.38,6.39,6.13,6.19,-0.19,0.0,579600.0
03/30/1999,6.31,6.39,6.28,6.38,0.06,0.0,278000.0
03/29/1999,6.36,6.49,6.31,6.31,-0.03,0.0,242800.0
03/26/1999,6.51,6.56,6.34,6.34,-0.17,0.0,204800.0
03/25/1999,6.45,6.53,6.44,6.51,0.08,0.0,329200.0
03/24/1999,6.49,6.56,6.38,6.44,0.0,0.0,310400.0
03/23/1999,6.66,6.66,6.38,6.44,-0.26,0.0,396400.0
03/22/1999,6.84,6.88,6.64,6.7,-0.05,0.0,281200.0
03/19/1999,6.92,6.97,6.72,6.75,-0.19,0.0,234400.0
03/18/1999,6.95,7.0,6.91,6.94,0.0,0.0,148800.0
03/17/1999,6.89,6.99,6.76,6.94,0.05,0.0,218000.0
03/16/1999,7.06,7.06,6.89,6.89,-0.14,0.0,167600.0
03/15/1999,6.97,7.11,6.94,7.03,0.06,0.0,264800.0
03/12/1999,7.24,7.38,6.97,6.97,-0.22,0.0,357200.0
03/11/1999,7.09,7.47,7.09,7.19,0.16,0.0,636400.0
03/10/1999,6.81,7.03,6.81,7.03,0.31,0.0,338000.0
03/09/1999,6.83,6.83,6.69,6.72,-0.14,0.0,96000.0
03/08/1999,6.91,7.0,6.75,6.86,-0.06,0.0,198400.0
03/05/1999,6.74,6.94,6.74,6.92,0.19,0.0,300800.0
03/04/1999,6.81,6.81,6.7,6.74,-0.08,0.0,335200.0
03/03/1999,6.64,6.81,6.59,6.81,0.16,0.0,364800.0
03/02/1999,6.83,6.89,6.63,6.66,-0.2,0.0,275600.0
03/01/1999,6.69,6.95,6.63,6.86,0.2,0.0,282400.0
02/26/1999,6.58,6.74,6.51,6.66,0.08,0.0,454400.0
02/25/1999,6.53,6.69,6.5,6.58,0.04,0.0,302000.0
02/24/1999,6.7,6.83,6.51,6.53,-0.11,0.0,398800.0
02/23/1999,6.81,6.81,6.61,6.64,-0.21,0.0,405600.0
02/22/1999,6.78,6.99,6.78,6.84,0.11,0.0,278800.0
02/19/1999,6.7,6.76,6.67,6.74,0.02,0.0,155600.0
02/18/1999,6.74,6.8,6.67,6.72,-0.09,0.0,354400.0
02/17/1999,6.91,6.95,6.75,6.81,-0.19,0.0,311600.0
02/16/1999,7.09,7.28,6.91,7.0,0.0,0.0,438000.0
02/12/1999,7.16,7.22,6.83,7.0,-0.14,0.0,391600.0
02/11/1999,7.31,7.31,7.13,7.14,-0.24,0.0,326800.0
02/10/1999,7.42,7.5,7.34,7.38,-0.06,0.0,118800.0
02/09/1999,7.53,7.53,7.41,7.44,-0.09,0.0,192000.0
02/08/1999,7.47,7.72,7.47,7.53,0.05,0.0,254000.0
02/05/1999,7.44,7.59,7.41,7.49,0.05,0.0,792400.0
02/04/1999,7.28,7.47,7.11,7.44,0.22,0.0,446400.0
02/03/1999,7.24,7.25,7.09,7.22,-0.03,0.0,386800.0
02/02/1999,7.45,7.56,7.2,7.25,-0.25,0.0,302000.0
02/01/1999,7.44,7.55,7.36,7.5,0.19,0.0,256400.0
01/29/1999,7.33,7.34,7.13,7.31,0.01,0.0,492400.0
01/28/1999,7.66,7.66,7.28,7.3,-0.36,0.0,876000.0
01/27/1999,7.8,7.81,7.59,7.66,-0.17,0.0,730800.0
01/26/1999,7.95,7.95,7.81,7.83,-0.13,0.0,261600.0
01/25/1999,7.95,7.95,7.86,7.95,0.0,0.0,192800.0
01/22/1999,7.92,7.99,7.89,7.95,-0.02,0.0,270000.0
01/21/1999,7.94,7.97,7.89,7.97,0.05,0.0,294000.0
01/20/1999,8.13,8.17,7.92,7.92,-0.24,0.0,688000.0
01/19/1999,8.27,8.27,8.11,8.16,-0.19,0.0,232400.0
01/15/1999,8.41,8.47,8.28,8.35,-0.06,0.0,627200.0
01/14/1999,8.56,8.58,8.41,8.41,-0.2,0.0,164800.0
01/13/1999,8.5,8.61,8.38,8.61,-0.03,0.0,447200.0
01/12/1999,8.8,8.92,8.63,8.64,-0.19,0.0,267200.0
01/11/1999,8.8,8.94,8.78,8.83,0.0,0.0,138000.0
01/08/1999,8.86,8.86,8.69,8.83,-0.03,0.0,249600.0
01/07/1999,8.97,8.97,8.77,8.86,-0.09,0.0,140400.0
01/06/1999,8.8,8.97,8.8,8.95,0.0,0.0,194800.0
01/05/1999,8.95,9.02,8.94,8.95,0.06,0.0,226400.0
01/04/1999,9.08,9.3,8.78,8.89,0.0,0.0,370800.0
