12/31/1996,20.94,20.94,20.13,20.25,-0.5,0.0,1441800.0
12/30/1996,20.88,21.06,20.63,20.75,-0.19,0.0,1037800.0
12/27/1996,20.94,21.25,20.88,20.94,-0.06,0.0,558400.0
12/26/1996,20.75,21.0,20.75,21.0,0.19,0.0,623800.0
12/24/1996,20.75,20.94,20.69,20.81,0.06,0.0,488200.0
12/23/1996,21.31,21.31,20.56,20.75,-0.56,0.0,1193600.0
12/20/1996,21.63,21.75,21.06,21.31,0.31,0.0,2315400.0
12/19/1996,20.75,21.25,20.75,21.0,0.44,0.0,1712800.0
12/18/1996,20.38,20.63,20.38,20.56,0.31,0.0,1420000.0
12/17/1996,20.13,20.5,20.06,20.25,0.0,0.0,1218600.0
12/16/1996,20.5,20.75,20.06,20.25,-0.13,0.0,1719000.0
12/13/1996,20.94,21.13,20.38,20.38,-0.69,0.0,1842400.0
12/12/1996,21.5,21.56,21.06,21.06,-0.19,0.0,1085000.0
12/11/1996,21.13,21.63,21.06,21.25,-0.13,0.0,1451400.0
12/10/1996,21.38,21.69,21.06,21.38,0.19,0.0,2061999.0
12/09/1996,21.19,21.25,20.88,21.19,0.06,0.0,1070000.0
12/06/1996,20.38,21.38,20.38,21.13,0.25,0.0,2324200.0
12/05/1996,21.19,21.19,20.75,20.88,-0.13,0.0,2359600.0
12/04/1996,21.63,21.63,20.81,21.0,-0.69,0.0,2167600.0
12/03/1996,22.0,22.19,21.69,21.69,-0.31,0.0,1698600.0
12/02/1996,22.31,22.38,21.94,22.0,-0.31,0.0,1422000.0
11/29/1996,22.38,22.56,22.31,22.31,-0.25,0.0,472600.0
11/27/1996,22.06,22.56,21.94,22.56,0.56,0.0,2504800.0
11/26/1996,22.31,23.0,21.56,22.0,-1.31,0.0,5804400.0
11/25/1996,23.25,23.44,22.81,23.31,-0.25,0.0,2022000.0
11/22/1996,22.63,23.56,22.44,23.56,1.13,0.0,3455000.0
11/21/1996,22.19,22.44,22.0,22.44,0.25,0.0,2128200.0
11/20/1996,22.19,22.63,22.06,22.19,0.5,0.0,3948800.0
11/19/1996,21.13,21.69,21.13,21.69,0.81,0.0,1862800.0
11/18/1996,21.0,21.06,20.69,20.88,0.06,0.0,1038000.0
11/15/1996,20.88,21.38,20.75,20.81,0.25,0.0,2229400.0
11/14/1996,20.88,21.0,20.5,20.56,-0.25,0.0,2084399.0
11/13/1996,20.75,21.06,20.38,20.81,0.63,0.0,3532200.0
11/12/1996,19.88,20.19,19.75,20.19,0.38,0.0,2742600.0
11/11/1996,20.13,20.19,19.81,19.81,-0.25,0.0,2198000.0
11/08/1996,19.94,20.25,19.56,20.06,0.06,0.0,2115800.0
11/07/1996,20.5,20.56,19.63,20.0,-0.63,0.0,3928399.0
11/06/1996,20.44,20.63,20.31,20.63,0.19,0.0,2040800.0
11/05/1996,20.25,20.44,20.13,20.44,0.25,0.0,2550600.0
11/04/1996,20.19,20.44,20.13,20.19,0.06,0.0,1474000.0
11/01/1996,20.88,20.94,20.06,20.13,-0.81,0.0,2804400.0
10/31/1996,20.56,20.94,20.44,20.94,0.25,0.0,2014200.0
10/30/1996,21.13,21.25,20.63,20.69,-0.38,0.0,966000.0
10/29/1996,20.81,21.06,20.56,21.06,0.25,0.0,881200.0
10/28/1996,21.19,21.19,20.69,20.81,-0.38,0.0,1140600.0
10/25/1996,21.0,21.31,20.94,21.19,0.19,0.0,1069400.0
10/24/1996,21.13,21.25,20.94,21.0,-0.56,0.0,1654200.0
10/23/1996,21.5,21.56,21.19,21.56,0.0,0.0,1472800.0
10/22/1996,21.88,21.88,21.31,21.56,-0.38,0.0,1266000.0
10/21/1996,22.13,22.19,21.88,21.94,-0.31,0.0,1273600.0
10/18/1996,22.0,22.44,22.0,22.25,0.31,0.0,2209000.0
10/17/1996,21.75,22.06,21.75,21.94,0.25,0.0,2202400.0
10/16/1996,21.69,21.75,21.63,21.69,0.19,0.0,1826200.0
10/15/1996,21.88,22.13,21.5,21.5,-0.38,0.0,2195400.0
10/14/1996,21.13,21.88,21.13,21.88,0.75,0.0,1214200.0
10/11/1996,20.94,21.19,20.94,21.13,0.44,0.0,1193600.0
10/10/1996,20.75,20.94,20.63,20.69,-0.13,0.0,1477200.0
10/09/1996,21.06,21.06,20.69,20.81,-0.19,0.0,1369600.0
10/08/1996,20.94,21.06,20.94,21.0,0.0,0.0,2745200.0
10/07/1996,21.0,21.13,20.94,21.0,0.06,0.0,1206800.0
10/04/1996,21.13,21.31,20.81,20.94,-0.19,0.0,1333800.0
10/03/1996,21.44,21.44,20.94,21.13,-0.31,0.0,1045000.0
10/02/1996,21.38,21.44,21.06,21.44,0.38,0.0,632000.0
10/01/1996,21.13,21.25,20.94,21.06,0.06,0.0,791200.0
09/30/1996,21.06,21.25,21.0,21.0,0.0,0.0,910200.0
09/27/1996,21.13,21.13,20.88,21.0,0.0,0.0,1021200.0
09/26/1996,20.94,21.19,20.81,21.0,0.06,0.0,1631200.0
09/25/1996,21.0,21.06,20.88,20.94,0.0,0.0,1076000.0
09/24/1996,20.88,21.06,20.81,20.94,0.0,0.0,1759200.0
09/23/1996,20.81,21.0,20.81,20.94,-0.25,0.0,1087000.0
09/20/1996,20.81,21.19,20.81,21.19,0.31,0.0,2096600.0
09/19/1996,20.81,21.06,20.75,20.88,-0.06,0.0,1408600.0
09/18/1996,21.31,21.5,20.81,20.94,-0.56,0.0,1753800.0
09/17/1996,22.19,22.25,21.5,21.5,-0.75,0.0,1789000.0
09/16/1996,21.94,22.38,21.88,22.25,0.44,0.0,1620000.0
09/13/1996,21.56,21.88,21.13,21.81,0.44,0.0,2152600.0
09/12/1996,21.25,21.5,21.13,21.38,0.19,0.0,1073400.0
09/11/1996,20.94,21.31,20.94,21.19,0.0,0.0,1745000.0
09/10/1996,21.25,21.31,21.0,21.19,0.06,0.0,1523800.0
09/09/1996,20.88,21.13,20.81,21.13,0.25,0.0,1542000.0
09/06/1996,20.75,21.19,20.44,20.88,0.25,0.0,3781600.0
09/05/1996,20.31,20.75,20.13,20.63,0.31,0.0,1595600.0
09/04/1996,20.06,20.38,19.81,20.31,0.13,0.0,1100800.0
09/03/1996,19.5,20.25,19.31,20.19,0.25,0.0,1264800.0
08/30/1996,20.06,20.06,19.75,19.94,-0.06,0.0,984400.0
08/29/1996,20.25,20.31,20.0,20.0,-0.31,0.0,919400.0
08/28/1996,20.25,20.44,20.25,20.31,0.0,0.0,713200.0
08/27/1996,20.06,20.31,19.88,20.31,0.25,0.0,1464000.0
08/26/1996,20.06,20.13,19.94,20.06,-0.13,0.0,532400.0
08/23/1996,20.25,20.38,20.0,20.19,-0.19,0.0,1067200.0
08/22/1996,20.0,20.5,20.0,20.38,0.38,0.0,1942400.0
08/21/1996,20.06,20.13,19.81,20.0,0.56,0.0,2657200.0
08/20/1996,19.44,19.5,19.19,19.44,0.0,0.0,1122800.0
08/19/1996,19.31,19.5,19.31,19.44,-0.06,0.0,1046400.0
08/16/1996,19.44,19.75,19.38,19.5,-0.06,0.0,962600.0
08/15/1996,19.5,19.69,19.31,19.56,0.13,0.0,1082200.0
08/14/1996,19.5,19.63,19.19,19.44,-0.06,0.0,2502800.0
08/13/1996,18.63,19.69,18.5,19.5,1.25,0.0,3087600.0
08/12/1996,18.19,18.44,18.0,18.25,0.0,0.0,1812000.0
08/09/1996,18.56,18.63,18.19,18.25,-0.38,0.0,1105800.0
08/08/1996,18.69,18.69,18.44,18.63,0.0,0.0,863200.0
08/07/1996,18.44,18.75,18.13,18.63,0.19,0.0,2458000.0
08/06/1996,18.5,18.63,18.25,18.44,-0.38,0.0,1065800.0
08/05/1996,18.69,19.06,18.69,18.81,0.19,0.0,408600.0
08/02/1996,18.81,18.88,18.44,18.63,0.31,0.0,878800.0
08/01/1996,17.81,18.5,17.81,18.31,0.44,0.0,803000.0
07/31/1996,17.69,18.0,17.63,17.88,0.06,0.0,915000.0
07/30/1996,18.19,18.25,17.38,17.81,-0.25,0.0,1515400.0
07/29/1996,17.69,18.19,17.56,18.06,0.38,0.0,1219800.0
07/26/1996,17.56,17.88,17.44,17.69,0.06,0.0,1402800.0
07/25/1996,18.0,18.06,17.56,17.63,-0.13,0.0,1202200.0
07/24/1996,17.25,17.94,17.25,17.75,0.0,0.0,1686000.0
07/23/1996,17.94,18.38,17.75,17.75,-0.44,0.0,1346800.0
07/22/1996,18.06,18.25,17.88,18.19,0.0,0.0,1320000.0
07/19/1996,18.38,18.44,18.06,18.19,-0.13,0.0,1657400.0
07/18/1996,17.88,18.56,17.88,18.31,0.44,0.0,2276400.0
07/17/1996,18.06,18.25,17.38,17.88,0.31,0.0,3007000.0
07/16/1996,17.88,18.06,17.38,17.56,-0.38,0.0,3424000.0
07/15/1996,18.69,18.69,17.44,17.94,-0.75,0.0,2685200.0
07/12/1996,18.88,19.06,18.69,18.69,-0.13,0.0,2411200.0
07/11/1996,19.19,19.44,18.5,18.81,-0.31,0.0,2323200.0
07/10/1996,19.13,19.25,18.63,19.13,-0.06,0.0,1801200.0
07/09/1996,19.31,19.38,19.13,19.19,0.06,0.0,2018999.0
07/08/1996,19.06,19.25,19.0,19.13,0.06,0.0,847400.0
07/05/1996,19.13,19.31,19.0,19.06,-0.56,0.0,630200.0
07/03/1996,19.88,19.94,19.56,19.63,-0.13,0.0,607400.0
07/02/1996,19.63,20.25,19.56,19.75,0.13,0.0,1142400.0
07/01/1996,19.88,19.94,19.56,19.63,-0.38,0.0,1160400.0
06/28/1996,19.88,20.0,19.75,20.0,0.19,0.0,1155400.0
06/27/1996,19.44,20.0,19.44,19.81,0.38,0.0,943200.0
06/26/1996,19.88,19.88,19.38,19.44,-0.56,0.0,1019400.0
06/25/1996,20.31,20.31,19.81,20.0,-0.25,0.0,1108600.0
06/24/1996,20.63,20.63,19.94,20.25,0.13,0.0,1071800.0
06/21/1996,19.75,20.25,19.69,20.13,0.63,0.0,1745000.0
06/20/1996,19.5,19.63,19.06,19.5,-0.19,0.0,2381600.0
06/19/1996,19.94,20.0,19.38,19.69,-0.13,0.0,2611800.0
06/18/1996,20.25,20.25,19.69,19.81,-0.44,0.0,1928999.0
06/17/1996,20.31,20.38,20.0,20.25,-0.25,0.0,1327600.0
06/14/1996,20.75,20.75,20.19,20.5,-0.31,0.0,1695400.0
06/13/1996,20.94,20.94,20.5,20.81,-0.06,0.0,1648600.0
06/12/1996,21.25,21.5,20.81,20.88,-0.31,0.0,1425600.0
06/11/1996,21.0,21.5,20.94,21.19,0.19,0.0,952000.0
06/10/1996,21.13,21.19,20.88,21.0,-0.13,0.0,498600.0
06/07/1996,20.56,21.13,20.5,21.13,0.13,0.0,945400.0
06/06/1996,21.44,21.5,20.88,21.0,-0.44,0.0,1034600.0
06/05/1996,21.25,21.69,21.13,21.44,0.0,0.0,1787400.0
06/04/1996,20.81,21.44,20.75,21.44,0.81,0.0,1642800.0
06/03/1996,20.81,20.81,20.44,20.63,-0.19,0.0,1498200.0
05/31/1996,20.56,20.94,20.25,20.81,0.25,0.0,1069400.0
05/30/1996,20.56,20.63,20.25,20.56,0.0,0.0,2127600.0
05/29/1996,20.63,20.75,20.44,20.56,-0.06,0.0,1350000.0
05/28/1996,20.69,21.0,20.63,20.63,-0.06,0.0,1390000.0
05/24/1996,20.69,20.81,20.56,20.69,-0.13,0.0,955799.0
05/23/1996,20.63,20.94,20.44,20.81,-0.44,0.0,1633600.0
05/22/1996,21.13,21.31,20.94,21.25,0.25,0.0,949600.0
05/21/1996,21.25,21.31,21.0,21.0,-0.13,0.0,1120600.0
05/20/1996,21.25,21.44,20.94,21.13,0.13,0.0,1781600.0
05/17/1996,20.75,21.13,20.75,21.0,0.44,0.0,1701000.0
05/16/1996,21.0,21.06,20.56,20.56,-0.44,0.0,1061800.0
05/15/1996,20.75,21.13,20.63,21.0,0.19,0.0,1933000.0
05/14/1996,20.75,21.0,20.5,20.81,0.81,0.0,3985600.0
05/13/1996,20.0,20.06,19.81,20.0,0.44,0.0,2084600.0
05/10/1996,20.13,20.13,19.56,19.56,0.06,0.0,1778200.0
05/09/1996,19.25,19.5,19.19,19.5,0.38,0.0,1397800.0
05/08/1996,19.13,19.25,18.56,19.13,-0.38,0.0,2371600.0
05/07/1996,20.0,20.06,19.5,19.5,-0.5,0.0,1526400.0
05/06/1996,20.0,20.06,19.94,20.0,0.06,0.0,1241200.0
05/03/1996,20.06,20.13,19.88,19.94,0.06,0.0,1372800.0
05/02/1996,19.88,20.06,19.69,19.88,-0.25,0.0,2146600.0
05/01/1996,19.13,20.19,19.06,20.13,0.69,0.0,3367600.0
04/30/1996,19.81,19.88,19.0,19.44,-0.25,0.0,4632200.0
04/29/1996,20.5,20.5,19.69,19.69,-1.0,0.0,2109800.0
04/26/1996,21.13,21.25,20.31,20.69,-0.44,0.0,1005599.0
04/25/1996,21.13,21.5,21.0,21.13,0.0,0.0,947799.0
04/24/1996,21.25,21.38,20.94,21.13,0.06,0.0,1584800.0
04/23/1996,20.63,21.31,20.56,21.06,0.44,0.0,2193200.0
04/22/1996,20.44,20.75,20.06,20.63,0.25,0.0,2319000.0
04/19/1996,20.19,20.88,20.19,20.38,0.13,0.0,1312000.0
04/18/1996,20.69,20.69,19.88,20.25,-0.5,0.0,2375000.0
04/17/1996,21.19,21.38,20.56,20.75,-0.63,0.0,1799599.0
04/16/1996,20.75,21.38,20.75,21.38,0.81,0.0,1786600.0
04/15/1996,21.06,21.13,20.56,20.56,-0.44,0.0,2404200.0
04/12/1996,21.81,22.06,20.94,21.0,-0.81,0.0,1703400.0
04/11/1996,21.31,21.81,20.81,21.81,0.56,0.0,2020800.0
04/10/1996,21.88,22.06,21.25,21.25,-0.75,0.0,1287200.0
04/09/1996,21.5,22.5,21.5,22.0,0.56,0.0,2052600.0
04/08/1996,21.56,21.69,21.25,21.44,-0.38,0.0,1444200.0
04/04/1996,21.94,21.94,21.69,21.81,0.25,0.0,1194000.0
04/03/1996,21.25,21.69,21.13,21.56,0.31,0.0,1042600.0
04/02/1996,21.63,21.63,21.25,21.25,-0.13,0.0,1662200.0
04/01/1996,20.94,21.5,20.5,21.38,0.56,0.0,2324000.0
03/29/1996,21.06,21.25,20.81,20.81,-0.25,0.0,1533000.0
03/28/1996,20.88,21.25,20.75,21.06,0.06,0.0,1371000.0
03/27/1996,21.38,21.44,20.88,21.0,-0.38,0.0,1162600.0
03/26/1996,21.38,21.5,21.31,21.38,0.31,0.0,1882799.0
03/25/1996,21.0,21.44,20.81,21.06,0.0,0.0,1072200.0
03/22/1996,20.69,21.38,20.69,21.06,0.38,0.0,1418800.0
03/21/1996,20.88,20.94,20.5,20.69,-0.31,0.0,1656000.0
03/20/1996,21.5,21.56,20.5,21.0,-0.38,0.0,2096000.0
03/19/1996,21.88,21.94,21.38,21.38,-0.19,0.0,2821600.0
03/18/1996,21.13,21.56,21.06,21.56,0.56,0.0,1738000.0
03/15/1996,21.06,21.38,20.81,21.0,0.0,0.0,3473399.0
03/14/1996,21.63,22.06,21.0,21.0,-0.56,0.0,2743800.0
03/13/1996,21.0,21.63,20.88,21.56,0.5,0.0,1938400.0
03/12/1996,20.75,21.25,20.63,21.06,0.13,0.0,2451200.0
03/11/1996,20.25,21.06,20.0,20.94,0.44,0.0,2124000.0
03/08/1996,19.94,21.0,19.5,20.5,0.19,0.0,3029400.0
03/07/1996,20.63,20.63,20.19,20.31,-0.13,0.0,999800.0
03/06/1996,20.44,20.75,20.25,20.44,-0.13,0.0,2044800.0
03/05/1996,20.44,20.56,19.94,20.56,0.06,0.0,2041800.0
03/04/1996,19.69,20.56,19.69,20.5,0.81,0.0,2939800.0
03/01/1996,19.94,19.94,19.25,19.69,0.13,0.0,1476400.0
02/29/1996,19.69,20.13,19.25,19.56,-0.19,0.0,1645400.0
02/28/1996,19.69,19.81,19.31,19.75,0.19,0.0,2366800.0
02/27/1996,19.56,20.0,19.5,19.56,-0.06,0.0,1690200.0
02/26/1996,19.38,19.81,19.25,19.63,0.0,0.0,1168600.0
02/23/1996,19.69,19.75,18.88,19.63,0.06,0.0,1746999.0
02/22/1996,19.44,20.06,19.44,19.56,0.13,0.0,2804200.0
02/21/1996,18.5,19.56,18.44,19.44,1.0,0.0,2344400.0
02/20/1996,18.25,18.69,18.19,18.44,-0.06,0.0,2550600.0
02/16/1996,18.5,18.88,18.44,18.5,-0.88,0.0,4733000.0
02/15/1996,19.81,20.44,19.06,19.38,-0.44,0.0,5591600.0
02/14/1996,19.5,19.94,19.31,19.81,0.5,0.0,3788399.0
02/13/1996,19.19,19.75,19.0,19.31,-0.06,0.0,2907800.0
02/12/1996,18.5,19.56,18.5,19.38,0.81,0.0,3005400.0
02/09/1996,18.31,18.88,18.25,18.56,0.31,0.0,2229200.0
02/08/1996,18.25,18.5,18.19,18.25,0.13,0.0,5006400.0
02/07/1996,18.69,18.81,17.94,18.13,-0.63,0.0,4534800.0
02/06/1996,19.0,19.06,18.56,18.75,-0.25,0.0,2410400.0
02/05/1996,18.81,19.13,18.69,19.0,0.13,0.0,2113400.0
02/02/1996,18.75,19.0,18.56,18.88,0.13,0.0,2709000.0
02/01/1996,18.75,18.94,18.56,18.75,0.0,0.0,2410600.0
01/31/1996,18.75,18.75,18.5,18.75,-0.19,0.0,3440599.0
01/30/1996,18.31,19.06,18.25,18.94,0.81,0.0,2750800.0
01/29/1996,17.88,18.31,17.81,18.13,0.25,0.0,1783400.0
01/26/1996,17.63,18.06,17.63,17.88,0.25,0.0,1008200.0
01/25/1996,17.81,17.88,17.44,17.63,-0.25,0.0,1278000.0
01/24/1996,17.75,18.13,17.75,17.88,0.13,0.0,1641200.0
01/23/1996,17.5,17.75,17.13,17.75,0.06,0.0,1649800.0
01/22/1996,17.31,17.94,17.25,17.69,0.38,0.0,1584200.0
01/19/1996,16.81,17.31,16.81,17.31,-0.13,0.0,2203200.0
01/18/1996,17.38,17.44,17.13,17.44,0.38,0.0,2136400.0
01/17/1996,17.0,17.88,17.0,17.06,0.19,0.0,2512800.0
01/16/1996,16.88,16.94,16.63,16.88,0.0,0.0,2345400.0
01/15/1996,17.13,17.13,16.81,16.88,-0.25,0.0,791800.0
01/12/1996,17.5,17.5,16.81,17.13,-0.25,0.0,1137000.0
01/11/1996,16.94,17.38,16.88,17.38,0.81,0.0,2248600.0
01/10/1996,17.5,17.5,16.5,16.56,-0.94,0.0,2275200.0
01/09/1996,18.13,18.31,17.06,17.5,-0.81,0.0,1733600.0
01/08/1996,18.25,18.44,18.25,18.31,0.06,0.0,518000.0
01/05/1996,17.94,18.56,17.81,18.25,0.25,0.0,3700600.0
01/04/1996,17.75,18.06,17.75,18.0,0.44,0.0,2652000.0
01/03/1996,17.69,17.69,17.44,17.56,-0.19,0.0,3453000.0
01/02/1996,17.44,17.88,17.38,17.75,0.0,0.0,3296400.0
