05/05/2023,0.24178209551618995,0.91,1.393,0.426
05/04/2023,0.22801687593728673,0.88,1.336,0.423
05/03/2023,0.20676474484834206,0.85,1.263,0.436
05/02/2023,0.1793345022916672,0.83,1.188,0.471
05/01/2023,0.12705600226750405,0.8,1.054,0.545
04/28/2023,0.09112027333255754,0.78,0.962,0.597
04/27/2023,0.07974169368780674,0.77,0.929,0.61
04/26/2023,0.07448951746521117,0.77,0.918,0.621
04/25/2023,0.07394277322497446,0.77,0.917,0.622
04/24/2023,0.07395223601893319,0.77,0.917,0.622
04/21/2023,0.07982164939538647,0.78,0.939,0.62
04/20/2023,0.08564677168463503,0.78,0.951,0.608
04/19/2023,0.08851702661070354,0.79,0.967,0.612
04/18/2023,0.08915612149482502,0.81,0.988,0.631
04/17/2023,0.09087691676107855,0.82,1.001,0.638
04/14/2023,0.10716878976642408,0.84,1.054,0.625
04/13/2023,0.12263502558404756,0.86,1.105,0.614
04/12/2023,0.13199355855495373,0.88,1.143,0.616
04/11/2023,0.13420319482039167,0.9,1.168,0.631
04/10/2023,0.13657336856063848,0.92,1.193,0.646
04/06/2023,0.141335772188077,0.94,1.222,0.657
04/05/2023,0.13497333255128585,0.96,1.229,0.69
04/04/2023,0.11989891784332335,0.98,1.219,0.74
04/03/2023,0.1180793059769577,0.99,1.226,0.753
03/31/2023,0.11801386571077147,1.01,1.246,0.773
03/30/2023,0.12547897034961678,1.03,1.28,0.779
03/29/2023,0.12899989147282256,1.05,1.307,0.792
03/28/2023,0.14479941816181444,1.08,1.369,0.79
03/27/2023,0.16317693924081306,1.11,1.436,0.783
03/24/2023,0.1574782953298644,1.12,1.434,0.805
03/23/2023,0.15018293178653822,1.13,1.43,0.829
03/22/2023,0.14233872452709415,1.14,1.424,0.855
03/21/2023,0.1330225544785545,1.15,1.416,0.883
03/20/2023,0.12302962244922966,1.16,1.406,0.913
03/17/2023,0.11257836381827546,1.17,1.395,0.944
03/16/2023,0.11213334918747409,1.17,1.394,0.945
03/15/2023,0.12300035772305701,1.19,1.436,0.943
03/14/2023,0.129582745765013,1.2,1.459,0.94
03/13/2023,0.14486851969976083,1.22,1.509,0.93
03/10/2023,0.1568505275732281,1.24,1.553,0.926
03/09/2023,0.17279261558295828,1.26,1.605,0.914
03/08/2023,0.1852568163388327,1.29,1.66,0.919
03/07/2023,0.19010599148895857,1.31,1.69,0.929
03/06/2023,0.1988418668188367,1.34,1.737,0.942
03/03/2023,0.21391794688618343,1.37,1.797,0.942
03/02/2023,0.2374103788801155,1.4,1.874,0.925
03/01/2023,0.2652668241601275,1.43,1.96,0.899
02/28/2023,0.2744206406231135,1.45,1.998,0.901
02/27/2023,0.27886248941010333,1.46,2.017,0.902
02/24/2023,0.2741431888630465,1.48,2.028,0.931
02/23/2023,0.25983126832619663,1.51,2.029,0.99
02/22/2023,0.24735134525609517,1.55,2.044,1.055
02/21/2023,0.23489463169685257,1.58,2.049,1.11
02/17/2023,0.20723175432351099,1.62,2.034,1.205
02/16/2023,0.19800252523642217,1.66,2.056,1.263
02/15/2023,0.17777795138880412,1.7,2.055,1.344
02/14/2023,0.2034576122930769,1.75,2.156,1.343
02/13/2023,0.2078340684296008,1.79,2.205,1.374
02/10/2023,0.20275601100830523,1.81,2.215,1.404
02/09/2023,0.19196353820452466,1.83,2.213,1.446
02/08/2023,0.18331666590902204,1.85,2.216,1.483
02/07/2023,0.17736967046256807,1.86,2.214,1.505
02/06/2023,0.16739175606940743,1.87,2.204,1.535
02/03/2023,0.16215733100911595,1.88,2.204,1.555
02/02/2023,0.16301840386901106,1.88,2.206,1.553
02/01/2023,0.17909494688572317,1.86,2.218,1.501
01/31/2023,0.20177958271341528,1.84,2.243,1.436
01/30/2023,0.22089590308559368,1.82,2.261,1.378
01/27/2023,0.23427547887049552,1.81,2.278,1.341
01/26/2023,0.25515681452785066,1.79,2.3,1.279
01/25/2023,0.2642631264478644,1.78,2.308,1.251
01/24/2023,0.26942531432662375,1.77,2.308,1.231
01/23/2023,0.26998148084637213,1.76,2.299,1.22
01/20/2023,0.270342375516677,1.76,2.3,1.219
01/19/2023,0.26546186166754726,1.74,2.27,1.209
01/18/2023,0.2546958971008367,1.72,2.229,1.21
01/17/2023,0.22304708023195463,1.7,2.146,1.253
01/13/2023,0.19491023574969069,1.68,2.069,1.29
01/12/2023,0.18360283222216373,1.67,2.037,1.302
01/11/2023,0.175798179740292,1.66,2.011,1.308
01/10/2023,0.17646529403823294,1.66,2.012,1.307
01/09/2023,0.17445629825259965,1.66,2.008,1.311
01/06/2023,0.18568791021496256,1.67,2.041,1.298
01/05/2023,0.18274298892159996,1.67,2.035,1.304
01/04/2023,0.18230469001098135,1.67,2.034,1.305
01/03/2023,0.18672171807264415,1.68,2.053,1.306
12/30/2022,0.18437733049374588,1.71,2.078,1.341
12/29/2022,0.17414074767267995,1.72,2.068,1.371
12/28/2022,0.1704406054905931,1.72,2.06,1.379
12/27/2022,0.15525785004308154,1.73,2.04,1.419
12/23/2022,0.15350895739337167,1.73,2.037,1.422
12/22/2022,0.16677829595004262,1.72,2.053,1.386
12/21/2022,0.19691368667515216,1.7,2.093,1.306
12/20/2022,0.2561111096770306,1.66,2.172,1.147
12/19/2022,0.29478738270149896,1.63,2.219,1.04
12/16/2022,0.31431608453911486,1.6,2.228,0.971
12/15/2022,0.3249686154077036,1.57,2.219,0.92
12/14/2022,0.3260285278928824,1.54,2.192,0.887
12/13/2022,0.3240827070363366,1.52,2.168,0.871
12/12/2022,0.32082643438469965,1.49,2.131,0.848
12/09/2022,0.30809836254027706,1.47,2.086,0.853
12/08/2022,0.29389556138193035,1.44,2.027,0.852
12/07/2022,0.26656068914976944,1.4,1.933,0.866
12/06/2022,0.2521796998174119,1.38,1.884,0.875
12/05/2022,0.24563357058838678,1.35,1.841,0.858
12/02/2022,0.2116503035669923,1.32,1.743,0.896
12/01/2022,0.15680274551167783,1.29,1.603,0.976
11/30/2022,0.14155246730452986,1.28,1.563,0.996
11/29/2022,0.17375874366488725,1.29,1.637,0.942
11/28/2022,0.2145975326046411,1.31,1.739,0.88
11/25/2022,0.2540316929046453,1.34,1.848,0.831
11/23/2022,0.2891489252962909,1.37,1.948,0.791
11/22/2022,0.31307682922886515,1.4,2.026,0.773
11/21/2022,0.31829893653608077,1.45,2.086,0.813
11/18/2022,0.312701315155533,1.5,2.125,0.874
11/17/2022,0.3091627605323772,1.53,2.148,0.911
11/16/2022,0.30694073124953614,1.57,2.183,0.956
11/15/2022,0.3076883366330287,1.6,2.215,0.984
11/14/2022,0.30728099924987223,1.63,2.244,1.015
11/11/2022,0.30286319106157483,1.66,2.265,1.054
11/10/2022,0.29550653546072375,1.68,2.271,1.088
11/09/2022,0.29064602612112206,1.72,2.301,1.138
11/08/2022,0.2752419163208976,1.74,2.29,1.189
11/07/2022,0.2570683031803026,1.78,2.294,1.265
11/04/2022,0.2198753612845241,1.82,2.259,1.38
11/03/2022,0.18121361565842672,1.86,2.222,1.497
11/02/2022,0.13813154780860162,1.9,2.176,1.623
11/01/2022,0.08402514207069212,1.93,2.098,1.761
10/31/2022,0.08592481888255568,1.95,2.121,1.778
10/28/2022,0.08494365485426204,1.96,2.129,1.79
10/27/2022,0.08509479713825045,1.95,2.12,1.779
10/26/2022,0.08500661444852393,1.95,2.12,1.779
10/25/2022,0.0864605372409864,1.96,2.132,1.787
10/24/2022,0.10084151922695331,1.95,2.151,1.748
10/21/2022,0.11050435285544183,1.94,2.161,1.718
10/20/2022,0.12025180456026428,1.93,2.17,1.689
10/19/2022,0.12370043249722289,1.93,2.177,1.682
10/18/2022,0.12913700089439895,1.92,2.178,1.661
10/17/2022,0.12997755575483022,1.91,2.169,1.65
10/14/2022,0.13254872688939714,1.91,2.175,1.644
10/13/2022,0.1303233095037108,1.91,2.17,1.649
10/12/2022,0.12970799898232951,1.91,2.169,1.65
10/11/2022,0.1294765036599305,1.91,2.168,1.651
10/10/2022,0.1308534103491384,1.92,2.181,1.658
10/07/2022,0.13292216895612258,1.92,2.185,1.654
10/06/2022,0.1387396951128263,1.93,2.207,1.652
10/05/2022,0.13458567159991436,1.92,2.189,1.65
10/04/2022,0.12578912115123467,1.91,2.161,1.658
10/03/2022,0.12023499074728619,1.9,2.14,1.659
09/30/2022,0.12686529470268848,1.91,2.163,1.656
09/29/2022,0.13141651722671696,1.92,2.182,1.657
09/28/2022,0.13844891115498165,1.93,2.206,1.653
09/27/2022,0.1406879561298692,1.93,2.211,1.648
09/26/2022,0.14576934176979744,1.95,2.241,1.658
09/23/2022,0.14895335175819313,1.98,2.277,1.682
09/22/2022,0.1447370598706496,2.01,2.299,1.72
09/21/2022,0.14754564039645499,2.03,2.325,1.734
09/20/2022,0.15024030085166898,2.06,2.36,1.759
09/19/2022,0.16808434787332224,2.09,2.426,1.753
09/16/2022,0.181234511062325,2.13,2.492,1.767
09/15/2022,0.20650556408968743,2.17,2.583,1.756
09/14/2022,0.21494126639619485,2.2,2.629,1.77
09/13/2022,0.2104199325159097,2.22,2.64,1.799
09/12/2022,0.21141309798591001,2.25,2.672,1.827
09/09/2022,0.207265284116757,2.26,2.674,1.845
09/08/2022,0.20534677499293724,2.27,2.68,1.859
09/07/2022,0.193858191727871,2.28,2.667,1.892
09/06/2022,0.17434018039453783,2.29,2.638,1.941
09/02/2022,0.16576428596051682,2.3,2.631,1.968
09/01/2022,0.15932450690336372,2.31,2.628,1.991
08/31/2022,0.15010230011562112,2.32,2.62,2.019
08/30/2022,0.1631735287967996,2.31,2.636,1.983
08/29/2022,0.1857431035058906,2.3,2.671,1.928
08/26/2022,0.20493999243681063,2.29,2.699,1.88
08/25/2022,0.2160907228457529,2.27,2.702,1.837
08/24/2022,0.22584308822720256,2.26,2.711,1.808
08/23/2022,0.2389976997797259,2.24,2.717,1.762
08/22/2022,0.2511169060417876,2.22,2.722,1.717
08/19/2022,0.2502786457131331,2.19,2.69,1.689
08/18/2022,0.23974931178211964,2.16,2.639,1.68
08/17/2022,0.21294795725716645,2.13,2.555,1.704
08/16/2022,0.18970749194483597,2.1,2.479,1.72
08/15/2022,0.17627998326525898,2.09,2.442,1.737
08/12/2022,0.1512836160990343,2.06,2.362,1.757
08/11/2022,0.1425718503071346,2.06,2.345,1.774
08/10/2022,0.13315942700387381,2.05,2.316,1.783
08/09/2022,0.1364222599138425,2.05,2.322,1.777
08/08/2022,0.1390724181856345,2.05,2.328,1.771
08/05/2022,0.16223235651373621,2.07,2.394,1.745
08/04/2022,0.16420821386276632,2.07,2.398,1.741
08/03/2022,0.16269399958203745,2.07,2.395,1.744
08/02/2022,0.1612896075387376,2.07,2.392,1.747
08/01/2022,0.15347129210376775,2.08,2.386,1.773
07/29/2022,0.14856829237761335,2.09,2.387,1.792
07/28/2022,0.14856829237761335,2.09,2.387,1.792
07/27/2022,0.14794133127696266,2.1,2.395,1.804
07/26/2022,0.14076838245856207,2.11,2.391,1.828
07/25/2022,0.12878213191277743,2.12,2.377,1.862
07/22/2022,0.12212263303745136,2.13,2.374,1.885
07/21/2022,0.11813469219496874,2.14,2.376,1.903
07/20/2022,0.11571821593854617,2.15,2.381,1.918
07/19/2022,0.11447971654402364,2.16,2.388,1.931
07/18/2022,0.11338212160653902,2.17,2.396,1.943
07/15/2022,0.11082308198204922,2.17,2.391,1.948
07/14/2022,0.1117217771967489,2.17,2.393,1.946
07/13/2022,0.11218981682844482,2.17,2.394,1.945
07/12/2022,0.11060313964802268,2.16,2.381,1.938
07/11/2022,0.11034604659887008,2.16,2.38,1.939
07/08/2022,0.08995137575379268,2.15,2.329,1.97
07/07/2022,0.08310385069297334,2.14,2.306,1.973
07/06/2022,0.08225721852822405,2.14,2.304,1.975
07/05/2022,0.10040542814011605,2.16,2.36,1.959
07/01/2022,0.10198651871693631,2.17,2.373,1.966
06/30/2022,0.09618341852939102,2.18,2.372,1.987
06/29/2022,0.08349401176132333,2.19,2.356,2.023
06/28/2022,0.08701293007363904,2.19,2.364,2.015
06/27/2022,0.08486017911835915,2.2,2.369,2.03
06/24/2022,0.08486017911835915,2.2,2.369,2.03
06/23/2022,0.09298521387833658,2.19,2.375,2.004
06/22/2022,0.09511177634762163,2.19,2.38,1.999
06/21/2022,0.09389488803976498,2.18,2.367,1.992
06/17/2022,0.10349516896937751,2.17,2.376,1.963
06/16/2022,0.10540991414473308,2.16,2.37,1.949
06/15/2022,0.10545141061171255,2.16,2.37,1.949
06/14/2022,0.1046900186264192,2.16,2.369,1.95
06/13/2022,0.1049047186736612,2.16,2.369,1.95
06/10/2022,0.1035615758860399,2.16,2.367,1.952
06/09/2022,0.10298058069364341,2.16,2.365,1.954
06/08/2022,0.10178408519999578,2.15,2.353,1.946
06/07/2022,0.10404326023342407,2.14,2.348,1.931
06/06/2022,0.10327148686835104,2.14,2.346,1.933
06/03/2022,0.09394147114027968,2.14,2.327,1.952
06/02/2022,0.09300537618869138,2.14,2.326,1.953
06/01/2022,0.13051819796488154,2.15,2.411,1.888
05/31/2022,0.1564288975860918,2.17,2.482,1.857
05/27/2022,0.18261982367749677,2.19,2.555,1.824
05/26/2022,0.21115160430363775,2.22,2.642,1.797
05/25/2022,0.23386962179812928,2.25,2.717,1.782
05/24/2022,0.24901807163336565,2.28,2.778,1.781
05/23/2022,0.2738521498911411,2.32,2.867,1.772
05/20/2022,0.30794480024835624,2.36,2.975,1.744
05/19/2022,0.3309305063000388,2.42,3.081,1.758
05/18/2022,0.34596242570545144,2.47,3.161,1.778
05/17/2022,0.35203692988094304,2.51,3.214,1.805
05/16/2022,0.3473542859963009,2.54,3.234,1.845
05/13/2022,0.33416313381341156,2.57,3.238,1.901
05/12/2022,0.3191708006694848,2.6,3.238,1.961
05/11/2022,0.30904692200376305,2.64,3.258,2.021
05/10/2022,0.2818332840528244,2.69,3.253,2.126
05/09/2022,0.2455809438861248,2.73,3.221,2.238
05/06/2022,0.21595427756819263,2.77,3.201,2.338
05/05/2022,0.1948749599101947,2.8,3.189,2.41
05/04/2022,0.15959714909734446,2.84,3.159,2.52
05/03/2022,0.1548588066594858,2.86,3.169,2.55
05/02/2022,0.15539063678355908,2.89,3.2,2.579
04/29/2022,0.14538311456286795,2.92,3.21,2.629
04/28/2022,0.1448145365631503,2.94,3.229,2.65
04/27/2022,0.13411282563573104,2.95,3.218,2.681
04/26/2022,0.13042718274960938,2.95,3.21,2.689
04/25/2022,0.1360560546245554,2.95,3.222,2.677
04/22/2022,0.13715411040140213,2.94,3.214,2.665
04/21/2022,0.1351896815589119,2.93,3.2,2.659
04/20/2022,0.13381423691072636,2.92,3.187,2.652
04/19/2022,0.1342059983756315,2.92,3.188,2.651
04/18/2022,0.1320085224521508,2.93,3.194,2.665
04/14/2022,0.12355666716126652,2.93,3.177,2.682
04/13/2022,0.12110429389579874,2.93,3.172,2.687
04/12/2022,0.12903972256634777,2.92,3.178,2.661
04/11/2022,0.14503878791550898,2.91,3.2,2.619
04/08/2022,0.14763553095376464,2.9,3.195,2.604
04/07/2022,0.15517731793016656,2.91,3.22,2.599
04/06/2022,0.1812181006411887,2.93,3.292,2.567
04/05/2022,0.2033592879609879,2.95,3.356,2.543
04/04/2022,0.21578924903711025,2.96,3.391,2.528
04/01/2022,0.25219040425836986,2.98,3.484,2.475
03/31/2022,0.2730109887898287,3.0,3.546,2.453
03/30/2022,0.2859895102971436,3.01,3.581,2.438
03/29/2022,0.29854647879350377,3.04,3.637,2.442
03/28/2022,0.29734659910616096,3.06,3.654,2.465
03/25/2022,0.2913588852257641,3.09,3.672,2.507
03/24/2022,0.28811456054840406,3.11,3.686,2.533
03/23/2022,0.28222331583340166,3.12,3.684,2.555
03/22/2022,0.27627884464793895,3.14,3.692,2.587
03/21/2022,0.27383389125526447,3.16,3.707,2.612
03/18/2022,0.2701481075262235,3.18,3.72,2.639
03/17/2022,0.25992306554055566,3.21,3.729,2.69
03/16/2022,0.24904818810824544,3.24,3.738,2.741
03/15/2022,0.22303587155433094,3.28,3.726,2.833
03/14/2022,0.16411885936722817,3.31,3.638,2.981
03/11/2022,0.1097724920005008,3.34,3.559,3.12
03/10/2022,0.1313582886612033,3.37,3.632,3.107
03/09/2022,0.16736188335460384,3.4,3.734,3.065
03/08/2022,0.18024982662959768,3.42,3.78,3.059
03/07/2022,0.1815764301885022,3.43,3.793,3.066
03/04/2022,0.18112150617748302,3.43,3.792,3.067
03/03/2022,0.18105247858010676,3.43,3.792,3.067
03/02/2022,0.18532404053441098,3.44,3.81,3.069
03/01/2022,0.21513948963405116,3.46,3.89,3.029
02/28/2022,0.21619435700313736,3.48,3.912,3.047
02/25/2022,0.21209667607013555,3.5,3.924,3.075
02/24/2022,0.20446271053666484,3.52,3.928,3.111
02/23/2022,0.1968755952371954,3.55,3.943,3.156
02/22/2022,0.1927563228534929,3.58,3.965,3.194
02/18/2022,0.17451360978445205,3.6,3.949,3.25
02/17/2022,0.17197383521919835,3.62,3.963,3.276
02/16/2022,0.16979399282660146,3.64,3.979,3.3
02/15/2022,0.18648056198971513,3.67,4.042,3.297
02/14/2022,0.20542638584174133,3.71,4.12,3.299
02/11/2022,0.21466252583997977,3.75,4.179,3.32
02/10/2022,0.2521210026951345,3.81,4.314,3.305
02/09/2022,0.29404081349363725,3.85,4.438,3.261
02/08/2022,0.31086974764360714,3.87,4.491,3.248
02/07/2022,0.31212177110864914,3.89,4.514,3.265
02/04/2022,0.3147697571241557,3.92,4.549,3.29
02/03/2022,0.31086974764360714,3.96,4.581,3.338
02/02/2022,0.2913417237540823,3.99,4.572,3.407
02/01/2022,0.28500000000000003,4.03,4.6,3.459
01/31/2022,0.28533313862921705,4.04,4.61,3.469
01/28/2022,0.2823827190180022,4.04,4.604,3.475
01/27/2022,0.26674894563990315,4.06,4.593,3.526
01/26/2022,0.24227050996768054,4.08,4.564,3.595
01/25/2022,0.2705549851693736,4.07,4.611,3.528
01/24/2022,0.2791863177163236,4.06,4.618,3.501
01/21/2022,0.2625452341978425,4.07,4.595,3.544
01/20/2022,0.2566904750862407,4.08,4.593,3.566
01/19/2022,0.25058930543820096,4.1,4.601,3.598
01/18/2022,0.2504795400826183,4.1,4.6,3.599
01/14/2022,0.25067907770693587,4.1,4.601,3.598
01/13/2022,0.2507015157513013,4.08,4.581,3.578
01/12/2022,0.23161660130482867,4.06,4.523,3.596
01/11/2022,0.20740359206146833,4.04,4.454,3.625
01/10/2022,0.20408944117714659,4.03,4.438,3.621
01/07/2022,0.2159571716799421,4.05,4.481,3.618
01/06/2022,0.23250268815650282,4.06,4.525,3.594
01/05/2022,0.268881944354767,4.08,4.617,3.542
01/04/2022,0.3014921226168273,4.11,4.712,3.507
01/03/2022,0.34562624321657065,4.14,4.831,3.448
12/31/2021,0.37198454268961234,4.17,4.913,3.426
12/30/2021,0.39785989996479915,4.23,5.025,3.434
12/29/2021,0.4123257207596926,4.27,5.094,3.445
12/28/2021,0.4758387331859398,4.34,5.291,3.388
12/27/2021,0.4926687528147081,4.44,5.425,3.454
12/23/2021,0.49205436691487653,4.52,5.504,3.535
12/22/2021,0.500582161088467,4.59,5.591,3.588
12/21/2021,0.5077967112930133,4.66,5.675,3.644
12/20/2021,0.5144487340833874,4.72,5.748,3.691
12/17/2021,0.5103111795757563,4.78,5.8,3.759
12/16/2021,0.5041800273711762,4.85,5.858,3.841
12/15/2021,0.5042729915432711,4.95,5.958,3.941
12/14/2021,0.686830583186276,5.11,6.483,3.736
12/13/2021,0.7946673832491176,5.27,6.859,3.68
12/10/2021,0.8596714488686943,5.42,7.139,3.7
12/09/2021,0.8919417021308063,5.55,7.333,3.766
12/08/2021,0.9110214047979334,5.68,7.502,3.857
12/07/2021,0.9206736663986865,5.79,7.631,3.948
12/06/2021,0.9162941667390446,5.9,7.732,4.067
12/03/2021,0.9203477603601804,6.01,7.85,4.169
12/02/2021,0.893255282660002,6.11,7.896,4.323
12/01/2021,0.8689965477491842,6.2,7.937,4.462
11/30/2021,0.8100895012281052,6.29,7.91,4.669
11/29/2021,0.7860057251699889,6.33,7.902,4.757
11/26/2021,0.7698246553599073,6.35,7.889,4.81
11/24/2021,0.7371940043163673,6.38,7.854,4.905
11/23/2021,0.6954423052992966,6.43,7.82,5.039
11/22/2021,0.6507034654894656,6.48,7.781,5.178
11/19/2021,0.6010698794649422,6.53,7.732,5.327
11/18/2021,0.5272096357237792,6.59,7.644,5.535
11/17/2021,0.46363374553628,6.65,7.577,5.722
11/16/2021,0.42757601663329997,6.7,7.555,5.844
11/15/2021,0.4018037456271408,6.66,7.463,5.856
11/12/2021,0.37526157543772054,6.63,7.38,5.879
11/11/2021,0.354529617944679,6.6,7.309,5.89
11/10/2021,0.34168882041998394,6.59,7.273,5.906
11/09/2021,0.3328907478437934,6.58,7.245,5.914
11/08/2021,0.3261307253234507,6.57,7.222,5.917
11/05/2021,0.3213895611248132,6.56,7.202,5.917
11/04/2021,0.2998020180052163,6.54,7.139,5.94
11/03/2021,0.2953155092439272,6.53,7.12,5.939
11/02/2021,0.2859567274956126,6.52,7.091,5.948
11/01/2021,0.2854754805583135,6.52,7.09,5.949
10/29/2021,0.2646058389378436,6.53,7.059,6.0
10/28/2021,0.2117457201456502,6.57,6.993,6.146
10/27/2021,0.15460029107346465,6.62,6.929,6.31
10/26/2021,0.13293325392842822,6.64,6.905,6.374
10/25/2021,0.12712690509880267,6.66,6.914,6.405
10/22/2021,0.1897926500157474,6.7,7.079,6.32
10/21/2021,0.18732658647399733,6.72,7.094,6.345
10/20/2021,0.18897089723023489,6.72,7.097,6.342
10/19/2021,0.19389430110243053,6.7,7.087,6.312
10/18/2021,0.2118253997989854,6.69,7.113,6.266
10/15/2021,0.23518078152774305,6.67,7.14,6.199
10/14/2021,0.2370970265524222,6.68,7.154,6.205
10/13/2021,0.2374447304111001,6.67,7.144,6.195
10/12/2021,0.23741314201197877,6.66,7.134,6.185
10/11/2021,0.23622023622035435,6.65,7.122,6.177
10/08/2021,0.2368966019173766,6.63,7.103,6.156
10/07/2021,0.2575558191926558,6.66,7.175,6.144
10/06/2021,0.2871846096154876,6.68,7.254,6.105
10/05/2021,0.3015625971502434,6.71,7.313,6.106
10/04/2021,0.3218617715728291,6.74,7.383,6.096
10/01/2021,0.33323415191123495,6.79,7.456,6.123
09/30/2021,0.35497182986823056,6.83,7.539,6.12
09/29/2021,0.37217603361850154,6.86,7.604,6.115
09/28/2021,0.41098053481886465,6.91,7.731,6.088
09/27/2021,0.4275277768753746,6.94,7.795,6.084
09/24/2021,0.4343903774256516,6.94,7.808,6.071
09/23/2021,0.43870263277076427,6.96,7.837,6.082
09/22/2021,0.4410952278136775,7.0,7.882,6.117
09/21/2021,0.43326089138070156,7.05,7.916,6.183
09/20/2021,0.4001874560752749,7.08,7.88,6.279
09/17/2021,0.34866172717979826,7.12,7.817,6.422
09/16/2021,0.34170162422792205,7.13,7.813,6.446
09/15/2021,0.321690845377981,7.17,7.813,6.526
09/14/2021,0.28892040426387344,7.22,7.797,6.642
09/13/2021,0.25599804686754946,7.24,7.751,6.728
09/10/2021,0.22348378017207424,7.31,7.756,6.863
09/09/2021,0.26532998322843193,7.35,7.88,6.819
09/08/2021,0.3204372013359247,7.4,8.04,6.759
09/07/2021,0.3471671067367989,7.45,8.144,6.755
09/03/2021,0.3730683583473676,7.49,8.236,6.743
09/02/2021,0.40142869852565344,7.54,8.342,6.737
09/01/2021,0.43841760913539946,7.59,8.466,6.713
08/31/2021,0.45313905150626765,7.63,8.536,6.723
08/30/2021,0.47493157401882624,7.66,8.609,6.71
08/27/2021,0.5069319480955997,7.71,8.723,6.696
08/26/2021,0.5191338940966963,7.75,8.788,6.711
08/25/2021,0.5202114954516095,7.81,8.85,6.769
08/24/2021,0.536538069944715,7.86,8.933,6.786
08/23/2021,0.5424331299800924,7.92,9.004,6.835
08/20/2021,0.4939983810702216,7.99,8.977,7.002
08/19/2021,0.4782838074825447,8.09,9.046,7.133
08/18/2021,0.49885007817980725,8.19,9.187,7.192
08/17/2021,0.47596974746300824,8.27,9.221,7.318
08/16/2021,0.437410105621715,8.31,9.184,7.435
08/13/2021,0.32754114321715355,8.37,9.025,7.714
08/12/2021,0.30680384694459084,8.41,9.023,7.796
08/11/2021,0.31825163078922303,8.46,9.096,7.823
08/10/2021,0.32086508145948184,8.49,9.131,7.848
08/09/2021,0.34800862130125443,8.55,9.246,7.853
08/06/2021,0.3891151506944955,8.61,9.388,7.831
08/05/2021,0.40228248843319037,8.67,9.474,7.865
08/04/2021,0.4006638247958005,8.7,9.501,7.898
08/03/2021,0.39231607219179776,8.74,9.524,7.955
08/02/2021,0.3962732649321676,8.8,9.592,8.007
07/30/2021,0.47009913901218736,8.87,9.81,7.929
07/29/2021,0.5152223796575609,8.96,9.99,7.929
07/28/2021,0.56483183382313,9.05,10.179,7.92
07/27/2021,0.589075546937742,9.13,10.308,7.951
07/26/2021,0.6504690615240665,9.23,10.53,7.929
07/23/2021,0.7041945753838209,9.36,10.768,7.951
07/22/2021,0.7678053138654355,9.45,10.985,7.914
07/21/2021,0.8108976507550134,9.52,11.141,7.898
07/20/2021,0.7990525639781151,9.57,11.168,7.971
07/19/2021,0.7600559189954379,9.67,11.19,8.149
07/16/2021,0.7021467083167163,9.78,11.184,8.375
07/15/2021,0.662276377353141,9.88,11.204,8.555
07/14/2021,0.6333798228551333,9.94,11.206,8.673
07/13/2021,0.5802327119354787,10.01,11.17,8.849
07/12/2021,0.5771221707749583,10.09,11.244,8.935
07/09/2021,0.5783294908613948,10.16,11.316,9.003
07/08/2021,0.5417610174237347,10.2,11.283,9.116
07/07/2021,0.5305704477258416,10.2,11.261,9.138
07/06/2021,0.5511896225438211,10.19,11.292,9.087
07/02/2021,0.6051817908694874,10.17,11.38,8.959
07/01/2021,0.7080748547999709,10.09,11.506,8.673
06/30/2021,0.8283054991970052,9.99,11.646,8.333
06/29/2021,0.9068131009199195,9.9,11.713,8.086
06/28/2021,0.9564047260443667,9.82,11.732,7.907
06/25/2021,0.9951507423501226,9.7,11.69,7.709
06/24/2021,1.0237699936997569,9.56,11.607,7.512
06/23/2021,1.0554051354811573,9.41,11.52,7.299
06/22/2021,1.087779849050349,9.25,11.425,7.074
06/21/2021,1.133770258914918,9.14,11.407,6.872
06/18/2021,1.119167101017538,9.04,11.278,6.801
06/17/2021,1.114486428809252,8.89,11.118,6.661
06/16/2021,1.111035552986492,8.71,10.932,6.487
06/15/2021,1.098735636993722,8.56,10.757,6.362
06/14/2021,1.0749209273244242,8.4,10.549,6.25
06/11/2021,0.9633742782532653,8.21,10.136,6.283
06/10/2021,0.8154906498544295,8.01,9.64,6.379
06/09/2021,0.673338696348279,7.87,9.216,6.523
06/08/2021,0.6261709031885783,7.78,9.032,6.527
06/07/2021,0.5700131577428716,7.71,8.85,6.569
06/04/2021,0.5159118141698249,7.66,8.691,6.628
06/03/2021,0.4864462971387488,7.63,8.602,6.657
06/02/2021,0.4803644449790179,7.63,8.59,6.669
06/01/2021,0.4656339764235423,7.61,8.541,6.678
05/28/2021,0.45248204384262586,7.61,8.514,6.705
05/27/2021,0.5640168437201144,7.65,8.778,6.521
05/26/2021,0.5692143708656695,7.66,8.798,6.521
05/25/2021,0.5812185475361226,7.69,8.852,6.527
05/24/2021,0.5882601465338272,7.67,8.846,6.493
05/21/2021,0.5979088559304001,7.65,8.845,6.454
05/20/2021,0.596338829861011,7.59,8.782,6.397
05/19/2021,0.6020838811992894,7.57,8.774,6.365
05/18/2021,0.5930598620712751,7.59,8.776,6.403
05/17/2021,0.6019800661151496,7.58,8.783,6.376
05/14/2021,0.6302380502635492,7.56,8.82,6.299
05/13/2021,0.6281122511144007,7.56,8.816,6.303
05/12/2021,0.6198104548973016,7.56,8.799,6.32
05/11/2021,0.6252039667180623,7.56,8.81,6.309
05/10/2021,0.6270725635841518,7.55,8.804,6.295
05/07/2021,0.6481820731862306,7.52,8.816,6.223
05/06/2021,0.6472364328435166,7.5,8.794,6.205
05/05/2021,0.6390696362682239,7.48,8.758,6.201
05/04/2021,0.6340070977520678,7.47,8.738,6.201
05/03/2021,0.6454765681262179,7.48,8.77,6.189
04/30/2021,0.6641121893174375,7.5,8.828,6.171
04/29/2021,0.6145445467986841,7.48,8.709,6.25
04/28/2021,0.6179522635285026,7.48,8.715,6.244
04/27/2021,0.6288958578333935,7.49,8.747,6.232
04/26/2021,0.6328585940002711,7.48,8.745,6.214
04/23/2021,0.6410850177628549,7.52,8.802,6.237
04/22/2021,0.7054147716060388,7.62,9.03,6.209
04/21/2021,1.005221368654686,7.81,9.82,5.799
04/20/2021,1.221904251568019,7.99,10.433,5.546
04/19/2021,1.537938555339582,8.26,11.335,5.184
04/16/2021,1.6454300349756596,8.51,11.8,5.219
04/15/2021,1.7239721575477953,8.73,12.177,5.282
04/14/2021,1.8586971243319876,9.02,12.737,5.302
04/13/2021,1.9423027570386653,9.28,13.164,5.395
04/12/2021,1.8916553597312595,9.43,13.213,5.646
04/09/2021,1.7942254596343237,9.58,13.168,5.991
04/08/2021,1.7216009990703423,9.68,13.123,6.236
04/07/2021,1.66492342166239,9.75,13.079,6.42
04/06/2021,1.606083746259827,9.84,13.052,6.627
04/05/2021,1.6241428508601083,9.82,13.068,6.571
04/01/2021,1.6846141991565904,9.77,13.139,6.4
03/31/2021,1.7264906602701333,9.72,13.172,6.267
03/30/2021,1.7251912937410738,9.72,13.17,6.269
03/29/2021,1.7251912937410738,9.72,13.17,6.269
03/26/2021,1.6387434210394258,9.79,13.067,6.512
03/25/2021,1.6245537848898697,9.81,13.059,6.56
03/24/2021,1.65744532338174,9.76,13.074,6.445
03/23/2021,1.6407467811944658,9.67,12.951,6.388
03/22/2021,1.6567905721605252,9.51,12.823,6.196
03/19/2021,1.5195723082499235,9.32,12.359,6.28
03/18/2021,1.4293022773367432,9.21,12.068,6.351
03/17/2021,1.3383235782126834,9.08,11.756,6.403
03/16/2021,1.095522706291385,8.94,11.131,6.748
03/15/2021,0.8637389651972407,8.86,10.587,7.132
03/12/2021,0.8990494980811681,8.88,10.678,7.081
03/11/2021,0.9508706536643141,8.91,10.811,7.008
03/10/2021,1.0786588895475715,9.02,11.177,6.862
03/09/2021,1.4308563869235795,9.23,12.091,6.368
03/08/2021,1.492457704593333,9.31,12.294,6.325
03/05/2021,1.4736298721185046,9.43,12.377,6.482
03/04/2021,1.6086267435300212,9.72,12.937,6.502
03/03/2021,1.5870554495669016,9.74,12.914,6.565
03/02/2021,1.6343592016444857,9.7,12.968,6.431
03/01/2021,1.7351109474612858,9.62,13.09,6.149
02/26/2021,1.904077204317094,9.48,13.288,5.671
02/25/2021,2.037985524973129,9.36,13.435,5.284
02/24/2021,2.109975118336707,9.29,13.509,5.07
02/23/2021,2.2121301950834633,9.15,13.574,4.725
02/22/2021,2.2826815371400366,9.07,13.635,4.504
02/19/2021,2.3693311292430193,8.94,13.678,4.201
02/18/2021,2.4443669937225057,8.78,13.668,3.891
02/17/2021,2.532743571702434,8.63,13.695,3.564
02/16/2021,2.580145344743199,8.43,13.59,3.269
02/12/2021,2.590588736175621,8.18,13.361,2.998
02/11/2021,2.589782809426304,7.93,13.109,2.75
02/10/2021,2.587228246599051,7.65,12.824,2.475
02/09/2021,2.517266374462584,7.33,12.364,2.295
02/08/2021,2.1625205201338553,6.91,11.235,2.584
02/05/2021,1.9551751839668998,6.6,10.51,2.689
02/04/2021,1.7917951891887647,6.31,9.893,2.726
02/03/2021,0.8845648647781574,5.91,7.679,4.14
02/02/2021,0.713670091849168,5.76,7.187,4.332
02/01/2021,0.676139778448214,5.6,6.952,4.247
01/29/2021,0.6737395639265962,5.48,6.827,4.132
01/28/2021,0.7016587489656207,5.4,6.803,3.996
01/27/2021,0.7238957107208192,5.32,6.767,3.872
01/26/2021,0.6736690582177572,5.22,6.567,3.872
01/25/2021,0.632111066585612,5.17,6.434,3.905
01/22/2021,0.5794048675149356,5.11,6.268,3.951
01/21/2021,0.5511943400471381,5.09,6.192,3.987
01/20/2021,0.577018197719968,5.11,6.264,3.955
01/19/2021,0.5696447142737304,5.1,6.239,3.96
01/15/2021,0.540292236201854,5.04,6.12,3.959
01/14/2021,0.5762999223494655,4.95,6.102,3.797
01/13/2021,0.5958543450374428,4.87,6.061,3.678
01/12/2021,0.6178858312827702,4.82,6.055,3.584
01/11/2021,0.6329006245059329,4.79,6.055,3.524
01/08/2021,0.6457116233273178,4.76,6.051,3.468
01/07/2021,0.0,0.0,0.0,0.0
01/06/2021,0.0,0.0,0.0,0.0
01/05/2021,0.0,0.0,0.0,0.0
01/04/2021,0.0,0.0,0.0,0.0
12/31/2020,0.0,0.0,0.0,0.0
12/30/2020,0.0,0.0,0.0,0.0
12/29/2020,0.0,0.0,0.0,0.0
12/28/2020,0.0,0.0,0.0,0.0
12/24/2020,0.0,0.0,0.0,0.0
12/23/2020,0.0,0.0,0.0,0.0
12/22/2020,0.0,0.0,0.0,0.0
12/21/2020,0.0,0.0,0.0,0.0
12/18/2020,0.0,0.0,0.0,0.0
12/17/2020,0.0,0.0,0.0,0.0
12/16/2020,0.0,0.0,0.0,0.0
12/15/2020,0.0,0.0,0.0,0.0
12/14/2020,0.0,0.0,0.0,0.0
12/11/2020,0.0,0.0,0.0,0.0
12/10/2020,0.0,0.0,0.0,0.0
