05/22/2023,0.02269361143582028,10.42,10.465,10.374
05/19/2023,0.025199206336708208,10.41,10.46,10.359
05/18/2023,0.03082207001484473,10.4,10.461,10.338
05/17/2023,0.03391164991562626,10.4,10.467,10.332
05/16/2023,0.037483329627982453,10.39,10.464,10.315
05/15/2023,0.03930648801406703,10.39,10.468,10.311
05/12/2023,0.040109225871362626,10.38,10.46,10.299
05/11/2023,0.04299709292498726,10.38,10.465,10.294
05/10/2023,0.04391753636077486,10.37,10.457,10.282
05/09/2023,0.043917536360774764,10.37,10.457,10.282
05/08/2023,0.04334454983039942,10.36,10.446,10.273
05/05/2023,0.04350287346831225,10.35,10.437,10.262
05/04/2023,0.04267610572674109,10.35,10.435,10.264
05/03/2023,0.04214558102577276,10.35,10.434,10.265
05/02/2023,0.04057400645733647,10.34,10.421,10.258
05/01/2023,0.038923000912056895,10.34,10.417,10.262
04/28/2023,0.034785054261851994,10.33,10.399,10.26
04/27/2023,0.027294688127912237,10.32,10.374,10.265
04/26/2023,0.024698178070456808,10.32,10.369,10.27
04/25/2023,0.023452078799117062,10.32,10.366,10.273
04/21/2023,0.014317821063276297,10.31,10.338,10.281
04/20/2023,0.012041594578792482,10.31,10.334,10.285
04/19/2023,0.013601470508735742,10.31,10.337,10.282
04/18/2023,0.01378404875209038,10.3,10.327,10.272
04/17/2023,0.013784048752090508,10.3,10.327,10.272
04/13/2023,0.01431782106327673,10.3,10.328,10.271
04/12/2023,0.013416407864999312,10.3,10.326,10.273
04/11/2023,0.013601470508736068,10.3,10.327,10.272
04/10/2023,0.014142135623731655,10.3,10.328,10.271
04/06/2023,0.013228756555323679,10.29,10.316,10.263
04/05/2023,0.013038404810405973,10.29,10.316,10.263
04/04/2023,0.013964240043769408,10.29,10.317,10.262
04/03/2023,0.014832396974191609,10.29,10.319,10.26
03/31/2023,0.01565247584249865,10.29,10.321,10.258
03/30/2023,0.01581138830084212,10.28,10.311,10.248
03/29/2023,0.023452078799117256,10.28,10.326,10.233
03/28/2023,0.02872281323269018,10.27,10.327,10.212
03/27/2023,0.03201562118716425,10.27,10.334,10.205
03/24/2023,0.035707142142714234,10.26,10.331,10.188
03/23/2023,0.03708099243547829,10.26,10.334,10.185
03/22/2023,0.03905124837953319,10.25,10.328,10.171
03/21/2023,0.04031128874149275,10.25,10.33,10.169
03/20/2023,0.040926763859362156,10.24,10.321,10.158
03/16/2023,0.04147288270665544,10.24,10.322,10.157
03/15/2023,0.041892720131306696,10.23,10.313,10.146
03/14/2023,0.04135214625627064,10.23,10.312,10.147
03/13/2023,0.041352146256270754,10.23,10.312,10.147
03/10/2023,0.03930648801406709,10.22,10.298,10.141
03/09/2023,0.03834057902536146,10.21,10.286,10.133
03/08/2023,0.03456877203488727,10.21,10.279,10.14
03/07/2023,0.030083217912982716,10.2,10.26,10.139
03/06/2023,0.0277488738510232,10.2,10.255,10.144
03/03/2023,0.025099800796022226,10.19,10.24,10.139
03/02/2023,0.020736441353327577,10.19,10.231,10.148
03/01/2023,0.013228756555322671,10.18,10.206,10.153
02/28/2023,0.012649110640673249,10.18,10.205,10.154
02/27/2023,0.013228756555322671,10.18,10.206,10.153
02/24/2023,0.012649110640673249,10.18,10.205,10.154
02/23/2023,0.014142135623730649,10.18,10.208,10.151
02/22/2023,0.014142135623730649,10.18,10.208,10.151
02/21/2023,0.014142135623730649,10.17,10.198,10.141
02/17/2023,0.01499999999999968,10.17,10.199,10.14
02/16/2023,0.014142135623730649,10.17,10.198,10.141
02/15/2023,0.01499999999999968,10.17,10.199,10.14
02/14/2023,0.013964240043768643,10.16,10.187,10.132
02/13/2023,0.012449899597988468,10.16,10.184,10.135
02/10/2023,0.013416407864998451,10.16,10.186,10.133
02/09/2023,0.014317821063276049,10.16,10.188,10.131
02/08/2023,0.015329709716755565,10.15,10.18,10.119
02/07/2023,0.01449137674618913,10.15,10.178,10.121
02/06/2023,0.01532970971675574,10.15,10.18,10.119
02/03/2023,0.017175564037317664,10.15,10.184,10.115
02/02/2023,0.018708286933869687,10.14,10.177,10.102
02/01/2023,0.019364916731037175,10.14,10.178,10.101
01/31/2023,0.020248456731316814,10.14,10.18,10.099
01/30/2023,0.02085665361461432,10.13,10.171,10.088
01/27/2023,0.021679483388679033,10.13,10.173,10.086
01/26/2023,0.0216794833886792,10.13,10.173,10.086
01/25/2023,0.02334523505985792,10.12,10.166,10.073
01/24/2023,0.023345235059857767,10.12,10.166,10.073
01/23/2023,0.023690715480964335,10.12,10.167,10.072
01/20/2023,0.025811818998280812,10.11,10.161,10.058
01/19/2023,0.0276812210713328,10.11,10.165,10.054
01/18/2023,0.03018691769624732,10.1,10.16,10.039
01/17/2023,0.031084562084739253,10.1,10.162,10.037
01/13/2023,0.031492507045327696,10.09,10.152,10.027
01/12/2023,0.0330420641001741,10.09,10.156,10.023
01/11/2023,0.03329231142471205,10.08,10.146,10.013
01/10/2023,0.03410832742894338,10.08,10.148,10.011
01/09/2023,0.03271663949735674,10.07,10.135,10.004
01/06/2023,0.03235163828927382,10.07,10.134,10.005
01/05/2023,0.0321617552381707,10.06,10.124,9.995
01/04/2023,0.03179038376616434,10.06,10.123,9.996
01/03/2023,0.03022215247132471,10.05,10.11,9.989
12/30/2022,0.028868295758496153,10.05,10.107,9.992
12/29/2022,0.0272924623293687,10.04,10.094,9.985
12/28/2022,0.026098438650616635,10.04,10.092,9.987
12/27/2022,0.024852132705263107,10.03,10.079,9.98
12/23/2022,0.023534623430172093,10.03,10.077,9.982
12/22/2022,0.02255833548824022,10.03,10.075,9.984
12/21/2022,0.018684980599401158,10.02,10.057,9.982
12/20/2022,0.017723670613052817,10.02,10.055,9.984
12/19/2022,0.017193850644925096,10.01,10.044,9.975
12/16/2022,0.016182660473481915,10.01,10.042,9.977
12/15/2022,0.015390857675906009,10.01,10.04,9.979
12/14/2022,0.016079505589413946,10.01,10.042,9.977
12/13/2022,0.015920128768323372,10.0,10.031,9.968
12/12/2022,0.015114579054674282,10.0,10.03,9.969
12/09/2022,0.014609945242881615,10.0,10.029,9.97
12/08/2022,0.013738631664034068,10.0,10.027,9.972
12/07/2022,0.012549900398011078,10.0,10.025,9.974
12/06/2022,0.012549900398011078,10.0,10.025,9.974
12/05/2022,0.01188486432400459,9.99,10.013,9.966
12/02/2022,0.010723805294763421,9.99,10.011,9.968
12/01/2022,0.008660254037844253,9.99,10.007,9.972
11/30/2022,0.008660254037844253,9.99,10.007,9.972
11/29/2022,0.008291561975888297,9.99,10.006,9.973
11/28/2022,0.009746794344808848,9.99,10.009,9.97
11/25/2022,0.009420721840708161,9.98,9.998,9.961
11/23/2022,0.010185774393731443,9.98,10.0,9.959
11/22/2022,0.010190706550578075,9.98,10.0,9.959
11/21/2022,0.01090185763987011,9.98,10.001,9.958
11/18/2022,0.012603590758192599,9.98,10.005,9.954
11/17/2022,0.016201867176347255,9.97,10.002,9.937
11/15/2022,0.01695583970200246,9.97,10.003,9.936
11/14/2022,0.018096974885322862,9.97,10.006,9.933
11/10/2022,0.018774996671105184,9.97,10.007,9.932
11/09/2022,0.020673666825215174,9.96,10.001,9.918
11/07/2022,0.020673666825215303,9.96,10.001,9.918
11/04/2022,0.020307646343188327,9.96,10.0,9.919
11/02/2022,0.02138692357493282,9.96,10.002,9.917
11/01/2022,0.021472086531122626,9.95,9.992,9.907
10/31/2022,0.0214720865311225,9.95,9.992,9.907
10/28/2022,0.020881822238492696,9.95,9.991,9.908
10/27/2022,0.021498848806389994,9.94,9.982,9.897
10/26/2022,0.022297993183244307,9.94,9.984,9.895
10/25/2022,0.02229799318324415,9.94,9.984,9.895
10/24/2022,0.022379689452715974,9.93,9.974,9.885
10/21/2022,0.02099644017446772,9.93,9.971,9.888
10/20/2022,0.020996440174467595,9.93,9.971,9.888
10/19/2022,0.019039432764659622,9.92,9.958,9.881
10/18/2022,0.016807736313971332,9.92,9.953,9.886
10/17/2022,0.016807736313971332,9.92,9.953,9.886
10/14/2022,0.01724818831066005,9.92,9.954,9.885
10/13/2022,0.01724818831066005,9.92,9.954,9.885
10/12/2022,0.01724818831066005,9.92,9.954,9.885
10/11/2022,0.01710263137648673,9.91,9.944,9.875
10/10/2022,0.01710263137648673,9.91,9.944,9.875
10/07/2022,0.01710263137648673,9.91,9.944,9.875
10/06/2022,0.015247950681976612,9.91,9.94,9.879
10/05/2022,0.016658331248957353,9.91,9.943,9.876
10/04/2022,0.0166583312489573,9.9,9.933,9.866
10/03/2022,0.0166583312489573,9.9,9.933,9.866
09/30/2022,0.015411035007422084,9.9,9.93,9.869
09/29/2022,0.016007810593581768,9.9,9.932,9.867
09/28/2022,0.017356554957709554,9.9,9.934,9.865
09/26/2022,0.01847295320191093,9.89,9.926,9.853
09/22/2022,0.01847295320191093,9.89,9.926,9.853
09/21/2022,0.018062391868188216,9.89,9.926,9.853
09/20/2022,0.018062391868188216,9.89,9.926,9.853
09/19/2022,0.017888543819998135,9.89,9.925,9.854
09/16/2022,0.016733200530681367,9.89,9.923,9.856
09/15/2022,0.009746794344808938,9.88,9.899,9.86
09/14/2022,0.008660254037844407,9.88,9.897,9.862
09/13/2022,0.007745966692414898,9.88,9.895,9.864
09/12/2022,0.006324555320336905,9.88,9.892,9.867
09/09/2022,0.006324555320337045,9.88,9.892,9.867
09/08/2022,0.00591607978309994,9.88,9.891,9.868
09/07/2022,0.008660254037844817,9.88,9.897,9.862
09/06/2022,0.008366600265341214,9.88,9.896,9.863
09/02/2022,0.009486832980505684,9.88,9.898,9.861
09/01/2022,0.010062305898749612,9.88,9.9,9.859
08/29/2022,0.011011357772773253,9.88,9.902,9.857
08/26/2022,0.010547511554865342,9.87,9.891,9.848
08/25/2022,0.010307764064044943,9.87,9.89,9.849
08/24/2022,0.010307764064044943,9.87,9.89,9.849
08/23/2022,0.011236102527122807,9.87,9.892,9.847
08/22/2022,0.011884864324005262,9.87,9.893,9.846
08/19/2022,0.013462912017836616,9.87,9.896,9.843
08/18/2022,0.014404860290888088,9.87,9.898,9.841
08/17/2022,0.016507574019219606,9.86,9.893,9.826
08/16/2022,0.01823458252881069,9.86,9.896,9.823
08/15/2022,0.01823458252881059,9.86,9.896,9.823
08/12/2022,0.01854049621773911,9.86,9.897,9.822
08/11/2022,0.01971674415313033,9.85,9.889,9.81
08/09/2022,0.02058518885023871,9.85,9.891,9.808
08/08/2022,0.02118372016431465,9.85,9.892,9.807
08/05/2022,0.02082666559965831,9.84,9.881,9.798
08/04/2022,0.02118372016431463,9.84,9.882,9.797
08/03/2022,0.020340845606807614,9.84,9.88,9.799
08/02/2022,0.020340845606807614,9.84,9.88,9.799
08/01/2022,0.020062402647738453,9.84,9.88,9.799
07/29/2022,0.01942935922772508,9.83,9.868,9.791
07/28/2022,0.01942935922772508,9.83,9.868,9.791
07/27/2022,0.0185067555233214,9.83,9.867,9.792
07/26/2022,0.016046806535880982,9.82,9.852,9.787
07/25/2022,0.015247950681976697,9.82,9.85,9.789
07/22/2022,0.01387443692551144,9.82,9.847,9.792
07/21/2022,0.013322912594474077,9.82,9.846,9.793
07/20/2022,0.012093386622447622,9.82,9.844,9.795
07/19/2022,0.011672617529928599,9.81,9.833,9.786
07/18/2022,0.011672617529928599,9.81,9.833,9.786
07/15/2022,0.009810708435174195,9.81,9.829,9.79
07/14/2022,0.008366600265340578,9.81,9.826,9.793
07/13/2022,0.008366600265340578,9.81,9.826,9.793
07/08/2022,0.010723805294763628,9.81,9.831,9.788
07/07/2022,0.011401754250991526,9.81,9.832,9.787
07/06/2022,0.011401754250991526,9.81,9.832,9.787
07/05/2022,0.010488088481701546,9.8,9.82,9.779
07/01/2022,0.010488088481701631,9.8,9.82,9.779
06/30/2022,0.009486832980505311,9.8,9.818,9.781
06/29/2022,0.01072380529476396,9.8,9.821,9.778
06/28/2022,0.010488088481701885,9.8,9.82,9.779
06/27/2022,0.010723805294764042,9.8,9.821,9.778
06/24/2022,0.010723805294764042,9.8,9.821,9.778
06/23/2022,0.011618950038622768,9.8,9.823,9.776
06/22/2022,0.013416407864999312,9.8,9.826,9.773
06/21/2022,0.01341640786499938,9.8,9.826,9.773
06/17/2022,0.014317821063276915,9.79,9.818,9.761
06/16/2022,0.012698425099200775,9.79,9.815,9.764
06/15/2022,0.012698425099200706,9.79,9.815,9.764
06/14/2022,0.012698425099200706,9.79,9.815,9.764
06/13/2022,0.012698425099200706,9.79,9.815,9.764
06/10/2022,0.01327591804735219,9.79,9.816,9.763
06/08/2022,0.01327591804735219,9.79,9.816,9.763
06/07/2022,0.013829316685939855,9.79,9.817,9.762
06/06/2022,0.014534441853749224,9.79,9.819,9.76
06/02/2022,0.015411035007422977,9.79,9.82,9.759
06/01/2022,0.016240381768912203,9.79,9.822,9.757
05/31/2022,0.017853571071357505,9.8,9.835,9.764
05/26/2022,0.019072231122760956,9.8,9.838,9.761
05/25/2022,0.019072231122760814,9.8,9.838,9.761
05/24/2022,0.020217566619155837,9.8,9.84,9.759
05/23/2022,0.021093470553704516,9.8,9.842,9.757
05/20/2022,0.021211659529607747,9.8,9.842,9.757
05/18/2022,0.0203097144243834,9.81,9.85,9.769
05/17/2022,0.01826840168159226,9.81,9.846,9.773
05/16/2022,0.017712552046500817,9.81,9.845,9.774
05/13/2022,0.013918854119502671,9.81,9.837,9.782
05/12/2022,0.012795878242621567,9.81,9.835,9.784
05/11/2022,0.0117785610326557,9.81,9.833,9.786
05/10/2022,0.01239897173155896,9.81,9.834,9.785
05/09/2022,0.012989784447788236,9.81,9.835,9.784
05/05/2022,0.013180838364838592,9.81,9.836,9.783
05/04/2022,0.013369162277420403,9.81,9.836,9.783
05/03/2022,0.016048021684930518,9.81,9.842,9.777
05/02/2022,0.018372234485766935,9.81,9.846,9.773
04/29/2022,0.020378640779011595,9.8,9.84,9.759
04/27/2022,0.021190540342331986,9.8,9.842,9.757
04/25/2022,0.020592207263914284,9.8,9.841,9.758
04/21/2022,0.020592207263914412,9.8,9.841,9.758
04/20/2022,0.020199975247509848,9.79,9.83,9.749
04/19/2022,0.01866117627589444,9.79,9.827,9.752
04/18/2022,0.017842505429451382,9.79,9.825,9.754
04/14/2022,0.01784250542945128,9.79,9.825,9.754
04/13/2022,0.01709692954889876,9.78,9.814,9.745
04/12/2022,0.017636751401547954,9.78,9.815,9.744
04/11/2022,0.01691316055620591,9.78,9.813,9.746
04/08/2022,0.017212059725669127,9.77,9.804,9.735
04/06/2022,0.015968875977976655,9.77,9.801,9.738
04/05/2022,0.01624207499059152,9.77,9.802,9.737
04/04/2022,0.01624207499059152,9.77,9.802,9.737
04/01/2022,0.01624207499059152,9.77,9.802,9.737
03/31/2022,0.01532987279790664,9.76,9.79,9.729
03/29/2022,0.015329872797906407,9.76,9.79,9.729
03/28/2022,0.016574091226971933,9.76,9.793,9.726
03/24/2022,0.019889708394041184,9.75,9.789,9.71
03/23/2022,0.02134480030358658,9.75,9.792,9.707
03/22/2022,0.022706838177077564,9.75,9.795,9.704
03/21/2022,0.021482562696289013,9.74,9.782,9.697
03/18/2022,0.02068212996767961,9.74,9.781,9.698
03/16/2022,0.020068644697636962,9.74,9.78,9.699
03/15/2022,0.01905387099777872,9.74,9.778,9.701
03/14/2022,0.019698984745412443,9.74,9.779,9.7
03/11/2022,0.018816216410319882,9.73,9.767,9.692
03/10/2022,0.018816216410320025,9.73,9.767,9.692
03/09/2022,0.01985069268312822,9.73,9.769,9.69
03/08/2022,0.019210674116230314,9.73,9.768,9.691
03/07/2022,0.019210674116230314,9.73,9.768,9.691
03/04/2022,0.01802914307447798,9.72,9.756,9.683
03/03/2022,0.017211914478058435,9.72,9.754,9.685
03/02/2022,0.01606897632084877,9.72,9.752,9.687
03/01/2022,0.015271280234479464,9.72,9.75,9.689
02/28/2022,0.01575474531688805,9.72,9.751,9.688
02/25/2022,0.016112495151279452,9.72,9.752,9.687
02/24/2022,0.016112495151279452,9.72,9.752,9.687
02/23/2022,0.015479421823827954,9.72,9.75,9.689
02/22/2022,0.015680003188775257,9.72,9.751,9.688
02/17/2022,0.015680003188775257,9.72,9.751,9.688
02/16/2022,0.01568000318877537,9.72,9.751,9.688
02/15/2022,0.015556124195955605,9.71,9.741,9.678
02/14/2022,0.011704400881719658,9.71,9.733,9.686
02/11/2022,0.011045044137530746,9.71,9.732,9.687
02/10/2022,0.011045044137530746,9.71,9.732,9.687
02/09/2022,0.011045044137530827,9.71,9.732,9.687
02/08/2022,0.011704400881719885,9.71,9.733,9.686
02/07/2022,0.011704400881719885,9.71,9.733,9.686
02/04/2022,0.012529684752618795,9.71,9.735,9.684
02/02/2022,0.014212424142278168,9.71,9.738,9.681
02/01/2022,0.015556124195956231,9.71,9.741,9.678
01/31/2022,0.015836445308212637,9.7,9.731,9.668
01/28/2022,0.014150300350169549,9.7,9.728,9.671
01/27/2022,0.0141596433570909,9.7,9.728,9.671
01/26/2022,0.014849090881262988,9.7,9.729,9.67
01/25/2022,0.012802148257226507,9.7,9.725,9.674
01/24/2022,0.012654840970948851,9.7,9.725,9.674
01/21/2022,0.012280187294988728,9.7,9.724,9.675
01/20/2022,0.012431934684513184,9.7,9.724,9.675
01/18/2022,0.012431934684513113,9.7,9.724,9.675
01/14/2022,0.012812220728663873,9.69,9.715,9.664
01/13/2022,0.012293189171244586,9.69,9.714,9.665
01/11/2022,0.008724820915067611,9.69,9.707,9.672
01/10/2022,0.009344650876303654,9.69,9.708,9.671
01/07/2022,0.012137648042351684,9.69,9.714,9.665
01/06/2022,0.013686581019378334,9.69,9.717,9.662
01/05/2022,0.015219149122076581,9.7,9.73,9.669
01/04/2022,0.01663197222219926,9.7,9.733,9.666
01/03/2022,0.022729331270409384,9.7,9.745,9.654
12/31/2021,0.026569202095659786,9.71,9.763,9.656
12/30/2021,0.027219891623590373,9.71,9.764,9.655
12/29/2021,0.02721989162359031,9.71,9.764,9.655
12/28/2021,0.027494044809740156,9.71,9.764,9.655
12/27/2021,0.028452732733430207,9.72,9.776,9.663
12/23/2021,0.0273780569069466,9.72,9.774,9.665
12/22/2021,0.027378056906946502,9.72,9.774,9.665
12/21/2021,0.03146280343516787,9.73,9.792,9.667
12/20/2021,0.03863224042169968,9.74,9.817,9.662
12/17/2021,0.04441227307850834,9.74,9.828,9.651
12/16/2021,0.0482643760966615,9.75,9.846,9.653
12/15/2021,0.046145964070544526,9.75,9.842,9.657
12/14/2021,0.044443222205416015,9.76,9.848,9.671
12/13/2021,0.042605164006256094,9.76,9.845,9.674
12/09/2021,0.04104875150354736,9.76,9.842,9.677
12/07/2021,0.04055859958134629,9.76,9.841,9.678
12/06/2021,0.03962322551231773,9.76,9.839,9.68
12/03/2021,0.03962322551231773,9.76,9.839,9.68
12/02/2021,0.039306488014066936,9.76,9.838,9.681
12/01/2021,0.039385911186615816,9.76,9.838,9.681
11/30/2021,0.03932238548206338,9.76,9.838,9.681
11/29/2021,0.039512656200260544,9.76,9.839,9.68
11/26/2021,0.038955102361564777,9.76,9.837,9.682
11/24/2021,0.038955102361564777,9.76,9.837,9.682
11/23/2021,0.03946517452134208,9.76,9.838,9.681
11/22/2021,0.039780648561832006,9.76,9.839,9.68
11/19/2021,0.04126136207155529,9.76,9.842,9.677
11/18/2021,0.04144273157020395,9.75,9.832,9.667
11/17/2021,0.036844266853880786,9.75,9.823,9.676
11/16/2021,0.029111853256019005,9.74,9.798,9.681
11/15/2021,0.0160468065358809,9.73,9.762,9.697
11/12/2021,0.016507574019218853,9.74,9.773,9.706
11/11/2021,0.016658331248957353,9.74,9.773,9.706
11/10/2021,0.01680773631397128,9.74,9.773,9.706
11/09/2021,0.016658331248957353,9.74,9.773,9.706
11/08/2021,0.017818529681205106,9.74,9.775,9.704
11/05/2021,0.019811612756158548,9.74,9.779,9.7
11/04/2021,0.02263846284534308,9.74,9.785,9.694
11/03/2021,0.02524876234590485,9.74,9.79,9.689
11/01/2021,0.026100766272276015,9.74,9.792,9.687
10/29/2021,0.02581181899828026,9.74,9.791,9.688
10/28/2021,0.027317576759295203,9.74,9.794,9.685
10/27/2021,0.0272029410174706,9.74,9.794,9.685
10/26/2021,0.028372521918221923,9.73,9.786,9.673
10/25/2021,0.029154759474226275,9.73,9.788,9.671
10/22/2021,0.02934706118165817,9.73,9.788,9.671
10/21/2021,0.02934706118165817,9.73,9.788,9.671
10/20/2021,0.029769951293208256,9.73,9.789,9.67
10/19/2021,0.030434355587066333,9.73,9.79,9.669
10/18/2021,0.0301869176962471,9.73,9.79,9.669
10/15/2021,0.0301869176962471,9.73,9.79,9.669
10/14/2021,0.03059820256158849,9.73,9.791,9.668
10/12/2021,0.03059820256158849,9.73,9.791,9.668
10/11/2021,0.03059820256158849,9.73,9.791,9.668
10/08/2021,0.03333541660156662,9.73,9.796,9.663
10/07/2021,0.03341032774457619,9.72,9.786,9.653
10/06/2021,0.03092329219213258,9.72,9.781,9.658
10/04/2021,0.02571478174124761,9.71,9.761,9.658
10/01/2021,0.025421447637772297,9.71,9.76,9.659
09/29/2021,0.02170829334609255,9.71,9.753,9.666
09/28/2021,0.02170829334609255,9.71,9.753,9.666
09/27/2021,0.0265753645318368,9.72,9.773,9.666
09/24/2021,0.026386549603917456,9.71,9.762,9.657
09/23/2021,0.02857008925432328,9.71,9.767,9.652
09/22/2021,0.03148412298286233,9.71,9.772,9.647
09/21/2021,0.03178049716414146,9.71,9.773,9.646
09/20/2021,0.03271085446759229,9.7,9.765,9.634
09/17/2021,0.03318508701209028,9.7,9.766,9.633
09/16/2021,0.03400367627183865,9.71,9.778,9.641
09/15/2021,0.03400367627183867,9.71,9.778,9.641
09/14/2021,0.03400367627183867,9.71,9.778,9.641
09/10/2021,0.03400367627183867,9.71,9.778,9.641
09/08/2021,0.035794552658190745,9.7,9.771,9.628
09/07/2021,0.036003472054789216,9.7,9.772,9.627
09/03/2021,0.03537301231164784,9.7,9.77,9.629
09/02/2021,0.03473110997362439,9.7,9.769,9.63
09/01/2021,0.04112481002995643,9.71,9.792,9.627
08/31/2021,0.04337337893224364,9.7,9.786,9.613
08/30/2021,0.045180194776029754,9.7,9.79,9.609
08/25/2021,0.04675735236302402,9.69,9.783,9.596
08/24/2021,0.044846961992982146,9.69,9.779,9.6
08/23/2021,0.04057400645733661,9.68,9.761,9.598
08/19/2021,0.04130677910464565,9.68,9.762,9.597
08/18/2021,0.04112481002995626,9.68,9.762,9.597
08/17/2021,0.040574006457336505,9.69,9.771,9.608
08/16/2021,0.04081972562377155,9.68,9.761,9.598
08/12/2021,0.04020261185545021,9.69,9.77,9.609
08/11/2021,0.03949683531626281,9.69,9.768,9.611
08/10/2021,0.04018706259482004,9.69,9.77,9.609
08/09/2021,0.04136725758374592,9.69,9.772,9.607
08/06/2021,0.04208622102303776,9.69,9.774,9.605
08/05/2021,0.04208622102303776,9.69,9.774,9.605
08/04/2021,0.03995309750194587,9.69,9.769,9.61
08/03/2021,0.03995309750194587,9.69,9.769,9.61
07/30/2021,0.04045058714036171,9.69,9.77,9.609
07/29/2021,0.04172828776741252,9.7,9.783,9.616
07/28/2021,0.03736642878306661,9.69,9.764,9.615
07/27/2021,0.0787797562829435,9.71,9.867,9.552
07/26/2021,0.07730620932370173,9.72,9.874,9.565
07/23/2021,0.07550662222613316,9.72,9.871,9.568
07/22/2021,0.07510825520540325,9.72,9.87,9.569
07/21/2021,0.0735272058492637,9.73,9.877,9.582
07/20/2021,0.07103696220982428,9.73,9.872,9.587
07/19/2021,0.0707901829352065,9.73,9.871,9.588
07/16/2021,0.07032958125852883,9.74,9.88,9.599
07/09/2021,0.06860211367006132,9.74,9.877,9.602
07/08/2021,0.06860211367006132,9.74,9.877,9.602
07/07/2021,0.06805328794408107,9.74,9.876,9.603
07/06/2021,0.06932712311931033,9.74,9.878,9.601
07/02/2021,0.07934103604062664,9.75,9.908,9.591
07/01/2021,0.08000000000000014,9.76,9.92,9.599
06/30/2021,0.07889866919029763,9.76,9.917,9.602
06/29/2021,0.07826237921249277,9.76,9.916,9.603
06/28/2021,0.0776208734813002,9.76,9.915,9.604
06/25/2021,0.07750000000000011,9.76,9.915,9.604
06/24/2021,0.07737086014773274,9.76,9.914,9.605
06/23/2021,0.07740316530995368,9.76,9.914,9.605
06/22/2021,0.050361195378982274,9.75,9.85,9.649
06/21/2021,0.05041081233227675,9.75,9.85,9.649
06/18/2021,0.050855186559485,9.75,9.851,9.648
06/17/2021,0.049610986686418765,9.75,9.849,9.65
06/16/2021,0.05134442520858543,9.75,9.852,9.647
06/15/2021,0.05134442520858543,9.75,9.852,9.647
06/14/2021,0.05134442520858543,9.75,9.852,9.647
06/11/2021,0.05206966487312951,9.76,9.864,9.655
06/10/2021,0.05110039138793379,9.76,9.862,9.657
06/09/2021,0.05085518655948486,9.77,9.871,9.668
06/08/2021,0.051259145525457316,9.77,9.872,9.667
06/07/2021,0.05086747487343958,9.77,9.871,9.668
06/04/2021,0.040835033978190986,9.76,9.841,9.678
06/03/2021,0.04280770958600811,9.76,9.845,9.674
06/02/2021,0.04474930167052897,9.77,9.859,9.68
06/01/2021,0.05062114182829164,9.77,9.871,9.668
05/28/2021,0.052464273558298816,9.78,9.884,9.675
05/27/2021,0.053816818932374666,9.79,9.897,9.682
05/26/2021,0.055643957443733315,9.79,9.901,9.678
05/25/2021,0.05559901078256707,9.8,9.911,9.688
05/24/2021,0.0696150127486881,9.81,9.949,9.67
05/21/2021,0.08286283847419175,9.82,9.985,9.654
05/20/2021,0.07953772689736616,9.83,9.989,9.67
05/19/2021,0.07798236980241112,9.84,9.995,9.684
05/18/2021,0.07043614129124334,9.84,9.98,9.699
05/17/2021,0.07586995452746761,9.86,10.011,9.708
05/14/2021,0.0,0.0,0.0,0.0
05/13/2021,0.0,0.0,0.0,0.0
05/12/2021,0.0,0.0,0.0,0.0
05/11/2021,0.0,0.0,0.0,0.0
05/10/2021,0.0,0.0,0.0,0.0
05/07/2021,0.0,0.0,0.0,0.0
05/06/2021,0.0,0.0,0.0,0.0
05/05/2021,0.0,0.0,0.0,0.0
05/04/2021,0.0,0.0,0.0,0.0
05/03/2021,0.0,0.0,0.0,0.0
04/30/2021,0.0,0.0,0.0,0.0
04/29/2021,0.0,0.0,0.0,0.0
04/28/2021,0.0,0.0,0.0,0.0
04/27/2021,0.0,0.0,0.0,0.0
04/26/2021,0.0,0.0,0.0,0.0
04/23/2021,0.0,0.0,0.0,0.0
04/22/2021,0.0,0.0,0.0,0.0
04/21/2021,0.0,0.0,0.0,0.0
04/20/2021,0.0,0.0,0.0,0.0
