09/21/2023,0.3584061941429024,15.09,15.806,14.373
09/20/2023,0.38974991982038937,15.02,15.799,14.24
09/19/2023,0.40717932167535226,14.95,15.764,14.135
09/18/2023,0.4140772874717955,14.88,15.708,14.051
09/15/2023,0.3954238232580328,14.86,15.65,14.069
09/14/2023,0.38864508230517975,14.85,15.627,14.072
09/13/2023,0.38748548359906326,14.85,15.624,14.075
09/12/2023,0.3859209763669241,14.86,15.631,14.088
09/11/2023,0.3860828926538962,14.86,15.632,14.087
09/08/2023,0.3696146642112566,14.84,15.579,14.1
09/07/2023,0.3654791375714898,14.84,15.57,14.109
09/06/2023,0.3787809393303733,14.84,15.597,14.082
09/05/2023,0.39498734156932164,14.86,15.649,14.07
09/01/2023,0.4242640687119285,14.89,15.738,14.041
08/31/2023,0.4449845502936028,14.91,15.799,14.02
08/30/2023,0.44722617320545976,14.91,15.804,14.015
08/29/2023,0.4411249822896,14.9,15.782,14.017
08/28/2023,0.4434255856398004,14.92,15.806,14.033
08/25/2023,0.4407848114443146,14.95,15.831,14.068
08/24/2023,0.42821285594900116,14.99,15.846,14.133
08/23/2023,0.4075368081535704,15.02,15.835,14.204
08/22/2023,0.3617336727483357,15.08,15.803,14.356
08/21/2023,0.29665004635091496,15.13,15.723,14.536
08/18/2023,0.2018817723322241,15.18,15.583,14.776
08/17/2023,0.20080151891855785,15.18,15.581,14.778
08/16/2023,0.19923917787423215,15.2,15.598,14.801
08/15/2023,0.1874066434254665,15.22,15.594,14.845
08/14/2023,0.17200654057331644,15.23,15.574,14.885
08/11/2023,0.15550321540083972,15.25,15.561,14.938
08/10/2023,0.14627457058559412,15.26,15.552,14.967
08/09/2023,0.15274570370390114,15.27,15.575,14.964
08/08/2023,0.153447873885564,15.27,15.576,14.963
08/07/2023,0.1486648916187005,15.26,15.557,14.962
08/04/2023,0.13295205902880916,15.25,15.515,14.984
08/03/2023,0.11302654555457302,15.23,15.456,15.003
08/02/2023,0.11302654555457302,15.23,15.456,15.003
08/01/2023,0.10594810050208535,15.24,15.451,15.028
07/31/2023,0.10770329614269004,15.24,15.455,15.024
07/28/2023,0.10952168735004034,15.23,15.449,15.01
07/27/2023,0.11443338673656384,15.23,15.458,15.001
07/26/2023,0.15054899534702967,15.26,15.561,14.958
07/25/2023,0.1670628624201081,15.27,15.604,14.935
07/24/2023,0.17545654732725122,15.29,15.64,14.939
07/21/2023,0.18286607121059917,15.28,15.645,14.914
07/20/2023,0.22912878474779197,15.33,15.788,14.871
07/19/2023,0.27062889720057615,15.36,15.901,14.818
07/18/2023,0.30990321069650106,15.4,16.019,14.78
07/17/2023,0.3242915355047059,15.43,16.078,14.781
07/14/2023,0.32233522922572383,15.44,16.084,14.795
07/13/2023,0.31622776601683783,15.46,16.092,14.827
07/12/2023,0.3174507835869994,15.47,16.104,14.835
07/11/2023,0.31796226191169275,15.46,16.095,14.824
07/10/2023,0.3176554737447474,15.46,16.095,14.824
07/07/2023,0.31897492064424116,15.46,16.097,14.822
07/06/2023,0.3141973901864876,15.47,16.098,14.841
07/05/2023,0.32615180514600856,15.45,16.102,14.797
07/03/2023,0.3421476289556891,15.44,16.124,14.755
06/30/2023,0.3531501097267279,15.43,16.136,14.723
06/29/2023,0.3788601325027482,15.41,16.167,14.652
06/28/2023,0.41825829340253373,15.38,16.216,14.543
06/27/2023,0.4545547271781474,15.32,16.229,14.41
06/26/2023,0.47699056594444295,15.27,16.223,14.316
06/23/2023,0.5099607828058937,15.22,16.239,14.2
06/22/2023,0.534527829022961,15.19,16.259,14.12
06/21/2023,0.521171756717495,15.12,16.162,14.077
06/20/2023,0.49682491885975266,15.04,16.033,14.046
06/16/2023,0.48103534173696627,14.94,15.902,13.977
06/15/2023,0.4482577383604213,14.86,15.756,13.963
06/14/2023,0.43761855536528604,14.81,15.685,13.934
06/13/2023,0.4248705685264631,14.74,15.589,13.89
06/12/2023,0.3945440406342491,14.67,15.459,13.88
06/09/2023,0.36743026549265095,14.61,15.344,13.875
06/08/2023,0.3352238058372346,14.58,15.25,13.909
06/07/2023,0.29371755139929934,14.55,15.137,13.962
06/06/2023,0.264962261463779,14.49,15.019,13.96
06/05/2023,0.2514159899449516,14.44,14.942,13.937
06/02/2023,0.24365959862069872,14.4,14.887,13.912
06/01/2023,0.24118457662130888,14.34,14.822,13.857
05/31/2023,0.2387990787251911,14.3,14.777,13.822
05/30/2023,0.24882724931164593,14.27,14.767,13.772
05/26/2023,0.2480725700274015,14.25,14.746,13.753
05/25/2023,0.2355313142662776,14.22,14.691,13.748
05/24/2023,0.23751842033829715,14.2,14.675,13.724
05/23/2023,0.233173754955398,14.18,14.646,13.713
05/22/2023,0.22210357943986406,14.15,14.594,13.705
05/19/2023,0.2091052366632649,14.13,14.548,13.711
05/18/2023,0.21000000000000008,14.13,14.55,13.709
05/17/2023,0.21057065322594226,14.11,14.531,13.688
05/16/2023,0.20508534808708304,14.08,14.49,13.669
05/15/2023,0.21009521650908672,14.07,14.49,13.649
05/12/2023,0.21171915359740134,14.05,14.473,13.626
05/11/2023,0.21241468875762817,14.03,14.454,13.605
05/10/2023,0.18857359306117075,13.98,14.357,13.602
05/09/2023,0.11337989239719708,13.95,14.176,13.723
05/08/2023,0.12206555615733704,13.93,14.174,13.685
05/05/2023,0.12385475364312826,13.91,14.157,13.662
05/04/2023,0.12555875118843768,13.9,14.151,13.648
05/03/2023,0.15295424152340464,13.89,14.195,13.584
05/02/2023,0.1731184565550421,13.87,14.216,13.523
05/01/2023,0.18528356645962962,13.85,14.22,13.479
04/28/2023,0.19379112466777215,13.82,14.207,13.432
04/27/2023,0.21367030678126525,13.78,14.207,13.352
04/26/2023,0.2093083849252103,13.76,14.178,13.341
04/25/2023,0.20393626455341385,13.74,14.147,13.332
04/24/2023,0.19785095400325972,13.72,14.115,13.324
04/21/2023,0.18686893802876925,13.71,14.083,13.336
04/20/2023,0.2112344668845498,13.67,14.092,13.247
04/19/2023,0.21063000735887566,13.64,14.061,13.218
04/18/2023,0.2045727254547878,13.62,14.029,13.21
04/17/2023,0.20916500663351892,13.59,14.008,13.171
04/14/2023,0.23313086453749532,13.55,14.016,13.083
04/13/2023,0.23384824138744345,13.52,13.987,13.052
04/12/2023,0.257332469774026,13.49,14.004,12.975
04/11/2023,0.2464852936789535,13.44,13.932,12.947
04/10/2023,0.2503197954617252,13.41,13.91,12.909
04/06/2023,0.24116384471972566,13.4,13.882,12.917
04/05/2023,0.2572255819315023,13.41,13.924,12.895
04/04/2023,0.32231196068405543,13.45,14.094,12.805
04/03/2023,0.3731018627667251,13.49,14.236,12.743
03/31/2023,0.4177319714841086,13.53,14.365,12.694
03/30/2023,0.4544227107000706,13.57,14.478,12.661
03/29/2023,0.4802447292787293,13.63,14.59,12.669
03/28/2023,0.5136097740503,13.67,14.697,12.642
03/27/2023,0.5571579668280802,13.72,14.834,12.605
03/24/2023,0.5965819306683703,13.77,14.963,12.576
03/23/2023,0.6371420563736161,13.83,15.104,12.555
03/22/2023,0.6648796883647449,13.92,15.249,12.59
03/21/2023,0.6800000000000002,13.99,15.35,12.629
03/20/2023,0.6999142804658297,14.06,15.459,12.66
03/17/2023,0.7072800011310938,14.15,15.564,12.735
03/16/2023,0.6747888558652995,14.25,15.599,12.9
03/15/2023,0.6549351112896605,14.33,15.639,13.02
03/14/2023,0.6019966777316964,14.44,15.643,13.236
03/13/2023,0.5253570214625478,14.54,15.59,13.489
03/10/2023,0.4272235948540295,14.64,15.494,13.785
03/09/2023,0.353977400408557,14.73,15.437,14.022
03/08/2023,0.32427611691273217,14.79,15.438,14.141
03/07/2023,0.3308398404062001,14.85,15.511,14.188
03/06/2023,0.31850431708220217,14.9,15.537,14.262
03/03/2023,0.31035463586033313,14.95,15.57,14.329
03/02/2023,0.2927370834042042,15.0,15.585,14.414
03/01/2023,0.25850531909421115,15.05,15.567,14.532
02/28/2023,0.23520204080747245,15.1,15.57,14.629
02/27/2023,0.22211483516415545,15.13,15.574,14.685
02/24/2023,0.206688170924221,15.17,15.583,14.756
02/23/2023,0.19845654436173185,15.2,15.596,14.803
02/22/2023,0.20231164079212066,15.23,15.634,14.825
02/21/2023,0.17969418465826895,15.25,15.609,14.89
02/17/2023,0.16568041525780908,15.27,15.601,14.938
02/16/2023,0.15725775020646846,15.28,15.594,14.965
02/15/2023,0.13687585616170603,15.29,15.563,15.016
02/14/2023,0.1391581833741731,15.32,15.598,15.041
02/13/2023,0.13994641831786905,15.34,15.619,15.06
02/10/2023,0.1461848145328371,15.38,15.672,15.087
02/09/2023,0.16562004709575462,15.41,15.741,15.078
02/08/2023,0.17970809664564363,15.44,15.799,15.08
02/07/2023,0.17603976823433956,15.45,15.802,15.097
02/06/2023,0.18214005600086977,15.44,15.804,15.075
02/03/2023,0.195012820091398,15.43,15.82,15.039
02/02/2023,0.2525965162071718,15.39,15.895,14.884
02/01/2023,0.2864611666526547,15.36,15.932,14.787
01/31/2023,0.2962515822742556,15.35,15.942,14.757
01/30/2023,0.30113950255653943,15.33,15.932,14.727
01/27/2023,0.3086907837950463,15.31,15.927,14.692
01/26/2023,0.3230711995830021,15.32,15.966,14.673
01/25/2023,0.32380549717384355,15.33,15.977,14.682
01/24/2023,0.3442019755899144,15.35,16.038,14.661
01/23/2023,0.34927066867975054,15.36,16.058,14.661
01/20/2023,0.3676819277582189,15.39,16.125,14.654
01/19/2023,0.37861590035285114,15.42,16.177,14.662
01/18/2023,0.3884134395203133,15.45,16.226,14.673
01/17/2023,0.3869625304858341,15.45,16.223,14.676
01/13/2023,0.40079296401009845,15.47,16.271,14.668
01/12/2023,0.4051357797084825,15.47,16.28,14.659
01/11/2023,0.4090721207806762,15.48,16.298,14.661
01/10/2023,0.4147529385067695,15.49,16.319,14.66
01/09/2023,0.4308654082193187,15.52,16.381,14.658
01/06/2023,0.4334454983039968,15.55,16.416,14.683
01/05/2023,0.42001190459319143,15.58,16.42,14.739
01/04/2023,0.3705199049983686,15.64,16.381,14.898
01/03/2023,0.3189357302028107,15.71,16.347,15.072
12/30/2022,0.2895513771336618,15.76,16.339,15.18
12/29/2022,0.2710811686561794,15.83,16.372,15.287
12/28/2022,0.20636133358747216,15.89,16.302,15.477
12/27/2022,0.20429145846070013,15.9,16.308,15.491
12/23/2022,0.18364367672206947,15.91,16.277,15.542
12/22/2022,0.1835074930350256,15.92,16.287,15.552
12/21/2022,0.1714205355259398,15.93,16.272,15.587
12/20/2022,0.17582661914511122,15.92,16.271,15.568
12/19/2022,0.1746997424153796,15.93,16.279,15.58
12/16/2022,0.19815398053029362,15.91,16.306,15.513
12/15/2022,0.20535335400231455,15.91,16.32,15.499
12/14/2022,0.2234390297150431,15.88,16.326,15.433
12/13/2022,0.2307379465974332,15.87,16.331,15.408
12/12/2022,0.23160310878742527,15.87,16.333,15.406
12/09/2022,0.23229291853175368,15.87,16.334,15.405
12/08/2022,0.2305753672880083,15.85,16.311,15.388
12/07/2022,0.35491548289698494,15.79,16.499,15.08
12/06/2022,0.5035523805921286,15.71,16.717,14.702
12/05/2022,0.5789430023758814,15.64,16.797,14.482
12/02/2022,0.6647856797494962,15.54,16.869,14.21
12/01/2022,0.7082831354762018,15.44,16.856,14.023
11/30/2022,0.726219663738183,15.33,16.782,13.877
11/29/2022,0.7082443081310289,15.26,16.676,13.843
11/28/2022,0.6960064654872107,15.2,16.592,13.807
11/25/2022,0.6870043667983485,15.15,16.524,13.775
11/23/2022,0.6719598202273703,15.09,16.433,13.746
11/22/2022,0.6449418578445656,15.03,16.319,13.74
11/21/2022,0.6304085976571068,14.97,16.23,13.709
11/18/2022,0.5976621118993574,14.9,16.095,13.704
11/17/2022,0.5869412236331675,14.85,16.023,13.676
11/16/2022,0.5720358380381424,14.8,15.944,13.655
11/15/2022,0.5494315243958977,14.77,15.868,13.671
11/14/2022,0.5143102176702306,14.73,15.758,13.701
11/11/2022,0.45465371438051627,14.68,15.589,13.77
11/10/2022,0.3568403004146252,14.63,15.343,13.916
11/09/2022,0.2653582484114634,14.59,15.12,14.059
11/08/2022,0.27011108825814595,14.6,15.14,14.059
11/07/2022,0.2547940344670571,14.61,15.119,14.1
11/04/2022,0.24959967948697354,14.62,15.119,14.12
11/03/2022,0.2178875856950091,14.66,15.095,14.224
11/02/2022,0.19227584351654778,14.68,15.064,14.295
11/01/2022,0.1595932329392445,14.7,15.019,14.38
10/31/2022,0.15921683328090647,14.69,15.008,14.371
10/28/2022,0.15854021571828378,14.68,14.997,14.362
10/27/2022,0.16840427548016693,14.66,14.996,14.323
10/26/2022,0.17017637908946104,14.66,15.0,14.319
10/25/2022,0.18363006289820835,14.67,15.037,14.302
10/24/2022,0.1823321145602166,14.68,15.044,14.315
10/21/2022,0.18047160441465565,14.69,15.05,14.329
10/20/2022,0.17666352198459068,14.71,15.063,14.356
10/19/2022,0.1765927518331371,14.72,15.073,14.366
10/18/2022,0.17672011770027757,14.71,15.063,14.356
10/17/2022,0.22801315751508727,14.74,15.196,14.283
10/14/2022,0.26388444440701686,14.77,15.297,14.242
10/13/2022,0.2590656287507086,14.77,15.288,14.251
10/12/2022,0.25789532760404943,14.76,15.275,14.244
10/11/2022,0.2577692766797471,14.75,15.265,14.234
10/10/2022,0.24997999919993602,14.76,15.259,14.26
10/07/2022,0.2470526259726863,14.78,15.274,14.285
10/06/2022,0.24851559307214513,14.77,15.267,14.272
10/05/2022,0.2478608480579376,14.77,15.265,14.274
10/04/2022,0.24152639607297582,14.79,15.273,14.306
10/03/2022,0.24265201420964963,14.8,15.285,14.314
09/30/2022,0.25814724480420076,14.84,15.356,14.323
09/29/2022,0.254558441227157,14.88,15.389,14.37
09/28/2022,0.2558124312851116,14.92,15.431,14.408
09/27/2022,0.2572450193881311,14.92,15.434,14.405
09/26/2022,0.2900861940872057,14.97,15.55,14.389
09/23/2022,0.29818618344920006,14.99,15.586,14.393
09/22/2022,0.32167530212933654,15.03,15.673,14.386
09/21/2022,0.3259907974161233,15.05,15.701,14.398
09/20/2022,0.32200155279128695,15.1,15.744,14.455
09/19/2022,0.3156342820417325,15.08,15.711,14.448
09/16/2022,0.4563660811234768,15.15,16.062,14.237
09/15/2022,0.5171170080358989,15.22,16.254,14.185
09/14/2022,0.5602008568361885,15.3,16.42,14.179
09/13/2022,0.5791027542673233,15.37,16.528,14.211
09/12/2022,0.5617828762075253,15.45,16.573,14.326
09/09/2022,0.5479005384191548,15.48,16.575,14.384
09/08/2022,0.5133906894364172,15.53,16.556,14.503
09/07/2022,0.4905048419740623,15.55,16.531,14.568
09/06/2022,0.4645965992126931,15.58,16.509,14.65
09/02/2022,0.44250423726784793,15.61,16.495,14.724
09/01/2022,0.4418031235742905,15.61,16.493,14.726
08/31/2022,0.4403521318217953,15.61,16.49,14.729
08/30/2022,0.4821877227802464,15.58,16.544,14.615
08/29/2022,0.549695370182431,15.54,16.639,14.44
08/26/2022,0.6165265606606092,15.48,16.713,14.246
08/25/2022,0.6744664558004347,15.42,16.768,14.071
08/24/2022,0.7244239090477341,15.35,16.798,13.901
08/23/2022,0.7689538347651306,15.29,16.827,13.752
08/22/2022,0.8032994460349141,15.23,16.836,13.623
08/19/2022,0.8317992546281824,15.19,16.853,13.526
08/18/2022,0.7770746424893814,15.08,16.634,13.525
08/17/2022,0.7344317531261837,14.99,16.458,13.521
08/16/2022,0.665725168519262,14.89,16.221,13.558
08/15/2022,0.6005913752294482,14.81,16.011,13.608
08/12/2022,0.5311355759125912,14.73,15.792,13.667
08/11/2022,0.49215851105106373,14.68,15.664,13.695
08/10/2022,0.4611290491825472,14.62,15.542,13.697
08/09/2022,0.44804017676989644,14.6,15.496,13.703
08/08/2022,0.3885164089198808,14.55,15.327,13.772
08/05/2022,0.31711196760765764,14.5,15.134,13.865
08/04/2022,0.2763240850885063,14.48,15.032,13.927
08/03/2022,0.23187280996270365,14.47,14.933,14.006
08/02/2022,0.24318717071424645,14.48,14.966,13.993
08/01/2022,0.2593356897922074,14.51,15.028,13.991
07/29/2022,0.28949956822074885,14.56,15.138,13.981
07/28/2022,0.29847948003171015,14.6,15.196,14.003
07/27/2022,0.34726790810554314,14.67,15.364,13.975
07/26/2022,0.4304706726363598,14.76,15.62,13.899
07/25/2022,0.49146210433765897,14.85,15.832,13.867
07/22/2022,0.5026778292306117,14.92,15.925,13.914
07/21/2022,0.5485708705354305,15.0,16.097,13.902
07/20/2022,0.5741559021729205,15.07,16.218,13.921
07/19/2022,0.5962633646300939,15.15,16.342,13.957
07/18/2022,0.6134900162186833,15.23,16.456,14.003
07/15/2022,0.6164048993964927,15.31,16.542,14.077
07/14/2022,0.6234460682368606,15.4,16.646,14.153
07/13/2022,0.5807968663827312,15.48,16.641,14.318
07/12/2022,0.5614401125676719,15.55,16.672,14.427
07/11/2022,0.5714630346750349,15.65,16.792,14.507
07/08/2022,0.589877105844938,15.77,16.949,14.59
07/07/2022,0.6522499520889216,15.89,17.194,14.585
07/06/2022,0.753262902312334,16.04,17.546,14.533
07/05/2022,0.7614164432161946,16.17,17.692,14.647
07/01/2022,0.7410026990504154,16.28,17.762,14.797
06/30/2022,0.7217063114591699,16.38,17.823,14.936
06/29/2022,0.6730193162161102,16.49,17.836,15.143
06/28/2022,0.6457166561271286,16.56,17.851,15.268
06/27/2022,0.6373107562249365,16.62,17.894,15.345
06/24/2022,0.6269688987501695,16.66,17.913,15.406
06/23/2022,0.585141008646634,16.71,17.88,15.539
06/22/2022,0.5694646608877502,16.76,17.898,15.621
06/21/2022,0.5594372172102964,16.77,17.888,15.651
06/17/2022,0.680922168826952,16.71,18.071,15.348
06/16/2022,0.7440262092157777,16.67,18.158,15.181
06/15/2022,0.7661820932389377,16.65,18.182,15.117
06/14/2022,0.7842735492160884,16.62,18.188,15.051
06/13/2022,0.782374590589444,16.63,18.194,15.065
06/10/2022,0.7805030429152727,16.63,18.191,15.068
06/09/2022,0.7876388766433512,16.6,18.175,15.024
06/08/2022,0.7916059625849216,16.56,18.143,14.976
06/07/2022,0.7754772723942335,16.49,18.04,14.939
06/06/2022,0.7026378868236468,16.42,17.825,15.014
06/03/2022,0.6709582699393458,16.33,17.671,14.988
06/02/2022,0.6387252930642405,16.29,17.567,15.012
06/01/2022,0.6226194664480063,16.28,17.525,15.034
05/31/2022,0.6022582502548219,16.26,17.464,15.055
05/27/2022,0.6076141867994851,16.26,17.475,15.044
05/26/2022,0.6760917097554144,16.3,17.652,14.947
05/25/2022,0.7279388710599259,16.34,17.795,14.884
05/24/2022,0.7572185945947176,16.37,17.884,14.855
05/23/2022,0.7730620932370176,16.39,17.936,14.843
05/20/2022,0.9149562831086517,16.51,18.339,14.68
05/19/2022,0.8768808356897757,16.66,18.413,14.906
05/18/2022,0.871378218685778,16.81,18.552,15.067
05/17/2022,0.912504794507952,16.96,18.785,15.134
05/16/2022,0.8981341770581941,17.06,18.856,15.263
05/13/2022,0.8757596702292244,17.15,18.901,15.398
05/12/2022,0.8454377564315424,17.22,18.91,15.529
05/11/2022,0.8373410296886209,17.33,19.004,15.655
05/10/2022,0.7879213158685328,17.41,18.985,15.834
05/09/2022,0.7245274321928743,17.48,18.929,16.03
05/06/2022,0.6851423209815608,17.52,18.89,16.149
05/05/2022,0.5675209247243665,17.6,18.735,16.464
05/04/2022,0.4838233148578107,17.66,18.627,16.692
05/03/2022,0.4570393856113499,17.7,18.614,16.785
05/02/2022,0.4126681475471544,17.75,18.575,16.924
04/29/2022,0.39517084912731104,17.8,18.59,17.009
04/28/2022,0.3954743986657038,17.8,18.59,17.009
04/27/2022,0.39486706623875334,17.81,18.599,17.02
04/26/2022,0.4333589736004088,17.88,18.746,17.013
04/25/2022,0.4327354850252055,17.93,18.795,17.064
04/22/2022,0.40548736108539785,17.91,18.72,17.099
04/21/2022,0.4066878409788025,17.92,18.733,17.106
04/20/2022,0.40866245239806376,17.89,18.707,17.072
04/19/2022,0.3777168251481523,17.84,18.595,17.084
04/18/2022,0.37895250362017646,17.82,18.577,17.062
04/14/2022,0.41770204691861373,17.79,18.625,16.954
04/13/2022,0.42956373217486565,17.82,18.679,16.96
04/12/2022,0.47865436381589554,17.85,18.807,16.892
04/11/2022,0.4770429750033007,17.86,18.814,16.905
04/08/2022,0.4653761919135955,17.88,18.81,16.949
04/07/2022,0.4476940919869276,17.92,18.815,17.024
04/06/2022,0.43283946215658253,17.95,18.815,17.084
04/05/2022,0.4211591148247889,17.97,18.812,17.127
04/04/2022,0.47367182732351715,18.04,18.987,17.092
04/01/2022,0.6077005841695399,18.13,19.345,16.914
03/31/2022,0.6530658466035413,18.19,19.496,16.883
03/30/2022,0.7168995745569946,18.28,19.713,16.846
03/29/2022,0.7823138756279349,18.39,19.954,16.825
03/28/2022,0.8668881127342789,18.45,20.183,16.716
03/25/2022,0.9476761050063466,18.54,20.435,16.644
03/24/2022,0.9567784487539421,18.59,20.503,16.676
03/23/2022,0.9517904181068435,18.63,20.533,16.726
03/22/2022,0.9219869847237542,18.69,20.533,16.846
03/21/2022,0.8905167039421551,18.73,20.511,16.948
03/18/2022,0.8590663536654197,18.77,20.488,17.051
03/17/2022,0.7591014424963243,18.87,20.388,17.351
03/16/2022,0.7492095834944986,18.91,20.408,17.411
03/15/2022,0.7493597267000677,18.91,20.408,17.411
03/14/2022,0.7061161377563893,18.95,20.362,17.537
03/11/2022,0.6625707509390978,19.03,20.355,17.704
03/10/2022,0.6241914770324886,19.09,20.338,17.841
03/09/2022,0.5692714642417973,19.14,20.278,18.001
03/08/2022,0.508202715459097,19.19,20.206,18.173
03/07/2022,0.5069467427649573,19.19,20.203,18.176
03/04/2022,0.48874840153191274,19.15,20.127,18.172
03/03/2022,0.4905710957649256,19.16,20.141,18.178
03/02/2022,0.47755627940589357,19.13,20.085,18.174
03/01/2022,0.4496443038669564,19.09,19.989,18.19
02/28/2022,0.38137252129643523,19.03,19.792,18.267
02/25/2022,0.269786952983275,18.97,19.509,18.43
02/24/2022,0.28026772914483006,18.93,19.49,18.369
02/23/2022,0.2852279789922436,18.92,19.49,18.349
02/22/2022,0.28546453369902147,18.92,19.49,18.349
02/18/2022,0.24481625763008436,18.96,19.449,18.47
02/17/2022,0.20764151800639455,18.98,19.395,18.564
02/16/2022,0.23711811402758745,19.01,19.484,18.535
02/15/2022,0.24147463634924465,18.99,19.472,18.507
02/14/2022,0.267329384841996,18.97,19.504,18.435
02/11/2022,0.30329853280225394,18.95,19.556,18.343
02/10/2022,0.34642459496981415,18.88,19.572,18.187
02/09/2022,0.41777386227479535,18.81,19.645,17.974
02/08/2022,0.46677082171018347,18.75,19.683,17.816
02/07/2022,0.5338820094365418,18.68,19.747,17.612
02/04/2022,0.5962088560227867,18.59,19.782,17.397
02/03/2022,0.6550572494064928,18.5,19.81,17.189
02/02/2022,0.6912307863514182,18.39,19.772,17.007
02/01/2022,0.7227897342934527,18.29,19.735,16.844
01/31/2022,0.7592101158440924,18.19,19.708,16.671
01/28/2022,0.8047701535221099,18.07,19.679,16.46
01/27/2022,0.8899213448389698,17.93,19.709,16.15
01/26/2022,0.9667988415384045,17.8,19.733,15.866
01/25/2022,1.0165948062035342,17.67,19.703,15.636
01/24/2022,1.0408626230199647,17.54,19.621,15.458
01/21/2022,1.034266044110509,17.39,19.458,15.321
01/20/2022,1.0109679767430824,17.24,19.261,15.218
01/19/2022,0.8990640967139112,17.07,18.868,15.271
01/18/2022,0.8375328351772249,16.93,18.605,15.254
01/14/2022,0.7762868348748424,16.81,18.362,15.257
01/13/2022,0.7176393592884943,16.7,18.135,15.264
01/12/2022,0.6637102153801766,16.6,17.927,15.272
01/11/2022,0.616535684287617,16.51,17.743,15.276
01/10/2022,0.5383783520907953,16.44,17.516,15.363
01/07/2022,0.47699711739170936,16.37,17.323,15.416
01/06/2022,0.4290177735245945,16.3,17.158,15.441
01/05/2022,0.0,0.0,0.0,0.0
01/04/2022,0.0,0.0,0.0,0.0
01/03/2022,0.0,0.0,0.0,0.0
12/31/2021,0.0,0.0,0.0,0.0
12/30/2021,0.0,0.0,0.0,0.0
12/29/2021,0.0,0.0,0.0,0.0
12/28/2021,0.0,0.0,0.0,0.0
12/27/2021,0.0,0.0,0.0,0.0
12/23/2021,0.0,0.0,0.0,0.0
12/22/2021,0.0,0.0,0.0,0.0
12/21/2021,0.0,0.0,0.0,0.0
12/20/2021,0.0,0.0,0.0,0.0
12/17/2021,0.0,0.0,0.0,0.0
12/16/2021,0.0,0.0,0.0,0.0
12/15/2021,0.0,0.0,0.0,0.0
12/14/2021,0.0,0.0,0.0,0.0
12/13/2021,0.0,0.0,0.0,0.0
12/10/2021,0.0,0.0,0.0,0.0
12/09/2021,0.0,0.0,0.0,0.0
