12/31/1981,10.44,10.6,10.35,10.38,-0.06,0.0,5742400.0
12/30/1981,10.56,10.6,10.44,10.44,-0.13,0.0,2819200.0
12/29/1981,10.6,10.69,10.56,10.56,-0.03,0.0,1566400.0
12/28/1981,10.69,10.69,10.56,10.6,-0.09,0.0,1020800.0
12/24/1981,10.6,10.72,10.53,10.69,0.09,0.0,814400.0
12/23/1981,10.69,10.69,10.53,10.6,-0.22,0.0,3227200.0
12/22/1981,10.88,10.88,10.69,10.81,-0.1,0.0,1846400.0
12/21/1981,11.25,11.25,10.88,10.91,-0.38,0.0,3128000.0
12/18/1981,11.35,11.38,11.19,11.28,-0.06,0.0,4817600.0
12/17/1981,11.19,11.35,11.06,11.35,0.16,0.0,4100800.0
12/16/1981,11.16,11.25,11.16,11.19,0.06,0.0,2160000.0
12/15/1981,11.16,11.16,11.03,11.13,-0.03,0.0,2523200.0
12/14/1981,11.31,11.31,11.13,11.16,-0.34,0.0,4016000.0
12/11/1981,11.31,11.5,11.31,11.5,0.19,0.0,4320000.0
12/10/1981,11.41,11.41,11.22,11.31,-0.13,0.0,1833600.0
12/09/1981,11.19,11.47,11.19,11.44,0.28,0.0,2939200.0
12/08/1981,11.16,11.31,11.13,11.16,0.0,0.0,7052800.0
12/07/1981,11.19,11.25,11.13,11.16,-0.03,0.0,1707200.0
12/04/1981,11.13,11.22,11.1,11.19,0.06,0.0,4499200.0
12/03/1981,10.97,11.13,10.88,11.13,0.15,0.0,3107200.0
12/02/1981,11.1,11.1,10.91,10.97,-0.13,0.0,3356800.0
12/01/1981,11.1,11.13,10.88,11.1,0.0,0.0,3923200.0
11/30/1981,10.69,11.1,10.69,11.1,0.44,0.0,3313600.0
11/27/1981,10.6,10.78,10.53,10.66,0.06,0.0,2852800.0
11/25/1981,10.6,10.69,10.56,10.6,0.0,0.0,2124800.0
11/24/1981,10.6,10.63,10.47,10.6,0.0,0.0,2081599.0
11/23/1981,10.6,10.75,10.53,10.6,0.0,0.0,6004800.0
11/20/1981,10.41,10.66,10.28,10.6,0.19,0.0,2176000.0
11/19/1981,10.47,10.6,10.38,10.41,-0.06,0.0,2416000.0
11/18/1981,10.69,10.69,10.44,10.47,-0.31,0.0,4600000.0
11/17/1981,10.28,10.78,10.22,10.78,0.5,0.0,7100800.0
11/16/1981,10.28,10.28,10.06,10.28,-0.13,0.0,2801600.0
11/13/1981,10.56,10.63,10.31,10.41,-0.15,0.0,1236800.0
11/12/1981,10.63,10.69,10.44,10.56,-0.06,0.0,1982400.0
11/11/1981,10.47,10.63,10.35,10.63,0.15,0.0,1233600.0
11/10/1981,10.69,10.81,10.41,10.47,-0.22,0.0,3974400.0
11/09/1981,10.69,10.69,10.38,10.69,0.0,0.0,2225600.0
11/06/1981,10.78,10.78,10.63,10.69,-0.25,0.0,1947199.0
11/05/1981,11.41,11.47,10.94,10.94,-0.47,0.0,4315200.0
11/04/1981,11.5,11.5,11.38,11.41,-0.09,0.0,3174400.0
11/03/1981,11.5,11.56,11.41,11.5,0.0,0.0,6323200.0
11/02/1981,10.88,11.56,10.88,11.5,0.65,0.0,3692800.0
10/30/1981,10.47,10.88,10.44,10.85,0.38,0.0,1910400.0
10/29/1981,10.66,10.66,10.35,10.47,-0.22,0.0,1201600.0
10/28/1981,10.72,10.72,10.5,10.69,-0.03,0.0,2083200.0
10/27/1981,10.31,10.75,10.31,10.72,0.41,0.0,1257600.0
10/26/1981,10.41,10.44,10.25,10.31,-0.1,0.0,1705600.0
10/23/1981,10.5,10.56,10.41,10.41,-0.09,0.0,6686400.0
10/22/1981,10.56,10.56,10.41,10.5,-0.06,0.0,2011199.0
10/21/1981,10.75,10.85,10.47,10.56,-0.19,0.0,1260800.0
10/20/1981,10.6,10.91,10.6,10.75,0.19,0.0,1969600.0
10/19/1981,10.81,10.81,10.5,10.56,-0.31,0.0,3324800.0
10/16/1981,10.94,10.94,10.81,10.88,-0.13,0.0,1462400.0
10/15/1981,10.75,11.13,10.75,11.0,0.53,0.0,2.4688E+7
10/14/1981,10.44,10.72,10.31,10.47,0.03,0.0,1766400.0
10/13/1981,10.47,10.6,10.41,10.44,-0.03,0.0,1489600.0
10/12/1981,10.63,10.72,10.25,10.47,-0.15,0.0,1235200.0
10/09/1981,10.94,10.97,10.56,10.63,-0.31,0.0,1809600.0
10/08/1981,11.06,11.16,10.88,10.94,-0.13,0.0,3643200.0
10/07/1981,10.81,11.13,10.81,11.06,0.25,0.0,4908800.0
10/06/1981,10.31,11.13,10.31,10.81,0.63,0.0,8395200.0
10/05/1981,10.22,10.38,10.1,10.19,-0.03,0.0,5606400.0
10/02/1981,9.91,10.22,9.91,10.22,0.44,0.0,4288000.0
10/01/1981,9.56,9.78,9.38,9.78,0.22,0.0,2835200.0
09/30/1981,9.5,9.56,9.31,9.56,0.06,0.0,2921600.0
09/29/1981,9.78,9.91,9.44,9.5,-0.28,0.0,5976000.0
09/28/1981,9.25,9.81,9.03,9.78,0.53,0.0,3403200.0
09/25/1981,9.44,9.44,9.19,9.25,-0.19,0.0,3606400.0
09/24/1981,9.63,9.94,9.31,9.44,-0.19,0.0,6275200.0
09/23/1981,9.63,9.63,9.38,9.63,0.0,0.0,3663999.0
09/22/1981,9.81,9.85,9.56,9.63,-0.19,0.0,2510400.0
09/21/1981,9.94,9.97,9.72,9.81,-0.13,0.0,3273600.0
09/18/1981,10.16,10.19,9.94,9.94,-0.22,0.0,3216000.0
09/17/1981,10.28,10.47,10.1,10.16,-0.13,0.0,3212800.0
09/16/1981,10.41,10.41,10.13,10.28,-0.15,0.0,2446400.0
09/15/1981,10.56,10.69,10.41,10.44,-0.13,0.0,1795200.0
09/14/1981,10.88,10.88,10.53,10.56,-0.35,0.0,2320000.0
09/11/1981,10.91,10.97,10.66,10.91,0.0,0.0,1580800.0
09/10/1981,10.53,10.91,10.53,10.91,0.41,0.0,1934399.0
09/09/1981,10.75,10.75,10.41,10.5,-0.25,0.0,2414400.0
09/08/1981,10.88,10.88,10.47,10.75,-0.16,0.0,2230400.0
09/04/1981,10.85,11.0,10.81,10.91,0.06,0.0,1540800.0
09/03/1981,11.38,11.38,10.81,10.85,-0.53,0.0,1251200.0
09/02/1981,11.25,11.47,11.25,11.38,0.13,0.0,1774399.0
09/01/1981,11.1,11.35,11.0,11.25,0.15,0.0,1756800.0
08/31/1981,11.25,11.41,10.94,11.1,-0.15,0.0,2832000.0
08/28/1981,11.25,11.31,11.19,11.25,0.0,0.0,2432000.0
08/27/1981,11.35,11.35,11.1,11.25,-0.16,0.0,2632000.0
08/26/1981,11.6,11.66,11.35,11.41,-0.19,0.0,2688000.0
08/25/1981,11.63,11.72,11.28,11.6,-0.03,0.0,4113600.0
08/24/1981,12.22,12.22,11.56,11.63,-0.75,0.0,2872000.0
08/21/1981,12.81,12.81,12.31,12.38,-0.44,0.0,4408000.0
08/20/1981,12.91,12.97,12.63,12.81,-0.1,0.0,1460800.0
08/19/1981,12.94,12.94,12.69,12.91,0.1,0.0,2273600.0
08/18/1981,13.13,13.28,12.69,12.81,-0.47,0.0,2779200.0
08/17/1981,13.16,13.38,13.16,13.28,0.16,0.0,2500800.0
08/14/1981,13.22,13.35,13.13,13.13,-0.1,0.0,2523200.0
08/13/1981,13.38,13.44,13.0,13.22,-0.15,0.0,3092800.0
08/12/1981,13.38,13.5,13.38,13.38,0.0,0.0,2492800.0
08/11/1981,13.25,13.41,13.25,13.38,0.15,0.0,3364800.0
08/10/1981,13.19,13.25,13.06,13.22,0.03,0.0,1934399.0
08/07/1981,13.35,13.35,13.16,13.19,-0.16,0.0,926400.0
08/06/1981,13.44,13.53,12.6,13.35,-0.09,0.0,2779200.0
08/05/1981,13.16,13.47,13.16,13.44,0.31,0.0,4486400.0
08/04/1981,12.88,13.19,12.81,13.13,0.25,0.0,1744000.0
08/03/1981,12.75,12.88,12.75,12.88,0.13,0.0,2820800.0
07/31/1981,12.69,12.81,12.69,12.75,0.15,0.0,1003200.0
07/30/1981,12.44,12.66,12.41,12.6,0.16,0.0,1129600.0
07/29/1981,12.41,12.5,12.41,12.44,0.06,0.0,857600.0
07/28/1981,12.56,12.56,12.31,12.38,-0.19,0.0,2784000.0
07/27/1981,12.31,12.63,12.31,12.56,0.34,0.0,1520000.0
07/24/1981,12.19,12.35,12.19,12.22,0.13,0.0,1139200.0
07/23/1981,12.16,12.22,12.0,12.1,-0.06,0.0,1825599.0
07/22/1981,12.56,12.72,12.03,12.16,-0.4,0.0,2777600.0
07/21/1981,12.6,12.85,12.44,12.56,-0.03,0.0,4139200.0
07/20/1981,12.44,12.75,12.41,12.6,0.16,0.0,2960000.0
07/17/1981,12.31,12.72,12.31,12.44,0.19,0.0,5216000.0
07/16/1981,12.13,12.31,12.1,12.25,0.13,0.0,1404800.0
07/15/1981,11.91,12.41,11.91,12.13,0.31,0.0,3184000.0
07/14/1981,11.91,11.94,11.63,11.81,-0.1,0.0,3296000.0
07/13/1981,12.0,12.13,11.81,11.91,-0.09,0.0,1131200.0
07/10/1981,12.0,12.1,11.91,12.0,0.0,0.0,1856000.0
07/09/1981,12.0,12.0,11.78,12.0,0.0,0.0,2012800.0
07/08/1981,11.85,12.06,11.63,12.0,0.15,0.0,3475200.0
07/07/1981,11.66,11.88,11.66,11.85,0.19,0.0,1161600.0
07/06/1981,11.75,11.75,11.53,11.66,-0.09,0.0,737600.0
07/02/1981,12.03,12.19,11.75,11.75,-0.28,0.0,1556800.0
07/01/1981,12.13,12.16,11.91,12.03,-0.09,0.0,1513600.0
06/30/1981,12.19,12.35,12.06,12.13,-0.06,0.0,1966399.0
06/29/1981,12.06,12.22,12.06,12.19,0.15,0.0,1724800.0
06/26/1981,11.94,12.06,11.81,12.03,0.1,0.0,2481600.0
06/25/1981,11.75,12.0,11.75,11.94,0.25,0.0,2417600.0
06/24/1981,11.94,11.94,11.66,11.69,-0.28,0.0,3521600.0
06/23/1981,11.63,11.97,11.5,11.97,0.35,0.0,4304000.0
06/22/1981,11.6,11.75,11.6,11.63,0.06,0.0,2820800.0
06/19/1981,11.31,11.69,11.28,11.56,0.25,0.0,2635200.0
06/18/1981,11.31,11.44,11.19,11.31,0.0,0.0,3416000.0
06/17/1981,10.88,11.31,10.85,11.31,0.44,0.0,5515200.0
06/16/1981,10.94,11.03,10.78,10.88,-0.06,0.0,2292800.0
06/15/1981,11.31,11.35,10.88,10.94,-0.38,0.0,2243200.0
06/12/1981,11.81,11.81,11.31,11.31,-0.5,0.0,3124800.0
06/11/1981,11.94,12.0,11.75,11.81,-0.13,0.0,2324800.0
06/10/1981,11.81,12.03,11.66,11.94,0.13,0.0,2808000.0
06/09/1981,11.56,11.88,11.44,11.81,0.25,0.0,2942400.0
06/08/1981,11.38,11.56,11.31,11.56,0.19,0.0,3174400.0
06/05/1981,10.94,11.41,10.85,11.38,0.44,0.0,4212800.0
06/04/1981,10.81,10.97,10.78,10.94,0.13,0.0,3929600.0
06/03/1981,10.85,10.85,10.6,10.81,-0.03,0.0,4548800.0
06/02/1981,11.31,11.35,10.78,10.85,-0.47,0.0,2539200.0
06/01/1981,11.47,11.53,11.28,11.31,-0.16,0.0,2579200.0
05/29/1981,11.63,11.63,11.22,11.47,-0.22,0.0,3932799.0
05/28/1981,12.06,12.13,11.44,11.69,-0.38,0.0,3732800.0
05/27/1981,12.25,12.25,12.0,12.06,-0.25,0.0,1526400.0
05/26/1981,12.16,12.31,12.03,12.31,0.15,0.0,1716800.0
05/22/1981,12.16,12.31,12.06,12.16,0.0,0.0,1192000.0
05/21/1981,12.41,12.47,12.03,12.16,-0.25,0.0,2692800.0
05/20/1981,12.1,12.44,11.97,12.41,0.31,0.0,3515200.0
05/19/1981,12.16,12.16,11.94,12.1,-0.13,0.0,1982400.0
05/18/1981,12.41,12.5,12.16,12.22,-0.19,0.0,1248000.0
05/15/1981,12.1,12.41,12.1,12.41,0.47,0.0,2609600.0
05/14/1981,11.88,12.0,11.88,11.94,0.06,0.0,1625600.0
05/13/1981,12.06,12.06,11.88,11.88,-0.25,0.0,1635200.0
05/12/1981,11.94,12.16,11.75,12.13,0.19,0.0,2982400.0
05/11/1981,12.38,12.38,11.85,11.94,-0.56,0.0,1998399.0
05/08/1981,12.75,12.75,12.5,12.5,-0.25,0.0,3304000.0
05/07/1981,12.78,12.85,12.66,12.75,-0.03,0.0,1968000.0
05/06/1981,12.94,13.0,12.75,12.78,-0.15,0.0,3387200.0
05/05/1981,12.69,12.97,12.5,12.94,0.25,0.0,2232000.0
05/04/1981,12.75,12.75,12.56,12.69,-0.1,0.0,2068799.0
05/01/1981,12.72,12.88,12.56,12.78,0.06,0.0,2201600.0
04/30/1981,12.35,12.72,12.35,12.72,0.47,0.0,3769600.0
04/29/1981,12.06,12.25,12.0,12.25,0.19,0.0,2510400.0
04/28/1981,12.25,12.35,11.91,12.06,-0.19,0.0,3835200.0
04/27/1981,12.13,12.31,12.0,12.25,0.13,0.0,3884800.0
04/24/1981,12.1,12.25,11.85,12.13,0.03,0.0,3051200.0
04/23/1981,11.78,12.22,11.78,12.1,0.35,0.0,4105600.0
04/22/1981,11.78,11.78,11.66,11.75,-0.06,0.0,5382400.0
04/21/1981,12.0,12.1,11.66,11.81,-0.19,0.0,3318400.0
04/20/1981,11.75,12.1,11.63,12.0,0.25,0.0,3166400.0
04/16/1981,11.56,11.75,11.56,11.75,0.28,0.0,5440000.0
04/15/1981,11.35,11.47,11.35,11.47,0.13,0.0,5428800.0
04/14/1981,11.28,11.44,11.28,11.35,0.06,0.0,3715199.0
04/13/1981,11.69,11.69,11.25,11.28,-0.5,0.0,4880000.0
04/10/1981,12.06,12.22,11.69,11.78,-0.28,0.0,3896000.0
04/09/1981,12.5,12.5,11.94,12.06,-0.44,0.0,3816000.0
04/08/1981,12.5,12.69,12.5,12.5,0.0,0.0,2072000.0
04/07/1981,12.66,12.66,12.47,12.5,-0.19,0.0,2308800.0
04/06/1981,12.56,12.69,12.31,12.69,0.13,0.0,3307200.0
04/03/1981,12.94,12.97,12.44,12.56,-0.38,0.0,3152000.0
04/02/1981,12.97,12.97,12.72,12.94,-0.03,0.0,3302400.0
04/01/1981,13.13,13.19,12.85,12.97,-0.15,0.0,3046400.0
03/31/1981,13.16,13.38,13.06,13.13,-0.03,0.0,3753599.0
03/30/1981,13.06,13.22,13.06,13.16,0.1,0.0,2022400.0
03/27/1981,13.16,13.28,13.03,13.06,-0.1,0.0,3289600.0
03/26/1981,13.13,13.47,13.13,13.16,0.06,0.0,6246400.0
03/25/1981,13.35,13.38,13.1,13.1,-0.25,0.0,6512000.0
03/24/1981,13.19,13.35,13.19,13.35,0.35,0.0,7448000.0
03/23/1981,12.5,13.0,12.5,13.0,0.53,0.0,5268800.0
03/20/1981,12.44,12.63,12.31,12.47,0.03,0.0,5977600.0
03/19/1981,12.81,12.85,12.25,12.44,-0.38,0.0,6603200.0
03/18/1981,13.06,13.19,12.75,12.81,-0.25,0.0,4111999.0
03/17/1981,12.97,13.22,12.97,13.06,0.22,0.0,7024000.0
03/16/1981,13.0,13.0,12.66,12.85,-0.15,0.0,6123200.0
03/13/1981,13.38,13.38,13.0,13.0,-0.75,0.0,7803200.0
03/11/1981,13.78,13.91,13.72,13.75,-0.03,0.0,2131200.0
03/10/1981,13.78,13.85,13.5,13.78,0.0,0.0,2100800.0
03/09/1981,13.66,13.88,13.63,13.78,0.13,0.0,2083200.0
03/06/1981,14.28,14.28,13.66,13.66,-0.72,0.0,3832000.0
03/05/1981,14.5,14.6,14.35,14.38,-0.13,0.0,1779200.0
03/04/1981,14.56,14.66,14.38,14.5,-0.06,0.0,1996800.0
03/03/1981,14.97,14.97,14.5,14.56,-0.47,0.0,3716800.0
03/02/1981,14.72,15.06,14.63,15.03,0.31,0.0,2948800.0
02/27/1981,14.5,14.75,14.47,14.72,0.22,0.0,3836800.0
02/26/1981,14.13,14.5,14.13,14.5,0.38,0.0,4556800.0
02/25/1981,13.78,14.13,13.56,14.13,0.34,0.0,2262400.0
02/24/1981,13.97,14.03,13.75,13.78,-0.19,0.0,1268800.0
02/23/1981,13.91,14.06,13.88,13.97,0.06,0.0,2224000.0
02/20/1981,14.0,14.03,13.69,13.91,-0.09,0.0,3740799.0
02/19/1981,14.44,14.53,13.94,14.0,-0.44,0.0,3708800.0
02/18/1981,14.22,14.69,14.22,14.44,0.28,0.0,6472000.0
02/17/1981,14.06,14.41,14.06,14.16,0.16,0.0,3808000.0
02/13/1981,14.13,14.25,13.94,14.0,-0.13,0.0,3030400.0
02/12/1981,13.91,14.13,13.91,14.13,0.22,0.0,2835200.0
02/11/1981,14.13,14.31,13.91,13.91,-0.22,0.0,1809600.0
02/10/1981,14.19,14.38,14.03,14.13,-0.06,0.0,2460800.0
02/09/1981,14.72,14.88,14.13,14.19,-0.53,0.0,3544000.0
02/06/1981,14.6,14.88,14.44,14.72,0.13,0.0,3936000.0
02/05/1981,14.94,15.03,14.53,14.6,-0.34,0.0,3022400.0
02/04/1981,15.1,15.13,14.63,14.94,-0.16,0.0,3016000.0
02/03/1981,14.6,15.16,14.56,15.1,0.5,0.0,2894400.0
02/02/1981,15.0,15.13,14.47,14.6,-0.4,0.0,3195200.0
01/30/1981,15.22,15.38,14.81,15.0,-0.22,0.0,3184000.0
01/29/1981,15.72,15.72,15.19,15.22,-0.53,0.0,3177600.0
01/28/1981,16.25,16.38,15.53,15.75,-0.5,0.0,3096000.0
01/27/1981,16.25,16.41,15.94,16.25,0.0,0.0,4795200.0
01/26/1981,16.44,16.44,15.91,16.25,-0.19,0.0,1169600.0
01/23/1981,16.44,16.56,16.25,16.44,0.0,0.0,2019200.0
01/22/1981,17.13,17.16,16.44,16.44,-0.69,0.0,2246400.0
01/21/1981,16.91,17.13,16.75,17.13,0.22,0.0,3492800.0
01/20/1981,17.44,17.56,16.75,16.91,-0.53,0.0,1907200.0
01/19/1981,17.75,17.84,17.38,17.44,-0.31,0.0,1406400.0
01/16/1981,17.75,18.19,17.53,17.75,0.0,0.0,4134400.0
01/15/1981,17.13,18.0,17.13,17.75,0.72,0.0,2593600.0
01/14/1981,16.5,17.13,16.5,17.03,0.63,0.0,3206400.0
01/13/1981,16.5,16.56,16.31,16.41,-0.09,0.0,2635200.0
01/12/1981,16.63,16.97,16.38,16.5,-0.13,0.0,3320000.0
01/09/1981,16.56,16.84,16.25,16.63,0.06,0.0,4299200.0
01/08/1981,16.97,16.97,16.38,16.56,-0.47,0.0,3398400.0
01/07/1981,17.03,17.03,15.56,17.03,-0.28,0.0,5243200.0
01/06/1981,17.31,17.41,16.63,17.31,0.0,0.0,5411200.0
01/05/1981,17.94,17.94,17.25,17.31,-0.63,0.0,2044800.0
01/02/1981,18.0,18.13,17.75,17.94,0.0,0.0,1368000.0
