12/31/1980,0.44,0.44,0.44,0.44,0.0,0.0,60004796
12/30/1980,0.44,0.44,0.43,0.44,0.0,0.0,35380796
12/29/1980,0.45,0.45,0.44,0.44,-0.01,0.0,69724792
12/26/1980,0.45,0.46,0.44,0.45,0.0,0.0,45619196
12/24/1980,0.43,0.45,0.43,0.45,0.01,0.0,95385592
12/23/1980,0.43,0.44,0.43,0.43,0.01,0.0,92534392
12/22/1980,0.42,0.43,0.42,0.42,0.01,0.0,65188792
12/19/1980,0.41,0.42,0.41,0.42,0.0,0.0,31363196
12/18/1980,0.41,0.42,0.41,0.41,0.01,0.0,109771192
12/17/1980,0.4,0.41,0.4,0.41,0.0,0.0,74779192
12/16/1980,0.41,0.41,0.4,0.4,-0.01,0.0,741959936
12/15/1980,0.4,0.41,0.4,0.41,0.01,0.0,140486384
12/12/1980,0.39,0.4,0.39,0.4,0.01,0.0,71927992
12/11/1980,0.4,0.4,0.39,0.39,-0.02,0.0,117676784
12/10/1980,0.41,0.41,0.41,0.41,0.0,0.0,120527976
12/09/1980,0.4,0.41,0.4,0.41,0.0,0.0,94348792
12/08/1980,0.41,0.41,0.4,0.4,-0.01,0.0,105753592
12/05/1980,0.42,0.42,0.41,0.41,-0.01,0.0,95385592
12/04/1980,0.42,0.42,0.42,0.42,0.0,0.0,101606392
12/03/1980,0.41,0.42,0.41,0.42,0.0,0.0,79185592
12/02/1980,0.42,0.42,0.41,0.41,-0.01,0.0,78796792
12/01/1980,0.42,0.42,0.41,0.42,-0.0,0.0,155908784
11/28/1980,0.42,0.42,0.42,0.42,0.0,0.0,57671996
11/26/1980,0.42,0.42,0.42,0.42,-0.0,0.0,106919992
11/25/1980,0.42,0.42,0.42,0.42,0.0,0.0,89942392
11/24/1980,0.42,0.42,0.41,0.42,-0.0,0.0,127526384
11/21/1980,0.42,0.42,0.42,0.42,0.0,0.0,187919984
11/20/1980,0.42,0.43,0.42,0.42,-0.01,0.0,53913596
11/19/1980,0.42,0.43,0.42,0.42,0.0,0.0,210340784
11/18/1980,0.42,0.43,0.42,0.42,0.01,0.0,104846392
11/17/1980,0.42,0.42,0.42,0.42,-0.0,0.0,95126392
11/14/1980,0.42,0.43,0.42,0.42,-0.0,0.0,80999992
11/13/1980,0.41,0.42,0.41,0.42,0.01,0.0,77500792
11/12/1980,0.4,0.42,0.4,0.41,0.01,0.0,110419192
11/11/1980,0.39,0.4,0.39,0.4,0.01,0.0,81259192
11/10/1980,0.38,0.39,0.38,0.39,0.0,0.0,39268796
11/07/1980,0.39,0.39,0.38,0.38,-0.0,0.0,29937596
11/06/1980,0.39,0.39,0.38,0.39,-0.01,0.0,34473596
11/05/1980,0.39,0.42,0.39,0.39,0.0,0.0,102902392
11/03/1980,0.39,0.39,0.38,0.39,0.0,0.0,54431996
