10/01/2022,7.17,6.45,5.63,5.29,4.03
07/01/2022,7.12,6.14,5.51,5.19,3.97
04/01/2022,7.0,5.79,5.38,5.09,3.93
01/01/2022,6.95,5.7,5.29,5.01,3.92
10/01/2021,6.54,5.53,5.17,4.88,3.9
07/01/2021,5.72,5.3,5.02,4.73,3.87
04/01/2021,5.16,5.15,4.93,4.61,3.85
01/01/2021,4.57,4.95,4.83,4.48,3.82
10/01/2020,4.46,4.82,4.75,4.38,3.8
07/01/2020,4.52,4.74,4.7,4.31,3.78
04/01/2020,4.88,4.82,4.72,4.3,3.79
01/01/2020,5.15,4.88,4.71,4.26,3.79
10/01/2019,5.34,4.98,4.74,4.23,3.8
07/01/2019,5.17,4.88,4.66,4.14,3.77
04/01/2019,4.96,4.8,4.55,4.05,3.74
01/01/2019,4.76,4.75,4.45,3.95,3.71
10/01/2018,4.62,4.7,4.34,3.85,3.68
07/01/2018,4.62,4.71,4.25,3.78,3.66
04/01/2018,4.59,4.68,4.16,3.72,3.65
01/01/2018,4.64,4.66,4.1,3.66,3.64
10/01/2017,4.74,4.62,4.04,3.59,3.63
07/01/2017,4.79,4.54,3.95,3.5,3.62
04/01/2017,4.79,4.49,3.86,3.41,3.61
01/01/2017,4.77,4.43,3.77,3.31,3.62
10/01/2016,4.67,4.3,3.67,3.21,3.63
07/01/2016,4.49,4.16,3.55,3.08,3.63
04/01/2016,4.3,3.99,3.42,2.93,3.63
01/01/2016,4.2,3.79,3.32,2.81,3.63
10/01/2015,4.1,3.64,3.24,2.79,3.64
07/01/2015,3.92,3.53,3.16,2.77,3.66
04/01/2015,3.82,3.47,3.08,2.76,3.67
01/01/2015,3.67,3.36,2.98,2.76,3.68
10/01/2014,3.38,3.22,2.87,2.78,3.68
07/01/2014,3.19,3.11,2.75,2.82,3.69
04/01/2014,3.15,3.05,2.66,2.92,3.7
01/01/2014,3.11,2.95,2.54,3.0,3.72
10/01/2013,3.05,2.86,2.4,3.09,3.73
07/01/2013,3.05,2.86,2.33,3.15,3.75
04/01/2013,3.03,2.83,2.36,3.22,3.77
01/01/2013,2.95,2.79,2.39,3.25,3.78
10/01/2012,2.78,2.69,2.41,3.28,3.8
07/01/2012,2.68,2.6,2.45,3.33,3.81
04/01/2012,2.67,2.52,2.56,3.37,3.83
01/01/2012,2.63,2.4,2.68,3.41,3.83
10/01/2011,2.62,2.28,2.85,3.44,3.84
07/01/2011,2.59,2.13,3.03,3.47,3.85
04/01/2011,2.53,1.95,3.2,3.5,3.85
01/01/2011,2.38,1.8,3.3,3.53,3.83
10/01/2010,2.17,1.9,3.41,3.58,3.83
07/01/2010,1.93,1.99,3.48,3.61,3.81
04/01/2010,1.66,2.14,3.57,3.67,3.81
01/01/2010,1.36,2.31,3.69,3.73,3.81
10/01/2009,1.22,2.59,3.79,3.81,3.81
07/01/2009,1.63,2.97,3.91,3.92,3.82
04/01/2009,2.04,3.43,4.02,4.05,3.82
01/01/2009,2.62,3.93,4.14,4.18,0.0
10/01/2008,3.25,4.46,4.28,4.32,0.0
07/01/2008,3.97,4.8,4.4,4.45,0.0
04/01/2008,4.3,4.93,4.42,4.49,0.0
01/01/2008,4.81,4.97,4.43,4.54,0.0
10/01/2007,5.25,5.0,4.43,4.58,0.0
07/01/2007,5.67,5.07,4.44,4.61,0.0
04/01/2007,5.63,4.99,4.41,4.59,0.0
01/01/2007,5.56,4.86,4.4,4.55,0.0
10/01/2006,5.13,4.61,4.35,4.48,0.0
07/01/2006,4.76,4.34,4.3,4.43,0.0
04/01/2006,4.47,4.09,4.25,4.37,0.0
01/01/2006,4.34,4.0,4.28,4.34,0.0
10/01/2005,4.16,3.92,4.26,4.31,0.0
07/01/2005,4.09,3.88,4.33,4.32,0.0
04/01/2005,3.93,3.86,4.37,4.32,0.0
01/01/2005,3.71,3.82,4.38,4.3,0.0
10/01/2004,3.66,3.84,4.39,4.3,0.0
07/01/2004,3.67,3.95,4.39,4.26,0.0
04/01/2004,3.67,4.1,4.41,4.24,0.0
01/01/2004,3.79,4.25,4.47,4.23,0.0
10/01/2003,3.92,4.41,4.5,4.19,0.0
07/01/2003,4.02,4.55,4.52,4.14,0.0
04/01/2003,4.23,4.61,4.51,4.07,0.0
01/01/2003,4.52,4.77,4.53,4.02,0.0
10/01/2002,4.72,4.88,4.54,3.96,0.0
07/01/2002,4.89,4.94,4.54,3.9,0.0
04/01/2002,5.09,4.94,4.53,3.82,0.0
01/01/2002,4.99,4.83,4.41,3.71,0.0
10/01/2001,5.02,4.73,4.31,3.6,0.0
07/01/2001,5.03,4.69,4.22,0.0,0.0
04/01/2001,4.99,4.6,4.09,0.0,0.0
01/01/2001,4.78,4.48,3.93,0.0,0.0
10/01/2000,4.68,4.41,3.8,0.0,0.0
07/01/2000,4.43,4.29,3.64,0.0,0.0
04/01/2000,4.36,4.21,3.5,0.0,0.0
01/01/2000,4.2,4.14,3.37,0.0,0.0
10/01/1999,4.18,4.12,3.27,0.0,0.0
07/01/1999,4.13,3.99,3.14,0.0,0.0
04/01/1999,4.16,3.89,3.03,0.0,0.0
01/01/1999,4.07,3.74,0.0,0.0,0.0
10/01/1998,4.08,3.57,0.0,0.0,0.0
07/01/1998,4.06,3.38,0.0,0.0,0.0
04/01/1998,3.85,3.19,0.0,0.0,0.0
01/01/1998,3.63,2.98,0.0,0.0,0.0
10/01/1997,3.41,2.79,0.0,0.0,0.0
07/01/1997,3.07,2.61,0.0,0.0,0.0
04/01/1997,2.7,2.42,0.0,0.0,0.0
01/01/1997,2.54,2.3,0.0,0.0,0.0
10/01/1996,2.33,2.17,0.0,0.0,0.0
07/01/1996,2.17,0.0,0.0,0.0,0.0
04/01/1996,2.15,0.0,0.0,0.0,0.0
01/01/1996,2.13,0.0,0.0,0.0,0.0
10/01/1995,2.06,0.0,0.0,0.0,0.0
07/01/1995,2.01,0.0,0.0,0.0,0.0
04/01/1995,0.0,0.0,0.0,0.0,0.0
01/01/1995,0.0,0.0,0.0,0.0,0.0
10/01/1994,0.0,0.0,0.0,0.0,0.0
08/01/1994,0.0,0.0,0.0,0.0,0.0
