10/01/2022,63.83,55.95,51.4,50.94,43.12
07/01/2022,60.48,52.97,51.14,49.95,42.56
04/01/2022,59.09,49.2,50.73,49.32,42.09
01/01/2022,56.82,47.57,50.22,48.66,41.82
10/01/2021,52.11,45.26,49.79,48.07,41.48
07/01/2021,48.08,44.41,49.51,48.13,41.27
04/01/2021,45.47,43.56,49.62,48.43,41.05
01/01/2021,39.3,42.16,49.06,48.24,40.68
10/01/2020,38.32,43.19,48.85,47.92,40.37
07/01/2020,38.41,44.88,48.65,47.67,40.22
04/01/2020,40.74,46.85,48.43,47.61,40.17
01/01/2020,41.66,49.3,48.44,47.7,40.1
10/01/2019,45.02,52.27,49.39,48.05,40.22
07/01/2019,48.06,52.86,49.2,47.82,40.07
04/01/2019,51.35,54.32,49.48,47.73,39.96
01/01/2019,52.96,54.61,49.99,47.22,39.85
10/01/2018,56.95,55.68,50.86,46.65,39.7
07/01/2018,59.52,55.96,51.28,46.55,39.51
04/01/2018,57.66,54.52,50.28,46.0,38.94
01/01/2018,57.29,52.43,49.07,45.2,38.39
10/01/2017,56.25,50.01,47.99,44.43,37.86
07/01/2017,54.42,47.58,46.9,43.18,37.28
04/01/2017,52.39,46.5,45.94,42.33,36.7
01/01/2017,51.37,45.54,45.3,41.43,36.28
10/01/2016,47.56,44.63,44.44,40.2,35.9
07/01/2016,43.77,45.38,43.52,38.93,35.65
04/01/2016,40.74,46.04,42.14,37.54,35.44
01/01/2016,40.61,46.61,41.85,36.53,35.28
10/01/2015,39.72,46.05,41.75,35.97,35.0
07/01/2015,41.7,45.71,41.59,35.42,34.76
04/01/2015,46.98,45.97,41.64,35.3,34.76
01/01/2015,51.34,46.22,40.98,35.17,34.6
10/01/2014,52.62,45.38,40.25,34.86,34.35
07/01/2014,52.39,45.06,39.37,34.98,33.96
04/01/2014,49.72,44.25,37.98,34.88,33.51
01/01/2014,44.96,41.67,35.71,34.4,32.95
10/01/2013,41.1,38.24,33.29,33.67,32.32
07/01/2013,38.14,37.09,31.48,33.11,31.93
04/01/2013,37.74,37.44,30.93,32.82,31.63
01/01/2013,38.79,37.47,30.28,32.76,31.55
10/01/2012,38.38,37.3,29.97,32.72,31.59
07/01/2012,35.37,35.74,29.65,32.5,31.39
04/01/2012,36.03,35.12,29.59,32.39,31.23
01/01/2012,37.15,33.67,29.94,32.33,31.02
10/01/2011,36.15,31.72,30.2,32.19,30.71
07/01/2011,36.23,29.76,30.77,32.47,30.6
04/01/2011,36.1,28.33,31.39,32.74,30.65
01/01/2011,34.2,25.88,31.12,32.47,30.39
10/01/2010,30.19,24.42,30.51,31.88,30.13
07/01/2010,27.28,23.09,30.41,31.58,29.95
04/01/2010,23.29,22.63,30.44,31.29,29.85
01/01/2010,20.57,23.56,30.88,31.37,29.89
10/01/2009,17.55,24.07,31.03,31.06,29.69
07/01/2009,18.66,26.21,31.65,31.14,29.49
04/01/2009,18.9,28.68,32.43,31.6,29.33
01/01/2009,21.98,31.78,33.83,32.37,29.33
10/01/2008,26.55,34.44,34.95,33.35,29.38
07/01/2008,30.59,36.37,35.77,34.04,29.35
04/01/2008,33.77,36.59,35.61,34.03,29.05
01/01/2008,38.46,37.74,35.83,34.1,28.85
10/01/2007,41.57,38.24,35.62,34.22,28.56
07/01/2007,42.34,38.2,35.28,34.02,28.19
04/01/2007,42.14,37.99,34.56,33.85,27.79
01/01/2007,39.4,37.09,33.61,32.94,27.19
10/01/2006,37.02,36.18,33.06,32.14,26.56
07/01/2006,34.9,35.89,32.67,31.5,25.97
04/01/2006,34.06,35.45,32.8,30.97,25.49
01/01/2006,33.85,35.18,32.88,30.75,25.04
10/01/2005,34.78,34.63,32.75,30.44,24.61
07/01/2005,35.34,33.92,32.28,30.33,24.14
04/01/2005,36.88,33.01,32.22,30.46,23.69
01/01/2005,36.84,32.36,31.93,30.28,23.28
10/01/2004,36.52,31.12,31.78,30.06,22.86
07/01/2004,34.48,30.12,30.87,29.72,22.37
04/01/2004,32.51,29.95,30.13,29.24,21.87
01/01/2004,29.14,29.45,29.3,28.72,21.35
10/01/2003,27.89,30.16,28.72,28.55,20.99
07/01/2003,25.72,30.57,28.53,28.31,20.61
04/01/2003,25.75,30.87,28.35,28.37,20.3
01/01/2003,27.38,30.64,28.53,28.32,19.99
10/01/2002,29.75,31.42,29.18,28.41,19.74
07/01/2002,32.42,31.49,29.24,28.4,19.43
04/01/2002,35.42,32.44,29.54,28.31,0.0
01/01/2002,35.99,31.62,29.52,27.83,0.0
10/01/2001,33.9,30.31,28.88,27.06,0.0
07/01/2001,33.1,29.16,28.35,26.29,0.0
04/01/2001,30.57,27.29,27.75,25.41,0.0
01/01/2001,29.46,26.48,27.17,24.66,0.0
10/01/2000,27.24,25.83,27.12,24.07,0.0
07/01/2000,26.71,26.43,27.15,23.6,0.0
04/01/2000,25.21,26.95,26.9,22.9,0.0
01/01/2000,24.01,26.98,26.85,22.35,0.0
10/01/1999,23.5,26.63,26.25,21.74,0.0
07/01/1999,24.41,27.43,25.94,21.43,0.0
04/01/1999,26.14,27.45,25.43,20.98,0.0
01/01/1999,28.68,27.55,24.86,20.45,0.0
10/01/1998,29.95,28.21,24.48,20.02,0.0
07/01/1998,29.75,27.87,23.75,19.33,0.0
04/01/1998,30.44,28.42,23.2,18.78,0.0
01/01/1998,28.77,27.88,22.19,17.94,0.0
10/01/1997,26.42,26.85,20.88,16.92,0.0
07/01/1997,26.47,26.72,20.04,16.27,0.0
04/01/1997,25.98,25.87,19.29,15.65,0.0
01/01/1997,26.4,24.45,18.44,15.01,0.0
10/01/1996,26.99,23.42,17.75,14.51,0.0
07/01/1996,27.28,22.18,16.91,13.99,0.0
04/01/1996,26.98,20.74,15.92,13.42,0.0
01/01/1996,25.76,19.64,15.06,12.92,0.0
10/01/1995,22.5,17.97,13.96,12.22,0.0
07/01/1995,19.84,16.5,12.98,11.66,0.0
04/01/1995,17.08,14.91,11.96,11.07,0.0
01/01/1995,14.51,13.36,11.05,10.47,0.0
10/01/1994,13.51,12.71,10.54,0.0,0.0
07/01/1994,13.45,12.42,10.29,0.0,0.0
04/01/1994,13.16,12.08,10.05,0.0,0.0
01/01/1994,12.74,11.63,9.9,0.0,0.0
10/01/1993,12.21,11.11,9.76,0.0,0.0
07/01/1993,11.92,10.49,9.56,0.0,0.0
04/01/1993,11.39,9.96,9.35,0.0,0.0
01/01/1993,10.99,9.46,9.24,0.0,0.0
10/01/1992,10.52,9.01,9.15,0.0,0.0
07/01/1992,10.01,8.74,9.02,0.0,0.0
04/01/1992,9.07,8.37,0.0,0.0,0.0
01/01/1992,8.52,8.16,0.0,0.0,0.0
10/01/1991,7.92,8.03,0.0,0.0,0.0
07/01/1991,7.5,8.17,0.0,0.0,0.0
04/01/1991,7.48,8.41,0.0,0.0,0.0
01/01/1991,7.68,8.63,0.0,0.0,0.0
10/01/1990,7.8,8.75,0.0,0.0,0.0
07/01/1990,8.14,9.02,0.0,0.0,0.0
04/01/1990,8.83,9.29,0.0,0.0,0.0
01/01/1990,9.33,9.3,0.0,0.0,0.0
10/01/1989,9.57,0.0,0.0,0.0,0.0
07/01/1989,9.69,0.0,0.0,0.0,0.0
04/01/1989,9.91,0.0,0.0,0.0,0.0
01/01/1989,9.76,0.0,0.0,0.0,0.0
10/01/1988,9.26,0.0,0.0,0.0,0.0
07/01/1988,0.0,0.0,0.0,0.0,0.0
04/01/1988,0.0,0.0,0.0,0.0,0.0
01/01/1988,0.0,0.0,0.0,0.0,0.0
12/01/1987,0.0,0.0,0.0,0.0,0.0
