10/01/2022,26.19,26.49,29.27,29.39,26.19
07/01/2022,26.4,27.21,29.54,29.42,26.29
04/01/2022,26.76,27.94,29.85,29.49,26.54
01/01/2022,26.82,28.47,30.05,29.43,26.78
10/01/2021,26.63,29.08,30.2,29.35,27.13
07/01/2021,26.78,29.74,30.42,29.36,27.52
04/01/2021,28.02,30.41,30.63,29.37,27.88
01/01/2021,29.12,30.79,30.78,29.27,28.22
10/01/2020,30.13,31.22,30.8,29.08,28.54
07/01/2020,31.52,31.64,30.82,28.94,28.77
04/01/2020,32.7,32.05,30.85,28.8,29.16
01/01/2020,32.8,31.88,30.52,28.25,29.45
10/01/2019,32.46,31.75,30.26,27.68,29.71
07/01/2019,32.31,31.62,29.91,27.23,30.02
04/01/2019,31.76,31.32,29.48,26.7,30.18
01/01/2019,31.39,31.09,29.17,26.18,30.31
10/01/2018,30.96,30.85,28.85,25.72,30.52
07/01/2018,31.03,30.76,28.52,25.58,30.69
04/01/2018,30.94,30.37,28.01,25.37,30.76
01/01/2018,30.88,29.99,27.59,25.18,30.85
10/01/2017,30.79,29.65,27.18,25.01,30.91
07/01/2017,30.74,29.17,26.44,24.82,30.95
04/01/2017,30.48,28.78,25.65,24.84,30.99
01/01/2017,29.81,28.19,25.03,24.65,31.06
10/01/2016,29.11,27.64,24.4,24.61,31.14
07/01/2016,28.51,27.25,23.72,24.15,31.21
04/01/2016,27.6,26.85,23.15,23.56,31.25
01/01/2016,27.08,26.27,22.99,23.04,31.41
10/01/2015,26.57,25.64,22.88,23.02,31.49
07/01/2015,26.17,25.18,22.77,23.0,31.53
04/01/2015,25.98,24.7,22.68,22.99,31.56
01/01/2015,26.11,23.72,22.64,23.16,31.56
10/01/2014,25.46,22.52,22.87,23.6,31.7
07/01/2014,24.71,21.86,22.88,24.13,31.87
04/01/2014,24.19,21.15,23.1,24.91,32.19
01/01/2014,23.42,20.19,22.6,25.68,32.77
10/01/2013,21.32,19.45,21.92,26.4,33.24
07/01/2013,19.57,19.71,21.43,27.16,33.78
04/01/2013,19.02,20.11,21.71,28.0,34.49
01/01/2013,18.12,20.35,21.91,28.61,35.36
10/01/2012,16.96,20.67,22.13,29.51,36.34
07/01/2012,17.58,21.57,22.89,30.64,37.41
04/01/2012,19.84,23.22,24.14,31.74,38.42
01/01/2012,21.21,23.9,25.26,32.82,39.36
10/01/2011,22.59,25.05,26.79,33.66,40.25
07/01/2011,24.38,25.01,28.43,34.44,41.25
04/01/2011,25.55,24.38,29.87,35.32,42.12
01/01/2011,26.61,23.15,30.89,35.8,42.84
10/01/2010,26.59,23.31,31.94,36.15,43.55
07/01/2010,27.5,23.46,32.73,36.53,44.2
04/01/2010,25.63,23.6,33.93,36.81,44.82
01/01/2010,23.22,24.2,35.18,37.08,45.41
10/01/2009,19.69,25.05,36.0,37.14,45.88
07/01/2009,20.02,26.62,37.28,37.46,46.34
04/01/2009,19.42,28.53,37.97,37.66,46.8
01/01/2009,21.56,31.85,39.16,38.27,47.49
10/01/2008,25.19,35.35,40.78,38.93,48.25
07/01/2008,30.41,38.63,42.13,39.78,49.01
04/01/2008,33.22,40.57,42.58,39.97,49.54
01/01/2008,37.64,42.0,43.06,40.07,49.92
10/01/2007,42.14,44.27,43.42,40.12,50.4
07/01/2007,45.51,46.15,43.52,39.96,50.71
04/01/2007,46.85,46.96,43.19,39.8,50.87
01/01/2007,47.92,47.93,42.88,39.61,50.9
10/01/2006,46.36,47.41,42.22,39.47,50.81
07/01/2006,46.41,46.47,41.48,39.87,50.94
04/01/2006,46.79,46.21,40.72,40.07,50.97
01/01/2006,47.07,45.62,40.36,40.4,50.97
10/01/2005,47.94,44.58,39.66,40.98,50.84
07/01/2005,48.46,44.12,39.11,42.11,50.71
04/01/2005,46.54,42.56,38.05,43.16,50.44
01/01/2005,45.63,40.89,36.86,44.18,50.21
10/01/2004,44.18,39.42,36.22,45.1,50.02
07/01/2004,41.22,37.83,35.45,45.89,49.81
04/01/2004,39.79,37.04,35.51,46.83,49.75
01/01/2004,38.59,36.5,36.57,48.06,49.67
10/01/2003,36.14,35.23,37.01,48.92,49.49
07/01/2003,34.67,35.09,37.79,49.88,49.38
04/01/2003,34.44,34.74,39.19,50.94,49.38
01/01/2003,34.28,34.09,41.11,51.88,49.35
10/01/2002,34.4,33.54,43.46,52.83,49.34
07/01/2002,34.32,32.84,45.82,53.73,49.33
04/01/2002,35.5,33.02,47.95,54.61,0.0
01/01/2002,35.05,33.08,49.93,55.22,0.0
10/01/2001,33.9,33.98,51.73,55.95,0.0
07/01/2001,32.67,36.64,53.84,56.71,0.0
04/01/2001,31.36,38.78,55.77,57.58,0.0
01/01/2001,30.53,40.49,57.27,58.25,0.0
10/01/2000,31.1,43.63,59.04,59.11,0.0
07/01/2000,34.06,48.13,60.78,59.77,0.0
04/01/2000,40.6,53.38,62.48,60.68,0.0
01/01/2000,46.2,58.8,64.18,61.47,0.0
10/01/1999,50.45,62.87,65.41,61.94,0.0
07/01/1999,56.15,66.77,66.29,62.19,0.0
04/01/1999,62.2,69.47,66.94,62.14,0.0
01/01/1999,66.15,71.05,66.75,62.02,0.0
10/01/1998,71.4,72.75,66.98,61.87,0.0
07/01/1998,75.3,74.05,67.13,61.53,0.0
04/01/1998,77.4,74.45,66.85,60.7,0.0
01/01/1998,76.75,73.43,65.59,59.31,0.0
10/01/1997,75.95,71.58,64.34,57.73,0.0
07/01/1997,74.1,69.55,62.8,56.25,0.0
04/01/1997,72.8,67.95,61.48,54.93,0.0
01/01/1997,71.5,65.8,59.9,53.72,0.0
10/01/1996,70.1,64.4,58.48,52.67,0.0
07/01/1996,67.2,62.45,57.5,51.28,0.0
04/01/1996,65.0,61.2,56.43,50.05,0.0
01/01/1996,63.1,60.2,55.28,48.88,0.0
10/01/1995,60.1,59.25,53.83,47.82,0.0
07/01/1995,58.7,57.75,52.25,46.82,0.0
04/01/1995,57.7,57.1,50.8,45.85,0.0
01/01/1995,57.4,56.05,49.6,44.93,0.0
10/01/1994,57.3,55.0,48.43,0.0,0.0
07/01/1994,58.4,54.0,47.68,0.0,0.0
04/01/1994,56.8,52.55,46.8,0.0,0.0
01/01/1994,56.5,52.55,45.7,0.0,0.0
10/01/1993,54.7,51.65,44.48,0.0,0.0
07/01/1993,52.7,50.35,43.23,0.0,0.0
04/01/1993,49.6,48.4,42.1,0.0,0.0
01/01/1993,48.3,46.75,41.35,0.0,0.0
10/01/1992,48.6,44.5,40.23,0.0,0.0
07/01/1992,48.6,43.15,39.38,0.0,0.0
04/01/1992,48.0,41.85,0.0,0.0,0.0
01/01/1992,47.2,41.35,0.0,0.0,0.0
10/01/1991,45.2,41.05,0.0,0.0,0.0
07/01/1991,40.4,38.85,0.0,0.0,0.0
04/01/1991,37.7,37.3,0.0,0.0,0.0
01/01/1991,35.7,36.1,0.0,0.0,0.0
10/01/1990,35.5,35.8,0.0,0.0,0.0
07/01/1990,36.9,35.95,0.0,0.0,0.0
04/01/1990,37.3,35.95,0.0,0.0,0.0
01/01/1990,36.9,35.6,0.0,0.0,0.0
10/01/1989,36.5,0.0,0.0,0.0,0.0
07/01/1989,36.1,0.0,0.0,0.0,0.0
04/01/1989,35.0,0.0,0.0,0.0,0.0
01/01/1989,34.6,0.0,0.0,0.0,0.0
10/01/1988,34.3,0.0,0.0,0.0,0.0
07/01/1988,0.0,0.0,0.0,0.0,0.0
04/01/1988,0.0,0.0,0.0,0.0,0.0
01/01/1988,0.0,0.0,0.0,0.0,0.0
10/01/1987,0.0,0.0,0.0,0.0,0.0
