10/01/2022,58.97,49.1,33.17,24.5,0.0
07/01/2022,60.87,46.96,31.16,23.14,0.0
04/01/2022,60.57,44.07,29.06,21.74,0.0
01/01/2022,56.63,40.55,26.61,20.06,0.0
10/01/2021,48.9,35.25,23.57,17.95,0.0
07/01/2021,39.24,29.6,20.28,15.72,0.0
04/01/2021,33.05,25.43,17.73,13.92,0.0
01/01/2021,27.57,22.08,15.66,12.46,0.0
10/01/2020,24.46,20.24,14.12,11.37,0.0
07/01/2020,21.59,18.51,12.95,10.49,0.0
04/01/2020,19.95,17.23,12.2,9.86,0.0
01/01/2020,17.82,15.36,11.24,9.09,0.0
10/01/2019,16.59,14.05,10.58,8.58,0.0
07/01/2019,16.01,12.66,9.81,8.02,0.0
04/01/2019,15.44,11.9,9.3,7.69,0.0
01/01/2019,14.51,10.96,8.78,7.32,0.0
10/01/2018,12.9,10.02,8.16,6.88,0.0
07/01/2018,11.51,9.24,7.65,6.59,0.0
04/01/2018,9.32,8.01,6.93,6.12,0.0
01/01/2018,8.36,7.39,6.48,5.81,0.0
10/01/2017,7.42,7.16,6.18,5.54,0.0
07/01/2017,7.15,7.12,5.96,5.3,0.0
04/01/2017,6.98,7.1,5.84,5.12,0.0
01/01/2017,6.7,6.96,5.7,4.93,0.0
10/01/2016,6.42,6.7,5.59,0.0,0.0
07/01/2016,6.91,6.6,5.51,0.0,0.0
04/01/2016,7.09,6.3,5.3,0.0,0.0
01/01/2016,7.22,6.06,5.26,0.0,0.0
10/01/2015,7.22,5.85,5.18,0.0,0.0
07/01/2015,6.99,5.57,5.03,0.0,0.0
04/01/2015,6.29,5.2,4.73,0.0,0.0
01/01/2015,5.52,4.79,4.39,0.0,0.0
10/01/2014,4.89,4.58,4.13,0.0,0.0
07/01/2014,4.47,4.43,3.91,0.0,0.0
04/01/2014,4.16,4.47,0.0,0.0,0.0
01/01/2014,4.1,4.41,0.0,0.0,0.0
10/01/2013,4.06,4.3,0.0,0.0,0.0
07/01/2013,4.26,4.47,0.0,0.0,0.0
04/01/2013,4.38,4.5,0.0,0.0,0.0
01/01/2013,4.79,4.48,0.0,0.0,0.0
10/01/2012,4.71,4.25,0.0,0.0,0.0
07/01/2012,4.54,4.0,0.0,0.0,0.0
04/01/2012,4.67,3.69,0.0,0.0,0.0
01/01/2012,4.63,3.4,0.0,0.0,0.0
10/01/2011,4.17,0.0,0.0,0.0,0.0
07/01/2011,3.79,0.0,0.0,0.0,0.0
04/01/2011,3.45,0.0,0.0,0.0,0.0
01/01/2011,2.71,0.0,0.0,0.0,0.0
10/01/2010,2.18,0.0,0.0,0.0,0.0
07/01/2010,0.0,0.0,0.0,0.0,0.0
04/01/2010,0.0,0.0,0.0,0.0,0.0
01/01/2010,0.0,0.0,0.0,0.0,0.0
12/01/2009,0.0,0.0,0.0,0.0,0.0
