10/01/2022,46.73,45.5,42.07,38.09,29.79
07/01/2022,46.48,44.33,41.68,37.32,29.32
04/01/2022,47.22,43.28,41.46,36.81,28.95
01/01/2022,46.97,42.9,40.74,36.2,28.55
10/01/2021,46.59,42.0,39.84,35.43,28.11
07/01/2021,44.27,41.54,39.02,34.62,27.62
04/01/2021,42.19,41.05,37.92,33.71,27.08
01/01/2021,39.34,39.98,36.98,33.03,26.57
10/01/2020,38.83,39.1,35.98,32.42,26.16
07/01/2020,37.41,38.46,34.92,31.68,25.73
04/01/2020,38.8,38.64,34.38,31.22,25.47
01/01/2020,39.92,39.02,33.82,30.63,25.16
10/01/2019,40.62,39.64,33.58,30.27,24.91
07/01/2019,39.37,38.57,32.85,29.58,24.48
04/01/2019,39.52,37.67,32.14,29.1,24.07
01/01/2019,38.48,36.5,31.16,28.29,23.58
10/01/2018,38.12,34.79,30.04,27.4,23.11
07/01/2018,38.66,33.98,29.55,27.02,22.74
04/01/2018,37.78,32.87,29.08,26.81,22.4
01/01/2018,35.83,31.38,28.29,26.46,21.98
10/01/2017,34.52,30.12,27.51,25.92,21.54
07/01/2017,31.45,28.62,26.43,25.17,20.97
04/01/2017,29.31,27.52,25.59,24.59,20.47
01/01/2017,27.95,27.13,25.09,24.21,20.12
10/01/2016,26.94,26.61,24.82,23.75,19.84
07/01/2016,25.72,25.83,24.19,23.15,19.5
04/01/2016,25.78,25.29,23.71,22.63,19.2
01/01/2016,25.72,25.12,23.54,22.14,18.92
10/01/2015,26.3,25.3,23.79,21.92,18.68
07/01/2015,26.29,25.2,24.0,21.69,18.44
04/01/2015,25.93,24.9,23.81,21.49,18.16
01/01/2015,24.79,24.25,23.44,21.32,17.9
10/01/2014,24.52,23.67,23.13,21.09,17.71
07/01/2014,24.29,23.05,22.75,20.89,17.58
04/01/2014,24.11,23.02,22.31,20.79,17.35
01/01/2014,23.86,22.55,21.82,20.61,17.11
10/01/2013,23.7,22.13,21.3,20.46,16.93
07/01/2013,22.81,21.96,20.66,20.12,16.69
04/01/2013,21.82,22.28,20.23,19.91,16.4
01/01/2013,21.94,22.81,19.93,19.77,16.17
10/01/2012,21.24,22.73,19.79,19.71,15.9
07/01/2012,20.56,22.64,19.86,19.68,15.63
04/01/2012,21.1,22.59,19.8,19.55,15.36
01/01/2012,22.75,22.45,19.82,19.38,15.07
10/01/2011,23.68,21.6,19.68,19.03,14.74
07/01/2011,24.22,21.08,19.64,18.87,14.49
04/01/2011,24.72,20.48,19.63,18.82,14.26
01/01/2011,24.08,19.35,19.2,18.47,13.92
10/01/2010,22.16,18.17,18.72,17.98,13.49
07/01/2010,19.53,17.05,18.25,17.5,13.16
04/01/2010,17.93,16.84,18.21,17.16,12.91
01/01/2010,16.24,17.08,18.21,16.78,12.67
10/01/2009,14.62,17.01,18.04,16.35,12.42
07/01/2009,14.19,17.18,17.84,16.03,12.17
04/01/2009,14.58,17.75,17.75,15.93,11.98
01/01/2009,15.75,18.2,17.76,15.84,11.8
10/01/2008,17.92,18.78,17.99,15.77,11.69
07/01/2008,19.39,19.05,18.03,15.7,11.56
04/01/2008,20.17,19.26,17.88,15.45,11.37
01/01/2008,20.92,19.45,17.72,15.2,11.17
10/01/2007,20.65,19.57,17.32,14.84,10.92
07/01/2007,19.63,19.33,16.63,14.49,10.65
04/01/2007,18.71,19.06,16.02,14.33,10.4
01/01/2007,18.35,18.5,15.46,14.26,10.12
10/01/2006,17.97,17.75,15.02,13.91,9.85
07/01/2006,18.49,17.33,14.67,13.61,9.61
04/01/2006,19.04,17.2,14.26,13.41,9.4
01/01/2006,19.41,17.0,14.02,13.26,0.0
10/01/2005,18.65,16.5,13.54,12.9,0.0
07/01/2005,17.52,15.99,13.07,12.58,0.0
04/01/2005,16.17,15.07,12.47,12.09,0.0
01/01/2005,15.35,13.92,12.06,11.58,0.0
10/01/2004,14.58,12.98,11.97,11.17,0.0
07/01/2004,14.35,12.41,12.14,10.77,0.0
04/01/2004,14.47,12.29,12.0,10.45,0.0
01/01/2004,13.97,12.0,11.75,10.11,0.0
10/01/2003,12.5,11.33,11.51,9.7,0.0
07/01/2003,11.38,11.05,11.39,9.37,0.0
04/01/2003,10.47,10.57,11.11,9.0,0.0
01/01/2003,10.12,10.15,10.87,8.81,0.0
10/01/2002,10.03,9.87,10.6,8.66,0.0
07/01/2002,10.17,10.2,10.41,8.57,0.0
04/01/2002,10.72,10.95,10.26,8.49,0.0
01/01/2002,10.68,11.86,9.94,8.3,0.0
10/01/2001,10.19,11.7,9.52,8.02,0.0
07/01/2001,9.7,11.49,9.17,7.75,0.0
04/01/2001,10.23,11.69,8.88,7.61,0.0
01/01/2001,11.19,11.74,8.52,7.41,0.0
10/01/2000,13.04,11.64,8.21,7.3,0.0
07/01/2000,13.21,11.58,8.14,7.15,0.0
04/01/2000,13.28,11.34,8.06,7.01,0.0
01/01/2000,13.16,10.63,7.75,6.82,0.0
10/01/1999,12.29,9.56,7.26,6.47,0.0
07/01/1999,10.23,8.03,6.52,5.99,0.0
04/01/1999,9.96,7.35,6.18,5.78,0.0
01/01/1999,9.41,6.85,5.88,5.62,0.0
10/01/1998,8.09,6.07,5.57,5.39,0.0
07/01/1998,6.84,5.31,5.25,0.0,0.0
04/01/1998,5.82,4.78,5.13,0.0,0.0
01/01/1998,4.74,4.7,4.93,0.0,0.0
10/01/1997,4.29,4.78,4.84,0.0,0.0
07/01/1997,4.04,4.87,4.92,0.0,0.0
04/01/1997,3.78,4.96,4.93,0.0,0.0
01/01/1997,3.73,5.02,4.97,0.0,0.0
10/01/1996,4.66,5.01,4.99,0.0,0.0
07/01/1996,5.26,4.91,5.0,0.0,0.0
04/01/1996,5.7,5.07,5.05,0.0,0.0
01/01/1996,6.13,5.19,0.0,0.0,0.0
10/01/1995,6.3,5.48,0.0,0.0,0.0
07/01/1995,5.37,5.16,0.0,0.0,0.0
04/01/1995,4.56,4.9,0.0,0.0,0.0
01/01/1995,4.43,4.96,0.0,0.0,0.0
10/01/1994,4.24,4.9,0.0,0.0,0.0
07/01/1994,4.66,4.92,0.0,0.0,0.0
04/01/1994,4.95,4.97,0.0,0.0,0.0
01/01/1994,5.23,5.09,0.0,0.0,0.0
10/01/1993,5.49,5.04,0.0,0.0,0.0
07/01/1993,5.56,0.0,0.0,0.0,0.0
04/01/1993,5.17,0.0,0.0,0.0,0.0
01/01/1993,5.0,0.0,0.0,0.0,0.0
10/01/1992,4.94,0.0,0.0,0.0,0.0
07/01/1992,4.59,0.0,0.0,0.0,0.0
04/01/1992,0.0,0.0,0.0,0.0,0.0
01/01/1992,0.0,0.0,0.0,0.0,0.0
10/01/1991,0.0,0.0,0.0,0.0,0.0
09/01/1991,0.0,0.0,0.0,0.0,0.0
