10/01/2022,2.15,2.97,5.99,38.7,395.42
07/01/2022,3.0,3.08,7.06,51.35,411.57
04/01/2022,3.92,3.01,7.93,65.29,435.08
01/01/2022,4.3,2.99,9.55,77.69,464.21
10/01/2021,4.35,3.02,11.53,93.75,492.18
07/01/2021,3.79,2.95,13.62,114.55,522.94
04/01/2021,3.17,2.8,20.87,144.65,545.29
01/01/2021,2.1,2.52,24.66,181.24,571.25
10/01/2020,1.68,3.51,30.96,205.91,600.72
07/01/2020,1.7,6.77,41.74,232.63,619.01
04/01/2020,2.11,9.0,56.57,263.98,637.22
01/01/2020,2.44,11.04,75.48,287.12,653.96
10/01/2019,2.94,12.86,96.43,314.02,673.44
07/01/2019,5.35,16.11,115.04,335.56,694.18
04/01/2019,11.84,20.03,139.12,361.94,708.61
01/01/2019,15.9,24.28,170.34,389.83,733.65
10/01/2018,19.64,38.93,215.57,414.11,778.22
07/01/2018,22.79,46.79,270.6,452.33,806.73
04/01/2018,26.87,58.41,307.11,491.94,834.57
01/01/2018,28.23,76.71,345.56,528.7,864.35
10/01/2017,32.67,104.13,391.47,560.44,887.42
07/01/2017,58.23,139.91,425.16,589.17,927.32
04/01/2017,70.8,180.0,464.6,615.27,960.33
01/01/2017,89.96,213.98,495.29,640.39,997.1
10/01/2016,125.2,258.2,532.9,655.67,1034.73
07/01/2016,175.6,316.4,572.6,665.13,1102.63
04/01/2016,221.6,392.2,601.7,672.27,1129.23
01/01/2016,289.2,494.4,655.1,683.53,0.0
10/01/2015,338.0,555.8,708.7,707.53,0.0
07/01/2015,391.2,614.4,754.7,733.0,0.0
04/01/2015,457.2,678.8,788.6,752.13,0.0
01/01/2015,562.8,710.4,813.8,771.8,0.0
10/01/2014,699.6,749.2,832.9,804.87,0.0
07/01/2014,773.6,776.6,853.6,850.73,0.0
04/01/2014,837.6,807.6,854.4,890.6,0.0
01/01/2014,900.4,828.8,839.5,931.33,0.0
10/01/2013,858.0,811.2,812.3,945.93,0.0
07/01/2013,798.8,815.8,778.1,961.27,0.0
04/01/2013,779.6,861.6,783.4,995.53,0.0
01/01/2013,777.6,895.0,792.3,1005.4,0.0
10/01/2012,757.2,898.4,788.8,1010.47,0.0
07/01/2012,764.4,917.2,802.5,1020.8,0.0
04/01/2012,832.8,916.6,832.7,1032.87,0.0
01/01/2012,943.6,930.6,887.8,1052.8,0.0
10/01/2011,1012.4,901.2,932.1,1055.27,0.0
07/01/2011,1039.6,850.2,982.6,1077.47,0.0
04/01/2011,1070.0,813.4,1013.3,1142.33,0.0
01/01/2011,1000.4,740.4,1034.0,1161.13,0.0
10/01/2010,917.6,705.2,1062.5,1177.2,0.0
07/01/2010,790.0,689.6,1060.6,1200.0,0.0
04/01/2010,660.8,679.2,1066.5,1214.4,0.0
01/01/2010,556.8,687.8,1072.6,1265.47,0.0
10/01/2009,480.4,748.8,1091.0,1305.4,0.0
07/01/2009,492.8,845.0,1113.9,1353.8,0.0
04/01/2009,589.2,963.0,1132.3,1413.8,0.0
01/01/2009,697.6,1115.0,1191.1,1540.13,0.0
10/01/2008,818.8,1213.2,1306.8,1586.2,0.0
07/01/2008,1017.2,1327.6,1371.5,0.0,0.0
04/01/2008,1197.2,1419.8,1413.2,0.0,0.0
01/01/2008,1336.8,1431.6,1455.2,0.0,0.0
10/01/2007,1532.4,1453.8,1482.0,0.0,0.0
07/01/2007,1607.6,1457.4,1554.3,0.0,0.0
04/01/2007,1638.0,1433.2,1583.7,0.0,0.0
01/01/2007,1642.4,1382.8,1608.2,0.0,0.0
10/01/2006,1526.4,1301.6,1639.2,0.0,0.0
07/01/2006,1375.2,1267.2,1752.7,0.0,0.0
04/01/2006,1307.2,1400.4,1772.7,0.0,0.0
01/01/2006,1228.4,1415.4,0.0,0.0,0.0
10/01/2005,1123.2,1406.6,0.0,0.0,0.0
07/01/2005,1076.8,1478.8,0.0,0.0,0.0
04/01/2005,1159.2,1510.2,0.0,0.0,0.0
01/01/2005,1493.6,1651.2,0.0,0.0,0.0
10/01/2004,1602.4,1734.2,0.0,0.0,0.0
07/01/2004,1690.0,1833.6,0.0,0.0,0.0
04/01/2004,1880.8,1976.8,0.0,0.0,0.0
01/01/2004,1861.2,2238.2,0.0,0.0,0.0
10/01/2003,1808.8,2145.0,0.0,0.0,0.0
07/01/2003,1866.0,0.0,0.0,0.0,0.0
04/01/2003,1977.2,0.0,0.0,0.0,0.0
01/01/2003,2072.8,0.0,0.0,0.0,0.0
10/01/2002,2615.2,0.0,0.0,0.0,0.0
07/01/2002,2481.2,0.0,0.0,0.0,0.0
04/01/2002,0.0,0.0,0.0,0.0,0.0
01/01/2002,0.0,0.0,0.0,0.0,0.0
10/01/2001,0.0,0.0,0.0,0.0,0.0
07/01/2001,0.0,0.0,0.0,0.0,0.0
