10/01/2022,323.63,314.56,263.93,215.82,136.73
07/01/2022,333.68,316.32,258.09,210.31,132.62
04/01/2022,340.49,314.85,251.06,204.73,128.46
01/01/2022,331.99,306.94,241.8,197.75,123.69
10/01/2021,319.59,296.65,230.61,189.98,118.44
07/01/2021,305.49,280.23,216.32,180.42,112.42
04/01/2021,298.96,267.14,205.4,172.43,107.32
01/01/2021,289.21,251.46,194.86,164.8,102.44
10/01/2020,281.9,239.77,186.0,158.23,98.2
07/01/2020,273.7,228.07,177.14,151.3,93.8
04/01/2020,254.97,213.31,166.46,143.08,88.75
01/01/2020,235.32,199.85,157.31,135.52,84.01
10/01/2019,213.71,187.26,149.66,128.62,79.66
07/01/2019,197.63,176.65,143.15,122.49,75.8
04/01/2019,182.43,164.57,136.64,116.14,71.9
01/01/2019,171.64,152.42,130.51,110.08,68.22
10/01/2018,164.38,143.67,125.08,104.57,64.96
07/01/2018,160.82,138.27,121.48,100.45,62.33
04/01/2018,155.67,132.23,117.47,96.42,59.7
01/01/2018,146.72,126.22,112.92,92.28,57.0
10/01/2017,133.19,119.6,107.97,87.92,54.17
07/01/2017,122.95,114.76,103.35,83.61,51.46
04/01/2017,115.73,112.07,99.3,80.01,49.07
01/01/2017,108.78,109.65,95.4,76.66,46.85
10/01/2016,105.72,108.71,91.92,73.54,44.9
07/01/2016,106.02,108.61,88.91,70.92,43.39
04/01/2016,106.58,106.49,85.03,67.96,41.75
01/01/2016,108.41,104.68,81.54,64.9,40.34
10/01/2015,110.53,102.71,78.51,62.43,38.94
07/01/2015,111.69,99.62,75.31,60.13,37.87
04/01/2015,111.21,96.34,72.09,57.63,36.82
01/01/2015,106.4,91.94,68.04,54.92,35.77
10/01/2014,100.95,86.52,63.99,52.2,34.56
07/01/2014,94.89,81.15,60.16,49.62,33.02
04/01/2014,87.54,75.14,55.96,46.91,31.35
01/01/2014,81.48,69.21,52.07,44.42,0.0
10/01/2013,77.48,63.56,48.69,42.2,0.0
07/01/2013,72.09,58.4,45.02,40.07,0.0
04/01/2013,67.41,54.32,42.29,38.17,0.0
01/01/2013,62.75,51.0,40.38,36.3,0.0
10/01/2012,56.94,47.83,38.27,34.41,0.0
07/01/2012,49.64,44.13,36.41,32.5,0.0
04/01/2012,44.7,41.45,35.03,30.71,0.0
01/01/2012,41.22,39.16,33.86,29.11,0.0
10/01/2011,39.25,36.78,32.8,27.65,0.0
07/01/2011,38.72,34.94,32.02,26.37,0.0
04/01/2011,38.62,33.82,31.52,25.35,0.0
01/01/2011,38.2,31.64,30.91,24.2,0.0
10/01/2010,37.1,30.25,30.1,22.98,0.0
07/01/2010,34.31,29.76,28.95,21.72,0.0
04/01/2010,31.16,28.71,27.71,20.42,0.0
01/01/2010,29.02,28.7,26.68,19.3,0.0
10/01/2009,25.07,28.62,25.33,18.13,0.0
07/01/2009,23.41,28.56,24.09,17.04,0.0
04/01/2009,25.21,28.81,23.09,16.25,0.0
01/01/2009,26.27,29.11,22.08,15.87,0.0
10/01/2008,28.37,29.21,21.11,15.54,0.0
07/01/2008,32.17,30.19,20.48,15.78,0.0
04/01/2008,33.71,29.95,19.35,15.45,0.0
01/01/2008,32.42,28.14,17.7,15.62,0.0
10/01/2007,31.95,26.7,16.27,16.02,0.0
07/01/2007,30.05,24.66,14.6,16.62,0.0
04/01/2007,28.22,22.05,12.89,16.91,0.0
01/01/2007,26.19,19.62,11.28,16.42,0.0
10/01/2006,23.86,17.36,9.97,15.8,0.0
07/01/2006,21.44,15.06,9.25,0.0,0.0
04/01/2006,19.28,13.01,8.7,0.0,0.0
01/01/2006,15.88,10.78,8.58,0.0,0.0
10/01/2005,13.05,8.75,8.2,0.0,0.0
07/01/2005,10.87,7.26,9.36,0.0,0.0
04/01/2005,8.67,5.85,10.68,0.0,0.0
01/01/2005,6.75,4.54,12.6,0.0,0.0
10/01/2004,5.67,3.74,14.35,0.0,0.0
07/01/2004,4.45,2.95,14.82,0.0,0.0
04/01/2004,3.65,2.58,15.01,0.0,0.0
01/01/2004,3.02,3.43,0.0,0.0,0.0
10/01/2003,2.33,4.38,0.0,0.0,0.0
07/01/2003,1.8,6.38,0.0,0.0,0.0
04/01/2003,1.45,7.65,0.0,0.0,0.0
01/01/2003,1.5,11.45,0.0,0.0,0.0
10/01/2002,3.84,15.51,0.0,0.0,0.0
07/01/2002,6.43,20.67,0.0,0.0,0.0
04/01/2002,10.96,24.96,0.0,0.0,0.0
01/01/2002,13.84,26.69,0.0,0.0,0.0
10/01/2001,21.4,27.45,0.0,0.0,0.0
07/01/2001,27.18,0.0,0.0,0.0,0.0
04/01/2001,34.9,0.0,0.0,0.0,0.0
01/01/2001,38.95,0.0,0.0,0.0,0.0
10/01/2000,39.54,0.0,0.0,0.0,0.0
07/01/2000,33.5,0.0,0.0,0.0,0.0
04/01/2000,0.0,0.0,0.0,0.0,0.0
01/01/2000,0.0,0.0,0.0,0.0,0.0
10/01/1999,0.0,0.0,0.0,0.0,0.0
07/01/1999,0.0,0.0,0.0,0.0,0.0
