10/01/2022,7.9,29.93,72.18,90.24,111.21
07/01/2022,14.04,39.27,78.23,96.63,115.52
04/01/2022,21.69,44.05,84.88,101.45,120.82
01/01/2022,34.08,51.93,93.48,106.54,126.39
10/01/2021,45.4,59.57,99.02,111.02,129.86
07/01/2021,51.96,70.17,102.83,114.65,132.44
04/01/2021,64.5,84.93,105.89,117.64,135.4
01/01/2021,66.42,91.86,109.19,119.79,137.91
10/01/2020,69.78,98.82,111.92,121.35,140.72
07/01/2020,73.74,106.05,114.59,122.92,143.2
04/01/2020,88.38,114.42,120.39,125.04,146.38
01/01/2020,105.36,117.18,125.31,126.13,147.92
10/01/2019,117.3,125.7,130.16,128.6,152.22
07/01/2019,127.86,135.03,133.85,129.62,156.09
04/01/2019,138.36,138.48,136.74,130.47,158.68
01/01/2019,140.46,135.48,136.89,130.66,161.92
10/01/2018,129.0,126.84,134.0,127.94,164.59
07/01/2018,134.1,126.51,133.76,126.95,168.22
04/01/2018,142.2,125.01,132.62,125.31,170.47
01/01/2018,138.6,123.12,131.36,123.38,174.81
10/01/2017,130.5,126.36,130.35,121.41,177.01
07/01/2017,124.68,133.44,130.61,120.24,0.0
04/01/2017,118.92,134.61,130.05,120.02,0.0
01/01/2017,107.82,132.66,126.92,118.01,0.0
10/01/2016,107.64,135.0,126.47,118.36,0.0
07/01/2016,122.22,138.3,128.25,119.4,0.0
04/01/2016,142.2,141.15,128.49,119.12,0.0
01/01/2016,150.3,141.0,127.17,118.29,0.0
10/01/2015,157.5,140.22,125.46,123.64,0.0
07/01/2015,162.36,139.59,123.51,128.42,0.0
04/01/2015,154.38,134.34,118.94,132.19,0.0
01/01/2015,140.1,127.77,113.64,134.41,0.0
10/01/2014,131.7,125.49,112.73,140.19,0.0
07/01/2014,122.94,121.17,110.69,146.24,0.0
04/01/2014,116.82,117.93,110.04,148.71,0.0
01/01/2014,114.3,118.2,109.95,150.22,0.0
10/01/2013,115.44,115.83,108.11,153.16,0.0
07/01/2013,119.28,113.34,106.94,156.02,0.0
04/01/2013,119.4,110.7,115.35,160.09,0.0
01/01/2013,119.04,107.43,122.84,163.48,0.0
10/01/2012,122.1,103.53,131.12,167.72,0.0
07/01/2012,116.22,99.51,137.73,169.71,0.0
04/01/2012,107.4,99.96,147.54,175.84,0.0
01/01/2012,102.0,100.2,158.78,182.56,0.0
10/01/2011,95.82,102.15,164.1,186.88,0.0
07/01/2011,84.96,101.7,166.23,193.17,0.0
04/01/2011,82.8,100.38,171.83,201.23,0.0
01/01/2011,92.52,100.53,177.36,209.48,0.0
10/01/2010,98.4,120.0,184.79,215.62,0.0
07/01/2010,108.48,138.24,191.51,226.24,0.0
04/01/2010,118.44,158.7,199.82,232.6,0.0
01/01/2010,117.96,175.95,204.81,0.0,0.0
10/01/2009,108.54,195.12,213.78,0.0,0.0
07/01/2009,141.6,217.35,223.74,0.0,0.0
04/01/2009,168.0,226.05,229.25,0.0,0.0
01/01/2009,198.96,230.76,238.91,0.0,0.0
10/01/2008,233.94,243.27,251.66,0.0,0.0
07/01/2008,281.7,254.19,263.96,0.0,0.0
04/01/2008,293.1,249.57,263.43,0.0,0.0
01/01/2008,284.1,244.77,270.24,0.0,0.0
10/01/2007,262.56,240.93,269.55,0.0,0.0
07/01/2007,252.6,233.67,0.0,0.0,0.0
04/01/2007,226.68,232.44,0.0,0.0,0.0
01/01/2007,206.04,230.13,0.0,0.0,0.0
10/01/2006,205.44,232.44,0.0,0.0,0.0
07/01/2006,219.3,247.05,0.0,0.0,0.0
04/01/2006,214.74,260.04,0.0,0.0,0.0
01/01/2006,238.2,273.72,0.0,0.0,0.0
10/01/2005,254.22,277.29,0.0,0.0,0.0
07/01/2005,259.44,295.71,0.0,0.0,0.0
04/01/2005,274.8,298.17,0.0,0.0,0.0
01/01/2005,305.34,0.0,0.0,0.0,0.0
10/01/2004,309.24,0.0,0.0,0.0,0.0
07/01/2004,300.36,0.0,0.0,0.0,0.0
04/01/2004,331.98,0.0,0.0,0.0,0.0
01/01/2004,321.54,0.0,0.0,0.0,0.0
10/01/2003,0.0,0.0,0.0,0.0,0.0
07/01/2003,0.0,0.0,0.0,0.0,0.0
04/01/2003,0.0,0.0,0.0,0.0,0.0
03/01/2003,0.0,0.0,0.0,0.0,0.0
