12/30/2022,8.46,8.83,8.45,8.79,0.24,784500.0
12/29/2022,8.37,8.62,8.31,8.55,0.09,358500.0
12/28/2022,8.94,8.94,8.29,8.46,-0.48,449500.0
12/27/2022,8.59,8.94,8.53,8.94,0.54,773800.0
12/23/2022,7.79,8.43,7.74,8.4,0.61,782000.0
12/22/2022,8.05,8.05,7.48,7.79,-0.28,384300.0
12/21/2022,7.68,8.12,7.47,8.07,0.65,727300.0
12/20/2022,7.15,7.51,7.15,7.42,0.24,271500.0
12/19/2022,7.35,7.48,7.12,7.18,-0.16,324100.0
12/16/2022,7.11,7.36,7.03,7.34,-0.05,509800.0
12/15/2022,7.27,7.43,7.19,7.39,0.11,259300.0
12/14/2022,7.4,7.49,7.18,7.28,-0.01,315600.0
12/13/2022,7.37,7.43,7.11,7.29,0.19,311600.0
12/12/2022,6.8,7.18,6.8,7.1,0.31,437700.0
12/09/2022,7.01,7.06,6.73,6.79,-0.2,589600.0
12/08/2022,7.53,7.56,6.92,6.99,-0.28,456500.0
12/07/2022,7.62,7.64,7.25,7.27,-0.24,337300.0
12/06/2022,7.55,7.8,7.39,7.51,-0.17,348700.0
12/05/2022,8.3,8.47,7.65,7.68,-0.62,391600.0
12/02/2022,8.0,8.37,7.97,8.3,0.18,271900.0
12/01/2022,8.45,8.5,8.09,8.12,-0.16,244300.0
11/30/2022,8.55,8.58,8.2,8.28,-0.04,235800.0
11/29/2022,8.55,8.55,8.2,8.32,0.0,252000.0
11/28/2022,8.17,8.46,8.13,8.32,-0.26,209600.0
11/25/2022,8.6,8.78,8.58,8.58,-0.01,114100.0
11/23/2022,8.54,8.6,8.36,8.59,-0.14,182700.0
11/22/2022,8.45,8.77,8.29,8.73,0.43,302800.0
11/21/2022,8.06,8.31,7.68,8.3,-0.05,415100.0
11/18/2022,8.3,8.48,7.92,8.35,-0.27,333900.0
11/17/2022,8.48,8.65,8.4,8.62,-0.09,311100.0
11/16/2022,8.76,8.84,8.56,8.71,-0.23,305800.0
11/15/2022,8.8,9.02,8.55,8.94,0.27,424100.0
11/14/2022,8.79,9.07,8.66,8.67,-0.11,303100.0
11/11/2022,8.84,9.02,8.69,8.78,0.15,374000.0
11/10/2022,8.67,8.91,8.44,8.63,0.22,426800.0
11/09/2022,9.04,9.11,8.34,8.41,-0.87,921000.0
11/08/2022,9.43,9.43,8.99,9.28,-0.23,541900.0
11/07/2022,9.46,9.95,9.45,9.51,0.21,516400.0
11/04/2022,9.49,9.61,9.08,9.3,0.2,630700.0
11/03/2022,9.05,9.39,8.83,9.1,0.05,383500.0
11/02/2022,9.82,10.21,8.83,9.05,-1.16,1725400.0
11/01/2022,10.09,10.38,9.97,10.21,0.32,527500.0
10/31/2022,9.54,10.05,9.52,9.89,0.29,636400.0
10/28/2022,9.65,9.86,9.05,9.6,0.21,736400.0
10/27/2022,9.62,9.66,9.34,9.39,0.0,346200.0
10/26/2022,9.38,9.64,9.28,9.39,0.04,355800.0
10/25/2022,9.1,9.39,9.08,9.35,0.27,312500.0
10/24/2022,9.48,9.53,9.04,9.08,-0.43,362100.0
10/21/2022,9.45,9.56,9.21,9.51,0.12,405700.0
10/20/2022,9.34,9.7,9.29,9.39,0.13,547600.0
10/19/2022,8.78,9.47,8.78,9.26,0.49,787300.0
10/18/2022,8.84,9.03,8.5,8.77,-0.06,387700.0
10/17/2022,8.4,8.86,8.4,8.83,0.49,464900.0
10/14/2022,8.76,8.86,8.32,8.34,-0.56,289800.0
10/13/2022,8.66,9.13,8.41,8.9,0.07,392600.0
10/12/2022,8.63,8.95,8.39,8.83,0.1,302100.0
10/11/2022,8.33,9.0,8.23,8.73,0.16,508400.0
10/10/2022,8.77,8.9,8.42,8.57,-0.23,585000.0
10/07/2022,9.08,9.2,8.7,8.8,-0.25,708700.0
10/06/2022,8.74,9.13,8.68,9.05,0.26,858700.0
10/05/2022,8.27,8.83,8.11,8.79,0.52,1278100.0
10/04/2022,7.81,8.31,7.47,8.27,0.72,874000.0
10/03/2022,7.07,7.67,7.05,7.55,0.0,1205300.0
