12/30/2022,28.39,28.67,28.04,28.31,-0.23,728800.0
12/29/2022,28.21,28.65,28.04,28.54,0.45,891500.0
12/28/2022,28.58,28.68,28.01,28.09,-0.44,815000.0
12/27/2022,28.51,28.74,28.36,28.53,0.04,698500.0
12/23/2022,28.22,28.63,27.94,28.49,0.27,876400.0
12/22/2022,28.13,28.53,27.61,28.22,-0.11,734300.0
12/21/2022,28.22,28.79,28.12,28.33,0.32,1027400.0
12/20/2022,27.96,28.42,27.89,28.01,-0.12,1169800.0
12/19/2022,28.11,28.46,27.88,28.13,-0.08,1087100.0
12/16/2022,28.36,28.59,27.86,28.21,-0.53,1902800.0
12/15/2022,29.01,29.15,28.21,28.74,-0.49,1933500.0
12/14/2022,29.23,29.58,28.92,29.23,0.21,998700.0
12/13/2022,29.61,29.73,28.35,29.02,0.26,1946900.0
12/12/2022,29.13,29.13,28.26,28.76,-0.39,731500.0
12/09/2022,29.01,29.3,28.78,29.15,0.02,1082000.0
12/08/2022,29.16,29.46,29.04,29.13,0.17,1489600.0
12/07/2022,28.67,29.18,28.52,28.96,0.0,588600.0
12/06/2022,29.41,29.49,28.81,28.96,-0.39,1177600.0
12/05/2022,29.54,29.7,29.32,29.35,-0.64,871900.0
12/02/2022,29.56,30.21,29.31,29.99,0.06,721500.0
12/01/2022,29.96,30.43,29.84,29.93,0.08,1110700.0
11/30/2022,29.43,29.85,29.17,29.85,0.34,1690900.0
11/29/2022,28.95,29.65,28.83,29.51,0.69,873800.0
11/28/2022,29.64,29.76,28.82,28.82,-0.87,1081200.0
11/25/2022,29.53,29.69,29.48,29.69,0.21,408700.0
11/23/2022,29.07,29.51,29.06,29.48,0.37,878800.0
11/22/2022,28.89,29.11,28.76,29.11,0.24,696000.0
11/21/2022,28.95,29.22,28.79,28.87,-0.1,631800.0
11/18/2022,28.96,29.04,28.43,28.97,0.42,939300.0
11/17/2022,28.54,28.65,28.21,28.55,-0.4,1078700.0
11/16/2022,28.98,29.22,28.86,28.95,-0.14,1690500.0
11/15/2022,28.92,29.27,28.52,29.09,0.43,1902900.0
11/14/2022,28.97,29.47,28.64,28.66,-0.14,1857100.0
11/11/2022,29.32,29.65,28.6,28.8,-0.79,1389300.0
11/10/2022,29.18,30.07,29.12,29.59,1.46,2521900.0
11/09/2022,28.9,29.26,28.0,28.13,-0.91,1745600.0
11/08/2022,28.57,29.23,28.38,29.04,0.59,1855900.0
11/07/2022,28.07,28.59,27.74,28.45,0.79,2835600.0
11/04/2022,25.82,28.16,25.57,27.66,3.67,5760300.0
11/03/2022,23.78,24.24,23.55,23.99,-0.19,1760500.0
11/02/2022,24.5,24.78,24.05,24.18,-0.36,1599700.0
11/01/2022,24.52,24.68,24.38,24.54,0.29,1486200.0
10/31/2022,24.02,24.52,23.89,24.25,0.01,2429200.0
10/28/2022,23.74,24.29,23.7,24.24,0.48,2034700.0
10/27/2022,23.91,24.14,23.64,23.76,0.11,1936200.0
10/26/2022,23.3,23.84,23.27,23.65,0.52,2502500.0
10/25/2022,22.24,23.24,22.16,23.13,1.02,3450000.0
10/24/2022,22.37,22.4,21.95,22.11,-0.13,1515500.0
10/21/2022,22.11,22.32,21.49,22.24,0.09,1536500.0
10/20/2022,22.23,22.55,22.01,22.15,-0.09,1939000.0
10/19/2022,22.98,23.0,22.03,22.24,-1.08,2079300.0
10/18/2022,23.62,23.75,23.14,23.32,0.12,1728300.0
10/17/2022,23.0,23.68,23.0,23.2,0.58,1590400.0
10/14/2022,23.6,23.71,22.48,22.62,-0.79,2361800.0
10/13/2022,22.9,23.48,22.35,23.41,0.08,2933700.0
10/12/2022,23.85,23.91,23.33,23.33,-0.61,1667400.0
10/11/2022,23.8,24.07,23.53,23.94,0.15,1291200.0
10/10/2022,24.22,24.3,23.79,23.79,-0.4,1428500.0
10/07/2022,24.67,24.75,24.06,24.19,-0.75,1639700.0
10/06/2022,25.6,25.64,24.79,24.94,-0.59,1222400.0
10/05/2022,25.6,25.78,24.8,25.53,-0.38,2455000.0
10/04/2022,25.58,26.13,25.58,25.91,0.45,1663400.0
10/03/2022,25.04,25.8,24.67,25.46,0.0,2462600.0
