12/30/2022,6.17,6.39,6.16,6.36,0.1,7638300.0
12/29/2022,6.14,6.34,6.13,6.26,0.2,7770400.0
12/28/2022,6.24,6.28,5.99,6.06,-0.17,7358500.0
12/27/2022,6.08,6.33,6.04,6.23,0.13,8530700.0
12/23/2022,5.92,6.11,5.86,6.1,0.18,8091400.0
12/22/2022,5.78,5.93,5.65,5.92,0.08,9938900.0
12/21/2022,6.01,6.09,5.82,5.84,-0.05,9318400.0
12/20/2022,5.85,6.08,5.81,5.89,0.01,1.29304E+7
12/19/2022,5.88,5.92,5.72,5.88,-0.01,1.2324E+7
12/16/2022,5.89,5.96,5.77,5.89,-0.07,1.74052E+7
12/15/2022,6.19,6.22,5.96,5.96,-0.33,1.30645E+7
12/14/2022,6.39,6.44,6.23,6.29,-0.08,1.03305E+7
12/13/2022,6.68,6.75,6.31,6.37,-0.01,1.32936E+7
12/12/2022,6.35,6.41,6.22,6.38,0.03,8349000.0
12/09/2022,6.31,6.43,6.22,6.35,-0.07,5591200.0
12/08/2022,6.32,6.42,6.23,6.42,0.1,8007800.0
12/07/2022,6.29,6.39,6.2,6.32,-0.01,5928700.0
12/06/2022,6.39,6.41,6.22,6.33,-0.04,8286200.0
12/05/2022,6.63,6.64,6.34,6.37,-0.35,1.17388E+7
12/02/2022,6.68,6.79,6.64,6.72,-0.03,6698500.0
12/01/2022,6.7,7.02,6.7,6.75,0.03,1.0728E+7
11/30/2022,6.54,6.72,6.32,6.72,0.19,1.17405E+7
11/29/2022,6.52,6.59,6.46,6.53,0.03,7475200.0
11/28/2022,6.71,6.81,6.5,6.5,-0.27,7522500.0
11/25/2022,6.68,6.85,6.68,6.77,0.06,3326600.0
11/23/2022,6.69,6.75,6.6,6.71,0.0,7220600.0
11/22/2022,6.67,6.79,6.53,6.71,0.1,9294200.0
11/21/2022,6.63,6.82,6.52,6.61,-0.2,1.05828E+7
11/18/2022,7.19,7.21,6.75,6.81,-0.19,1.28252E+7
11/17/2022,7.17,7.22,6.82,7.0,-0.31,1.32403E+7
11/16/2022,7.41,7.5,7.28,7.31,-0.27,1.06961E+7
11/15/2022,7.51,7.68,7.42,7.58,0.22,1.00574E+7
11/14/2022,7.54,7.65,7.34,7.36,-0.41,1.10437E+7
11/11/2022,6.85,7.85,6.85,7.77,0.97,1.68744E+7
11/10/2022,6.61,7.14,6.61,6.8,0.32,1.97318E+7
11/09/2022,6.98,6.99,6.4,6.48,-0.6,1.99524E+7
11/08/2022,7.16,7.26,6.99,7.08,0.01,1.09307E+7
11/07/2022,7.01,7.09,6.86,7.07,0.1,7649400.0
11/04/2022,6.83,7.0,6.76,6.97,0.28,9825600.0
11/03/2022,6.55,6.77,6.42,6.69,0.09,1.03038E+7
11/02/2022,6.86,6.91,6.58,6.6,-0.3,8756900.0
11/01/2022,6.96,7.01,6.87,6.9,0.08,1.04131E+7
10/31/2022,6.89,6.97,6.63,6.82,-0.38,1.96996E+7
10/28/2022,7.33,7.4,7.05,7.2,-0.16,1.47725E+7
10/27/2022,7.44,7.54,7.33,7.36,-0.01,6257800.0
10/26/2022,7.41,7.56,7.33,7.37,-0.09,6717100.0
10/25/2022,7.18,7.56,7.17,7.46,0.25,8130500.0
10/24/2022,7.4,7.42,7.18,7.21,-0.15,1.04646E+7
10/21/2022,7.2,7.43,7.16,7.36,0.11,7731900.0
10/20/2022,7.55,7.7,7.24,7.25,-0.22,9208900.0
10/19/2022,7.74,7.83,7.32,7.47,-0.41,9095700.0
10/18/2022,7.98,8.11,7.85,7.88,0.09,6061300.0
10/17/2022,7.91,7.96,7.72,7.79,0.08,7751700.0
10/14/2022,7.85,7.91,7.63,7.71,-0.06,6762500.0
10/13/2022,7.5,7.85,7.35,7.77,0.1,6121600.0
10/12/2022,7.7,7.77,7.55,7.67,-0.02,7245600.0
10/11/2022,7.49,7.87,7.41,7.69,0.23,9632600.0
10/10/2022,7.43,7.53,7.29,7.46,0.09,6697300.0
10/07/2022,7.51,7.55,7.14,7.37,-0.32,7914800.0
10/06/2022,7.75,7.84,7.55,7.69,-0.13,5152800.0
10/05/2022,7.46,7.88,7.36,7.82,0.22,1.06504E+7
10/04/2022,7.4,7.61,7.34,7.6,0.4,7514500.0
10/03/2022,7.05,7.27,6.95,7.2,0.0,8285200.0
