12/30/2022,52.47,52.68,51.86,52.25,-0.54,1518200.0
12/29/2022,52.17,53.14,52.11,52.79,1.05,1732000.0
12/28/2022,52.69,52.78,51.73,51.74,-0.85,1045500.0
12/27/2022,52.42,52.88,52.0,52.59,0.31,1717600.0
12/23/2022,52.03,52.4,51.64,52.28,0.28,2036900.0
12/22/2022,52.28,52.28,50.75,52.0,-0.72,1572700.0
12/21/2022,52.47,53.07,52.2,52.72,0.82,1703100.0
12/20/2022,51.09,52.12,50.96,51.9,0.83,1873500.0
12/19/2022,51.91,52.27,50.9,51.07,-0.73,2479800.0
12/16/2022,51.93,52.33,51.27,51.8,-0.8,3750100.0
12/15/2022,53.91,54.02,52.54,52.6,-2.13,3079000.0
12/14/2022,55.62,56.05,54.27,54.73,-0.8,3028803.0
12/13/2022,56.08,56.25,54.97,55.53,1.29,3686501.0
12/12/2022,53.6,54.26,53.1,54.24,0.99,2701400.0
12/09/2022,53.5,53.63,53.14,53.25,-0.01,2313100.0
12/08/2022,53.06,53.75,52.91,53.26,0.45,2339200.0
12/07/2022,52.69,53.54,52.69,52.81,0.08,2460500.0
12/06/2022,53.31,53.81,52.38,52.73,-0.59,1715500.0
12/05/2022,53.86,53.94,53.05,53.32,-1.23,2716900.0
12/02/2022,53.49,54.84,53.31,54.55,0.26,2476900.0
12/01/2022,54.34,55.13,53.72,54.29,0.32,2856400.0
11/30/2022,52.98,54.15,52.3,53.97,1.15,5157500.0
11/29/2022,53.24,53.76,52.62,52.82,-0.34,1796000.0
11/28/2022,52.96,53.52,52.8,53.16,-0.26,2490000.0
11/25/2022,53.8,54.03,53.35,53.42,-0.22,1213000.0
11/23/2022,53.87,54.2,53.51,53.64,-0.15,1968100.0
11/22/2022,54.0,54.25,53.36,53.79,0.19,2734900.0
11/21/2022,53.51,53.95,53.34,53.6,-0.1,1902800.0
11/18/2022,54.5,54.71,53.15,53.7,-0.09,2725600.0
11/17/2022,54.07,54.37,52.79,53.79,-1.2,1909500.0
11/16/2022,55.29,55.88,54.77,54.99,-0.52,1970300.0
11/15/2022,56.0,56.71,55.05,55.51,0.32,2065300.0
11/14/2022,55.18,56.27,55.13,55.19,-0.12,2762800.0
11/11/2022,54.0,55.73,53.78,55.31,1.43,6675613.0
11/10/2022,53.84,54.33,53.31,53.88,2.15,4798500.0
11/09/2022,51.8,52.47,51.48,51.73,-0.51,2039100.0
11/08/2022,53.56,53.6,51.95,52.24,-1.0,4688300.0
11/07/2022,53.19,53.68,52.55,53.24,0.32,2640500.0
11/04/2022,52.71,53.59,51.67,52.92,1.55,2538900.0
11/03/2022,49.42,52.23,47.63,51.37,2.32,4467400.0
11/02/2022,49.8,51.12,48.84,49.05,-1.25,3045000.0
11/01/2022,51.1,51.64,50.14,50.3,-0.2,2054000.0
10/31/2022,50.17,51.0,50.04,50.5,0.05,2373500.0
10/28/2022,48.83,50.54,48.47,50.45,1.82,2289900.0
10/27/2022,49.08,49.54,48.49,48.63,0.02,2656500.0
10/26/2022,49.2,49.61,48.29,48.61,-0.28,2367900.0
10/25/2022,47.78,49.01,47.76,48.89,1.1,2518500.0
10/24/2022,47.26,47.82,46.88,47.79,1.0,1384900.0
10/21/2022,45.47,46.83,45.14,46.79,1.59,3317600.0
10/20/2022,46.43,46.84,45.14,45.2,-1.11,1874700.0
10/19/2022,46.1,46.94,45.62,46.31,-0.71,3047900.0
10/18/2022,47.93,48.48,46.59,47.02,0.29,3752500.0
10/17/2022,46.44,47.19,46.0,46.73,1.62,2226000.0
10/14/2022,47.18,47.51,45.03,45.11,-1.68,2282200.0
10/13/2022,44.03,47.15,43.57,46.79,1.66,2283200.0
10/12/2022,45.57,45.91,44.29,45.13,-0.29,1730800.0
10/11/2022,44.92,46.13,44.55,45.42,0.26,2279400.0
10/10/2022,46.11,46.16,44.74,45.16,-0.49,2065500.0
10/07/2022,46.29,46.47,45.32,45.65,-1.36,1638300.0
10/06/2022,46.75,47.79,46.73,47.01,0.07,1987700.0
10/05/2022,46.26,47.17,46.09,46.94,-0.13,2082500.0
10/04/2022,46.16,47.13,46.02,47.07,2.04,1852300.0
10/03/2022,44.1,45.73,43.52,45.03,0.0,2948000.0
