12/30/2022,38.16,38.62,37.84,38.37,-0.42,346400.0
12/29/2022,38.6,39.09,38.52,38.79,0.49,407100.0
12/28/2022,39.03,39.29,38.25,38.3,-0.73,399000.0
12/27/2022,39.17,39.35,38.51,39.03,0.01,310300.0
12/23/2022,39.56,39.85,38.89,39.02,-0.64,552000.0
12/22/2022,40.06,40.17,39.17,39.66,-1.1,467131.0
12/21/2022,40.37,41.11,40.37,40.76,0.94,280100.0
12/20/2022,39.41,40.29,39.29,39.82,0.26,368200.0
12/19/2022,40.77,41.08,39.48,39.56,-1.21,591900.0
12/16/2022,40.51,40.85,39.95,40.77,-0.43,989700.0
12/15/2022,42.01,42.18,40.7,41.2,-1.5,494100.0
12/14/2022,42.77,43.82,42.42,42.7,-0.36,546300.0
12/13/2022,44.2,44.75,42.96,43.06,0.68,669400.0
12/12/2022,41.33,42.44,41.05,42.38,0.72,466800.0
12/09/2022,40.91,41.83,40.91,41.66,0.4,405700.0
12/08/2022,40.62,41.28,40.3,41.26,0.85,520400.0
12/07/2022,40.54,40.74,39.34,40.41,-0.33,713000.0
12/06/2022,42.31,42.33,40.1,40.74,-1.72,583200.0
12/05/2022,43.8,43.88,41.78,42.46,-1.74,534000.0
12/02/2022,43.02,44.63,42.63,44.2,0.5,440700.0
12/01/2022,43.2,44.0,42.86,43.7,0.48,327500.0
11/30/2022,42.13,43.23,40.73,43.22,1.43,493800.0
11/29/2022,41.61,42.3,41.5,41.79,0.23,312600.0
11/28/2022,42.23,42.5,41.31,41.56,-1.16,340600.0
11/25/2022,42.2,43.11,42.16,42.72,0.22,253701.0
11/23/2022,42.39,42.74,42.02,42.5,0.07,380000.0
11/22/2022,42.11,42.58,41.81,42.43,0.29,368400.0
11/21/2022,41.87,42.66,41.79,42.14,0.02,515000.0
11/18/2022,44.36,44.53,41.88,42.12,-1.02,627300.0
11/17/2022,44.4,44.4,42.05,43.14,-2.22,709200.0
11/16/2022,46.09,46.09,45.08,45.36,-1.03,347900.0
11/15/2022,46.44,47.44,46.05,46.39,0.59,888700.0
11/14/2022,45.82,46.45,45.05,45.8,-0.49,891800.0
11/11/2022,44.54,46.92,44.32,46.29,1.58,615300.0
11/10/2022,40.9,44.85,40.9,44.71,4.91,907000.0
11/09/2022,40.5,40.89,39.65,39.8,-1.0,380300.0
11/08/2022,40.99,41.5,40.18,40.8,0.25,469500.0
11/07/2022,41.02,41.41,39.17,40.55,0.08,718400.0
11/04/2022,40.97,41.33,39.96,40.47,0.55,770200.0
11/03/2022,38.15,41.26,36.01,39.92,-3.09,1538700.0
11/02/2022,43.66,44.23,42.59,43.01,-0.59,952900.0
11/01/2022,42.78,43.63,42.62,43.6,1.14,610900.0
10/31/2022,42.0,42.87,41.81,42.46,0.16,496100.0
10/28/2022,41.17,42.52,40.87,42.3,1.29,549700.0
10/27/2022,40.61,41.66,40.38,41.01,0.97,518700.0
10/26/2022,38.89,40.71,38.72,40.04,1.56,647900.0
10/25/2022,40.03,40.18,38.08,38.48,-1.72,819800.0
10/24/2022,39.99,40.21,39.14,40.2,0.49,484000.0
10/21/2022,37.61,39.98,37.23,39.71,2.44,584900.0
10/20/2022,37.58,38.28,36.98,37.27,-0.4,319500.0
10/19/2022,37.77,38.22,37.34,37.67,-0.42,380600.0
10/18/2022,38.1,38.74,37.62,38.09,1.27,324200.0
10/17/2022,37.97,38.58,36.71,36.82,-0.48,443400.0
10/14/2022,38.26,38.62,37.17,37.3,-0.91,528300.0
10/13/2022,35.61,39.0,34.92,38.21,1.8,1029100.0
10/12/2022,35.69,37.3,34.95,36.41,0.78,654700.0
10/11/2022,36.08,36.08,35.01,35.63,-0.6,382900.0
10/10/2022,36.2,36.58,35.85,36.23,0.47,353800.0
10/07/2022,36.45,36.8,35.34,35.76,-1.29,541100.0
10/06/2022,36.94,37.79,36.57,37.05,-0.12,378300.0
10/05/2022,37.43,37.81,36.65,37.17,-1.17,817100.0
10/04/2022,35.32,38.42,35.32,38.34,3.78,1417100.0
10/03/2022,34.07,35.13,33.36,34.56,0.0,551900.0
