12/30/2022,6.25,6.25,5.96,6.03,-0.12,48200.0
12/29/2022,6.08,6.17,5.98,6.15,0.15,122500.0
12/28/2022,5.84,6.02,5.71,6.0,0.08,132200.0
12/27/2022,5.91,6.01,5.78,5.92,0.02,160000.0
12/23/2022,5.42,5.96,5.21,5.9,0.49,255800.0
12/22/2022,5.37,5.41,5.04,5.41,-0.01,139900.0
12/21/2022,5.3,5.48,5.19,5.42,0.17,136200.0
12/20/2022,5.12,5.29,5.07,5.25,0.14,208000.0
12/19/2022,6.58,6.58,4.95,5.11,-1.6,563400.0
12/16/2022,5.67,6.73,5.66,6.71,0.96,1442700.0
12/15/2022,5.46,5.92,5.45,5.75,0.11,323200.0
12/14/2022,5.43,5.75,5.35,5.64,0.14,160300.0
12/13/2022,5.44,5.6,5.4,5.5,0.27,127000.0
12/12/2022,5.5,5.5,5.2,5.23,-0.29,73700.0
12/09/2022,5.46,5.72,5.4,5.52,-0.01,77900.0
12/08/2022,5.53,5.67,5.49,5.53,0.0,31800.0
12/07/2022,5.47,5.59,5.41,5.53,0.06,52200.0
12/06/2022,5.45,5.79,5.45,5.47,-0.06,187800.0
12/05/2022,5.6,5.79,5.46,5.53,-0.09,126900.0
12/02/2022,5.28,5.68,5.18,5.62,0.23,94000.0
12/01/2022,5.5,5.5,5.34,5.39,-0.05,51900.0
11/30/2022,5.25,5.44,5.15,5.44,0.28,121200.0
11/29/2022,5.1,5.22,5.06,5.16,0.16,53900.0
11/28/2022,5.3,5.34,4.96,5.0,-0.34,60800.0
11/25/2022,5.32,5.46,5.29,5.34,0.06,33100.0
11/23/2022,5.2,5.33,5.2,5.28,-0.01,23500.0
11/22/2022,5.09,5.34,4.9,5.29,0.26,63100.0
11/21/2022,5.08,5.08,4.84,5.03,-0.11,89700.0
11/18/2022,5.04,5.14,4.98,5.14,0.1,69600.0
11/17/2022,5.1,5.13,4.95,5.04,-0.09,58100.0
11/16/2022,5.4,5.47,5.07,5.13,-0.28,136100.0
11/15/2022,5.59,5.72,5.35,5.41,-0.06,86400.0
11/14/2022,5.27,5.49,5.23,5.47,0.18,112600.0
11/11/2022,4.89,5.34,4.89,5.29,0.48,182300.0
11/10/2022,4.79,5.01,4.77,4.81,0.2,105800.0
11/09/2022,4.68,4.96,4.55,4.61,-0.13,119500.0
11/08/2022,4.62,4.82,4.52,4.74,0.13,119500.0
11/07/2022,4.86,4.94,4.55,4.61,-0.2,226400.0
11/04/2022,4.59,4.94,4.59,4.81,0.34,220200.0
11/03/2022,4.43,4.47,4.27,4.47,-0.02,272500.0
11/02/2022,4.78,4.88,4.43,4.49,-0.3,309400.0
11/01/2022,5.1,5.14,4.75,4.79,-0.23,308100.0
10/31/2022,5.06,5.23,4.86,5.02,-0.16,1498700.0
10/28/2022,5.65,5.87,4.98,5.18,-0.68,492400.0
10/27/2022,6.0,6.07,5.78,5.86,-0.11,165400.0
10/26/2022,5.99,6.19,5.87,5.97,0.04,226300.0
10/25/2022,5.76,6.08,5.75,5.93,0.15,161300.0
10/24/2022,5.65,5.94,5.59,5.78,0.1,186000.0
10/21/2022,5.45,5.75,5.42,5.68,0.25,75300.0
10/20/2022,5.41,5.68,5.4,5.43,0.01,74200.0
10/19/2022,5.64,5.78,5.33,5.42,-0.43,136700.0
10/18/2022,5.59,5.98,5.52,5.85,0.35,232800.0
10/17/2022,5.41,5.64,5.39,5.5,0.17,151100.0
10/14/2022,5.49,5.65,5.24,5.33,-0.25,162300.0
10/13/2022,5.32,5.62,5.22,5.58,0.1,113600.0
10/12/2022,5.46,5.52,5.31,5.48,-0.04,67100.0
10/11/2022,5.47,5.65,5.38,5.52,0.02,54000.0
10/10/2022,5.66,5.71,5.49,5.5,-0.21,63200.0
10/07/2022,5.7,5.83,5.62,5.71,-0.08,135200.0
10/06/2022,5.74,5.81,5.63,5.79,-0.03,59800.0
10/05/2022,5.7,5.84,5.61,5.82,-0.01,63900.0
10/04/2022,5.74,5.87,5.58,5.83,0.25,323900.0
10/03/2022,5.29,5.8,5.25,5.58,0.0,153000.0
