12/30/2022,58.35,58.88,57.99,58.37,-0.57,365500.0
12/29/2022,57.55,59.07,57.46,58.94,1.8,410400.0
12/28/2022,57.59,58.12,57.11,57.14,-0.61,243200.0
12/27/2022,58.2,58.34,57.41,57.75,-0.19,245400.0
12/23/2022,57.65,58.13,57.13,57.94,0.24,279700.0
12/22/2022,58.11,58.11,56.19,57.7,-0.95,450900.0
12/21/2022,58.48,59.25,57.79,58.65,1.02,534500.0
12/20/2022,57.41,58.24,57.06,57.63,0.25,539300.0
12/19/2022,57.55,57.93,56.85,57.38,0.01,687800.0
12/16/2022,57.03,57.75,56.57,57.37,-0.52,2325200.0
12/15/2022,59.15,59.25,57.58,57.89,-2.1,907500.0
12/14/2022,60.14,60.8,59.6,59.99,-0.61,562650.0
12/13/2022,62.77,63.37,59.93,60.6,-0.43,1171000.0
12/12/2022,59.86,61.22,59.1,61.03,1.22,469700.0
12/09/2022,59.64,60.2,59.33,59.81,-0.23,660300.0
12/08/2022,60.68,60.74,59.9,60.04,-0.16,513800.0
12/07/2022,60.96,61.05,60.2,60.2,-0.93,345500.0
12/06/2022,61.29,62.02,60.37,61.13,-0.42,620100.0
12/05/2022,63.35,63.35,60.93,61.55,-2.37,318000.0
12/02/2022,63.9,64.72,63.76,63.92,-0.68,352000.0
12/01/2022,64.36,64.8,63.6,64.6,0.35,327300.0
11/30/2022,63.11,64.29,61.82,64.25,0.88,517100.0
11/29/2022,62.85,63.84,62.85,63.37,0.27,324400.0
11/28/2022,64.0,64.45,62.88,63.1,-1.62,315800.0
11/25/2022,64.03,64.77,63.84,64.72,0.64,103001.0
11/23/2022,63.89,64.61,63.8,64.08,0.02,352301.0
11/22/2022,63.63,64.21,63.11,64.06,0.84,530300.0
11/21/2022,62.89,63.84,62.65,63.22,-0.18,727000.0
11/18/2022,63.8,63.81,62.6,63.4,0.67,539101.0
11/17/2022,62.76,63.19,62.24,62.73,-1.17,405000.0
11/16/2022,65.04,65.04,63.57,63.9,-1.63,368200.0
11/15/2022,65.34,66.61,64.87,65.53,0.91,546800.0
11/14/2022,66.08,66.17,64.61,64.62,-1.9,649600.0
11/11/2022,66.47,66.95,65.91,66.52,0.82,632700.0
11/10/2022,64.41,65.76,63.55,65.7,3.65,922600.0
11/09/2022,63.07,63.6,61.85,62.05,-1.61,703300.0
11/08/2022,63.93,64.4,63.12,63.66,-0.17,398100.0
11/07/2022,63.75,64.03,63.03,63.83,0.81,451000.0
11/04/2022,63.33,63.69,61.98,63.02,0.67,396700.0
11/03/2022,61.4,62.82,60.8,62.35,0.17,707800.0
11/02/2022,62.69,63.96,62.08,62.18,-0.66,681200.0
11/01/2022,62.56,63.48,62.55,62.84,0.97,1087200.0
10/31/2022,61.02,62.83,60.77,61.87,0.44,1328600.0
10/28/2022,58.72,62.21,58.62,61.43,2.92,1438800.0
10/27/2022,56.69,59.44,56.23,58.51,2.6,1129500.0
10/26/2022,54.22,56.74,52.42,55.91,1.41,1646700.0
10/25/2022,52.92,54.52,52.83,54.5,1.58,1405300.0
10/24/2022,52.47,53.36,51.88,52.92,0.69,536400.0
10/21/2022,51.26,52.46,50.67,52.23,1.03,471800.0
10/20/2022,52.64,52.89,50.97,51.2,-1.26,327800.0
10/19/2022,52.71,53.37,52.05,52.46,-1.1,568700.0
10/18/2022,54.69,55.0,52.99,53.56,0.6,934900.0
10/17/2022,53.7,54.37,52.57,52.96,0.77,1583500.0
10/14/2022,54.83,55.46,51.91,52.19,-2.18,905700.0
10/13/2022,50.84,54.57,49.31,54.37,2.28,701900.0
10/12/2022,52.53,52.91,51.97,52.09,-0.63,404800.0
10/11/2022,53.16,53.69,52.18,52.72,-0.81,636400.0
10/10/2022,54.97,55.15,53.51,53.53,-0.8,466000.0
10/07/2022,55.26,55.26,53.79,54.33,-1.51,368300.0
10/06/2022,56.26,56.7,55.49,55.84,-0.74,436500.0
10/05/2022,55.97,56.88,55.75,56.58,-0.64,357300.0
10/04/2022,54.74,57.32,54.74,57.22,3.68,868200.0
10/03/2022,52.87,54.15,51.78,53.54,0.0,904000.0
