12/30/2022,29.15,29.68,29.0,29.04,-0.4,5000.0
12/29/2022,29.29,29.72,29.04,29.44,0.4,7700.0
12/28/2022,29.0,29.06,28.64,29.04,0.04,78800.0
12/27/2022,29.13,29.3,28.54,29.0,-0.45,34500.0
12/23/2022,29.6,29.6,28.88,29.45,0.01,5500.0
12/22/2022,29.0,29.75,29.0,29.44,0.44,10800.0
12/21/2022,29.0,29.34,28.74,29.0,0.04,9100.0
12/20/2022,29.35,29.61,28.21,28.96,-0.43,14100.0
12/19/2022,29.32,29.86,28.5,29.39,0.4,14300.0
12/16/2022,28.67,29.67,27.92,28.99,0.05,15400.0
12/15/2022,29.0,29.33,28.2,28.94,-0.06,11600.0
12/14/2022,29.32,29.32,28.39,29.0,-0.27,7900.0
12/13/2022,30.0,30.01,29.24,29.27,-0.47,9900.0
12/12/2022,29.12,29.92,29.0,29.74,0.67,23200.0
12/09/2022,29.74,29.91,29.03,29.07,-1.08,11900.0
12/08/2022,29.55,30.35,28.7,30.15,0.8,15800.0
12/07/2022,29.4,29.67,28.65,29.35,-0.02,12700.0
12/06/2022,30.02,30.02,28.56,29.37,-0.96,8500.0
12/05/2022,30.34,31.06,29.82,30.33,-0.13,16700.0
12/02/2022,29.44,30.87,29.44,30.46,0.66,16100.0
12/01/2022,30.43,30.74,29.39,29.8,-0.35,16500.0
11/30/2022,28.75,30.62,28.75,30.15,1.52,21900.0
11/29/2022,28.31,29.49,27.98,28.63,0.75,34100.0
11/28/2022,28.55,29.07,27.8,27.88,-1.51,14000.0
11/25/2022,28.55,29.39,28.55,29.39,0.55,2700.0
11/23/2022,29.3,29.41,28.49,28.84,-0.46,3800.0
11/22/2022,27.85,29.45,27.58,29.3,1.04,15900.0
11/21/2022,28.19,29.45,27.73,28.26,0.59,8100.0
11/18/2022,28.3,28.51,27.5,27.67,-0.35,7100.0
11/17/2022,28.04,28.87,28.0,28.02,-0.5,7500.0
11/16/2022,28.84,29.0,28.18,28.52,-0.4,10100.0
11/15/2022,29.49,29.6,28.29,28.92,-0.09,12100.0
11/14/2022,28.93,29.65,28.55,29.01,0.18,12900.0
11/11/2022,29.0,29.85,28.43,28.83,-0.23,8200.0
11/10/2022,29.01,29.6,28.97,29.06,0.41,5600.0
11/09/2022,28.5,29.02,28.18,28.65,0.07,8600.0
11/08/2022,28.5,28.88,28.0,28.58,0.53,14100.0
11/07/2022,28.1,28.89,27.7,28.05,0.0,11500.0
11/04/2022,27.94,28.83,27.5,28.05,-0.02,13300.0
11/03/2022,28.6,28.6,27.71,28.07,-0.83,11400.0
11/02/2022,30.06,30.06,28.8,28.9,-1.16,14200.0
11/01/2022,30.11,30.71,29.67,30.06,0.13,7000.0
10/31/2022,32.68,32.68,29.79,29.93,-2.37,16400.0
10/28/2022,32.01,34.5,30.87,32.3,-0.69,85400.0
10/27/2022,33.25,33.72,32.21,32.99,0.14,14200.0
10/26/2022,32.66,32.85,31.75,32.85,0.16,11400.0
10/25/2022,32.07,33.44,32.07,32.69,0.64,27000.0
10/24/2022,32.02,32.54,31.39,32.05,0.08,14800.0
10/21/2022,32.14,32.14,31.36,31.97,0.28,10000.0
10/20/2022,30.99,31.98,30.5,31.69,1.01,27400.0
10/19/2022,31.31,31.62,30.21,30.68,-0.9,11400.0
10/18/2022,31.19,31.84,30.9,31.58,0.5,21000.0
10/17/2022,29.98,31.15,29.98,31.08,0.74,20700.0
10/14/2022,30.02,31.0,30.02,30.34,-0.16,18000.0
10/13/2022,28.56,31.77,28.48,30.5,1.5,82400.0
10/12/2022,29.44,30.27,28.5,29.0,0.54,84600.0
10/11/2022,28.81,28.81,28.25,28.46,0.06,36000.0
10/10/2022,29.44,30.21,28.36,28.4,-1.17,67600.0
10/07/2022,29.61,30.1,29.0,29.57,0.05,124500.0
10/06/2022,30.75,30.81,29.5,29.52,-1.84,28200.0
10/05/2022,31.22,31.51,30.87,31.36,0.12,6402.0
10/04/2022,30.83,31.54,30.72,31.24,0.56,13900.0
10/03/2022,29.94,31.93,29.85,30.68,0.0,27100.0
