12/29/1995,14.75,15.08,14.75,14.83,-0.17,0.0,208800.0
12/28/1995,14.67,15.0,14.67,15.0,0.17,0.0,338400.0
12/27/1995,14.67,14.83,14.42,14.83,0.17,0.0,193200.0
12/26/1995,14.42,14.67,14.42,14.67,0.0,0.0,49800.0
12/22/1995,14.58,14.75,14.42,14.67,-0.08,0.0,240300.0
12/21/1995,14.79,15.0,14.58,14.75,-0.13,0.0,412200.0
12/20/1995,14.33,15.0,14.33,14.88,0.38,0.0,508800.0
12/19/1995,14.17,14.5,14.17,14.5,0.08,0.0,263100.0
12/18/1995,14.33,14.42,14.17,14.42,-0.17,0.0,287700.0
12/15/1995,14.33,14.58,14.25,14.58,0.17,0.0,420300.0
12/14/1995,14.67,14.75,14.42,14.42,-0.25,0.0,407700.0
12/13/1995,14.33,14.67,14.33,14.67,0.08,0.0,1334700.0
12/12/1995,14.75,14.75,14.33,14.58,-0.17,0.0,171300.0
12/11/1995,14.75,14.75,14.58,14.75,0.0,0.0,102000.0
12/08/1995,14.58,14.75,14.58,14.75,0.08,0.0,468000.0
12/07/1995,14.75,14.75,14.58,14.67,-0.08,0.0,981000.0
12/06/1995,14.83,15.08,14.58,14.75,-0.33,0.0,536400.0
12/05/1995,15.08,15.38,14.92,15.08,0.0,0.0,406200.0
12/04/1995,15.08,15.25,15.08,15.08,-0.21,0.0,360000.0
12/01/1995,15.33,15.33,15.17,15.29,-0.04,0.0,206700.0
11/30/1995,15.58,15.67,15.25,15.33,-0.42,0.0,217799.0
11/29/1995,15.92,15.92,15.58,15.75,0.0,0.0,288300.0
11/28/1995,15.42,16.0,15.42,15.75,0.29,0.0,301200.0
11/27/1995,15.42,15.63,15.21,15.46,0.21,0.0,461700.0
11/24/1995,15.25,15.42,15.17,15.25,0.0,0.0,140700.0
11/22/1995,15.42,15.58,15.17,15.25,-0.33,0.0,425700.0
11/21/1995,15.63,15.63,15.42,15.58,-0.04,0.0,223200.0
11/20/1995,15.92,15.92,15.5,15.63,-0.29,0.0,275400.0
11/17/1995,15.92,16.0,15.75,15.92,0.08,0.0,350100.0
11/16/1995,15.17,15.92,15.08,15.83,0.67,0.0,792300.0
11/15/1995,15.17,15.17,15.0,15.17,0.0,0.0,157200.0
11/14/1995,15.0,15.33,15.0,15.17,0.04,0.0,436500.0
11/13/1995,15.08,15.13,14.92,15.13,0.13,0.0,87300.0
11/10/1995,14.92,15.13,14.83,15.0,0.0,0.0,180000.0
11/09/1995,14.92,15.0,14.92,15.0,0.0,0.0,50700.0
11/08/1995,15.0,15.08,14.92,15.0,-0.08,0.0,195900.0
11/07/1995,15.0,15.13,14.83,15.08,0.08,0.0,312300.0
11/06/1995,14.92,15.04,14.92,15.0,0.0,0.0,289200.0
11/03/1995,14.92,15.08,14.92,15.0,0.08,0.0,406200.0
11/02/1995,14.0,15.13,14.0,14.92,0.92,0.0,1089600.0
11/01/1995,14.17,14.17,14.0,14.0,0.0,0.0,107699.0
10/31/1995,14.17,14.17,14.0,14.0,0.0,0.0,283500.0
10/30/1995,14.0,14.17,14.0,14.0,0.0,0.0,267600.0
10/27/1995,14.0,14.17,13.92,14.0,-0.17,0.0,182700.0
10/26/1995,14.08,14.25,14.0,14.17,0.0,0.0,53100.0
10/25/1995,14.33,14.33,14.17,14.17,-0.04,0.0,137100.0
10/24/1995,14.33,14.42,14.17,14.21,0.04,0.0,621000.0
10/23/1995,14.33,14.33,14.17,14.17,-0.17,0.0,161700.0
10/20/1995,14.33,14.42,14.25,14.33,-0.08,0.0,447300.0
10/19/1995,14.79,14.83,14.17,14.42,-0.42,0.0,312600.0
10/18/1995,15.0,15.0,14.75,14.83,-0.08,0.0,581700.0
10/17/1995,14.83,15.0,14.75,14.92,0.08,0.0,310200.0
10/16/1995,14.67,15.0,14.58,14.83,0.17,0.0,321600.0
10/13/1995,14.42,14.75,14.17,14.67,0.5,0.0,436200.0
10/12/1995,14.25,14.42,14.17,14.17,-0.13,0.0,88500.0
10/11/1995,14.17,14.42,14.17,14.29,0.17,0.0,344700.0
10/10/1995,13.58,14.25,13.58,14.13,0.29,0.0,258599.0
10/09/1995,14.08,14.08,13.75,13.83,-0.08,0.0,308400.0
10/06/1995,13.75,14.17,13.75,13.92,0.25,0.0,178800.0
10/05/1995,13.67,13.92,13.42,13.67,-0.08,0.0,1265700.0
10/04/1995,14.25,14.25,13.67,13.75,-0.5,0.0,249300.0
10/03/1995,14.17,14.29,13.92,14.25,0.08,0.0,299100.0
10/02/1995,14.17,14.42,14.17,14.17,-0.5,0.0,256199.0
09/29/1995,14.58,14.88,14.5,14.67,0.17,0.0,327600.0
09/28/1995,14.08,14.67,14.08,14.5,0.42,0.0,321900.0
09/27/1995,14.29,14.42,14.0,14.08,-0.29,0.0,322800.0
09/26/1995,14.33,14.54,14.0,14.38,0.08,0.0,643800.0
09/25/1995,14.25,14.38,14.17,14.29,0.04,0.0,249300.0
09/22/1995,14.0,14.25,13.92,14.25,0.25,0.0,427800.0
09/21/1995,14.08,14.25,14.0,14.0,-0.25,0.0,514800.0
09/20/1995,13.83,14.33,13.67,14.25,0.58,0.0,543900.0
09/19/1995,13.83,13.83,13.67,13.67,0.08,0.0,300000.0
09/18/1995,13.33,13.58,13.25,13.58,0.25,0.0,426000.0
09/15/1995,13.08,13.5,13.08,13.33,0.17,0.0,690300.0
09/14/1995,13.04,13.17,13.0,13.17,0.08,0.0,880799.0
09/13/1995,13.08,13.25,13.0,13.08,-0.17,0.0,478500.0
09/12/1995,13.08,13.33,13.0,13.25,0.46,0.0,461700.0
09/11/1995,12.75,12.83,12.58,12.79,0.08,0.0,435900.0
09/08/1995,12.75,12.75,12.58,12.71,-0.04,0.0,202800.0
09/07/1995,12.67,12.75,12.58,12.75,0.08,0.0,365100.0
09/06/1995,12.75,12.75,12.58,12.67,-0.08,0.0,273900.0
09/05/1995,12.58,12.75,12.58,12.75,0.17,0.0,199200.0
09/01/1995,12.5,12.67,12.5,12.58,0.0,0.0,220800.0
08/31/1995,12.75,12.75,12.5,12.58,-0.17,0.0,207300.0
08/30/1995,12.5,12.83,12.33,12.75,0.42,0.0,213900.0
08/29/1995,12.67,12.67,12.33,12.33,-0.33,0.0,286500.0
08/28/1995,12.83,12.83,12.33,12.67,0.0,0.0,279000.0
08/25/1995,12.92,13.0,12.67,12.67,-0.38,0.0,116700.0
08/24/1995,13.08,13.21,12.92,13.04,-0.04,0.0,426600.0
08/23/1995,13.17,13.25,13.0,13.08,0.0,0.0,154800.0
08/22/1995,13.08,13.17,13.0,13.08,0.0,0.0,316800.0
08/21/1995,13.0,13.25,13.0,13.08,0.0,0.0,320700.0
08/18/1995,13.42,13.46,13.0,13.08,-0.17,0.0,526500.0
08/17/1995,13.08,13.42,13.08,13.25,0.17,0.0,448500.0
08/16/1995,12.92,13.25,12.75,13.08,0.17,0.0,220199.0
08/15/1995,13.0,13.0,12.83,12.92,-0.04,0.0,201900.0
08/14/1995,13.08,13.08,12.92,12.96,0.04,0.0,1056300.0
08/11/1995,13.08,13.08,12.92,12.92,0.0,0.0,34500.0
08/10/1995,12.92,13.08,12.92,12.92,0.0,0.0,258300.0
08/09/1995,12.92,13.08,12.67,12.92,0.08,0.0,232800.0
08/08/1995,12.83,12.92,12.58,12.83,0.25,0.0,709200.0
08/07/1995,12.83,12.92,12.58,12.58,0.0,0.0,464399.0
08/04/1995,12.0,12.58,11.92,12.58,0.58,0.0,760800.0
08/03/1995,12.0,12.17,11.75,12.0,-0.17,0.0,314100.0
08/02/1995,12.42,12.58,12.0,12.17,-0.42,0.0,346800.0
08/01/1995,12.5,12.58,12.08,12.58,0.08,0.0,621000.0
07/31/1995,12.67,12.67,12.33,12.5,-0.04,0.0,121500.0
07/28/1995,12.75,12.75,12.5,12.54,-0.13,0.0,136200.0
07/27/1995,12.75,12.75,12.58,12.67,0.04,0.0,141600.0
07/26/1995,12.92,12.92,12.63,12.63,-0.29,0.0,204300.0
07/25/1995,13.0,13.0,12.83,12.92,0.04,0.0,208800.0
07/24/1995,12.67,12.92,12.67,12.88,0.21,0.0,294000.0
07/21/1995,12.58,12.83,12.58,12.67,-0.08,0.0,140400.0
07/20/1995,12.5,12.75,12.5,12.75,0.25,0.0,147900.0
07/19/1995,12.83,12.83,12.5,12.5,-0.13,0.0,290400.0
07/18/1995,12.83,13.0,12.58,12.63,-0.21,0.0,267000.0
07/17/1995,12.83,13.0,12.83,12.83,-0.17,0.0,44400.0
07/14/1995,13.17,13.25,12.83,13.0,-0.25,0.0,226200.0
07/13/1995,13.17,13.25,13.17,13.25,0.08,0.0,54900.0
07/12/1995,13.08,13.25,13.08,13.17,0.08,0.0,392400.0
07/11/1995,12.83,13.17,12.83,13.08,0.08,0.0,237900.0
07/10/1995,12.83,13.08,12.75,13.0,0.21,0.0,219000.0
07/07/1995,12.75,12.83,12.58,12.79,0.21,0.0,370200.0
07/06/1995,12.33,12.75,12.33,12.58,0.08,0.0,405300.0
07/05/1995,12.17,12.5,12.0,12.5,0.42,0.0,236400.0
07/03/1995,11.83,12.21,11.83,12.08,0.25,0.0,171900.0
06/30/1995,12.17,12.42,11.83,11.83,-0.33,0.0,223200.0
06/29/1995,12.33,12.42,12.17,12.17,-0.25,0.0,64800.0
06/28/1995,12.5,12.5,12.25,12.42,0.0,0.0,284100.0
06/27/1995,12.5,12.5,12.33,12.42,0.08,0.0,439499.0
06/26/1995,12.5,12.58,12.33,12.33,-0.25,0.0,105900.0
06/23/1995,12.5,12.58,12.5,12.58,0.0,0.0,418200.0
06/22/1995,12.5,12.58,12.33,12.58,0.08,0.0,256800.0
06/21/1995,12.5,12.67,12.33,12.5,-0.08,0.0,170700.0
06/20/1995,12.5,12.67,12.33,12.58,0.13,0.0,229500.0
06/19/1995,12.42,12.5,12.33,12.46,0.04,0.0,460800.0
06/16/1995,12.33,12.42,12.25,12.42,0.08,0.0,525000.0
06/15/1995,12.0,12.33,11.83,12.33,0.5,0.0,503400.0
06/14/1995,11.75,12.0,11.75,11.83,-0.08,0.0,582900.0
06/13/1995,11.92,11.92,11.75,11.92,0.0,0.0,126000.0
06/12/1995,11.67,11.92,11.58,11.92,0.17,0.0,164100.0
06/09/1995,11.92,12.08,11.67,11.75,-0.17,0.0,210000.0
06/08/1995,12.08,12.08,11.92,11.92,-0.17,0.0,134700.0
06/07/1995,11.5,12.08,11.5,12.08,0.5,0.0,498600.0
06/06/1995,11.42,11.58,11.17,11.58,0.13,0.0,1149900.0
06/05/1995,11.42,11.58,11.33,11.46,-0.04,0.0,660300.0
06/02/1995,11.42,11.5,11.25,11.5,-0.08,0.0,588300.0
06/01/1995,11.5,11.58,11.33,11.58,0.08,0.0,436200.0
05/31/1995,11.67,11.67,11.25,11.5,-0.25,0.0,462900.0
05/30/1995,11.67,11.83,11.58,11.75,0.0,0.0,180000.0
05/26/1995,11.71,11.83,11.67,11.75,0.08,0.0,99000.0
05/25/1995,11.67,11.83,11.67,11.67,-0.17,0.0,561300.0
05/24/1995,11.83,11.83,11.67,11.83,0.13,0.0,419100.0
05/23/1995,11.83,11.83,11.67,11.71,-0.13,0.0,623400.0
05/22/1995,11.75,11.83,11.67,11.83,0.17,0.0,630300.0
05/19/1995,11.83,11.83,11.58,11.67,-0.17,0.0,940200.0
05/18/1995,11.96,11.96,11.75,11.83,0.0,0.0,187200.0
05/17/1995,11.75,11.96,11.67,11.83,0.08,0.0,623700.0
05/16/1995,11.58,11.75,11.58,11.75,0.08,0.0,668700.0
05/15/1995,11.83,11.83,11.58,11.67,-0.04,0.0,717900.0
05/12/1995,11.83,12.0,11.67,11.71,0.04,0.0,1255800.0
05/11/1995,12.0,12.0,11.5,11.67,-0.33,0.0,804000.0
05/10/1995,12.08,12.08,11.83,12.0,0.08,0.0,539700.0
05/09/1995,12.0,12.25,11.92,11.92,-0.17,0.0,210600.0
05/08/1995,12.33,12.42,12.08,12.08,-0.25,0.0,266700.0
05/05/1995,12.5,12.5,12.33,12.33,-0.13,0.0,259500.0
05/04/1995,12.67,12.75,12.33,12.46,-0.25,0.0,401700.0
05/03/1995,12.75,12.75,12.67,12.71,0.04,0.0,230100.0
05/02/1995,12.67,12.75,12.67,12.67,0.0,0.0,53100.0
05/01/1995,13.0,13.0,12.67,12.67,-0.17,0.0,295800.0
04/28/1995,13.0,13.25,12.83,12.83,-0.17,0.0,91800.0
04/27/1995,13.17,13.25,13.0,13.0,-0.13,0.0,48600.0
04/26/1995,13.0,13.25,13.0,13.13,0.0,0.0,76200.0
04/25/1995,13.25,13.25,13.0,13.13,-0.21,0.0,76200.0
04/24/1995,13.33,13.33,13.08,13.33,0.17,0.0,53400.0
04/21/1995,13.25,13.33,13.08,13.17,0.0,0.0,251100.0
04/20/1995,13.0,13.17,12.83,13.17,0.25,0.0,236700.0
04/19/1995,12.75,13.0,12.75,12.92,0.17,0.0,316200.0
04/18/1995,12.92,13.0,12.75,12.75,0.0,0.0,174300.0
04/17/1995,12.67,12.92,12.67,12.75,-0.17,0.0,134100.0
04/13/1995,12.67,12.92,12.67,12.92,0.25,0.0,145200.0
04/12/1995,12.83,12.83,12.67,12.67,0.0,0.0,197100.0
04/11/1995,12.92,13.0,12.67,12.67,-0.33,0.0,140700.0
04/10/1995,13.08,13.25,13.0,13.0,-0.17,0.0,256800.0
04/07/1995,13.17,13.25,13.04,13.17,0.0,0.0,351000.0
04/06/1995,13.08,13.17,12.92,13.17,0.08,0.0,217799.0
04/05/1995,12.75,13.08,12.75,13.08,0.29,0.0,272400.0
04/04/1995,12.75,12.83,12.58,12.79,0.08,0.0,351600.0
04/03/1995,12.75,12.83,12.5,12.71,0.21,0.0,192300.0
03/31/1995,12.42,12.75,12.33,12.5,0.17,0.0,367800.0
03/30/1995,12.5,12.67,12.33,12.33,-0.29,0.0,442200.0
03/29/1995,13.08,13.08,12.5,12.63,-0.29,0.0,531600.0
03/28/1995,13.0,13.08,12.83,12.92,-0.17,0.0,102000.0
03/27/1995,13.08,13.33,13.08,13.08,-0.17,0.0,323100.0
03/24/1995,13.0,13.33,12.83,13.25,0.25,0.0,444000.0
03/23/1995,13.08,13.08,13.0,13.0,-0.04,0.0,186300.0
03/22/1995,13.08,13.17,13.0,13.04,-0.04,0.0,138600.0
03/21/1995,13.17,13.33,13.08,13.08,-0.13,0.0,169200.0
03/20/1995,13.25,13.42,13.17,13.21,-0.21,0.0,233400.0
03/17/1995,13.17,13.42,13.17,13.42,0.17,0.0,141000.0
03/16/1995,13.25,13.33,13.17,13.25,0.0,0.0,251700.0
03/15/1995,13.25,13.25,13.08,13.25,0.0,0.0,427500.0
03/14/1995,13.17,13.25,13.08,13.25,0.08,0.0,172800.0
03/13/1995,13.08,13.17,13.08,13.17,0.0,0.0,69000.0
03/10/1995,13.08,13.17,13.08,13.17,-0.08,0.0,321900.0
03/09/1995,12.83,13.38,12.83,13.25,0.25,0.0,395100.0
03/08/1995,12.58,13.0,12.58,13.0,0.42,0.0,382500.0
03/07/1995,12.75,13.0,12.58,12.58,-0.42,0.0,184200.0
03/06/1995,12.83,13.0,12.75,13.0,0.17,0.0,108600.0
03/03/1995,12.83,13.0,12.67,12.83,0.17,0.0,118499.0
03/02/1995,12.58,12.83,12.58,12.67,0.08,0.0,159000.0
03/01/1995,12.58,12.75,12.5,12.58,-0.08,0.0,609300.0
02/28/1995,12.58,12.67,12.42,12.67,0.25,0.0,110099.0
02/27/1995,12.42,12.58,12.42,12.42,-0.13,0.0,46200.0
02/24/1995,12.42,12.58,12.42,12.54,-0.04,0.0,202500.0
02/23/1995,12.58,12.58,12.42,12.58,0.13,0.0,288300.0
02/22/1995,12.4,12.58,12.33,12.46,-0.04,0.0,375900.0
02/21/1995,12.42,12.5,12.33,12.5,0.0,0.0,204600.0
02/17/1995,12.25,12.5,12.25,12.5,0.08,0.0,509400.0
02/16/1995,12.25,12.42,12.25,12.42,0.0,0.0,340500.0
02/15/1995,12.08,12.42,12.08,12.42,0.17,0.0,475200.0
02/14/1995,12.08,12.33,12.08,12.25,0.08,0.0,151200.0
02/13/1995,12.42,12.42,12.08,12.17,-0.08,0.0,244800.0
02/10/1995,12.33,12.42,12.25,12.25,-0.17,0.0,170100.0
02/09/1995,12.21,12.42,12.08,12.42,0.17,0.0,210300.0
02/08/1995,12.17,12.25,12.08,12.25,0.08,0.0,130499.0
02/07/1995,12.17,12.25,12.08,12.17,0.08,0.0,447900.0
02/06/1995,12.0,12.17,12.0,12.08,0.17,0.0,244199.0
02/03/1995,11.92,12.17,11.75,11.92,0.0,0.0,564000.0
02/02/1995,11.75,11.92,11.58,11.92,0.29,0.0,234900.0
02/01/1995,11.5,11.75,11.5,11.63,0.13,0.0,296700.0
01/31/1995,12.0,12.0,11.5,11.5,-0.25,0.0,147900.0
01/30/1995,11.83,12.0,11.67,11.75,-0.08,0.0,572700.0
01/27/1995,11.42,11.83,11.42,11.83,0.33,0.0,218700.0
01/26/1995,11.5,11.5,11.42,11.5,0.08,0.0,212100.0
01/25/1995,11.67,11.67,11.42,11.42,-0.25,0.0,143700.0
01/24/1995,11.58,11.67,11.5,11.67,0.17,0.0,257100.0
01/23/1995,11.67,11.83,11.5,11.5,-0.33,0.0,482400.0
01/20/1995,12.08,12.17,11.58,11.83,-0.5,0.0,479700.0
01/19/1995,12.25,12.42,12.25,12.33,-0.08,0.0,291300.0
01/18/1995,12.67,12.83,12.25,12.42,-0.42,0.0,284400.0
01/17/1995,12.5,12.83,12.42,12.83,0.25,0.0,616200.0
01/16/1995,12.08,12.67,11.92,12.58,0.58,0.0,879899.0
01/13/1995,11.92,12.0,11.92,12.0,0.0,0.0,219900.0
01/12/1995,11.75,12.0,11.58,12.0,0.25,0.0,193500.0
01/11/1995,11.92,12.17,11.75,11.75,-0.17,0.0,111600.0
01/10/1995,11.92,12.17,11.92,11.92,-0.08,0.0,147300.0
01/09/1995,12.17,12.33,11.92,12.0,-0.25,0.0,142200.0
01/06/1995,12.42,12.42,12.17,12.25,0.0,0.0,404400.0
01/05/1995,12.58,12.92,12.17,12.25,-0.08,0.0,1164300.0
01/04/1995,12.0,12.33,11.92,12.33,0.42,0.0,489899.0
01/03/1995,11.83,12.0,11.75,11.92,0.0,0.0,309300.0
