12/26/2022,14.92,14.87,11.96,10.16,7.44
12/19/2022,14.91,14.85,11.6,9.81,7.32
12/12/2022,14.89,14.36,11.24,9.45,7.18
12/05/2022,14.87,13.75,10.86,9.09,7.04
11/28/2022,14.84,13.09,10.45,8.73,6.9
11/21/2022,14.81,12.37,10.05,8.37,6.76
11/14/2022,14.79,11.7,9.67,8.05,6.62
11/07/2022,13.82,11.04,9.26,7.72,6.48
10/31/2022,12.64,10.41,8.85,7.42,6.35
10/24/2022,11.33,9.74,8.34,7.12,6.21
10/17/2022,9.92,9.05,7.8,6.81,6.07
10/10/2022,8.6,8.36,7.29,6.51,5.93
10/03/2022,8.26,8.13,7.0,6.37,5.86
09/26/2022,8.18,7.96,6.76,6.2,5.81
09/19/2022,8.15,7.82,6.55,6.03,5.78
09/12/2022,8.18,7.74,6.37,5.89,5.73
09/05/2022,8.11,7.64,6.22,5.73,5.68
08/29/2022,8.0,7.48,6.06,5.57,5.63
08/22/2022,7.74,7.29,5.93,5.41,5.59
08/15/2022,7.48,6.93,5.81,5.25,5.56
08/08/2022,7.29,6.55,5.7,5.1,5.55
08/01/2022,7.16,6.22,5.59,4.98,5.54
07/25/2022,6.95,5.87,5.48,4.86,5.53
07/18/2022,6.83,5.55,5.32,4.77,5.53
07/11/2022,6.38,5.27,5.14,4.72,5.54
07/04/2022,5.81,5.01,4.96,4.65,5.54
06/27/2022,5.28,4.8,4.78,4.59,5.53
06/20/2022,4.78,4.64,4.62,4.55,5.53
06/13/2022,4.27,4.56,4.47,4.55,5.53
06/06/2022,4.17,4.7,4.42,4.62,5.58
05/30/2022,4.21,4.84,4.38,4.73,5.61
05/23/2022,4.33,4.96,4.35,4.83,5.65
05/16/2022,4.5,5.1,4.35,4.91,5.7
05/09/2022,4.86,5.08,4.38,5.0,5.76
05/02/2022,5.22,5.0,4.44,5.08,5.87
04/25/2022,5.47,4.91,4.47,5.15,6.0
04/18/2022,5.59,4.75,4.49,5.19,6.05
04/11/2022,5.7,4.59,4.5,5.24,6.11
04/04/2022,5.3,4.38,4.54,5.28,6.16
03/28/2022,4.79,4.14,4.59,5.3,6.2
03/21/2022,4.36,3.92,4.68,5.33,6.26
03/14/2022,3.9,3.75,4.76,5.35,6.3
03/07/2022,3.49,3.6,4.82,5.35,6.34
02/28/2022,3.46,3.69,4.96,5.43,6.42
02/21/2022,3.48,3.88,5.12,5.52,6.49
02/14/2022,3.48,4.03,5.27,5.58,6.53
02/07/2022,3.59,4.23,5.41,5.64,6.57
01/31/2022,3.71,4.41,5.56,5.69,6.6
01/24/2022,3.92,4.7,5.73,5.78,6.62
01/17/2022,4.27,5.04,5.89,5.87,6.65
01/10/2022,4.58,5.44,6.03,5.99,6.69
01/03/2022,4.88,5.77,6.16,6.1,6.72
12/27/2021,5.11,6.04,6.22,6.2,6.75
12/20/2021,5.47,6.23,6.3,6.28,6.77
12/13/2021,5.81,6.37,6.34,6.35,6.77
12/06/2021,6.29,6.5,6.35,6.42,6.79
11/29/2021,6.67,6.58,6.34,6.47,6.8
11/22/2021,6.96,6.72,6.34,6.5,6.82
11/15/2021,6.99,6.76,6.32,6.52,6.81
11/08/2021,6.93,6.74,6.29,6.53,6.8
11/01/2021,6.71,6.62,6.27,6.49,6.78
10/25/2021,6.49,6.54,6.26,6.47,6.75
10/18/2021,6.47,6.41,6.28,6.49,6.71
10/11/2021,6.52,6.37,6.31,6.52,6.68
10/04/2021,6.55,6.32,6.35,6.65,6.65
09/27/2021,6.53,6.21,6.38,6.86,6.62
09/20/2021,6.58,6.1,6.41,6.92,6.6
09/13/2021,6.36,5.96,6.4,6.97,6.56
09/06/2021,6.22,5.88,6.4,7.04,6.52
08/30/2021,6.08,5.84,6.42,7.1,6.48
08/23/2021,5.88,5.93,6.42,7.2,6.45
08/16/2021,5.61,5.98,6.44,7.24,6.42
08/09/2021,5.56,6.14,6.53,7.34,6.41
08/02/2021,5.54,6.24,6.59,7.41,6.4
07/26/2021,5.61,6.38,6.82,7.46,6.42
07/19/2021,5.97,6.56,7.18,7.48,6.46
07/12/2021,6.35,6.72,7.33,7.5,6.51
07/05/2021,6.73,6.83,7.48,7.5,6.58
06/28/2021,6.94,6.93,7.62,7.46,6.62
06/21/2021,7.15,7.0,7.73,7.43,6.65
06/14/2021,7.15,6.92,7.83,7.38,6.66
06/07/2021,7.1,6.9,7.88,7.35,6.61
05/31/2021,6.94,6.92,7.94,7.31,6.56
05/24/2021,6.91,6.94,7.99,7.25,6.5
05/17/2021,6.85,7.25,8.0,7.19,6.44
05/10/2021,6.69,7.8,7.93,7.16,6.39
05/03/2021,6.7,7.94,7.89,7.13,6.32
04/26/2021,6.9,8.12,7.83,7.14,6.27
04/19/2021,6.98,8.31,7.73,7.1,6.22
04/12/2021,7.66,8.46,7.65,7.06,6.18
04/05/2021,8.9,8.75,7.61,7.07,6.16
03/29/2021,9.17,8.86,7.57,7.02,6.14
03/22/2021,9.34,8.95,7.5,6.93,6.1
03/15/2021,9.64,9.03,7.41,6.84,6.07
03/08/2021,9.26,8.74,7.16,6.65,5.99
03/01/2021,8.59,8.07,6.83,6.39,5.89
02/22/2021,8.54,7.84,6.73,6.28,5.87
02/15/2021,8.57,7.53,6.65,6.14,5.83
02/08/2021,8.42,7.15,6.5,5.99,5.79
02/01/2021,8.23,6.84,6.37,5.86,5.76
01/25/2021,7.56,6.47,6.23,5.7,5.72
01/18/2021,7.14,6.29,6.1,5.6,5.72
01/11/2021,6.49,6.04,5.92,5.49,5.7
01/04/2021,5.88,5.79,5.74,5.39,5.67
12/28/2020,5.45,5.58,5.6,5.39,5.65
12/21/2020,5.38,5.6,5.56,5.44,5.64
12/14/2020,5.43,5.62,5.49,5.52,5.69
12/07/2020,5.59,5.76,5.45,5.66,5.76
11/30/2020,5.7,5.85,5.42,5.78,5.82
11/23/2020,5.72,5.9,5.38,5.88,5.87
11/16/2020,5.81,5.99,5.31,5.94,5.92
11/09/2020,5.81,5.91,5.25,5.87,5.96
11/02/2020,5.93,5.79,5.21,5.81,6.03
10/26/2020,6.0,5.69,5.19,5.74,6.09
10/19/2020,6.09,5.63,5.29,5.68,6.11
10/12/2020,6.16,5.52,5.37,5.62,6.13
10/05/2020,6.02,5.36,5.47,5.51,6.14
09/28/2020,5.65,5.14,5.61,5.4,6.14
09/21/2020,5.37,4.98,5.75,5.34,6.15
09/14/2020,5.17,4.85,5.86,5.29,6.16
09/07/2020,4.87,4.64,5.91,5.26,6.16
08/31/2020,4.71,4.59,5.85,5.26,6.19
08/24/2020,4.62,4.63,5.81,5.28,6.23
08/17/2020,4.59,4.69,5.77,5.3,6.27
08/10/2020,4.54,4.96,5.7,5.33,6.3
08/03/2020,4.41,5.22,5.68,5.39,6.35
07/27/2020,4.47,5.57,5.58,5.46,6.39
07/20/2020,4.63,6.09,5.53,5.52,6.44
07/13/2020,4.79,6.51,5.52,5.59,6.5
07/06/2020,5.38,6.87,5.51,5.66,6.54
06/29/2020,6.02,7.19,5.57,5.75,6.59
06/22/2020,6.67,7.11,5.6,5.84,6.66
06/15/2020,7.55,7.0,5.61,5.92,6.73
06/08/2020,8.24,6.85,5.6,5.95,6.8
06/01/2020,8.37,6.45,5.52,5.91,6.84
05/25/2020,8.35,6.14,5.47,5.84,6.89
05/18/2020,7.54,5.59,5.4,5.86,6.93
05/11/2020,6.46,4.96,5.24,5.85,6.91
05/04/2020,5.47,4.52,5.13,5.87,6.86
04/27/2020,4.53,4.14,5.06,5.87,6.82
04/20/2020,3.93,3.95,5.03,5.91,6.79
04/13/2020,3.63,4.09,5.2,6.06,6.81
04/06/2020,3.47,4.21,5.38,6.25,6.85
03/30/2020,3.57,4.35,5.5,6.43,6.89
03/23/2020,3.75,4.6,5.64,6.54,6.93
03/16/2020,3.96,4.8,5.68,6.63,6.96
03/09/2020,4.56,5.22,6.0,6.76,7.22
03/02/2020,4.95,5.51,6.3,6.88,7.49
02/24/2020,5.13,5.74,6.54,6.95,7.75
02/17/2020,5.44,5.97,6.73,7.04,7.99
02/10/2020,5.64,6.11,6.89,7.07,8.18
02/03/2020,5.87,6.31,7.04,7.12,8.33
01/27/2020,6.08,6.55,7.26,7.18,8.57
01/20/2020,6.35,6.65,7.48,7.24,8.82
01/13/2020,6.5,6.69,7.52,7.26,9.07
01/06/2020,6.58,6.56,7.54,7.31,9.33
12/30/2019,6.74,6.78,7.54,7.32,9.53
12/23/2019,7.02,7.08,7.56,7.35,9.74
12/16/2019,6.94,7.34,7.56,7.42,10.09
12/09/2019,6.87,7.5,7.57,7.43,10.37
12/02/2019,6.54,7.66,7.55,7.44,10.68
11/25/2019,6.82,7.77,7.53,7.49,11.0
11/18/2019,7.14,7.98,7.5,7.55,11.37
11/11/2019,7.73,8.3,7.53,7.64,11.82
11/04/2019,8.12,8.35,7.55,7.77,12.19
10/28/2019,8.77,8.52,7.68,7.94,12.55
10/21/2019,8.71,8.29,7.58,8.0,12.88
10/14/2019,8.83,8.04,7.48,7.97,13.22
10/07/2019,8.88,7.78,7.46,7.86,13.51
09/30/2019,8.57,7.64,7.39,7.78,13.76
09/23/2019,8.27,7.44,7.33,7.67,14.0
09/16/2019,7.87,7.29,7.35,7.57,14.2
09/09/2019,7.25,7.02,7.33,7.45,14.41
09/02/2019,6.68,6.76,7.31,7.35,14.61
08/26/2019,6.71,6.76,7.48,7.32,14.98
08/19/2019,6.61,6.84,7.64,7.29,15.27
08/12/2019,6.71,6.88,7.85,7.67,15.53
08/05/2019,6.78,6.93,7.93,8.1,15.82
07/29/2019,6.84,7.14,7.89,8.54,16.08
07/22/2019,6.81,7.15,7.84,8.95,16.35
07/15/2019,7.06,7.22,7.78,9.28,16.61
07/08/2019,7.04,7.4,7.71,9.54,16.86
07/01/2019,7.08,7.64,7.67,9.96,17.11
06/24/2019,7.43,7.86,7.64,10.41,17.36
06/17/2019,7.48,8.19,7.6,10.87,17.65
06/10/2019,7.38,8.45,7.52,11.35,17.95
06/03/2019,7.76,8.83,8.07,11.74,18.26
05/27/2019,8.19,8.93,8.68,12.12,18.6
05/20/2019,8.28,8.65,9.24,12.77,18.85
05/13/2019,8.9,8.54,9.86,13.32,19.21
05/06/2019,9.52,8.35,10.32,13.91,19.58
04/29/2019,9.9,8.02,10.61,14.51,19.89
04/22/2019,9.66,7.71,11.12,15.19,20.23
04/15/2019,9.02,7.43,11.68,16.0,20.56
04/08/2019,8.18,7.01,12.21,16.61,20.87
04/01/2019,7.17,6.59,12.79,17.17,21.2
03/25/2019,6.15,7.32,13.2,17.76,21.53
03/18/2019,5.76,8.44,13.72,18.48,21.89
03/11/2019,5.84,9.83,14.82,19.16,22.3
03/04/2019,5.84,11.17,15.7,19.74,22.69
02/25/2019,6.01,12.29,16.69,20.34,23.12
02/18/2019,8.49,13.21,17.76,20.84,23.49
02/11/2019,11.12,14.53,18.94,21.36,23.85
02/04/2019,13.82,15.93,20.28,21.87,24.25
01/28/2019,16.5,17.41,21.42,22.64,24.64
01/21/2019,18.56,19.0,22.46,23.24,25.03
01/14/2019,17.92,19.08,22.98,23.39,25.22
01/07/2019,17.94,19.0,23.51,23.55,25.41
12/31/2018,18.04,19.82,23.83,23.63,25.6
12/24/2018,18.32,20.24,24.03,23.74,25.78
12/17/2018,19.44,21.1,24.36,23.94,26.04
12/10/2018,20.24,22.31,24.65,24.19,26.29
12/03/2018,20.06,23.34,24.78,24.26,26.49
11/26/2018,21.6,24.63,24.84,24.31,26.76
11/19/2018,22.16,25.42,25.26,24.44,27.05
11/12/2018,22.76,25.91,25.37,24.55,27.3
11/05/2018,24.38,26.88,25.55,24.78,27.58
10/29/2018,26.62,28.01,25.82,25.09,27.86
10/22/2018,27.66,27.84,25.53,24.92,28.03
10/15/2018,28.68,27.82,25.49,25.11,28.2
10/08/2018,29.06,27.62,25.37,25.25,28.42
10/01/2018,29.38,26.99,25.13,25.27,28.48
09/24/2018,29.4,26.22,24.72,25.27,28.47
09/17/2018,28.02,25.05,24.15,25.13,28.34
09/10/2018,26.96,25.09,23.95,25.13,28.28
09/03/2018,26.18,24.82,23.87,25.24,28.25
08/27/2018,24.6,24.22,23.73,25.3,28.21
08/20/2018,23.04,23.63,23.63,25.3,28.18
08/13/2018,22.08,23.22,23.47,25.43,28.11
08/06/2018,23.22,23.16,23.75,25.63,27.93
07/30/2018,23.46,23.11,24.07,25.9,27.68
07/23/2018,23.84,23.26,24.42,26.15,27.46
07/16/2018,24.22,23.21,24.8,26.34,27.22
07/09/2018,24.36,23.24,25.17,26.63,26.99
07/02/2018,23.1,22.8,25.15,26.64,26.63
06/25/2018,22.76,22.91,25.45,26.82,26.32
06/18/2018,22.68,23.24,25.84,27.05,26.04
06/11/2018,22.2,23.62,26.14,27.26,25.74
06/04/2018,22.12,23.71,26.54,27.56,25.47
05/28/2018,22.5,24.34,26.87,27.81,25.19
05/21/2018,23.06,25.02,27.3,28.14,24.91
05/14/2018,23.8,25.57,27.6,28.39,24.64
05/07/2018,25.04,26.39,27.91,28.73,24.39
04/30/2018,25.3,27.09,28.33,29.21,24.18
04/23/2018,26.18,27.5,28.57,29.67,23.92
04/16/2018,26.98,27.98,28.78,30.04,23.64
04/09/2018,27.34,28.44,28.96,30.38,23.34
04/02/2018,27.74,28.65,29.09,30.64,23.01
03/26/2018,28.88,29.37,29.49,31.14,22.73
03/19/2018,28.82,29.4,29.55,31.3,22.35
03/12/2018,28.98,29.58,29.7,31.59,21.97
03/05/2018,29.54,29.62,29.8,31.69,21.62
02/26/2018,29.56,29.43,29.9,31.67,21.23
02/19/2018,29.86,29.56,30.27,31.55,20.86
02/12/2018,29.98,29.63,30.75,31.43,20.47
02/05/2018,30.18,29.57,31.08,31.26,20.07
01/29/2018,29.7,29.47,31.35,31.13,19.65
01/22/2018,29.3,29.52,31.63,31.06,19.26
01/15/2018,29.26,29.61,32.02,30.79,18.86
01/08/2018,29.28,29.7,32.25,30.23,18.48
01/01/2018,28.96,29.81,32.6,29.45,18.07
12/25/2017,29.24,29.98,32.73,28.77,17.7
12/18/2017,29.74,30.37,32.79,28.1,17.34
12/11/2017,29.96,30.97,32.55,27.35,16.95
12/04/2017,30.12,31.87,32.33,26.62,16.58
11/27/2017,30.66,32.58,32.1,25.83,16.23
11/20/2017,30.72,33.23,31.96,25.04,15.88
11/13/2017,31.0,33.74,31.83,24.22,15.52
11/06/2017,31.98,34.43,31.39,23.38,15.15
10/30/2017,33.62,34.79,30.5,22.56,14.79
10/23/2017,34.5,35.38,29.28,21.69,14.4
10/16/2017,35.74,35.47,28.16,20.89,14.05
10/09/2017,36.48,35.2,26.97,20.06,13.69
10/02/2017,36.88,34.13,25.55,19.15,13.25
09/25/2017,35.96,32.79,23.99,18.17,12.78
09/18/2017,36.26,31.62,22.45,17.24,12.33
09/11/2017,35.2,30.68,20.94,16.3,11.9
09/04/2017,33.92,29.92,19.47,15.38,11.48
08/28/2017,31.38,28.34,17.86,14.32,11.0
08/21/2017,29.62,26.21,16.45,13.39,10.6
08/14/2017,26.98,23.17,14.85,12.34,10.12
08/07/2017,26.16,20.85,13.61,11.55,9.77
07/31/2017,25.92,18.74,12.49,10.78,9.45
07/24/2017,25.3,16.96,11.66,10.16,9.2
07/17/2017,22.8,15.19,10.86,9.5,8.96
07/10/2017,19.36,13.28,10.05,8.88,8.7
07/03/2017,15.54,11.2,9.11,8.18,8.41
06/26/2017,11.56,9.01,8.11,7.46,8.09
06/19/2017,8.62,7.37,7.32,6.93,7.87
06/12/2017,7.58,6.69,6.99,6.72,7.82
06/05/2017,7.2,6.52,6.93,6.68,7.86
05/29/2017,6.86,6.36,6.9,6.64,7.9
05/22/2017,6.46,6.23,6.81,6.57,7.93
05/15/2017,6.12,6.36,6.76,6.54,7.97
05/08/2017,5.8,6.53,6.66,6.54,8.0
05/01/2017,5.84,6.81,6.68,6.63,8.06
04/24/2017,5.86,7.02,6.67,6.72,8.14
04/17/2017,6.0,7.2,6.69,6.82,8.21
04/10/2017,6.6,7.26,6.71,6.93,8.27
04/03/2017,7.26,7.28,6.74,7.01,8.34
03/27/2017,7.78,7.34,6.76,7.11,8.38
03/20/2017,8.18,7.43,6.78,7.21,8.44
03/13/2017,8.4,7.38,6.75,7.31,8.5
03/06/2017,7.92,7.15,6.64,7.35,8.52
02/27/2017,7.3,6.79,6.55,7.38,8.54
02/20/2017,6.9,6.54,6.54,7.43,8.57
02/13/2017,6.68,6.32,6.58,7.5,8.65
02/06/2017,6.36,6.17,6.63,7.58,8.73
01/30/2017,6.38,6.15,6.76,7.68,8.8
01/23/2017,6.28,6.19,6.88,7.8,8.88
01/16/2017,6.18,6.17,7.0,7.9,8.96
01/09/2017,5.96,6.12,7.11,7.99,9.05
01/02/2017,5.98,6.11,7.28,8.12,9.14
12/26/2016,5.92,6.12,7.46,8.25,9.22
12/19/2016,6.1,6.31,7.68,8.41,9.34
12/12/2016,6.16,6.54,7.88,8.53,9.43
12/05/2016,6.28,6.83,8.09,8.63,9.53
11/28/2016,6.24,7.09,8.29,8.72,9.64
11/21/2016,6.32,7.37,8.45,8.82,9.74
11/14/2016,6.52,7.57,8.61,8.92,9.85
11/07/2016,6.92,7.82,8.76,9.04,9.96
10/31/2016,7.38,8.09,8.92,9.15,10.09
10/24/2016,7.94,8.45,9.13,9.29,10.21
10/17/2016,8.42,8.79,9.31,9.39,10.33
10/10/2016,8.62,9.05,9.47,9.46,10.45
10/03/2016,8.72,9.21,9.52,9.5,10.54
09/26/2016,8.8,9.35,9.53,9.56,10.59
09/19/2016,8.96,9.48,9.53,9.6,10.68
09/12/2016,9.16,9.52,9.54,9.61,10.76
09/05/2016,9.48,9.64,9.59,9.66,10.88
08/29/2016,9.7,9.7,9.65,9.66,11.02
08/22/2016,9.9,9.75,9.69,9.67,11.14
08/15/2016,10.0,9.8,9.72,9.69,11.26
08/08/2016,9.88,9.83,9.69,9.69,11.39
08/01/2016,9.8,9.88,9.67,9.69,11.55
07/25/2016,9.7,9.83,9.64,9.71,11.72
07/18/2016,9.6,9.71,9.67,9.8,11.96
07/11/2016,9.6,9.58,9.66,9.88,12.13
07/04/2016,9.78,9.56,9.66,9.91,12.36
06/27/2016,9.96,9.54,9.67,9.96,12.4
06/20/2016,9.96,9.6,9.64,10.03,12.47
06/13/2016,9.82,9.62,9.64,10.1,12.56
06/06/2016,9.56,9.63,9.63,10.15,12.71
05/30/2016,9.34,9.55,9.62,10.19,12.85
05/23/2016,9.12,9.46,9.6,10.26,12.93
05/16/2016,9.24,9.45,9.66,10.33,13.04
05/09/2016,9.42,9.62,9.85,10.44,13.12
05/02/2016,9.7,9.73,10.03,10.55,13.2
04/25/2016,9.76,9.76,10.09,10.67,13.28
04/18/2016,9.8,9.79,10.17,10.77,13.37
04/11/2016,9.66,9.67,10.24,10.87,13.41
04/04/2016,9.82,9.65,10.35,11.02,13.41
03/28/2016,9.76,9.63,10.41,11.13,13.37
03/21/2016,9.76,9.69,10.52,11.28,13.38
03/14/2016,9.78,9.73,10.66,11.43,13.38
03/07/2016,9.68,9.86,10.77,11.58,13.39
02/29/2016,9.48,10.07,10.85,11.62,13.35
02/22/2016,9.5,10.33,10.97,11.76,13.33
02/15/2016,9.62,10.41,11.13,11.91,13.32
02/08/2016,9.68,10.54,11.27,12.1,13.31
02/01/2016,10.04,10.81,11.48,12.39,13.31
01/25/2016,10.66,11.04,11.71,12.6,13.26
01/18/2016,11.16,11.19,11.88,12.84,13.21
01/11/2016,11.2,11.34,12.07,13.09,13.19
01/04/2016,11.4,11.58,12.29,13.42,13.18
12/28/2015,11.58,11.68,12.44,13.73,13.16
12/21/2015,11.42,11.62,12.4,14.12,13.09
12/14/2015,11.22,11.6,12.48,14.38,13.05
12/07/2015,11.48,11.84,12.67,14.8,13.04
11/30/2015,11.76,11.99,12.89,14.84,13.02
11/23/2015,11.78,12.14,13.18,14.91,13.0
11/16/2015,11.82,12.37,13.38,15.02,13.0
11/09/2015,11.98,12.57,13.66,15.27,13.0
11/02/2015,12.2,12.8,13.96,15.5,13.02
10/26/2015,12.22,12.99,14.34,15.59,13.0
10/19/2015,12.5,13.2,14.76,15.74,13.01
10/12/2015,12.92,13.17,15.37,15.8,13.03
10/05/2015,13.16,13.35,15.77,15.84,13.05
09/28/2015,13.4,13.49,16.29,15.88,13.04
09/21/2015,13.76,13.78,16.26,15.97,13.03
09/14/2015,13.9,14.22,16.3,15.95,13.01
09/07/2015,13.42,14.38,16.35,15.79,12.99
08/31/2015,13.54,14.75,16.63,15.62,12.96
08/24/2015,13.58,15.12,16.85,15.48,12.96
08/17/2015,13.8,15.68,16.9,15.33,13.02
08/10/2015,14.54,16.31,17.02,15.19,13.08
08/03/2015,15.34,17.57,17.12,15.07,13.14
07/27/2015,15.96,18.18,17.08,14.91,13.1
07/20/2015,16.66,19.08,17.08,14.73,13.04
07/13/2015,17.56,18.74,17.06,14.52,12.97
07/06/2015,18.08,18.37,16.82,14.22,12.86
06/29/2015,19.8,18.31,16.5,13.91,12.78
06/22/2015,20.4,18.5,16.05,13.58,12.69
06/15/2015,21.5,18.58,15.67,13.29,12.6
06/08/2015,19.92,18.11,15.15,12.93,12.49
06/01/2015,18.66,17.72,14.64,12.58,12.38
05/25/2015,16.82,16.66,13.82,12.07,12.22
05/18/2015,16.6,15.98,13.27,11.71,12.12
05/11/2015,15.66,15.07,12.56,11.27,11.98
05/04/2015,16.3,15.38,12.41,11.21,12.08
04/27/2015,16.78,15.26,12.15,11.09,12.14
04/20/2015,16.5,14.68,11.72,10.97,12.2
04/13/2015,15.36,13.6,11.13,10.72,12.2
04/06/2015,14.48,12.75,10.65,10.53,12.2
03/30/2015,14.46,12.19,10.35,10.41,12.25
03/23/2015,13.74,11.55,10.01,10.28,12.26
03/16/2015,12.86,10.98,9.77,10.26,12.31
03/09/2015,11.84,10.56,9.58,10.25,12.41
03/02/2015,11.02,10.04,9.37,10.19,12.51
02/23/2015,9.92,9.43,9.12,10.08,12.57
02/16/2015,9.36,9.03,9.01,10.08,12.67
02/09/2015,9.1,8.75,9.12,10.18,12.78
02/02/2015,9.28,8.65,9.29,10.3,12.92
01/26/2015,9.06,8.55,9.43,10.44,13.04
01/19/2015,8.94,8.5,9.53,10.72,13.23
01/12/2015,8.7,8.47,9.65,10.97,13.42
01/05/2015,8.4,8.56,9.91,11.21,13.62
12/29/2014,8.02,8.6,10.1,11.3,13.8
12/22/2014,8.04,8.69,10.27,11.35,13.99
12/15/2014,8.06,8.81,10.41,11.42,14.19
12/08/2014,8.24,8.99,10.6,11.49,14.42
12/01/2014,8.72,9.49,10.9,11.65,14.68
11/24/2014,9.18,9.92,11.13,11.8,14.91
11/17/2014,9.34,10.3,11.39,11.91,15.11
11/10/2014,9.56,10.55,11.83,12.05,15.31
11/03/2014,9.74,10.82,12.22,12.18,15.5
10/27/2014,10.26,11.25,12.54,12.37,15.71
10/20/2014,10.66,11.6,12.65,12.52,15.91
10/13/2014,11.26,11.84,12.68,12.7,16.1
10/06/2014,11.54,12.01,12.73,12.96,16.3
09/29/2014,11.9,12.21,12.75,13.18,16.49
09/22/2014,12.24,12.31,12.74,13.43,16.66
09/15/2014,12.54,12.34,12.74,13.67,16.88
09/08/2014,12.42,12.47,12.72,13.87,17.08
09/01/2014,12.48,13.11,12.8,14.08,17.3
08/25/2014,12.52,13.62,12.86,14.24,17.53
08/18/2014,12.38,13.83,12.93,14.35,17.72
08/11/2014,12.14,13.7,12.98,14.57,17.92
08/04/2014,12.52,13.51,13.13,14.83,18.15
07/28/2014,13.74,13.44,13.44,15.05,18.39
07/21/2014,14.72,13.28,13.67,15.26,18.57
07/14/2014,15.28,13.16,14.0,15.38,18.79
07/07/2014,15.26,13.14,14.33,15.54,19.04
06/30/2014,14.5,12.97,14.58,15.65,19.31
06/23/2014,13.14,12.48,14.57,15.73,19.47
06/16/2014,11.84,12.1,14.55,15.86,19.6
06/09/2014,11.04,12.02,14.61,16.02,20.6
06/02/2014,11.02,12.26,15.01,16.3,21.63
05/26/2014,11.44,12.75,15.5,16.64,22.68
05/19/2014,11.82,13.43,15.86,16.96,23.72
05/12/2014,12.36,14.06,16.25,17.35,24.77
05/05/2014,13.0,14.83,16.49,17.7,25.83
04/28/2014,13.5,15.52,16.75,18.01,26.87
04/21/2014,14.06,16.18,16.99,18.3,27.82
04/14/2014,15.04,16.66,17.36,18.57,28.67
04/07/2014,15.76,16.99,17.75,18.82,29.55
03/31/2014,16.66,17.19,18.02,19.04,30.46
03/24/2014,17.54,17.75,18.32,19.3,31.47
03/17/2014,18.3,18.24,18.58,19.5,32.55
03/10/2014,18.28,18.28,18.72,19.65,33.55
03/03/2014,18.22,18.43,19.0,19.8,34.57
02/24/2014,17.72,18.15,19.13,19.89,35.69
02/17/2014,17.96,17.97,19.26,20.09,36.81
02/10/2014,18.18,17.79,19.37,20.28,37.78
02/03/2014,18.28,18.05,19.52,20.52,38.57
01/27/2014,18.64,18.5,19.74,20.81,39.47
01/20/2014,18.58,18.84,19.97,21.1,40.19
01/13/2014,17.98,18.89,20.08,21.27,40.94
01/06/2014,17.4,18.92,20.14,21.46,41.81
12/30/2013,17.82,19.16,20.33,21.72,42.5
12/23/2013,18.36,19.57,20.49,21.88,43.33
12/16/2013,19.1,20.11,20.77,22.2,44.24
12/09/2013,19.8,20.54,21.15,22.54,45.27
12/02/2013,20.44,20.94,21.52,22.97,46.27
11/25/2013,20.5,20.99,21.76,23.2,47.26
11/18/2013,20.78,20.98,21.97,23.34,48.57
11/11/2013,21.12,21.1,22.23,25.18,49.98
11/04/2013,21.28,21.26,22.46,26.97,51.44
10/28/2013,21.44,21.35,22.74,28.73,52.96
10/21/2013,21.48,21.5,23.0,30.48,54.32
10/14/2013,21.18,21.41,23.04,32.18,55.54
10/07/2013,21.08,21.42,23.24,33.96,56.76
09/30/2013,21.24,21.76,23.54,35.74,57.99
09/23/2013,21.26,22.1,23.99,37.34,59.08
09/16/2013,21.52,22.52,24.31,38.78,60.37
09/09/2013,21.64,22.96,24.52,40.28,62.34
09/02/2013,21.76,23.36,27.23,41.87,64.19
08/26/2013,22.28,23.66,29.82,43.64,65.99
08/19/2013,22.94,24.12,32.42,45.59,67.77
08/12/2013,23.52,24.5,34.97,47.45,69.43
08/05/2013,24.28,24.67,37.56,49.33,71.19
07/29/2013,24.96,25.06,40.23,51.48,72.77
07/22/2013,25.04,25.31,42.73,53.52,74.31
07/15/2013,25.3,25.87,44.96,55.29,75.97
07/08/2013,25.48,26.1,46.91,56.61,77.66
07/01/2013,25.06,26.07,48.95,58.13,79.11
06/24/2013,25.16,31.09,51.13,59.28,80.75
06/17/2013,25.58,35.98,53.63,60.61,82.22
06/10/2013,26.44,40.71,56.33,62.15,83.67
06/03/2013,26.72,45.44,58.93,63.28,85.01
05/27/2013,27.08,50.45,61.67,64.77,86.41
05/20/2013,37.02,55.39,64.69,66.28,88.06
05/13/2013,46.38,60.14,67.63,68.0,89.68
05/06/2013,54.98,64.05,70.0,69.57,91.27
04/29/2013,64.16,67.72,71.87,71.32,92.93
04/22/2013,73.82,71.82,74.16,73.81,94.6
04/15/2013,73.76,71.17,73.38,74.77,95.54
04/08/2013,73.9,71.28,72.93,75.91,96.57
04/01/2013,73.12,71.95,72.88,77.19,97.65
03/25/2013,71.28,72.42,72.2,78.15,98.7
03/18/2013,69.82,72.88,71.93,78.9,99.73
03/11/2013,68.58,73.98,71.72,79.56,100.69
03/04/2013,68.66,75.12,71.93,80.24,101.85
02/25/2013,70.78,75.94,72.34,80.82,103.16
02/18/2013,73.56,76.02,73.12,81.96,104.42
02/11/2013,75.94,76.49,74.81,84.39,106.19
02/04/2013,79.38,75.58,76.57,86.5,107.87
01/28/2013,81.58,74.58,78.23,88.34,109.22
01/21/2013,81.1,73.8,79.81,89.94,110.72
01/14/2013,78.48,71.98,81.02,91.4,112.23
01/07/2013,77.04,70.98,81.91,93.04,113.43
12/31/2012,71.78,69.46,82.36,94.07,114.62
12/24/2012,67.58,68.73,82.8,95.09,115.92
12/17/2012,66.5,68.73,83.26,96.66,117.44
12/10/2012,65.48,70.22,84.94,98.7,119.15
12/03/2012,64.92,73.12,88.34,100.09,120.47
11/26/2012,67.14,77.56,91.96,102.23,122.29
11/19/2012,69.88,81.87,95.22,103.83,123.78
11/12/2012,70.96,85.82,98.02,105.18,125.14
11/05/2012,74.96,90.05,101.11,106.73,126.83
10/29/2012,81.32,92.83,104.07,108.05,128.39
10/22/2012,87.98,95.25,106.37,109.84,129.9
10/15/2012,93.86,96.86,108.27,111.35,131.24
10/08/2012,100.68,97.78,110.63,112.96,132.66
10/01/2012,105.14,99.65,112.94,114.55,133.98
09/24/2012,104.34,103.55,113.58,115.39,135.07
09/17/2012,102.52,106.35,114.56,116.3,136.07
09/10/2012,99.86,108.56,114.81,117.24,137.45
09/03/2012,94.88,110.21,114.86,118.11,138.87
08/27/2012,94.16,112.16,115.08,119.25,140.5
08/20/2012,102.76,115.3,115.67,120.56,142.35
08/13/2012,110.18,117.49,117.14,121.81,144.12
08/06/2012,117.26,119.67,118.6,123.45,145.8
07/30/2012,125.54,123.47,120.55,125.51,147.18
07/23/2012,130.16,126.22,122.0,126.88,148.7
07/16/2012,127.84,123.61,121.31,127.99,149.57
07/09/2012,124.8,122.77,121.28,129.24,150.43
07/02/2012,122.08,121.06,121.58,130.11,151.35
06/25/2012,121.4,119.51,122.06,131.49,152.18
06/18/2012,122.28,117.99,122.8,133.07,152.64
06/11/2012,119.38,116.03,123.19,133.82,153.11
06/04/2012,120.74,116.78,123.97,135.17,153.41
05/28/2012,120.04,117.53,125.35,136.74,153.76
05/21/2012,117.62,117.63,126.53,138.23,153.95
05/14/2012,113.7,117.77,127.22,139.6,154.03
05/07/2012,112.68,119.01,130.18,140.85,154.37
04/30/2012,112.82,119.78,132.47,142.35,154.81
04/23/2012,115.02,122.09,134.63,143.73,155.24
04/16/2012,117.64,124.6,137.49,145.11,155.62
04/09/2012,121.84,127.61,140.61,146.92,156.21
04/02/2012,125.34,130.34,142.72,148.73,156.73
03/26/2012,126.74,131.15,144.37,149.96,156.92
03/19/2012,129.16,133.16,146.35,151.12,157.16
03/12/2012,131.56,135.43,148.53,152.37,157.25
03/05/2012,133.38,136.66,150.51,153.41,157.52
02/27/2012,135.34,141.34,151.78,154.75,157.87
02/20/2012,135.56,145.16,153.64,155.84,158.13
02/13/2012,137.16,147.17,154.55,157.67,158.29
02/06/2012,139.3,150.37,155.36,159.62,158.44
01/30/2012,139.94,153.6,156.57,161.75,158.5
01/23/2012,147.34,155.09,157.93,164.14,158.73
01/16/2012,154.76,157.58,159.36,166.44,159.02
01/09/2012,157.18,159.54,160.11,168.15,159.17
01/02/2012,161.44,161.62,160.84,168.86,159.23
12/26/2011,167.26,164.36,161.78,170.52,159.59
12/19/2011,162.84,162.21,161.46,171.15,159.53
12/12/2011,160.4,162.11,161.18,171.62,159.23
12/05/2011,161.9,161.92,162.92,172.59,159.15
11/28/2011,161.8,160.35,164.25,172.86,158.88
11/21/2011,161.46,159.54,165.83,172.21,158.71
11/14/2011,161.58,160.77,168.67,172.4,158.49
11/07/2011,163.82,161.14,170.87,171.65,157.49
10/31/2011,161.94,160.67,172.46,170.77,156.16
10/24/2011,158.9,160.05,172.48,169.68,154.76
10/17/2011,157.62,159.2,173.6,168.46,153.42
10/10/2011,159.96,160.71,175.63,167.88,152.28
10/03/2011,158.46,160.25,176.38,167.27,150.56
09/26/2011,159.4,163.92,177.93,166.76,149.14
09/19/2011,161.2,168.15,179.11,166.14,147.79
09/12/2011,160.78,172.11,178.55,165.5,146.4
09/05/2011,161.46,176.57,178.22,164.72,144.93
08/29/2011,162.04,180.6,176.91,163.87,143.32
08/22/2011,168.44,184.24,175.82,163.19,141.73
08/15/2011,175.1,184.9,174.5,162.14,140.17
08/08/2011,183.44,187.99,173.1,161.64,138.73
08/01/2011,191.68,190.54,171.47,160.98,137.17
07/25/2011,199.16,192.5,170.78,160.41,135.68
07/18/2011,200.04,191.94,168.18,158.92,133.76
07/11/2011,194.7,190.07,165.13,157.25,131.83
07/04/2011,192.54,184.99,162.2,155.25,129.85
06/27/2011,189.4,179.87,158.8,153.31,127.82
06/20/2011,185.84,173.21,155.51,151.6,125.77
06/13/2011,183.84,167.39,152.66,150.18,124.08
06/06/2011,185.44,164.09,150.76,149.6,122.77
05/30/2011,177.44,158.2,148.46,148.65,121.09
05/23/2011,170.34,152.4,146.21,147.9,119.47
05/16/2011,160.58,149.06,144.37,146.84,117.92
05/09/2011,150.94,144.42,142.41,145.71,116.29
05/02/2011,142.74,140.19,140.85,144.91,0.0
04/25/2011,138.96,139.4,140.38,145.2,0.0
04/18/2011,134.46,137.73,140.03,144.58,0.0
04/11/2011,137.54,137.81,140.79,143.32,0.0
04/04/2011,137.9,137.93,141.58,141.56,0.0
03/28/2011,137.64,137.43,142.36,139.84,0.0
03/21/2011,139.84,138.72,143.88,138.38,0.0
03/14/2011,141.0,140.01,145.65,136.68,0.0
03/07/2011,138.08,139.68,145.73,133.84,0.0
02/28/2011,137.96,140.39,146.36,131.51,0.0
02/21/2011,137.22,141.5,147.27,129.44,0.0
02/14/2011,137.6,141.35,148.1,127.3,0.0
02/07/2011,139.02,142.32,148.0,125.14,0.0
01/31/2011,141.28,143.77,146.08,122.77,0.0
01/24/2011,142.82,145.22,143.38,120.27,0.0
01/17/2011,145.78,147.29,141.04,118.2,0.0
01/10/2011,145.1,149.04,138.21,115.83,0.0
01/03/2011,145.62,151.28,135.02,113.36,0.0
12/27/2010,146.26,151.78,130.93,110.94,0.0
12/20/2010,147.62,152.32,127.07,108.61,0.0
12/13/2010,148.8,153.04,123.41,106.4,0.0
12/06/2010,152.98,154.85,120.28,104.45,0.0
11/29/2010,156.94,153.68,116.55,102.33,0.0
11/22/2010,157.3,148.38,112.27,99.93,0.0
11/15/2010,157.02,141.53,107.8,97.99,0.0
11/08/2010,157.28,134.79,103.66,95.93,0.0
11/01/2010,156.72,127.38,99.22,93.53,0.0
10/25/2010,150.42,118.75,94.4,91.03,0.0
10/18/2010,139.46,110.07,90.52,88.99,0.0
10/11/2010,126.04,101.82,86.76,86.88,0.0
10/04/2010,112.3,93.78,83.09,0.0,0.0
09/27/2010,98.04,85.7,79.25,0.0,0.0
09/20/2010,87.08,79.41,76.66,0.0,0.0
09/13/2010,80.68,76.15,75.71,0.0,0.0
09/06/2010,77.6,74.07,76.22,0.0,0.0
08/30/2010,75.26,72.53,76.5,0.0,0.0
08/23/2010,73.36,71.06,76.61,0.0,0.0
08/16/2010,71.74,70.05,77.18,0.0,0.0
08/09/2010,71.62,70.96,78.46,0.0,0.0
08/02/2010,70.54,71.69,79.41,0.0,0.0
07/26/2010,69.8,72.39,0.0,0.0,0.0
07/19/2010,68.76,72.8,0.0,0.0,0.0
07/12/2010,68.36,73.9,0.0,0.0,0.0
07/05/2010,70.3,75.27,0.0,0.0,0.0
06/28/2010,72.84,78.36,0.0,0.0,0.0
06/21/2010,74.98,80.47,0.0,0.0,0.0
06/14/2010,76.84,82.15,0.0,0.0,0.0
06/07/2010,79.44,84.3,0.0,0.0,0.0
05/31/2010,80.24,85.95,0.0,0.0,0.0
05/24/2010,83.88,87.12,0.0,0.0,0.0
05/17/2010,85.96,0.0,0.0,0.0,0.0
05/10/2010,87.46,0.0,0.0,0.0,0.0
05/03/2010,89.16,0.0,0.0,0.0,0.0
04/26/2010,91.66,0.0,0.0,0.0,0.0
04/19/2010,90.36,0.0,0.0,0.0,0.0
04/12/2010,0.0,0.0,0.0,0.0,0.0
04/05/2010,0.0,0.0,0.0,0.0,0.0
03/29/2010,0.0,0.0,0.0,0.0,0.0
03/22/2010,0.0,0.0,0.0,0.0,0.0
