12/26/2022,49.43,48.61,44.65,42.8,44.16
12/19/2022,49.73,47.85,44.35,42.51,44.03
12/12/2022,49.67,47.14,43.95,42.24,43.87
12/05/2022,49.85,46.32,43.65,41.86,43.66
11/28/2022,49.07,45.02,42.93,41.35,43.34
11/21/2022,47.78,43.98,42.26,40.96,43.03
11/14/2022,45.97,43.3,41.73,40.7,42.74
11/07/2022,44.61,42.67,41.31,40.56,42.48
10/31/2022,42.79,41.86,40.86,40.41,42.2
10/24/2022,40.97,41.02,40.27,40.22,41.88
10/17/2022,40.18,40.7,39.9,40.24,41.61
10/10/2022,40.62,40.86,39.83,40.51,41.46
10/03/2022,40.73,40.77,39.79,40.74,41.27
09/26/2022,40.94,40.98,39.62,41.06,41.11
09/19/2022,41.07,40.85,39.52,41.28,40.97
09/12/2022,41.21,40.55,39.45,41.47,40.76
09/05/2022,41.09,40.16,39.4,41.64,40.53
08/29/2022,40.81,39.94,39.51,41.91,40.33
08/22/2022,41.02,39.86,39.68,42.21,40.15
08/15/2022,40.63,39.53,39.82,42.43,39.95
08/08/2022,39.88,39.11,40.01,42.64,39.74
08/01/2022,39.24,38.81,40.34,42.99,39.54
07/25/2022,39.07,38.8,40.73,43.44,39.38
07/18/2022,38.69,38.27,41.1,43.76,39.2
07/11/2022,38.43,38.2,41.49,44.21,39.08
07/04/2022,38.34,38.36,41.94,44.52,38.96
06/27/2022,38.38,38.63,42.38,44.7,38.84
06/20/2022,38.53,39.08,42.89,44.83,38.68
06/13/2022,37.85,39.5,43.39,45.0,38.52
06/06/2022,37.96,40.11,43.88,45.31,38.37
05/30/2022,38.39,40.92,44.4,45.51,38.17
05/23/2022,38.88,41.86,45.08,45.56,37.98
05/16/2022,39.63,42.66,45.76,45.51,37.77
05/09/2022,41.15,43.92,46.5,45.46,37.62
05/02/2022,42.26,44.79,47.22,45.33,37.48
04/25/2022,43.45,45.51,47.6,45.1,37.33
04/18/2022,44.84,46.13,47.74,44.78,37.15
04/11/2022,45.7,46.71,47.71,44.4,36.89
04/04/2022,46.7,47.27,47.75,43.99,36.58
03/28/2022,47.32,47.65,47.91,43.53,36.24
03/21/2022,47.58,47.89,47.81,42.99,35.84
03/14/2022,47.42,48.3,47.41,42.4,35.37
03/07/2022,47.71,48.86,46.93,41.8,34.94
02/28/2022,47.85,49.07,46.23,41.17,34.48
02/21/2022,47.97,49.64,45.6,40.65,34.08
02/14/2022,48.2,49.69,44.9,40.05,33.64
02/07/2022,49.17,49.34,44.11,39.43,33.21
01/31/2022,50.01,48.71,43.24,38.76,32.75
01/24/2022,50.29,48.23,42.35,38.08,32.3
01/17/2022,51.31,48.18,41.48,37.48,31.84
01/10/2022,51.19,47.72,40.54,36.85,31.36
01/03/2022,49.5,46.52,39.45,36.09,30.82
12/27/2021,47.4,45.01,38.27,35.32,30.24
12/20/2021,46.16,43.39,37.21,34.65,29.69
12/13/2021,45.06,41.56,36.16,33.96,29.07
12/06/2021,44.25,40.1,35.22,33.4,28.53
11/29/2021,43.54,38.88,34.47,32.97,28.03
11/22/2021,42.61,37.77,33.79,32.53,27.55
11/15/2021,40.62,36.47,33.01,32.04,27.02
11/08/2021,38.07,34.77,32.13,31.43,26.45
11/01/2021,35.95,33.35,31.41,30.83,25.96
10/25/2021,34.22,32.38,30.88,30.41,25.53
10/18/2021,32.93,31.54,30.47,30.03,25.13
10/11/2021,32.32,31.04,30.28,29.77,24.79
10/04/2021,31.47,30.76,30.15,29.63,24.45
09/27/2021,30.75,30.34,30.04,29.56,24.13
09/20/2021,30.55,30.06,30.02,29.52,23.84
09/13/2021,30.14,29.8,29.91,29.39,23.54
09/06/2021,29.75,29.55,29.83,29.16,23.24
08/30/2021,30.04,29.49,29.75,28.95,23.0
08/23/2021,29.93,29.47,29.58,28.69,22.72
08/16/2021,29.58,29.37,29.42,28.34,22.44
08/09/2021,29.46,29.41,29.27,28.07,22.18
08/02/2021,29.34,29.53,29.14,27.8,21.95
07/26/2021,28.93,29.55,29.06,27.5,21.66
07/19/2021,29.01,29.74,29.18,27.23,21.41
07/12/2021,29.17,29.97,29.24,26.99,21.14
07/05/2021,29.36,30.02,29.19,26.73,20.87
06/28/2021,29.73,30.11,28.97,26.51,20.6
06/21/2021,30.17,30.02,28.68,26.21,20.35
06/14/2021,30.48,29.68,28.3,25.88,20.06
06/07/2021,30.76,29.46,27.82,25.55,19.78
05/31/2021,30.68,29.13,27.4,25.16,19.51
05/24/2021,30.5,28.75,26.94,24.73,19.22
05/17/2021,29.88,28.58,26.48,24.19,18.86
05/10/2021,28.88,28.61,25.97,23.66,18.55
05/03/2021,28.16,28.52,25.49,23.08,18.19
04/26/2021,27.58,28.36,25.09,22.56,17.93
04/19/2021,27.0,27.84,24.71,21.99,17.7
04/12/2021,27.27,27.34,24.3,21.47,17.5
04/05/2021,28.33,26.93,23.98,21.08,17.35
03/29/2021,28.88,26.18,23.6,20.66,17.18
03/22/2021,29.14,25.66,23.17,20.24,17.02
03/15/2021,28.67,25.13,22.72,19.81,16.87
03/08/2021,27.41,24.38,21.99,19.27,16.67
03/01/2021,25.52,23.34,21.19,18.7,16.44
02/22/2021,23.48,22.47,20.37,18.17,16.21
02/15/2021,22.18,21.82,19.66,17.68,16.02
02/08/2021,21.58,21.59,19.07,17.32,15.89
02/01/2021,21.36,21.25,18.53,17.04,15.78
01/25/2021,21.15,21.03,18.16,16.74,15.7
01/18/2021,21.46,21.02,17.9,16.55,15.65
01/11/2021,21.45,20.68,17.53,16.29,15.57
01/04/2021,21.6,20.31,17.16,16.09,15.49
12/28/2020,21.15,19.6,16.72,15.81,15.41
12/21/2020,20.9,19.04,16.39,15.58,15.32
12/14/2020,20.57,18.27,16.01,15.3,15.21
12/07/2020,19.9,17.5,15.61,15.01,15.11
11/30/2020,19.02,16.55,15.18,14.69,15.0
11/23/2020,18.05,15.81,14.93,14.5,14.94
11/16/2020,17.18,15.29,14.6,14.25,14.86
11/09/2020,15.96,14.78,14.31,14.0,14.79
11/02/2020,15.1,14.38,14.1,13.87,14.75
10/26/2020,14.08,14.01,13.98,13.72,14.72
10/19/2020,13.57,13.84,13.92,13.53,14.72
10/12/2020,13.41,13.73,13.85,13.43,14.7
10/05/2020,13.61,13.76,13.81,13.3,14.72
09/28/2020,13.65,13.71,13.77,13.3,14.74
09/21/2020,13.94,13.82,13.76,13.4,14.78
09/14/2020,14.1,14.06,13.85,13.54,14.84
09/07/2020,14.06,13.91,13.72,13.62,14.86
08/31/2020,13.92,13.84,13.62,13.69,14.87
08/24/2020,13.77,13.81,13.61,13.81,14.9
08/17/2020,13.69,13.95,13.57,13.93,14.92
08/10/2020,14.02,14.01,13.38,14.07,14.96
08/03/2020,13.75,13.98,13.28,14.17,14.98
07/27/2020,13.76,13.86,13.07,14.26,15.0
07/20/2020,13.85,13.83,13.09,14.36,15.05
07/13/2020,14.21,13.71,13.2,14.46,15.09
07/06/2020,14.0,13.64,13.28,14.52,15.11
06/29/2020,14.2,13.54,13.48,14.65,15.17
06/22/2020,13.96,13.39,13.62,14.75,15.22
06/15/2020,13.8,13.41,13.8,14.85,15.26
06/08/2020,13.21,13.19,13.92,14.9,15.28
06/01/2020,13.28,12.75,14.1,15.0,15.32
05/25/2020,12.87,12.59,14.27,15.06,15.36
05/18/2020,12.83,12.27,14.47,15.13,15.43
05/11/2020,13.02,12.36,14.62,15.2,15.49
05/04/2020,13.17,12.68,14.83,15.32,15.54
04/27/2020,12.23,12.92,14.97,15.37,15.57
04/20/2020,12.31,13.43,15.21,15.48,15.65
04/13/2020,11.72,13.84,15.43,15.57,15.72
04/06/2020,11.7,14.19,15.58,15.63,15.77
03/30/2020,12.2,14.65,15.76,15.72,15.82
03/23/2020,13.61,15.46,16.12,15.9,15.92
03/16/2020,14.54,15.94,16.29,15.97,15.96
03/09/2020,15.97,16.66,16.57,16.15,16.05
03/02/2020,16.69,16.89,16.62,16.18,16.07
02/24/2020,17.1,16.98,16.63,16.17,16.06
02/17/2020,17.3,17.02,16.6,16.14,16.04
02/10/2020,17.34,16.99,16.5,16.1,16.01
02/03/2020,17.35,17.01,16.44,16.05,15.95
01/27/2020,17.09,16.96,16.35,15.99,15.87
01/20/2020,16.87,16.86,16.26,15.91,15.82
01/13/2020,16.73,16.78,16.12,15.85,15.8
01/06/2020,16.64,16.64,15.99,15.78,15.77
12/30/2019,16.68,16.47,15.9,15.74,15.75
12/23/2019,16.83,16.36,15.83,15.74,15.75
12/16/2019,16.86,16.28,15.76,15.72,15.73
12/09/2019,16.84,16.19,15.7,15.69,15.72
12/02/2019,16.63,16.02,15.65,15.68,15.7
11/25/2019,16.27,15.86,15.56,15.69,15.7
11/18/2019,15.88,15.73,15.51,15.67,15.71
11/11/2019,15.7,15.65,15.43,15.65,15.71
11/04/2019,15.54,15.46,15.38,15.64,15.71
10/28/2019,15.4,15.35,15.35,15.66,15.74
10/21/2019,15.45,15.32,15.38,15.72,15.78
10/14/2019,15.58,15.31,15.43,15.78,15.8
10/07/2019,15.6,15.24,15.44,15.77,15.8
09/30/2019,15.38,15.22,15.45,15.76,15.81
09/23/2019,15.3,15.29,15.52,15.82,15.82
09/16/2019,15.19,15.27,15.6,15.87,15.84
09/09/2019,15.03,15.28,15.64,15.91,15.85
09/02/2019,14.87,15.22,15.65,15.92,0.0
08/26/2019,15.06,15.3,15.73,15.94,0.0
08/19/2019,15.28,15.36,15.81,15.95,0.0
08/12/2019,15.34,15.43,15.92,15.96,0.0
08/05/2019,15.53,15.55,16.02,15.96,0.0
07/29/2019,15.56,15.64,16.03,15.96,0.0
07/22/2019,15.53,15.68,16.03,15.94,0.0
07/15/2019,15.44,15.75,16.08,15.92,0.0
07/08/2019,15.52,15.94,16.18,15.86,0.0
07/01/2019,15.58,16.0,16.22,15.75,0.0
06/24/2019,15.72,16.09,16.27,15.73,0.0
06/17/2019,15.83,16.16,16.26,15.75,0.0
06/10/2019,16.06,16.26,16.25,15.77,0.0
06/03/2019,16.35,16.41,16.22,15.76,0.0
05/27/2019,16.42,16.5,16.16,15.76,0.0
05/20/2019,16.46,16.43,16.11,15.75,0.0
05/13/2019,16.5,16.39,16.06,15.74,0.0
05/06/2019,16.47,16.42,16.01,15.72,0.0
04/29/2019,16.47,16.42,15.81,15.72,0.0
04/22/2019,16.57,16.45,15.62,15.75,0.0
04/15/2019,16.4,16.44,15.55,15.77,0.0
04/08/2019,16.28,16.36,15.54,15.78,0.0
04/01/2019,16.37,16.23,15.52,15.82,0.0
03/25/2019,16.37,16.03,15.44,15.84,0.0
03/18/2019,16.32,15.83,15.39,15.81,0.0
03/11/2019,16.49,15.8,15.41,15.84,0.0
03/04/2019,16.45,15.74,15.42,15.86,0.0
02/25/2019,16.09,15.59,15.37,15.83,0.0
02/18/2019,15.69,15.21,15.37,15.8,0.0
02/11/2019,15.33,14.8,15.39,15.79,0.0
02/04/2019,15.11,14.66,15.43,0.0,0.0
01/28/2019,15.03,14.72,15.49,0.0,0.0
01/21/2019,15.1,14.81,15.61,0.0,0.0
01/14/2019,14.72,14.85,15.74,0.0,0.0
01/07/2019,14.26,14.96,15.81,0.0,0.0
12/31/2018,14.22,15.01,15.86,0.0,0.0
12/24/2018,14.41,15.1,15.91,0.0,0.0
12/17/2018,14.53,15.14,15.95,0.0,0.0
12/10/2018,14.97,15.52,16.1,0.0,0.0
12/03/2018,15.65,15.99,16.29,0.0,0.0
11/26/2018,15.81,16.2,0.0,0.0,0.0
11/19/2018,15.79,16.26,0.0,0.0,0.0
11/12/2018,15.75,16.41,0.0,0.0,0.0
11/05/2018,16.07,16.64,0.0,0.0,0.0
10/29/2018,16.33,16.66,0.0,0.0,0.0
10/22/2018,16.59,16.7,0.0,0.0,0.0
10/15/2018,16.73,16.73,0.0,0.0,0.0
10/08/2018,17.08,16.76,0.0,0.0,0.0
10/01/2018,17.21,16.68,0.0,0.0,0.0
09/24/2018,16.99,16.59,0.0,0.0,0.0
09/17/2018,16.8,0.0,0.0,0.0,0.0
09/10/2018,16.72,0.0,0.0,0.0,0.0
09/03/2018,16.45,0.0,0.0,0.0,0.0
08/27/2018,16.15,0.0,0.0,0.0,0.0
08/20/2018,16.2,0.0,0.0,0.0,0.0
08/13/2018,0.0,0.0,0.0,0.0,0.0
08/06/2018,0.0,0.0,0.0,0.0,0.0
07/30/2018,0.0,0.0,0.0,0.0,0.0
07/23/2018,0.0,0.0,0.0,0.0,0.0
