12/26/2022,0.85,1.05,1.25,1.5,2.05
12/19/2022,0.99,1.09,1.32,1.54,2.14
12/12/2022,1.11,1.14,1.38,1.59,2.22
12/05/2022,1.21,1.18,1.44,1.63,0.0
11/28/2022,1.28,1.21,1.5,1.65,0.0
11/21/2022,1.25,1.19,1.52,1.65,0.0
11/14/2022,1.19,1.2,1.56,1.65,0.0
11/07/2022,1.16,1.26,1.6,1.67,0.0
10/31/2022,1.15,1.32,1.64,1.68,0.0
10/24/2022,1.13,1.4,1.69,1.73,0.0
10/17/2022,1.13,1.45,1.72,1.77,0.0
10/10/2022,1.21,1.54,1.77,1.81,0.0
10/03/2022,1.35,1.63,1.82,1.84,0.0
09/26/2022,1.5,1.7,1.85,1.86,0.0
09/19/2022,1.66,1.78,1.87,1.89,0.0
09/12/2022,1.78,1.86,1.88,1.91,0.0
09/05/2022,1.88,1.92,1.88,1.92,0.0
08/29/2022,1.9,1.94,1.87,1.93,0.0
08/22/2022,1.9,1.96,1.87,1.94,0.0
08/15/2022,1.91,1.99,1.9,1.94,0.0
08/08/2022,1.94,2.0,1.93,1.95,0.0
08/01/2022,1.96,2.0,1.94,1.96,0.0
07/25/2022,1.98,2.01,1.95,1.98,0.0
07/18/2022,2.03,2.0,1.95,2.01,0.0
07/11/2022,2.06,1.95,1.94,2.05,0.0
07/04/2022,2.05,1.9,1.93,2.08,0.0
06/27/2022,2.04,1.84,1.93,2.19,0.0
06/20/2022,2.04,1.8,1.92,2.3,0.0
06/13/2022,1.98,1.77,1.93,2.4,0.0
06/06/2022,1.84,1.81,1.92,2.49,0.0
05/30/2022,1.75,1.86,1.93,2.61,0.0
05/23/2022,1.64,1.88,1.94,2.73,0.0
05/16/2022,1.55,1.89,1.97,2.85,0.0
05/09/2022,1.56,1.89,2.01,0.0,0.0
05/02/2022,1.78,1.94,2.1,0.0,0.0
04/25/2022,1.96,1.97,2.17,0.0,0.0
04/18/2022,2.12,2.02,2.37,0.0,0.0
04/11/2022,2.22,2.05,2.55,0.0,0.0
04/04/2022,2.22,2.09,2.72,0.0,0.0
03/28/2022,2.1,2.03,2.84,0.0,0.0
03/21/2022,1.97,2.0,2.99,0.0,0.0
03/14/2022,1.91,2.0,3.15,0.0,0.0
03/07/2022,1.88,2.05,3.33,0.0,0.0
02/28/2022,1.96,2.13,0.0,0.0,0.0
02/21/2022,1.97,2.26,0.0,0.0,0.0
02/14/2022,2.03,2.38,0.0,0.0,0.0
02/07/2022,2.1,2.72,0.0,0.0,0.0
01/31/2022,2.21,3.06,0.0,0.0,0.0
01/24/2022,2.3,3.35,0.0,0.0,0.0
01/17/2022,2.55,3.64,0.0,0.0,0.0
01/10/2022,2.73,3.97,0.0,0.0,0.0
01/03/2022,3.35,4.3,0.0,0.0,0.0
12/27/2021,3.91,4.62,0.0,0.0,0.0
12/20/2021,4.39,0.0,0.0,0.0,0.0
12/13/2021,4.73,0.0,0.0,0.0,0.0
12/06/2021,5.22,0.0,0.0,0.0,0.0
11/29/2021,5.24,0.0,0.0,0.0,0.0
11/22/2021,5.33,0.0,0.0,0.0,0.0
11/15/2021,0.0,0.0,0.0,0.0,0.0
11/08/2021,0.0,0.0,0.0,0.0,0.0
11/01/2021,0.0,0.0,0.0,0.0,0.0
10/25/2021,0.0,0.0,0.0,0.0,0.0
