12/26/2022,0.62,0.73,0.79,0.88,1.92
12/19/2022,0.68,0.74,0.82,0.89,2.02
12/12/2022,0.75,0.76,0.85,0.9,2.12
12/05/2022,0.83,0.79,0.87,0.91,2.23
11/28/2022,0.83,0.79,0.89,0.92,2.34
11/21/2022,0.83,0.78,0.91,0.92,2.45
11/14/2022,0.8,0.78,0.92,0.92,2.57
11/07/2022,0.77,0.79,0.93,0.93,2.69
10/31/2022,0.76,0.8,0.94,0.94,2.82
10/24/2022,0.74,0.82,0.95,0.97,2.95
10/17/2022,0.73,0.86,0.96,1.02,3.08
10/10/2022,0.76,0.9,0.97,1.08,3.2
10/03/2022,0.81,0.93,0.97,1.15,3.31
09/26/2022,0.84,0.95,0.97,1.22,3.43
09/19/2022,0.9,0.99,0.98,1.3,3.53
09/12/2022,0.99,1.03,0.99,1.38,3.64
09/05/2022,1.04,1.07,0.99,1.46,3.75
08/29/2022,1.05,1.06,1.0,1.54,3.86
08/22/2022,1.07,1.08,1.02,1.61,3.97
08/15/2022,1.08,1.08,1.04,1.68,4.08
08/08/2022,1.07,1.06,1.1,1.74,4.19
08/01/2022,1.09,1.04,1.17,1.83,4.3
07/25/2022,1.08,1.01,1.25,1.91,4.42
07/18/2022,1.08,0.99,1.35,2.04,4.64
07/11/2022,1.07,0.97,1.45,2.17,4.86
07/04/2022,1.05,0.94,1.55,2.29,5.08
06/27/2022,0.99,0.91,1.65,2.41,5.29
06/20/2022,0.95,0.93,1.78,2.53,5.44
06/13/2022,0.9,0.96,1.88,2.66,5.6
06/06/2022,0.87,1.0,1.98,2.8,5.76
05/30/2022,0.84,1.14,2.09,2.96,5.94
05/23/2022,0.84,1.29,2.22,3.14,6.11
05/16/2022,0.91,1.5,2.36,3.33,6.3
05/09/2022,1.02,1.72,2.56,3.55,6.48
05/02/2022,1.13,1.92,2.77,3.76,6.66
04/25/2022,1.44,2.16,2.97,3.98,6.83
04/18/2022,1.75,2.39,3.15,4.22,6.97
04/11/2022,2.09,2.62,3.32,4.45,7.12
04/04/2022,2.42,2.8,3.51,4.69,7.27
03/28/2022,2.72,2.97,3.7,4.93,7.43
03/21/2022,2.88,3.03,3.87,5.13,7.56
03/14/2022,3.03,3.15,4.06,5.33,7.69
03/07/2022,3.16,3.22,4.25,5.48,7.83
02/28/2022,3.19,3.4,4.46,5.63,7.99
02/21/2022,3.22,3.62,4.68,5.76,8.11
02/14/2022,3.19,3.78,4.9,5.91,8.19
02/07/2022,3.27,3.92,5.14,6.05,8.27
01/31/2022,3.28,4.02,5.36,6.18,8.34
01/24/2022,3.61,4.22,5.63,6.33,8.42
01/17/2022,4.03,4.43,5.91,6.49,8.4
01/10/2022,4.37,4.71,6.19,6.64,8.37
01/03/2022,4.56,4.97,6.42,6.77,8.33
12/27/2021,4.76,5.27,6.61,6.92,8.3
12/20/2021,4.83,5.53,6.75,7.24,8.24
12/13/2021,4.82,5.73,6.83,7.55,8.17
12/06/2021,5.04,6.01,6.97,7.87,8.11
11/29/2021,5.37,6.36,7.12,8.17,8.05
11/22/2021,5.77,6.71,7.25,8.36,8.0
11/15/2021,6.22,7.04,7.39,8.55,7.93
11/08/2021,6.65,7.4,7.52,8.73,7.87
11/01/2021,6.98,7.67,7.61,8.92,7.79
10/25/2021,7.34,7.87,7.67,9.09,7.7
10/18/2021,7.64,7.95,7.75,9.27,7.61
10/11/2021,7.87,7.97,8.1,9.41,7.5
10/04/2021,8.16,7.94,8.45,9.57,7.4
09/27/2021,8.35,7.94,8.8,9.68,7.3
09/20/2021,8.41,7.88,9.07,9.73,7.19
09/13/2021,8.25,7.8,9.18,9.79,7.07
09/06/2021,8.07,7.73,9.3,9.85,6.95
08/30/2021,7.71,7.63,9.39,9.92,6.83
08/23/2021,7.53,7.55,9.55,9.98,6.71
08/16/2021,7.35,7.47,9.7,10.05,6.59
08/09/2021,7.35,7.55,9.93,10.17,6.49
08/02/2021,7.4,8.23,10.13,10.35,6.38
07/26/2021,7.54,8.97,10.39,10.45,6.29
07/19/2021,7.57,9.65,10.55,10.47,6.17
07/12/2021,7.58,10.26,10.65,10.49,6.06
07/05/2021,7.75,10.57,10.79,10.51,5.96
06/28/2021,9.06,10.87,10.91,10.51,5.84
06/21/2021,10.4,11.16,11.07,10.32,5.73
06/14/2021,11.74,11.54,11.19,10.11,5.61
06/07/2021,12.94,11.94,11.34,9.9,5.5
05/31/2021,13.39,12.32,11.49,9.67,5.38
05/24/2021,12.68,12.03,11.41,9.23,5.15
05/17/2021,11.92,11.8,11.19,8.79,4.92
05/10/2021,11.35,11.46,10.88,8.35,4.69
05/03/2021,10.93,11.05,10.6,7.94,4.48
04/26/2021,11.25,11.0,10.48,7.64,4.32
04/19/2021,11.37,10.95,10.33,7.32,4.16
04/12/2021,11.68,10.97,9.89,7.0,4.01
04/05/2021,11.56,10.85,9.39,6.66,3.84
03/29/2021,11.16,10.74,8.88,6.31,3.67
03/22/2021,10.76,10.65,8.35,5.94,3.5
03/15/2021,10.53,10.79,7.84,5.6,3.34
03/08/2021,10.26,10.59,7.29,5.23,3.16
03/01/2021,10.13,10.31,6.8,4.91,3.01
02/22/2021,10.32,10.16,6.39,4.64,2.88
02/15/2021,10.55,9.95,5.96,4.35,2.74
02/08/2021,11.05,9.71,5.51,4.05,2.6
02/01/2021,10.91,8.82,5.02,3.74,2.44
01/25/2021,10.5,7.94,4.56,3.43,2.3
01/18/2021,10.0,7.02,4.09,3.13,2.15
01/11/2021,9.35,6.05,3.59,2.8,2.0
01/04/2021,8.37,4.88,3.0,2.41,1.81
12/28/2020,6.73,3.99,2.56,2.12,1.67
12/21/2020,5.38,3.28,2.21,1.88,1.56
12/14/2020,4.05,2.62,1.88,1.64,1.46
12/07/2020,2.75,1.96,1.56,1.41,1.37
11/30/2020,1.39,1.3,1.23,1.17,1.27
11/23/2020,1.25,1.22,1.19,1.14,1.28
11/16/2020,1.19,1.19,1.18,1.12,1.29
11/09/2020,1.18,1.16,1.18,1.1,1.31
11/02/2020,1.18,1.13,1.17,1.09,1.33
10/26/2020,1.2,1.12,1.18,1.07,1.34
10/19/2020,1.19,1.12,1.19,1.05,1.35
10/12/2020,1.18,1.14,1.17,1.04,1.37
10/05/2020,1.13,1.15,1.15,1.02,1.38
09/28/2020,1.08,1.15,1.13,1.01,1.39
09/21/2020,1.04,1.15,1.11,1.01,1.4
09/14/2020,1.06,1.17,1.1,1.01,1.42
09/07/2020,1.09,1.18,1.08,1.02,1.44
08/31/2020,1.17,1.2,1.07,1.04,1.47
08/24/2020,1.22,1.22,1.06,1.06,1.49
08/17/2020,1.26,1.24,1.04,1.07,1.5
08/10/2020,1.28,1.25,1.02,1.09,1.51
08/03/2020,1.27,1.21,0.99,1.11,1.52
07/27/2020,1.22,1.15,0.95,1.11,1.52
07/20/2020,1.22,1.11,0.94,1.14,1.52
07/13/2020,1.21,1.06,0.93,1.14,1.52
07/06/2020,1.23,1.03,0.94,1.15,1.53
06/29/2020,1.14,0.99,0.95,1.16,1.54
06/22/2020,1.08,0.95,0.96,1.18,1.55
06/15/2020,1.01,0.91,0.98,1.2,1.56
06/08/2020,0.91,0.85,0.99,1.21,1.57
06/01/2020,0.83,0.79,1.01,1.22,1.57
05/25/2020,0.83,0.78,1.06,1.24,1.6
05/18/2020,0.82,0.76,1.1,1.29,1.62
05/11/2020,0.81,0.76,1.15,1.33,1.64
05/04/2020,0.79,0.81,1.19,1.37,1.65
04/27/2020,0.75,0.85,1.22,1.41,1.66
04/20/2020,0.72,0.91,1.25,1.46,1.66
04/13/2020,0.7,0.97,1.29,1.51,1.67
04/06/2020,0.71,1.04,1.34,1.57,1.67
03/30/2020,0.83,1.14,1.39,1.61,1.68
03/23/2020,0.95,1.24,1.43,1.65,1.69
03/16/2020,1.09,1.34,1.47,1.7,1.69
03/09/2020,1.25,1.44,1.56,1.74,1.7
03/02/2020,1.37,1.53,1.61,1.78,1.71
02/24/2020,1.45,1.56,1.66,1.8,1.71
02/17/2020,1.53,1.59,1.7,1.83,1.7
02/10/2020,1.58,1.6,1.74,1.87,1.69
02/03/2020,1.62,1.61,1.78,1.89,1.68
01/27/2020,1.69,1.64,1.83,1.92,1.67
01/20/2020,1.68,1.65,1.85,1.93,1.65
01/13/2020,1.65,1.62,1.86,1.93,1.64
01/06/2020,1.61,1.6,1.87,1.93,1.63
12/30/2019,1.59,1.68,1.89,1.92,1.63
12/23/2019,1.59,1.69,1.9,1.91,1.62
12/16/2019,1.61,1.75,1.92,1.91,1.63
12/09/2019,1.59,1.81,1.96,1.9,1.63
12/02/2019,1.59,1.87,2.0,1.91,1.64
11/25/2019,1.76,1.96,2.04,1.92,1.64
11/18/2019,1.79,2.02,2.06,1.92,1.64
11/11/2019,1.89,2.06,2.07,1.92,1.65
11/04/2019,2.02,2.11,2.09,1.93,1.65
10/28/2019,2.16,2.15,2.09,1.95,1.65
10/21/2019,2.15,2.11,2.05,1.95,1.64
10/14/2019,2.25,2.12,2.02,1.95,1.63
10/07/2019,2.23,2.08,1.98,1.93,1.62
09/30/2019,2.19,2.11,1.95,1.91,1.61
09/23/2019,2.14,2.13,1.92,1.87,1.6
09/16/2019,2.07,2.12,1.9,1.82,1.59
09/09/2019,1.98,2.1,1.87,1.78,1.58
09/02/2019,1.93,2.07,1.85,1.74,1.57
08/26/2019,2.03,2.07,1.85,1.72,1.57
08/19/2019,2.11,2.04,1.86,1.69,1.57
08/12/2019,2.16,1.98,1.87,1.67,1.56
08/05/2019,2.21,1.92,1.87,1.64,1.56
07/29/2019,2.21,1.88,1.85,1.61,1.57
07/22/2019,2.11,1.79,1.8,1.56,1.57
07/15/2019,1.97,1.72,1.74,1.51,1.58
07/08/2019,1.8,1.68,1.68,1.46,1.57
07/01/2019,1.63,1.64,1.62,1.41,1.58
06/24/2019,1.56,1.64,1.58,1.38,1.6
06/17/2019,1.48,1.63,1.54,1.34,1.61
06/10/2019,1.48,1.67,1.52,1.33,1.62
06/03/2019,1.56,1.76,1.51,1.33,1.65
05/27/2019,1.65,1.81,1.5,1.34,1.67
05/20/2019,1.72,1.82,1.48,1.35,1.7
05/13/2019,1.78,1.81,1.45,1.35,1.72
05/06/2019,1.87,1.75,1.4,1.37,1.76
04/29/2019,1.96,1.68,1.35,1.37,1.79
04/22/2019,1.98,1.6,1.3,1.37,1.83
04/15/2019,1.91,1.52,1.24,1.37,1.84
04/08/2019,1.84,1.45,1.2,1.36,1.85
04/01/2019,1.64,1.37,1.16,1.35,1.86
03/25/2019,1.4,1.27,1.12,1.32,1.87
03/18/2019,1.22,1.19,1.1,1.31,1.88
03/11/2019,1.14,1.14,1.11,1.31,1.92
03/04/2019,1.06,1.08,1.12,1.31,1.95
02/25/2019,1.1,1.05,1.17,1.33,2.0
02/18/2019,1.14,1.02,1.21,1.35,2.04
02/11/2019,1.15,0.99,1.25,1.37,2.08
02/04/2019,1.13,0.97,1.29,1.4,2.13
01/28/2019,1.1,0.95,1.32,1.42,2.17
01/21/2019,1.0,0.95,1.34,1.44,2.22
01/14/2019,0.9,0.97,1.35,1.46,2.27
01/07/2019,0.84,1.01,1.38,1.49,2.33
12/31/2018,0.8,1.09,1.4,1.54,2.39
12/24/2018,0.79,1.17,1.43,1.58,2.47
12/17/2018,0.89,1.3,1.47,1.64,2.59
12/10/2018,1.04,1.41,1.52,1.69,2.71
12/03/2018,1.18,1.51,1.56,1.76,2.83
11/26/2018,1.37,1.61,1.61,1.82,2.95
11/19/2018,1.54,1.69,1.66,1.87,3.07
11/12/2018,1.7,1.73,1.69,1.92,3.17
11/05/2018,1.78,1.73,1.7,1.96,3.28
10/29/2018,1.84,1.74,1.73,2.01,3.39
10/22/2018,1.85,1.72,1.76,2.04,3.54
10/15/2018,1.84,1.69,1.79,2.1,3.69
10/08/2018,1.75,1.65,1.82,2.15,3.8
10/01/2018,1.67,1.63,1.83,2.21,3.91
09/24/2018,1.64,1.62,1.88,2.28,4.02
09/17/2018,1.58,1.61,1.92,2.31,4.13
09/10/2018,1.55,1.64,1.96,2.34,4.28
09/03/2018,1.54,1.65,2.02,2.38,4.41
08/27/2018,1.59,1.68,2.08,2.41,4.57
08/20/2018,1.59,1.71,2.15,2.46,4.71
08/13/2018,1.64,1.81,2.21,2.53,4.84
08/06/2018,1.73,1.89,2.3,2.59,4.99
07/30/2018,1.76,1.98,2.4,2.66,5.11
07/23/2018,1.76,2.03,2.49,2.73,5.23
07/16/2018,1.84,2.14,2.62,2.79,5.36
07/09/2018,1.98,2.23,2.66,2.85,5.48
07/02/2018,2.06,2.29,2.69,2.92,5.58
06/25/2018,2.2,2.38,2.74,3.0,5.71
06/18/2018,2.31,2.49,2.78,3.09,5.84
06/11/2018,2.45,2.58,2.83,3.17,6.01
06/04/2018,2.48,2.61,2.88,3.24,6.18
05/28/2018,2.52,2.7,2.94,3.36,6.35
05/21/2018,2.55,2.81,3.0,3.54,6.53
05/14/2018,2.66,2.95,3.07,3.73,6.72
05/07/2018,2.72,3.09,3.11,3.9,6.92
04/30/2018,2.74,3.09,3.17,4.08,7.13
04/23/2018,2.89,3.09,3.24,4.26,7.33
04/16/2018,3.07,3.1,3.31,4.42,7.49
04/09/2018,3.25,3.08,3.39,4.59,7.64
04/02/2018,3.47,3.07,3.46,4.77,7.81
03/26/2018,3.45,3.16,3.55,5.04,7.98
03/19/2018,3.3,3.19,3.69,5.28,8.17
03/12/2018,3.14,3.2,3.91,5.44,8.35
03/05/2018,2.92,3.19,4.11,5.61,8.5
02/26/2018,2.68,3.13,4.3,5.76,8.68
02/19/2018,2.87,3.24,4.57,5.96,8.9
02/12/2018,3.07,3.38,4.84,6.21,9.11
02/05/2018,3.26,3.52,5.08,6.45,9.35
01/29/2018,3.47,3.7,5.34,6.72,9.55
01/22/2018,3.58,3.85,5.62,6.96,9.75
01/15/2018,3.62,3.94,5.99,7.15,9.94
01/08/2018,3.69,4.2,6.33,7.39,10.16
01/01/2018,3.79,4.62,6.57,7.56,10.38
12/25/2017,3.94,5.03,6.82,7.73,10.6
12/18/2017,4.13,5.47,7.07,7.94,10.74
12/11/2017,4.26,5.89,7.32,8.1,10.9
12/04/2017,4.72,6.31,7.63,8.25,11.07
11/27/2017,5.44,6.64,7.92,8.42,11.23
11/20/2017,6.13,6.98,8.23,8.59,11.43
11/13/2017,6.8,7.4,8.51,8.85,11.58
11/06/2017,7.52,8.04,8.76,9.12,11.71
10/30/2017,7.9,8.47,8.98,9.34,11.78
10/23/2017,7.83,8.52,9.03,9.52,11.8
10/16/2017,7.84,8.61,9.09,9.72,11.81
10/09/2017,7.99,8.68,9.17,9.95,11.82
10/02/2017,8.55,8.74,9.2,10.18,11.84
09/25/2017,9.03,8.95,9.21,10.4,11.85
09/18/2017,9.21,9.2,9.32,10.55,11.87
09/11/2017,9.37,9.49,9.4,10.69,11.88
09/04/2017,9.37,9.62,9.57,10.85,11.87
08/28/2017,8.93,9.49,9.67,10.92,11.83
08/21/2017,8.86,9.49,9.78,11.05,11.79
08/14/2017,9.18,9.54,10.01,11.25,11.79
08/07/2017,9.6,9.57,10.28,11.39,11.78
07/31/2017,9.87,9.66,10.59,11.6,11.76
07/24/2017,10.04,9.66,10.9,11.84,11.76
07/17/2017,10.12,9.48,11.13,12.02,11.75
07/10/2017,9.9,9.44,11.23,12.25,11.73
07/03/2017,9.53,9.31,11.29,12.38,11.68
06/26/2017,9.45,9.53,11.46,12.54,11.66
06/19/2017,9.28,9.85,11.64,12.73,11.65
06/12/2017,8.84,10.07,11.83,12.94,11.64
06/05/2017,8.98,10.49,12.1,13.2,11.68
05/29/2017,9.09,10.99,12.31,13.46,11.7
05/22/2017,9.6,11.51,12.57,13.55,11.68
05/15/2017,10.41,12.14,12.93,13.7,11.67
05/08/2017,11.3,12.79,13.28,13.9,11.65
05/01/2017,11.99,13.02,13.65,14.03,11.62
04/24/2017,12.88,13.26,13.92,14.28,11.6
04/17/2017,13.42,13.39,14.04,14.31,11.54
04/10/2017,13.86,13.44,14.17,14.3,11.45
04/03/2017,14.27,13.59,14.38,14.21,11.37
03/27/2017,14.05,13.72,14.56,14.09,11.27
03/20/2017,13.64,13.63,14.7,13.91,11.16
03/13/2017,13.36,13.63,14.57,13.7,11.05
03/06/2017,13.01,13.72,14.49,13.49,10.95
02/27/2017,12.9,13.78,14.46,13.29,10.86
02/20/2017,13.38,14.28,14.53,13.18,10.85
02/13/2017,13.61,14.58,14.78,13.07,10.89
02/06/2017,13.9,14.7,14.77,12.89,10.91
01/30/2017,14.43,14.91,14.73,12.73,10.94
01/23/2017,14.66,15.17,14.52,12.54,10.93
01/16/2017,15.17,15.4,14.27,12.32,10.93
01/09/2017,15.55,15.78,14.05,12.16,10.94
01/02/2017,15.49,15.52,13.73,11.93,10.91
12/26/2016,15.38,15.25,13.38,11.69,10.84
12/19/2016,15.67,15.13,13.04,11.48,10.8
12/12/2016,15.63,14.79,12.64,11.21,10.68
12/05/2016,16.01,14.99,12.31,10.98,10.6
11/28/2016,15.54,14.84,11.98,10.78,10.52
11/21/2016,15.12,14.56,11.64,10.57,10.43
11/14/2016,14.59,13.88,11.23,10.34,10.31
11/07/2016,13.95,13.14,10.79,10.16,10.22
10/31/2016,13.96,12.33,10.35,9.93,10.15
10/24/2016,14.13,11.95,10.14,9.8,10.17
10/17/2016,13.99,11.51,9.9,9.63,10.16
10/10/2016,13.17,10.95,9.66,9.41,10.14
10/03/2016,12.33,10.49,9.41,9.21,10.13
09/26/2016,10.69,9.64,8.98,8.92,10.08
09/19/2016,9.77,9.13,8.75,8.77,10.1
09/12/2016,9.02,8.73,8.58,8.61,10.15
09/05/2016,8.73,8.57,8.57,8.53,10.26
08/29/2016,8.64,8.43,8.67,8.46,10.42
08/22/2016,8.59,8.38,8.73,8.41,10.55
08/15/2016,8.49,8.32,8.72,8.4,10.67
08/08/2016,8.44,8.3,8.7,8.41,10.79
08/01/2016,8.41,8.37,8.64,8.43,10.91
07/25/2016,8.22,8.34,8.58,8.51,11.03
07/18/2016,8.16,8.33,8.55,8.71,11.18
07/11/2016,8.15,8.37,8.6,8.93,11.33
07/04/2016,8.16,8.43,8.55,9.15,11.44
06/27/2016,8.33,8.58,8.5,9.32,11.56
06/20/2016,8.46,8.91,8.47,9.54,11.66
06/13/2016,8.49,9.09,8.42,9.73,11.75
06/06/2016,8.59,9.13,8.44,9.88,11.86
05/30/2016,8.69,9.1,8.46,10.0,11.95
05/23/2016,8.82,8.91,8.47,10.11,12.03
05/16/2016,9.35,8.82,8.59,10.16,12.08
05/09/2016,9.69,8.78,8.91,10.21,12.16
05/02/2016,9.66,8.82,9.21,10.25,12.25
04/25/2016,9.5,8.67,9.51,10.29,12.35
04/18/2016,9.0,8.43,9.69,10.28,12.43
04/11/2016,8.28,8.04,9.85,10.28,12.51
04/04/2016,7.87,7.75,10.04,10.38,12.62
03/28/2016,7.98,7.75,10.26,10.54,12.75
03/21/2016,7.84,7.83,10.46,10.69,12.8
03/14/2016,7.86,8.02,10.71,10.87,12.83
03/07/2016,7.79,8.37,10.84,11.05,12.85
02/29/2016,7.63,9.04,10.93,11.25,12.83
02/22/2016,7.51,9.61,10.97,11.42,12.8
02/15/2016,7.82,10.36,11.1,11.7,12.8
02/08/2016,8.18,10.96,11.2,11.99,12.78
02/01/2016,8.95,11.67,11.4,12.37,12.76
01/25/2016,10.44,12.34,11.69,12.69,12.74
01/18/2016,11.7,12.78,11.94,12.95,12.71
01/11/2016,12.89,13.09,12.12,13.17,12.69
01/04/2016,13.73,13.39,12.3,13.38,12.64
12/28/2015,14.38,13.31,12.39,13.55,12.56
12/21/2015,14.23,12.83,12.36,13.65,12.43
12/14/2015,13.85,12.34,12.33,13.73,12.3
12/07/2015,13.28,11.84,12.37,13.73,12.16
11/30/2015,13.05,11.45,12.51,13.81,12.05
11/23/2015,12.23,11.13,12.73,13.79,11.91
11/16/2015,11.42,11.04,12.87,13.77,11.8
11/09/2015,10.82,11.1,13.03,13.84,11.71
11/02/2015,10.39,11.15,13.21,13.9,11.63
10/26/2015,9.85,11.2,13.38,13.95,11.56
10/19/2015,10.03,11.47,13.67,14.0,11.52
10/12/2015,10.66,11.9,14.06,14.1,11.51
10/05/2015,11.38,12.33,14.42,14.24,11.48
09/28/2015,11.91,12.9,14.68,14.41,11.45
09/21/2015,12.55,13.58,14.99,14.59,11.44
09/14/2015,12.9,14.33,15.12,14.73,11.41
09/07/2015,13.13,14.69,15.13,14.87,11.35
08/31/2015,13.27,14.96,15.21,14.97,11.26
08/24/2015,13.89,15.28,15.28,14.92,11.21
08/17/2015,14.6,15.56,15.33,14.79,11.15
08/10/2015,15.75,15.87,15.27,14.64,11.07
08/03/2015,16.25,16.22,15.21,14.4,10.97
07/27/2015,16.65,16.52,15.19,14.18,10.88
07/20/2015,16.66,16.47,15.16,13.9,10.76
07/13/2015,16.52,16.4,15.1,13.56,10.63
07/06/2015,15.98,15.91,14.94,13.14,10.47
06/29/2015,16.19,15.57,14.96,12.78,10.35
06/22/2015,16.38,15.46,14.97,12.48,10.25
06/15/2015,16.27,15.28,14.74,12.21,10.17
06/08/2015,16.27,15.1,14.41,11.9,10.09
06/01/2015,15.83,14.68,14.03,11.58,10.01
05/25/2015,14.94,14.19,13.5,11.21,9.92
05/18/2015,14.53,13.87,13.01,10.87,9.86
05/11/2015,14.28,13.86,12.62,10.58,9.83
05/04/2015,13.92,13.8,12.15,10.29,9.83
04/27/2015,13.53,13.97,11.76,10.04,9.85
04/20/2015,13.44,14.36,11.39,9.84,9.88
04/13/2015,13.21,14.49,11.0,9.58,9.89
04/06/2015,13.44,14.21,10.67,9.36,9.93
03/30/2015,13.68,13.73,10.3,9.17,9.94
03/23/2015,14.41,13.39,10.04,9.04,9.99
03/16/2015,15.27,12.8,9.73,8.91,10.01
03/09/2015,15.77,12.14,9.37,8.72,10.02
03/02/2015,14.97,11.37,8.95,8.49,10.03
02/23/2015,13.77,10.5,8.53,8.28,10.02
02/16/2015,12.36,9.54,8.07,8.09,10.01
02/09/2015,10.33,8.43,7.58,7.82,9.96
02/02/2015,8.51,7.51,7.12,7.56,9.92
01/26/2015,7.77,7.14,6.94,7.5,9.95
01/19/2015,7.22,6.87,6.89,7.5,10.08
01/12/2015,6.72,6.69,6.87,7.5,10.21
01/05/2015,6.53,6.65,6.97,7.55,10.33
12/29/2014,6.5,6.6,7.01,7.58,10.45
12/22/2014,6.5,6.52,7.05,7.61,10.56
12/15/2014,6.52,6.57,7.17,7.69,10.78
12/08/2014,6.65,6.6,7.36,7.8,11.04
12/01/2014,6.77,6.72,7.52,7.92,11.32
11/24/2014,6.7,6.73,7.59,8.02,11.56
11/17/2014,6.54,6.75,7.68,8.14,11.8
11/10/2014,6.62,6.9,7.82,8.28,12.05
11/03/2014,6.54,7.06,7.91,8.44,12.3
10/27/2014,6.67,7.28,7.99,8.62,12.55
10/20/2014,6.76,7.42,8.07,8.84,12.8
10/13/2014,6.96,7.59,8.16,9.08,13.05
10/06/2014,7.18,7.78,8.26,9.36,13.3
09/29/2014,7.57,8.13,8.41,9.67,13.52
09/22/2014,7.89,8.31,8.52,9.92,13.72
09/15/2014,8.08,8.45,8.67,10.2,13.93
09/08/2014,8.21,8.6,8.83,10.5,14.13
09/01/2014,8.37,8.74,8.96,10.72,14.31
08/25/2014,8.68,8.77,9.13,10.93,14.5
08/18/2014,8.73,8.71,9.29,11.11,14.64
08/11/2014,8.81,8.73,9.55,11.33,14.78
08/04/2014,8.99,8.73,9.83,11.56,14.92
07/28/2014,9.1,8.74,10.16,11.76,15.06
07/21/2014,8.85,8.69,10.44,11.93,15.19
07/14/2014,8.68,8.73,10.73,12.1,15.35
07/07/2014,8.64,8.9,11.07,12.29,15.53
06/30/2014,8.47,9.06,11.44,12.41,15.72
06/23/2014,8.37,9.19,11.71,12.67,15.91
06/16/2014,8.52,9.5,12.01,12.92,16.08
06/09/2014,8.77,9.87,12.31,13.12,16.26
06/02/2014,9.15,10.38,12.63,13.32,16.39
05/26/2014,9.64,10.93,12.98,13.5,16.54
05/19/2014,10.01,11.58,13.27,13.86,16.65
05/12/2014,10.48,12.19,13.55,14.27,16.77
05/05/2014,10.97,12.73,13.78,14.72,16.91
04/28/2014,11.61,13.25,13.99,15.1,17.02
04/21/2014,12.21,13.83,14.08,15.46,17.13
04/14/2014,13.15,14.24,14.4,15.82,17.21
04/07/2014,13.9,14.52,14.63,16.15,17.26
03/31/2014,14.49,14.75,14.74,16.48,17.29
03/24/2014,14.89,14.87,14.79,16.75,17.32
03/17/2014,15.45,15.04,14.79,17.02,17.35
03/10/2014,15.32,14.96,15.0,17.23,17.36
03/03/2014,15.14,14.91,15.32,17.37,17.38
02/24/2014,15.01,14.84,15.72,17.51,17.41
02/17/2014,14.85,14.72,16.03,17.67,17.45
02/10/2014,14.62,14.34,16.28,17.77,17.46
02/03/2014,14.6,14.57,16.61,17.9,17.52
01/27/2014,14.68,14.74,16.97,18.06,17.56
01/20/2014,14.66,14.74,17.34,18.18,17.58
01/13/2014,14.59,14.7,17.69,18.23,17.61
01/06/2014,14.05,14.54,18.02,18.28,17.64
12/30/2013,14.54,15.03,18.36,18.36,17.66
12/23/2013,14.8,15.72,18.61,18.45,17.69
12/16/2013,14.81,16.6,18.85,18.61,17.76
12/09/2013,14.81,17.33,19.15,18.78,17.84
12/02/2013,15.02,18.22,19.49,19.04,17.97
11/25/2013,15.52,18.66,19.57,19.16,18.01
11/18/2013,16.64,19.2,19.73,19.25,18.08
11/11/2013,18.38,19.95,19.9,19.41,18.19
11/04/2013,19.85,20.68,19.99,19.47,18.32
10/28/2013,21.42,21.5,20.15,19.58,18.44
10/21/2013,21.79,21.7,20.03,19.45,18.46
10/14/2013,21.76,21.49,19.81,19.27,18.47
10/07/2013,21.51,21.11,19.61,19.09,18.43
09/30/2013,21.51,20.97,19.5,18.94,18.43
09/23/2013,21.57,20.76,19.45,18.8,18.43
09/16/2013,21.6,20.49,19.41,18.59,18.46
09/09/2013,21.22,20.25,19.27,18.36,18.53
09/02/2013,20.7,19.86,19.14,18.11,18.6
08/26/2013,20.42,19.31,18.87,17.89,18.68
08/19/2013,19.95,18.81,18.62,17.69,18.77
08/12/2013,19.37,18.36,18.32,17.49,18.86
08/05/2013,19.28,18.14,18.17,17.38,18.96
07/29/2013,19.01,18.12,18.08,17.31,19.04
07/22/2013,18.19,18.03,17.92,17.22,19.11
07/15/2013,17.67,18.14,17.82,17.14,19.16
07/08/2013,17.34,18.33,17.65,17.13,19.23
07/01/2013,16.99,18.29,17.41,17.05,19.28
06/24/2013,17.23,18.42,17.23,16.97,19.4
06/17/2013,17.87,18.43,17.18,17.0,19.52
06/10/2013,18.6,18.44,17.13,17.0,19.65
06/03/2013,19.31,18.29,17.06,16.96,19.78
05/27/2013,19.58,18.2,17.0,16.92,19.86
05/20/2013,19.6,18.05,16.9,16.91,19.95
05/13/2013,18.99,17.81,16.82,16.91,20.03
05/06/2013,18.27,17.5,16.64,16.89,20.06
04/29/2013,17.27,16.97,16.53,16.86,20.1
04/22/2013,16.81,16.54,16.44,16.92,20.17
04/15/2013,16.49,16.05,16.25,16.98,20.22
04/08/2013,16.63,15.93,16.29,17.16,20.33
04/01/2013,16.72,15.82,16.28,17.3,20.43
03/25/2013,16.67,15.82,16.29,17.48,20.57
03/18/2013,16.26,15.8,16.29,17.66,20.71
03/11/2013,15.6,15.76,16.34,17.78,20.85
03/04/2013,15.23,15.83,16.46,17.93,20.97
02/25/2013,14.91,15.79,16.59,18.06,21.06
02/18/2013,14.97,16.09,16.81,18.33,21.16
02/11/2013,15.34,16.34,17.11,18.7,21.32
02/04/2013,15.91,16.46,17.44,19.1,21.46
01/28/2013,16.43,16.64,17.77,19.48,21.55
01/21/2013,16.66,16.75,18.04,19.85,21.6
01/14/2013,17.2,16.76,18.31,20.23,21.64
01/07/2013,17.33,16.78,18.6,20.54,21.63
12/31/2012,17.01,16.93,18.79,20.77,21.64
12/24/2012,16.85,17.09,18.98,20.99,21.67
12/17/2012,16.83,17.4,19.2,21.17,21.69
12/10/2012,16.31,17.53,19.45,21.33,21.69
12/03/2012,16.22,17.88,19.88,21.51,21.7
11/26/2012,16.85,18.43,20.41,21.82,21.74
11/19/2012,17.33,18.91,20.9,22.04,21.71
11/12/2012,17.96,19.33,21.4,22.3,21.69
11/05/2012,18.75,19.86,21.96,22.6,21.69
10/29/2012,19.54,20.42,22.42,22.8,21.69
10/22/2012,20.0,20.65,22.69,22.98,21.62
10/15/2012,20.48,20.87,22.94,23.15,21.54
10/08/2012,20.7,21.0,23.06,23.23,21.46
10/01/2012,20.96,21.36,23.22,23.34,21.36
09/24/2012,21.29,21.88,23.32,23.42,21.28
09/17/2012,21.29,22.4,23.52,23.47,21.19
09/10/2012,21.26,22.89,23.6,23.5,21.12
09/03/2012,21.3,23.47,23.79,23.56,21.12
08/27/2012,21.76,24.07,23.97,23.66,21.1
08/20/2012,22.46,24.43,24.0,23.76,21.07
08/13/2012,23.51,24.74,24.15,23.93,21.03
08/06/2012,24.52,25.01,24.28,24.01,20.97
07/30/2012,25.64,25.12,24.35,24.05,20.88
07/23/2012,26.37,25.09,24.32,24.0,20.77
07/16/2012,26.4,24.77,24.2,23.93,20.64
07/09/2012,25.96,24.65,24.0,23.82,20.5
07/02/2012,25.49,24.32,23.81,23.62,20.36
06/25/2012,24.6,24.11,23.61,23.35,20.22
06/18/2012,23.8,23.88,23.45,23.06,20.08
06/11/2012,23.14,23.56,23.42,22.72,20.0
06/04/2012,23.33,23.56,23.53,22.51,19.94
05/28/2012,23.14,23.56,23.51,22.34,19.87
05/21/2012,23.62,23.57,23.52,22.21,19.83
05/14/2012,23.95,23.56,23.46,22.06,19.73
05/07/2012,23.98,23.63,23.52,21.9,19.63
04/30/2012,23.79,23.36,23.41,21.65,19.46
04/23/2012,23.98,23.3,23.27,21.39,19.32
04/16/2012,23.52,23.11,22.97,21.09,19.16
04/09/2012,23.17,23.03,22.65,20.78,19.0
04/02/2012,23.27,23.29,22.29,20.57,18.87
03/26/2012,22.93,23.5,21.98,20.27,18.72
03/19/2012,22.61,23.46,21.73,19.94,18.56
03/12/2012,22.7,23.46,21.53,19.69,18.42
03/05/2012,22.89,23.37,21.31,19.39,18.27
02/27/2012,23.3,23.41,21.03,19.14,18.16
02/20/2012,24.07,23.45,20.79,18.91,17.97
02/13/2012,24.31,23.24,20.44,18.74,17.76
02/06/2012,24.22,22.83,20.07,18.68,17.54
01/30/2012,23.84,22.27,19.65,18.55,17.31
01/23/2012,23.51,21.3,19.22,18.38,17.05
01/16/2012,22.83,20.47,18.65,18.12,16.76
01/09/2012,22.17,20.01,18.18,17.93,16.5
01/02/2012,21.43,19.6,17.8,17.71,16.25
12/26/2011,20.69,19.25,17.41,17.53,16.02
12/19/2011,19.09,18.66,17.01,17.34,15.77
12/12/2011,18.1,18.14,16.64,17.19,15.51
12/05/2011,17.84,17.63,16.49,17.11,15.29
11/28/2011,17.77,17.32,16.61,17.1,15.1
11/21/2011,17.81,17.04,16.69,17.1,14.91
11/14/2011,18.23,17.13,16.92,17.28,14.77
11/07/2011,18.17,16.83,16.95,17.37,14.59
10/31/2011,17.42,16.36,16.89,17.4,14.37
10/24/2011,16.87,16.01,16.76,17.46,14.18
10/17/2011,16.26,15.56,16.67,17.4,13.98
10/10/2011,16.03,15.35,16.69,17.36,13.79
10/03/2011,15.49,15.15,16.71,17.28,13.62
09/26/2011,15.3,15.36,16.85,17.26,13.48
09/19/2011,15.14,15.89,16.99,17.23,13.36
09/12/2011,14.86,16.35,17.14,17.21,13.25
09/05/2011,14.67,16.71,17.36,17.16,13.11
08/29/2011,14.8,17.06,17.65,17.17,12.99
08/22/2011,15.41,17.41,17.92,17.18,12.88
08/15/2011,16.64,17.52,18.18,17.15,12.75
08/08/2011,17.83,17.77,18.32,17.15,12.65
08/01/2011,18.74,18.02,18.37,17.18,12.54
07/25/2011,19.32,18.28,18.34,17.03,12.55
07/18/2011,19.41,18.34,18.21,16.78,12.52
07/11/2011,18.39,18.08,17.9,16.4,12.43
07/04/2011,17.71,17.93,17.65,16.07,12.37
06/27/2011,17.3,18.01,17.39,15.72,12.31
06/20/2011,17.23,18.23,17.23,15.4,12.26
06/13/2011,17.27,18.43,17.06,15.07,12.23
06/06/2011,17.77,18.85,16.97,14.8,12.25
05/30/2011,18.14,18.87,16.84,14.52,12.25
05/23/2011,18.72,18.72,16.76,14.2,12.21
05/16/2011,19.23,18.41,16.41,13.84,12.17
05/09/2011,19.59,18.07,16.0,13.48,12.12
05/02/2011,19.93,17.71,15.56,13.1,12.07
04/25/2011,19.6,17.37,15.15,12.72,12.03
04/18/2011,18.72,16.76,14.58,12.25,11.95
04/11/2011,17.59,16.22,13.99,11.8,11.85
04/04/2011,16.55,15.69,13.39,11.35,11.73
03/28/2011,15.49,15.1,12.78,10.9,11.6
03/21/2011,15.14,14.82,12.34,10.56,11.51
03/14/2011,14.8,14.8,11.94,10.22,11.41
03/07/2011,14.85,14.41,11.55,9.96,11.36
02/28/2011,14.83,13.93,11.18,9.7,11.39
02/21/2011,14.7,13.4,10.79,9.49,11.44
02/14/2011,14.49,12.93,10.39,9.28,11.46
02/07/2011,14.79,12.4,9.99,9.06,11.5
01/31/2011,13.96,11.75,9.59,8.81,11.5
01/24/2011,13.02,11.09,9.17,8.57,11.5
01/17/2011,12.1,10.46,8.8,8.34,11.5
01/10/2011,11.36,9.86,8.43,8.14,11.48
01/03/2011,10.01,9.08,7.93,7.9,11.4
12/27/2010,9.54,8.7,7.73,8.08,11.4
12/20/2010,9.16,8.44,7.59,8.27,11.41
12/13/2010,8.81,8.18,7.54,8.47,11.42
12/06/2010,8.36,7.85,7.46,8.67,11.42
11/29/2010,8.14,7.59,7.39,8.91,11.46
11/22/2010,7.86,7.43,7.34,9.11,11.49
11/15/2010,7.71,7.26,7.32,9.39,11.52
11/08/2010,7.54,7.14,7.28,9.69,11.58
11/01/2010,7.34,6.99,7.28,9.98,11.66
10/25/2010,7.03,6.79,7.32,10.23,11.7
10/18/2010,6.99,6.77,7.77,10.5,11.79
10/11/2010,6.8,6.75,8.18,10.77,11.83
10/04/2010,6.73,6.91,8.61,11.05,11.84
09/27/2010,6.64,7.07,9.08,11.35,11.85
09/20/2010,6.54,7.2,9.57,11.65,11.86
09/13/2010,6.54,7.25,9.95,11.9,11.86
09/06/2010,6.69,7.38,10.46,12.12,11.88
08/30/2010,7.08,7.43,10.97,12.31,11.88
08/23/2010,7.49,7.57,11.47,12.47,11.88
08/16/2010,7.85,7.85,11.95,12.6,11.9
08/09/2010,7.96,8.77,12.37,12.77,11.92
08/02/2010,8.06,9.62,12.78,13.07,11.92
07/26/2010,7.77,10.32,13.13,13.38,11.9
07/19/2010,7.64,11.1,13.49,13.64,11.89
07/12/2010,7.84,11.94,13.88,13.94,11.87
07/05/2010,9.57,12.66,14.23,14.2,11.88
06/28/2010,11.17,13.55,14.49,14.42,11.88
06/21/2010,12.87,14.52,14.75,14.67,11.86
06/14/2010,14.56,15.38,14.92,14.82,11.82
06/07/2010,16.03,16.05,14.98,14.9,11.78
05/31/2010,15.74,15.97,14.77,14.72,11.62
05/24/2010,15.93,15.94,14.8,14.56,11.47
05/17/2010,16.16,15.94,14.91,14.37,11.33
05/10/2010,16.2,15.89,14.91,14.18,11.16
05/03/2010,16.06,15.83,14.95,14.01,10.98
04/26/2010,16.19,15.8,14.97,13.87,10.83
04/19/2010,15.94,15.43,14.86,13.65,10.66
04/12/2010,15.71,14.99,14.74,13.47,10.47
04/05/2010,15.57,14.46,14.55,13.34,10.3
03/29/2010,15.59,13.91,14.32,13.18,10.14
03/22/2010,15.41,13.58,14.1,13.07,9.98
03/15/2010,14.91,13.66,13.87,12.9,9.81
03/08/2010,14.27,13.89,13.58,12.62,9.62
03/01/2010,13.34,13.93,13.32,12.34,9.43
02/22/2010,12.23,14.07,13.1,12.07,9.24
02/15/2010,11.74,14.15,12.91,11.82,9.06
02/08/2010,12.41,14.29,12.77,11.64,8.91
02/01/2010,13.51,14.49,12.71,11.45,8.78
01/25/2010,14.51,14.64,12.78,11.3,8.66
01/18/2010,15.91,14.74,12.82,11.21,8.55
01/11/2010,16.55,14.62,12.82,11.07,8.41
01/04/2010,16.16,14.08,12.52,10.77,8.2
12/28/2009,15.47,13.27,11.99,10.43,7.97
12/21/2009,14.76,12.72,11.55,10.14,7.77
12/14/2009,13.56,12.13,11.07,9.8,7.55
12/07/2009,12.68,11.68,10.66,9.56,7.37
11/30/2009,12.0,11.25,10.32,9.33,7.21
11/23/2009,11.07,10.92,9.93,9.05,7.04
11/16/2009,10.68,10.92,9.64,8.82,6.93
11/09/2009,10.7,10.9,9.44,8.67,6.85
11/02/2009,10.67,11.03,9.3,8.53,6.79
10/26/2009,10.5,10.95,9.12,8.39,6.74
10/19/2009,10.77,10.71,9.01,8.29,6.71
10/12/2009,11.15,10.38,8.84,8.14,6.68
10/05/2009,11.09,10.0,8.64,7.96,6.64
09/28/2009,11.39,9.65,8.5,7.79,6.61
09/21/2009,11.4,9.39,8.37,7.66,6.58
09/14/2009,10.65,8.94,8.12,7.48,6.53
09/07/2009,9.6,8.36,7.77,7.26,6.46
08/31/2009,8.91,7.99,7.55,7.11,6.42
08/24/2009,7.91,7.58,7.28,6.89,6.35
08/17/2009,7.37,7.29,7.11,6.72,6.31
08/10/2009,7.23,7.3,7.07,6.61,6.31
08/03/2009,7.11,7.31,7.02,6.51,6.31
07/27/2009,7.06,7.28,6.94,6.4,6.3
07/20/2009,7.24,7.35,6.86,6.3,6.31
07/13/2009,7.21,7.36,6.79,6.19,6.31
07/06/2009,7.37,7.29,6.75,6.1,6.3
06/29/2009,7.51,7.18,6.71,6.02,6.3
06/22/2009,7.49,7.12,6.67,5.89,6.27
06/15/2009,7.46,6.98,6.55,5.75,6.25
06/08/2009,7.5,6.93,6.43,5.63,6.24
06/01/2009,7.21,6.85,6.26,5.5,6.22
05/25/2009,6.84,6.74,6.11,5.41,6.21
05/18/2009,6.74,6.6,5.97,5.31,6.21
05/11/2009,6.5,6.37,5.77,5.18,6.2
05/04/2009,6.36,6.23,5.61,5.09,6.18
04/27/2009,6.48,6.21,5.51,5.04,6.19
04/20/2009,6.63,6.25,5.44,5.04,6.21
04/13/2009,6.45,6.23,5.28,5.04,6.22
04/06/2009,6.24,6.13,5.13,5.06,6.23
03/30/2009,6.1,5.93,4.98,5.09,6.23
03/23/2009,5.94,5.68,4.83,5.14,6.24
03/16/2009,5.86,5.49,4.74,5.22,6.26
03/09/2009,6.0,5.34,4.66,5.33,6.28
03/02/2009,6.01,5.17,4.59,5.43,6.31
02/23/2009,5.76,4.98,4.52,5.5,6.31
02/16/2009,5.42,4.81,4.45,5.58,6.3
02/09/2009,5.12,4.63,4.44,5.66,6.28
02/02/2009,4.68,4.34,4.45,5.74,6.25
01/26/2009,4.33,4.14,4.53,5.81,6.26
01/19/2009,4.2,4.03,4.68,5.9,6.26
01/12/2009,4.2,3.99,4.87,6.01,6.26
01/05/2009,4.14,4.0,5.08,6.11,6.27
12/29/2008,3.99,3.99,5.32,6.2,6.28
12/22/2008,3.95,4.0,5.56,6.32,6.3
12/15/2008,3.85,4.06,5.76,6.43,6.31
12/08/2008,3.77,4.1,5.97,6.49,6.33
12/01/2008,3.85,4.25,6.17,6.58,6.35
11/24/2008,3.98,4.56,6.44,6.65,6.38
11/17/2008,4.05,4.92,6.65,6.75,6.41
11/10/2008,4.27,5.33,6.84,6.85,6.43
11/03/2008,4.42,5.75,7.03,6.93,6.45
10/27/2008,4.65,6.16,7.17,7.02,6.46
10/20/2008,5.14,6.66,7.31,7.12,6.48
10/13/2008,5.78,7.12,7.47,7.21,6.49
10/06/2008,6.38,7.46,7.62,7.28,6.5
09/29/2008,7.08,7.84,7.69,7.34,6.5
09/22/2008,7.67,8.09,7.74,7.38,6.49
09/15/2008,8.17,8.32,7.69,7.4,6.46
09/08/2008,8.45,8.38,7.67,7.39,6.45
09/01/2008,8.53,8.36,7.61,7.37,6.43
08/25/2008,8.59,8.31,7.53,7.35,6.39
08/18/2008,8.51,8.18,7.45,7.3,6.35
08/11/2008,8.46,7.97,7.35,7.23,6.29
08/04/2008,8.3,7.83,7.26,7.19,6.24
07/28/2008,8.18,7.78,7.19,7.13,6.22
07/21/2008,8.02,7.54,7.09,7.01,6.19
07/14/2008,7.85,7.39,7.03,6.9,6.16
07/07/2008,7.48,7.07,6.94,6.77,6.12
06/30/2008,7.36,6.96,6.9,6.7,6.12
06/23/2008,7.37,6.87,6.88,6.62,6.12
06/16/2008,7.06,6.75,6.87,6.52,6.15
06/09/2008,6.92,6.72,6.85,6.43,6.2
06/02/2008,6.66,6.72,6.85,6.35,6.22
05/26/2008,6.55,6.69,6.87,6.28,6.25
05/19/2008,6.37,6.61,6.81,6.2,6.25
05/12/2008,6.43,6.63,6.75,6.17,6.28
05/05/2008,6.51,6.67,6.65,6.13,6.3
04/28/2008,6.78,6.81,6.62,6.12,6.33
04/21/2008,6.82,6.84,6.57,6.06,6.33
04/14/2008,6.84,6.88,6.49,6.01,6.33
04/07/2008,6.83,7.0,6.4,5.96,6.35
03/31/2008,6.83,6.99,6.28,5.9,6.35
03/24/2008,6.84,6.99,6.16,5.84,6.36
03/17/2008,6.86,7.06,6.07,5.78,6.38
03/10/2008,6.92,7.01,5.99,5.71,6.37
03/03/2008,7.17,6.86,5.94,5.67,6.38
02/25/2008,7.15,6.64,5.86,5.6,6.37
02/18/2008,7.13,6.43,5.77,5.53,6.35
02/11/2008,7.26,6.31,5.67,5.51,6.34
02/04/2008,7.09,6.11,5.57,5.49,6.33
01/28/2008,6.55,5.8,5.44,5.44,6.31
01/21/2008,6.12,5.58,5.36,5.4,6.3
01/14/2008,5.72,5.34,5.26,5.36,6.31
01/07/2008,5.35,5.08,5.13,5.29,6.33
12/31/2007,5.12,4.98,5.07,5.3,6.37
12/24/2007,5.05,5.01,5.07,5.37,6.43
12/17/2007,5.03,5.08,5.09,5.43,6.47
12/10/2007,4.95,5.11,5.08,5.48,6.51
12/03/2007,4.81,5.04,5.11,5.54,6.55
11/26/2007,4.84,5.04,5.18,5.62,6.59
11/19/2007,4.97,5.09,5.26,5.78,6.65
11/12/2007,5.12,5.15,5.31,5.97,6.68
11/05/2007,5.27,5.19,5.37,6.1,6.72
10/29/2007,5.27,5.19,5.4,6.22,6.77
10/22/2007,5.23,5.15,5.47,6.3,6.8
10/15/2007,5.2,5.13,5.55,6.38,6.81
10/08/2007,5.17,5.1,5.61,6.48,6.81
10/01/2007,5.1,5.06,5.67,6.54,6.8
09/24/2007,5.1,5.17,5.79,6.6,6.8
09/17/2007,5.07,5.32,5.91,6.66,6.8
09/10/2007,5.06,5.43,6.13,6.74,6.82
09/03/2007,5.02,5.48,6.38,6.8,6.82
08/27/2007,5.01,5.55,6.55,6.89,6.83
08/20/2007,5.24,5.61,6.73,6.98,6.85
08/13/2007,5.57,5.78,6.88,7.04,6.88
08/06/2007,5.79,5.98,7.01,7.09,6.91
07/30/2007,5.93,6.12,7.17,7.14,6.96
07/23/2007,6.08,6.28,7.28,7.18,7.01
07/16/2007,5.98,6.41,7.31,7.18,7.05
07/09/2007,5.99,6.5,7.33,7.18,7.08
07/02/2007,6.16,6.84,7.39,7.18,7.11
06/25/2007,6.31,7.28,7.47,7.21,7.15
06/18/2007,6.47,7.56,7.57,7.26,7.2
06/11/2007,6.84,7.85,7.66,7.37,7.25
06/04/2007,7.0,7.98,7.67,7.44,7.3
05/28/2007,7.52,8.05,7.64,7.49,7.36
05/21/2007,8.25,8.21,7.65,7.52,7.45
05/14/2007,8.65,8.29,7.63,7.55,7.53
05/07/2007,8.86,8.22,7.57,7.57,7.61
04/30/2007,8.96,8.17,7.52,7.57,7.7
04/23/2007,8.57,7.94,7.35,7.51,7.73
04/16/2007,8.17,7.66,7.17,7.39,7.78
04/09/2007,7.93,7.57,7.11,7.35,7.85
04/02/2007,7.57,7.48,7.13,7.32,7.92
03/26/2007,7.38,7.35,7.17,7.29,7.99
03/19/2007,7.31,7.24,7.21,7.25,8.08
03/12/2007,7.14,7.08,7.17,7.14,8.18
03/05/2007,7.21,6.97,7.17,7.06,8.37
02/26/2007,7.38,6.93,7.24,7.0,8.58
02/19/2007,7.32,6.87,7.26,6.95,8.8
02/12/2007,7.17,6.75,7.29,6.9,8.98
02/05/2007,7.02,6.68,7.26,6.84,9.16
01/29/2007,6.73,6.65,7.23,6.76,9.34
01/22/2007,6.47,6.78,7.25,6.72,9.51
01/15/2007,6.42,7.0,7.26,6.73,9.72
01/08/2007,6.33,7.17,7.25,6.74,9.94
01/01/2007,6.34,7.26,7.17,6.78,10.17
12/25/2006,6.57,7.38,7.11,6.84,10.4
12/18/2006,7.08,7.56,7.03,6.91,10.64
12/11/2006,7.57,7.66,6.99,6.98,10.86
12/04/2006,8.01,7.83,6.97,7.04,11.08
11/27/2006,8.17,7.84,6.92,7.1,11.29
11/20/2006,8.18,7.82,6.82,7.13,11.52
11/13/2006,8.04,7.72,6.7,7.13,11.76
11/06/2006,7.74,7.53,6.6,7.16,11.99
10/30/2006,7.65,7.33,6.52,7.24,12.22
10/23/2006,7.51,7.08,6.54,7.38,12.45
10/16/2006,7.45,6.85,6.57,7.52,12.7
10/09/2006,7.39,6.51,6.59,7.65,12.93
10/02/2006,7.32,6.32,6.64,7.83,13.17
09/25/2006,7.0,6.11,6.64,7.96,13.4
09/18/2006,6.65,5.99,6.73,8.16,13.66
09/11/2006,6.24,5.82,6.79,8.35,13.93
09/04/2006,5.62,5.68,6.83,8.52,14.2
08/28/2006,5.31,5.67,6.98,8.69,14.45
08/21/2006,5.21,5.72,7.2,8.91,14.7
08/14/2006,5.33,5.99,7.53,9.21,14.95
08/07/2006,5.39,6.29,7.86,9.68,15.2
07/31/2006,5.73,6.67,8.23,10.17,15.44
07/24/2006,6.02,6.96,8.59,10.66,15.65
07/17/2006,6.23,7.17,8.89,11.06,15.86
07/10/2006,6.65,7.46,9.25,11.48,16.09
07/03/2006,7.19,7.77,9.62,11.92,16.34
06/26/2006,7.6,7.99,9.94,12.29,16.57
06/19/2006,7.89,8.3,10.2,12.7,16.75
06/12/2006,8.11,8.69,10.51,13.14,16.92
06/05/2006,8.27,9.07,10.82,13.57,17.07
05/29/2006,8.35,9.44,11.37,13.97,17.24
05/22/2006,8.38,9.79,11.93,14.36,17.45
05/15/2006,8.7,10.22,12.51,14.75,17.62
05/08/2006,9.26,10.61,13.0,15.12,17.79
05/01/2006,9.86,11.03,13.5,15.49,17.96
04/24/2006,10.52,11.46,13.99,15.91,18.12
04/17/2006,11.19,11.9,14.45,16.39,18.3
04/10/2006,11.73,12.11,14.9,16.81,18.48
04/03/2006,11.96,12.33,15.37,17.2,18.66
03/27/2006,12.2,12.58,15.83,17.53,18.81
03/20/2006,12.4,13.31,16.24,17.88,18.99
03/13/2006,12.6,14.07,16.65,18.21,19.13
03/06/2006,12.49,14.8,17.02,18.52,19.3
02/27/2006,12.7,15.4,17.38,18.84,19.47
02/20/2006,12.96,15.96,17.72,19.15,19.65
02/13/2006,14.22,16.53,18.14,19.51,19.87
02/06/2006,15.53,17.0,18.63,19.87,20.11
01/30/2006,17.1,17.7,19.16,20.22,20.38
01/23/2006,18.09,18.4,19.63,20.49,20.58
01/16/2006,18.96,19.08,20.0,20.69,20.74
01/09/2006,18.83,19.17,20.17,20.71,20.76
01/02/2006,18.46,19.24,20.29,20.7,20.76
12/26/2005,18.29,19.25,20.38,20.64,20.76
12/19/2005,18.71,19.37,20.57,20.67,20.75
12/12/2005,19.19,19.49,20.75,20.7,20.76
12/05/2005,19.51,19.75,21.0,20.77,20.72
11/28/2005,20.01,20.27,21.31,20.85,20.73
11/21/2005,20.21,20.63,21.48,20.81,20.73
11/14/2005,20.02,20.87,21.54,20.71,20.76
11/07/2005,19.78,20.93,21.5,20.57,20.79
10/31/2005,19.98,21.16,21.48,20.51,20.84
10/24/2005,20.53,21.34,21.44,20.54,20.87
10/17/2005,21.05,21.52,21.33,20.49,20.89
10/10/2005,21.71,21.77,21.32,20.45,20.91
10/03/2005,22.08,22.01,21.3,20.43,20.9
09/26/2005,22.34,22.25,21.28,20.34,20.83
09/19/2005,22.14,22.35,21.13,20.21,20.66
09/12/2005,21.98,22.33,20.9,20.14,20.55
09/05/2005,21.83,22.22,20.63,20.12,20.46
08/29/2005,21.94,22.08,20.4,20.1,20.4
08/22/2005,22.16,21.81,20.19,20.1,20.34
08/15/2005,22.56,21.54,20.15,20.05,20.32
08/08/2005,22.68,21.15,19.98,20.08,20.34
08/01/2005,22.6,20.87,19.79,20.1,20.37
07/25/2005,22.21,20.6,19.64,20.15,20.36
07/18/2005,21.45,20.32,19.38,20.24,20.36
07/11/2005,20.51,19.92,19.14,20.34,20.33
07/04/2005,19.61,19.47,19.05,20.54,20.29
06/27/2005,19.14,19.04,19.07,20.66,20.24
06/20/2005,18.98,18.72,19.11,20.79,20.24
06/13/2005,19.18,18.57,19.25,20.81,20.29
06/06/2005,19.32,18.76,19.31,20.82,20.36
05/30/2005,19.32,18.82,19.55,20.89,20.45
05/23/2005,18.94,18.72,19.71,20.84,20.54
05/16/2005,18.45,18.68,19.93,20.82,20.64
05/09/2005,17.95,18.45,20.2,20.67,20.71
05/02/2005,18.19,18.37,20.55,20.62,20.8
04/25/2005,18.31,18.63,21.07,20.65,20.92
04/18/2005,18.49,19.1,21.47,20.82,21.1
04/11/2005,18.9,19.51,21.83,21.01,21.24
04/04/2005,18.95,19.93,21.93,21.17,21.33
03/28/2005,18.55,19.87,21.86,21.19,21.4
03/21/2005,18.95,20.28,21.93,21.28,21.54
03/14/2005,19.7,20.71,21.9,21.38,21.72
03/07/2005,20.11,21.19,21.89,21.37,21.88
02/28/2005,20.91,21.95,21.77,21.31,22.1
02/21/2005,21.19,22.74,21.74,21.11,22.22
02/14/2005,21.61,23.52,21.65,20.96,22.26
02/07/2005,21.72,23.85,21.68,20.81,22.27
01/31/2005,22.27,24.15,21.76,20.7,22.33
01/24/2005,22.99,23.92,21.79,20.57,22.36
01/17/2005,24.28,23.84,21.85,20.59,22.47
01/10/2005,25.42,23.58,21.79,20.6,22.55
01/03/2005,25.97,23.09,21.71,20.64,22.6
12/27/2004,26.03,22.58,21.46,20.56,22.65
12/20/2004,24.85,21.6,21.0,20.48,22.61
12/13/2004,23.4,20.74,20.3,20.32,22.57
12/06/2004,21.73,19.79,19.69,20.04,22.5
11/29/2004,20.2,19.52,19.29,19.82,22.48
11/22/2004,19.13,19.37,18.97,19.69,22.47
11/15/2004,18.34,19.65,18.9,19.77,22.54
11/08/2004,18.08,19.87,18.97,19.9,22.56
11/01/2004,17.85,20.0,19.11,20.0,22.67
10/25/2004,18.83,20.34,19.42,20.24,22.75
10/18/2004,19.6,20.35,19.56,20.47,22.76
10/11/2004,20.96,20.4,19.92,20.75,22.78
10/04/2004,21.65,19.87,20.11,20.98,22.75
09/27/2004,22.14,19.59,20.16,21.2,22.68
09/20/2004,21.84,19.06,19.97,21.39,22.61
09/13/2004,21.09,18.57,19.85,21.46,22.54
09/06/2004,19.83,18.15,19.83,21.49,22.43
08/30/2004,18.08,18.07,19.92,21.61,22.35
08/23/2004,17.03,18.23,20.0,21.79,22.32
08/16/2004,16.28,18.5,20.2,22.06,22.27
08/09/2004,16.05,18.77,20.54,22.4,22.26
08/02/2004,16.46,19.45,20.92,22.88,22.31
07/26/2004,18.06,20.36,21.54,23.32,22.45
07/19/2004,19.43,20.74,22.01,23.55,22.45
07/12/2004,20.72,20.88,22.55,23.74,22.4
07/05/2004,21.48,21.12,22.91,23.96,22.32
06/28/2004,22.43,21.51,23.16,24.16,22.25
06/21/2004,22.66,21.76,23.37,24.34,22.1
06/14/2004,22.05,21.78,23.57,24.49,21.91
06/07/2004,21.03,21.89,23.84,24.56,21.7
05/31/2004,20.76,22.31,24.21,24.74,21.47
05/24/2004,20.58,22.4,24.6,24.75,21.2
05/17/2004,20.86,22.71,24.8,24.81,20.89
05/10/2004,21.5,23.28,24.96,24.96,20.64
05/03/2004,22.75,24.23,25.17,25.14,20.4
04/26/2004,23.86,24.7,25.39,25.26,20.13
04/19/2004,24.22,24.81,25.48,25.3,19.82
04/12/2004,24.56,24.99,25.64,25.23,19.5
04/05/2004,25.05,25.37,25.85,25.33,19.19
03/29/2004,25.7,25.79,25.89,25.26,18.84
03/22/2004,25.54,26.11,25.95,25.04,18.48
03/15/2004,25.4,26.8,25.92,24.82,18.15
03/08/2004,25.41,26.89,25.87,24.51,17.8
03/01/2004,25.69,26.64,25.81,24.17,17.46
02/23/2004,25.88,26.12,25.59,23.83,17.08
02/16/2004,26.68,26.07,25.53,23.61,16.75
02/09/2004,28.2,26.15,25.55,23.37,16.44
02/02/2004,28.37,26.29,25.35,23.09,16.1
01/26/2004,27.58,26.33,25.31,22.85,15.74
01/19/2004,26.36,26.0,25.0,22.49,15.36
01/12/2004,25.46,25.79,24.51,22.13,14.97
01/05/2004,24.1,25.05,23.83,21.74,14.52
12/29/2003,24.2,24.84,23.32,21.58,14.14
12/22/2003,25.08,24.98,22.93,21.35,13.82
12/15/2003,25.63,25.07,22.69,21.07,13.49
12/08/2003,26.11,25.0,22.38,20.67,13.13
12/01/2003,25.99,24.95,21.97,20.34,12.77
11/24/2003,25.48,24.42,21.5,19.86,12.39
11/17/2003,24.87,24.29,21.11,19.32,12.01
11/10/2003,24.5,24.0,20.73,18.85,11.68
11/03/2003,23.88,23.23,20.3,18.21,11.31
10/27/2003,23.91,22.61,20.08,17.65,10.96
10/20/2003,23.35,21.81,19.95,16.98,10.62
10/13/2003,23.71,20.89,19.54,16.31,10.28
10/06/2003,23.49,20.31,19.07,15.66,9.95
09/29/2003,22.57,19.77,18.51,15.01,9.61
09/22/2003,21.3,19.0,18.03,14.34,9.28
09/15/2003,20.26,18.58,17.58,13.77,8.99
09/08/2003,18.07,17.93,16.84,13.04,8.62
09/01/2003,17.13,17.47,16.27,12.42,8.33
08/25/2003,16.96,17.37,15.7,11.92,8.1
08/18/2003,16.69,17.56,15.17,11.48,7.91
08/11/2003,16.89,18.1,14.56,11.09,7.74
08/04/2003,17.79,18.18,14.02,10.75,7.58
07/28/2003,17.8,17.82,13.34,10.33,7.38
07/21/2003,17.77,17.25,12.63,9.89,7.18
07/14/2003,18.43,17.06,12.01,9.51,7.01
07/07/2003,19.3,16.59,11.36,9.11,6.85
06/30/2003,18.57,15.75,10.6,8.63,6.63
06/23/2003,17.84,15.08,9.89,8.24,6.43
06/16/2003,16.72,14.03,9.19,7.82,6.25
06/09/2003,15.69,12.77,8.43,7.3,6.04
06/02/2003,13.87,11.03,7.59,6.7,5.85
05/26/2003,12.92,9.86,7.03,6.29,5.76
05/19/2003,12.32,8.85,6.58,5.92,5.69
05/12/2003,11.34,8.02,6.22,5.6,5.66
05/05/2003,9.85,6.97,5.74,5.21,5.62
04/28/2003,8.18,6.14,5.37,4.92,5.63
04/21/2003,6.79,5.45,5.08,4.69,5.67
04/14/2003,5.38,4.71,4.81,4.52,5.7
04/07/2003,4.69,4.36,4.71,4.41,5.82
03/31/2003,4.08,4.1,4.56,4.28,5.97
03/24/2003,4.1,4.15,4.54,4.26,6.18
03/17/2003,4.11,4.2,4.51,4.25,6.43
03/10/2003,4.03,4.31,4.45,4.24,6.67
03/03/2003,4.02,4.42,4.39,4.22,6.93
02/24/2003,4.11,4.52,4.33,4.22,7.28
02/17/2003,4.19,4.6,4.31,4.21,7.67
02/10/2003,4.29,4.71,4.31,4.2,8.06
02/03/2003,4.59,4.92,4.43,4.25,8.46
01/27/2003,4.81,5.07,4.44,4.29,8.84
01/20/2003,4.92,5.02,4.37,4.34,9.19
01/13/2003,5.01,4.94,4.31,4.39,9.58
01/06/2003,5.12,4.82,4.28,4.42,9.9
12/30/2002,5.25,4.59,4.2,4.44,10.19
12/23/2002,5.33,4.36,4.12,4.47,10.51
12/16/2002,5.12,4.14,4.08,4.51,10.82
12/09/2002,4.86,4.03,4.02,4.6,11.18
12/02/2002,4.52,3.92,3.95,4.62,11.48
11/25/2002,3.92,3.93,3.91,4.62,11.69
11/18/2002,3.38,3.8,3.9,4.69,11.88
11/11/2002,3.15,3.72,4.0,4.79,12.1
11/04/2002,3.19,3.69,4.11,5.0,12.31
10/28/2002,3.32,3.74,4.21,5.24,12.72
10/21/2002,3.94,3.82,4.37,5.46,13.14
10/14/2002,4.22,3.88,4.53,5.72,13.6
10/07/2002,4.28,4.02,4.7,6.04,13.99
09/30/2002,4.18,4.01,4.88,6.34,14.37
09/23/2002,4.15,3.97,4.97,6.64,14.81
09/16/2002,3.69,3.89,4.97,6.88,15.28
09/09/2002,3.54,4.0,5.14,7.23,15.72
09/02/2002,3.76,4.28,5.33,7.67,16.19
08/26/2002,3.84,4.54,5.65,8.1,16.63
08/19/2002,3.79,4.69,5.99,8.6,17.02
08/12/2002,4.08,4.92,6.28,9.1,17.36
08/05/2002,4.46,5.17,6.64,9.65,17.71
07/29/2002,4.79,5.39,7.05,10.34,18.02
07/22/2002,5.23,5.75,7.5,11.14,18.44
07/15/2002,5.59,5.97,7.98,11.93,18.82
07/08/2002,5.75,6.06,8.37,12.67,19.16
07/01/2002,5.88,6.27,8.84,13.39,19.53
06/24/2002,5.98,6.38,9.37,14.05,19.84
06/17/2002,6.27,6.77,9.88,14.78,20.16
06/10/2002,6.35,7.28,10.56,15.38,20.47
06/03/2002,6.36,7.64,11.19,15.94,20.77
05/27/2002,6.66,8.11,11.89,16.55,20.96
05/20/2002,6.78,8.71,12.82,17.12,21.14
05/13/2002,7.27,9.25,13.83,17.76,21.32
05/06/2002,8.21,9.99,14.91,18.33,21.52
04/29/2002,8.92,10.69,15.97,18.75,21.76
04/22/2002,9.55,11.41,16.95,19.06,22.04
04/15/2002,10.63,12.36,17.88,19.41,22.36
04/08/2002,11.22,12.99,18.78,19.63,22.69
04/01/2002,11.76,13.83,19.43,20.2,23.07
03/25/2002,12.45,14.75,20.09,20.83,23.45
03/18/2002,13.27,15.68,20.77,21.48,23.81
03/11/2002,14.09,16.94,21.33,21.94,24.64
03/04/2002,14.76,18.42,22.01,22.41,25.33
02/25/2002,15.9,19.84,22.5,22.98,25.93
02/18/2002,17.04,21.26,22.79,23.68,26.5
02/11/2002,18.08,22.48,22.89,24.21,26.99
02/04/2002,19.78,23.41,22.94,24.7,27.42
01/28/2002,22.07,24.57,22.95,25.17,28.12
01/21/2002,23.77,25.04,23.38,25.44,28.77
01/14/2002,25.47,25.43,23.87,25.63,29.35
01/07/2002,26.88,25.87,24.39,25.77,29.88
12/31/2001,27.03,25.72,24.45,25.7,30.46
12/24/2001,27.07,25.61,24.41,25.73,30.9
12/17/2001,26.3,25.17,24.55,25.72,31.48
12/10/2001,25.39,24.32,24.89,25.66,32.13
12/03/2001,24.85,23.29,25.08,25.67,32.81
11/26/2001,24.4,22.47,25.35,25.64,33.62
11/19/2001,24.14,21.32,25.47,25.55,34.42
11/12/2001,24.04,21.73,25.64,25.57,35.69
11/05/2001,23.24,22.31,25.73,25.6,36.87
10/29/2001,21.73,22.91,25.72,25.36,37.95
10/22/2001,20.53,23.18,25.69,25.16,39.31
10/15/2001,18.5,23.21,25.8,24.89,40.56
10/08/2001,19.42,23.93,25.99,24.7,41.91
10/01/2001,21.38,25.46,26.33,24.76,43.25
09/24/2001,24.08,26.87,26.87,25.03,44.17
09/17/2001,25.83,28.23,27.23,25.3,0.0
09/10/2001,27.91,29.62,27.67,25.75,0.0
09/03/2001,28.44,29.55,27.48,25.94,0.0
08/27/2001,29.54,29.14,27.25,26.07,0.0
08/20/2001,29.65,28.53,26.59,26.14,0.0
08/13/2001,30.62,28.21,26.15,27.34,0.0
08/06/2001,31.32,28.39,25.73,28.25,0.0
07/30/2001,30.66,28.05,25.09,28.88,0.0
07/23/2001,28.74,27.2,24.42,29.32,0.0
07/16/2001,27.41,26.87,24.11,29.78,0.0
07/09/2001,25.79,26.23,23.84,30.14,0.0
07/02/2001,25.46,25.72,23.82,31.08,0.0
06/25/2001,25.44,25.42,24.14,32.1,0.0
06/18/2001,25.66,25.35,24.53,33.07,0.0
06/11/2001,26.32,24.66,24.95,34.0,0.0
06/04/2001,26.67,24.09,26.91,35.22,0.0
05/28/2001,25.98,23.06,28.17,36.06,0.0
05/21/2001,25.39,22.13,29.3,37.24,0.0
05/14/2001,25.04,21.63,30.38,38.6,0.0
05/07/2001,22.99,21.36,31.23,39.95,0.0
04/30/2001,21.51,21.45,32.09,41.6,0.0
04/23/2001,20.14,21.92,33.76,43.29,0.0
04/16/2001,18.86,22.86,35.44,45.81,0.0
04/09/2001,18.22,23.71,36.92,48.14,0.0
04/02/2001,19.72,25.24,38.67,50.55,0.0
03/26/2001,21.38,29.73,40.79,53.47,0.0
03/19/2001,23.69,33.29,42.56,56.24,0.0
03/12/2001,26.85,36.48,44.79,59.11,0.0
03/05/2001,29.2,39.14,47.09,61.73,0.0
02/26/2001,30.76,41.11,49.24,63.32,0.0
02/19/2001,38.07,42.73,51.68,0.0,0.0
02/12/2001,42.88,45.61,53.98,0.0,0.0
02/05/2001,46.1,48.03,57.28,0.0,0.0
01/29/2001,49.07,50.14,60.35,0.0,0.0
01/22/2001,51.45,52.11,63.2,0.0,0.0
01/15/2001,47.39,51.86,65.34,0.0,0.0
01/08/2001,48.33,51.83,67.71,0.0,0.0
01/01/2001,49.95,53.11,70.43,0.0,0.0
12/25/2000,51.2,55.04,73.02,0.0,0.0
12/18/2000,52.76,57.38,74.43,0.0,0.0
12/11/2000,56.32,60.63,0.0,0.0,0.0
12/04/2000,55.32,62.35,0.0,0.0,0.0
11/27/2000,56.26,66.54,0.0,0.0,0.0
11/20/2000,58.88,70.57,0.0,0.0,0.0
11/13/2000,62.0,74.29,0.0,0.0,0.0
11/06/2000,64.94,78.82,0.0,0.0,0.0
10/30/2000,69.38,83.6,0.0,0.0,0.0
10/23/2000,76.82,87.76,0.0,0.0,0.0
10/16/2000,82.26,91.01,0.0,0.0,0.0
10/09/2000,86.58,91.48,0.0,0.0,0.0
10/02/2000,92.7,0.0,0.0,0.0,0.0
09/25/2000,97.82,0.0,0.0,0.0,0.0
09/18/2000,98.69,0.0,0.0,0.0,0.0
09/11/2000,99.75,0.0,0.0,0.0,0.0
09/04/2000,96.37,0.0,0.0,0.0,0.0
08/28/2000,0.0,0.0,0.0,0.0,0.0
08/21/2000,0.0,0.0,0.0,0.0,0.0
08/14/2000,0.0,0.0,0.0,0.0,0.0
08/07/2000,0.0,0.0,0.0,0.0,0.0
