12/26/2022,2.71,2.88,3.06,3.15,3.2
12/19/2022,2.79,2.91,3.1,3.2,3.21
12/12/2022,2.91,2.95,3.13,3.25,3.22
12/05/2022,3.04,2.99,3.17,3.29,3.23
11/28/2022,3.06,2.98,3.18,3.31,3.23
11/21/2022,3.06,2.99,3.19,3.33,3.23
11/14/2022,3.02,3.02,3.2,3.33,3.23
11/07/2022,2.99,3.07,3.21,3.33,3.23
10/31/2022,2.93,3.12,3.21,3.33,3.22
10/24/2022,2.9,3.22,3.24,3.36,3.22
10/17/2022,2.91,3.24,3.28,3.39,3.22
10/10/2022,3.02,3.29,3.35,3.41,3.23
10/03/2022,3.14,3.32,3.4,3.42,3.23
09/26/2022,3.32,3.35,3.45,3.41,3.23
09/19/2022,3.53,3.38,3.47,3.42,3.23
09/12/2022,3.57,3.39,3.5,3.43,3.23
09/05/2022,3.56,3.38,3.49,3.42,3.23
08/29/2022,3.49,3.34,3.47,3.41,3.22
08/22/2022,3.39,3.3,3.44,3.38,3.22
08/15/2022,3.24,3.26,3.43,3.35,3.21
08/08/2022,3.2,3.31,3.46,3.33,3.21
08/01/2022,3.2,3.41,3.47,3.33,3.21
07/25/2022,3.19,3.48,3.46,3.32,3.2
07/18/2022,3.21,3.54,3.45,3.31,3.19
07/11/2022,3.28,3.56,3.44,3.3,3.18
07/04/2022,3.42,3.61,3.45,3.29,3.18
06/27/2022,3.62,3.6,3.44,3.29,3.17
06/20/2022,3.77,3.59,3.45,3.28,3.16
06/13/2022,3.88,3.58,3.43,3.27,3.15
06/06/2022,3.83,3.61,3.39,3.27,3.14
05/30/2022,3.8,3.61,3.35,3.25,3.12
05/23/2022,3.57,3.53,3.28,3.21,3.1
05/16/2022,3.41,3.44,3.24,3.18,3.08
05/09/2022,3.29,3.35,3.19,3.16,3.06
05/02/2022,3.39,3.31,3.17,3.15,3.06
04/25/2022,3.42,3.28,3.13,3.13,3.05
04/18/2022,3.5,3.29,3.13,3.12,3.05
04/11/2022,3.48,3.3,3.13,3.12,3.04
04/04/2022,3.41,3.27,3.12,3.11,3.04
03/28/2022,3.24,3.17,3.09,3.08,3.02
03/21/2022,3.14,3.08,3.07,3.06,3.01
03/14/2022,3.08,3.04,3.05,3.05,2.99
03/07/2022,3.12,3.03,3.05,3.04,2.99
02/28/2022,3.14,3.03,3.06,3.05,2.99
02/21/2022,3.1,3.02,3.06,3.05,2.98
02/14/2022,3.02,2.99,3.05,3.04,2.97
02/07/2022,2.99,2.97,3.04,3.04,2.95
01/31/2022,2.94,2.95,3.03,3.04,2.94
01/24/2022,2.92,2.97,3.03,3.05,2.93
01/17/2022,2.94,3.02,3.04,3.07,2.93
01/10/2022,2.96,3.05,3.05,3.09,2.92
01/03/2022,2.95,3.06,3.05,3.09,2.92
12/27/2021,2.96,3.07,3.04,3.08,2.91
12/20/2021,3.01,3.09,3.05,3.07,2.89
12/13/2021,3.09,3.1,3.06,3.07,2.88
12/06/2021,3.15,3.11,3.07,3.06,2.87
11/29/2021,3.17,3.11,3.07,3.05,2.86
11/22/2021,3.18,3.1,3.08,3.04,2.86
11/15/2021,3.17,3.1,3.09,3.03,2.84
11/08/2021,3.11,3.06,3.09,3.02,2.83
11/01/2021,3.07,3.05,3.12,3.0,2.82
10/25/2021,3.05,3.04,3.1,2.98,2.82
10/18/2021,3.02,3.01,3.08,2.97,2.81
10/11/2021,3.02,3.02,3.07,2.97,2.81
10/04/2021,3.02,3.02,3.05,2.97,2.81
09/27/2021,3.02,3.02,3.04,2.98,2.81
09/20/2021,3.04,3.03,3.02,2.97,2.81
09/13/2021,3.01,3.05,3.01,2.97,2.81
09/06/2021,3.01,3.08,3.0,2.96,2.81
08/30/2021,3.03,3.12,2.99,2.96,2.82
08/23/2021,3.02,3.19,2.97,2.95,2.83
08/16/2021,3.03,3.16,2.96,2.94,2.83
08/09/2021,3.1,3.15,2.95,2.93,2.85
08/02/2021,3.16,3.12,2.95,2.93,2.85
07/26/2021,3.22,3.08,2.94,2.91,2.84
07/19/2021,3.35,3.05,2.95,2.89,2.83
07/12/2021,3.29,3.02,2.94,2.87,2.8
07/05/2021,3.2,2.97,2.93,2.84,2.77
06/28/2021,3.08,2.92,2.9,2.82,2.75
06/21/2021,2.95,2.86,2.88,2.79,2.72
06/14/2021,2.76,2.76,2.83,2.75,2.68
06/07/2021,2.74,2.75,2.83,2.74,2.67
05/31/2021,2.74,2.76,2.82,2.73,2.64
05/24/2021,2.76,2.78,2.83,2.71,2.62
05/17/2021,2.77,2.8,2.83,2.69,2.59
05/10/2021,2.76,2.85,2.81,2.68,2.56
05/03/2021,2.76,2.87,2.8,2.68,2.54
04/26/2021,2.77,2.88,2.77,2.67,2.51
04/19/2021,2.79,2.89,2.77,2.65,2.49
04/12/2021,2.83,2.91,2.75,2.64,2.47
04/05/2021,2.94,2.91,2.75,2.64,2.46
03/29/2021,2.98,2.9,2.74,2.65,2.44
03/22/2021,2.98,2.88,2.72,2.65,2.43
03/15/2021,2.98,2.88,2.68,2.64,2.41
03/08/2021,2.98,2.85,2.64,2.64,2.4
03/01/2021,2.88,2.77,2.6,2.63,2.38
02/22/2021,2.82,2.73,2.58,2.64,2.36
02/15/2021,2.78,2.67,2.56,2.65,2.35
02/08/2021,2.79,2.65,2.54,2.66,2.34
02/01/2021,2.72,2.6,2.51,2.68,2.32
01/25/2021,2.67,2.58,2.51,2.7,2.31
01/18/2021,2.64,2.58,2.52,2.73,2.3
01/11/2021,2.55,2.56,2.53,2.77,2.29
01/04/2021,2.51,2.48,2.53,2.78,2.28
12/28/2020,2.49,2.43,2.54,2.78,2.27
12/21/2020,2.49,2.42,2.56,2.76,2.26
12/14/2020,2.52,2.43,2.6,2.73,2.26
12/07/2020,2.57,2.46,2.64,2.71,2.26
11/30/2020,2.45,2.43,2.67,2.67,2.25
11/23/2020,2.37,2.42,2.71,2.64,2.24
11/16/2020,2.34,2.43,2.77,2.62,2.22
11/09/2020,2.34,2.47,2.81,2.59,2.21
11/02/2020,2.34,2.5,2.87,2.55,2.19
10/26/2020,2.41,2.58,2.94,2.52,2.18
10/19/2020,2.46,2.64,2.95,2.49,2.16
10/12/2020,2.52,2.71,2.93,2.45,2.14
10/05/2020,2.6,2.77,2.89,2.4,2.12
09/28/2020,2.67,2.83,2.84,2.36,2.1
09/21/2020,2.74,2.91,2.8,2.33,2.08
09/14/2020,2.83,3.01,2.76,2.3,2.06
09/07/2020,2.9,3.1,2.71,2.27,2.04
08/31/2020,2.94,3.15,2.65,2.24,2.02
08/24/2020,2.99,3.24,2.58,2.21,1.99
08/17/2020,3.07,3.3,2.5,2.18,1.97
08/10/2020,3.2,3.26,2.41,2.15,1.95
08/03/2020,3.3,3.16,2.32,2.12,1.92
07/27/2020,3.35,3.01,2.22,2.08,1.9
07/20/2020,3.48,2.85,2.12,2.05,1.87
07/13/2020,3.52,2.68,2.04,2.01,1.85
07/06/2020,3.32,2.5,1.95,1.97,1.81
06/29/2020,3.02,2.32,1.86,1.92,1.79
06/22/2020,2.66,2.15,1.78,1.87,1.77
06/15/2020,2.21,1.92,1.69,1.82,1.75
06/08/2020,1.85,1.7,1.62,1.77,1.73
06/01/2020,1.69,1.56,1.6,1.76,1.72
05/25/2020,1.61,1.47,1.6,1.77,1.73
05/18/2020,1.64,1.42,1.62,1.78,1.74
05/11/2020,1.64,1.39,1.65,1.81,1.75
05/04/2020,1.55,1.39,1.68,1.82,1.77
04/27/2020,1.44,1.39,1.7,1.83,1.78
04/20/2020,1.33,1.4,1.72,1.83,1.79
04/13/2020,1.21,1.41,1.74,1.83,1.81
04/06/2020,1.15,1.46,1.77,1.83,1.82
03/30/2020,1.22,1.55,1.81,1.83,1.85
03/23/2020,1.35,1.64,1.87,1.84,1.87
03/16/2020,1.46,1.73,1.91,1.84,1.9
03/09/2020,1.62,1.82,1.97,1.84,1.95
03/02/2020,1.77,1.91,2.01,1.84,1.99
02/24/2020,1.87,1.97,2.04,1.83,2.04
02/17/2020,1.93,2.0,2.05,1.82,2.08
02/10/2020,2.0,2.04,2.04,1.81,2.11
02/03/2020,2.03,2.06,2.04,1.8,2.13
01/27/2020,2.05,2.07,2.01,1.78,2.16
01/20/2020,2.06,2.08,1.97,1.76,2.19
01/13/2020,2.07,2.09,1.93,1.74,2.23
01/06/2020,2.07,2.1,1.89,1.72,2.28
12/30/2019,2.09,2.11,1.85,1.71,2.36
12/23/2019,2.1,2.12,1.81,1.69,2.46
12/16/2019,2.09,2.12,1.77,1.68,2.56
12/09/2019,2.11,2.1,1.73,1.66,2.66
12/02/2019,2.13,2.05,1.7,1.67,2.77
11/25/2019,2.13,2.02,1.67,1.67,2.88
11/18/2019,2.13,1.95,1.64,1.68,2.99
11/11/2019,2.14,1.87,1.6,1.68,3.1
11/04/2019,2.08,1.78,1.57,1.68,3.21
10/28/2019,1.98,1.69,1.54,1.69,3.32
10/21/2019,1.91,1.6,1.51,1.7,3.43
10/14/2019,1.78,1.51,1.48,1.7,3.55
10/07/2019,1.6,1.42,1.46,1.71,3.66
09/30/2019,1.47,1.37,1.44,1.73,3.77
09/23/2019,1.4,1.35,1.47,1.76,3.9
09/16/2019,1.28,1.31,1.5,1.78,4.02
09/09/2019,1.24,1.32,1.54,1.82,4.12
09/02/2019,1.24,1.34,1.59,1.86,4.24
08/26/2019,1.26,1.36,1.64,1.9,4.35
08/19/2019,1.29,1.38,1.69,1.95,4.47
08/12/2019,1.34,1.42,1.75,2.05,4.59
08/05/2019,1.4,1.46,1.8,2.15,4.71
07/29/2019,1.44,1.5,1.86,2.24,4.82
07/22/2019,1.46,1.52,1.92,2.33,4.93
07/15/2019,1.47,1.6,1.96,2.4,5.03
07/08/2019,1.5,1.68,2.02,2.45,5.14
07/01/2019,1.52,1.76,2.07,2.53,5.25
06/24/2019,1.56,1.84,2.12,2.62,5.36
06/17/2019,1.57,1.92,2.18,2.72,5.47
06/10/2019,1.72,2.0,2.24,2.84,5.58
06/03/2019,1.86,2.08,2.36,3.01,5.71
05/27/2019,2.0,2.14,2.49,3.22,5.86
05/20/2019,2.13,2.22,2.61,3.45,6.01
05/13/2019,2.26,2.32,2.74,3.67,6.15
05/06/2019,2.29,2.33,2.8,3.88,6.28
04/29/2019,2.31,2.35,2.84,4.08,6.41
04/22/2019,2.29,2.37,2.91,4.3,6.54
04/15/2019,2.32,2.4,3.0,4.51,6.68
04/08/2019,2.37,2.44,3.12,4.73,6.82
04/01/2019,2.37,2.47,3.25,4.95,6.97
03/25/2019,2.4,2.64,3.47,5.17,7.11
03/18/2019,2.46,2.83,3.76,5.39,7.26
03/11/2019,2.48,2.99,4.06,5.6,7.42
03/04/2019,2.5,3.17,4.35,5.81,7.57
02/25/2019,2.58,3.27,4.65,6.03,7.72
02/18/2019,2.88,3.33,4.95,6.25,7.89
02/11/2019,3.2,3.45,5.26,6.43,8.02
02/04/2019,3.51,3.61,5.57,6.61,8.17
01/28/2019,3.83,3.81,5.88,6.8,8.33
01/21/2019,3.96,4.03,6.18,6.99,8.48
01/14/2019,3.78,4.3,6.43,7.13,8.63
01/07/2019,3.7,4.69,6.67,7.27,8.79
12/31/2018,3.71,5.12,6.91,7.4,8.93
12/24/2018,3.78,5.53,7.14,7.52,9.08
12/17/2018,4.1,6.03,7.42,7.67,9.24
12/10/2018,4.81,6.57,7.72,7.83,9.4
12/03/2018,5.68,7.07,7.92,7.97,9.57
11/26/2018,6.53,7.54,8.11,8.11,9.72
11/19/2018,7.27,7.95,8.3,8.22,9.88
11/12/2018,7.96,8.34,8.47,8.32,10.03
11/05/2018,8.33,8.56,8.54,8.42,10.14
10/29/2018,8.45,8.64,8.55,8.5,10.23
10/22/2018,8.54,8.69,8.53,8.57,10.32
10/15/2018,8.62,8.75,8.52,8.63,10.42
10/08/2018,8.71,8.8,8.49,8.69,10.52
10/01/2018,8.79,8.86,8.46,8.74,10.61
09/24/2018,8.84,8.77,8.42,8.79,10.71
09/17/2018,8.84,8.69,8.39,8.85,10.81
09/10/2018,8.87,8.65,8.36,8.92,10.91
09/03/2018,8.89,8.6,8.31,8.99,11.01
08/27/2018,8.93,8.53,8.35,9.05,11.12
08/20/2018,8.7,8.46,8.42,9.13,11.22
08/13/2018,8.53,8.37,8.52,9.23,11.33
08/06/2018,8.43,8.29,8.58,9.33,11.43
07/30/2018,8.31,8.18,8.63,9.41,11.52
07/23/2018,8.12,8.05,8.68,9.52,11.61
07/16/2018,8.23,8.08,8.8,9.62,11.72
07/09/2018,8.21,8.09,8.93,9.73,11.83
07/02/2018,8.15,8.07,9.05,9.85,11.95
06/25/2018,8.05,8.03,9.18,9.96,12.08
06/18/2018,7.99,8.17,9.31,10.13,12.21
06/11/2018,7.93,8.38,9.46,10.31,12.35
06/04/2018,7.97,8.66,9.66,10.46,12.5
05/28/2018,8.0,8.87,9.85,10.64,12.66
05/21/2018,8.01,9.08,10.03,10.81,12.82
05/14/2018,8.35,9.31,10.25,10.98,12.98
05/07/2018,8.84,9.53,10.39,11.16,13.13
04/30/2018,9.34,9.76,10.55,11.34,13.28
04/23/2018,9.74,10.03,10.74,11.54,13.42
04/16/2018,10.15,10.33,10.93,11.74,13.56
04/09/2018,10.27,10.45,11.11,11.87,13.68
04/02/2018,10.22,10.53,11.27,11.96,13.78
03/26/2018,10.18,10.66,11.36,12.07,13.87
03/19/2018,10.32,10.82,11.53,12.21,13.99
03/12/2018,10.51,10.98,11.67,12.35,14.1
03/05/2018,10.64,11.19,11.82,12.48,14.2
02/26/2018,10.84,11.25,11.97,12.62,14.31
02/19/2018,11.15,11.35,12.13,12.76,14.42
02/12/2018,11.33,11.45,12.3,12.91,14.51
02/05/2018,11.45,11.52,12.44,13.04,14.58
01/29/2018,11.73,11.77,12.58,13.19,14.65
01/22/2018,11.65,12.01,12.68,13.31,14.72
01/15/2018,11.55,12.07,12.77,13.42,14.78
01/08/2018,11.57,12.23,12.9,13.53,14.84
01/01/2018,11.6,12.36,13.04,13.62,14.88
12/25/2017,11.81,12.45,13.13,13.71,14.9
12/18/2017,12.36,12.7,13.31,13.82,14.94
12/11/2017,12.59,12.92,13.47,13.93,14.99
12/04/2017,12.89,13.14,13.63,14.06,15.06
11/27/2017,13.11,13.36,13.8,14.2,15.12
11/20/2017,13.08,13.38,13.9,14.3,15.16
11/13/2017,13.04,13.35,13.96,14.39,15.19
11/06/2017,13.25,13.47,14.1,14.54,15.24
10/30/2017,13.39,13.58,14.17,14.69,15.27
10/23/2017,13.6,13.72,14.26,14.83,15.31
10/16/2017,13.68,13.82,14.34,14.98,15.34
10/09/2017,13.66,13.92,14.39,15.1,15.36
10/02/2017,13.7,14.03,14.44,15.23,15.38
09/25/2017,13.76,14.13,14.52,15.3,15.4
09/18/2017,13.85,14.24,14.62,15.39,15.4
09/11/2017,13.95,14.41,14.76,15.49,15.41
09/04/2017,14.17,14.58,14.91,15.59,15.42
08/28/2017,14.35,14.73,15.08,15.68,15.43
08/21/2017,14.49,14.77,15.24,15.76,15.42
08/14/2017,14.63,14.79,15.38,15.84,15.41
08/07/2017,14.86,14.85,15.56,15.92,15.4
07/31/2017,14.98,14.85,15.69,16.0,15.4
07/24/2017,15.11,14.85,15.83,16.08,15.38
07/17/2017,15.05,14.91,15.89,16.12,15.36
07/10/2017,14.95,15.01,15.97,16.12,15.35
07/03/2017,14.84,15.1,16.04,16.12,15.32
06/26/2017,14.72,15.23,16.09,16.12,15.29
06/19/2017,14.58,15.43,16.15,16.13,15.25
06/12/2017,14.76,15.72,16.26,16.15,15.27
06/05/2017,15.07,15.98,16.37,16.14,15.28
05/29/2017,15.36,16.27,16.46,16.1,15.26
05/22/2017,15.74,16.53,16.57,16.05,15.22
05/15/2017,16.28,16.81,16.7,16.06,15.16
05/08/2017,16.68,16.87,16.72,16.06,15.06
05/01/2017,16.89,16.92,16.68,16.03,14.94
04/24/2017,17.18,16.97,16.63,16.03,14.84
04/17/2017,17.32,16.95,16.56,16.0,14.73
04/10/2017,17.34,16.87,16.48,15.94,14.59
04/03/2017,17.06,16.8,16.36,15.85,14.44
03/27/2017,16.96,16.76,16.21,15.79,14.29
03/20/2017,16.76,16.64,16.02,15.69,14.15
03/13/2017,16.58,16.61,15.81,15.61,14.03
03/06/2017,16.41,16.59,15.68,15.53,13.9
02/27/2017,16.54,16.57,15.66,15.49,13.75
02/20/2017,16.56,16.44,15.59,15.41,13.62
02/13/2017,16.53,16.28,15.55,15.32,13.51
02/06/2017,16.63,16.17,15.52,15.25,13.4
01/30/2017,16.77,16.08,15.47,15.17,13.26
01/23/2017,16.6,15.92,15.38,15.08,13.15
01/16/2017,16.31,15.67,15.3,14.98,13.05
01/09/2017,16.04,15.4,15.22,14.88,12.99
01/02/2017,15.71,15.02,15.12,14.8,12.93
12/26/2016,15.39,14.77,15.0,14.69,12.87
12/19/2016,15.25,14.75,14.95,14.61,12.84
12/12/2016,15.03,14.74,14.89,14.57,12.82
12/05/2016,14.76,14.83,14.85,14.53,12.8
11/28/2016,14.32,14.87,14.79,14.46,12.8
11/21/2016,14.15,14.85,14.72,14.38,12.79
11/14/2016,14.26,14.84,14.65,14.39,12.75
11/07/2016,14.46,14.94,14.64,14.43,12.74
10/31/2016,14.9,15.05,14.62,14.43,12.75
10/24/2016,15.43,15.22,14.69,14.38,12.75
10/17/2016,15.56,15.24,14.65,14.27,12.74
10/10/2016,15.42,15.15,14.54,14.05,12.73
10/03/2016,15.41,15.04,14.48,13.86,12.71
09/26/2016,15.19,14.87,14.38,13.65,12.67
09/19/2016,15.01,14.71,14.26,13.46,12.62
09/12/2016,14.92,14.59,14.14,13.24,12.61
09/05/2016,14.88,14.47,14.17,13.03,12.6
08/29/2016,14.68,14.34,14.18,12.8,12.6
08/22/2016,14.54,14.2,14.12,12.61,12.6
08/15/2016,14.42,14.15,13.96,12.46,12.62
08/08/2016,14.26,14.05,13.79,12.26,12.65
08/01/2016,14.06,13.93,13.5,12.01,12.69
07/25/2016,14.0,13.93,13.26,11.84,12.76
07/18/2016,13.85,13.9,13.04,11.69,12.83
07/11/2016,13.89,13.8,12.83,11.55,12.92
07/04/2016,13.84,13.69,12.57,11.35,13.02
06/27/2016,13.81,13.87,12.31,11.22,13.12
06/20/2016,13.85,14.02,12.03,11.12,13.21
06/13/2016,13.95,14.04,11.81,11.11,13.31
06/06/2016,13.72,13.77,11.61,11.07,13.41
05/30/2016,13.54,13.53,11.37,11.06,13.48
05/23/2016,13.93,13.06,11.04,11.07,13.57
05/16/2016,14.19,12.6,10.79,11.07,13.65
05/09/2016,14.12,12.18,10.58,11.07,13.75
05/02/2016,13.82,11.86,10.43,11.13,13.88
04/25/2016,13.51,11.45,10.18,11.19,14.0
04/18/2016,12.2,10.76,9.89,11.11,14.07
04/11/2016,11.0,10.04,9.68,11.05,14.15
04/04/2016,10.24,9.59,9.64,11.07,14.26
03/28/2016,9.89,9.44,9.71,11.11,14.39
03/21/2016,9.39,9.21,9.82,11.22,14.52
03/14/2016,9.32,9.03,10.07,11.4,14.67
03/07/2016,9.07,8.99,10.31,11.56,14.8
02/29/2016,8.94,8.98,10.52,11.69,14.9
02/22/2016,9.0,9.0,10.77,11.79,15.01
02/15/2016,9.02,8.9,11.06,11.98,15.15
02/08/2016,8.73,9.02,11.29,12.17,15.26
02/01/2016,8.91,9.32,11.56,12.4,15.41
01/25/2016,9.03,9.7,11.8,12.6,15.49
01/18/2016,9.0,9.98,11.95,12.79,15.6
01/11/2016,8.79,10.44,12.22,13.05,15.75
01/04/2016,9.32,11.12,12.59,13.37,15.94
12/28/2015,9.73,11.63,12.84,13.68,16.13
12/21/2015,10.37,12.05,13.05,13.98,16.31
12/14/2015,10.97,12.55,13.19,14.28,16.51
12/07/2015,12.08,13.22,13.52,14.68,16.75
11/30/2015,12.91,13.56,13.75,15.03,16.93
11/23/2015,13.53,13.79,13.94,15.3,17.07
11/16/2015,13.73,13.91,14.05,15.52,17.24
11/09/2015,14.13,13.91,14.2,15.76,17.42
11/02/2015,14.36,14.01,14.35,15.9,17.59
10/26/2015,14.2,14.07,14.5,16.07,17.75
10/19/2015,14.06,14.05,14.7,16.23,17.91
10/12/2015,14.08,14.04,14.94,16.44,18.08
10/05/2015,13.7,13.83,15.15,16.63,18.23
09/28/2015,13.66,13.82,15.42,16.8,18.38
09/21/2015,13.94,13.94,15.76,17.04,18.54
09/14/2015,14.04,14.1,16.05,17.25,18.7
09/07/2015,14.0,14.2,16.33,17.45,18.87
08/31/2015,13.96,14.49,16.68,17.67,19.07
08/24/2015,13.98,14.69,16.85,17.82,19.23
08/17/2015,13.95,14.93,17.06,17.94,19.41
08/10/2015,14.15,15.36,17.31,18.04,19.59
08/03/2015,14.4,15.84,17.63,18.11,19.77
07/27/2015,15.01,16.47,18.03,18.22,19.95
07/20/2015,15.41,17.01,18.29,18.31,20.1
07/13/2015,15.91,17.58,18.58,18.35,20.26
07/06/2015,16.56,18.0,18.83,18.41,20.38
06/29/2015,17.27,18.46,19.07,18.39,20.51
06/22/2015,17.93,18.87,19.26,18.4,20.62
06/15/2015,18.62,19.01,19.38,18.45,20.71
06/08/2015,19.24,19.19,19.45,18.52,20.79
06/01/2015,19.44,19.27,19.39,18.58,20.85
05/25/2015,19.64,19.43,19.25,18.65,20.89
05/18/2015,19.81,19.59,19.1,18.75,20.94
05/11/2015,19.4,19.58,18.96,18.81,20.97
05/04/2015,19.14,19.59,18.74,18.84,21.0
04/27/2015,19.1,19.66,18.62,18.85,21.04
04/20/2015,19.22,19.69,18.35,18.95,21.08
04/13/2015,19.37,19.65,18.17,19.08,21.11
04/06/2015,19.75,19.74,18.17,19.27,21.17
03/30/2015,20.03,19.71,18.18,19.43,21.21
03/23/2015,20.22,19.5,18.23,19.6,21.25
03/16/2015,20.16,19.07,18.26,19.73,21.27
03/09/2015,19.93,18.61,18.33,19.83,21.29
03/02/2015,19.74,18.34,18.43,19.96,21.33
02/23/2015,19.38,17.89,18.46,20.05,21.34
02/16/2015,18.78,17.58,18.44,20.15,21.37
02/09/2015,17.97,17.01,18.58,20.29,21.41
02/02/2015,17.29,16.69,18.8,20.46,21.44
01/26/2015,16.95,16.6,19.03,20.65,21.45
01/19/2015,16.39,16.65,19.29,20.87,21.47
01/12/2015,16.38,16.96,19.64,21.13,21.5
01/05/2015,16.05,17.45,20.06,21.43,21.54
12/29/2014,16.1,18.04,20.44,21.67,0.0
12/22/2014,16.24,18.53,20.77,21.89,0.0
12/15/2014,16.91,19.04,21.13,22.16,0.0
12/08/2014,17.54,19.3,21.44,22.35,0.0
12/01/2014,18.85,20.15,21.93,22.63,0.0
11/24/2014,19.99,20.91,22.35,22.84,0.0
11/17/2014,20.81,21.47,22.68,22.97,0.0
11/10/2014,21.16,21.93,22.98,23.06,0.0
11/03/2014,21.06,22.33,23.22,23.12,0.0
10/27/2014,21.46,22.67,23.42,23.14,0.0
10/20/2014,21.83,22.84,23.48,23.14,0.0
10/13/2014,22.13,23.01,23.57,23.13,0.0
10/06/2014,22.7,23.22,23.72,23.16,0.0
09/29/2014,23.6,23.58,23.87,23.23,0.0
09/22/2014,23.87,23.72,23.87,23.21,0.0
09/15/2014,23.85,23.79,23.81,23.14,0.0
09/08/2014,23.88,23.89,23.72,23.07,0.0
09/01/2014,23.73,24.02,23.63,23.0,0.0
08/25/2014,23.57,24.12,23.52,22.91,0.0
08/18/2014,23.56,24.17,23.37,22.82,0.0
08/11/2014,23.74,24.12,23.29,22.75,0.0
08/04/2014,23.91,24.13,23.19,22.69,0.0
07/28/2014,24.31,24.23,23.13,22.63,0.0
07/21/2014,24.66,24.16,23.05,22.59,0.0
07/14/2014,24.79,24.03,22.96,22.54,0.0
07/07/2014,24.51,23.83,22.82,22.42,0.0
06/30/2014,24.35,23.55,22.66,22.25,0.0
06/23/2014,24.15,23.23,22.49,22.07,0.0
06/16/2014,23.65,22.92,22.31,21.86,0.0
06/09/2014,23.26,22.58,22.14,21.64,0.0
06/02/2014,23.16,22.47,22.07,0.0,0.0
05/26/2014,22.76,22.25,21.98,0.0,0.0
05/19/2014,22.31,22.03,21.83,0.0,0.0
05/12/2014,22.19,21.95,21.8,0.0,0.0
05/05/2014,21.89,21.89,21.79,0.0,0.0
04/28/2014,21.77,21.8,21.71,0.0,0.0
04/21/2014,21.75,21.77,21.6,0.0,0.0
04/14/2014,21.74,21.75,21.48,0.0,0.0
04/07/2014,21.71,21.7,21.33,0.0,0.0
03/31/2014,21.9,21.71,21.18,0.0,0.0
03/24/2014,21.83,21.67,0.0,0.0,0.0
03/17/2014,21.8,21.7,0.0,0.0,0.0
03/10/2014,21.75,21.63,0.0,0.0,0.0
03/03/2014,21.7,21.65,0.0,0.0,0.0
02/24/2014,21.53,21.69,0.0,0.0,0.0
02/17/2014,21.51,21.62,0.0,0.0,0.0
02/10/2014,21.6,21.42,0.0,0.0,0.0
02/03/2014,21.51,21.22,0.0,0.0,0.0
01/27/2014,21.6,20.95,0.0,0.0,0.0
01/20/2014,21.86,20.64,0.0,0.0,0.0
01/13/2014,21.72,0.0,0.0,0.0,0.0
01/06/2014,21.24,0.0,0.0,0.0,0.0
12/30/2013,20.93,0.0,0.0,0.0,0.0
12/23/2013,20.31,0.0,0.0,0.0,0.0
12/16/2013,19.42,0.0,0.0,0.0,0.0
12/09/2013,0.0,0.0,0.0,0.0,0.0
12/02/2013,0.0,0.0,0.0,0.0,0.0
11/25/2013,0.0,0.0,0.0,0.0,0.0
11/18/2013,0.0,0.0,0.0,0.0,0.0
