12/26/2022,1.39,1.25,1.24,1.23,1.71
12/19/2022,1.34,1.22,1.23,1.23,1.74
12/12/2022,1.32,1.18,1.22,1.22,1.76
12/05/2022,1.28,1.16,1.21,1.23,1.81
11/28/2022,1.19,1.11,1.2,1.23,1.84
11/21/2022,1.11,1.09,1.19,1.23,1.88
11/14/2022,1.09,1.1,1.2,1.25,1.91
11/07/2022,1.03,1.13,1.2,1.26,1.94
10/31/2022,1.03,1.17,1.2,1.3,1.98
10/24/2022,1.03,1.2,1.21,1.33,2.03
10/17/2022,1.06,1.23,1.23,1.37,2.08
10/10/2022,1.11,1.25,1.23,1.4,2.13
10/03/2022,1.22,1.27,1.25,1.45,2.17
09/26/2022,1.32,1.27,1.26,1.46,2.21
09/19/2022,1.37,1.29,1.28,1.49,2.25
09/12/2022,1.39,1.29,1.3,1.52,2.3
09/05/2022,1.39,1.3,1.33,1.55,2.34
08/29/2022,1.31,1.26,1.33,1.58,2.39
08/22/2022,1.22,1.23,1.36,1.61,2.46
08/15/2022,1.21,1.22,1.4,1.63,2.55
08/08/2022,1.19,1.22,1.44,1.67,2.64
08/01/2022,1.2,1.22,1.48,1.71,2.76
07/25/2022,1.22,1.23,1.54,1.75,2.87
07/18/2022,1.24,1.25,1.56,1.8,2.98
07/11/2022,1.23,1.28,1.59,1.84,3.09
07/04/2022,1.25,1.32,1.64,1.89,3.19
06/27/2022,1.24,1.36,1.68,1.94,3.3
06/20/2022,1.24,1.4,1.74,1.97,3.42
06/13/2022,1.27,1.48,1.79,2.03,3.55
06/06/2022,1.32,1.57,1.83,2.09,3.71
05/30/2022,1.38,1.65,1.89,2.18,3.86
05/23/2022,1.49,1.75,1.95,2.24,4.01
05/16/2022,1.57,1.85,2.01,2.31,4.16
05/09/2022,1.7,1.86,2.07,2.38,4.32
05/02/2022,1.82,1.9,2.13,2.45,4.51
04/25/2022,1.93,1.96,2.18,2.52,4.72
04/18/2022,2.01,2.01,2.23,2.56,4.94
04/11/2022,2.13,2.07,2.26,2.62,5.15
04/04/2022,2.02,2.1,2.3,2.67,5.39
03/28/2022,1.98,2.1,2.35,2.73,5.66
03/21/2022,1.99,2.12,2.44,2.8,5.87
03/14/2022,2.0,2.15,2.49,2.85,6.05
03/07/2022,2.01,2.17,2.53,2.88,6.23
02/28/2022,2.18,2.29,2.64,2.95,6.41
02/21/2022,2.22,2.36,2.73,3.01,6.56
02/14/2022,2.25,2.41,2.8,3.07,6.71
02/07/2022,2.3,2.45,2.84,3.13,6.86
01/31/2022,2.32,2.44,2.89,3.2,7.02
01/24/2022,2.39,2.49,2.96,3.31,7.18
01/17/2022,2.49,2.6,3.04,3.46,7.35
01/10/2022,2.57,2.76,3.13,3.62,7.54
01/03/2022,2.61,2.83,3.2,3.81,7.73
12/27/2021,2.57,2.9,3.24,4.0,7.92
12/20/2021,2.59,3.0,3.28,4.15,8.13
12/13/2021,2.7,3.11,3.33,4.33,8.34
12/06/2021,2.95,3.19,3.4,4.49,8.55
11/29/2021,3.06,3.23,3.47,4.66,8.76
11/22/2021,3.23,3.34,3.58,4.87,8.95
11/15/2021,3.41,3.42,3.72,5.08,9.14
11/08/2021,3.52,3.48,3.89,5.33,9.32
11/01/2021,3.42,3.51,4.05,5.54,9.53
10/25/2021,3.41,3.57,4.3,5.77,9.74
10/18/2021,3.45,3.58,4.55,6.02,9.95
10/11/2021,3.43,3.56,4.73,6.25,10.16
10/04/2021,3.45,3.56,4.94,6.57,10.35
09/27/2021,3.59,3.61,5.14,6.92,10.53
09/20/2021,3.73,3.7,5.37,7.31,10.73
09/13/2021,3.71,3.82,5.63,7.68,10.9
09/06/2021,3.69,4.01,5.91,8.1,11.03
08/30/2021,3.67,4.3,6.25,8.6,11.17
08/23/2021,3.63,4.59,6.55,8.95,11.33
08/16/2021,3.67,5.04,6.87,9.26,11.46
08/09/2021,3.93,5.51,7.24,9.57,11.59
08/02/2021,4.33,5.9,7.59,9.86,11.72
07/26/2021,4.94,6.33,8.07,10.11,11.81
07/19/2021,5.55,6.67,8.58,10.35,11.89
07/12/2021,6.41,7.05,9.12,10.59,11.98
07/05/2021,7.09,7.45,9.6,10.84,12.02
06/28/2021,7.47,7.81,10.15,11.05,12.05
06/21/2021,7.72,8.2,10.75,11.23,12.07
06/14/2021,7.78,8.51,11.12,11.46,12.06
06/07/2021,7.69,8.71,11.37,11.64,12.05
05/31/2021,7.8,8.96,11.61,11.85,12.04
05/24/2021,8.16,9.29,11.85,12.1,12.04
05/17/2021,8.68,9.81,12.0,12.35,12.03
05/10/2021,9.24,10.5,12.19,12.61,12.01
05/03/2021,9.73,11.18,12.36,12.86,12.0
04/26/2021,10.13,11.76,12.54,13.04,11.99
04/19/2021,10.41,12.49,12.67,13.2,11.96
04/12/2021,10.95,13.31,12.75,13.32,11.92
04/05/2021,11.76,13.74,12.94,13.52,11.88
03/29/2021,12.64,14.02,13.11,13.7,11.86
03/22/2021,13.39,14.25,13.29,13.87,11.83
03/15/2021,14.56,14.41,13.51,14.08,11.78
03/08/2021,15.67,14.19,13.62,14.13,11.69
03/01/2021,15.72,13.88,13.66,14.14,11.61
02/22/2021,15.41,13.53,13.69,14.16,11.52
02/15/2021,15.1,13.32,13.67,14.13,11.43
02/08/2021,14.26,12.86,13.56,13.97,11.29
02/01/2021,12.72,12.18,13.33,13.74,11.11
01/25/2021,12.03,12.13,13.4,13.71,11.01
01/18/2021,11.66,12.2,13.54,13.66,10.91
01/11/2021,11.54,12.34,13.68,13.61,10.82
01/04/2021,11.45,12.62,13.91,13.57,10.74
12/28/2020,11.65,13.05,14.09,13.51,10.68
12/21/2020,12.23,13.45,14.27,13.44,10.63
12/14/2020,12.74,13.85,14.47,13.37,10.57
12/07/2020,13.14,14.03,14.53,13.19,10.5
11/30/2020,13.78,14.25,14.52,13.05,10.43
11/23/2020,14.44,14.47,14.52,12.9,10.38
11/16/2020,14.66,14.68,14.49,12.67,10.28
11/09/2020,14.95,14.88,14.4,12.45,10.19
11/02/2020,14.91,15.03,14.24,12.23,10.11
10/26/2020,14.73,15.21,14.05,11.97,10.02
10/19/2020,14.5,15.14,13.74,11.7,9.93
10/12/2020,14.69,15.1,13.44,11.42,9.84
10/05/2020,14.8,15.1,13.13,11.15,9.72
09/28/2020,15.14,15.04,12.77,10.94,9.63
09/21/2020,15.68,14.79,12.45,10.73,9.56
09/14/2020,15.78,14.58,12.12,10.52,9.47
09/07/2020,15.5,14.31,11.66,10.25,9.37
08/31/2020,15.39,13.92,11.24,10.02,0.0
08/24/2020,14.94,13.46,10.83,9.78,0.0
08/17/2020,13.9,12.9,10.36,9.49,0.0
08/10/2020,13.37,12.33,9.98,9.26,0.0
08/03/2020,13.11,11.78,9.58,9.09,0.0
07/27/2020,12.44,11.15,9.18,8.89,0.0
07/20/2020,11.98,10.5,8.89,8.73,0.0
07/13/2020,11.9,10.11,8.7,8.62,0.0
07/06/2020,11.29,9.66,8.49,8.48,0.0
06/29/2020,10.45,9.02,8.22,8.31,0.0
06/22/2020,9.87,8.56,8.07,8.15,0.0
06/15/2020,9.02,8.2,7.94,8.02,0.0
06/08/2020,8.32,7.82,7.79,7.91,0.0
06/01/2020,8.02,7.64,7.72,7.86,0.0
05/25/2020,7.59,7.39,7.74,7.82,0.0
05/18/2020,7.25,7.21,7.75,7.78,0.0
05/11/2020,7.37,7.29,7.85,7.82,0.0
05/04/2020,7.31,7.29,7.88,7.81,0.0
04/27/2020,7.25,7.32,7.9,7.85,0.0
04/20/2020,7.18,7.42,7.95,7.9,0.0
04/13/2020,7.17,7.57,7.94,7.93,0.0
04/06/2020,7.21,7.68,7.94,8.0,0.0
03/30/2020,7.26,7.76,7.95,8.07,0.0
03/23/2020,7.38,7.81,7.97,8.16,0.0
03/16/2020,7.67,8.09,8.04,8.26,0.0
03/09/2020,7.97,8.3,8.07,8.28,0.0
03/02/2020,8.15,8.41,8.08,8.32,0.0
02/24/2020,8.26,8.47,8.08,8.38,0.0
02/17/2020,8.25,8.48,8.11,8.42,0.0
02/10/2020,8.51,8.47,8.14,8.49,0.0
02/03/2020,8.62,8.31,8.11,0.0,0.0
01/27/2020,8.66,8.2,8.15,0.0,0.0
01/20/2020,8.67,8.15,8.22,0.0,0.0
01/13/2020,8.7,8.13,8.34,0.0,0.0
01/06/2020,8.44,8.0,8.34,0.0,0.0
12/30/2019,8.0,7.84,8.28,0.0,0.0
12/23/2019,7.74,7.75,8.27,0.0,0.0
12/16/2019,7.63,7.69,8.34,0.0,0.0
12/09/2019,7.56,7.75,8.39,0.0,0.0
12/02/2019,7.56,7.8,8.49,0.0,0.0
11/25/2019,7.67,7.9,0.0,0.0,0.0
11/18/2019,7.76,8.11,0.0,0.0,0.0
11/11/2019,7.75,8.3,0.0,0.0,0.0
11/04/2019,7.95,8.54,0.0,0.0,0.0
10/28/2019,8.05,8.69,0.0,0.0,0.0
10/21/2019,8.13,8.72,0.0,0.0,0.0
10/14/2019,8.45,8.8,0.0,0.0,0.0
10/07/2019,8.85,9.0,0.0,0.0,0.0
09/30/2019,9.13,9.03,0.0,0.0,0.0
09/23/2019,9.32,9.18,0.0,0.0,0.0
09/16/2019,9.3,0.0,0.0,0.0,0.0
09/09/2019,9.14,0.0,0.0,0.0,0.0
09/02/2019,9.15,0.0,0.0,0.0,0.0
08/26/2019,8.92,0.0,0.0,0.0,0.0
08/19/2019,9.04,0.0,0.0,0.0,0.0
08/12/2019,0.0,0.0,0.0,0.0,0.0
08/05/2019,0.0,0.0,0.0,0.0,0.0
07/29/2019,0.0,0.0,0.0,0.0,0.0
07/22/2019,0.0,0.0,0.0,0.0,0.0
