12/26/2022,147.17,148.11,151.64,154.55,173.59
12/19/2022,147.85,148.15,153.06,155.38,175.01
12/12/2022,148.56,147.65,154.16,156.1,176.31
12/05/2022,150.89,147.59,155.22,156.61,177.6
11/28/2022,147.77,147.0,155.85,157.0,178.76
11/21/2022,149.05,146.79,156.04,157.46,179.82
11/14/2022,148.44,147.66,156.37,158.14,180.9
11/07/2022,146.73,150.11,156.85,159.04,182.16
10/31/2022,144.29,150.71,157.05,159.74,183.21
10/24/2022,146.23,153.76,157.72,161.35,184.72
10/17/2022,144.53,155.16,157.77,162.1,185.85
10/10/2022,146.87,157.98,159.0,163.16,187.17
10/03/2022,153.49,160.67,160.32,164.21,188.54
09/26/2022,157.12,162.84,161.12,164.72,189.84
09/19/2022,161.29,164.7,162.0,165.51,191.1
09/12/2022,165.79,165.29,162.8,166.55,192.29
09/05/2022,169.08,165.09,163.38,167.25,193.29
08/29/2022,167.85,163.59,163.51,167.64,194.0
08/22/2022,168.56,163.39,164.26,168.5,194.86
08/15/2022,168.11,161.68,165.14,169.19,195.61
08/08/2022,164.79,160.38,165.57,169.97,196.21
08/01/2022,161.09,160.01,165.75,171.37,196.72
07/25/2022,159.32,159.97,165.98,173.48,197.52
07/18/2022,158.22,159.4,165.66,175.79,198.36
07/11/2022,155.26,159.3,165.92,177.97,199.23
07/04/2022,155.97,160.3,167.17,180.31,200.22
06/27/2022,158.94,161.67,168.32,182.86,201.36
06/20/2022,160.61,163.43,169.66,184.96,202.54
06/13/2022,160.58,165.12,171.05,187.18,203.61
06/06/2022,163.34,168.6,172.95,190.07,204.92
05/30/2022,164.63,170.76,174.77,192.64,205.99
05/23/2022,164.41,171.48,177.05,194.64,206.81
05/16/2022,166.24,171.99,180.24,196.52,207.66
05/09/2022,169.67,171.92,183.99,198.58,208.55
05/02/2022,173.86,172.54,187.31,200.52,209.31
04/25/2022,176.89,174.05,190.32,202.19,210.14
04/18/2022,178.54,174.98,193.45,203.66,210.78
04/11/2022,177.73,175.9,195.73,205.28,211.35
04/04/2022,174.18,176.99,198.21,206.67,211.88
03/28/2022,171.21,177.3,200.81,208.1,212.49
03/21/2022,171.2,178.77,203.57,209.6,213.03
03/14/2022,171.41,182.62,206.23,211.18,213.48
03/07/2022,174.06,188.49,208.78,212.87,214.17
02/28/2022,179.79,196.06,211.91,214.96,215.03
02/21/2022,183.39,202.08,214.52,216.68,215.93
02/14/2022,186.34,206.59,216.26,218.03,216.53
02/07/2022,193.82,211.93,218.01,219.34,217.15
01/31/2022,202.91,215.57,219.97,220.37,217.72
01/24/2022,212.33,219.44,221.52,221.21,218.29
01/17/2022,220.76,224.32,223.5,222.04,218.94
01/10/2022,226.84,228.38,225.01,222.45,219.44
01/03/2022,230.03,229.84,225.46,222.08,219.35
12/27/2021,228.22,229.08,225.06,221.57,218.99
12/20/2021,226.55,227.76,224.41,220.93,218.41
12/13/2021,227.88,226.96,223.98,220.49,217.66
12/06/2021,229.92,225.92,223.75,220.12,217.32
11/29/2021,229.65,224.09,223.05,219.85,216.86
11/22/2021,229.93,224.38,222.77,220.11,216.57
11/15/2021,228.98,223.59,222.1,220.04,216.1
11/08/2021,226.05,222.69,220.89,219.77,215.45
11/01/2021,221.92,221.64,219.48,219.35,214.92
10/25/2021,218.52,221.07,218.2,218.98,214.47
10/18/2021,218.83,221.05,217.81,218.8,214.18
10/11/2021,218.21,221.06,217.52,218.53,213.83
10/04/2021,219.33,221.01,217.26,218.11,213.41
09/27/2021,221.35,221.59,217.22,218.09,213.07
09/20/2021,223.62,222.01,217.74,217.9,212.76
09/13/2021,223.27,221.16,217.97,217.42,212.14
09/06/2021,223.92,220.6,218.26,217.08,212.01
08/30/2021,222.68,219.1,218.31,216.88,211.75
08/23/2021,221.82,217.33,218.21,216.47,211.34
08/16/2021,220.4,215.33,217.93,215.79,210.94
08/09/2021,219.05,214.58,217.67,215.46,210.43
08/02/2021,217.28,213.97,217.26,215.1,210.07
07/26/2021,215.51,213.51,216.65,215.17,209.81
07/19/2021,212.84,212.85,216.35,215.03,209.96
07/12/2021,210.27,213.47,215.85,214.97,209.87
07/05/2021,210.11,214.78,215.55,215.08,209.62
06/28/2021,210.65,215.92,215.32,215.36,209.32
06/21/2021,211.51,217.52,215.77,215.85,209.1
06/14/2021,212.86,219.08,216.04,216.43,208.81
06/07/2021,216.67,220.53,216.01,216.62,208.4
05/31/2021,219.45,220.76,215.91,216.42,207.8
05/24/2021,221.19,220.55,215.67,215.88,207.21
05/17/2021,223.53,219.8,216.01,214.83,206.08
05/10/2021,225.31,219.85,216.11,214.52,205.13
05/03/2021,224.38,218.23,215.72,213.87,203.76
04/26/2021,222.07,216.32,215.22,213.03,202.96
04/19/2021,219.91,214.72,215.08,212.16,202.46
04/12/2021,216.07,214.03,215.02,211.13,201.69
04/05/2021,214.38,212.99,215.1,210.49,201.43
03/29/2021,212.08,211.5,214.67,209.97,201.23
03/22/2021,210.58,211.05,214.24,209.56,201.04
03/15/2021,209.53,210.8,213.55,209.14,200.75
03/08/2021,211.99,212.22,212.35,208.71,200.59
03/01/2021,211.6,212.38,211.86,208.04,200.27
02/22/2021,210.92,213.2,211.69,207.61,199.96
02/15/2021,211.53,214.12,211.38,206.87,199.62
02/08/2021,212.07,215.44,210.88,206.93,199.35
02/01/2021,212.44,216.01,209.68,206.62,198.87
01/25/2021,213.16,217.22,209.24,206.21,198.42
01/18/2021,215.48,217.83,209.2,206.09,198.12
01/11/2021,216.72,217.43,208.82,205.4,197.69
01/04/2021,218.81,216.3,208.3,205.04,197.22
12/28/2020,219.58,212.48,206.96,204.45,196.72
12/21/2020,221.27,211.33,205.88,204.89,196.28
12/14/2020,220.18,210.17,204.82,204.77,195.86
12/07/2020,218.15,208.63,203.24,204.17,195.42
11/30/2020,213.78,206.31,202.68,203.28,194.96
11/23/2020,205.38,203.35,201.92,202.35,194.45
11/16/2020,201.39,201.27,200.71,201.19,193.94
11/09/2020,200.16,200.57,200.22,200.18,193.73
11/02/2020,199.11,200.2,199.39,199.19,193.52
10/26/2020,198.84,200.31,199.41,198.53,193.52
10/19/2020,201.33,201.44,200.43,197.32,193.9
10/12/2020,201.16,200.42,201.67,195.74,193.92
10/05/2020,200.97,199.46,202.07,193.66,193.88
09/28/2020,201.29,197.85,201.93,192.89,193.94
09/21/2020,201.78,199.05,201.77,192.76,194.07
09/14/2020,201.55,200.48,201.86,192.25,194.14
09/07/2020,199.68,200.15,201.15,192.36,194.07
08/31/2020,197.94,199.88,199.98,192.48,193.96
08/24/2020,194.41,198.58,198.68,192.51,193.88
08/17/2020,196.32,198.5,197.65,192.37,193.82
08/10/2020,199.42,199.42,195.27,192.47,193.86
08/03/2020,200.61,202.91,193.41,192.5,193.78
07/27/2020,201.81,204.68,190.75,192.3,193.84
07/20/2020,202.75,206.02,190.4,192.38,194.04
07/13/2020,200.68,204.49,189.62,191.77,193.61
07/06/2020,199.42,203.23,188.13,191.13,193.14
06/29/2020,205.2,202.16,188.47,190.62,192.82
06/22/2020,207.54,200.08,188.79,190.14,192.49
06/15/2020,209.29,198.78,189.48,189.97,192.38
06/08/2020,208.29,196.79,189.3,189.39,192.13
06/01/2020,207.03,191.11,189.0,188.98,191.78
05/25/2020,199.12,183.9,187.3,187.68,191.04
05/18/2020,192.62,176.83,186.12,186.96,190.53
05/11/2020,188.27,174.79,185.56,186.67,190.13
05/04/2020,185.29,174.76,185.4,186.64,189.77
04/27/2020,175.19,173.02,185.08,186.54,189.38
04/20/2020,168.69,174.77,184.85,186.7,189.04
04/13/2020,161.05,177.5,185.17,187.29,188.88
04/06/2020,161.31,180.19,185.56,187.86,188.68
03/30/2020,164.22,181.81,185.7,188.5,188.41
03/23/2020,170.86,186.89,187.92,190.48,188.61
03/16/2020,180.86,190.7,189.57,192.11,188.63
03/09/2020,193.95,195.4,192.02,194.1,188.83
03/02/2020,199.06,196.33,192.62,195.0,188.41
02/24/2020,199.4,196.05,192.59,195.38,187.66
02/17/2020,202.91,197.13,193.3,196.03,187.1
02/10/2020,200.53,194.93,192.66,195.77,186.04
02/03/2020,196.85,192.84,192.18,195.43,184.99
01/27/2020,193.59,190.94,191.7,195.24,184.14
01/20/2020,192.7,189.58,191.84,195.27,183.44
01/13/2020,191.35,188.96,192.27,195.25,182.81
01/06/2020,189.33,188.44,192.81,195.05,182.1
12/30/2019,188.83,188.64,193.46,195.38,181.61
12/23/2019,188.3,188.9,194.33,195.7,181.11
12/16/2019,186.46,189.12,195.04,195.45,180.49
12/09/2019,186.57,189.47,195.48,195.15,179.76
12/02/2019,187.54,190.38,196.19,195.02,179.15
11/25/2019,188.46,191.52,196.73,194.84,178.47
11/18/2019,189.51,192.46,197.39,194.79,177.99
11/11/2019,191.77,194.1,198.12,194.87,177.56
11/04/2019,192.37,195.59,198.4,194.58,177.02
10/28/2019,193.22,197.18,198.36,194.41,176.47
10/21/2019,194.58,198.27,198.76,194.1,175.84
10/14/2019,195.41,199.76,199.1,193.58,175.15
10/07/2019,196.42,200.97,198.61,192.9,174.4
09/30/2019,198.81,201.5,198.0,192.23,173.61
09/23/2019,201.15,202.0,197.34,191.39,172.81
09/16/2019,201.95,201.94,196.51,190.47,171.97
09/09/2019,204.1,202.32,195.95,189.5,171.05
09/02/2019,205.52,202.14,195.25,188.32,170.08
08/26/2019,204.18,201.21,194.08,186.74,169.02
08/19/2019,202.84,199.54,193.02,185.16,167.95
08/12/2019,201.93,199.24,192.01,183.56,166.92
08/05/2019,200.53,198.44,190.5,181.82,165.79
07/29/2019,198.75,196.25,188.87,179.94,164.8
07/22/2019,198.24,194.5,187.59,178.16,163.9
07/15/2019,196.24,192.69,186.09,176.32,162.97
07/08/2019,196.55,191.07,184.74,174.54,162.09
07/01/2019,196.34,189.59,183.1,173.03,161.23
06/24/2019,193.75,188.37,181.42,171.6,160.4
06/17/2019,190.76,186.95,179.5,170.37,159.53
06/10/2019,189.14,186.5,177.97,169.16,158.81
06/03/2019,185.58,184.78,175.72,167.84,157.98
05/27/2019,182.83,182.56,173.51,166.52,157.02
05/20/2019,182.99,181.49,171.78,165.54,156.28
05/13/2019,183.14,180.69,169.99,164.37,155.52
05/06/2019,183.85,179.49,168.14,163.27,154.7
04/29/2019,183.98,178.4,166.28,162.1,153.98
04/22/2019,182.29,176.6,164.75,161.19,153.15
04/15/2019,179.98,174.46,163.21,160.25,152.2
04/08/2019,178.24,172.06,162.08,159.46,151.33
04/01/2019,175.13,169.45,160.48,158.52,150.43
03/25/2019,172.82,166.66,159.37,157.58,149.55
03/18/2019,170.92,164.46,158.51,156.71,148.89
03/11/2019,168.94,162.08,157.57,155.9,148.3
03/04/2019,165.88,159.3,156.21,154.99,147.72
02/25/2019,163.76,156.78,155.16,154.23,147.19
02/18/2019,160.5,154.16,153.95,153.46,146.64
02/11/2019,158.0,152.9,153.48,152.6,146.09
02/04/2019,155.22,151.96,153.14,151.84,145.6
01/28/2019,152.72,152.1,153.16,151.31,145.2
01/21/2019,149.8,151.52,153.06,150.74,144.81
01/14/2019,147.81,152.07,153.04,150.28,144.49
01/07/2019,147.81,152.55,152.84,149.76,144.13
12/31/2018,148.71,153.06,152.8,149.66,143.83
12/24/2018,151.47,153.12,152.84,149.65,143.56
12/17/2018,153.25,153.54,152.96,149.62,143.34
12/10/2018,156.33,153.74,153.12,149.65,143.14
12/03/2018,157.3,154.05,152.44,149.43,142.78
11/26/2018,157.4,154.33,151.78,149.2,142.45
11/19/2018,154.77,154.22,150.92,148.69,141.97
11/12/2018,153.83,154.6,150.34,148.47,141.56
11/05/2018,151.16,154.0,149.39,148.11,141.09
10/29/2018,150.81,153.12,148.37,147.51,140.62
10/22/2018,151.25,152.55,147.97,147.02,140.23
10/15/2018,153.66,152.55,147.91,146.67,139.99
10/08/2018,155.37,152.38,147.66,146.13,139.7
10/01/2018,156.85,152.49,147.6,145.87,139.43
09/24/2018,155.43,150.83,147.11,145.11,138.97
09/17/2018,153.86,149.24,146.63,144.15,138.57
09/10/2018,151.44,147.62,145.93,143.19,138.11
09/03/2018,149.39,146.08,145.41,142.34,137.71
08/27/2018,148.14,144.78,145.17,141.51,137.37
08/20/2018,146.23,143.62,144.7,141.06,137.07
08/13/2018,144.63,143.38,144.25,140.71,136.8
08/06/2018,143.8,143.27,143.73,140.45,136.54
07/30/2018,142.78,142.95,143.0,140.15,136.33
07/23/2018,141.42,142.71,142.55,139.82,136.11
07/16/2018,141.01,143.39,142.25,139.59,136.0
07/09/2018,142.14,144.02,141.6,139.36,135.84
07/02/2018,142.74,144.24,140.98,139.09,135.57
06/25/2018,143.11,144.74,140.47,138.88,135.32
06/18/2018,143.99,145.56,139.88,138.7,135.09
06/11/2018,145.78,145.79,139.79,138.5,134.92
06/04/2018,145.9,145.11,139.37,137.99,134.58
05/28/2018,145.74,144.2,139.04,137.46,134.22
05/21/2018,146.36,143.06,138.75,137.06,133.91
05/14/2018,147.13,142.4,138.37,136.63,133.59
05/07/2018,145.8,141.11,137.69,136.13,133.19
04/30/2018,144.32,139.18,137.03,135.7,132.83
04/23/2018,142.66,137.72,136.52,135.25,132.48
04/16/2018,139.77,136.2,135.95,134.65,132.12
04/09/2018,137.67,134.2,135.27,134.07,131.74
04/02/2018,136.42,133.79,134.85,133.73,131.45
03/26/2018,134.03,133.62,134.44,133.45,131.14
03/19/2018,132.79,133.89,134.1,133.3,130.87
03/12/2018,132.64,134.43,134.05,133.26,130.68
03/05/2018,130.72,134.34,133.75,133.0,130.36
02/26/2018,131.15,134.27,133.64,132.83,130.08
02/19/2018,133.21,134.88,133.96,133.0,129.93
02/12/2018,134.99,135.32,134.01,133.03,129.71
02/05/2018,136.23,135.7,133.87,133.08,129.5
01/29/2018,137.96,136.34,134.01,133.22,129.36
01/22/2018,137.39,135.92,133.71,133.08,129.08
01/15/2018,136.55,135.25,133.36,132.9,128.73
01/08/2018,135.64,134.3,133.01,132.63,128.34
01/01/2018,135.17,133.67,132.68,132.51,127.95
12/25/2017,134.71,133.15,132.33,132.4,127.59
12/18/2017,134.45,133.02,132.11,132.41,127.2
12/11/2017,133.94,133.03,132.05,132.32,126.89
12/04/2017,132.97,132.71,131.89,132.05,126.56
11/27/2017,132.18,132.03,131.78,131.75,126.25
11/20/2017,131.6,131.68,131.67,131.47,125.99
11/13/2017,131.58,131.5,131.66,131.35,125.8
11/06/2017,132.11,131.46,131.72,131.17,125.6
10/30/2017,132.45,131.72,131.79,130.98,125.38
10/23/2017,131.89,131.69,131.93,130.77,125.17
10/16/2017,131.76,131.5,132.02,130.55,125.04
10/09/2017,131.41,131.2,132.1,130.25,124.87
10/02/2017,130.82,131.08,131.96,129.96,124.68
09/25/2017,130.99,131.07,131.72,129.71,124.53
09/18/2017,131.48,131.52,131.61,129.59,124.43
09/11/2017,131.23,131.66,131.37,129.4,124.21
09/04/2017,130.99,131.81,131.27,129.16,124.03
08/28/2017,131.34,131.98,131.03,128.83,123.86
08/21/2017,131.16,131.86,130.61,128.43,123.63
08/14/2017,131.56,132.18,130.32,128.1,123.43
08/07/2017,132.08,132.55,130.08,127.71,123.2
07/31/2017,132.64,133.0,129.78,127.34,123.01
07/24/2017,132.61,132.84,129.41,126.87,122.8
07/17/2017,132.56,132.36,129.02,126.38,122.58
07/10/2017,132.81,131.71,128.63,125.91,122.34
07/03/2017,133.02,131.08,128.27,125.49,122.07
06/26/2017,133.37,130.73,127.84,125.09,121.79
06/19/2017,133.08,130.07,127.26,124.56,121.53
06/12/2017,132.16,129.36,126.71,124.06,121.25
06/05/2017,130.61,128.45,126.06,123.39,120.95
05/29/2017,129.14,127.61,125.29,122.79,120.64
05/22/2017,128.09,126.56,124.51,122.0,120.26
05/15/2017,127.07,125.97,123.89,121.46,119.95
05/08/2017,126.55,125.68,123.39,121.08,119.67
05/01/2017,126.3,125.56,123.01,120.76,119.36
04/24/2017,126.07,125.46,122.7,120.51,119.03
04/17/2017,125.02,124.95,122.27,120.26,118.65
04/10/2017,124.86,124.45,121.8,120.02,118.32
04/03/2017,124.82,124.07,121.41,119.79,118.04
03/27/2017,124.82,123.68,120.86,119.57,117.73
03/20/2017,124.85,122.98,120.38,119.52,117.41
03/13/2017,124.87,122.46,119.72,119.49,117.14
03/06/2017,124.03,121.81,119.2,119.41,116.8
02/27/2017,123.33,121.11,118.78,119.35,116.44
02/20/2017,122.54,120.46,118.36,119.26,116.09
02/13/2017,121.12,119.93,118.03,119.02,115.91
02/06/2017,120.04,119.59,117.92,118.89,115.77
01/30/2017,119.59,119.16,117.81,118.88,115.63
01/23/2017,118.88,118.75,117.64,118.83,115.49
01/16/2017,118.37,118.05,117.51,118.75,115.46
01/09/2017,118.75,117.77,117.79,118.68,115.46
01/02/2017,119.13,116.98,118.01,118.68,115.46
12/26/2016,118.73,116.6,118.2,118.73,115.42
12/19/2016,118.61,116.46,118.47,118.78,115.42
12/12/2016,117.72,116.26,118.66,118.77,115.45
12/05/2016,116.8,116.13,118.57,118.65,115.44
11/28/2016,114.83,116.25,118.55,118.5,115.47
11/21/2016,114.47,116.47,118.75,118.51,115.53
11/14/2016,114.3,116.54,118.88,118.45,115.49
11/07/2016,114.8,116.98,119.1,118.52,115.42
10/31/2016,115.47,117.82,119.14,118.49,115.37
10/24/2016,117.68,119.04,119.54,118.53,115.36
10/17/2016,118.46,119.81,119.79,118.44,115.22
10/10/2016,118.77,120.48,119.94,118.26,115.13
10/03/2016,119.16,121.07,120.02,117.97,115.01
09/26/2016,120.16,121.01,119.91,117.55,114.97
09/19/2016,120.41,120.84,119.62,117.04,114.85
09/12/2016,121.15,121.03,119.52,116.61,114.8
09/05/2016,122.18,121.22,119.41,116.29,114.67
08/29/2016,122.98,121.23,119.28,115.89,114.57
08/22/2016,121.85,120.46,118.83,115.3,114.37
08/15/2016,121.27,120.03,118.27,114.79,114.2
08/08/2016,120.9,119.78,117.75,114.2,114.09
08/01/2016,120.25,119.41,117.15,113.54,114.0
07/25/2016,119.48,118.98,116.42,112.93,113.86
07/18/2016,119.08,118.81,115.82,112.79,113.78
07/11/2016,118.79,118.41,115.14,112.65,113.69
07/04/2016,118.65,118.02,114.41,112.38,113.6
06/27/2016,118.57,117.6,113.83,112.15,113.55
06/20/2016,118.47,117.34,113.22,112.16,113.48
06/13/2016,118.54,117.2,112.71,112.25,113.44
06/06/2016,118.02,116.5,112.18,112.23,113.39
05/30/2016,117.38,115.72,111.41,112.1,113.31
05/23/2016,116.62,114.89,110.6,112.06,113.27
05/16/2016,116.2,113.87,109.9,112.12,113.18
05/09/2016,115.86,112.84,109.79,112.23,113.14
05/02/2016,114.98,111.87,109.77,112.43,113.13
04/25/2016,114.06,110.79,109.55,112.55,113.09
04/18/2016,113.17,110.07,109.42,112.53,113.08
04/11/2016,111.55,109.11,109.57,112.33,113.07
04/04/2016,109.82,108.23,109.77,112.25,113.03
03/28/2016,108.76,107.85,110.09,112.2,113.03
03/21/2016,107.53,107.11,110.29,112.0,112.93
03/14/2016,106.98,106.31,110.64,112.0,112.82
03/07/2016,106.67,105.93,111.25,112.06,112.78
02/29/2016,106.64,106.74,111.93,112.39,112.71
02/22/2016,106.94,107.68,112.72,112.66,112.63
02/15/2016,106.69,108.31,113.43,112.98,112.6
02/08/2016,105.65,108.78,113.75,113.04,112.59
02/01/2016,105.19,110.04,113.94,113.24,112.59
01/25/2016,106.83,111.31,114.26,113.45,112.52
01/18/2016,108.42,112.34,114.37,113.61,112.54
01/11/2016,109.94,113.48,114.45,113.97,112.61
01/04/2016,111.9,114.96,114.84,114.46,112.81
12/28/2015,114.88,116.56,115.12,114.79,112.94
12/21/2015,115.79,117.12,115.22,114.77,112.91
12/14/2015,116.26,117.76,115.15,114.74,112.83
12/07/2015,117.02,118.55,115.31,114.82,112.83
11/30/2015,118.02,118.73,115.17,114.95,112.76
11/23/2015,118.24,117.85,114.85,114.8,112.59
11/16/2015,118.46,117.22,114.51,114.63,112.52
11/09/2015,119.25,116.4,114.25,114.55,112.5
11/02/2015,120.08,115.41,114.21,114.51,112.52
10/26/2015,119.44,114.72,114.2,114.47,112.49
10/19/2015,117.46,113.67,113.9,114.24,112.41
10/12/2015,115.97,113.32,113.6,114.05,112.33
10/05/2015,113.55,112.55,113.23,113.82,112.18
09/28/2015,110.75,112.08,112.96,113.62,112.05
09/21/2015,110.0,111.61,113.06,113.64,111.96
09/14/2015,109.89,111.84,113.27,113.81,111.93
09/07/2015,110.67,111.81,113.34,113.8,111.89
08/31/2015,111.55,112.1,113.62,113.86,111.9
08/24/2015,113.4,113.01,114.06,113.86,111.95
08/17/2015,113.22,113.69,114.35,113.64,111.95
08/10/2015,113.79,114.12,114.53,113.51,111.93
08/03/2015,112.95,113.87,114.41,113.03,111.8
07/27/2015,112.64,113.9,114.46,112.6,111.7
07/20/2015,112.63,113.85,114.39,112.21,111.61
07/13/2015,114.15,114.51,114.65,112.13,111.6
07/06/2015,114.45,114.71,114.79,111.93,111.52
06/29/2015,114.8,114.88,114.8,111.6,111.42
06/22/2015,115.16,115.15,114.74,111.47,111.28
06/15/2015,115.07,115.1,114.29,111.24,111.1
06/08/2015,114.86,115.02,113.62,111.16,110.9
06/01/2015,114.97,114.93,113.2,111.1,110.79
05/25/2015,114.95,114.95,112.61,111.04,110.62
05/18/2015,115.14,115.02,111.94,110.93,110.49
05/11/2015,115.13,114.94,111.4,110.85,110.34
05/04/2015,115.18,114.79,110.95,110.57,110.25
04/27/2015,114.89,114.87,110.54,110.39,110.15
04/20/2015,114.95,114.73,109.96,110.41,110.08
04/13/2015,114.89,114.33,109.63,110.44,109.95
04/06/2015,114.74,113.48,109.32,110.54,109.73
03/30/2015,114.41,112.22,109.23,110.51,109.51
03/23/2015,114.84,111.47,109.18,110.58,109.29
03/16/2015,114.5,110.27,109.09,110.6,109.06
03/09/2015,113.77,108.87,108.89,110.55,108.8
03/02/2015,112.21,107.86,108.8,110.48,108.63
02/23/2015,110.03,107.1,108.46,110.29,108.47
02/16/2015,108.1,106.21,108.15,110.05,108.28
02/09/2015,106.03,105.19,108.25,109.98,108.14
02/02/2015,103.97,104.93,108.5,109.94,108.02
01/26/2015,103.5,105.16,109.07,110.04,107.95
01/19/2015,104.17,106.24,109.66,110.27,107.99
01/12/2015,104.32,106.89,110.14,110.36,108.01
01/05/2015,104.34,107.92,110.77,110.58,108.09
12/29/2014,105.88,108.91,111.38,110.8,108.2
12/22/2014,106.81,109.75,111.79,111.0,108.24
12/15/2014,108.3,109.82,111.89,111.07,108.21
12/08/2014,109.46,110.09,111.97,111.12,108.19
12/01/2014,111.49,111.32,112.38,111.24,108.21
11/24/2014,111.93,112.07,112.45,111.1,108.06
11/17/2014,112.68,112.99,112.48,110.95,107.9
11/10/2014,111.35,113.08,112.29,110.64,107.62
11/03/2014,110.72,113.39,112.1,110.48,107.39
10/27/2014,111.15,113.62,111.91,110.19,107.11
10/20/2014,112.22,113.86,111.75,110.06,106.8
10/13/2014,113.29,113.83,111.63,109.84,106.44
10/06/2014,114.81,113.95,111.7,109.93,106.17
09/29/2014,116.05,113.85,111.64,109.91,105.88
09/22/2014,116.09,113.44,111.2,109.75,105.52
09/15/2014,115.51,112.83,110.61,109.46,105.14
09/08/2014,114.37,111.98,109.93,108.93,104.72
09/01/2014,113.09,111.49,109.42,108.52,104.35
08/25/2014,111.64,110.81,109.03,108.01,103.93
08/18/2014,110.8,110.19,108.48,107.53,103.46
08/11/2014,110.15,109.64,108.15,107.05,102.98
08/04/2014,109.59,109.44,107.84,106.78,102.51
07/28/2014,109.89,109.45,107.93,106.65,102.09
07/21/2014,109.97,109.43,107.94,106.51,101.7
07/14/2014,109.59,108.96,107.91,106.31,101.26
07/07/2014,109.13,108.39,107.77,106.1,100.87
06/30/2014,109.28,107.88,107.4,105.87,100.53
06/23/2014,109.0,107.34,107.03,105.7,100.14
06/16/2014,108.88,107.26,106.61,105.65,99.75
06/09/2014,108.32,106.76,106.2,105.61,99.32
06/02/2014,107.64,106.66,105.76,105.59,98.89
05/26/2014,106.48,106.25,105.45,105.47,98.42
05/19/2014,105.68,106.41,105.26,105.35,97.92
05/12/2014,105.63,106.46,105.05,105.26,97.46
05/05/2014,105.19,106.86,104.98,105.18,97.02
04/28/2014,105.68,107.16,104.96,105.02,96.6
04/21/2014,106.03,106.93,104.86,104.85,96.16
04/14/2014,107.13,106.72,104.88,104.61,95.69
04/07/2014,107.29,105.95,104.85,104.29,95.14
03/31/2014,108.52,105.64,105.04,104.02,94.66
03/24/2014,108.64,104.85,105.06,103.54,94.11
03/17/2014,107.83,104.65,105.08,103.04,93.57
03/10/2014,106.31,104.11,104.83,102.41,92.95
03/03/2014,104.61,103.64,104.65,101.85,92.37
02/24/2014,102.75,103.1,104.34,101.29,91.76
02/17/2014,101.07,102.75,103.95,100.81,91.2
02/10/2014,101.46,102.79,103.81,100.51,90.68
02/03/2014,101.91,103.05,103.56,100.18,90.14
01/27/2014,102.67,103.75,103.46,99.85,89.65
01/20/2014,103.46,104.44,103.21,99.39,89.19
01/13/2014,104.43,105.27,102.88,98.91,88.73
01/06/2014,104.12,105.51,102.24,98.24,88.17
12/30/2013,104.18,105.54,101.56,97.52,87.56
12/23/2013,104.83,105.67,100.95,96.88,86.99
12/16/2013,105.43,105.57,100.38,96.22,86.43
12/09/2013,106.1,105.15,99.85,95.65,85.85
12/02/2013,106.9,104.82,99.37,95.2,85.29
11/25/2013,106.9,104.07,98.75,94.57,84.64
11/18/2013,106.5,103.16,97.91,93.85,83.93
11/11/2013,105.71,101.98,96.86,93.03,83.22
11/04/2013,104.19,100.5,95.74,92.19,82.5
10/28/2013,102.75,98.98,94.6,91.37,81.79
10/21/2013,101.23,97.58,93.52,90.5,81.12
10/14/2013,99.82,96.23,92.49,89.66,80.43
10/07/2013,98.26,95.18,91.54,88.86,79.81
09/30/2013,96.8,94.54,90.9,88.18,79.26
09/23/2013,95.2,93.91,90.39,87.48,78.69
09/16/2013,93.92,93.44,89.82,86.76,78.13
09/09/2013,92.64,92.65,89.19,85.98,77.62
09/02/2013,92.11,91.73,88.56,85.3,77.14
08/26/2013,92.29,90.98,88.03,84.69,76.72
08/19/2013,92.61,90.22,87.57,84.11,76.33
08/12/2013,92.95,89.45,86.96,83.5,75.94
08/05/2013,92.67,88.76,86.38,82.9,75.53
07/29/2013,91.36,87.9,85.7,82.23,75.09
07/22/2013,89.67,87.25,85.0,81.58,74.64
07/15/2013,87.83,86.86,84.26,80.84,74.12
07/08/2013,85.96,86.2,83.43,80.1,73.64
07/01/2013,84.85,85.73,82.65,79.45,73.18
06/24/2013,84.44,85.38,82.08,78.99,72.82
06/17/2013,84.83,85.08,81.54,78.55,72.46
06/10/2013,85.9,84.93,81.05,78.1,72.12
06/03/2013,86.45,84.46,80.52,77.6,71.76
05/27/2013,86.62,84.0,79.97,77.1,71.38
05/20/2013,86.31,83.5,79.39,76.64,70.99
05/13/2013,85.33,82.75,78.75,76.06,70.57
05/06/2013,83.95,81.65,77.83,75.39,70.09
04/29/2013,82.46,80.65,77.05,74.7,69.64
04/22/2013,81.38,79.56,76.3,74.02,69.21
04/15/2013,80.69,78.79,75.79,73.41,68.82
04/08/2013,80.17,78.01,75.28,72.81,68.5
04/01/2013,79.35,77.17,74.69,72.2,68.16
03/25/2013,78.84,76.58,74.17,71.74,67.85
03/18/2013,77.74,75.95,73.66,71.2,67.54
03/11/2013,76.89,75.28,73.21,70.77,67.23
03/04/2013,75.84,74.75,72.71,70.34,66.91
02/25/2013,74.99,74.02,72.26,69.91,66.6
02/18/2013,74.32,73.46,71.73,69.5,66.29
02/11/2013,74.15,73.04,71.24,69.25,66.01
02/04/2013,73.67,72.79,70.72,68.98,65.7
01/28/2013,73.66,72.56,70.21,68.76,65.38
01/21/2013,73.04,72.21,69.72,68.56,65.08
01/14/2013,72.59,71.76,69.31,68.39,64.78
01/07/2013,71.93,71.37,68.82,68.15,64.45
12/31/2012,71.91,71.15,68.51,67.96,64.14
12/24/2012,71.46,70.67,68.13,67.7,63.83
12/17/2012,71.37,70.5,67.86,67.4,63.57
12/10/2012,70.93,70.0,67.52,67.17,63.3
12/03/2012,70.8,69.45,67.35,66.92,63.02
11/26/2012,70.38,68.66,67.08,66.65,62.69
11/19/2012,69.87,67.86,66.86,66.37,62.33
11/12/2012,69.62,67.24,66.73,66.15,61.97
11/05/2012,69.07,66.86,66.71,65.92,61.64
10/29/2012,68.09,66.28,66.54,65.65,61.34
10/22/2012,66.93,65.87,66.36,65.34,61.0
10/15/2012,65.84,65.59,66.21,65.08,60.7
10/08/2012,64.85,65.22,65.85,64.79,60.39
10/01/2012,64.66,65.04,65.76,64.58,60.03
09/24/2012,64.47,65.26,65.65,64.41,59.73
09/17/2012,64.81,65.5,65.65,64.23,59.45
09/10/2012,65.34,65.86,65.62,64.18,59.21
09/03/2012,65.59,66.23,65.6,64.11,59.03
08/27/2012,65.42,66.55,65.45,63.97,58.87
08/20/2012,66.05,66.8,65.33,63.89,58.75
08/13/2012,66.19,66.85,65.08,63.69,58.58
08/06/2012,66.37,66.83,64.83,63.48,58.38
07/30/2012,66.86,66.49,64.57,63.29,58.19
07/23/2012,67.69,66.48,64.36,63.08,58.01
07/16/2012,67.56,66.05,63.98,62.77,57.79
07/09/2012,67.52,65.8,63.6,62.43,57.57
07/02/2012,67.29,65.38,63.35,62.0,57.32
06/25/2012,66.11,64.98,63.05,61.6,57.05
06/18/2012,65.27,64.35,62.68,61.17,56.78
06/11/2012,64.54,63.86,62.43,60.74,56.55
06/04/2012,64.08,63.31,62.11,60.31,56.29
05/28/2012,63.47,62.82,61.8,59.97,56.03
05/21/2012,63.85,62.66,61.69,59.74,55.86
05/14/2012,63.43,62.23,61.39,59.43,55.65
05/07/2012,63.17,61.91,61.13,59.13,55.43
04/30/2012,62.53,61.4,60.74,58.73,55.14
04/23/2012,62.17,61.32,60.3,58.29,54.89
04/16/2012,61.46,61.12,59.91,57.79,54.64
04/09/2012,61.03,61.02,59.59,57.35,54.4
04/02/2012,60.65,61.01,59.18,57.03,54.2
03/26/2012,60.26,60.91,58.82,56.65,54.0
03/19/2012,60.46,60.78,58.54,56.32,53.81
03/12/2012,60.77,60.72,58.28,56.0,53.63
03/05/2012,61.0,60.54,58.03,55.48,53.46
02/27/2012,61.36,60.35,57.74,55.06,53.28
02/20/2012,61.56,60.09,57.4,54.67,53.11
02/13/2012,61.09,59.29,56.78,54.25,52.9
02/06/2012,60.66,58.69,56.13,53.95,52.71
01/30/2012,60.08,58.16,55.52,53.77,52.52
01/23/2012,59.34,57.36,55.04,53.6,52.3
01/16/2012,58.62,56.73,54.52,53.48,52.08
01/09/2012,57.48,56.31,54.09,53.28,51.89
01/02/2012,56.73,55.84,53.64,53.09,51.71
12/26/2011,56.24,55.51,52.95,52.94,51.56
12/19/2011,55.38,55.12,52.42,52.81,51.42
12/12/2011,54.84,54.71,51.96,52.72,51.29
12/05/2011,55.13,54.26,51.72,52.64,51.24
11/28/2011,54.96,53.56,51.58,52.51,51.18
11/21/2011,54.79,52.88,51.58,52.38,51.11
11/14/2011,54.87,52.72,51.73,52.35,51.07
11/07/2011,54.58,52.32,51.85,52.27,51.02
10/31/2011,53.4,51.87,51.76,52.1,50.92
10/24/2011,52.17,51.44,51.71,51.98,50.81
10/17/2011,50.98,50.4,51.65,51.87,50.72
10/10/2011,50.57,49.71,51.66,51.72,50.61
10/03/2011,50.05,49.21,51.72,51.55,50.52
09/26/2011,50.33,49.18,51.83,51.5,50.48
09/19/2011,50.72,49.6,51.98,51.48,50.49
09/12/2011,49.81,50.27,52.13,51.46,50.48
09/05/2011,48.85,50.73,52.17,51.37,50.44
08/29/2011,48.36,51.39,52.25,51.35,50.4
08/22/2011,48.03,51.66,52.21,51.3,50.33
08/15/2011,48.48,51.98,52.25,51.25,50.24
08/08/2011,50.72,52.9,52.6,51.44,50.26
08/01/2011,52.61,53.61,52.73,51.5,50.25
07/25/2011,54.41,54.23,52.73,51.55,50.23
07/18/2011,55.29,54.47,52.66,51.56,50.17
07/11/2011,55.47,54.37,52.42,51.47,50.07
07/04/2011,55.09,53.99,52.05,51.28,49.92
06/27/2011,54.61,53.61,51.69,51.0,49.77
06/20/2011,54.05,53.11,51.33,50.69,49.62
06/13/2011,53.64,52.76,51.12,50.5,49.53
06/06/2011,53.27,52.52,50.89,50.34,49.42
05/30/2011,52.88,52.3,50.71,50.18,49.28
05/23/2011,52.62,51.85,50.44,50.03,49.13
05/16/2011,52.17,51.22,50.21,49.87,48.97
05/09/2011,51.88,50.85,50.11,49.84,48.82
05/02/2011,51.77,50.48,50.02,49.84,48.67
04/25/2011,51.71,50.11,49.93,49.84,48.53
04/18/2011,51.08,49.77,49.69,49.79,48.37
04/11/2011,50.28,49.55,49.48,49.76,48.21
04/04/2011,49.82,49.49,49.37,49.74,48.07
03/28/2011,49.19,49.26,49.25,49.64,47.91
03/21/2011,48.52,49.12,49.12,49.57,47.77
03/14/2011,48.47,49.04,49.12,49.51,47.68
03/07/2011,48.83,49.19,49.2,49.5,47.63
02/28/2011,49.15,49.37,49.34,49.46,47.59
02/21/2011,49.33,49.56,49.53,49.49,47.54
02/14/2011,49.72,49.74,49.7,49.51,47.48
02/07/2011,49.61,49.6,49.8,49.51,47.41
01/31/2011,49.55,49.41,49.87,49.45,47.33
01/24/2011,49.58,49.26,49.86,49.36,47.24
01/17/2011,49.78,49.24,49.84,49.22,47.18
01/10/2011,49.76,49.11,49.8,49.07,47.08
01/03/2011,49.6,49.2,49.74,49.01,47.02
12/27/2010,49.26,49.2,49.65,48.92,46.97
12/20/2010,48.94,49.32,49.51,48.78,46.88
12/13/2010,48.7,49.5,49.46,48.67,46.77
12/06/2010,48.46,49.65,49.4,48.56,46.71
11/29/2010,48.79,49.99,49.47,48.54,46.68
11/22/2010,49.14,50.32,49.46,48.55,46.65
11/15/2010,49.7,50.46,49.42,48.55,46.59
11/08/2010,50.29,50.43,49.21,48.5,46.53
11/01/2010,50.85,50.49,49.05,48.38,46.5
10/25/2010,51.18,50.28,48.92,48.23,46.41
10/18/2010,51.51,50.1,48.77,48.07,46.3
10/11/2010,51.23,49.71,48.51,47.8,46.14
10/04/2010,50.57,49.42,48.26,47.5,45.99
09/27/2010,50.13,49.15,48.01,47.23,45.83
09/20/2010,49.39,48.94,47.82,46.96,45.68
09/13/2010,48.69,48.61,47.66,46.67,45.52
09/06/2010,48.19,48.38,47.6,46.41,45.35
08/30/2010,48.27,47.99,47.54,46.18,45.17
08/23/2010,48.17,47.61,47.33,45.98,44.97
08/16/2010,48.5,47.55,47.2,45.85,44.82
08/09/2010,48.52,47.45,47.05,45.77,44.67
08/02/2010,48.56,47.3,46.84,45.72,44.5
07/26/2010,47.71,47.11,46.54,45.59,44.33
07/19/2010,47.06,46.88,46.28,45.44,44.14
07/12/2010,46.6,46.7,45.97,45.31,43.94
07/05/2010,46.38,46.72,45.7,45.21,43.76
06/28/2010,46.04,46.82,45.43,45.12,43.56
06/21/2010,46.51,47.09,45.27,45.13,43.46
06/14/2010,46.7,47.05,45.16,45.09,43.33
06/07/2010,46.8,46.85,45.0,45.03,43.18
05/31/2010,47.06,46.65,44.93,45.02,43.03
05/24/2010,47.59,46.38,44.92,44.98,42.88
05/17/2010,47.67,45.97,44.83,44.87,42.69
05/10/2010,47.39,45.67,44.72,44.86,42.48
05/03/2010,46.9,45.23,44.61,44.82,42.23
04/26/2010,46.24,44.67,44.46,44.76,41.97
04/19/2010,45.17,44.05,44.28,44.63,41.65
04/12/2010,44.28,43.46,44.15,44.56,41.39
04/05/2010,43.95,43.27,44.11,44.62,41.18
03/29/2010,43.57,43.16,44.13,44.59,40.98
03/22/2010,43.11,43.2,44.2,44.53,40.84
03/15/2010,42.92,43.47,44.29,44.49,40.68
03/08/2010,42.64,43.68,44.32,44.48,40.54
03/01/2010,42.59,43.78,44.45,44.43,40.42
02/22/2010,42.75,43.99,44.61,44.39,40.26
02/15/2010,43.3,44.24,44.8,44.37,40.16
02/08/2010,44.01,44.5,44.91,44.29,40.02
02/01/2010,44.71,44.85,45.12,44.17,39.9
01/25/2010,44.96,44.95,45.3,43.97,39.77
01/18/2010,45.22,45.09,45.3,43.78,39.65
01/11/2010,45.19,45.2,45.2,43.57,39.54
01/04/2010,44.99,45.1,45.0,43.29,39.33
12/28/2009,44.98,44.97,44.88,43.07,39.12
12/21/2009,44.95,45.12,44.75,42.83,38.98
12/14/2009,44.97,45.23,44.59,42.57,38.85
12/07/2009,45.21,45.35,44.43,42.3,38.74
11/30/2009,45.21,45.33,44.18,42.01,38.65
11/23/2009,44.96,45.38,43.83,41.78,38.55
11/16/2009,45.29,45.64,43.47,41.57,38.56
11/09/2009,45.49,45.52,43.12,41.32,38.64
11/02/2009,45.49,45.2,42.76,41.05,38.7
10/26/2009,45.44,44.89,42.39,40.77,38.76
10/19/2009,45.81,44.79,42.12,40.5,38.78
10/12/2009,46.0,44.39,41.69,40.11,38.78
10/05/2009,45.54,43.96,41.24,39.64,38.77
09/28/2009,44.91,43.52,40.78,39.18,38.77
09/21/2009,44.34,43.04,40.35,38.68,38.78
09/14/2009,43.77,42.28,39.98,38.22,38.75
09/07/2009,42.78,41.3,39.53,37.74,38.69
08/31/2009,42.38,40.73,39.22,37.37,38.69
08/24/2009,42.13,40.31,38.97,37.14,38.7
08/17/2009,41.73,39.89,38.71,36.87,38.74
08/10/2009,40.78,39.46,38.36,36.6,38.75
08/03/2009,39.83,38.99,37.96,36.42,38.78
07/27/2009,39.07,38.52,37.48,36.13,38.85
07/20/2009,38.5,38.05,37.02,35.94,38.89
07/13/2009,38.04,37.66,36.51,35.74,38.97
07/06/2009,38.13,37.67,36.18,35.63,39.07
06/29/2009,38.15,37.75,35.96,35.57,39.22
06/22/2009,37.98,37.72,35.69,35.52,39.34
06/15/2009,37.59,37.63,35.55,35.52,39.46
06/08/2009,37.28,37.54,35.36,35.36,39.62
06/01/2009,37.21,37.25,35.17,35.16,39.78
05/25/2009,37.35,36.94,35.13,35.13,39.9
05/18/2009,37.47,36.44,34.94,35.13,40.02
05/11/2009,37.66,35.99,34.89,35.17,40.12
05/04/2009,37.8,35.35,34.78,35.29,40.24
04/27/2009,37.29,34.7,34.6,35.32,40.33
04/20/2009,36.52,34.16,34.48,35.56,40.45
04/13/2009,35.41,33.66,34.43,35.95,40.59
04/06/2009,34.32,33.47,34.46,36.36,40.75
03/30/2009,32.9,33.17,34.27,36.74,40.9
03/23/2009,32.1,33.09,34.11,37.06,41.1
03/16/2009,31.8,33.32,34.23,37.45,41.35
03/09/2009,31.92,33.44,34.48,37.89,41.58
03/02/2009,32.63,33.8,34.76,38.36,41.84
02/23/2009,33.44,34.22,35.25,38.87,42.16
02/16/2009,34.08,34.51,35.64,39.28,42.47
02/09/2009,34.84,34.79,36.26,39.64,42.79
02/02/2009,34.96,35.19,37.1,40.02,43.1
01/26/2009,34.97,35.45,37.81,40.26,43.36
01/19/2009,34.99,35.36,38.53,40.61,43.64
01/12/2009,34.94,35.14,39.05,40.9,43.86
01/05/2009,34.73,35.14,39.51,41.15,44.01
12/29/2008,35.42,35.52,40.12,41.56,44.22
12/22/2008,35.93,35.71,40.64,41.85,44.39
12/15/2008,35.73,36.29,41.2,42.2,44.6
12/08/2008,35.34,36.77,41.66,42.51,44.81
12/01/2008,35.55,37.73,42.07,42.88,44.98
11/24/2008,35.61,39.0,42.43,43.15,45.14
11/17/2008,35.49,40.16,42.66,43.41,45.29
11/10/2008,36.85,41.7,43.23,43.89,45.52
11/03/2008,38.19,42.96,43.78,44.39,45.75
10/27/2008,39.9,43.88,44.16,44.66,45.85
10/20/2008,42.39,44.72,44.58,44.91,45.91
10/13/2008,44.84,45.58,44.91,45.08,45.98
10/06/2008,46.54,46.1,45.16,45.2,46.0
09/29/2008,47.73,46.55,45.38,45.34,46.02
09/22/2008,47.86,46.42,45.45,45.33,45.97
09/15/2008,47.05,45.86,45.23,45.23,45.84
09/08/2008,46.32,45.16,45.03,45.13,45.7
09/01/2008,45.66,44.77,44.98,45.06,45.63
08/25/2008,45.37,44.59,45.11,45.14,45.6
08/18/2008,44.98,44.43,45.05,45.25,45.55
08/11/2008,44.66,44.44,45.01,45.27,45.5
08/04/2008,44.0,44.25,44.83,45.31,45.44
07/28/2008,43.87,44.22,44.74,45.45,45.41
07/21/2008,43.81,44.2,44.73,45.66,45.38
07/14/2008,43.88,44.49,44.79,45.94,45.37
07/07/2008,44.22,44.6,44.92,46.19,45.35
06/30/2008,44.5,44.9,45.12,46.47,45.37
06/23/2008,44.57,45.2,45.21,46.68,45.33
06/16/2008,44.59,45.62,45.41,46.82,45.32
06/09/2008,45.1,45.67,45.66,46.88,45.31
06/02/2008,44.97,45.57,45.68,46.89,45.3
05/26/2008,45.29,45.42,45.85,46.94,45.29
05/19/2008,45.82,45.26,46.07,46.99,45.27
05/12/2008,46.66,45.26,46.39,47.11,45.25
05/05/2008,46.23,45.09,46.66,47.07,45.19
04/28/2008,46.16,45.25,46.99,47.14,45.14
04/21/2008,45.54,45.35,47.26,47.17,45.09
04/14/2008,44.7,45.23,47.42,47.16,44.99
04/07/2008,43.86,45.2,47.42,47.11,44.92
03/31/2008,43.94,45.64,47.48,47.04,44.92
03/24/2008,44.34,45.8,47.55,46.91,44.91
03/17/2008,45.15,46.28,47.7,46.87,44.93
03/10/2008,45.76,46.87,47.86,46.81,44.93
03/03/2008,46.54,47.53,48.03,46.71,44.93
02/25/2008,47.35,48.24,48.07,46.6,44.93
02/18/2008,47.25,48.73,48.08,46.45,44.88
02/11/2008,47.4,49.17,48.08,46.28,44.85
02/04/2008,47.98,49.62,48.13,46.19,44.83
01/28/2008,48.52,49.64,48.06,46.06,44.78
01/21/2008,49.13,49.33,47.74,45.85,44.72
01/14/2008,50.2,49.3,47.47,45.72,44.69
01/07/2008,50.94,49.13,47.17,45.56,44.66
12/31/2007,51.25,48.84,46.78,45.38,44.6
12/24/2007,50.76,48.53,46.3,45.09,44.52
12/17/2007,49.52,47.89,45.79,44.79,44.4
12/10/2007,48.39,47.43,45.31,44.52,44.3
12/03/2007,47.32,47.0,44.83,44.27,44.19
11/26/2007,46.43,46.64,44.47,43.99,44.08
11/19/2007,46.31,46.48,44.27,43.81,44.02
11/12/2007,46.26,46.16,44.11,43.75,43.96
11/05/2007,46.48,45.64,43.94,43.7,43.91
10/29/2007,46.67,45.21,43.78,43.63,43.84
10/22/2007,46.84,44.71,43.64,43.54,43.77
10/15/2007,46.65,44.06,43.37,43.4,43.73
10/08/2007,46.06,43.68,43.24,43.31,43.7
10/01/2007,44.81,43.18,43.06,43.15,43.65
09/24/2007,43.74,42.66,42.9,43.01,43.58
09/17/2007,42.58,42.31,42.66,42.82,43.52
09/10/2007,41.47,42.06,42.48,42.74,43.47
09/03/2007,41.3,42.05,42.55,42.8,43.44
08/27/2007,41.55,42.23,42.74,42.9,43.43
08/20/2007,41.58,42.35,42.84,42.99,43.4
08/13/2007,42.04,42.57,42.96,43.05,43.39
08/06/2007,42.65,42.68,43.07,43.16,43.36
07/30/2007,42.79,42.8,43.13,43.25,43.31
07/23/2007,42.92,42.93,43.13,43.32,43.24
07/16/2007,43.12,43.15,43.19,43.43,43.18
07/09/2007,43.11,43.01,43.08,43.47,43.1
07/02/2007,42.71,42.9,43.08,43.5,43.0
06/25/2007,42.81,43.04,43.18,43.6,42.92
06/18/2007,42.95,43.24,43.24,43.65,42.85
06/11/2007,43.17,43.33,43.31,43.76,42.77
06/04/2007,42.91,43.34,43.29,43.83,42.67
05/28/2007,43.09,43.46,43.4,43.94,42.61
05/21/2007,43.28,43.45,43.48,44.02,42.52
05/14/2007,43.53,43.33,43.51,44.08,42.44
05/07/2007,43.49,43.24,43.57,44.12,42.35
04/30/2007,43.78,43.14,43.7,44.18,42.3
04/23/2007,43.82,43.25,43.8,44.22,42.25
04/16/2007,43.63,43.31,43.88,44.18,42.11
04/09/2007,43.13,43.24,43.86,44.12,41.98
04/02/2007,42.98,43.29,43.97,44.06,41.84
03/26/2007,42.51,43.23,44.07,44.01,41.69
03/19/2007,42.68,43.34,44.19,44.07,41.56
03/12/2007,42.99,43.51,44.3,44.09,41.44
03/05/2007,43.34,43.69,44.46,44.16,41.32
02/26/2007,43.59,43.91,44.56,44.15,41.19
02/19/2007,43.95,44.26,44.7,44.22,41.1
02/12/2007,44.0,44.35,44.7,44.19,40.97
02/05/2007,44.03,44.45,44.61,44.08,40.83
01/29/2007,44.03,44.48,44.56,43.96,40.69
01/22/2007,44.22,44.65,44.44,43.82,40.53
01/15/2007,44.58,44.92,44.39,43.73,40.38
01/08/2007,44.71,45.04,44.43,43.56,40.2
01/01/2007,44.88,45.09,44.38,43.36,40.01
12/25/2006,44.93,45.23,44.39,43.16,39.83
12/18/2006,45.09,45.2,44.28,42.93,39.62
12/11/2006,45.26,45.13,44.19,42.72,39.43
12/04/2006,45.36,45.05,44.12,42.5,39.23
11/27/2006,45.31,44.78,43.9,42.24,39.0
11/20/2006,45.52,44.63,43.69,42.05,38.78
11/13/2006,45.32,44.23,43.4,41.78,38.55
11/06/2006,45.0,43.87,43.14,41.52,38.31
10/30/2006,44.73,43.82,42.83,41.27,38.1
10/23/2006,44.24,43.67,42.5,41.03,37.9
10/16/2006,43.74,43.56,42.13,40.79,37.7
10/09/2006,43.14,43.35,41.8,40.59,37.47
10/02/2006,42.74,43.25,41.51,40.43,37.27
09/25/2006,42.92,43.19,41.22,40.27,37.09
09/18/2006,43.09,43.03,40.97,40.04,36.93
09/11/2006,43.38,42.76,40.76,39.84,36.78
09/04/2006,43.56,42.56,40.55,39.63,36.61
08/28/2006,43.77,42.4,40.34,39.37,36.44
08/21/2006,43.45,41.83,40.0,39.05,36.23
08/14/2006,42.96,41.33,39.71,38.79,36.03
08/07/2006,42.14,40.7,39.41,38.48,35.83
07/31/2006,41.56,40.24,39.22,38.22,35.66
07/24/2006,41.03,39.77,39.02,37.98,35.48
07/17/2006,40.21,39.26,38.82,37.75,35.3
07/10/2006,39.7,38.92,38.55,37.58,35.16
07/03/2006,39.26,38.76,38.37,37.43,35.04
06/26/2006,38.92,38.54,38.16,37.25,34.89
06/19/2006,38.52,38.28,37.86,37.03,34.76
06/12/2006,38.3,38.17,37.66,36.83,34.65
06/05/2006,38.13,38.09,37.51,36.65,34.54
05/29/2006,38.25,38.12,37.37,36.5,34.46
05/22/2006,38.15,38.19,37.21,36.31,34.37
05/15/2006,38.04,38.26,37.09,36.13,34.28
05/08/2006,38.03,38.38,37.0,35.95,34.19
05/01/2006,38.05,38.19,36.91,35.75,34.1
04/24/2006,37.99,37.99,36.77,35.51,34.0
04/17/2006,38.23,37.78,36.61,35.32,33.92
04/10/2006,38.49,37.44,36.4,35.1,33.81
04/03/2006,38.74,37.16,36.16,34.92,33.71
03/27/2006,38.33,36.93,35.93,34.77,33.63
03/20/2006,37.99,36.61,35.68,34.6,33.55
03/13/2006,37.33,36.24,35.38,34.36,33.46
03/06/2006,36.39,35.91,35.07,34.12,33.36
02/27/2006,35.58,35.61,34.74,33.91,33.27
02/20/2006,35.54,35.63,34.54,33.82,33.24
02/13/2006,35.24,35.55,34.27,33.72,33.21
02/06/2006,35.14,35.44,34.08,33.59,33.2
01/30/2006,35.43,35.36,33.93,33.5,33.2
01/23/2006,35.65,35.16,33.8,33.4,33.19
01/16/2006,35.72,34.93,33.68,33.28,33.18
01/09/2006,35.86,34.75,33.59,33.18,33.18
01/02/2006,35.73,34.51,33.42,33.1,33.17
12/26/2005,35.29,34.23,33.22,32.98,33.15
12/19/2005,34.67,33.87,33.05,32.86,33.13
12/12/2005,34.13,33.44,32.91,32.74,33.09
12/05/2005,33.64,32.99,32.8,32.65,33.03
11/28/2005,33.29,32.73,32.67,32.54,32.99
11/21/2005,33.17,32.5,32.57,32.49,32.97
11/14/2005,33.06,32.45,32.52,32.48,32.95
11/07/2005,32.75,32.44,32.46,32.44,32.91
10/31/2005,32.34,32.43,32.39,32.43,32.88
10/24/2005,32.16,32.32,32.39,32.43,32.84
10/17/2005,31.84,32.21,32.35,32.42,32.8
10/10/2005,31.83,32.24,32.35,32.42,32.76
10/03/2005,32.13,32.38,32.39,32.44,32.73
09/26/2005,32.51,32.61,32.47,32.48,32.71
09/19/2005,32.47,32.61,32.44,32.52,32.66
09/12/2005,32.57,32.64,32.48,32.52,32.65
09/05/2005,32.65,32.59,32.49,32.5,32.61
08/29/2005,32.62,32.49,32.44,32.49,32.58
08/22/2005,32.71,32.35,32.43,32.5,32.54
08/15/2005,32.74,32.46,32.49,32.56,32.52
08/08/2005,32.71,32.49,32.53,32.61,32.5
08/01/2005,32.53,32.47,32.51,32.64,32.46
07/25/2005,32.35,32.41,32.48,32.66,32.43
07/18/2005,31.98,32.33,32.42,32.71,32.38
07/11/2005,32.17,32.27,32.48,32.81,32.36
07/04/2005,32.27,32.33,32.46,32.89,32.31
06/27/2005,32.4,32.39,32.45,32.98,32.26
06/20/2005,32.47,32.39,32.49,33.08,32.2
06/13/2005,32.68,32.51,32.58,33.19,32.17
06/06/2005,32.37,32.52,32.61,33.24,32.11
05/30/2005,32.39,32.56,32.68,33.32,32.05
05/23/2005,32.37,32.56,32.72,33.4,31.97
05/16/2005,32.31,32.54,32.78,33.44,31.91
05/09/2005,32.33,32.5,32.89,33.41,31.82
05/02/2005,32.66,32.68,33.08,33.45,31.75
04/25/2005,32.74,32.6,33.17,33.45,31.67
04/18/2005,32.75,32.51,33.28,33.42,31.59
04/11/2005,32.77,32.58,33.42,33.39,31.51
04/04/2005,32.67,32.65,33.53,33.33,31.42
03/28/2005,32.71,32.71,33.6,33.26,31.32
03/21/2005,32.46,32.79,33.7,33.18,31.24
03/14/2005,32.27,32.88,33.81,33.09,31.14
03/07/2005,32.39,33.01,33.89,33.02,31.04
02/28/2005,32.62,33.29,33.87,32.93,30.96
02/21/2005,32.71,33.47,33.84,32.81,30.85
02/14/2005,33.12,33.74,33.88,32.77,30.77
02/07/2005,33.49,34.04,33.88,32.72,30.7
01/31/2005,33.64,34.27,33.79,32.67,30.6
01/24/2005,33.95,34.41,33.67,32.57,30.5
01/17/2005,34.23,34.48,33.53,32.48,30.4
01/10/2005,34.36,34.61,33.38,32.38,30.27
01/03/2005,34.6,34.75,33.2,32.28,30.14
12/27/2004,34.89,34.76,33.02,32.2,30.01
12/20/2004,34.87,34.45,32.76,32.05,29.88
12/13/2004,34.73,34.21,32.48,31.9,29.74
12/06/2004,34.86,34.02,32.29,31.73,29.61
11/29/2004,34.89,33.71,32.06,31.53,29.48
11/22/2004,34.63,33.31,31.87,31.33,29.34
11/15/2004,34.03,32.94,31.65,31.16,29.19
11/08/2004,33.68,32.58,31.47,30.99,29.04
11/01/2004,33.19,32.15,31.27,30.78,28.91
10/25/2004,32.53,31.64,31.04,30.55,28.76
10/18/2004,31.99,31.28,30.92,30.38,28.63
10/11/2004,31.84,31.06,30.85,30.22,28.53
10/04/2004,31.48,30.75,30.75,30.05,28.42
09/27/2004,31.11,30.55,30.58,29.89,28.3
09/20/2004,30.76,30.41,30.44,29.76,28.19
09/13/2004,30.56,30.42,30.34,29.63,28.08
09/06/2004,30.28,30.37,30.27,29.5,27.98
08/30/2004,30.02,30.37,30.2,29.39,27.87
08/23/2004,29.99,30.4,30.09,29.29,27.78
08/16/2004,30.06,30.43,30.01,29.19,27.7
08/09/2004,30.28,30.56,29.93,29.07,27.63
08/02/2004,30.46,30.64,29.81,28.98,27.58
07/26/2004,30.72,30.75,29.7,28.9,27.53
07/19/2004,30.8,30.62,29.57,28.78,27.48
07/12/2004,30.81,30.48,29.43,28.68,27.42
07/05/2004,30.83,30.26,29.23,28.53,27.32
06/28/2004,30.81,30.16,29.07,28.43,27.23
06/21/2004,30.78,30.03,28.9,28.31,27.13
06/14/2004,30.43,29.79,28.74,28.16,27.04
06/07/2004,30.15,29.58,28.57,28.0,26.96
05/31/2004,29.7,29.3,28.33,27.82,26.86
05/24/2004,29.51,28.97,28.15,27.7,26.76
05/17/2004,29.27,28.65,27.97,27.58,26.67
05/10/2004,29.14,28.51,27.86,27.49,26.6
05/03/2004,29.02,28.38,27.77,27.42,26.55
04/26/2004,28.9,28.2,27.66,27.34,26.47
04/19/2004,28.43,27.97,27.56,27.22,26.37
04/12/2004,28.03,27.78,27.46,27.1,26.29
04/05/2004,27.89,27.69,27.35,27.04,26.23
03/29/2004,27.75,27.56,27.2,26.97,26.15
03/22/2004,27.51,27.37,27.08,26.88,26.08
03/15/2004,27.51,27.33,27.07,26.83,26.03
03/08/2004,27.53,27.29,27.05,26.79,25.98
03/01/2004,27.48,27.21,26.97,26.71,25.93
02/23/2004,27.38,27.17,26.94,26.63,25.89
02/16/2004,27.23,27.12,26.92,26.53,25.85
02/09/2004,27.15,27.15,26.85,26.45,25.8
02/02/2004,27.05,27.14,26.76,26.35,25.76
01/26/2004,26.94,27.0,26.72,26.26,25.69
01/19/2004,26.95,26.84,26.67,26.21,25.65
01/12/2004,27.01,26.8,26.64,26.19,25.62
01/05/2004,27.16,26.8,26.58,26.17,25.59
12/29/2003,27.24,26.81,26.54,26.16,25.55
12/22/2003,27.07,26.74,26.47,26.17,25.51
12/15/2003,26.72,26.71,26.35,26.16,25.46
12/08/2003,26.58,26.71,26.24,26.12,25.41
12/01/2003,26.44,26.54,26.1,26.03,25.33
11/24/2003,26.38,26.38,25.96,25.95,25.26
11/17/2003,26.41,26.44,25.89,25.92,25.18
11/10/2003,26.7,26.5,25.9,25.92,25.11
11/03/2003,26.84,26.49,25.89,25.89,25.03
10/27/2003,26.64,26.35,25.86,25.81,24.94
10/20/2003,26.38,26.27,25.84,25.76,24.86
10/13/2003,26.46,26.19,25.89,25.72,24.79
10/06/2003,26.29,26.0,25.88,25.68,24.72
09/29/2003,26.14,25.77,25.82,25.6,24.67
09/22/2003,26.07,25.67,25.77,25.53,24.64
09/15/2003,26.15,25.54,25.74,25.49,24.58
09/08/2003,25.92,25.35,25.66,25.41,24.49
09/01/2003,25.7,25.3,25.63,25.33,24.36
08/25/2003,25.41,25.29,25.59,25.27,24.26
08/18/2003,25.26,25.36,25.54,25.23,24.2
08/11/2003,24.92,25.42,25.5,25.17,24.15
08/04/2003,24.78,25.58,25.48,25.14,24.1
07/28/2003,24.89,25.77,25.52,25.16,24.06
07/21/2003,25.17,25.88,25.51,25.17,24.03
07/14/2003,25.46,25.88,25.46,25.15,24.01
07/07/2003,25.93,25.94,25.47,25.16,24.0
06/30/2003,26.39,25.98,25.44,25.12,23.98
06/23/2003,26.65,25.96,25.35,25.09,23.93
06/16/2003,26.58,25.9,25.26,25.05,23.87
06/09/2003,26.3,25.71,25.16,25.0,23.79
06/02/2003,25.96,25.58,25.05,24.94,23.72
05/26/2003,25.57,25.38,24.92,24.84,23.64
05/19/2003,25.27,25.28,24.86,24.75,23.55
05/12/2003,25.22,25.15,24.82,24.71,23.51
05/05/2003,25.12,25.03,24.79,24.63,23.47
04/28/2003,25.19,24.99,24.77,24.57,23.45
04/21/2003,25.19,24.91,24.69,24.45,23.42
04/14/2003,25.28,24.74,24.66,24.3,23.38
04/07/2003,25.08,24.61,24.63,24.16,23.33
03/31/2003,24.94,24.61,24.65,24.06,23.29
03/24/2003,24.79,24.51,24.63,23.96,23.23
03/17/2003,24.64,24.46,24.58,23.87,23.17
03/10/2003,24.21,24.44,24.49,23.77,23.09
03/03/2003,24.15,24.5,24.49,23.75,23.01
02/24/2003,24.29,24.55,24.44,23.75,22.95
02/17/2003,24.24,24.55,24.36,23.67,22.88
02/10/2003,24.29,24.47,24.22,23.56,22.81
02/03/2003,24.67,24.57,24.08,23.39,22.74
01/27/2003,24.84,24.64,23.93,23.26,22.65
01/20/2003,24.81,24.68,23.79,23.16,22.55
01/13/2003,24.86,24.74,23.68,23.13,22.45
01/06/2003,24.66,24.69,23.57,23.06,22.36
12/30/2002,24.47,24.55,23.43,22.96,22.25
12/23/2002,24.45,24.48,23.38,22.89,22.14
12/16/2002,24.54,24.32,23.34,22.87,22.03
12/09/2002,24.62,24.18,23.23,22.84,21.93
12/02/2002,24.72,23.96,23.11,22.84,21.82
11/25/2002,24.63,23.59,22.8,22.77,21.71
11/18/2002,24.51,23.22,22.57,22.7,21.6
11/11/2002,24.1,22.9,22.41,22.59,21.48
11/04/2002,23.74,22.62,22.32,22.49,21.33
10/28/2002,23.2,22.45,22.24,22.44,21.25
10/21/2002,22.56,22.31,22.16,22.35,21.17
10/14/2002,21.93,22.28,22.1,22.3,21.1
10/07/2002,21.71,22.37,22.14,22.32,21.07
09/30/2002,21.5,22.28,22.17,22.32,21.02
09/23/2002,21.7,22.25,22.28,22.39,20.99
09/16/2002,22.06,22.01,22.36,22.47,20.98
09/09/2002,22.63,21.92,22.44,22.51,20.95
09/02/2002,23.03,21.91,22.43,22.52,20.92
08/26/2002,23.06,22.01,22.43,22.5,20.89
08/19/2002,22.8,22.03,22.43,22.47,20.84
08/12/2002,21.97,22.01,22.37,22.4,20.81
08/05/2002,21.2,21.91,22.32,22.28,20.74
07/29/2002,20.8,21.92,22.29,22.15,20.68
07/22/2002,20.97,22.06,22.34,22.1,20.66
07/15/2002,21.26,22.3,22.46,22.06,20.64
07/08/2002,22.05,22.7,22.69,22.09,20.67
07/01/2002,22.62,22.95,22.81,22.03,20.68
06/24/2002,23.04,22.95,22.83,21.93,20.65
06/17/2002,23.15,22.84,22.74,21.78,20.58
06/10/2002,23.34,22.82,22.68,21.66,20.52
06/03/2002,23.35,22.73,22.6,21.54,20.48
05/27/2002,23.29,22.72,22.46,21.39,20.44
05/20/2002,22.87,22.66,22.27,21.19,20.38
05/13/2002,22.54,22.62,22.12,21.01,20.34
05/06/2002,22.31,22.62,21.94,20.8,20.28
04/29/2002,22.12,22.69,21.79,20.65,20.25
04/22/2002,22.16,22.66,21.57,20.5,20.24
04/15/2002,22.46,22.71,21.42,20.38,20.24
04/08/2002,22.71,22.64,21.25,20.16,20.21
04/01/2002,22.93,22.54,21.08,20.06,20.19
03/25/2002,23.25,22.47,20.95,19.99,20.19
03/18/2002,23.17,22.2,20.73,19.89,20.16
03/11/2002,22.95,21.89,20.46,19.82,20.09
03/04/2002,22.57,21.61,20.2,19.72,20.02
02/25/2002,22.15,21.26,19.89,19.59,19.98
02/18/2002,21.7,20.9,19.63,19.49,19.95
02/11/2002,21.23,20.48,19.41,19.39,19.94
02/04/2002,20.82,20.13,19.21,19.31,19.91
01/28/2002,20.66,19.87,18.92,19.28,19.9
01/21/2002,20.37,19.61,18.82,19.22,19.9
01/14/2002,20.1,19.43,18.74,19.21,19.91
01/07/2002,19.73,19.26,18.74,19.2,19.92
12/31/2001,19.45,19.04,18.78,19.2,19.92
12/24/2001,19.08,18.79,18.77,19.22,19.91
12/17/2001,18.86,18.51,18.76,19.23,19.9
12/10/2001,18.76,18.37,18.78,19.25,19.89
12/03/2001,18.79,18.35,18.85,19.33,19.88
11/26/2001,18.62,18.3,18.9,19.36,19.87
11/19/2001,18.51,17.97,18.98,19.38,19.85
11/12/2001,18.16,18.02,19.03,19.38,19.84
11/05/2001,17.99,18.06,19.1,19.41,19.82
10/29/2001,17.91,18.22,19.17,19.48,19.81
10/22/2001,17.97,18.53,19.29,19.56,19.83
10/15/2001,17.44,18.75,19.43,19.67,19.85
10/08/2001,17.87,19.01,19.59,19.77,19.89
10/01/2001,18.14,19.19,19.68,19.86,19.9
09/24/2001,18.53,19.34,19.82,19.99,19.92
09/17/2001,19.09,19.5,19.9,20.1,19.92
09/10/2001,20.07,19.99,20.08,20.27,19.96
09/03/2001,20.15,20.04,20.06,20.32,19.94
08/27/2001,20.24,20.13,20.09,20.38,19.92
08/20/2001,20.16,20.12,20.11,20.42,19.91
08/13/2001,19.9,20.05,20.08,20.37,19.89
08/06/2001,19.91,20.1,20.12,20.33,19.85
07/30/2001,19.93,20.16,20.14,20.36,19.83
07/23/2001,20.03,20.18,20.19,20.41,19.81
07/16/2001,20.08,20.29,20.31,20.48,19.81
07/09/2001,20.19,20.3,20.4,20.52,19.8
07/02/2001,20.29,20.18,20.41,20.52,19.79
06/25/2001,20.39,20.09,20.46,20.58,19.8
06/18/2001,20.32,20.05,20.51,20.62,19.79
06/11/2001,20.5,20.1,20.57,20.64,19.78
06/04/2001,20.41,20.12,20.53,20.63,19.75
05/28/2001,20.07,20.15,20.44,20.6,19.71
05/21/2001,19.78,20.13,20.47,20.58,19.68
05/14/2001,19.77,20.21,20.53,20.54,19.65
05/07/2001,19.7,20.32,20.58,20.44,19.59
04/30/2001,19.83,20.49,20.63,20.37,19.55
04/23/2001,20.23,20.64,20.69,20.33,19.48
04/16/2001,20.47,20.83,20.83,20.29,19.42
04/09/2001,20.65,20.97,20.91,20.22,19.33
04/02/2001,20.95,21.04,20.91,20.15,19.25
03/26/2001,21.16,20.94,20.89,20.1,19.18
03/19/2001,21.05,20.74,20.83,20.03,19.12
03/12/2001,21.18,20.81,20.8,20.01,19.07
03/05/2001,21.3,20.86,20.71,19.95,19.03
02/26/2001,21.13,20.83,20.49,19.86,18.99
02/19/2001,20.71,20.76,20.31,19.74,18.96
02/12/2001,20.42,20.75,20.17,19.66,18.95
02/05/2001,20.44,20.83,20.03,19.56,18.9
01/29/2001,20.42,20.84,19.85,19.47,18.84
01/22/2001,20.53,20.79,19.7,19.4,18.77
01/15/2001,20.81,20.85,19.68,19.41,18.74
01/08/2001,21.07,20.92,19.68,19.37,18.71
01/01/2001,21.23,20.8,19.61,19.29,18.67
12/25/2000,21.26,20.56,19.5,19.21,18.6
12/18/2000,21.05,20.16,19.37,19.14,18.52
12/11/2000,20.88,19.85,19.24,19.08,18.46
12/04/2000,20.76,19.59,19.11,19.05,18.4
11/27/2000,20.37,19.22,18.93,19.01,18.32
11/20/2000,19.86,18.85,18.78,18.96,18.26
11/13/2000,19.27,18.61,18.71,18.93,18.19
11/06/2000,18.81,18.5,18.69,18.87,18.13
10/30/2000,18.43,18.45,18.59,18.82,18.09
10/23/2000,18.08,18.42,18.53,18.78,18.06
10/16/2000,17.85,18.43,18.53,18.76,18.06
10/09/2000,17.95,18.58,18.64,18.75,18.09
10/02/2000,18.2,18.62,18.7,18.73,18.12
09/25/2000,18.48,18.64,18.78,18.64,18.15
09/18/2000,18.76,18.64,18.9,18.55,18.2
09/11/2000,19.02,18.7,19.01,18.44,18.25
09/04/2000,19.21,18.81,19.08,18.35,18.3
08/28/2000,19.05,18.87,19.05,18.26,18.34
08/21/2000,18.8,18.74,19.0,18.2,18.37
08/14/2000,18.52,18.64,18.96,18.13,18.41
08/07/2000,18.38,18.64,18.92,18.1,18.45
07/31/2000,18.41,18.69,18.83,18.12,18.5
07/24/2000,18.69,18.78,18.78,18.18,18.56
07/17/2000,18.68,18.93,18.64,18.23,18.62
07/10/2000,18.77,19.17,18.5,18.23,18.68
07/03/2000,18.89,19.32,18.3,18.22,18.72
06/26/2000,18.97,19.35,18.12,18.14,18.75
06/19/2000,18.88,19.23,17.95,18.08,18.77
06/12/2000,19.18,19.26,17.93,18.06,18.82
06/05/2000,19.56,19.28,17.87,18.05,18.85
05/29/2000,19.75,19.2,17.84,17.99,18.86
05/22/2000,19.74,18.97,17.84,17.9,18.84
05/15/2000,19.58,18.78,17.88,17.83,18.82
05/08/2000,19.35,18.35,17.89,17.75,18.8
05/01/2000,19.0,17.84,17.77,17.63,18.79
04/24/2000,18.65,17.28,17.67,17.56,18.79
04/17/2000,18.2,16.88,17.54,17.46,18.8
04/10/2000,17.98,16.68,17.5,17.39,18.82
04/03/2000,17.35,16.6,17.46,17.36,18.85
03/27/2000,16.68,16.45,17.43,17.34,18.86
03/20/2000,15.92,16.47,17.39,17.37,18.87
03/13/2000,15.57,16.72,17.37,17.43,18.91
03/06/2000,15.38,16.99,17.36,17.5,18.92
02/28/2000,15.85,17.42,17.45,17.67,18.97
02/21/2000,16.23,17.7,17.53,17.85,19.02
02/14/2000,17.03,18.06,17.69,18.07,19.08
02/07/2000,17.86,18.19,17.75,18.26,19.11
01/31/2000,18.59,18.33,17.75,18.42,19.12
01/24/2000,18.99,18.31,17.75,18.54,19.09
01/17/2000,19.16,18.41,17.79,18.69,19.07
01/10/2000,19.1,18.3,17.82,18.8,19.02
01/03/2000,18.52,18.03,17.78,18.87,18.95
12/27/1999,18.06,17.73,17.76,18.93,18.88
12/20/1999,17.63,17.47,17.79,19.01,18.81
12/13/1999,17.66,17.36,17.93,19.12,18.75
12/06/1999,17.51,17.33,18.08,19.22,18.7
11/29/1999,17.53,17.31,18.29,19.35,18.67
11/22/1999,17.39,17.17,18.46,19.47,18.61
11/15/1999,17.31,17.18,18.66,19.59,18.58
11/08/1999,17.06,17.17,18.83,19.64,18.52
11/01/1999,17.14,17.33,19.04,19.73,18.47
10/25/1999,17.08,17.53,19.29,19.78,18.42
10/18/1999,16.96,17.8,19.54,19.81,18.37
10/11/1999,17.05,18.1,19.79,19.86,18.33
10/04/1999,17.28,18.49,20.0,19.95,18.29
09/27/1999,17.52,18.84,20.17,20.02,18.24
09/20/1999,17.99,19.28,20.38,20.14,18.21
09/13/1999,18.65,19.75,20.62,20.26,18.2
09/06/1999,19.16,20.14,20.79,20.34,18.17
08/30/1999,19.71,20.49,20.88,20.37,18.13
08/23/1999,20.16,20.76,20.93,20.38,18.09
08/16/1999,20.58,21.05,20.9,20.39,18.03
08/09/1999,20.86,21.27,20.82,20.34,17.97
08/02/1999,21.13,21.47,20.74,20.27,17.9
07/26/1999,21.28,21.5,20.68,20.19,17.8
07/19/1999,21.36,21.51,20.61,20.09,17.71
07/12/1999,21.53,21.48,20.56,19.97,17.61
07/05/1999,21.69,21.48,20.51,19.83,17.53
06/28/1999,21.81,21.44,20.44,19.64,17.44
06/21/1999,21.73,21.27,20.31,19.45,17.35
06/14/1999,21.66,21.1,20.19,19.25,17.25
06/07/1999,21.43,20.76,20.06,19.04,17.14
05/31/1999,21.26,20.36,19.87,18.82,17.03
05/24/1999,21.07,20.02,19.68,18.6,16.91
05/17/1999,20.81,19.85,19.54,18.39,16.81
05/10/1999,20.54,19.71,19.37,18.17,16.69
05/03/1999,20.09,19.65,19.21,17.98,16.58
04/26/1999,19.46,19.54,19.0,17.76,16.46
04/19/1999,18.96,19.44,18.75,17.58,16.36
04/12/1999,18.89,19.34,18.54,17.41,16.26
04/05/1999,18.88,19.28,18.33,17.21,16.17
03/29/1999,19.21,19.36,18.17,17.07,16.09
03/22/1999,19.63,19.38,18.06,16.93,16.03
03/15/1999,19.91,19.34,17.89,16.79,15.94
03/08/1999,19.8,19.23,17.66,16.63,15.85
03/01/1999,19.68,19.04,17.4,16.46,15.75
02/22/1999,19.52,18.78,17.14,16.29,15.64
02/15/1999,19.13,18.47,16.87,16.14,15.54
02/08/1999,18.76,18.06,16.65,16.01,15.43
02/01/1999,18.66,17.74,16.44,15.9,15.34
01/25/1999,18.41,17.38,16.18,15.8,15.24
01/18/1999,18.03,16.99,15.92,15.68,15.14
01/11/1999,17.81,16.74,15.71,15.61,15.05
01/04/1999,17.36,16.45,15.51,15.52,14.96
12/28/1998,16.81,16.09,15.33,15.41,14.85
12/21/1998,16.35,15.76,15.16,15.33,14.75
12/14/1998,15.94,15.51,15.04,15.26,14.66
12/07/1998,15.67,15.27,14.98,15.23,14.58
11/30/1998,15.54,15.23,14.98,15.23,14.53
11/23/1998,15.38,15.14,14.98,15.24,14.48
11/16/1998,15.16,14.97,15.01,15.25,14.43
11/09/1998,15.08,14.85,15.02,15.25,14.38
11/02/1998,14.86,14.69,15.04,15.24,14.32
10/26/1998,14.92,14.58,15.05,15.23,14.27
10/19/1998,14.9,14.56,15.07,15.22,14.21
10/12/1998,14.78,14.57,15.11,15.2,14.16
10/05/1998,14.63,14.58,15.13,15.18,14.09
09/28/1998,14.51,14.7,15.2,15.17,14.03
09/21/1998,14.24,14.73,15.23,15.14,13.96
09/14/1998,14.22,14.83,15.3,15.12,13.91
09/07/1998,14.36,15.05,15.39,15.13,13.87
08/31/1998,14.52,15.19,15.45,15.12,13.84
08/24/1998,14.89,15.39,15.52,15.12,13.81
08/17/1998,15.22,15.53,15.55,15.1,13.78
08/10/1998,15.44,15.58,15.55,15.07,13.73
08/03/1998,15.75,15.65,15.52,15.04,13.67
07/27/1998,15.86,15.69,15.48,14.99,13.61
07/20/1998,15.89,15.71,15.4,14.93,13.52
07/13/1998,15.83,15.73,15.34,14.85,13.43
07/06/1998,15.71,15.76,15.27,14.77,13.34
06/29/1998,15.56,15.73,15.16,14.67,13.24
06/22/1998,15.52,15.72,15.08,14.6,13.16
06/15/1998,15.53,15.64,14.98,14.49,13.06
06/08/1998,15.62,15.57,14.89,14.4,12.97
06/01/1998,15.81,15.53,14.81,14.3,12.88
05/25/1998,15.9,15.39,14.73,14.18,12.79
05/18/1998,15.92,15.28,14.64,14.06,12.7
05/11/1998,15.76,15.1,14.54,13.94,12.59
05/04/1998,15.53,14.96,14.41,13.83,12.48
04/27/1998,15.24,14.78,14.28,13.71,12.37
04/20/1998,14.88,14.6,14.15,13.6,12.26
04/13/1998,14.64,14.44,14.04,13.5,12.16
04/06/1998,14.44,14.32,13.92,13.4,12.07
03/30/1998,14.4,14.21,13.81,13.31,11.99
03/23/1998,14.31,14.09,13.68,13.2,11.9
03/16/1998,14.33,14.07,13.58,13.11,11.81
03/09/1998,14.25,13.99,13.45,13.0,11.73
03/02/1998,14.19,13.97,13.37,12.89,11.65
02/23/1998,14.02,13.86,13.26,12.79,11.56
02/16/1998,13.88,13.78,13.18,12.7,11.48
02/09/1998,13.81,13.69,13.11,12.62,11.4
02/02/1998,13.74,13.63,13.03,12.56,11.33
01/26/1998,13.75,13.53,12.95,12.51,11.25
01/19/1998,13.71,13.42,12.86,12.45,11.18
01/12/1998,13.68,13.27,12.76,12.39,11.12
01/05/1998,13.58,13.09,12.63,12.31,11.05
12/29/1997,13.53,12.92,12.5,12.23,10.98
12/22/1997,13.3,12.76,12.35,12.12,10.91
12/15/1997,13.13,12.67,12.25,12.02,10.84
12/08/1997,12.87,12.58,12.16,11.91,10.77
12/01/1997,12.6,12.52,12.08,11.81,10.69
11/24/1997,12.31,12.42,12.02,11.71,10.62
11/17/1997,12.22,12.37,12.0,11.63,10.55
11/10/1997,12.2,12.3,11.96,11.54,10.48
11/03/1997,12.3,12.24,11.94,11.47,10.41
10/27/1997,12.44,12.17,11.92,11.4,10.34
10/20/1997,12.53,12.09,11.88,11.33,10.27
10/13/1997,12.52,11.95,11.8,11.24,10.19
10/06/1997,12.4,11.83,11.69,11.13,10.11
09/29/1997,12.19,11.74,11.58,11.02,10.02
09/22/1997,11.89,11.64,11.46,10.92,9.94
09/15/1997,11.64,11.62,11.36,10.82,9.86
09/08/1997,11.38,11.62,11.26,10.74,9.79
09/01/1997,11.26,11.63,11.16,10.66,9.71
08/25/1997,11.29,11.64,11.08,10.59,9.65
08/18/1997,11.39,11.68,11.01,10.52,9.6
08/11/1997,11.6,11.68,10.96,10.46,9.55
08/04/1997,11.86,11.64,10.88,10.41,9.51
07/28/1997,12.0,11.55,10.78,10.34,9.45
07/21/1997,11.99,11.42,10.67,10.26,9.39
07/14/1997,11.97,11.28,10.55,10.18,9.33
07/07/1997,11.76,11.1,10.42,10.1,9.27
06/30/1997,11.42,10.89,10.29,10.0,9.2
06/23/1997,11.11,10.7,10.18,9.92,9.14
06/16/1997,10.84,10.53,10.06,9.85,9.07
06/09/1997,10.58,10.35,9.94,9.78,9.01
06/02/1997,10.44,10.23,9.85,9.74,8.96
05/26/1997,10.37,10.13,9.79,9.71,8.91
05/19/1997,10.29,10.01,9.73,9.67,8.86
05/12/1997,10.21,9.92,9.68,9.62,8.81
05/05/1997,10.11,9.83,9.64,9.58,8.76
04/28/1997,10.03,9.74,9.59,9.52,8.72
04/21/1997,9.88,9.69,9.55,9.47,8.68
04/14/1997,9.73,9.66,9.53,9.41,8.64
04/07/1997,9.62,9.6,9.51,9.35,8.6
03/31/1997,9.56,9.54,9.5,9.28,8.57
03/24/1997,9.46,9.47,9.49,9.21,8.53
03/17/1997,9.5,9.46,9.5,9.14,8.5
03/10/1997,9.59,9.46,9.5,9.08,8.47
03/03/1997,9.58,9.45,9.47,9.02,8.43
02/24/1997,9.52,9.44,9.45,8.96,8.4
02/17/1997,9.48,9.44,9.41,8.9,8.37
02/10/1997,9.43,9.42,9.36,8.84,8.33
02/03/1997,9.34,9.4,9.29,8.77,8.29
01/27/1997,9.31,9.43,9.23,8.72,8.26
01/20/1997,9.36,9.46,9.15,8.68,8.23
01/13/1997,9.41,9.5,9.07,8.64,8.2
01/06/1997,9.41,9.54,8.98,8.61,8.17
12/30/1996,9.47,9.53,8.9,8.57,8.13
12/23/1996,9.54,9.49,8.81,8.53,8.1
12/16/1996,9.56,9.45,8.72,8.48,8.06
12/09/1996,9.59,9.37,8.63,8.44,8.02
12/02/1996,9.68,9.3,8.55,8.41,7.98
11/25/1996,9.59,9.18,8.45,8.35,7.94
11/18/1996,9.44,9.03,8.36,8.29,7.9
11/11/1996,9.34,8.84,8.28,8.24,7.85
11/04/1996,9.14,8.64,8.21,8.18,7.8
10/28/1996,8.91,8.43,8.14,8.1,7.75
10/21/1996,8.76,8.26,8.08,8.05,7.71
10/14/1996,8.61,8.13,8.05,8.0,7.68
10/07/1996,8.34,7.99,8.0,7.95,7.64
09/30/1996,8.14,7.9,7.98,7.92,7.6
09/23/1996,7.94,7.79,7.96,7.88,7.57
09/16/1996,7.76,7.72,7.94,7.86,7.54
09/09/1996,7.64,7.7,7.93,7.85,7.52
09/02/1996,7.63,7.72,7.94,7.85,7.5
08/26/1996,7.65,7.78,7.95,7.86,7.48
08/19/1996,7.65,7.85,7.94,7.85,7.46
08/12/1996,7.69,7.91,7.95,7.85,7.43
08/05/1996,7.76,7.97,7.94,7.85,7.41
07/29/1996,7.81,8.01,7.93,7.84,7.38
07/22/1996,7.91,8.07,7.93,7.83,7.35
07/15/1996,8.04,8.13,7.93,7.83,7.33
07/08/1996,8.13,8.16,7.93,7.82,7.31
07/01/1996,8.18,8.15,7.93,7.81,7.28
06/24/1996,8.2,8.16,7.91,7.79,7.24
06/17/1996,8.22,8.11,7.9,7.76,7.2
06/10/1996,8.23,8.04,7.85,7.73,7.15
06/03/1996,8.2,7.99,7.83,7.7,7.11
05/27/1996,8.12,7.91,7.79,7.67,7.08
05/20/1996,8.12,7.85,7.76,7.64,7.04
05/13/1996,8.01,7.79,7.71,7.61,7.0
05/06/1996,7.85,7.73,7.67,7.56,6.97
04/29/1996,7.78,7.71,7.65,7.53,6.93
04/22/1996,7.71,7.7,7.64,7.5,6.9
04/15/1996,7.59,7.67,7.6,7.46,6.86
04/08/1996,7.57,7.68,7.58,7.43,6.82
04/01/1996,7.6,7.67,7.57,7.4,6.79
03/25/1996,7.64,7.66,7.56,7.38,6.76
03/18/1996,7.69,7.67,7.54,7.35,6.73
03/11/1996,7.75,7.66,7.53,7.33,6.69
03/04/1996,7.79,7.64,7.51,7.29,6.66
02/26/1996,7.74,7.62,7.48,7.26,6.62
02/19/1996,7.69,7.59,7.44,7.22,6.57
02/12/1996,7.64,7.58,7.4,7.19,6.53
02/05/1996,7.58,7.54,7.35,7.15,6.48
01/29/1996,7.49,7.49,7.3,7.1,6.43
01/22/1996,7.49,7.47,7.26,7.06,6.39
01/15/1996,7.49,7.46,7.23,7.02,6.35
01/08/1996,7.52,7.42,7.19,6.97,6.31
01/01/1996,7.5,7.4,7.16,6.92,6.27
12/25/1995,7.49,7.39,7.12,6.88,6.23
12/18/1995,7.44,7.34,7.08,6.84,6.2
12/11/1995,7.42,7.29,7.04,6.79,6.16
12/04/1995,7.32,7.22,6.99,6.74,6.12
11/27/1995,7.3,7.17,6.95,6.69,6.09
11/20/1995,7.29,7.12,6.91,6.63,6.05
11/13/1995,7.24,7.05,6.86,6.58,6.02
11/06/1995,7.16,7.01,6.8,6.53,5.98
10/30/1995,7.12,6.97,6.75,6.49,5.96
10/23/1995,7.04,6.91,6.68,6.44,5.93
10/16/1995,6.94,6.85,6.62,6.4,5.9
10/09/1995,6.86,6.82,6.58,6.38,5.88
10/02/1995,6.85,6.78,6.54,6.34,5.85
09/25/1995,6.82,6.76,6.5,6.3,5.83
09/18/1995,6.79,6.73,6.45,6.26,5.81
09/11/1995,6.76,6.7,6.39,6.22,5.78
09/04/1995,6.77,6.67,6.35,6.19,5.76
08/28/1995,6.72,6.59,6.29,6.14,5.73
08/21/1995,6.71,6.52,6.25,6.1,5.7
08/14/1995,6.68,6.46,6.21,6.06,5.68
08/07/1995,6.64,6.4,6.18,6.02,5.66
07/31/1995,6.58,6.35,6.15,5.97,5.64
07/24/1995,6.46,6.3,6.11,5.92,5.62
07/17/1995,6.34,6.24,6.07,5.87,5.6
07/10/1995,6.23,6.16,6.03,5.81,5.59
07/03/1995,6.16,6.09,5.98,5.76,5.57
06/26/1995,6.13,6.03,5.95,5.72,5.55
06/19/1995,6.14,5.98,5.92,5.69,5.54
06/12/1995,6.14,5.97,5.89,5.65,5.53
06/05/1995,6.09,5.97,5.86,5.62,5.52
05/29/1995,6.02,5.96,5.83,5.59,5.51
05/22/1995,5.93,5.96,5.78,5.56,5.48
05/15/1995,5.83,5.93,5.73,5.54,5.47
05/08/1995,5.79,5.9,5.69,5.5,5.46
05/01/1995,5.84,5.89,5.64,5.48,5.45
04/24/1995,5.9,5.88,5.6,5.46,5.45
04/17/1995,5.99,5.87,5.56,5.45,5.44
04/10/1995,6.02,5.85,5.54,5.44,5.44
04/03/1995,6.0,5.81,5.49,5.43,5.43
03/27/1995,5.94,5.76,5.45,5.41,5.43
03/20/1995,5.86,5.7,5.41,5.4,5.42
03/13/1995,5.74,5.61,5.36,5.38,5.41
03/06/1995,5.68,5.54,5.34,5.37,5.41
02/27/1995,5.61,5.48,5.31,5.36,5.41
02/20/1995,5.58,5.39,5.28,5.35,5.41
02/13/1995,5.55,5.33,5.25,5.35,5.41
02/06/1995,5.47,5.26,5.24,5.33,5.41
01/30/1995,5.41,5.23,5.23,5.32,5.41
01/23/1995,5.34,5.18,5.23,5.31,5.41
01/16/1995,5.2,5.13,5.24,5.3,5.41
01/09/1995,5.1,5.11,5.25,5.3,5.42
01/02/1995,5.06,5.11,5.27,5.31,5.42
12/26/1994,5.04,5.14,5.29,5.32,5.43
12/19/1994,5.01,5.14,5.3,5.33,5.44
12/12/1994,5.07,5.17,5.33,5.36,5.46
12/05/1994,5.12,5.18,5.36,5.37,5.47
11/28/1994,5.17,5.22,5.36,5.39,5.48
11/21/1994,5.24,5.24,5.37,5.39,5.49
11/14/1994,5.26,5.29,5.38,5.41,5.5
11/07/1994,5.27,5.35,5.39,5.42,5.5
10/31/1994,5.24,5.4,5.39,5.42,5.5
10/24/1994,5.28,5.43,5.4,5.41,5.51
10/17/1994,5.24,5.43,5.41,5.4,5.51
10/10/1994,5.32,5.46,5.43,5.41,5.51
10/03/1994,5.43,5.49,5.45,5.42,5.52
09/26/1994,5.56,5.53,5.47,5.44,5.52
09/19/1994,5.59,5.51,5.47,5.44,5.52
09/12/1994,5.62,5.49,5.47,5.45,5.53
09/05/1994,5.61,5.46,5.47,5.44,5.52
08/29/1994,5.56,5.42,5.45,5.44,5.51
08/22/1994,5.51,5.39,5.43,5.43,5.51
08/15/1994,5.43,5.38,5.4,5.44,5.5
08/08/1994,5.37,5.39,5.38,5.45,5.5
08/01/1994,5.31,5.4,5.38,5.45,5.49
07/25/1994,5.29,5.41,5.39,5.46,5.49
07/18/1994,5.27,5.4,5.39,5.47,5.48
07/11/1994,5.33,5.43,5.4,5.49,5.48
07/04/1994,5.41,5.44,5.43,5.5,5.47
06/27/1994,5.49,5.47,5.44,5.51,5.46
06/20/1994,5.53,5.48,5.44,5.52,5.45
06/13/1994,5.53,5.48,5.45,5.53,5.43
06/06/1994,5.53,5.43,5.47,5.54,5.42
05/30/1994,5.48,5.38,5.48,5.54,5.4
05/23/1994,5.45,5.36,5.48,5.55,5.39
05/16/1994,5.44,5.37,5.49,5.56,5.37
05/09/1994,5.43,5.37,5.5,5.57,5.36
05/02/1994,5.33,5.38,5.52,5.58,5.35
04/25/1994,5.29,5.41,5.53,5.6,5.34
04/18/1994,5.27,5.4,5.54,5.59,5.32
04/11/1994,5.3,5.4,5.54,5.58,5.31
04/04/1994,5.32,5.43,5.56,5.58,5.3
03/28/1994,5.43,5.51,5.6,5.6,5.3
03/21/1994,5.53,5.57,5.62,5.61,5.3
03/14/1994,5.54,5.6,5.64,5.62,5.29
03/07/1994,5.5,5.6,5.65,5.61,5.27
02/28/1994,5.53,5.62,5.67,5.61,5.26
02/21/1994,5.58,5.65,5.68,5.61,5.24
02/14/1994,5.61,5.66,5.69,5.61,5.23
02/07/1994,5.66,5.67,5.68,5.6,5.21
01/31/1994,5.71,5.68,5.67,5.59,5.2
01/24/1994,5.72,5.69,5.66,5.58,5.18
01/17/1994,5.72,5.68,5.65,5.57,5.16
01/10/1994,5.7,5.68,5.63,5.56,5.14
01/03/1994,5.68,5.68,5.62,5.53,5.12
12/27/1993,5.65,5.7,5.61,5.51,5.11
12/20/1993,5.67,5.72,5.6,5.49,5.09
12/13/1993,5.65,5.71,5.59,5.46,5.07
12/06/1993,5.65,5.72,5.58,5.43,5.05
11/29/1993,5.69,5.7,5.57,5.4,5.02
11/22/1993,5.75,5.66,5.55,5.37,5.0
11/15/1993,5.77,5.63,5.53,5.34,4.98
11/08/1993,5.78,5.61,5.51,5.3,4.96
11/01/1993,5.79,5.59,5.5,5.27,4.94
10/25/1993,5.7,5.56,5.46,5.23,4.92
10/18/1993,5.56,5.52,5.42,5.19,4.89
10/11/1993,5.49,5.49,5.38,5.15,4.86
10/04/1993,5.44,5.46,5.34,5.12,4.84
09/27/1993,5.39,5.44,5.29,5.08,4.81
09/20/1993,5.42,5.44,5.26,5.06,4.79
09/13/1993,5.48,5.44,5.23,5.04,4.78
09/06/1993,5.48,5.43,5.19,5.02,4.75
08/30/1993,5.48,5.41,5.15,5.0,4.73
08/23/1993,5.49,5.4,5.1,4.98,4.71
08/16/1993,5.46,5.35,5.06,4.96,4.68
08/09/1993,5.4,5.31,5.03,4.93,4.66
08/02/1993,5.38,5.28,4.99,4.91,4.63
07/26/1993,5.35,5.22,4.94,4.88,4.61
07/19/1993,5.31,5.14,4.9,4.85,4.59
07/12/1993,5.25,5.07,4.86,4.82,4.57
07/05/1993,5.22,5.02,4.84,4.8,4.56
06/28/1993,5.17,4.95,4.82,4.77,4.54
06/21/1993,5.09,4.88,4.8,4.74,4.53
06/14/1993,4.96,4.81,4.77,4.72,4.51
06/07/1993,4.89,4.77,4.76,4.71,4.5
05/31/1993,4.81,4.74,4.74,4.7,4.49
05/24/1993,4.73,4.7,4.72,4.68,4.48
05/17/1993,4.67,4.67,4.71,4.67,4.47
05/10/1993,4.65,4.67,4.7,4.66,4.46
05/03/1993,4.65,4.66,4.69,4.65,4.45
04/26/1993,4.67,4.67,4.69,4.63,4.45
04/19/1993,4.68,4.69,4.68,4.62,4.44
04/12/1993,4.68,4.71,4.68,4.62,4.43
04/05/1993,4.68,4.74,4.68,4.61,4.42
03/29/1993,4.67,4.74,4.68,4.6,4.42
03/22/1993,4.66,4.74,4.68,4.59,4.42
03/15/1993,4.7,4.74,4.67,4.57,4.42
03/08/1993,4.75,4.74,4.67,4.56,4.42
03/01/1993,4.8,4.73,4.65,4.54,4.42
02/22/1993,4.81,4.72,4.64,4.53,4.42
02/15/1993,4.81,4.71,4.62,4.51,4.42
02/08/1993,4.78,4.68,4.59,4.48,4.41
02/01/1993,4.73,4.64,4.57,4.46,4.4
01/25/1993,4.66,4.62,4.55,4.43,4.39
01/18/1993,4.64,4.63,4.53,4.41,4.39
01/11/1993,4.61,4.62,4.51,4.39,4.39
01/04/1993,4.57,4.6,4.49,4.36,4.39
12/28/1992,4.55,4.59,4.47,4.34,4.39
12/21/1992,4.57,4.57,4.44,4.33,4.39
12/14/1992,4.61,4.55,4.43,4.32,4.4
12/07/1992,4.63,4.52,4.41,4.31,4.4
11/30/1992,4.64,4.5,4.39,4.31,4.41
11/23/1992,4.64,4.49,4.37,4.32,4.42
11/16/1992,4.57,4.47,4.34,4.3,4.42
11/09/1992,4.49,4.44,4.3,4.29,4.43
11/02/1992,4.41,4.4,4.27,4.28,4.43
10/26/1992,4.37,4.37,4.24,4.27,4.44
10/19/1992,4.35,4.34,4.22,4.26,4.45
10/12/1992,4.37,4.31,4.21,4.26,4.45
10/05/1992,4.39,4.31,4.2,4.26,4.46
09/28/1992,4.4,4.3,4.21,4.26,4.46
09/21/1992,4.37,4.27,4.22,4.25,4.46
09/14/1992,4.33,4.24,4.23,4.24,4.47
09/07/1992,4.25,4.2,4.22,4.24,4.46
08/31/1992,4.22,4.17,4.22,4.24,4.46
08/24/1992,4.2,4.13,4.22,4.25,4.46
08/17/1992,4.18,4.11,4.23,4.27,4.46
08/10/1992,4.15,4.1,4.23,4.28,4.46
08/03/1992,4.14,4.1,4.23,4.3,4.46
07/27/1992,4.11,4.1,4.24,4.31,4.46
07/20/1992,4.07,4.12,4.24,4.33,4.46
07/13/1992,4.04,4.16,4.24,4.34,4.46
07/06/1992,4.05,4.21,4.24,4.34,4.46
06/29/1992,4.07,4.24,4.26,4.36,4.46
06/22/1992,4.09,4.27,4.27,4.38,4.47
06/15/1992,4.17,4.31,4.31,4.4,4.47
06/08/1992,4.28,4.34,4.35,4.42,4.47
06/01/1992,4.37,4.35,4.37,4.44,4.47
05/25/1992,4.42,4.36,4.4,4.46,4.47
05/18/1992,4.45,4.38,4.42,4.48,4.47
05/11/1992,4.44,4.35,4.43,4.49,4.47
05/04/1992,4.4,4.32,4.42,4.51,4.47
04/27/1992,4.33,4.28,4.41,4.52,4.46
04/20/1992,4.31,4.28,4.41,4.54,4.46
04/13/1992,4.31,4.28,4.43,4.57,4.45
04/06/1992,4.27,4.31,4.45,4.59,4.44
03/30/1992,4.24,4.35,4.46,4.61,4.44
03/23/1992,4.22,4.39,4.48,4.63,4.43
03/16/1992,4.24,4.43,4.51,4.64,4.43
03/09/1992,4.25,4.46,4.54,4.66,4.41
03/02/1992,4.35,4.51,4.57,4.67,4.4
02/24/1992,4.46,4.53,4.61,4.68,4.39
02/17/1992,4.55,4.54,4.64,4.69,4.37
02/10/1992,4.62,4.55,4.67,4.69,4.35
02/03/1992,4.67,4.58,4.71,4.68,4.34
01/27/1992,4.68,4.59,4.73,4.67,4.32
01/20/1992,4.6,4.57,4.74,4.66,4.29
01/13/1992,4.53,4.58,4.75,4.65,4.27
01/06/1992,4.49,4.58,4.75,4.63,4.25
12/30/1991,4.48,4.61,4.76,4.61,4.23
12/23/1991,4.5,4.62,4.75,4.6,4.2
12/16/1991,4.54,4.69,4.75,4.59,4.18
12/09/1991,4.63,4.75,4.76,4.58,4.17
12/02/1991,4.68,4.79,4.75,4.57,4.14
11/25/1991,4.74,4.85,4.74,4.56,4.11
11/18/1991,4.74,4.87,4.71,4.54,4.08
11/11/1991,4.83,4.9,4.7,4.52,4.05
11/04/1991,4.87,4.92,4.68,4.51,4.03
10/28/1991,4.91,4.92,4.65,4.49,4.0
10/21/1991,4.95,4.9,4.62,4.47,3.97
10/14/1991,5.01,4.88,4.58,4.45,3.95
10/07/1991,4.97,4.82,4.54,4.42,3.92
09/30/1991,4.97,4.78,4.5,4.4,3.9
09/23/1991,4.94,4.71,4.46,4.37,3.88
09/16/1991,4.85,4.63,4.41,4.33,3.86
09/09/1991,4.74,4.56,4.37,4.3,3.84
09/02/1991,4.66,4.5,4.34,4.28,3.83
08/26/1991,4.58,4.45,4.3,4.24,3.81
08/19/1991,4.49,4.39,4.27,4.21,3.81
08/12/1991,4.41,4.33,4.25,4.17,3.8
08/05/1991,4.37,4.29,4.24,4.14,3.79
07/29/1991,4.35,4.26,4.22,4.1,3.79
07/22/1991,4.31,4.22,4.21,4.06,3.78
07/15/1991,4.29,4.21,4.2,4.02,3.78
07/08/1991,4.25,4.2,4.18,3.99,3.77
07/01/1991,4.21,4.18,4.17,3.96,3.76
06/24/1991,4.17,4.17,4.17,3.93,3.75
06/17/1991,4.13,4.15,4.14,3.9,3.74
06/10/1991,4.14,4.16,4.12,3.87,3.72
06/03/1991,4.14,4.17,4.09,3.84,3.71
05/27/1991,4.15,4.18,4.06,3.81,3.71
05/20/1991,4.17,4.19,4.01,3.78,3.7
05/13/1991,4.17,4.19,3.97,3.75,3.69
05/06/1991,4.18,4.19,3.93,3.71,3.69
04/29/1991,4.19,4.16,3.89,3.66,3.68
04/22/1991,4.21,4.16,3.85,3.62,3.67
04/15/1991,4.21,4.16,3.81,3.57,3.67
04/08/1991,4.22,4.13,3.77,3.55,3.66
04/01/1991,4.19,4.07,3.72,3.51,3.66
03/25/1991,4.13,4.01,3.68,3.48,3.65
03/18/1991,4.1,3.93,3.63,3.45,3.65
03/11/1991,4.11,3.84,3.58,3.42,3.65
03/04/1991,4.04,3.75,3.53,3.4,3.65
02/25/1991,3.96,3.67,3.47,3.39,3.65
02/18/1991,3.89,3.62,3.42,3.38,3.67
02/11/1991,3.77,3.54,3.35,3.38,3.67
02/04/1991,3.56,3.46,3.28,3.37,3.67
01/28/1991,3.46,3.41,3.25,3.39,3.68
01/21/1991,3.38,3.37,3.23,3.4,3.69
01/14/1991,3.35,3.34,3.22,3.42,3.71
01/07/1991,3.31,3.32,3.22,3.45,3.73
12/31/1990,3.35,3.32,3.22,3.48,3.75
12/24/1990,3.36,3.31,3.23,3.51,3.77
12/17/1990,3.36,3.28,3.25,3.53,3.78
12/10/1990,3.34,3.22,3.27,3.54,3.79
12/03/1990,3.32,3.15,3.3,3.55,3.81
11/26/1990,3.29,3.11,3.33,3.56,3.82
11/19/1990,3.26,3.1,3.38,3.57,3.85
11/12/1990,3.2,3.1,3.42,3.58,3.87
11/05/1990,3.09,3.09,3.46,3.59,3.89
10/29/1990,2.99,3.11,3.51,3.6,3.91
10/22/1990,2.92,3.12,3.56,3.62,3.94
10/15/1990,2.93,3.15,3.61,3.63,3.97
10/08/1990,3.0,3.21,3.65,3.66,4.0
10/01/1990,3.09,3.32,3.71,3.7,4.02
09/24/1990,3.24,3.44,3.75,3.73,4.05
09/17/1990,3.31,3.56,3.79,3.76,4.08
09/10/1990,3.38,3.65,3.81,3.78,4.1
09/03/1990,3.42,3.75,3.82,3.8,4.12
08/27/1990,3.54,3.83,3.84,3.82,4.13
08/20/1990,3.64,3.91,3.85,3.84,4.15
08/13/1990,3.8,4.01,3.87,3.87,4.16
08/06/1990,3.93,4.07,3.87,3.89,4.17
07/30/1990,4.07,4.1,3.89,3.92,4.18
07/23/1990,4.12,4.1,3.89,3.95,4.19
07/16/1990,4.19,4.07,3.88,3.97,4.2
07/09/1990,4.21,4.03,3.87,3.97,4.2
07/02/1990,4.21,3.97,3.84,3.98,4.21
06/25/1990,4.13,3.89,3.82,3.98,4.21
06/18/1990,4.07,3.84,3.82,3.99,4.21
06/11/1990,3.96,3.78,3.81,4.01,4.21
06/04/1990,3.85,3.72,3.79,4.02,4.21
05/28/1990,3.74,3.68,3.8,4.02,4.21
05/21/1990,3.65,3.67,3.83,4.03,4.22
05/14/1990,3.61,3.67,3.87,4.04,4.23
05/07/1990,3.6,3.69,3.91,4.06,4.23
04/30/1990,3.6,3.71,3.94,4.08,4.25
04/23/1990,3.62,3.71,3.98,4.12,4.26
04/16/1990,3.7,3.76,4.02,4.16,4.28
04/09/1990,3.73,3.8,4.07,4.19,4.29
04/02/1990,3.78,3.84,4.12,4.22,4.3
03/26/1990,3.81,3.87,4.17,4.26,4.31
03/19/1990,3.81,3.91,4.19,4.31,4.32
03/12/1990,3.83,3.98,4.21,4.34,4.32
03/05/1990,3.86,4.08,4.23,4.35,4.33
02/26/1990,3.9,4.14,4.25,4.37,4.33
02/19/1990,3.92,4.18,4.27,4.39,4.34
02/12/1990,4.01,4.24,4.32,4.41,4.34
02/05/1990,4.13,4.29,4.36,4.43,4.35
01/29/1990,4.29,4.33,4.38,4.45,4.34
01/22/1990,4.37,4.4,4.41,4.45,4.35
01/15/1990,4.44,4.46,4.46,4.45,4.35
01/08/1990,4.47,4.47,4.5,4.45,4.34
01/01/1990,4.44,4.44,4.52,4.44,4.33
12/25/1989,4.38,4.38,4.49,4.43,4.32
12/18/1989,4.43,4.36,4.49,4.43,4.31
12/11/1989,4.49,4.36,4.49,4.44,4.31
12/04/1989,4.48,4.39,4.5,4.44,4.31
11/27/1989,4.44,4.43,4.51,4.44,4.3
11/20/1989,4.38,4.43,4.5,4.43,4.29
11/13/1989,4.3,4.43,4.47,4.42,4.27
11/06/1989,4.22,4.46,4.44,4.41,4.26
10/30/1989,4.3,4.53,4.44,4.41,4.25
10/23/1989,4.43,4.59,4.45,4.41,4.24
10/16/1989,4.48,4.6,4.46,4.41,4.24
10/09/1989,4.56,4.61,4.47,4.41,4.23
10/02/1989,4.69,4.63,4.48,4.41,4.22
09/25/1989,4.76,4.61,4.46,4.41,4.2
09/18/1989,4.75,4.58,4.44,4.39,4.18
09/11/1989,4.72,4.57,4.44,4.39,4.17
09/04/1989,4.66,4.51,4.42,4.38,4.15
08/28/1989,4.57,4.42,4.39,4.36,4.13
08/21/1989,4.46,4.35,4.34,4.33,4.11
08/14/1989,4.42,4.3,4.32,4.31,4.09
08/07/1989,4.43,4.32,4.31,4.31,4.07
07/31/1989,4.37,4.32,4.3,4.3,4.06
07/24/1989,4.28,4.32,4.3,4.29,4.05
07/17/1989,4.25,4.31,4.31,4.28,4.05
07/10/1989,4.19,4.29,4.3,4.26,4.03
07/03/1989,4.21,4.3,4.29,4.24,4.02
06/26/1989,4.28,4.33,4.31,4.24,4.02
06/19/1989,4.37,4.35,4.32,4.24,4.02
06/12/1989,4.37,4.33,4.32,4.23,4.01
06/05/1989,4.39,4.33,4.32,4.22,4.01
05/29/1989,4.38,4.31,4.3,4.2,4.01
05/22/1989,4.37,4.28,4.29,4.19,4.0
05/15/1989,4.32,4.28,4.27,4.18,4.0
05/08/1989,4.29,4.3,4.26,4.18,3.99
05/01/1989,4.28,4.31,4.24,4.16,3.99
04/24/1989,4.23,4.29,4.22,4.14,3.99
04/17/1989,4.2,4.29,4.2,4.13,3.98
04/10/1989,4.24,4.3,4.19,4.11,3.98
04/03/1989,4.31,4.31,4.18,4.1,3.97
03/27/1989,4.34,4.3,4.16,4.08,3.96
03/20/1989,4.35,4.3,4.15,4.06,3.95
03/13/1989,4.38,4.29,4.15,4.05,3.94
03/06/1989,4.37,4.25,4.13,4.02,3.93
02/27/1989,4.32,4.22,4.11,3.99,3.92
02/20/1989,4.26,4.17,4.09,3.97,3.9
02/13/1989,4.25,4.14,4.07,3.95,3.9
02/06/1989,4.21,4.12,4.05,3.93,3.89
01/30/1989,4.14,4.08,4.02,3.9,3.87
01/23/1989,4.12,4.05,3.99,3.88,3.85
01/16/1989,4.08,4.02,3.97,3.86,3.83
01/09/1989,4.04,4.0,3.95,3.84,3.82
01/02/1989,4.03,4.0,3.92,3.82,3.81
12/26/1988,4.03,4.01,3.9,3.82,3.8
12/19/1988,3.98,4.01,3.88,3.82,3.79
12/12/1988,3.96,4.0,3.87,3.81,3.78
12/05/1988,3.96,3.99,3.86,3.8,3.78
11/28/1988,3.98,3.97,3.84,3.8,3.78
11/21/1988,4.0,3.95,3.81,3.79,0.0
11/14/1988,4.04,3.93,3.8,3.8,0.0
11/07/1988,4.04,3.92,3.78,3.8,0.0
10/31/1988,4.02,3.89,3.76,3.81,0.0
10/24/1988,3.97,3.84,3.73,3.81,0.0
10/17/1988,3.9,3.79,3.73,3.81,0.0
10/10/1988,3.83,3.74,3.72,3.81,0.0
10/03/1988,3.79,3.74,3.72,3.82,0.0
09/26/1988,3.76,3.73,3.71,3.83,0.0
09/19/1988,3.72,3.7,3.71,3.84,0.0
09/12/1988,3.69,3.67,3.71,3.85,0.0
09/05/1988,3.66,3.66,3.73,3.85,0.0
08/29/1988,3.68,3.64,3.75,3.85,0.0
08/22/1988,3.7,3.62,3.77,3.84,0.0
08/15/1988,3.68,3.61,3.8,3.84,0.0
08/08/1988,3.66,3.66,3.81,3.84,0.0
08/01/1988,3.65,3.7,3.84,3.84,0.0
07/25/1988,3.6,3.7,3.86,3.84,0.0
07/18/1988,3.55,3.7,3.88,3.84,0.0
07/11/1988,3.54,3.72,3.91,3.84,0.0
07/04/1988,3.65,3.74,3.93,3.84,0.0
06/27/1988,3.75,3.79,3.94,3.82,0.0
06/20/1988,3.81,3.85,3.95,3.81,0.0
06/13/1988,3.84,3.92,3.95,3.8,0.0
06/06/1988,3.9,3.99,3.96,3.8,0.0
05/30/1988,3.84,3.97,3.93,3.78,0.0
05/23/1988,3.84,3.98,3.91,3.75,0.0
05/16/1988,3.89,4.02,3.91,3.75,0.0
05/09/1988,3.99,4.07,3.91,3.75,0.0
05/02/1988,4.07,4.11,3.9,3.77,0.0
04/25/1988,4.11,4.12,3.89,0.0,0.0
04/18/1988,4.13,4.09,3.84,0.0,0.0
04/11/1988,4.15,4.04,3.78,0.0,0.0
04/04/1988,4.15,3.99,3.74,0.0,0.0
03/28/1988,4.15,3.94,3.7,0.0,0.0
03/21/1988,4.13,3.89,3.68,0.0,0.0
03/14/1988,4.04,3.84,3.64,0.0,0.0
03/07/1988,3.94,3.79,3.61,0.0,0.0
02/29/1988,3.83,3.74,3.58,0.0,0.0
02/22/1988,3.72,3.69,3.59,0.0,0.0
02/15/1988,3.64,3.66,0.0,0.0,0.0
02/08/1988,3.64,3.59,0.0,0.0,0.0
02/01/1988,3.65,3.52,0.0,0.0,0.0
01/25/1988,3.65,3.5,0.0,0.0,0.0
01/18/1988,3.66,3.47,0.0,0.0,0.0
01/11/1988,3.67,3.46,0.0,0.0,0.0
01/04/1988,3.54,3.43,0.0,0.0,0.0
12/28/1987,3.39,3.43,0.0,0.0,0.0
12/21/1987,3.34,3.43,0.0,0.0,0.0
12/14/1987,3.28,3.5,0.0,0.0,0.0
12/07/1987,3.26,0.0,0.0,0.0,0.0
11/30/1987,3.32,0.0,0.0,0.0,0.0
11/23/1987,3.47,0.0,0.0,0.0,0.0
11/16/1987,3.51,0.0,0.0,0.0,0.0
11/09/1987,3.72,0.0,0.0,0.0,0.0
11/02/1987,0.0,0.0,0.0,0.0,0.0
10/26/1987,0.0,0.0,0.0,0.0,0.0
10/19/1987,0.0,0.0,0.0,0.0,0.0
10/12/1987,0.0,0.0,0.0,0.0,0.0
