12/26/2022,1.26,1.55,2.33,2.39,3.12
12/19/2022,1.33,1.72,2.46,2.45,3.15
12/12/2022,1.4,1.88,2.54,2.54,3.19
12/05/2022,1.41,2.04,2.61,2.61,3.21
11/28/2022,1.61,2.19,2.66,2.68,3.24
11/21/2022,1.85,2.31,2.69,2.75,3.25
11/14/2022,2.12,2.47,2.73,2.82,3.27
11/07/2022,2.35,2.67,2.77,2.93,3.28
10/31/2022,2.68,2.89,2.82,3.07,3.31
10/24/2022,2.77,3.03,2.82,3.15,3.31
10/17/2022,2.76,3.11,2.81,3.24,3.31
10/10/2022,2.83,3.2,2.82,3.3,3.31
10/03/2022,2.99,3.21,2.87,3.38,3.3
09/26/2022,3.11,3.17,2.9,3.44,3.3
09/19/2022,3.28,3.12,2.93,3.47,3.3
09/12/2022,3.46,3.06,2.97,3.51,3.3
09/05/2022,3.57,2.98,2.99,3.54,3.29
08/29/2022,3.44,2.87,3.06,3.56,3.28
08/22/2022,3.24,2.76,3.16,3.58,3.27
08/15/2022,2.97,2.61,3.22,3.6,3.26
08/08/2022,2.66,2.51,3.3,3.62,3.25
08/01/2022,2.4,2.43,3.36,3.61,3.24
07/25/2022,2.3,2.52,3.46,3.64,3.25
07/18/2022,2.27,2.62,3.58,3.67,3.26
07/11/2022,2.25,2.73,3.65,3.72,3.28
07/04/2022,2.36,2.87,3.74,3.76,3.29
06/27/2022,2.47,2.99,3.82,3.78,3.3
06/20/2022,2.74,3.25,3.91,3.79,3.32
06/13/2022,2.96,3.55,4.0,3.81,3.33
06/06/2022,3.21,3.83,4.09,3.84,3.35
05/30/2022,3.38,4.08,4.17,3.85,3.37
05/23/2022,3.52,4.28,4.2,3.86,3.38
05/16/2022,3.76,4.4,4.2,3.83,3.38
05/09/2022,4.14,4.53,4.2,3.81,3.38
05/02/2022,4.45,4.57,4.21,3.79,3.38
04/25/2022,4.79,4.61,4.2,3.76,3.38
04/18/2022,5.05,4.65,4.17,3.72,3.38
04/11/2022,5.03,4.57,4.06,3.64,3.35
04/04/2022,4.92,4.44,3.93,3.54,3.32
03/28/2022,4.69,4.36,3.85,3.47,3.3
03/21/2022,4.43,4.26,3.74,3.38,3.29
03/14/2022,4.26,4.13,3.64,3.31,3.29
03/07/2022,4.11,4.0,3.55,3.23,3.28
02/28/2022,3.95,3.86,3.45,3.15,3.27
02/21/2022,4.03,3.86,3.4,3.12,3.28
02/14/2022,4.09,3.79,3.33,3.08,3.28
02/07/2022,3.99,3.69,3.25,3.04,3.28
01/31/2022,3.9,3.55,3.18,2.99,3.28
01/24/2022,3.77,3.43,3.1,2.95,3.28
01/17/2022,3.69,3.33,3.02,2.91,3.29
01/10/2022,3.49,3.21,2.94,2.88,3.29
01/03/2022,3.38,3.16,2.9,2.88,3.3
12/27/2021,3.2,3.1,2.85,2.86,3.31
12/20/2021,3.09,3.04,2.8,2.85,3.32
12/13/2021,2.98,2.95,2.75,2.83,3.32
12/06/2021,2.94,2.88,2.73,2.83,3.33
11/29/2021,2.93,2.82,2.71,2.83,3.38
11/22/2021,3.0,2.8,2.71,2.84,3.44
11/15/2021,2.99,2.77,2.71,2.85,3.49
11/08/2021,2.92,2.7,2.7,2.86,3.53
11/01/2021,2.82,2.67,2.72,2.88,3.59
10/25/2021,2.71,2.64,2.73,2.9,3.63
10/18/2021,2.6,2.59,2.74,2.93,3.66
10/11/2021,2.54,2.57,2.76,2.96,3.71
10/04/2021,2.48,2.55,2.77,2.98,3.76
09/27/2021,2.53,2.58,2.8,3.01,3.82
09/20/2021,2.58,2.6,2.84,3.03,3.88
09/13/2021,2.58,2.63,2.86,3.06,3.95
09/06/2021,2.59,2.65,2.89,3.1,4.01
08/30/2021,2.62,2.7,2.94,3.14,4.08
08/23/2021,2.64,2.76,2.98,3.2,4.17
08/16/2021,2.63,2.83,3.03,3.26,4.25
08/09/2021,2.67,2.9,3.1,3.33,4.33
08/02/2021,2.71,2.95,3.15,3.38,4.38
07/26/2021,2.79,2.99,3.19,3.43,4.42
07/19/2021,2.89,3.02,3.22,3.47,4.45
07/12/2021,3.03,3.07,3.24,3.52,4.49
07/05/2021,3.13,3.1,3.27,3.57,4.53
06/28/2021,3.19,3.14,3.32,3.62,4.57
06/21/2021,3.19,3.18,3.36,3.66,4.6
06/14/2021,3.16,3.21,3.42,3.7,4.63
06/07/2021,3.11,3.24,3.48,3.73,4.67
05/31/2021,3.08,3.3,3.55,3.76,4.72
05/24/2021,3.08,3.35,3.59,3.79,4.76
05/17/2021,3.17,3.39,3.65,3.8,4.8
05/10/2021,3.25,3.42,3.7,3.84,4.84
05/03/2021,3.36,3.42,3.75,3.94,4.86
04/26/2021,3.52,3.45,3.81,4.05,4.88
04/19/2021,3.62,3.5,3.86,4.13,4.91
04/12/2021,3.6,3.54,3.9,4.2,4.94
04/05/2021,3.58,3.63,3.95,4.3,4.97
03/29/2021,3.48,3.73,3.98,4.35,5.01
03/22/2021,3.37,3.8,3.99,4.39,5.03
03/15/2021,3.38,3.83,4.01,4.46,5.05
03/08/2021,3.48,3.92,4.01,4.55,5.08
03/01/2021,3.68,3.98,4.05,4.63,5.12
02/22/2021,3.98,4.08,4.19,4.73,5.14
02/15/2021,4.23,4.18,4.35,4.83,5.16
02/08/2021,4.29,4.22,4.44,4.92,5.16
02/01/2021,4.37,4.26,4.53,5.02,5.16
01/25/2021,4.28,4.27,4.63,5.13,5.15
01/18/2021,4.19,4.23,4.66,5.24,5.15
01/11/2021,4.12,4.18,4.69,5.33,5.14
01/04/2021,4.16,4.18,4.77,5.37,5.15
12/28/2020,4.15,4.1,4.86,5.4,5.15
12/21/2020,4.27,4.12,4.96,5.42,5.15
12/14/2020,4.27,4.31,5.06,5.45,5.15
12/07/2020,4.23,4.52,5.16,5.49,5.15
11/30/2020,4.21,4.67,5.27,5.52,5.15
11/23/2020,4.05,4.81,5.41,5.55,5.13
11/16/2020,3.97,4.99,5.56,5.57,5.1
11/09/2020,4.34,5.09,5.74,5.61,5.08
11/02/2020,4.8,5.2,5.91,5.68,5.07
10/26/2020,5.13,5.37,5.97,5.73,5.05
10/19/2020,5.58,5.62,6.05,5.8,5.04
10/12/2020,6.01,5.8,6.07,5.84,5.01
10/05/2020,5.85,5.81,6.02,5.78,4.95
09/28/2020,5.59,5.8,5.97,5.71,4.88
09/21/2020,5.61,5.87,5.95,5.69,4.83
09/14/2020,5.66,6.0,5.92,5.67,4.78
09/07/2020,5.58,6.13,5.85,5.65,4.71
08/31/2020,5.77,6.39,5.87,5.66,4.67
08/24/2020,6.02,6.63,5.92,5.66,4.62
08/17/2020,6.12,6.57,5.92,5.64,4.57
08/10/2020,6.34,6.48,5.89,5.62,4.52
08/03/2020,6.68,6.35,5.86,5.6,4.47
07/27/2020,7.02,6.24,5.77,5.55,4.41
07/20/2020,7.24,6.14,5.67,5.48,4.36
07/13/2020,7.03,6.04,5.61,5.41,4.3
07/06/2020,6.62,5.83,5.5,5.3,4.24
06/29/2020,6.02,5.57,5.41,5.18,4.16
06/22/2020,5.45,5.35,5.29,5.06,4.08
06/15/2020,5.04,5.21,5.18,4.95,4.01
06/08/2020,5.05,5.26,5.17,4.92,3.97
06/01/2020,5.05,5.3,5.19,4.89,3.94
05/25/2020,5.12,5.36,5.23,4.88,3.91
05/18/2020,5.24,5.3,5.21,4.85,3.88
05/11/2020,5.37,5.19,5.15,4.82,3.85
05/04/2020,5.48,5.18,5.1,4.78,3.81
04/27/2020,5.56,5.17,5.04,4.71,3.77
04/20/2020,5.59,5.25,4.98,4.64,3.74
04/13/2020,5.36,5.24,4.91,4.55,3.69
04/06/2020,5.01,5.16,4.83,4.46,3.64
03/30/2020,4.87,5.08,4.75,4.37,3.6
03/23/2020,4.78,5.08,4.69,4.28,3.56
03/16/2020,4.9,5.1,4.64,4.19,3.52
03/09/2020,5.12,5.11,4.63,4.12,3.5
03/02/2020,5.3,5.11,4.63,4.05,3.47
02/24/2020,5.3,5.02,4.58,3.97,3.44
02/17/2020,5.38,4.9,4.48,3.89,3.39
02/10/2020,5.3,4.71,4.33,3.77,3.33
02/03/2020,5.11,4.58,4.21,3.67,3.28
01/27/2020,4.91,4.5,4.11,3.58,3.24
01/20/2020,4.73,4.42,4.02,3.51,3.21
01/13/2020,4.43,4.29,3.88,3.41,3.17
01/06/2020,4.13,4.18,3.73,3.33,3.14
12/30/2019,4.06,4.14,3.62,3.27,3.12
12/23/2019,4.08,4.16,3.53,3.23,3.11
12/16/2019,4.1,4.14,3.44,3.2,3.11
12/09/2019,4.16,4.05,3.38,3.18,3.11
12/02/2019,4.22,3.95,3.3,3.14,3.11
11/25/2019,4.22,3.83,3.21,3.1,3.13
11/18/2019,4.24,3.71,3.13,3.07,3.14
11/11/2019,4.17,3.61,3.05,3.02,3.15
11/04/2019,3.94,3.47,2.97,2.99,3.16
10/28/2019,3.68,3.29,2.9,2.95,3.18
10/21/2019,3.45,3.11,2.83,2.91,3.19
10/14/2019,3.19,2.9,2.77,2.88,3.2
10/07/2019,3.05,2.75,2.73,2.84,3.21
09/30/2019,3.01,2.7,2.74,2.84,3.22
09/23/2019,2.91,2.66,2.74,2.84,3.24
09/16/2019,2.77,2.59,2.74,2.83,3.27
09/09/2019,2.61,2.54,2.74,2.83,3.29
09/02/2019,2.45,2.49,2.73,2.83,3.32
08/26/2019,2.4,2.47,2.74,2.83,3.35
08/19/2019,2.41,2.52,2.78,2.85,3.39
08/12/2019,2.42,2.56,2.82,2.87,3.43
08/05/2019,2.48,2.64,2.87,2.89,3.48
07/29/2019,2.52,2.71,2.89,2.9,3.52
07/22/2019,2.55,2.77,2.91,2.9,3.56
07/15/2019,2.62,2.82,2.93,2.9,3.6
07/08/2019,2.7,2.88,2.96,2.89,3.65
07/01/2019,2.8,2.94,2.98,2.89,3.69
06/24/2019,2.9,2.97,2.99,2.91,3.74
06/17/2019,3.0,3.01,3.01,2.93,3.78
06/10/2019,3.03,3.03,3.02,2.95,3.82
06/03/2019,3.06,3.07,3.03,2.97,3.86
05/27/2019,3.07,3.09,3.02,2.99,3.87
05/20/2019,3.05,3.07,3.0,3.02,3.89
05/13/2019,3.03,3.04,2.97,3.04,3.9
05/06/2019,3.04,3.03,2.93,3.09,3.92
04/29/2019,3.08,3.03,2.9,3.15,3.95
04/22/2019,3.1,3.01,2.86,3.21,3.97
04/15/2019,3.1,3.02,2.87,3.28,3.99
04/08/2019,3.06,3.01,2.88,3.34,4.0
04/01/2019,3.02,3.01,2.9,3.41,4.02
03/25/2019,2.97,2.98,2.92,3.46,4.03
03/18/2019,2.92,2.94,2.94,3.52,4.05
03/11/2019,2.94,2.93,2.99,3.57,4.07
03/04/2019,2.96,2.89,3.05,3.61,4.1
02/25/2019,3.0,2.83,3.11,3.65,4.12
02/18/2019,2.99,2.77,3.21,3.7,4.15
02/11/2019,2.96,2.72,3.31,3.75,4.18
02/04/2019,2.92,2.73,3.41,3.82,4.2
01/28/2019,2.82,2.76,3.51,3.88,4.23
01/21/2019,2.66,2.79,3.61,3.93,4.26
01/14/2019,2.55,2.86,3.7,3.99,4.29
01/07/2019,2.47,2.95,3.81,4.06,4.34
12/31/2018,2.54,3.06,3.9,4.14,4.39
12/24/2018,2.69,3.2,3.97,4.22,4.45
12/17/2018,2.92,3.39,4.06,4.31,4.5
12/10/2018,3.17,3.65,4.16,4.41,4.54
12/03/2018,3.42,3.9,4.27,4.5,4.58
11/26/2018,3.58,4.09,4.37,4.57,4.6
11/19/2018,3.71,4.27,4.44,4.64,4.62
11/12/2018,3.87,4.42,4.51,4.7,4.63
11/05/2018,4.13,4.55,4.55,4.75,4.63
10/29/2018,4.38,4.68,4.62,4.75,4.63
10/22/2018,4.6,4.73,4.68,4.75,4.63
10/15/2018,4.82,4.73,4.73,4.76,4.62
10/08/2018,4.97,4.72,4.77,4.76,4.61
10/01/2018,4.97,4.68,4.79,4.74,4.59
09/24/2018,4.99,4.63,4.8,4.73,4.57
09/17/2018,4.86,4.65,4.82,4.7,4.54
09/10/2018,4.64,4.61,4.83,4.66,4.52
09/03/2018,4.47,4.59,4.84,4.63,4.49
08/27/2018,4.39,4.56,4.85,4.6,4.46
08/20/2018,4.28,4.55,4.79,4.58,4.43
08/13/2018,4.43,4.63,4.76,4.58,4.4
08/06/2018,4.58,4.74,4.77,4.59,4.38
07/30/2018,4.71,4.82,4.77,4.6,4.36
07/23/2018,4.73,4.89,4.78,4.61,4.34
07/16/2018,4.83,4.96,4.77,4.6,4.31
07/09/2018,4.83,4.99,4.73,4.59,4.27
07/02/2018,4.89,5.04,4.69,4.59,4.25
06/25/2018,4.94,5.08,4.65,4.58,4.22
06/18/2018,5.06,5.13,4.63,4.6,4.2
06/11/2018,5.1,5.02,4.59,4.63,4.17
06/04/2018,5.14,4.9,4.55,4.65,4.13
05/28/2018,5.19,4.81,4.52,4.68,4.08
05/21/2018,5.22,4.72,4.48,4.68,4.04
05/14/2018,5.2,4.66,4.46,4.67,4.0
05/07/2018,4.94,4.58,4.42,4.67,3.95
04/30/2018,4.66,4.48,4.39,4.63,3.91
04/23/2018,4.42,4.34,4.36,4.6,3.85
04/16/2018,4.22,4.22,4.33,4.56,3.81
04/09/2018,4.12,4.12,4.33,4.52,3.76
04/02/2018,4.22,4.16,4.43,4.51,3.74
03/26/2018,4.3,4.21,4.52,4.5,3.71
03/19/2018,4.26,4.24,4.61,4.48,3.68
03/12/2018,4.21,4.24,4.66,4.46,3.65
03/05/2018,4.13,4.27,4.68,4.43,3.61
02/26/2018,4.11,4.27,4.71,4.41,3.58
02/19/2018,4.11,4.3,4.71,4.38,3.54
02/12/2018,4.22,4.38,4.73,4.37,3.52
02/05/2018,4.28,4.45,4.73,4.34,3.5
01/29/2018,4.41,4.54,4.72,4.31,3.47
01/22/2018,4.43,4.7,4.69,4.27,3.43
01/15/2018,4.49,4.84,4.65,4.22,3.4
01/08/2018,4.53,4.98,4.6,4.17,3.36
01/01/2018,4.63,5.08,4.57,4.12,3.33
12/25/2017,4.68,5.1,4.52,4.06,3.29
12/18/2017,4.97,5.15,4.48,4.02,3.25
12/11/2017,5.18,5.12,4.42,3.96,3.2
12/04/2017,5.43,5.08,4.36,3.91,3.15
11/27/2017,5.53,5.0,4.29,3.86,3.11
11/20/2017,5.51,4.9,4.2,3.8,3.05
11/13/2017,5.33,4.68,4.06,3.71,2.99
11/06/2017,5.06,4.46,3.92,3.6,2.92
10/30/2017,4.73,4.23,3.77,3.49,2.85
10/23/2017,4.48,4.07,3.64,3.4,2.79
10/16/2017,4.3,3.94,3.55,3.32,2.74
10/09/2017,4.02,3.81,3.45,3.24,2.68
10/02/2017,3.87,3.72,3.38,3.18,2.64
09/25/2017,3.73,3.65,3.32,3.11,2.6
09/18/2017,3.66,3.58,3.28,3.05,2.57
09/11/2017,3.58,3.49,3.24,3.0,2.53
09/04/2017,3.59,3.44,3.22,2.96,2.49
08/28/2017,3.58,3.37,3.18,2.92,2.46
08/21/2017,3.58,3.3,3.12,2.88,2.43
08/14/2017,3.49,3.22,3.07,2.83,2.39
08/07/2017,3.4,3.15,3.02,2.79,2.36
07/31/2017,3.29,3.09,2.96,2.75,2.32
07/24/2017,3.16,3.04,2.91,2.71,2.28
07/17/2017,3.03,3.0,2.84,2.67,2.25
07/10/2017,2.94,2.99,2.79,2.65,2.22
07/03/2017,2.91,3.0,2.76,2.62,2.19
06/26/2017,2.89,3.0,2.72,2.6,2.16
06/19/2017,2.92,2.98,2.7,2.57,2.14
06/12/2017,2.96,2.94,2.67,2.56,2.12
06/05/2017,3.04,2.91,2.64,2.54,2.1
05/29/2017,3.09,2.88,2.61,2.52,2.08
05/22/2017,3.12,2.82,2.57,2.48,2.06
05/15/2017,3.04,2.78,2.54,2.44,2.04
05/08/2017,2.92,2.69,2.51,2.4,2.01
05/01/2017,2.79,2.6,2.48,2.36,1.99
04/24/2017,2.67,2.51,2.44,2.31,1.96
04/17/2017,2.53,2.44,2.39,2.27,1.94
04/10/2017,2.52,2.42,2.37,2.23,1.92
04/03/2017,2.45,2.4,2.36,2.2,1.9
03/27/2017,2.4,2.37,2.35,2.18,1.88
03/20/2017,2.36,2.34,2.34,2.15,1.85
03/13/2017,2.35,2.32,2.31,2.13,1.83
03/06/2017,2.33,2.3,2.27,2.11,1.81
02/27/2017,2.35,2.34,2.26,2.1,1.8
02/20/2017,2.34,2.36,2.24,2.08,1.78
02/13/2017,2.32,2.36,2.21,2.06,1.77
02/06/2017,2.29,2.35,2.18,2.03,1.75
01/30/2017,2.27,2.32,2.14,2.0,1.74
01/23/2017,2.32,2.33,2.11,1.98,1.73
01/16/2017,2.37,2.34,2.08,1.95,1.72
01/09/2017,2.4,2.34,2.05,1.92,1.71
01/02/2017,2.4,2.29,2.03,1.89,1.7
12/26/2016,2.36,2.24,2.01,1.86,1.7
12/19/2016,2.33,2.17,1.98,1.82,1.69
12/12/2016,2.3,2.11,1.94,1.79,1.68
12/05/2016,2.29,2.05,1.91,1.75,1.68
11/28/2016,2.18,2.01,1.87,1.72,1.68
11/21/2016,2.11,1.96,1.84,1.7,1.68
11/14/2016,2.02,1.89,1.8,1.68,1.67
11/07/2016,1.93,1.82,1.76,1.66,1.66
10/31/2016,1.82,1.77,1.72,1.64,1.66
10/24/2016,1.83,1.77,1.69,1.63,1.67
10/17/2016,1.81,1.79,1.67,1.63,1.68
10/10/2016,1.75,1.78,1.65,1.62,1.69
10/03/2016,1.72,1.77,1.63,1.62,1.7
09/26/2016,1.72,1.76,1.6,1.62,1.72
09/19/2016,1.71,1.73,1.58,1.62,1.74
09/12/2016,1.77,1.72,1.57,1.61,1.78
09/05/2016,1.8,1.72,1.58,1.6,1.82
08/29/2016,1.82,1.71,1.58,1.58,1.86
08/22/2016,1.8,1.67,1.58,1.56,1.89
08/15/2016,1.75,1.62,1.57,1.54,1.94
08/08/2016,1.67,1.55,1.56,1.52,1.97
08/01/2016,1.63,1.52,1.55,1.5,2.01
07/25/2016,1.59,1.49,1.54,1.49,2.05
07/18/2016,1.53,1.45,1.55,1.48,2.09
07/11/2016,1.49,1.43,1.57,1.48,2.13
07/04/2016,1.43,1.42,1.56,1.48,2.18
06/27/2016,1.4,1.43,1.54,1.48,2.22
06/20/2016,1.38,1.45,1.52,1.49,2.26
06/13/2016,1.37,1.49,1.51,1.5,2.31
06/06/2016,1.36,1.51,1.5,1.51,2.35
05/30/2016,1.4,1.56,1.5,1.53,2.38
05/23/2016,1.46,1.58,1.49,1.56,2.41
05/16/2016,1.53,1.6,1.48,1.58,2.45
05/09/2016,1.61,1.66,1.49,1.6,2.49
05/02/2016,1.66,1.7,1.5,1.63,2.52
04/25/2016,1.72,1.7,1.51,1.65,2.56
04/18/2016,1.69,1.65,1.5,1.66,2.59
04/11/2016,1.68,1.59,1.5,1.67,2.62
04/04/2016,1.71,1.52,1.5,1.69,2.65
03/28/2016,1.74,1.49,1.5,1.71,2.67
03/21/2016,1.68,1.44,1.52,1.74,2.69
03/14/2016,1.6,1.4,1.55,1.76,2.71
03/07/2016,1.5,1.37,1.57,1.79,2.72
02/29/2016,1.34,1.33,1.58,1.82,2.74
02/22/2016,1.23,1.31,1.59,1.87,2.75
02/15/2016,1.19,1.32,1.63,1.95,2.78
02/08/2016,1.2,1.35,1.66,2.03,2.8
02/01/2016,1.24,1.42,1.71,2.13,2.83
01/25/2016,1.31,1.48,1.77,2.23,2.86
01/18/2016,1.38,1.52,1.83,2.33,2.89
01/11/2016,1.44,1.6,1.89,2.42,2.91
01/04/2016,1.51,1.69,1.95,2.51,2.94
12/28/2015,1.6,1.76,2.0,2.61,2.96
12/21/2015,1.65,1.83,2.06,2.7,2.97
12/14/2015,1.66,1.88,2.15,2.79,2.99
12/07/2015,1.75,1.94,2.26,2.88,3.0
11/30/2015,1.87,1.97,2.37,2.97,3.01
11/23/2015,1.92,1.99,2.48,3.04,3.02
11/16/2015,2.01,2.05,2.61,3.12,3.03
11/09/2015,2.11,2.13,2.74,3.18,3.04
11/02/2015,2.13,2.17,2.83,3.23,3.05
10/26/2015,2.07,2.2,2.92,3.27,3.05
10/19/2015,2.06,2.24,3.03,3.32,3.06
10/12/2015,2.1,2.3,3.13,3.37,3.06
10/05/2015,2.15,2.42,3.24,3.42,3.06
09/28/2015,2.22,2.59,3.35,3.48,3.07
09/21/2015,2.33,2.77,3.46,3.53,3.08
09/14/2015,2.42,2.98,3.56,3.58,3.09
09/07/2015,2.5,3.16,3.65,3.61,3.09
08/31/2015,2.69,3.34,3.71,3.63,3.1
08/24/2015,2.95,3.5,3.76,3.64,3.11
08/17/2015,3.21,3.65,3.81,3.65,3.12
08/10/2015,3.53,3.82,3.87,3.66,3.13
08/03/2015,3.82,3.97,3.9,3.66,3.13
07/27/2015,3.99,4.07,3.92,3.64,3.12
07/20/2015,4.04,4.11,3.92,3.61,3.11
07/13/2015,4.09,4.16,3.91,3.57,3.08
07/06/2015,4.11,4.15,3.88,3.53,3.05
06/29/2015,4.11,4.14,3.83,3.49,3.02
06/22/2015,4.14,4.08,3.77,3.45,2.98
06/15/2015,4.17,4.02,3.71,3.4,2.95
06/08/2015,4.22,3.96,3.65,3.36,2.92
06/01/2015,4.18,3.91,3.57,3.31,2.88
05/25/2015,4.17,3.84,3.51,3.25,2.85
05/18/2015,4.02,3.77,3.43,3.19,2.81
05/11/2015,3.86,3.74,3.35,3.12,2.78
05/04/2015,3.71,3.67,3.28,3.06,2.75
04/27/2015,3.63,3.6,3.23,3.0,2.71
04/20/2015,3.52,3.52,3.17,2.94,2.68
04/13/2015,3.52,3.45,3.13,2.9,2.66
04/06/2015,3.62,3.41,3.1,2.87,2.64
03/30/2015,3.62,3.33,3.06,2.84,2.62
03/23/2015,3.57,3.24,3.01,2.79,2.59
03/16/2015,3.52,3.17,2.96,2.76,2.56
03/09/2015,3.39,3.08,2.9,2.71,2.54
03/02/2015,3.2,2.97,2.81,2.66,2.51
02/23/2015,3.03,2.9,2.75,2.63,2.48
02/16/2015,2.91,2.85,2.7,2.6,2.46
02/09/2015,2.82,2.81,2.65,2.58,2.44
02/02/2015,2.77,2.8,2.62,2.58,2.42
01/26/2015,2.74,2.78,2.6,2.58,2.41
01/19/2015,2.77,2.79,2.59,2.59,2.39
01/12/2015,2.79,2.78,2.57,2.6,2.38
01/05/2015,2.81,2.74,2.55,2.61,2.37
12/29/2014,2.84,2.71,2.53,2.61,2.36
12/22/2014,2.83,2.66,2.51,2.61,2.34
12/15/2014,2.81,2.6,2.49,2.59,2.33
12/08/2014,2.77,2.54,2.48,2.57,2.31
12/01/2014,2.68,2.49,2.47,2.54,2.3
11/24/2014,2.59,2.44,2.47,2.52,2.28
11/17/2014,2.49,2.42,2.47,2.49,2.27
11/10/2014,2.4,2.4,2.49,2.47,2.26
11/03/2014,2.31,2.36,2.51,2.46,2.25
10/27/2014,2.3,2.36,2.54,2.45,2.24
10/20/2014,2.28,2.34,2.56,2.44,2.23
10/13/2014,2.35,2.35,2.59,2.43,2.23
10/06/2014,2.39,2.38,2.59,2.43,2.23
09/29/2014,2.41,2.41,2.59,2.43,2.22
09/22/2014,2.41,2.44,2.57,2.42,2.22
09/15/2014,2.4,2.5,2.56,2.42,2.22
09/08/2014,2.35,2.53,2.53,2.41,2.22
09/01/2014,2.37,2.59,2.51,2.4,2.22
08/25/2014,2.41,2.66,2.5,2.39,2.22
08/18/2014,2.47,2.72,2.49,2.37,2.22
08/11/2014,2.59,2.78,2.48,2.36,2.22
08/04/2014,2.7,2.83,2.47,2.35,2.22
07/28/2014,2.8,2.79,2.46,2.34,2.22
07/21/2014,2.91,2.76,2.44,2.32,2.21
07/14/2014,2.98,2.7,2.42,2.3,2.21
07/07/2014,2.96,2.62,2.38,2.27,2.2
06/30/2014,2.96,2.54,2.35,2.23,2.18
06/23/2014,2.78,2.43,2.3,2.2,2.16
06/16/2014,2.61,2.35,2.25,2.16,2.15
06/09/2014,2.43,2.26,2.2,2.13,2.13
06/02/2014,2.27,2.19,2.16,2.1,2.11
05/26/2014,2.11,2.12,2.11,2.07,2.1
05/19/2014,2.08,2.13,2.12,2.06,2.09
05/12/2014,2.08,2.12,2.11,2.06,2.09
05/05/2014,2.09,2.13,2.1,2.05,2.09
04/28/2014,2.11,2.14,2.09,2.05,2.09
04/21/2014,2.13,2.17,2.08,2.05,2.1
04/14/2014,2.18,2.18,2.08,2.04,2.1
04/07/2014,2.16,2.16,2.07,2.04,2.1
03/31/2014,2.18,2.14,2.07,2.04,2.1
03/24/2014,2.18,2.12,2.06,2.03,2.11
03/17/2014,2.2,2.11,2.05,2.03,2.11
03/10/2014,2.18,2.1,2.03,2.02,2.11
03/03/2014,2.15,2.09,2.02,2.02,2.12
02/24/2014,2.09,2.06,2.01,2.02,2.12
02/17/2014,2.06,2.04,2.0,2.02,2.12
02/10/2014,2.02,2.0,1.99,2.03,2.12
02/03/2014,2.02,1.98,1.98,2.04,2.12
01/27/2014,2.03,1.99,1.98,2.05,2.12
01/20/2014,2.03,2.0,1.99,2.07,2.12
01/13/2014,2.02,2.0,1.99,2.08,2.12
01/06/2014,1.98,1.99,1.98,2.08,2.12
12/30/2013,1.94,1.96,1.98,2.09,2.11
12/23/2013,1.95,1.95,1.98,2.11,2.11
12/16/2013,1.96,1.96,1.99,2.12,2.11
12/09/2013,1.97,1.96,2.01,2.12,2.11
12/02/2013,1.99,1.97,2.04,2.13,2.12
11/25/2013,1.98,1.97,2.07,2.13,2.12
11/18/2013,1.96,1.97,2.08,2.13,2.12
11/11/2013,1.95,1.97,2.1,2.13,2.13
11/04/2013,1.95,1.98,2.12,2.12,2.14
10/28/2013,1.95,1.98,2.13,2.12,2.15
10/21/2013,1.96,2.0,2.16,2.12,2.15
10/14/2013,1.98,2.01,2.18,2.13,2.16
10/07/2013,1.99,2.03,2.2,2.13,2.17
09/30/2013,2.0,2.07,2.21,2.14,2.18
09/23/2013,2.01,2.11,2.21,2.15,2.19
09/16/2013,2.03,2.16,2.21,2.15,2.19
09/09/2013,2.05,2.2,2.21,2.16,2.21
09/02/2013,2.06,2.23,2.2,2.17,2.22
08/26/2013,2.13,2.26,2.2,2.18,2.23
08/19/2013,2.21,2.28,2.19,2.19,2.25
08/12/2013,2.29,2.31,2.18,2.2,2.27
08/05/2013,2.36,2.35,2.18,2.21,2.28
07/29/2013,2.41,2.38,2.19,2.22,2.29
07/22/2013,2.38,2.35,2.18,2.21,2.29
07/15/2013,2.35,2.31,2.17,2.21,2.3
07/08/2013,2.34,2.26,2.15,2.2,2.3
07/01/2013,2.35,2.22,2.14,2.19,2.3
06/24/2013,2.35,2.17,2.14,2.18,2.31
06/17/2013,2.31,2.13,2.14,2.17,2.31
06/10/2013,2.26,2.1,2.15,2.15,2.32
06/03/2013,2.19,2.05,2.15,2.13,2.33
05/27/2013,2.09,2.02,2.14,2.11,2.34
05/20/2013,2.0,1.99,2.14,2.1,2.35
05/13/2013,1.96,2.01,2.15,2.1,2.37
05/06/2013,1.94,2.03,2.16,2.1,2.4
04/29/2013,1.92,2.04,2.17,2.11,2.42
04/22/2013,1.94,2.07,2.17,2.12,2.45
04/15/2013,1.99,2.11,2.18,2.14,2.48
04/08/2013,2.05,2.15,2.19,2.15,2.51
04/01/2013,2.11,2.19,2.17,2.17,2.55
03/25/2013,2.16,2.25,2.17,2.18,2.58
03/18/2013,2.19,2.27,2.15,2.19,2.61
03/11/2013,2.23,2.28,2.15,2.2,2.63
03/04/2013,2.25,2.29,2.15,2.22,2.65
02/25/2013,2.27,2.29,2.14,2.22,2.66
02/18/2013,2.33,2.29,2.15,2.23,2.67
02/11/2013,2.35,2.28,2.15,2.25,2.68
02/04/2013,2.34,2.26,2.15,2.27,2.7
01/28/2013,2.33,2.22,2.16,2.29,2.71
01/21/2013,2.3,2.16,2.16,2.31,2.72
01/14/2013,2.25,2.09,2.15,2.33,2.73
01/07/2013,2.22,2.03,2.15,2.34,2.73
12/31/2012,2.18,2.02,2.16,2.36,2.75
12/24/2012,2.11,2.0,2.18,2.37,2.76
12/17/2012,2.01,1.99,2.19,2.39,2.78
12/10/2012,1.93,2.0,2.21,2.4,2.79
12/03/2012,1.85,2.02,2.24,2.42,2.8
11/26/2012,1.85,2.04,2.27,2.43,2.81
11/19/2012,1.89,2.09,2.32,2.46,2.82
11/12/2012,1.97,2.16,2.39,2.49,2.83
11/05/2012,2.07,2.21,2.45,2.53,2.84
10/29/2012,2.18,2.27,2.5,2.58,2.85
10/22/2012,2.23,2.31,2.54,2.61,2.86
10/15/2012,2.29,2.36,2.56,2.65,2.86
10/08/2012,2.36,2.4,2.59,2.69,2.86
10/01/2012,2.35,2.41,2.61,2.74,2.86
09/24/2012,2.35,2.46,2.62,2.78,2.86
09/17/2012,2.38,2.5,2.63,2.82,2.88
09/10/2012,2.42,2.55,2.64,2.87,2.91
09/03/2012,2.44,2.62,2.66,2.93,2.94
08/27/2012,2.47,2.68,2.69,2.99,2.98
08/20/2012,2.58,2.74,2.73,3.02,3.02
08/13/2012,2.62,2.77,2.76,3.05,3.06
08/06/2012,2.68,2.76,2.79,3.08,3.1
07/30/2012,2.8,2.77,2.84,3.09,3.12
07/23/2012,2.89,2.8,2.9,3.11,3.16
07/16/2012,2.89,2.77,2.93,3.11,3.2
07/09/2012,2.91,2.75,2.98,3.12,3.26
07/02/2012,2.84,2.72,3.03,3.12,3.3
06/25/2012,2.75,2.7,3.08,3.13,3.35
06/18/2012,2.71,2.71,3.14,3.13,3.41
06/11/2012,2.65,2.73,3.17,3.12,3.47
06/04/2012,2.6,2.75,3.19,3.13,3.54
05/28/2012,2.6,2.82,3.23,3.15,3.62
05/21/2012,2.65,2.9,3.25,3.16,3.7
05/14/2012,2.7,2.99,3.26,3.17,3.77
05/07/2012,2.8,3.1,3.28,3.18,3.84
04/30/2012,2.9,3.21,3.31,3.19,3.9
04/23/2012,3.04,3.35,3.32,3.18,3.96
04/16/2012,3.15,3.47,3.34,3.17,4.04
04/09/2012,3.28,3.57,3.34,3.15,4.11
04/02/2012,3.39,3.61,3.32,3.13,4.19
03/26/2012,3.52,3.64,3.32,3.1,4.24
03/19/2012,3.65,3.64,3.31,3.07,4.29
03/12/2012,3.78,3.6,3.3,3.03,4.34
03/05/2012,3.85,3.53,3.26,2.98,4.39
02/27/2012,3.83,3.47,3.22,2.94,4.43
02/20/2012,3.75,3.41,3.18,2.94,4.47
02/13/2012,3.64,3.3,3.1,2.95,4.5
02/06/2012,3.42,3.21,3.02,2.96,4.54
01/30/2012,3.21,3.12,2.94,2.98,4.57
01/23/2012,3.11,3.03,2.89,3.02,4.63
01/16/2012,3.07,3.0,2.84,3.07,4.69
01/09/2012,2.97,2.98,2.78,3.11,4.75
01/02/2012,3.0,2.99,2.75,3.16,4.81
12/26/2011,3.03,2.99,2.71,3.22,4.89
12/19/2011,2.94,2.96,2.67,3.3,4.95
12/12/2011,2.93,2.94,2.71,3.39,5.01
12/05/2011,2.99,2.91,2.77,3.48,5.07
11/28/2011,2.99,2.83,2.84,3.58,5.12
11/21/2011,2.94,2.76,2.9,3.7,5.16
11/14/2011,2.98,2.75,3.02,3.82,5.22
11/07/2011,2.96,2.68,3.11,3.95,5.25
10/31/2011,2.82,2.58,3.18,4.09,5.28
10/24/2011,2.66,2.5,3.24,4.23,5.3
10/17/2011,2.57,2.43,3.33,4.37,5.32
10/10/2011,2.52,2.38,3.46,4.5,5.35
10/03/2011,2.4,2.48,3.61,4.61,5.36
09/26/2011,2.35,2.64,3.77,4.74,5.38
09/19/2011,2.33,2.85,3.96,4.91,5.41
09/12/2011,2.29,3.05,4.16,5.07,5.44
09/05/2011,2.25,3.29,4.36,5.26,5.47
08/29/2011,2.56,3.54,4.59,5.38,5.5
08/22/2011,2.94,3.78,4.84,5.52,5.54
08/15/2011,3.37,3.98,5.09,5.66,5.58
08/08/2011,3.8,4.23,5.34,5.79,5.61
08/01/2011,4.33,4.54,5.56,5.92,5.64
07/25/2011,4.52,4.74,5.67,6.0,5.65
07/18/2011,4.62,4.9,5.8,6.06,5.65
07/11/2011,4.6,5.07,5.93,6.11,5.65
07/04/2011,4.66,5.28,6.08,6.17,5.64
06/27/2011,4.75,5.43,6.24,6.24,5.63
06/20/2011,4.95,5.65,6.3,6.3,5.62
06/13/2011,5.18,5.9,6.39,6.38,5.61
06/06/2011,5.54,6.2,6.5,6.46,5.6
05/30/2011,5.91,6.45,6.57,6.56,5.59
05/23/2011,6.11,6.57,6.61,6.6,5.56
05/16/2011,6.34,6.61,6.63,6.64,5.53
05/09/2011,6.63,6.69,6.64,6.65,5.49
05/02/2011,6.87,6.8,6.63,6.65,5.45
04/25/2011,6.99,6.88,6.62,6.63,5.41
04/18/2011,7.03,7.05,6.64,6.62,5.37
04/11/2011,6.88,6.96,6.63,6.55,5.32
04/04/2011,6.75,6.88,6.63,6.46,5.26
03/28/2011,6.73,6.79,6.59,6.37,5.19
03/21/2011,6.78,6.69,6.61,6.28,5.13
03/14/2011,7.07,6.65,6.62,6.19,5.08
03/07/2011,7.03,6.66,6.65,6.11,5.04
02/28/2011,7.0,6.58,6.63,6.02,4.99
02/21/2011,6.85,6.46,6.58,5.91,4.93
02/14/2011,6.59,6.35,6.5,5.8,4.88
02/07/2011,6.24,6.24,6.4,5.68,4.8
01/31/2011,6.28,6.31,6.35,5.63,4.77
01/24/2011,6.16,6.37,6.26,5.56,4.73
01/17/2011,6.08,6.39,6.16,5.5,4.68
01/10/2011,6.11,6.54,6.08,5.44,4.64
01/03/2011,6.24,6.58,5.96,5.36,4.59
12/27/2010,6.34,6.64,5.84,5.29,4.54
12/20/2010,6.58,6.68,5.74,5.24,4.5
12/13/2010,6.7,6.7,5.63,5.18,4.46
12/06/2010,6.98,6.66,5.53,5.11,4.42
11/29/2010,6.92,6.56,5.4,5.02,4.37
11/22/2010,6.94,6.4,5.28,4.93,4.32
11/15/2010,6.77,6.14,5.15,4.83,4.27
11/08/2010,6.69,5.93,5.06,4.74,4.23
11/01/2010,6.33,5.61,4.88,4.62,4.17
10/25/2010,6.19,5.34,4.76,4.53,4.12
10/18/2010,5.86,5.04,4.62,4.42,4.07
10/11/2010,5.52,4.8,4.52,4.34,4.03
10/04/2010,5.16,4.56,4.42,4.25,3.98
09/27/2010,4.88,4.4,4.34,4.19,3.94
09/20/2010,4.49,4.25,4.26,4.13,3.91
09/13/2010,4.22,4.17,4.2,4.08,3.89
09/06/2010,4.07,4.16,4.17,4.05,3.89
08/30/2010,3.96,4.19,4.15,4.02,3.89
08/23/2010,3.93,4.16,4.12,3.99,3.88
08/16/2010,4.01,4.17,4.12,3.97,3.89
08/09/2010,4.12,4.2,4.11,3.97,3.9
08/02/2010,4.25,4.24,4.11,3.96,3.91
07/26/2010,4.41,4.29,4.1,3.96,3.94
07/19/2010,4.39,4.28,4.09,3.95,3.96
07/12/2010,4.34,4.27,4.06,3.93,3.97
07/05/2010,4.28,4.23,4.03,3.91,3.98
06/28/2010,4.23,4.19,3.99,3.89,3.98
06/21/2010,4.16,4.12,3.94,3.86,3.98
06/14/2010,4.16,4.09,3.9,3.84,3.99
06/07/2010,4.19,4.07,3.87,3.82,3.99
05/31/2010,4.17,4.02,3.85,3.8,3.98
05/24/2010,4.14,3.98,3.82,3.77,3.98
05/17/2010,4.07,3.92,3.8,3.74,3.97
05/10/2010,4.02,3.89,3.78,3.73,3.95
05/03/2010,3.94,3.86,3.76,3.72,3.93
04/26/2010,3.88,3.84,3.75,3.72,3.91
04/19/2010,3.81,3.8,3.75,3.7,3.89
04/12/2010,3.76,3.76,3.74,3.71,3.86
04/05/2010,3.77,3.71,3.71,3.72,3.86
03/29/2010,3.79,3.68,3.69,3.72,3.85
03/22/2010,3.8,3.67,3.68,3.72,3.85
03/15/2010,3.79,3.67,3.67,3.71,3.84
03/08/2010,3.75,3.68,3.66,3.71,3.82
03/01/2010,3.65,3.68,3.65,3.69,3.8
02/22/2010,3.56,3.65,3.65,3.68,3.77
02/15/2010,3.54,3.67,3.66,3.69,3.75
02/08/2010,3.54,3.69,3.65,3.73,3.73
02/01/2010,3.6,3.72,3.68,3.76,3.71
01/25/2010,3.7,3.71,3.72,3.78,3.7
01/18/2010,3.75,3.71,3.74,3.8,3.69
01/11/2010,3.79,3.69,3.75,3.84,3.67
01/04/2010,3.84,3.67,3.74,3.86,3.65
12/28/2009,3.84,3.63,3.72,3.92,3.63
12/21/2009,3.72,3.62,3.69,3.98,3.61
12/14/2009,3.67,3.64,3.7,4.02,3.59
12/07/2009,3.6,3.65,3.71,4.04,3.56
11/30/2009,3.5,3.62,3.75,4.06,3.54
11/23/2009,3.43,3.65,3.78,4.09,3.51
11/16/2009,3.51,3.73,3.82,4.14,3.5
11/09/2009,3.6,3.78,3.85,4.16,3.49
11/02/2009,3.7,3.81,3.91,4.17,3.48
10/26/2009,3.74,3.81,3.96,4.18,3.48
10/19/2009,3.87,3.81,4.07,4.19,3.48
10/12/2009,3.94,3.77,4.16,4.17,3.48
10/05/2009,3.96,3.76,4.21,4.15,3.48
09/28/2009,3.92,3.77,4.24,4.11,3.49
09/21/2009,3.87,3.88,4.28,4.07,3.5
09/14/2009,3.75,3.91,4.32,4.02,3.49
09/07/2009,3.6,3.91,4.35,3.99,3.48
08/31/2009,3.57,3.92,4.35,3.98,3.48
08/24/2009,3.62,4.01,4.35,3.97,3.48
08/17/2009,3.89,4.12,4.37,3.96,3.48
08/10/2009,4.08,4.33,4.39,3.94,3.48
08/03/2009,4.21,4.55,4.38,3.91,3.49
07/27/2009,4.27,4.65,4.34,3.86,3.48
07/20/2009,4.4,4.71,4.27,3.81,3.47
07/13/2009,4.34,4.68,4.16,3.73,3.45
07/06/2009,4.59,4.72,4.08,3.67,3.42
06/29/2009,4.88,4.8,4.04,3.61,3.41
06/22/2009,5.03,4.77,4.01,3.57,3.38
06/15/2009,5.01,4.7,3.95,3.51,3.36
06/08/2009,5.02,4.62,3.88,3.44,3.34
06/01/2009,4.85,4.44,3.75,3.34,3.29
05/25/2009,4.72,4.21,3.59,3.24,3.25
05/18/2009,4.51,4.02,3.46,3.16,3.22
05/11/2009,4.38,3.84,3.37,3.08,3.2
05/04/2009,4.22,3.64,3.26,3.01,3.18
04/27/2009,4.03,3.43,3.14,2.93,3.16
04/20/2009,3.7,3.28,3.02,2.85,3.15
04/13/2009,3.53,3.25,2.97,2.82,3.16
04/06/2009,3.3,3.21,2.91,2.8,3.2
03/30/2009,3.07,3.14,2.85,2.79,3.28
03/23/2009,2.83,3.05,2.79,2.77,3.33
03/16/2009,2.86,2.97,2.76,2.79,3.39
03/09/2009,2.98,2.9,2.72,2.82,3.45
03/02/2009,3.11,2.89,2.7,2.87,3.52
02/23/2009,3.22,2.88,2.7,2.92,3.59
02/16/2009,3.28,2.85,2.69,2.95,3.65
02/09/2009,3.08,2.76,2.63,2.97,3.72
02/02/2009,2.82,2.68,2.6,2.98,3.78
01/26/2009,2.67,2.62,2.59,2.98,3.85
01/19/2009,2.53,2.55,2.61,3.0,3.93
01/12/2009,2.42,2.52,2.63,3.03,4.01
01/05/2009,2.45,2.55,2.71,3.08,4.1
12/29/2008,2.54,2.54,2.77,3.1,4.19
12/22/2008,2.57,2.5,2.86,3.13,4.29
12/15/2008,2.57,2.52,2.95,3.17,4.45
12/08/2008,2.62,2.52,3.0,3.18,4.62
12/01/2008,2.65,2.51,3.08,3.2,4.75
11/24/2008,2.54,2.52,3.12,3.2,4.89
11/17/2008,2.42,2.57,3.16,3.2,5.01
11/10/2008,2.46,2.66,3.22,3.23,5.12
11/03/2008,2.42,2.75,3.28,3.24,5.21
10/27/2008,2.37,2.86,3.34,3.26,5.31
10/20/2008,2.5,3.0,3.38,3.29,5.42
10/13/2008,2.71,3.21,3.45,3.33,5.53
10/06/2008,2.86,3.38,3.49,3.35,5.63
09/29/2008,3.07,3.49,3.51,3.39,5.71
09/22/2008,3.36,3.65,3.55,3.45,5.81
09/15/2008,3.51,3.73,3.54,3.5,6.0
09/08/2008,3.72,3.75,3.52,3.61,6.22
09/01/2008,3.89,3.77,3.52,3.77,6.45
08/25/2008,3.9,3.81,3.49,3.89,6.74
08/18/2008,3.93,3.82,3.46,3.99,7.05
08/11/2008,3.94,3.75,3.43,4.09,7.31
08/04/2008,3.79,3.69,3.38,4.18,7.55
07/28/2008,3.65,3.61,3.34,4.26,0.0
07/21/2008,3.72,3.54,3.35,4.35,0.0
07/14/2008,3.71,3.46,3.35,4.46,0.0
07/07/2008,3.56,3.35,3.39,4.58,0.0
06/30/2008,3.6,3.3,3.54,4.71,0.0
06/23/2008,3.57,3.27,3.76,4.86,0.0
06/16/2008,3.36,3.16,3.93,5.0,0.0
06/09/2008,3.2,3.09,4.07,5.12,0.0
06/02/2008,3.14,3.1,4.26,5.27,0.0
05/26/2008,2.99,3.07,4.42,5.45,0.0
05/19/2008,2.96,3.06,4.58,5.74,0.0
05/12/2008,2.97,3.16,4.75,6.05,0.0
05/05/2008,2.98,3.25,4.96,6.29,0.0
04/28/2008,3.06,3.44,5.2,6.59,0.0
04/21/2008,3.15,3.78,5.42,6.81,0.0
04/14/2008,3.16,4.26,5.66,7.0,0.0
04/07/2008,3.35,4.7,5.92,7.19,0.0
03/31/2008,3.51,5.05,6.13,7.37,0.0
03/24/2008,3.82,5.41,6.36,7.56,0.0
03/17/2008,4.42,5.77,6.63,7.73,0.0
03/10/2008,5.36,6.1,7.08,7.91,0.0
03/03/2008,6.04,6.34,7.5,8.03,0.0
02/25/2008,6.58,6.68,7.81,8.16,0.0
02/18/2008,7.01,6.96,8.17,8.49,0.0
02/11/2008,7.11,7.06,8.33,8.83,0.0
02/04/2008,6.85,7.07,8.37,9.13,0.0
01/28/2008,6.64,7.13,8.43,9.59,0.0
01/21/2008,6.77,7.21,8.53,10.1,0.0
01/14/2008,6.92,7.31,8.64,10.54,0.0
01/07/2008,7.01,7.5,8.71,10.93,0.0
12/31/2007,7.28,8.05,8.81,0.0,0.0
12/24/2007,7.63,8.65,8.87,0.0,0.0
12/17/2007,7.65,8.95,8.91,0.0,0.0
12/10/2007,7.71,9.37,9.25,0.0,0.0
12/03/2007,7.99,9.59,9.71,0.0,0.0
11/26/2007,8.82,9.68,10.17,0.0,0.0
11/19/2007,9.67,9.73,10.82,0.0,0.0
11/12/2007,10.24,9.85,11.55,0.0,0.0
11/05/2007,11.03,9.97,12.15,0.0,0.0
10/29/2007,11.19,9.91,12.64,0.0,0.0
10/22/2007,10.53,9.56,0.0,0.0,0.0
10/15/2007,9.78,9.1,0.0,0.0,0.0
10/08/2007,9.46,8.87,0.0,0.0,0.0
10/01/2007,8.9,9.14,0.0,0.0,0.0
09/24/2007,8.64,9.83,0.0,0.0,0.0
09/17/2007,8.6,10.66,0.0,0.0,0.0
09/10/2007,8.41,11.92,0.0,0.0,0.0
09/03/2007,8.27,13.25,0.0,0.0,0.0
08/27/2007,9.38,14.33,0.0,0.0,0.0
08/20/2007,11.03,15.37,0.0,0.0,0.0
08/13/2007,12.72,0.0,0.0,0.0,0.0
08/06/2007,15.43,0.0,0.0,0.0,0.0
07/30/2007,18.23,0.0,0.0,0.0,0.0
07/23/2007,19.28,0.0,0.0,0.0,0.0
07/16/2007,19.71,0.0,0.0,0.0,0.0
07/09/2007,0.0,0.0,0.0,0.0,0.0
07/02/2007,0.0,0.0,0.0,0.0,0.0
06/25/2007,0.0,0.0,0.0,0.0,0.0
06/18/2007,0.0,0.0,0.0,0.0,0.0
