12/26/2022,268.28,264.45,244.09,227.74,205.23
12/19/2022,272.3,263.41,242.56,225.14,204.82
12/12/2022,270.65,258.94,239.48,221.51,203.65
12/05/2022,267.29,254.97,236.18,217.97,202.53
11/28/2022,266.78,250.51,232.42,214.58,201.32
11/21/2022,260.62,244.35,228.05,210.91,199.83
11/14/2022,254.53,239.43,224.4,207.3,198.39
11/07/2022,247.24,234.93,220.76,204.15,196.94
10/31/2022,242.65,231.23,217.67,201.95,195.78
10/24/2022,234.24,226.56,213.1,199.33,194.32
10/17/2022,228.08,223.74,209.38,197.06,193.18
10/10/2022,224.34,221.7,206.01,195.06,192.12
10/03/2022,222.63,220.02,202.79,193.24,191.21
09/26/2022,219.8,217.38,199.48,191.27,190.26
09/19/2022,218.88,214.33,196.61,189.57,189.59
09/12/2022,219.4,211.76,194.2,188.2,189.03
09/05/2022,219.06,209.37,191.23,186.94,188.43
08/29/2022,217.4,206.59,188.75,185.69,187.81
08/22/2022,214.96,204.12,187.31,184.62,187.36
08/15/2022,209.78,199.64,185.71,183.26,186.93
08/08/2022,204.11,195.02,183.73,181.72,186.48
08/01/2022,199.67,190.31,181.74,180.55,186.0
07/25/2022,195.77,185.56,179.85,179.88,185.58
07/18/2022,193.29,181.57,178.21,179.53,185.44
07/11/2022,189.51,178.89,177.18,179.47,185.59
07/04/2022,185.93,176.63,176.42,179.3,185.69
06/27/2022,180.95,173.09,175.73,179.24,185.83
06/20/2022,175.36,170.92,175.24,178.84,186.08
06/13/2022,169.86,170.5,174.87,179.45,186.46
06/06/2022,168.27,171.78,175.07,180.88,187.4
05/30/2022,167.34,172.43,175.07,182.72,188.27
05/23/2022,165.22,173.17,175.68,184.5,189.12
05/16/2022,166.48,174.14,177.05,185.79,190.06
05/09/2022,171.14,174.85,178.51,187.09,191.05
05/02/2022,175.28,175.48,179.77,188.07,192.05
04/25/2022,177.52,176.21,180.63,188.74,193.04
04/18/2022,181.13,178.37,182.31,189.49,194.28
04/11/2022,181.8,179.55,182.8,189.74,195.42
04/04/2022,178.55,179.24,183.93,189.62,196.58
03/28/2022,175.68,178.37,185.43,189.31,197.82
03/21/2022,174.91,177.7,187.86,189.3,199.09
03/14/2022,175.6,178.18,190.16,189.18,200.17
03/07/2022,177.3,179.95,191.61,189.18,201.17
02/28/2022,179.92,182.16,193.2,189.26,202.46
02/21/2022,181.05,184.05,194.36,189.61,203.92
02/14/2022,180.5,185.05,195.01,189.86,205.06
02/07/2022,180.76,186.26,195.05,189.92,206.08
01/31/2022,182.6,186.05,194.83,189.94,207.12
01/24/2022,184.41,188.62,194.81,190.1,207.95
01/17/2022,187.05,192.49,194.79,190.6,208.71
01/10/2022,189.6,198.02,195.09,191.24,209.58
01/03/2022,191.76,202.15,194.68,191.44,210.54
12/27/2021,189.51,203.27,193.8,191.28,211.25
12/20/2021,192.82,204.24,192.81,191.35,211.98
12/13/2021,197.94,204.67,192.4,191.72,212.69
12/06/2021,206.45,204.96,192.26,192.09,213.41
11/29/2021,212.53,203.84,191.75,192.42,214.0
11/22/2021,217.03,203.6,191.89,193.32,214.64
11/15/2021,215.67,201.0,190.84,193.48,214.7
11/08/2021,211.41,197.08,189.66,193.92,214.51
11/01/2021,203.47,192.16,187.84,193.83,214.35
10/25/2021,195.14,187.21,186.08,193.73,214.29
10/18/2021,190.17,184.32,185.28,194.32,214.36
10/11/2021,186.34,181.38,184.9,195.01,214.44
10/04/2021,182.75,180.12,185.24,196.02,214.75
09/27/2021,180.84,179.57,185.65,197.34,215.2
09/20/2021,179.29,179.67,186.71,199.07,215.77
09/13/2021,178.47,180.18,188.17,201.11,216.26
09/06/2021,176.41,180.68,189.71,203.54,216.64
08/30/2021,177.49,182.24,192.34,206.34,217.1
08/23/2021,178.29,183.53,194.66,208.89,217.31
08/16/2021,180.05,184.95,196.99,211.16,217.57
08/09/2021,181.88,186.24,199.33,213.15,217.72
08/02/2021,184.94,188.43,201.82,215.65,217.95
07/26/2021,186.98,190.35,203.98,218.23,217.88
07/19/2021,188.76,191.73,206.23,220.25,217.89
07/12/2021,189.85,193.74,208.78,222.24,217.83
07/05/2021,190.59,196.17,211.58,224.29,217.6
06/28/2021,191.92,198.75,214.98,225.8,217.2
06/21/2021,193.73,202.45,218.38,226.82,216.81
06/14/2021,194.7,205.8,221.57,227.92,216.46
06/07/2021,197.63,209.04,224.27,229.64,216.19
05/31/2021,201.76,212.41,226.61,231.22,215.98
05/24/2021,205.59,215.21,229.26,232.6,215.5
05/17/2021,211.17,217.6,232.17,233.66,214.88
05/10/2021,216.9,220.74,234.52,234.74,214.29
05/03/2021,220.44,223.81,236.49,235.58,213.85
04/26/2021,223.07,226.99,238.35,235.96,212.92
04/19/2021,224.84,231.2,239.32,235.93,211.88
04/12/2021,224.03,234.32,239.01,235.11,210.44
04/05/2021,224.57,237.35,238.97,234.88,209.3
03/29/2021,227.18,239.51,239.95,234.85,208.34
03/22/2021,230.9,240.8,240.62,234.39,207.34
03/15/2021,237.56,243.31,241.3,233.88,206.4
03/08/2021,244.62,246.74,241.69,233.47,205.44
03/01/2021,250.12,248.29,241.74,233.05,204.43
02/22/2021,251.83,249.17,241.47,232.47,203.26
02/15/2021,250.7,249.72,240.44,231.4,202.01
02/08/2021,249.05,247.44,238.3,229.74,200.51
02/01/2021,248.85,243.69,235.5,227.86,199.0
01/25/2021,246.47,240.6,233.65,225.73,197.52
01/18/2021,246.5,240.39,232.52,223.97,196.29
01/11/2021,248.74,240.44,231.19,222.29,195.17
01/04/2021,245.82,239.29,229.17,220.24,193.93
12/28/2020,238.53,236.65,226.84,217.53,192.56
12/21/2020,234.73,235.19,225.42,215.52,191.46
12/14/2020,234.29,233.77,224.12,213.42,190.46
12/07/2020,232.13,231.16,222.24,210.9,189.43
11/30/2020,232.77,229.15,220.89,208.61,188.66
11/23/2020,234.77,227.31,219.94,206.8,188.03
11/16/2020,235.65,226.69,218.3,205.0,187.28
11/09/2020,233.25,224.64,215.76,202.74,186.33
11/02/2020,230.19,221.94,213.22,200.74,185.55
10/26/2020,225.54,219.05,210.72,198.39,185.04
10/19/2020,219.85,217.02,207.96,196.1,184.76
10/12/2020,217.73,215.66,205.68,193.84,184.56
10/05/2020,216.03,214.48,203.24,192.12,184.33
09/28/2020,213.7,213.33,200.77,189.89,184.33
09/21/2020,212.55,212.63,198.33,187.82,184.48
09/14/2020,214.19,212.56,196.55,185.77,184.79
09/07/2020,213.58,209.9,194.15,183.73,185.04
08/31/2020,212.92,206.88,191.79,181.83,185.76
08/24/2020,212.96,204.49,190.14,180.28,186.71
08/17/2020,212.7,202.39,188.07,178.91,187.67
08/10/2020,210.93,198.9,185.64,177.4,188.37
08/03/2020,206.23,195.71,182.93,175.81,188.96
07/27/2020,200.84,192.01,180.94,174.05,189.46
07/20/2020,196.03,188.22,178.17,172.61,189.84
07/13/2020,192.08,184.04,175.42,171.29,189.95
07/06/2020,186.88,180.54,172.38,170.15,189.9
06/29/2020,185.18,178.4,170.64,169.32,190.07
06/22/2020,183.18,176.71,169.31,168.61,190.21
06/15/2020,180.41,175.79,168.17,168.05,190.4
06/08/2020,176.0,173.74,167.17,167.61,190.37
06/01/2020,174.2,172.38,166.65,167.59,190.4
05/25/2020,171.62,170.15,165.86,167.41,190.27
05/18/2020,170.23,169.86,165.07,167.51,190.18
05/11/2020,171.16,168.12,164.81,167.96,190.29
05/04/2020,171.48,166.81,164.91,168.71,190.48
04/27/2020,170.57,164.23,164.96,169.25,190.56
04/20/2020,168.67,162.88,164.78,169.56,190.67
04/13/2020,169.49,161.91,164.56,169.91,190.83
04/06/2020,165.07,160.56,164.19,170.36,190.83
03/30/2020,162.13,160.6,164.54,171.68,190.82
03/23/2020,157.88,160.92,165.19,173.41,190.73
03/16/2020,157.09,161.57,166.04,175.29,190.55
03/09/2020,154.32,160.29,166.33,176.54,189.98
03/02/2020,156.05,161.51,167.87,178.77,189.78
02/24/2020,159.07,163.02,169.67,181.13,189.56
02/17/2020,163.95,165.69,171.77,183.81,189.41
02/10/2020,166.05,166.67,172.9,186.36,188.96
02/03/2020,166.26,167.22,173.91,189.7,188.41
01/27/2020,166.97,167.81,175.25,193.15,187.87
01/20/2020,166.96,168.48,177.22,196.43,187.29
01/13/2020,167.43,169.46,179.66,199.33,186.78
01/06/2020,167.29,170.52,182.15,202.11,186.17
12/30/2019,168.19,172.37,184.67,204.86,185.67
12/23/2019,168.66,174.24,187.4,207.07,185.12
12/16/2019,170.01,176.32,190.19,208.61,184.51
12/09/2019,171.48,177.85,192.87,209.66,183.85
12/02/2019,173.74,179.13,196.21,210.83,183.14
11/25/2019,176.55,180.61,200.94,211.81,182.36
11/18/2019,179.82,182.7,205.82,212.75,181.6
11/11/2019,182.63,185.96,210.41,213.12,180.84
11/04/2019,184.21,189.87,214.27,213.22,180.04
10/28/2019,184.51,193.79,217.9,213.14,179.18
10/21/2019,184.66,196.96,221.11,212.86,178.24
10/14/2019,185.57,200.55,223.49,212.62,177.21
10/07/2019,189.28,204.06,224.76,212.25,176.2
09/30/2019,195.53,207.9,225.57,211.86,175.23
09/23/2019,203.07,213.29,226.69,211.77,174.29
09/16/2019,209.26,221.27,227.42,211.75,173.34
09/09/2019,215.53,228.94,227.78,211.31,172.23
09/02/2019,218.84,234.86,226.71,209.96,170.8
08/26/2019,220.28,238.67,224.9,208.05,169.17
08/19/2019,223.51,242.01,222.81,205.8,167.48
08/12/2019,233.28,245.25,220.81,203.41,165.85
08/05/2019,242.34,246.43,218.66,200.79,164.17
07/29/2019,250.88,245.46,216.34,197.99,162.44
07/22/2019,257.06,243.23,213.84,195.0,160.66
07/15/2019,260.52,240.08,211.02,191.56,158.63
07/08/2019,257.22,233.56,206.99,187.11,156.14
07/01/2019,250.51,226.62,202.5,182.6,153.55
06/24/2019,240.04,218.55,197.51,178.15,151.03
06/17/2019,229.39,211.12,192.73,174.23,148.68
06/10/2019,219.65,203.61,187.7,170.23,146.42
06/03/2019,209.9,196.37,182.49,166.48,144.26
05/27/2019,202.73,190.89,177.97,163.17,142.32
05/20/2019,197.07,187.23,174.25,160.4,140.68
05/13/2019,192.85,184.45,170.89,158.04,139.29
05/06/2019,187.57,181.95,167.3,155.46,137.78
04/29/2019,182.83,180.42,163.89,152.91,136.47
04/22/2019,179.04,178.37,160.59,150.46,135.15
04/15/2019,177.39,176.47,157.94,148.56,133.98
04/08/2019,176.05,174.34,155.79,146.85,132.86
04/01/2019,176.33,171.78,153.55,145.22,131.82
03/25/2019,178.0,168.62,151.53,143.62,130.81
03/18/2019,177.7,165.06,149.31,141.79,129.78
03/11/2019,175.54,161.27,146.99,140.16,128.82
03/04/2019,172.64,157.34,144.84,138.6,127.92
02/25/2019,167.24,152.65,142.21,136.81,126.89
02/18/2019,159.23,147.36,139.15,134.93,125.82
02/11/2019,152.42,142.8,136.5,133.15,124.9
02/04/2019,147.0,139.42,134.61,131.64,124.14
01/28/2019,142.03,137.23,133.11,130.29,123.46
01/21/2019,138.05,135.31,131.94,129.15,122.92
01/14/2019,135.48,134.45,131.13,128.29,122.55
01/07/2019,133.19,133.56,130.16,127.55,122.21
12/31/2018,131.84,132.71,129.61,126.9,121.96
12/24/2018,132.43,132.34,129.24,126.31,121.77
12/17/2018,132.56,131.77,128.89,125.7,121.61
12/10/2018,133.41,130.94,128.72,125.17,121.51
12/03/2018,133.94,130.19,128.32,124.51,121.38
11/26/2018,133.59,129.8,127.75,123.91,121.19
11/19/2018,132.24,128.99,126.82,123.13,120.89
11/12/2018,130.98,128.57,126.08,122.61,120.68
11/05/2018,128.48,127.81,125.22,122.05,120.42
10/29/2018,126.44,126.75,124.55,121.46,120.15
10/22/2018,126.02,126.5,123.99,120.95,120.02
10/15/2018,125.74,126.14,123.3,120.54,119.82
10/08/2018,126.16,126.02,122.67,120.1,119.73
10/01/2018,127.15,126.49,122.28,120.03,119.73
09/24/2018,127.06,126.45,121.67,119.85,119.71
09/17/2018,126.99,125.71,120.97,119.4,119.7
09/10/2018,126.55,124.65,120.2,118.87,119.7
09/03/2018,125.88,123.59,119.62,118.42,119.63
08/27/2018,125.83,122.62,119.17,117.99,119.52
08/20/2018,125.84,122.35,118.81,117.76,119.52
08/13/2018,124.43,121.47,118.18,117.49,119.49
08/06/2018,122.74,120.46,117.73,117.24,119.45
07/30/2018,121.29,119.33,117.14,116.97,119.46
07/23/2018,119.41,118.07,116.8,116.72,119.36
07/16/2018,118.86,116.89,116.56,116.66,119.34
07/09/2018,118.52,116.22,116.25,116.64,119.29
07/02/2018,118.17,115.76,115.98,116.64,119.24
06/25/2018,117.36,115.66,115.84,116.68,119.2
06/18/2018,116.73,115.73,115.67,116.82,119.23
06/11/2018,114.92,115.28,115.47,116.87,119.28
06/04/2018,113.93,114.88,115.49,117.01,119.35
05/28/2018,113.35,115.01,115.64,117.22,119.42
05/21/2018,113.97,114.95,115.8,117.52,119.54
05/14/2018,114.72,115.52,116.04,117.85,119.68
05/07/2018,115.64,116.22,116.54,118.25,119.85
04/30/2018,115.84,116.28,116.85,118.47,119.99
04/23/2018,116.67,116.21,117.08,118.64,120.12
04/16/2018,115.93,116.02,117.19,118.76,120.19
04/09/2018,116.32,115.62,117.36,118.78,120.22
04/02/2018,116.81,115.66,117.66,118.84,120.18
03/26/2018,116.72,116.1,118.08,119.08,120.16
03/19/2018,115.74,116.27,118.33,119.11,120.09
03/12/2018,116.1,116.64,118.81,119.36,120.09
03/05/2018,114.91,116.55,119.01,119.43,119.96
02/26/2018,114.52,116.86,119.27,119.56,119.82
02/19/2018,115.48,117.42,119.56,119.99,119.79
02/12/2018,116.79,117.95,119.86,120.52,119.79
02/05/2018,117.18,118.37,120.13,120.84,119.76
01/29/2018,118.19,119.11,120.37,121.05,119.72
01/22/2018,119.2,119.67,120.43,121.28,119.69
01/15/2018,119.35,120.06,120.57,121.49,119.51
01/08/2018,119.12,120.4,120.53,121.65,119.34
01/01/2018,119.55,120.97,120.72,121.94,119.16
12/25/2017,120.02,121.47,120.87,122.0,118.95
12/18/2017,120.13,121.67,120.91,122.03,118.61
12/11/2017,120.77,121.7,121.28,121.93,118.3
12/04/2017,121.69,121.76,121.81,121.84,118.04
11/27/2017,122.4,121.9,122.08,121.72,117.77
11/20/2017,122.93,121.63,122.02,121.64,117.42
11/13/2017,123.22,121.2,122.09,121.68,117.08
11/06/2017,122.63,121.08,122.2,121.69,116.71
10/30/2017,121.84,120.65,122.28,121.61,116.3
10/23/2017,121.39,120.46,122.42,121.56,115.91
10/16/2017,120.32,120.26,122.27,121.52,115.57
10/09/2017,119.18,120.14,122.21,121.44,115.19
10/02/2017,119.53,120.85,122.05,121.52,114.84
09/25/2017,119.46,121.85,121.89,121.6,114.51
09/18/2017,119.53,122.27,121.63,121.61,114.16
09/11/2017,120.19,122.42,121.64,121.66,113.81
09/04/2017,121.11,122.98,121.93,121.52,113.47
08/28/2017,122.18,123.32,122.0,121.25,113.07
08/21/2017,124.25,123.91,122.09,121.07,112.74
08/14/2017,125.02,124.39,122.11,120.81,112.35
08/07/2017,124.65,124.28,122.15,120.5,111.93
07/31/2017,124.84,124.28,122.09,120.09,111.45
07/24/2017,124.47,123.25,121.85,119.6,110.96
07/17/2017,123.57,121.92,121.47,119.05,110.47
07/10/2017,123.76,120.98,121.28,118.68,110.02
07/03/2017,123.91,120.86,121.27,118.39,109.63
06/26/2017,123.71,120.88,120.8,118.09,109.18
06/19/2017,122.02,120.68,120.21,117.53,108.68
06/12/2017,120.27,120.27,119.64,117.03,108.18
06/05/2017,118.21,119.83,119.02,116.38,107.61
05/29/2017,117.82,120.02,118.6,115.9,107.13
05/22/2017,118.04,119.9,117.99,115.18,106.61
05/15/2017,119.34,120.45,117.77,114.67,106.23
05/08/2017,120.28,121.02,117.62,114.23,105.83
05/01/2017,121.46,121.58,117.53,113.82,105.47
04/24/2017,122.22,121.68,117.16,113.2,105.01
04/17/2017,121.76,120.71,116.7,112.47,104.55
04/10/2017,121.57,119.74,115.96,111.72,104.07
04/03/2017,121.75,119.01,115.4,110.99,103.7
03/27/2017,121.69,118.21,114.65,110.26,103.29
03/20/2017,121.15,117.19,113.84,109.63,102.84
03/13/2017,119.66,116.07,112.82,108.93,102.41
03/06/2017,117.9,115.09,111.78,108.15,101.94
02/27/2017,116.27,114.22,110.84,107.43,101.45
02/20/2017,114.73,113.49,109.94,106.7,100.96
02/13/2017,113.23,112.64,108.95,105.96,100.56
02/06/2017,112.48,112.69,108.35,105.41,100.28
01/30/2017,112.27,112.19,107.71,104.89,99.95
01/23/2017,112.17,111.79,106.98,104.41,99.68
01/16/2017,112.24,111.09,106.28,103.89,99.45
01/09/2017,112.05,110.5,105.84,103.37,99.11
01/02/2017,112.89,109.57,105.36,102.81,98.8
12/26/2016,112.1,108.48,104.69,102.33,98.37
12/19/2016,111.41,107.46,104.03,101.88,97.95
12/12/2016,109.94,106.4,103.31,101.35,97.51
12/05/2016,108.95,105.27,102.62,100.86,97.1
11/28/2016,106.25,104.01,101.77,100.27,96.61
11/21/2016,104.86,103.23,101.24,99.82,96.21
11/14/2016,103.51,102.16,100.72,99.33,95.76
11/07/2016,102.86,101.47,100.29,98.85,95.34
10/31/2016,101.58,101.19,99.8,98.37,94.91
10/24/2016,101.78,101.16,99.43,98.04,94.57
10/17/2016,101.6,100.9,99.26,97.79,94.21
10/10/2016,100.81,100.59,99.09,97.44,93.89
10/03/2016,100.09,100.22,98.82,97.12,93.58
09/26/2016,100.79,99.97,98.66,96.82,93.35
09/19/2016,100.53,99.53,98.41,96.62,93.09
09/12/2016,100.19,99.25,98.11,96.42,92.85
09/05/2016,100.37,99.27,97.92,96.41,92.6
08/29/2016,100.35,99.1,97.53,96.33,92.35
08/22/2016,99.15,98.42,96.96,96.05,92.04
08/15/2016,98.53,97.71,96.49,95.9,91.75
08/08/2016,98.32,97.62,96.24,95.73,91.46
08/01/2016,98.17,97.59,95.86,95.47,91.19
07/25/2016,97.86,97.43,95.57,95.23,90.9
07/18/2016,97.69,97.35,95.24,95.16,90.61
07/11/2016,96.9,97.28,95.17,95.14,90.34
07/04/2016,96.92,96.97,95.0,95.02,90.06
06/27/2016,97.0,96.56,94.98,94.95,89.77
06/20/2016,97.0,95.96,94.94,95.01,89.5
06/13/2016,97.01,95.5,94.87,94.85,89.22
06/06/2016,97.66,95.26,94.99,94.78,89.08
05/30/2016,97.02,94.86,94.78,94.41,88.86
05/23/2016,96.12,94.13,94.42,94.02,88.63
05/16/2016,94.93,93.7,94.13,93.68,88.45
05/09/2016,93.98,93.13,94.06,93.35,88.27
05/02/2016,92.86,93.06,94.07,92.95,88.15
04/25/2016,92.69,93.04,94.04,92.61,88.03
04/18/2016,92.14,93.39,94.14,92.18,87.87
04/11/2016,92.48,93.91,94.53,91.84,87.79
04/04/2016,92.28,94.24,94.53,91.46,87.8
03/28/2016,93.26,94.72,94.54,91.1,87.79
03/21/2016,93.38,94.71,94.19,90.63,87.73
03/14/2016,94.64,94.7,93.96,90.34,87.65
03/07/2016,95.34,94.55,93.66,90.04,87.58
02/29/2016,96.2,95.0,93.45,89.89,87.54
02/22/2016,96.17,95.08,92.89,89.56,87.38
02/15/2016,96.04,95.05,92.4,89.29,87.3
02/08/2016,94.77,94.89,91.58,88.79,87.17
02/01/2016,93.76,95.14,90.8,88.37,87.03
01/25/2016,93.79,94.82,90.07,88.02,86.95
01/18/2016,93.99,94.36,89.29,87.6,86.84
01/11/2016,94.06,93.67,88.6,87.19,86.73
01/04/2016,95.02,93.23,88.15,86.91,86.63
12/28/2015,96.53,92.78,87.78,86.58,86.51
12/21/2015,95.84,91.91,87.34,86.06,86.34
12/14/2015,94.72,90.71,86.79,85.54,86.14
12/07/2015,93.27,89.76,86.41,85.1,85.94
11/30/2015,91.43,88.26,85.74,84.58,85.67
11/23/2015,89.03,86.46,84.99,83.98,85.32
11/16/2015,87.97,85.33,84.62,83.58,85.1
11/09/2015,86.69,84.23,84.21,83.39,84.85
11/02/2015,86.24,83.53,83.96,83.31,84.71
10/26/2015,85.08,83.08,83.75,83.25,84.54
10/19/2015,83.88,82.79,83.48,83.22,84.36
10/12/2015,82.68,82.77,83.14,83.2,84.19
10/05/2015,81.77,82.88,82.95,83.36,84.04
09/28/2015,80.83,83.06,82.77,83.45,83.89
09/21/2015,81.08,83.22,82.75,83.56,83.78
09/14/2015,81.69,83.53,82.75,83.75,83.66
09/07/2015,82.86,83.92,82.71,84.13,83.52
08/31/2015,84.0,84.2,82.97,84.48,83.4
08/24/2015,85.3,84.38,83.2,84.83,83.29
08/17/2015,85.36,84.42,83.33,84.96,83.17
08/10/2015,85.36,84.18,83.43,85.13,82.99
08/03/2015,84.97,83.51,83.41,85.18,82.81
07/27/2015,84.41,83.02,83.6,85.21,82.62
07/20/2015,83.47,82.48,83.64,85.31,82.46
07/13/2015,83.47,82.27,83.74,85.54,82.33
07/06/2015,82.99,81.97,83.86,85.68,82.2
06/29/2015,82.04,81.5,84.24,85.88,82.06
06/22/2015,81.63,81.73,84.61,86.08,81.93
06/15/2015,81.5,82.01,85.06,86.27,81.82
06/08/2015,81.07,82.25,85.24,86.35,81.62
06/01/2015,80.96,82.69,85.61,86.44,81.42
05/25/2015,80.96,83.32,86.02,86.62,81.23
05/18/2015,81.83,84.17,86.31,86.74,81.05
05/11/2015,82.53,84.79,86.73,86.78,80.84
05/04/2015,83.43,85.2,87.18,86.76,80.6
04/27/2015,84.42,85.74,87.53,86.65,80.41
04/20/2015,85.67,86.98,88.06,86.61,80.25
04/13/2015,86.52,87.5,88.26,86.31,80.03
04/06/2015,87.05,88.1,88.4,86.11,79.79
03/30/2015,86.97,88.23,88.4,85.82,79.54
03/23/2015,87.06,88.52,88.31,85.51,79.24
03/16/2015,88.28,88.73,88.27,85.18,78.97
03/09/2015,88.47,88.45,88.02,84.72,78.64
03/02/2015,89.15,88.67,87.77,84.34,78.4
02/23/2015,89.48,89.15,87.53,83.99,78.17
02/16/2015,89.99,89.32,87.11,83.57,77.92
02/09/2015,89.17,89.15,86.43,82.91,77.59
02/02/2015,88.42,89.02,85.72,82.33,77.26
01/26/2015,88.19,88.7,85.11,81.76,76.92
01/19/2015,88.82,88.57,84.62,81.37,76.65
01/12/2015,88.65,88.1,84.0,80.86,76.38
01/05/2015,89.13,87.81,83.41,80.43,76.07
12/29/2014,89.62,87.58,82.86,80.02,75.78
12/22/2014,89.2,86.87,82.17,79.6,75.48
12/15/2014,88.32,85.91,81.42,79.13,75.17
12/08/2014,87.55,84.89,80.69,78.72,74.93
12/01/2014,86.49,83.71,79.79,78.24,74.62
11/24/2014,85.54,82.42,78.98,77.78,74.31
11/17/2014,84.55,81.53,78.28,77.37,74.04
11/10/2014,83.51,80.67,77.77,76.89,73.85
11/03/2014,82.23,79.9,77.24,76.39,73.67
10/27/2014,80.93,79.01,76.74,75.83,73.48
10/20/2014,79.29,78.13,76.24,75.36,73.28
10/13/2014,78.52,77.48,75.96,74.9,73.14
10/06/2014,77.83,76.92,75.74,74.45,73.06
09/29/2014,77.58,76.49,75.64,74.16,73.02
09/22/2014,77.08,75.88,75.5,73.88,72.99
09/15/2014,76.98,75.54,75.46,73.74,73.03
09/08/2014,76.43,75.04,75.28,73.47,73.08
09/01/2014,76.0,74.86,74.99,73.27,73.17
08/25/2014,75.41,74.58,74.64,72.98,73.24
08/18/2014,74.68,74.48,74.25,72.77,73.3
08/11/2014,74.1,74.34,73.97,72.57,73.36
08/04/2014,73.64,74.44,73.62,72.46,73.33
07/28/2014,73.72,74.55,73.22,72.35,73.38
07/21/2014,73.75,74.78,73.0,72.28,73.41
07/14/2014,74.29,75.12,72.88,72.27,73.46
07/07/2014,74.58,75.38,72.85,72.19,73.58
06/30/2014,75.25,75.53,72.69,72.09,73.73
06/23/2014,75.38,75.13,72.47,71.94,73.83
06/16/2014,75.81,74.7,72.18,71.9,73.92
06/09/2014,75.96,74.01,71.91,71.7,73.98
06/02/2014,76.17,73.6,71.68,71.55,74.0
05/26/2014,75.81,72.79,71.46,71.37,74.01
05/19/2014,74.87,71.88,71.24,71.22,74.0
05/12/2014,73.59,71.22,71.03,71.14,73.99
05/05/2014,72.07,70.64,70.84,71.01,73.96
04/28/2014,71.03,70.32,70.6,70.85,73.96
04/21/2014,69.77,69.86,70.37,70.72,73.93
04/14/2014,68.89,69.81,70.34,70.81,73.99
04/07/2014,68.84,69.66,70.49,70.94,74.06
03/31/2014,69.2,69.8,70.55,71.12,74.12
03/24/2014,69.6,69.76,70.52,71.21,74.18
03/17/2014,69.95,70.14,70.66,71.38,74.25
03/10/2014,70.73,70.61,70.88,71.67,74.3
03/03/2014,70.47,70.84,71.11,71.88,74.3
02/24/2014,70.4,71.04,71.2,72.1,74.29
02/17/2014,69.91,70.89,71.11,72.32,74.25
02/10/2014,70.32,70.89,71.16,72.68,74.18
02/03/2014,70.49,70.87,71.3,73.08,74.13
01/27/2014,71.21,71.33,71.59,73.51,74.12
01/20/2014,71.68,71.29,71.77,73.84,74.08
01/13/2014,71.88,71.28,71.94,74.16,74.1
01/06/2014,71.46,71.18,72.01,74.21,74.03
12/30/2013,71.25,71.16,72.2,74.41,73.94
12/23/2013,71.44,71.38,72.39,74.54,73.85
12/16/2013,70.91,71.35,72.64,74.65,73.74
12/09/2013,70.69,71.33,73.04,74.96,73.6
12/02/2013,70.9,71.42,73.58,75.37,73.48
11/25/2013,71.06,71.73,74.18,75.72,73.36
11/18/2013,71.31,71.85,74.6,75.95,73.23
11/11/2013,71.8,72.26,75.11,76.26,73.13
11/04/2013,71.96,72.59,75.59,76.46,73.04
10/28/2013,71.94,72.83,75.72,76.66,72.92
10/21/2013,72.41,73.25,76.04,76.78,72.8
10/14/2013,72.39,73.41,76.12,76.83,72.63
10/07/2013,72.71,73.92,76.3,76.91,72.48
09/30/2013,73.22,74.75,76.77,77.08,72.35
09/23/2013,73.73,75.73,77.34,77.15,72.24
09/16/2013,74.08,76.63,77.71,77.18,72.11
09/09/2013,74.43,77.35,78.0,77.17,72.08
09/02/2013,75.13,77.96,78.26,77.12,72.04
08/26/2013,76.28,78.59,78.4,77.15,72.01
08/19/2013,77.74,78.6,78.57,77.12,71.98
08/12/2013,79.17,78.83,78.55,76.93,71.92
08/05/2013,80.27,78.84,78.54,76.72,71.84
07/29/2013,80.79,78.69,78.41,76.47,71.71
07/22/2013,80.9,78.79,78.24,76.17,71.58
07/15/2013,79.47,78.94,77.85,75.68,71.4
07/08/2013,78.49,78.79,77.46,75.17,71.22
07/01/2013,77.4,78.65,77.09,74.73,71.03
06/24/2013,76.58,78.57,76.71,74.32,70.87
06/17/2013,76.68,78.2,76.44,74.04,70.71
06/10/2013,78.42,78.54,76.37,73.85,70.76
06/03/2013,79.1,78.28,75.98,73.48,70.72
05/27/2013,79.9,78.24,75.66,73.16,70.71
05/20/2013,80.55,78.13,75.36,72.84,70.74
05/13/2013,79.72,77.69,74.86,72.25,70.7
05/06/2013,78.66,76.76,74.05,71.6,70.6
04/29/2013,77.45,76.13,73.36,71.01,70.55
04/22/2013,76.57,75.52,72.77,70.5,70.48
04/15/2013,75.7,74.84,72.2,70.01,70.42
04/08/2013,75.65,74.67,71.96,69.63,70.44
04/01/2013,74.87,74.21,71.5,69.19,70.45
03/25/2013,74.81,73.69,71.08,68.83,70.52
03/18/2013,74.47,73.08,70.63,68.43,70.57
03/11/2013,73.99,72.59,70.19,68.04,70.59
03/04/2013,73.69,72.04,69.53,67.63,70.59
02/25/2013,73.54,71.33,69.02,67.34,70.62
02/18/2013,72.58,70.6,68.45,67.05,70.64
02/11/2013,71.68,70.03,68.0,66.98,70.71
02/04/2013,71.2,69.56,67.59,66.95,70.8
01/28/2013,70.39,69.26,67.11,66.87,70.83
01/21/2013,69.11,68.8,66.67,66.85,70.9
01/14/2013,68.62,68.47,66.39,66.91,70.99
01/07/2013,68.37,68.18,66.11,66.97,71.02
12/31/2012,67.91,67.79,65.76,66.96,71.08
12/24/2012,68.12,67.03,65.43,66.98,71.2
12/17/2012,68.49,66.71,65.34,67.11,71.41
12/10/2012,68.32,66.3,65.27,67.26,71.61
12/03/2012,67.98,65.97,65.46,67.32,71.77
11/26/2012,67.66,65.62,65.65,67.42,71.89
11/19/2012,65.93,64.96,65.68,67.37,71.9
11/12/2012,64.93,64.55,65.87,67.67,71.95
11/05/2012,64.28,64.32,66.13,67.97,71.99
10/29/2012,63.95,64.05,66.36,68.26,72.09
10/22/2012,63.58,63.74,66.55,68.64,72.19
10/15/2012,63.99,63.84,66.96,69.15,72.33
10/08/2012,64.17,63.97,67.32,69.6,72.48
10/01/2012,64.35,64.24,67.74,70.08,72.59
09/24/2012,64.15,64.95,68.0,70.45,72.67
09/17/2012,63.9,65.67,68.31,70.83,72.72
09/10/2012,63.69,66.4,68.58,71.26,72.87
09/03/2012,63.77,67.19,69.23,71.72,73.05
08/27/2012,64.14,67.94,69.79,72.21,73.21
08/20/2012,65.75,68.68,70.37,72.71,73.38
08/13/2012,67.43,69.35,71.09,73.13,73.51
08/06/2012,69.12,70.08,71.81,73.54,73.57
07/30/2012,70.61,70.66,72.42,73.91,73.62
07/23/2012,71.75,71.24,73.01,74.24,73.66
07/16/2012,71.61,71.06,73.2,74.45,73.62
07/09/2012,71.27,70.96,73.41,74.65,73.61
07/02/2012,71.04,70.75,73.69,74.79,73.61
06/25/2012,70.71,71.26,73.98,74.95,73.6
06/18/2012,70.73,71.64,74.34,75.07,73.59
06/11/2012,70.51,72.06,74.73,75.07,73.61
06/04/2012,70.65,72.83,75.03,75.2,73.64
05/28/2012,70.45,73.54,75.27,75.42,73.66
05/21/2012,71.8,74.18,75.53,75.7,73.68
05/14/2012,72.54,74.77,75.73,75.97,73.68
05/07/2012,73.6,75.34,76.14,76.22,73.68
04/30/2012,75.01,75.86,76.49,76.37,73.66
04/23/2012,76.63,76.63,76.81,76.43,73.67
04/16/2012,76.56,76.7,76.8,76.23,73.56
04/09/2012,77.0,77.04,76.79,76.0,73.45
04/02/2012,77.08,77.4,76.58,75.93,73.35
03/26/2012,76.71,77.22,76.39,75.73,73.21
03/19/2012,76.63,77.0,76.36,75.51,73.05
03/12/2012,76.84,76.89,76.46,75.35,72.91
03/05/2012,77.08,76.7,76.57,75.09,72.7
02/27/2012,77.72,76.94,76.66,74.89,72.53
02/20/2012,77.73,77.12,76.62,74.62,72.37
02/13/2012,77.36,76.99,76.32,74.49,72.16
02/06/2012,76.94,76.9,76.0,74.39,71.94
01/30/2012,76.31,76.55,75.49,74.22,71.68
01/23/2012,76.16,75.76,75.19,74.05,71.43
01/16/2012,76.52,75.56,74.99,73.88,71.22
01/09/2012,76.63,75.73,74.77,73.6,70.99
01/02/2012,76.86,76.03,74.58,73.32,70.76
12/26/2011,76.78,76.44,74.28,73.09,70.5
12/19/2011,75.35,76.39,73.86,72.79,70.22
12/12/2011,74.59,76.12,73.36,72.57,69.88
12/05/2011,74.82,75.65,73.23,72.43,69.57
11/28/2011,75.2,75.1,73.13,72.25,69.24
11/21/2011,76.09,74.43,73.06,72.1,68.92
11/14/2011,77.42,74.62,73.19,72.15,68.66
11/07/2011,77.65,74.43,73.04,72.08,68.36
10/31/2011,76.49,73.82,72.53,71.89,68.0
10/24/2011,75.01,73.14,71.97,71.66,67.59
10/17/2011,72.76,72.13,71.41,71.39,67.16
10/10/2011,71.82,71.33,71.0,71.14,66.74
10/03/2011,71.2,70.6,70.8,70.95,66.35
09/26/2011,71.15,70.81,70.81,70.91,65.98
09/19/2011,71.27,71.16,70.82,70.88,65.64
09/12/2011,71.5,71.69,70.94,70.9,65.31
09/05/2011,70.84,71.76,70.91,70.78,64.9
08/29/2011,70.0,71.65,70.91,70.69,64.49
08/22/2011,70.47,71.25,70.93,70.59,64.08
08/15/2011,71.06,70.8,70.93,70.47,63.63
08/08/2011,71.87,70.69,71.03,70.31,63.24
08/01/2011,72.68,70.67,71.04,70.18,62.86
07/25/2011,73.31,71.0,71.13,70.12,62.51
07/18/2011,72.03,70.82,70.96,69.84,62.02
07/11/2011,70.53,70.49,70.74,69.5,61.54
07/04/2011,69.51,70.18,70.51,69.14,61.06
06/27/2011,68.65,70.06,70.29,68.81,60.6
06/20/2011,68.69,70.16,70.21,68.56,60.16
06/13/2011,69.61,70.6,70.26,68.39,59.81
06/06/2011,70.44,71.06,70.3,68.2,59.45
05/30/2011,70.86,71.36,70.12,67.92,59.04
05/23/2011,71.47,71.42,69.94,67.64,58.62
05/16/2011,71.63,71.27,69.67,67.18,58.15
05/09/2011,71.59,71.1,69.35,66.72,57.66
05/02/2011,71.68,71.0,69.0,66.24,57.17
04/25/2011,71.86,70.84,68.62,65.75,56.67
04/18/2011,71.37,70.52,68.19,65.18,56.14
04/11/2011,70.9,70.26,67.75,64.64,55.61
04/04/2011,70.62,69.93,67.28,64.1,55.07
03/28/2011,70.31,69.55,66.76,63.52,54.52
03/21/2011,69.82,68.88,66.2,62.93,53.96
03/14/2011,69.67,68.46,65.75,62.34,53.45
03/07/2011,69.62,68.08,65.14,61.74,52.93
02/28/2011,69.23,67.6,64.53,61.04,52.4
02/21/2011,68.78,67.01,63.86,60.39,51.87
02/14/2011,67.94,66.4,63.2,59.72,51.37
02/07/2011,67.26,65.86,62.51,59.02,50.89
01/31/2011,66.55,65.25,61.84,58.29,50.4
01/24/2011,65.97,64.63,61.19,57.57,49.89
01/17/2011,65.23,63.98,60.51,56.8,49.38
01/10/2011,64.86,63.52,59.96,56.18,48.9
01/03/2011,64.46,63.04,59.28,55.54,48.41
12/27/2010,63.95,62.2,58.57,54.9,47.93
12/20/2010,63.29,61.45,57.76,54.21,47.44
12/13/2010,62.74,60.71,57.09,53.59,46.95
12/06/2010,62.17,59.99,56.38,52.98,46.5
11/29/2010,61.61,59.16,55.61,52.4,46.05
11/22/2010,60.45,58.42,54.81,51.77,45.62
11/15/2010,59.61,57.75,54.04,51.23,45.19
11/08/2010,58.67,57.03,53.21,50.7,44.78
11/01/2010,57.82,56.4,52.51,50.17,44.4
10/25/2010,56.7,55.52,51.79,49.6,44.01
10/18/2010,56.4,54.93,51.25,49.11,43.7
10/11/2010,55.89,54.07,50.59,48.59,43.37
10/04/2010,55.39,53.47,50.04,48.09,43.06
09/27/2010,54.98,52.76,49.47,47.59,42.76
09/20/2010,54.34,52.06,49.02,47.1,42.46
09/13/2010,53.47,51.2,48.44,46.57,42.16
09/06/2010,52.25,50.34,47.97,46.04,41.85
08/30/2010,51.54,49.38,47.54,45.51,41.54
08/23/2010,50.54,48.62,47.06,45.0,41.23
08/16/2010,49.77,48.07,46.64,44.56,40.94
08/09/2010,48.94,47.56,46.2,44.12,40.67
08/02/2010,48.43,47.11,45.86,43.76,40.45
07/26/2010,47.23,46.61,45.41,43.36,40.2
07/19/2010,46.7,46.18,45.0,43.02,39.99
07/12/2010,46.36,45.98,44.63,42.75,39.76
07/05/2010,46.18,45.69,44.25,42.51,39.55
06/28/2010,45.78,45.6,43.89,42.21,39.33
06/21/2010,45.99,45.69,43.58,41.95,39.18
06/14/2010,45.66,45.49,43.18,41.61,38.98
06/07/2010,45.6,45.21,42.8,41.29,38.77
05/31/2010,45.19,44.85,42.4,40.96,38.57
05/24/2010,45.43,44.61,42.08,40.66,38.4
05/17/2010,45.38,44.21,41.73,40.31,38.21
05/10/2010,45.31,43.82,41.44,40.03,38.03
05/03/2010,44.83,43.28,41.14,39.71,37.8
04/26/2010,44.5,42.82,40.93,39.47,37.61
04/19/2010,43.79,42.18,40.51,39.15,37.33
04/12/2010,43.03,41.47,40.08,38.87,37.07
04/05/2010,42.33,40.88,39.67,38.63,36.87
03/29/2010,41.73,40.39,39.33,38.43,36.74
03/22/2010,41.13,39.95,39.02,38.28,36.64
03/15/2010,40.56,39.55,38.69,38.15,36.53
03/08/2010,39.9,39.25,38.36,38.03,36.45
03/01/2010,39.42,39.06,38.13,37.93,36.4
02/22/2010,39.05,39.0,37.92,37.83,36.34
02/15/2010,38.77,39.04,37.8,37.75,36.31
02/08/2010,38.55,38.85,37.64,37.65,36.27
02/01/2010,38.6,38.7,37.57,37.57,36.25
01/25/2010,38.7,38.47,37.51,37.46,36.22
01/18/2010,38.94,38.26,37.45,37.32,36.19
01/11/2010,39.31,38.09,37.45,37.23,36.17
01/04/2010,39.14,37.83,37.45,37.13,36.09
12/28/2009,38.8,37.47,37.42,37.05,36.07
12/21/2009,38.24,37.2,37.36,36.96,36.02
12/14/2009,37.58,36.85,37.24,36.78,35.97
12/07/2009,36.87,36.56,37.11,36.58,35.87
11/30/2009,36.51,36.44,37.06,36.46,35.81
11/23/2009,36.14,36.43,37.01,36.41,35.77
11/16/2009,36.16,36.55,36.95,36.34,35.86
11/09/2009,36.12,36.63,36.86,36.24,36.02
11/02/2009,36.25,36.8,36.79,36.18,36.22
10/26/2009,36.36,37.07,36.79,36.14,36.4
10/19/2009,36.72,37.37,36.84,36.11,36.59
10/12/2009,36.94,37.52,36.85,36.03,36.75
10/05/2009,37.14,37.63,36.74,35.9,36.9
09/28/2009,37.35,37.66,36.58,35.74,37.06
09/21/2009,37.78,37.67,36.47,35.5,37.23
09/14/2009,38.03,37.58,36.41,35.27,37.37
09/07/2009,38.1,37.35,36.24,35.11,37.47
08/31/2009,38.12,37.08,36.05,35.05,37.57
08/24/2009,37.96,36.78,35.87,35.01,37.65
08/17/2009,37.57,36.5,35.68,34.9,37.75
08/10/2009,37.13,36.3,35.47,34.87,37.89
08/03/2009,36.6,36.17,35.28,34.88,38.06
07/27/2009,36.05,35.85,35.04,34.85,38.27
07/20/2009,35.61,35.51,34.78,34.86,38.47
07/13/2009,35.44,35.26,34.41,34.88,38.72
07/06/2009,35.47,35.23,34.11,34.92,38.97
06/29/2009,35.74,35.13,33.99,34.98,39.27
06/22/2009,35.66,35.02,34.03,35.05,39.57
06/15/2009,35.41,34.95,34.12,35.12,39.9
06/08/2009,35.09,34.85,34.11,35.05,40.23
06/01/2009,35.0,34.65,34.16,35.09,40.53
05/25/2009,34.52,34.38,34.23,35.08,40.79
05/18/2009,34.38,34.22,34.35,35.17,41.07
05/11/2009,34.48,34.05,34.54,35.17,41.34
05/04/2009,34.61,33.56,34.69,35.17,41.63
04/27/2009,34.3,32.99,34.77,35.12,41.88
04/20/2009,34.24,32.85,34.91,35.37,42.17
04/13/2009,34.06,33.05,35.06,35.79,42.42
04/06/2009,33.61,33.29,35.21,36.27,42.67
03/30/2009,32.52,33.36,35.15,36.66,42.93
03/23/2009,31.68,33.67,35.31,37.07,43.2
03/16/2009,31.45,34.07,35.43,37.48,43.49
03/09/2009,32.03,34.48,35.64,37.9,43.75
03/02/2009,32.97,35.03,35.73,38.38,44.03
02/23/2009,34.2,35.82,35.97,38.97,44.37
02/16/2009,35.66,36.54,36.19,39.47,44.71
02/09/2009,36.69,36.97,36.63,39.83,45.03
02/02/2009,36.93,37.08,37.16,40.1,45.32
01/26/2009,37.09,37.12,37.76,40.3,45.58
01/19/2009,37.43,36.94,38.3,40.61,45.84
01/12/2009,37.42,36.95,38.76,40.91,46.08
01/05/2009,37.25,36.78,39.18,41.25,46.37
12/29/2008,37.22,36.8,39.61,41.69,46.69
12/22/2008,37.15,36.43,40.06,42.08,46.98
12/15/2008,36.44,36.13,40.54,42.55,47.25
12/08/2008,36.48,35.83,40.93,43.02,47.58
12/01/2008,36.32,36.3,41.26,43.56,47.89
11/24/2008,36.38,37.24,41.61,44.1,48.26
11/17/2008,35.7,38.4,41.89,44.68,48.64
11/10/2008,35.82,39.67,42.44,45.4,49.1
11/03/2008,35.18,40.58,42.88,45.96,49.47
10/27/2008,36.28,41.58,43.48,46.49,49.89
10/20/2008,38.1,42.43,44.14,46.98,50.26
10/13/2008,41.09,43.69,44.91,47.52,50.63
10/06/2008,43.52,44.96,45.76,48.09,50.99
09/29/2008,45.98,46.03,46.61,48.64,51.35
09/22/2008,46.89,46.23,47.19,48.96,51.58
09/15/2008,46.75,45.98,47.53,49.06,51.7
09/08/2008,46.3,45.38,47.83,49.07,51.74
09/01/2008,46.39,45.21,48.27,49.21,51.84
08/25/2008,46.09,45.19,48.65,49.33,51.97
08/18/2008,45.57,45.39,48.95,49.5,52.1
08/11/2008,45.21,45.85,49.25,49.59,52.24
08/04/2008,44.46,46.14,49.43,49.67,52.35
07/28/2008,44.03,46.57,49.66,49.78,52.48
07/21/2008,44.29,47.19,49.95,49.95,52.64
07/14/2008,45.2,48.14,50.32,50.23,52.84
07/07/2008,46.5,49.08,50.6,50.54,53.03
06/30/2008,47.81,50.27,50.91,50.86,53.23
06/23/2008,49.12,51.33,51.2,51.07,53.42
06/16/2008,50.08,52.12,51.4,51.25,53.56
06/09/2008,51.08,52.51,51.56,51.5,53.65
06/02/2008,51.67,52.65,51.46,51.69,53.7
05/26/2008,52.73,52.72,51.44,51.88,53.75
05/19/2008,53.54,52.75,51.39,51.95,53.78
05/12/2008,54.15,52.7,51.34,52.14,53.8
05/05/2008,53.94,52.5,51.27,52.23,53.79
04/28/2008,53.63,52.12,51.26,52.42,53.77
04/21/2008,52.71,51.55,51.15,52.59,53.74
04/14/2008,51.97,51.08,50.94,52.79,53.7
04/07/2008,51.26,50.68,50.82,52.97,53.73
03/31/2008,51.07,50.62,50.99,53.28,53.78
03/24/2008,50.61,50.27,51.21,53.55,53.84
03/17/2008,50.38,50.16,51.46,53.74,53.93
03/10/2008,50.19,50.02,51.54,53.89,53.97
03/03/2008,50.11,49.97,51.85,54.07,54.05
02/25/2008,50.17,50.03,52.09,54.2,54.13
02/18/2008,49.92,50.41,52.57,54.35,54.25
02/11/2008,49.94,50.75,53.11,54.41,54.4
02/04/2008,49.84,50.8,53.64,54.47,54.52
01/28/2008,49.83,50.95,54.12,54.61,54.64
01/21/2008,49.9,51.37,54.61,54.7,54.73
01/14/2008,50.89,52.15,55.19,54.89,54.86
01/07/2008,51.56,52.77,55.53,55.04,54.96
12/31/2007,51.76,53.07,55.83,55.18,55.04
12/24/2007,52.07,53.74,56.12,55.32,55.11
12/17/2007,52.84,54.14,56.29,55.46,55.1
12/10/2007,53.41,54.73,56.32,55.53,55.06
12/03/2007,53.98,55.48,56.24,55.61,55.02
11/26/2007,54.38,56.48,56.31,55.77,55.01
11/19/2007,55.4,57.29,56.44,55.87,55.01
11/12/2007,55.45,57.85,56.36,55.8,54.96
11/05/2007,56.05,58.24,56.27,55.71,54.89
10/29/2007,56.98,58.29,56.17,55.62,54.85
10/22/2007,58.59,58.59,56.23,55.61,54.82
10/15/2007,59.18,58.5,56.12,55.47,54.72
10/08/2007,60.24,58.43,56.12,55.35,54.63
10/01/2007,60.43,57.9,55.93,55.12,54.5
09/24/2007,59.59,56.99,55.68,54.88,54.33
09/17/2007,58.6,56.14,55.42,54.61,54.15
09/10/2007,57.83,55.59,55.16,54.49,53.98
09/03/2007,56.62,54.88,54.78,54.29,53.78
08/27/2007,55.38,54.3,54.45,54.14,53.61
08/20/2007,54.39,54.06,54.28,54.11,53.52
08/13/2007,53.67,53.87,54.12,54.06,53.45
08/06/2007,53.34,53.73,53.96,54.03,53.38
07/30/2007,53.14,53.81,53.81,54.05,53.32
07/23/2007,53.21,53.96,53.73,54.16,53.28
07/16/2007,53.72,54.37,53.83,54.39,53.28
07/09/2007,54.06,54.7,53.85,54.57,53.24
07/02/2007,54.12,54.73,53.94,54.67,53.19
06/25/2007,54.48,54.68,53.99,54.75,53.14
06/18/2007,54.71,54.61,54.06,54.82,53.08
06/11/2007,55.02,54.51,54.14,54.89,53.04
06/04/2007,55.35,54.37,54.15,54.9,52.97
05/28/2007,55.34,54.18,54.18,54.89,52.92
05/21/2007,54.87,53.81,54.17,54.74,52.85
05/14/2007,54.5,53.5,54.26,54.58,52.81
05/07/2007,53.99,53.28,54.4,54.42,52.77
04/30/2007,53.39,53.0,54.51,54.25,52.72
04/23/2007,53.02,53.15,54.64,54.16,52.7
04/16/2007,52.75,53.3,54.79,54.11,52.69
04/09/2007,52.49,53.51,54.93,54.07,52.69
04/02/2007,52.57,53.78,55.08,54.08,52.7
03/26/2007,52.61,53.93,55.17,54.03,52.69
03/19/2007,53.27,54.17,55.24,53.98,52.68
03/12/2007,53.85,54.54,55.21,53.92,52.69
03/05/2007,54.53,55.02,55.13,53.88,52.68
02/26/2007,54.98,55.53,54.99,53.79,52.68
02/19/2007,55.26,56.02,54.87,53.69,52.69
02/12/2007,55.07,56.13,54.66,53.47,52.64
02/05/2007,55.22,56.29,54.52,53.28,52.61
01/29/2007,55.51,56.35,54.35,53.08,52.57
01/22/2007,56.08,56.38,54.24,52.93,52.53
01/15/2007,56.77,56.41,54.08,52.85,52.51
01/08/2007,57.19,56.31,53.88,52.73,52.47
01/01/2007,57.35,55.88,53.61,52.6,52.42
12/25/2006,57.19,55.23,53.31,52.4,52.35
12/18/2006,56.68,54.44,52.92,52.16,52.25
12/11/2006,56.05,53.73,52.52,51.91,52.16
12/04/2006,55.44,53.19,52.14,51.71,52.07
11/27/2006,54.41,52.76,51.78,51.52,52.0
11/20/2006,53.27,52.35,51.45,51.34,51.94
11/13/2006,52.21,52.1,51.21,51.19,51.9
11/06/2006,51.4,51.74,51.06,51.05,51.87
10/30/2006,50.95,51.45,50.94,50.96,51.85
10/23/2006,51.1,51.34,50.96,50.97,51.86
10/16/2006,51.42,51.38,50.98,51.04,51.89
10/09/2006,51.98,51.39,51.02,51.13,51.93
10/02/2006,52.09,51.32,51.0,51.2,51.97
09/25/2006,51.94,51.1,50.96,51.24,52.01
09/18/2006,51.57,50.81,50.9,51.26,52.03
09/11/2006,51.34,50.55,50.83,51.31,52.07
09/04/2006,50.8,50.32,50.74,51.31,52.09
08/28/2006,50.54,50.39,50.7,51.34,52.14
08/21/2006,50.25,50.43,50.71,51.39,52.19
08/14/2006,50.04,50.58,50.78,51.47,52.24
08/07/2006,49.75,50.58,50.87,51.48,52.31
07/31/2006,49.83,50.65,51.0,51.58,52.34
07/24/2006,50.23,50.69,51.15,51.7,52.37
07/17/2006,50.61,50.83,51.31,51.81,52.4
07/10/2006,51.12,50.99,51.49,51.93,52.44
07/03/2006,51.41,51.12,51.69,52.05,52.48
06/26/2006,51.47,51.16,51.81,52.13,52.48
06/19/2006,51.15,51.01,51.82,52.17,52.48
06/12/2006,51.05,50.99,51.87,52.22,52.47
06/05/2006,50.87,50.99,51.91,52.25,52.44
05/29/2006,50.83,51.16,51.93,52.3,52.44
05/22/2006,50.84,51.36,52.05,52.33,52.45
05/15/2006,50.86,51.61,52.2,52.41,52.48
05/08/2006,50.94,51.8,52.31,52.44,52.51
05/01/2006,51.11,51.99,52.4,52.48,52.53
04/24/2006,51.49,52.27,52.52,52.55,52.58
04/17/2006,51.87,52.47,52.62,52.61,52.61
04/10/2006,52.35,52.64,52.75,52.69,52.64
04/03/2006,52.65,52.75,52.83,52.73,52.67
03/27/2006,52.87,52.83,52.88,52.75,52.69
03/20/2006,53.04,52.71,52.87,52.74,52.71
03/13/2006,53.08,52.74,52.82,52.74,52.71
03/06/2006,52.93,52.79,52.82,52.73,52.7
02/27/2006,52.84,52.82,52.77,52.77,52.69
02/20/2006,52.8,52.82,52.73,52.81,52.68
02/13/2006,52.37,52.77,52.69,52.83,52.67
02/06/2006,52.4,52.77,52.68,52.87,52.65
01/30/2006,52.65,52.86,52.71,52.94,52.64
01/23/2006,52.79,52.91,52.73,52.99,52.64
01/16/2006,52.84,52.93,52.71,53.01,52.64
01/09/2006,53.17,53.03,52.76,53.13,52.66
01/02/2006,53.15,52.9,52.73,53.09,52.64
12/26/2005,53.07,52.84,52.7,53.04,52.63
12/19/2005,53.02,52.71,52.75,52.99,52.62
12/12/2005,53.02,52.64,52.8,52.96,52.57
12/05/2005,52.88,52.61,52.87,52.91,52.48
11/28/2005,52.65,52.58,52.92,52.82,52.4
11/21/2005,52.61,52.56,52.98,52.78,52.36
11/14/2005,52.41,52.55,53.03,52.73,52.33
11/07/2005,52.27,52.5,53.06,52.64,52.3
10/31/2005,52.33,52.5,53.18,52.59,52.25
10/24/2005,52.51,52.57,53.19,52.58,52.22
10/17/2005,52.51,52.56,53.14,52.55,52.17
10/10/2005,52.69,52.79,53.13,52.57,52.14
10/03/2005,52.72,52.96,53.11,52.59,52.09
09/26/2005,52.66,53.12,53.07,52.6,52.01
09/19/2005,52.63,53.26,52.94,52.62,51.9
09/12/2005,52.6,53.39,52.89,52.6,51.77
09/05/2005,52.89,53.5,52.82,52.6,51.66
08/29/2005,53.19,53.62,52.71,52.63,51.58
08/22/2005,53.59,53.87,52.63,52.67,51.48
08/15/2005,53.88,53.8,52.58,52.69,51.39
08/08/2005,54.18,53.72,52.55,52.68,51.3
08/01/2005,54.12,53.47,52.46,52.61,51.18
07/25/2005,54.05,53.27,52.4,52.56,51.06
07/18/2005,54.14,53.01,52.35,52.5,50.93
07/11/2005,53.72,52.62,52.3,52.42,50.78
07/04/2005,53.25,52.39,52.2,52.34,50.62
06/27/2005,52.83,52.13,52.15,52.3,50.46
06/20/2005,52.49,51.8,52.14,52.27,50.32
06/13/2005,51.88,51.4,52.08,52.18,50.18
06/06/2005,51.51,51.35,52.13,52.19,50.11
05/30/2005,51.54,51.39,52.16,52.23,50.05
05/23/2005,51.44,51.44,52.18,52.24,50.0
05/16/2005,51.12,51.54,52.2,52.18,49.95
05/09/2005,50.91,51.68,52.24,52.05,49.86
05/02/2005,51.19,51.98,52.32,51.98,49.81
04/25/2005,51.24,52.0,52.31,51.94,49.72
04/18/2005,51.45,52.17,52.38,51.93,49.64
04/11/2005,51.95,52.48,52.5,51.95,49.59
04/04/2005,52.44,52.76,52.58,51.91,49.53
03/28/2005,52.77,52.9,52.61,51.87,49.48
03/21/2005,52.77,52.93,52.64,51.79,49.34
03/14/2005,52.88,52.92,52.64,51.71,49.18
03/07/2005,53.01,52.86,52.5,51.59,49.02
02/28/2005,53.07,52.8,52.24,51.41,48.84
02/21/2005,53.04,52.67,51.99,51.18,48.66
02/14/2005,53.09,52.62,51.91,50.95,48.48
02/07/2005,52.96,52.6,51.82,50.73,48.28
01/31/2005,52.72,52.51,51.69,50.52,48.07
01/24/2005,52.53,52.4,51.48,50.29,47.88
01/17/2005,52.3,52.31,51.36,50.1,47.68
01/10/2005,52.16,52.36,51.22,49.93,47.47
01/03/2005,52.24,52.35,51.11,49.75,47.27
12/27/2004,52.3,52.14,50.95,49.57,47.07
12/20/2004,52.26,51.68,50.72,49.36,46.86
12/13/2004,52.32,51.3,50.44,49.15,46.66
12/06/2004,52.56,51.2,50.12,48.9,46.47
11/29/2004,52.46,51.03,49.79,48.61,46.26
11/22/2004,51.98,50.86,49.52,48.37,46.06
11/15/2004,51.1,50.57,49.24,48.17,45.84
11/08/2004,50.29,50.41,49.0,48.03,45.65
11/01/2004,49.84,50.08,48.71,47.88,45.44
10/25/2004,49.6,49.87,48.45,47.76,45.26
10/18/2004,49.74,49.76,48.29,47.72,45.11
10/11/2004,50.04,49.76,48.19,47.67,44.99
10/04/2004,50.53,49.58,48.07,47.64,44.86
09/27/2004,50.33,49.03,47.75,47.49,44.69
09/20/2004,50.13,48.54,47.41,47.34,44.51
09/13/2004,49.77,48.18,47.13,47.23,44.33
09/06/2004,49.48,47.92,46.97,47.16,44.2
08/30/2004,48.62,47.59,46.85,47.08,44.07
08/23/2004,47.74,47.34,46.78,46.89,43.94
08/16/2004,46.95,47.03,46.7,46.65,43.8
08/09/2004,46.58,46.82,46.69,46.45,43.67
08/02/2004,46.36,46.63,46.63,46.26,43.57
07/26/2004,46.56,46.56,46.67,46.13,43.49
07/19/2004,46.94,46.47,46.72,46.01,43.42
07/12/2004,47.11,46.27,46.74,45.83,43.32
07/05/2004,47.05,46.08,46.75,45.63,43.2
06/28/2004,46.9,46.02,46.77,45.46,43.07
06/21/2004,46.56,46.1,46.82,45.25,42.92
06/14/2004,46.01,46.22,46.66,45.01,42.77
06/07/2004,45.43,46.38,46.46,44.78,42.59
05/31/2004,45.11,46.57,46.27,44.56,42.44
05/24/2004,45.14,46.63,46.08,44.37,42.3
05/17/2004,45.65,46.78,45.92,44.18,42.15
05/10/2004,46.44,46.97,45.78,44.03,42.02
05/03/2004,47.33,47.21,45.61,43.91,41.89
04/26/2004,48.03,47.42,45.41,43.75,41.73
04/19/2004,48.11,47.53,45.17,43.52,41.55
04/12/2004,47.9,47.54,44.82,43.26,41.36
04/05/2004,47.5,47.1,44.41,43.0,41.16
03/29/2004,47.08,46.55,43.98,42.77,40.93
03/22/2004,46.81,45.96,43.55,42.5,40.69
03/15/2004,46.95,45.53,43.24,42.31,40.48
03/08/2004,47.18,45.06,42.88,42.07,40.3
03/01/2004,46.7,44.59,42.56,41.89,40.13
02/23/2004,46.01,44.02,42.26,41.67,39.95
02/16/2004,45.11,43.39,41.91,41.44,39.77
02/09/2004,44.11,42.82,41.52,41.24,39.58
02/02/2004,42.93,42.1,41.12,41.05,39.38
01/26/2004,42.48,41.72,40.96,40.99,39.26
01/19/2004,42.04,41.42,40.88,40.95,39.19
01/12/2004,41.67,41.14,40.77,40.9,39.12
01/05/2004,41.53,40.95,40.69,40.89,39.08
12/29/2003,41.27,40.71,40.58,40.85,39.04
12/22/2003,40.95,40.54,40.54,40.84,39.02
12/15/2003,40.8,40.49,40.5,40.81,39.01
12/08/2003,40.62,40.43,40.47,40.76,39.01
12/01/2003,40.37,40.22,40.45,40.69,39.01
11/24/2003,40.15,40.14,40.53,40.59,39.01
11/17/2003,40.12,40.2,40.62,40.52,39.03
11/10/2003,40.18,40.33,40.71,40.41,39.04
11/03/2003,40.23,40.4,40.78,40.32,39.09
10/27/2003,40.06,40.44,40.85,40.23,39.15
10/20/2003,40.14,40.45,40.92,40.13,39.21
10/13/2003,40.28,40.55,40.99,40.01,39.28
10/06/2003,40.49,40.5,40.98,39.88,39.33
09/29/2003,40.57,40.5,40.93,39.71,39.39
09/22/2003,40.82,40.68,40.93,39.59,39.46
09/15/2003,40.77,40.91,40.82,39.45,39.51
09/08/2003,40.81,41.04,40.69,39.31,39.52
09/01/2003,40.52,41.1,40.45,39.1,39.48
08/25/2003,40.43,41.16,40.28,38.88,39.48
08/18/2003,40.53,41.27,40.12,38.66,39.49
08/11/2003,41.05,41.4,39.96,38.53,39.5
08/04/2003,41.28,41.43,39.74,38.37,39.5
07/28/2003,41.67,41.45,39.57,38.23,39.51
07/21/2003,41.88,41.36,39.31,38.1,39.54
07/14/2003,42.0,41.18,39.04,37.92,39.55
07/07/2003,41.74,40.73,38.73,37.71,39.56
06/30/2003,41.59,40.33,38.44,37.54,39.56
06/23/2003,41.22,39.8,38.09,37.43,39.58
06/16/2003,40.85,39.41,37.74,37.35,39.63
06/09/2003,40.37,38.97,37.36,37.28,39.65
06/02/2003,39.71,38.53,37.1,37.22,39.65
05/26/2003,39.07,38.04,36.83,37.2,39.65
05/19/2003,38.37,37.69,36.63,37.21,39.65
05/12/2003,37.97,37.26,36.47,37.25,39.67
05/05/2003,37.58,36.9,36.29,37.32,39.69
04/28/2003,37.34,36.73,36.21,37.42,39.73
04/21/2003,37.0,36.55,36.14,37.53,39.76
04/14/2003,37.02,36.39,36.25,37.67,39.81
04/07/2003,36.54,36.07,36.31,37.85,39.83
03/31/2003,36.22,35.76,36.43,38.07,39.85
03/24/2003,36.11,35.68,36.56,38.3,39.88
03/17/2003,36.1,35.63,36.78,38.55,39.92
03/10/2003,35.77,35.56,36.97,38.78,39.95
03/03/2003,35.59,35.69,37.25,39.08,39.99
02/24/2003,35.29,35.69,37.53,39.33,40.03
02/17/2003,35.25,35.69,37.77,39.57,40.07
02/10/2003,35.16,35.73,38.02,39.73,40.1
02/03/2003,35.35,36.11,38.3,39.87,40.14
01/27/2003,35.78,36.56,38.75,40.08,40.19
01/20/2003,36.09,37.1,39.23,40.31,40.26
01/13/2003,36.13,37.45,39.62,40.46,40.28
01/06/2003,36.31,37.93,40.01,40.62,40.31
12/30/2002,36.86,38.38,40.39,40.78,40.36
12/23/2002,37.34,38.81,40.78,40.98,40.41
12/16/2002,38.11,39.37,41.15,41.19,40.48
12/09/2002,38.76,39.85,41.52,41.4,40.53
12/02/2002,39.55,40.31,41.73,41.59,40.58
11/25/2002,39.89,40.5,41.75,41.72,40.6
11/18/2002,40.29,40.93,41.85,41.91,40.62
11/11/2002,40.63,41.37,41.92,42.03,40.61
11/04/2002,40.94,41.79,41.97,42.09,40.54
10/28/2002,41.07,42.08,41.97,42.09,40.48
10/21/2002,41.11,42.41,41.99,42.1,40.42
10/14/2002,41.58,42.75,42.06,42.09,40.34
10/07/2002,42.11,42.94,42.09,42.07,40.28
09/30/2002,42.64,43.18,42.18,42.03,40.22
09/23/2002,43.09,43.16,42.22,41.98,40.15
09/16/2002,43.71,43.0,42.33,41.95,40.09
09/09/2002,43.91,42.76,42.4,41.81,39.96
09/02/2002,43.77,42.48,42.36,41.62,39.78
08/26/2002,43.73,42.14,42.24,41.46,39.6
08/19/2002,43.22,41.86,42.09,41.29,39.44
08/12/2002,42.3,41.57,41.94,41.11,39.21
08/05/2002,41.61,41.37,41.76,40.91,39.05
07/29/2002,41.18,41.25,41.63,40.73,38.9
07/22/2002,40.56,41.17,41.45,40.57,38.77
07/15/2002,40.49,41.29,41.4,40.47,38.68
07/08/2002,40.84,41.66,41.42,40.41,38.6
07/01/2002,41.13,42.04,41.33,40.3,38.47
06/24/2002,41.31,42.23,41.19,40.21,38.27
06/17/2002,41.78,42.34,41.11,40.1,38.08
06/10/2002,42.09,42.33,41.01,39.99,37.89
06/03/2002,42.48,42.31,40.89,39.93,37.7
05/27/2002,42.96,42.16,40.67,39.84,37.46
05/20/2002,43.15,42.02,40.48,39.77,37.23
05/13/2002,42.91,41.74,40.27,39.66,37.0
05/06/2002,42.58,41.5,40.06,39.58,36.75
04/29/2002,42.15,41.19,39.79,39.47,36.5
04/22/2002,41.36,40.62,39.43,39.32,36.25
04/15/2002,40.88,40.14,39.2,39.2,36.01
04/08/2002,40.56,39.88,38.98,38.98,35.77
04/01/2002,40.43,39.69,38.81,38.86,35.53
03/25/2002,40.23,39.46,38.73,38.74,35.31
03/18/2002,39.88,39.19,38.68,38.59,35.08
03/11/2002,39.4,38.93,38.64,38.49,34.85
03/04/2002,39.2,38.8,38.62,38.42,34.64
02/25/2002,38.96,38.62,38.61,38.32,34.44
02/18/2002,38.69,38.4,38.62,38.23,34.24
02/11/2002,38.51,38.24,38.68,38.12,34.09
02/04/2002,38.46,38.25,38.73,37.94,33.9
01/28/2002,38.39,38.07,38.53,37.75,33.72
01/21/2002,38.28,37.94,38.44,37.58,33.56
01/14/2002,38.1,38.01,38.38,37.3,33.33
01/07/2002,37.98,38.16,38.28,37.19,33.11
12/31/2001,38.04,38.35,38.27,37.07,32.89
12/24/2001,37.74,38.45,38.23,36.98,32.67
12/17/2001,37.59,38.6,38.17,36.9,32.49
12/10/2001,37.92,38.84,38.14,36.78,32.34
12/03/2001,38.34,39.11,38.05,36.63,32.21
11/26/2001,38.66,39.21,37.79,36.34,32.06
11/19/2001,39.15,39.0,37.59,36.07,31.93
11/12/2001,39.62,38.95,37.41,35.79,31.79
11/05/2001,39.76,38.74,36.95,35.47,31.63
10/29/2001,39.88,38.4,36.71,35.09,31.49
10/22/2001,39.77,38.19,36.44,34.7,31.33
10/15/2001,38.85,38.02,36.24,34.33,31.16
10/08/2001,38.28,37.74,36.05,33.92,30.99
10/01/2001,37.72,37.45,35.75,33.53,30.86
09/24/2001,36.93,37.0,35.39,33.18,30.72
09/17/2001,36.61,36.36,34.9,32.82,30.59
09/10/2001,37.18,36.18,34.6,32.55,30.52
09/03/2001,37.19,35.87,34.21,32.2,30.41
08/27/2001,37.18,35.15,33.84,31.88,30.32
08/20/2001,37.07,35.01,33.43,31.58,30.21
08/13/2001,36.11,34.69,32.96,31.2,30.1
08/06/2001,35.18,34.47,32.49,30.86,29.96
07/30/2001,34.54,34.36,32.01,30.55,29.83
07/23/2001,33.13,34.06,31.57,30.25,29.68
07/16/2001,32.95,33.78,31.27,30.06,29.54
07/09/2001,33.27,33.44,31.05,29.85,29.45
07/02/2001,33.77,33.03,30.74,29.7,29.37
06/25/2001,34.17,32.56,30.37,29.53,29.27
06/18/2001,34.99,32.53,30.25,29.36,29.25
06/11/2001,34.61,31.84,29.86,29.03,29.16
06/04/2001,33.61,31.22,29.46,28.7,29.05
05/28/2001,32.28,30.51,29.05,28.37,28.95
05/21/2001,30.94,29.66,28.65,28.08,28.87
05/14/2001,30.07,29.09,28.35,27.9,28.84
05/07/2001,29.07,28.76,28.2,27.79,28.82
04/30/2001,28.83,28.65,28.06,27.78,28.85
04/23/2001,28.74,28.44,28.03,27.79,28.87
04/16/2001,28.39,28.19,28.02,27.8,28.9
04/09/2001,28.11,27.98,27.78,27.79,28.93
04/02/2001,28.45,27.88,27.63,27.89,28.96
03/26/2001,28.47,27.7,27.44,27.96,28.96
03/19/2001,28.15,27.59,27.29,27.99,28.97
03/12/2001,27.99,27.63,27.29,28.07,29.02
03/05/2001,27.84,27.61,27.31,28.18,29.05
02/26/2001,27.31,27.64,27.31,28.25,29.06
02/19/2001,26.93,27.46,27.34,28.36,29.06
02/12/2001,27.03,27.62,27.46,28.49,29.15
02/05/2001,27.28,27.85,27.6,28.62,29.24
01/29/2001,27.39,27.59,27.7,28.75,29.32
01/22/2001,27.96,27.37,27.89,28.84,29.41
01/15/2001,28.0,27.17,28.09,29.0,29.5
01/08/2001,28.22,27.0,28.19,29.07,29.59
01/01/2001,28.42,26.94,28.28,29.1,29.67
12/25/2000,27.79,27.0,28.46,29.1,29.73
12/18/2000,26.78,26.98,28.56,29.03,29.77
12/11/2000,26.34,27.22,28.81,29.05,29.85
12/04/2000,25.78,27.3,28.93,29.05,29.89
11/27/2000,25.46,27.35,29.0,29.01,29.93
11/20/2000,26.2,27.82,29.32,29.13,30.04
11/13/2000,27.18,28.42,29.57,29.3,30.15
11/06/2000,28.1,29.02,29.91,29.41,30.22
10/30/2000,28.83,29.39,30.11,29.52,30.28
10/23/2000,29.24,29.62,30.18,29.66,30.29
10/16/2000,29.43,29.93,30.15,29.79,30.28
10/09/2000,29.65,30.14,30.05,29.85,30.23
10/02/2000,29.93,30.4,29.97,29.92,30.19
09/25/2000,29.95,30.55,29.92,29.96,30.14
09/18/2000,30.0,30.65,29.84,30.01,30.12
09/11/2000,30.43,30.83,29.79,30.06,30.08
09/04/2000,30.63,30.73,29.74,30.02,30.02
08/28/2000,30.88,30.81,29.6,29.97,29.96
08/21/2000,31.15,30.82,29.59,29.96,29.93
08/14/2000,31.29,30.74,29.67,29.97,29.88
08/07/2000,31.24,30.38,29.72,29.92,29.81
07/31/2000,30.84,29.96,29.71,29.86,29.73
07/24/2000,30.74,29.54,29.69,29.76,29.65
07/17/2000,30.49,29.29,29.66,29.81,29.58
07/10/2000,30.19,29.04,29.69,29.87,29.53
07/03/2000,29.51,28.74,29.68,29.9,29.46
06/26/2000,29.08,28.74,29.67,29.98,29.41
06/19/2000,28.34,28.4,29.55,30.0,29.33
06/12/2000,28.1,28.36,29.53,30.11,29.29
06/05/2000,27.89,28.61,29.58,30.23,29.26
05/29/2000,27.96,29.06,29.69,30.37,29.25
05/22/2000,28.4,29.46,29.81,30.51,29.24
05/15/2000,28.46,29.83,29.87,30.64,29.23
05/08/2000,28.63,30.03,30.07,30.74,29.21
05/01/2000,29.33,30.35,30.28,30.86,29.22
04/24/2000,30.16,30.61,30.48,30.96,29.22
04/17/2000,30.53,30.6,30.61,31.0,29.19
04/10/2000,31.2,30.69,30.8,31.04,29.17
04/03/2000,31.43,30.69,30.99,31.04,29.16
03/27/2000,31.38,30.55,31.05,30.93,29.1
03/20/2000,31.06,30.31,31.02,30.76,29.04
03/13/2000,30.68,30.17,31.03,30.61,29.02
03/06/2000,30.18,29.92,31.05,30.46,29.0
02/28/2000,29.95,30.12,31.1,30.33,29.0
02/21/2000,29.73,30.22,31.11,30.22,29.01
02/14/2000,29.55,30.35,31.13,30.1,29.01
02/07/2000,29.65,30.61,31.2,30.03,28.99
01/31/2000,29.65,30.91,31.21,29.96,28.96
01/24/2000,30.28,31.29,31.21,29.89,28.91
01/17/2000,30.7,31.54,31.12,29.8,28.86
01/10/2000,31.15,31.73,30.99,29.7,28.8
01/03/2000,31.58,31.89,30.83,29.59,28.74
12/27/1999,32.18,32.18,30.73,29.53,28.69
12/20/1999,32.3,32.08,30.44,29.35,28.6
12/13/1999,32.38,32.0,30.23,29.19,28.5
12/06/1999,32.31,31.92,29.98,29.02,28.39
11/29/1999,32.2,31.79,29.73,28.83,28.27
11/22/1999,32.18,31.52,29.49,28.67,28.15
11/15/1999,31.85,31.13,29.2,28.47,28.05
11/08/1999,31.63,30.7,28.93,28.29,27.99
11/01/1999,31.52,30.25,28.68,28.13,27.91
10/25/1999,31.38,29.77,28.45,27.97,27.83
10/18/1999,30.85,29.28,28.21,27.82,27.72
10/11/1999,30.4,28.8,27.98,27.68,27.68
10/04/1999,29.76,28.45,27.78,27.58,27.64
09/27/1999,28.98,28.04,27.57,27.48,27.63
09/20/1999,28.15,27.67,27.35,27.37,27.62
09/13/1999,27.7,27.46,27.24,27.3,27.64
09/06/1999,27.2,27.27,27.15,27.28,27.66
08/30/1999,27.14,27.16,27.09,27.28,27.72
08/23/1999,27.11,27.12,27.08,27.31,27.78
08/16/1999,27.19,27.13,27.08,27.43,27.82
08/09/1999,27.22,27.14,27.09,27.54,27.85
08/02/1999,27.33,27.17,27.12,27.68,27.91
07/26/1999,27.18,27.11,27.14,27.79,27.95
07/19/1999,27.13,27.09,27.2,27.92,28.01
07/12/1999,27.06,27.03,27.22,27.95,28.03
07/05/1999,27.06,27.02,27.22,27.95,28.07
06/28/1999,27.0,27.03,27.29,27.94,28.13
06/21/1999,27.03,27.02,27.34,27.93,28.2
06/14/1999,27.05,27.04,27.41,27.9,28.28
06/07/1999,27.0,27.03,27.59,27.88,28.39
05/31/1999,26.98,27.04,27.73,27.86,28.43
05/24/1999,27.05,27.07,27.93,27.85,28.48
05/17/1999,27.0,27.17,28.14,27.81,28.56
05/10/1999,27.03,27.31,28.34,27.76,28.62
05/03/1999,27.05,27.41,28.4,27.7,28.67
04/26/1999,27.1,27.42,28.41,27.63,28.72
04/19/1999,27.08,27.55,28.39,27.63,28.76
04/12/1999,27.34,27.66,28.38,27.69,28.81
04/05/1999,27.59,27.78,28.33,27.69,28.83
03/29/1999,27.76,28.15,28.3,27.68,28.86
03/22/1999,27.74,28.43,28.27,27.63,28.89
03/15/1999,28.01,28.8,28.25,27.68,28.91
03/08/1999,27.98,29.1,28.13,27.71,28.92
03/01/1999,27.98,29.38,27.99,27.77,28.93
02/22/1999,28.53,29.4,27.84,27.86,28.95
02/15/1999,29.11,29.41,27.74,27.97,29.0
02/08/1999,29.59,29.23,27.68,28.04,29.0
02/01/1999,30.23,29.11,27.7,28.16,29.02
01/25/1999,30.78,28.88,27.65,28.25,29.03
01/18/1999,30.28,28.46,27.45,28.2,29.01
01/11/1999,29.7,28.11,27.23,28.17,29.0
01/04/1999,28.88,27.69,27.13,28.14,28.98
12/28/1998,27.99,27.15,27.02,28.11,28.96
12/21/1998,26.99,26.6,26.97,28.09,28.93
12/14/1998,26.64,26.29,27.09,28.1,28.97
12/07/1998,26.51,26.07,27.25,28.18,29.04
11/30/1998,26.51,26.12,27.44,28.32,29.12
11/23/1998,26.31,26.29,27.68,28.46,29.22
11/16/1998,26.21,26.41,27.93,28.66,29.35
11/09/1998,25.94,26.44,28.07,28.89,29.42
11/02/1998,25.63,26.36,28.2,29.0,29.55
10/26/1998,25.73,26.56,28.36,29.11,29.67
10/19/1998,26.28,26.88,28.59,29.32,29.79
10/12/1998,26.61,27.34,28.83,29.48,29.9
10/05/1998,26.94,27.9,29.01,29.64,30.02
09/28/1998,27.09,28.44,29.24,29.8,30.16
09/21/1998,27.39,28.76,29.43,29.89,30.28
09/14/1998,27.49,29.08,29.55,29.93,30.4
09/07/1998,28.06,29.46,29.78,29.98,30.54
08/31/1998,28.86,29.71,30.12,30.05,30.74
08/24/1998,29.79,30.04,30.32,30.14,30.94
08/17/1998,30.14,30.16,30.39,30.13,31.07
08/10/1998,30.66,30.31,30.54,30.12,31.09
08/03/1998,30.85,30.33,30.55,30.09,31.08
07/27/1998,30.55,30.13,30.51,30.05,31.06
07/20/1998,30.3,30.04,30.48,30.03,31.03
07/13/1998,30.18,30.09,30.46,29.96,31.01
07/06/1998,29.95,30.03,30.36,29.89,30.97
06/29/1998,29.8,30.1,30.24,29.81,30.93
06/22/1998,29.7,30.54,30.22,29.82,30.92
06/15/1998,29.78,30.59,30.19,29.83,30.91
06/08/1998,30.0,30.63,30.11,29.82,30.88
06/01/1998,30.1,30.78,30.03,29.8,30.86
05/25/1998,30.4,30.78,29.97,29.78,30.83
05/18/1998,31.38,30.9,30.01,29.84,30.83
05/11/1998,31.4,30.93,30.02,29.89,30.84
05/04/1998,31.25,30.83,29.89,29.91,30.84
04/27/1998,31.45,30.69,29.82,29.99,30.86
04/20/1998,31.15,30.38,29.67,30.04,30.84
04/13/1998,30.43,29.9,29.46,29.95,30.81
04/06/1998,30.45,29.8,29.44,30.1,30.83
03/30/1998,30.4,29.6,29.41,30.23,30.84
03/23/1998,29.93,29.29,29.31,30.26,30.83
03/16/1998,29.6,29.16,29.28,30.33,30.86
03/09/1998,29.38,29.11,29.31,30.4,30.85
03/02/1998,29.15,29.11,29.38,30.52,30.8
02/23/1998,28.8,28.96,29.45,30.68,30.74
02/16/1998,28.65,28.95,29.63,30.86,30.73
02/09/1998,28.73,28.96,29.88,31.1,30.72
02/02/1998,28.85,29.03,29.97,31.43,30.75
01/26/1998,29.08,29.09,30.25,31.73,30.73
01/19/1998,29.13,29.23,30.54,32.02,30.72
01/12/1998,29.25,29.34,30.75,32.06,30.76
01/05/1998,29.2,29.39,30.91,32.08,30.79
12/29/1997,29.2,29.51,31.05,32.06,30.8
12/22/1997,29.1,29.64,31.22,32.04,30.83
12/15/1997,29.33,29.94,31.53,32.06,30.91
12/08/1997,29.43,30.32,31.82,32.06,31.01
12/01/1997,29.58,30.79,32.17,32.05,31.11
11/24/1997,29.83,30.92,32.63,32.02,31.23
11/17/1997,30.19,31.42,33.05,32.0,31.33
11/10/1997,30.56,31.86,33.42,31.95,31.42
11/03/1997,31.21,32.16,33.43,31.92,31.51
10/27/1997,32.01,32.43,33.42,31.89,31.63
10/20/1997,32.01,32.58,33.34,31.83,31.75
10/13/1997,32.65,32.8,33.24,31.79,31.85
10/06/1997,33.15,33.13,33.11,31.77,31.98
09/29/1997,33.1,33.33,32.93,31.74,32.13
09/22/1997,32.85,33.55,32.68,31.65,32.27
09/15/1997,33.15,34.34,32.58,31.66,32.48
09/08/1997,32.95,34.68,32.29,31.55,32.62
09/01/1997,33.1,34.98,32.0,31.45,32.74
08/25/1997,33.55,34.7,31.8,31.4,32.88
08/18/1997,34.25,34.41,31.63,31.39,33.03
08/11/1997,35.53,34.1,31.45,31.3,33.2
08/04/1997,36.4,33.68,31.29,31.09,33.33
07/28/1997,36.85,33.1,31.09,30.8,33.32
07/21/1997,35.85,32.53,30.94,30.6,33.36
07/14/1997,34.58,31.8,30.69,30.34,33.44
07/07/1997,32.68,30.81,30.33,30.08,33.46
06/30/1997,30.95,29.9,29.99,29.73,33.51
06/23/1997,29.35,29.03,29.68,29.43,33.47
06/16/1997,29.2,28.9,29.74,29.45,33.55
06/09/1997,29.03,28.84,29.88,29.5,33.59
06/02/1997,28.95,28.8,29.89,29.54,33.63
05/26/1997,28.85,28.9,29.79,29.62,33.62
05/19/1997,28.7,29.08,29.66,29.75,33.6
05/12/1997,28.6,29.36,29.64,29.97,33.56
05/05/1997,28.65,29.59,29.61,30.18,33.44
04/28/1997,28.65,29.84,29.71,30.44,33.3
04/21/1997,28.95,30.09,29.64,30.65,33.16
04/14/1997,29.45,30.34,29.63,30.88,33.02
04/07/1997,30.13,30.59,29.73,31.1,32.88
03/31/1997,30.53,30.91,29.83,31.36,32.74
03/24/1997,31.03,30.99,29.91,31.68,32.61
03/17/1997,31.23,30.69,29.98,31.91,32.44
03/10/1997,31.23,30.24,30.09,32.19,32.26
03/03/1997,31.05,29.93,30.28,32.53,32.06
02/24/1997,31.3,29.63,30.48,32.89,31.88
02/17/1997,30.95,29.58,30.74,33.29,31.71
02/10/1997,30.15,29.2,30.94,33.68,31.53
02/03/1997,29.25,28.93,31.15,34.03,31.35
01/27/1997,28.8,28.88,31.35,34.37,31.17
01/20/1997,27.95,28.75,31.59,34.68,30.97
01/13/1997,28.2,28.83,32.03,35.1,30.82
01/06/1997,28.25,29.28,32.53,35.57,30.7
12/30/1996,28.6,29.95,33.16,35.84,30.6
12/23/1996,28.95,30.63,33.83,36.13,30.45
12/16/1996,29.55,31.33,34.53,36.54,30.31
12/09/1996,29.45,31.9,35.15,36.85,30.14
12/02/1996,30.3,32.68,35.93,37.29,30.01
11/25/1996,31.3,33.38,36.59,37.51,0.0
11/18/1996,32.3,33.83,37.11,37.65,0.0
11/11/1996,33.1,34.43,37.64,37.69,0.0
11/04/1996,34.35,35.23,38.24,37.72,0.0
10/28/1996,35.05,35.78,38.71,37.62,0.0
10/21/1996,35.45,36.38,38.79,37.45,0.0
10/14/1996,35.35,37.03,38.88,37.14,0.0
10/07/1996,35.75,37.73,39.14,36.71,0.0
09/30/1996,36.1,38.4,39.33,36.17,0.0
09/23/1996,36.5,39.18,39.59,35.67,0.0
09/16/1996,37.3,39.8,39.58,35.17,0.0
09/09/1996,38.7,40.4,39.56,34.67,0.0
09/02/1996,39.7,40.85,39.32,34.12,0.0
08/26/1996,40.7,41.25,38.97,33.54,0.0
08/19/1996,41.85,41.65,38.54,32.97,0.0
08/12/1996,42.3,41.2,37.99,32.34,0.0
08/05/1996,42.1,40.73,37.2,31.6,0.0
07/29/1996,42.0,40.56,36.2,30.88,0.0
07/22/1996,41.8,40.26,35.05,30.12,0.0
07/15/1996,41.45,40.01,33.91,29.37,0.0
07/08/1996,40.1,39.35,32.85,28.68,0.0
07/01/1996,39.35,38.72,31.81,27.97,0.0
06/24/1996,39.13,37.79,30.76,27.27,0.0
06/17/1996,38.73,36.69,29.69,26.54,0.0
06/10/1996,38.58,35.42,28.62,25.84,0.0
06/03/1996,38.61,34.79,27.91,25.37,0.0
05/27/1996,38.09,33.67,27.04,24.78,0.0
05/20/1996,36.45,31.83,26.04,24.09,0.0
05/13/1996,34.65,29.83,25.05,23.43,0.0
05/06/1996,32.27,27.81,24.05,22.74,0.0
04/29/1996,30.97,26.34,23.34,0.0,0.0
04/22/1996,29.25,24.89,22.6,0.0,0.0
04/15/1996,27.22,23.73,22.0,0.0,0.0
04/08/1996,25.02,22.69,21.46,0.0,0.0
04/01/1996,23.35,21.83,21.05,0.0,0.0
03/25/1996,21.72,21.03,20.65,0.0,0.0
03/18/1996,20.53,20.41,20.33,0.0,0.0
03/11/1996,20.25,20.24,20.22,0.0,0.0
03/04/1996,20.37,20.27,20.23,0.0,0.0
02/26/1996,20.3,20.3,20.2,0.0,0.0
02/19/1996,20.35,20.33,0.0,0.0,0.0
02/12/1996,20.28,20.3,0.0,0.0,0.0
02/05/1996,20.23,20.27,0.0,0.0,0.0
01/29/1996,20.17,20.23,0.0,0.0,0.0
01/22/1996,20.3,20.28,0.0,0.0,0.0
01/15/1996,20.32,20.28,0.0,0.0,0.0
01/08/1996,20.32,20.26,0.0,0.0,0.0
01/01/1996,20.32,20.2,0.0,0.0,0.0
12/25/1995,20.3,20.2,0.0,0.0,0.0
12/18/1995,20.27,20.1,0.0,0.0,0.0
12/11/1995,20.23,0.0,0.0,0.0,0.0
12/04/1995,20.2,0.0,0.0,0.0,0.0
11/27/1995,20.07,0.0,0.0,0.0,0.0
11/20/1995,20.1,0.0,0.0,0.0,0.0
11/13/1995,19.93,0.0,0.0,0.0,0.0
11/06/1995,0.0,0.0,0.0,0.0,0.0
10/30/1995,0.0,0.0,0.0,0.0,0.0
10/23/1995,0.0,0.0,0.0,0.0,0.0
10/16/1995,0.0,0.0,0.0,0.0,0.0
