12/26/2022,18.15,18.62,17.63,16.04,13.25
12/19/2022,18.64,18.68,17.58,15.93,13.13
12/12/2022,19.22,18.63,17.44,15.79,13.01
12/05/2022,19.35,18.33,17.2,15.56,12.89
11/28/2022,19.62,18.09,16.96,15.33,12.78
11/21/2022,19.08,17.73,16.56,15.04,12.61
11/14/2022,18.73,17.56,16.15,14.79,12.45
11/07/2022,18.04,17.32,15.75,14.52,12.26
10/31/2022,17.32,17.05,15.42,14.31,12.09
10/24/2022,16.56,16.77,15.02,14.11,11.91
10/17/2022,16.37,16.64,14.76,13.89,11.76
10/10/2022,16.4,16.47,14.55,13.64,11.6
10/03/2022,16.6,16.24,14.36,13.45,11.45
09/26/2022,16.79,16.07,14.18,13.29,11.33
09/19/2022,16.98,15.83,13.95,13.15,11.21
09/12/2022,16.91,15.4,13.7,12.96,11.07
09/05/2022,16.54,14.74,13.4,12.7,10.92
08/29/2022,15.88,14.17,13.12,12.45,10.76
08/22/2022,15.35,13.78,12.94,12.21,10.64
08/15/2022,14.68,13.27,12.78,11.94,10.53
08/08/2022,13.89,12.87,12.51,11.68,10.41
08/01/2022,12.94,12.62,12.23,11.45,10.29
07/25/2022,12.46,12.48,12.05,11.28,10.21
07/18/2022,12.22,12.29,11.9,11.12,10.15
07/11/2022,11.86,12.07,11.8,10.98,10.09
07/04/2022,11.86,12.01,11.73,10.85,10.05
06/27/2022,12.3,12.06,11.68,10.78,10.02
06/20/2022,12.5,12.08,11.59,10.67,9.97
06/13/2022,12.37,12.11,11.42,10.57,9.91
06/06/2022,12.29,12.29,11.28,10.52,9.86
05/30/2022,12.16,12.15,11.08,10.45,9.79
05/23/2022,11.83,11.84,10.87,10.33,9.71
05/16/2022,11.65,11.61,10.68,10.24,9.64
05/09/2022,11.84,11.5,10.54,10.22,9.61
05/02/2022,12.28,11.54,10.44,10.22,9.59
04/25/2022,12.13,11.46,10.27,10.17,9.54
04/18/2022,11.85,11.3,10.14,10.1,9.49
04/11/2022,11.58,11.1,9.97,10.01,9.44
04/04/2022,11.16,10.74,9.8,9.87,9.39
03/28/2022,10.79,10.28,9.64,9.71,9.32
03/21/2022,10.78,10.02,9.6,9.63,9.28
03/14/2022,10.75,9.9,9.57,9.56,9.24
03/07/2022,10.61,9.74,9.56,9.46,9.2
02/28/2022,10.32,9.57,9.58,9.37,9.17
02/21/2022,9.77,9.34,9.57,9.27,9.13
02/14/2022,9.25,9.09,9.53,9.19,9.08
02/07/2022,9.05,8.98,9.51,9.13,9.04
01/31/2022,8.86,8.84,9.46,9.08,9.01
01/24/2022,8.81,8.86,9.43,9.08,8.99
01/17/2022,8.9,9.0,9.43,9.11,8.99
01/10/2022,8.92,9.18,9.44,9.14,8.99
01/03/2022,8.9,9.24,9.39,9.13,8.97
12/27/2021,8.83,9.38,9.33,9.15,8.95
12/20/2021,8.91,9.59,9.27,9.17,8.93
12/13/2021,9.09,9.8,9.23,9.2,8.9
12/06/2021,9.44,9.97,9.24,9.24,8.89
11/29/2021,9.58,10.04,9.21,9.25,8.88
11/22/2021,9.94,10.08,9.19,9.27,8.89
11/15/2021,10.28,10.0,9.18,9.24,8.88
11/08/2021,10.51,9.86,9.17,9.19,8.87
11/01/2021,10.5,9.69,9.12,9.13,8.86
10/25/2021,10.49,9.53,9.08,9.09,8.86
10/18/2021,10.22,9.27,9.03,9.05,8.83
10/11/2021,9.72,8.95,8.96,9.0,8.8
10/04/2021,9.21,8.67,8.9,8.95,8.77
09/27/2021,8.88,8.51,8.88,8.91,8.77
09/20/2021,8.57,8.38,8.86,8.88,8.77
09/13/2021,8.31,8.3,8.86,8.87,8.78
09/06/2021,8.17,8.37,8.86,8.9,8.8
08/30/2021,8.12,8.47,8.86,8.94,8.81
08/23/2021,8.14,8.56,8.85,8.94,8.82
08/16/2021,8.19,8.63,8.87,8.93,8.82
08/09/2021,8.29,8.8,8.93,8.93,8.82
08/02/2021,8.57,8.98,9.02,8.96,8.83
07/26/2021,8.83,9.13,9.09,8.99,8.86
07/19/2021,8.98,9.24,9.11,8.97,8.88
07/12/2021,9.08,9.34,9.13,8.95,8.91
07/05/2021,9.3,9.42,9.15,8.94,8.93
06/28/2021,9.38,9.35,9.17,8.91,8.94
06/21/2021,9.44,9.24,9.17,8.88,8.96
06/14/2021,9.51,9.13,9.13,8.83,8.98
06/07/2021,9.59,9.11,9.07,8.8,9.02
05/31/2021,9.53,9.07,9.0,8.75,9.04
05/24/2021,9.32,9.07,8.95,8.68,9.05
05/17/2021,9.03,9.04,8.92,8.61,9.05
05/10/2021,8.76,8.98,8.83,8.55,9.08
05/03/2021,8.62,8.93,8.76,8.52,9.06
04/26/2021,8.61,8.89,8.71,8.51,9.08
04/19/2021,8.82,8.99,8.69,8.52,9.08
04/12/2021,9.05,9.1,8.7,8.55,9.1
04/05/2021,9.21,9.12,8.68,8.6,9.12
03/29/2021,9.24,9.04,8.65,8.62,9.14
03/22/2021,9.17,8.93,8.59,8.61,9.15
03/15/2021,9.16,8.84,8.49,8.59,9.15
03/08/2021,9.15,8.79,8.39,8.6,9.17
03/01/2021,9.04,8.68,8.33,8.63,9.22
02/22/2021,8.83,8.59,8.31,8.66,9.27
02/15/2021,8.69,8.52,8.32,8.69,9.35
02/08/2021,8.52,8.39,8.29,8.69,9.39
02/01/2021,8.43,8.29,8.27,8.69,9.44
01/25/2021,8.31,8.25,8.33,8.7,9.48
01/18/2021,8.35,8.26,8.42,8.71,9.54
01/11/2021,8.35,8.25,8.44,8.71,9.58
01/04/2021,8.26,8.14,8.47,8.7,9.62
12/28/2020,8.15,7.99,8.5,8.74,9.66
12/21/2020,8.18,7.99,8.6,8.8,9.7
12/14/2020,8.16,8.03,8.7,8.87,9.76
12/07/2020,8.14,8.13,8.78,8.92,9.81
11/30/2020,8.02,8.19,8.84,8.98,9.86
11/23/2020,7.82,8.25,8.89,9.05,9.91
11/16/2020,7.8,8.42,8.93,9.13,9.94
11/09/2020,7.9,8.58,8.94,9.24,9.96
11/02/2020,8.12,8.64,8.94,9.33,9.97
10/26/2020,8.37,8.8,8.98,9.42,9.99
10/19/2020,8.67,9.01,9.11,9.49,10.0
10/12/2020,9.03,9.22,9.21,9.61,10.01
10/05/2020,9.26,9.36,9.29,9.61,10.0
09/28/2020,9.17,9.43,9.32,9.65,9.97
09/21/2020,9.23,9.49,9.37,9.64,9.95
09/14/2020,9.35,9.53,9.45,9.66,9.94
09/07/2020,9.4,9.45,9.49,9.65,9.92
08/31/2020,9.46,9.3,9.57,9.66,9.91
08/24/2020,9.69,9.23,9.68,9.69,9.92
08/17/2020,9.75,9.16,9.73,9.71,9.91
08/10/2020,9.7,9.21,9.72,9.75,9.91
08/03/2020,9.5,9.2,9.81,9.8,9.9
07/27/2020,9.14,9.22,9.73,9.89,9.87
07/20/2020,8.76,9.22,9.76,10.0,9.85
07/13/2020,8.57,9.25,9.72,10.09,9.83
07/06/2020,8.73,9.37,9.72,10.18,9.83
06/29/2020,8.9,9.53,9.75,10.26,9.84
06/22/2020,9.3,9.85,9.84,10.36,9.86
06/15/2020,9.67,10.12,9.92,10.46,9.89
06/08/2020,9.92,10.3,9.98,10.54,9.91
06/01/2020,10.02,10.24,10.02,10.58,9.9
05/25/2020,10.16,10.42,10.11,10.6,9.89
05/18/2020,10.4,10.24,10.22,10.65,9.86
05/11/2020,10.58,10.31,10.39,10.69,9.84
05/04/2020,10.68,10.18,10.51,10.74,9.81
04/27/2020,10.45,10.07,10.59,10.77,9.77
04/20/2020,10.68,9.96,10.63,10.75,9.72
04/13/2020,10.08,9.83,10.62,10.67,9.66
04/06/2020,10.04,9.71,10.63,10.61,9.62
03/30/2020,9.68,9.67,10.66,10.56,9.58
03/23/2020,9.69,9.8,10.75,10.52,9.55
03/16/2020,9.24,9.79,10.7,10.4,9.49
03/09/2020,9.59,10.21,10.86,10.38,9.47
03/02/2020,9.38,10.47,10.88,10.29,9.43
02/24/2020,9.65,10.83,11.02,10.26,9.41
02/17/2020,9.9,11.1,11.12,10.22,9.38
02/10/2020,10.34,11.29,11.14,10.2,9.34
02/03/2020,10.82,11.4,11.09,10.16,9.29
01/27/2020,11.55,11.55,11.06,10.15,9.27
01/20/2020,12.01,11.65,11.01,10.12,9.24
01/13/2020,12.3,11.69,10.88,10.08,9.21
01/06/2020,12.24,11.6,10.7,9.99,9.15
12/30/2019,11.98,11.5,10.47,9.85,9.09
12/23/2019,11.54,11.3,10.2,9.7,9.02
12/16/2019,11.29,11.21,9.97,9.57,8.97
12/09/2019,11.09,11.14,9.78,9.47,8.92
12/02/2019,10.96,10.99,9.65,9.42,8.88
11/25/2019,11.02,10.78,9.53,9.37,8.85
11/18/2019,11.07,10.57,9.45,9.33,8.82
11/11/2019,11.12,10.36,9.35,9.28,8.78
11/04/2019,11.18,10.07,9.27,9.23,8.74
10/28/2019,11.01,9.8,9.18,9.18,8.7
10/21/2019,10.54,9.44,9.02,9.07,8.64
10/14/2019,10.07,9.09,8.9,8.98,8.6
10/07/2019,9.59,8.74,8.76,8.87,8.56
09/30/2019,8.96,8.42,8.64,8.76,8.5
09/23/2019,8.59,8.31,8.64,8.69,8.47
09/16/2019,8.34,8.29,8.66,8.65,8.46
09/09/2019,8.11,8.34,8.71,8.63,8.46
09/02/2019,7.88,8.34,8.74,8.6,8.45
08/26/2019,7.88,8.47,8.8,8.59,8.46
08/19/2019,8.03,8.56,8.86,8.57,8.47
08/12/2019,8.23,8.6,8.89,8.56,8.5
08/05/2019,8.56,8.7,8.92,8.57,8.53
07/29/2019,8.81,8.78,8.94,8.57,8.55
07/22/2019,9.06,8.87,8.93,8.54,8.57
07/15/2019,9.09,8.97,8.88,8.48,8.58
07/08/2019,8.98,9.03,8.84,8.42,8.57
07/01/2019,8.85,9.09,8.78,8.38,8.56
06/24/2019,8.74,9.13,8.73,8.36,8.55
06/17/2019,8.67,9.13,8.64,8.34,8.53
06/10/2019,8.86,9.17,8.58,8.31,8.51
06/03/2019,9.09,9.18,8.54,8.33,8.52
05/27/2019,9.32,9.14,8.5,8.34,8.53
05/20/2019,9.51,9.11,8.46,8.38,8.52
05/13/2019,9.59,9.0,8.38,8.37,8.51
05/06/2019,9.49,8.79,8.24,8.34,8.48
04/29/2019,9.27,8.64,8.12,8.32,8.47
04/22/2019,8.96,8.47,8.03,8.31,8.45
04/15/2019,8.71,8.34,7.98,8.29,8.43
04/08/2019,8.41,8.15,7.95,8.26,8.41
04/01/2019,8.1,7.99,7.89,8.22,8.39
03/25/2019,8.02,7.9,7.9,8.21,8.38
03/18/2019,7.98,7.86,7.94,8.23,8.38
03/11/2019,7.97,7.82,8.01,8.24,8.4
03/04/2019,7.89,7.76,8.06,8.24,8.41
02/25/2019,7.87,7.68,8.12,8.26,8.43
02/18/2019,7.78,7.59,8.16,8.27,8.46
02/11/2019,7.75,7.59,8.23,8.29,8.48
02/04/2019,7.67,7.63,8.26,8.3,8.49
01/28/2019,7.64,7.74,8.31,8.33,8.5
01/21/2019,7.49,7.79,8.33,8.38,8.51
01/14/2019,7.39,7.9,8.36,8.43,8.53
01/07/2019,7.43,8.01,8.41,8.5,8.54
12/31/2018,7.58,8.2,8.45,8.53,8.56
12/24/2018,7.84,8.35,8.48,8.6,8.57
12/17/2018,8.08,8.55,8.54,8.67,8.59
12/10/2018,8.41,8.74,8.61,8.73,8.61
12/03/2018,8.6,8.86,8.63,8.73,8.62
11/26/2018,8.82,8.89,8.64,8.74,8.62
11/19/2018,8.85,8.88,8.63,8.71,8.61
11/12/2018,9.02,8.88,8.67,8.71,8.6
11/05/2018,9.07,8.82,8.69,8.72,8.59
10/29/2018,9.13,8.8,8.74,8.71,8.58
10/22/2018,8.96,8.7,8.7,8.67,8.55
10/15/2018,8.9,8.6,8.72,8.64,8.53
10/08/2018,8.74,8.54,8.73,8.62,8.51
10/01/2018,8.57,8.48,8.72,8.61,8.47
09/24/2018,8.47,8.41,8.67,8.59,8.44
09/17/2018,8.43,8.38,8.66,8.57,8.42
09/10/2018,8.3,8.39,8.63,8.57,8.41
09/03/2018,8.33,8.46,8.63,8.57,8.41
08/27/2018,8.39,8.57,8.67,8.56,8.41
08/20/2018,8.34,8.68,8.67,8.54,8.39
08/13/2018,8.33,8.7,8.66,8.56,8.38
08/06/2018,8.47,8.84,8.67,8.59,8.37
07/30/2018,8.59,8.93,8.67,8.61,8.35
07/23/2018,8.75,8.96,8.67,8.64,8.34
07/16/2018,9.01,8.94,8.68,8.67,8.32
07/09/2018,9.07,8.94,8.67,8.68,8.3
07/02/2018,9.2,8.88,8.66,8.67,8.29
06/25/2018,9.27,8.8,8.63,8.64,8.27
06/18/2018,9.16,8.78,8.55,8.62,8.25
06/11/2018,8.86,8.66,8.48,8.59,8.22
06/04/2018,8.8,8.61,8.49,8.58,8.21
05/28/2018,8.55,8.5,8.47,8.55,8.18
05/21/2018,8.33,8.4,8.45,8.52,8.16
05/14/2018,8.39,8.39,8.49,8.5,8.14
05/07/2018,8.46,8.42,8.54,8.51,8.14
04/30/2018,8.42,8.4,8.55,8.5,8.14
04/23/2018,8.44,8.44,8.56,8.5,8.13
04/16/2018,8.47,8.45,8.56,8.5,8.13
04/09/2018,8.39,8.33,8.55,8.46,8.12
04/02/2018,8.37,8.3,8.56,8.44,8.11
03/26/2018,8.38,8.38,8.57,8.43,8.11
03/19/2018,8.43,8.45,8.58,8.41,8.1
03/12/2018,8.43,8.51,8.57,8.39,8.09
03/05/2018,8.27,8.58,8.56,8.34,8.09
02/26/2018,8.22,8.66,8.55,8.29,8.08
02/19/2018,8.37,8.71,8.55,8.28,8.08
02/12/2018,8.46,8.69,8.53,8.26,8.08
02/05/2018,8.58,8.67,8.52,8.25,8.07
01/29/2018,8.89,8.76,8.53,8.26,8.07
01/22/2018,9.09,8.83,8.51,8.24,8.05
01/15/2018,9.04,8.77,8.46,8.2,8.01
01/08/2018,8.91,8.72,8.39,8.15,7.99
01/01/2018,8.75,8.64,8.33,8.1,7.96
12/25/2017,8.63,8.53,8.21,8.03,7.93
12/18/2017,8.56,8.45,8.11,7.98,7.9
12/11/2017,8.49,8.4,8.06,7.93,7.88
12/04/2017,8.52,8.38,8.05,7.92,7.88
11/27/2017,8.53,8.37,8.04,7.91,7.87
11/20/2017,8.43,8.3,8.0,7.88,7.86
11/13/2017,8.34,8.2,7.94,7.85,7.84
11/06/2017,8.3,8.16,7.91,7.83,7.84
10/30/2017,8.23,8.07,7.87,7.81,7.84
10/23/2017,8.21,8.02,7.83,7.8,7.86
10/16/2017,8.16,7.9,7.78,7.79,7.87
10/09/2017,8.06,7.77,7.74,7.77,7.87
10/02/2017,8.01,7.73,7.7,7.77,7.88
09/25/2017,7.91,7.73,7.69,7.77,7.9
09/18/2017,7.83,7.71,7.68,7.77,7.91
09/11/2017,7.63,7.71,7.68,7.77,7.92
09/04/2017,7.48,7.68,7.67,7.78,7.93
08/28/2017,7.45,7.67,7.67,7.78,7.95
08/21/2017,7.55,7.68,7.68,7.79,7.97
08/14/2017,7.58,7.63,7.68,7.79,7.99
08/07/2017,7.79,7.67,7.73,7.84,8.03
07/31/2017,7.88,7.71,7.77,7.87,8.06
07/24/2017,7.89,7.66,7.8,7.89,8.1
07/17/2017,7.8,7.65,7.79,7.89,8.14
07/10/2017,7.68,7.65,7.8,7.89,8.18
07/03/2017,7.55,7.64,7.8,7.88,8.21
06/26/2017,7.53,7.67,7.83,7.87,8.26
06/19/2017,7.43,7.66,7.84,7.83,8.31
06/12/2017,7.49,7.68,7.85,7.83,8.36
06/05/2017,7.62,7.74,7.87,7.83,8.43
05/29/2017,7.73,7.79,7.92,7.83,8.49
05/22/2017,7.8,7.84,7.96,7.82,8.53
05/15/2017,7.89,7.93,8.01,7.83,8.57
05/08/2017,7.87,7.94,8.01,7.83,8.6
05/01/2017,7.85,7.96,8.01,7.83,8.65
04/24/2017,7.85,7.97,7.99,7.84,8.69
04/17/2017,7.87,8.0,7.97,7.83,8.73
04/10/2017,7.97,8.02,7.91,7.85,8.76
04/03/2017,8.0,8.02,7.9,7.88,8.81
03/27/2017,8.06,8.01,7.88,7.92,8.86
03/20/2017,8.08,8.05,7.85,7.95,8.92
03/13/2017,8.12,8.08,7.81,7.97,8.99
03/06/2017,8.06,8.08,7.78,7.99,9.03
02/27/2017,8.03,8.08,7.78,8.02,9.07
02/20/2017,7.96,8.07,7.77,8.04,9.13
02/13/2017,8.01,8.02,7.78,8.07,9.23
02/06/2017,8.03,7.94,7.75,8.09,9.31
01/30/2017,8.1,7.8,7.76,8.11,9.4
01/23/2017,8.13,7.78,7.81,8.14,9.48
01/16/2017,8.18,7.75,7.87,8.2,9.58
01/09/2017,8.03,7.66,7.9,8.22,9.66
01/02/2017,7.84,7.55,7.91,8.25,9.75
12/26/2016,7.5,7.48,7.94,8.31,9.84
12/19/2016,7.43,7.49,7.99,8.39,9.94
12/12/2016,7.32,7.48,8.03,8.46,10.05
12/05/2016,7.28,7.55,8.09,8.54,10.19
11/28/2016,7.25,7.57,8.16,8.66,10.33
11/21/2016,7.45,7.73,8.27,8.79,10.49
11/14/2016,7.54,7.83,8.32,8.9,10.61
11/07/2016,7.63,7.99,8.42,9.02,10.72
10/31/2016,7.81,8.14,8.5,9.14,10.84
10/24/2016,7.9,8.28,8.61,9.23,10.95
10/17/2016,8.0,8.41,8.73,9.31,11.05
10/10/2016,8.13,8.5,8.85,9.38,11.14
10/03/2016,8.35,8.59,8.96,9.47,11.22
09/26/2016,8.48,8.63,9.04,9.54,11.32
09/19/2016,8.66,8.75,9.2,9.62,11.44
09/12/2016,8.82,8.81,9.32,9.67,11.56
09/05/2016,8.88,8.81,9.43,9.74,11.67
08/29/2016,8.82,8.84,9.54,9.81,11.79
08/22/2016,8.79,8.86,9.64,9.89,11.9
08/15/2016,8.85,8.94,9.71,10.01,12.01
08/08/2016,8.8,9.05,9.76,10.07,12.11
08/01/2016,8.75,9.2,9.81,10.11,12.21
07/25/2016,8.87,9.33,9.91,10.22,12.31
07/18/2016,8.94,9.45,9.99,10.39,12.41
07/11/2016,9.02,9.65,10.06,10.54,12.49
07/04/2016,9.29,9.83,10.1,10.68,12.57
06/27/2016,9.64,10.05,10.21,10.82,12.66
06/20/2016,9.8,10.23,10.29,10.97,12.73
06/13/2016,9.96,10.42,10.41,11.11,12.81
06/06/2016,10.27,10.48,10.54,11.24,12.89
05/30/2016,10.37,10.47,10.59,11.36,12.94
05/23/2016,10.45,10.43,10.57,11.48,12.99
05/16/2016,10.67,10.48,10.67,11.64,13.04
05/09/2016,10.87,10.53,10.86,11.84,13.08
05/02/2016,10.69,10.47,10.99,12.0,13.1
04/25/2016,10.56,10.36,11.11,12.18,13.12
04/18/2016,10.4,10.37,11.21,12.32,13.13
04/11/2016,10.3,10.34,11.34,12.41,13.15
04/04/2016,10.19,10.39,11.45,12.54,13.17
03/28/2016,10.24,10.61,11.63,12.66,13.2
03/21/2016,10.16,10.71,11.81,12.79,13.23
03/14/2016,10.33,10.71,12.0,12.9,0.0
03/07/2016,10.38,10.85,12.22,12.98,0.0
02/29/2016,10.6,11.19,12.49,13.11,0.0
02/22/2016,10.97,11.51,12.77,13.26,0.0
02/15/2016,11.26,11.86,13.09,13.44,0.0
02/08/2016,11.09,12.05,13.29,13.6,0.0
02/01/2016,11.32,12.34,13.45,13.78,0.0
01/25/2016,11.78,12.51,13.62,13.91,0.0
01/18/2016,12.04,12.64,13.68,14.02,0.0
01/11/2016,12.46,12.9,13.83,14.14,0.0
01/04/2016,13.01,13.29,13.99,14.31,0.0
12/28/2015,13.37,13.58,14.04,14.4,0.0
12/21/2015,13.24,13.79,14.07,14.42,0.0
12/14/2015,13.25,14.04,14.13,14.43,0.0
12/07/2015,13.35,14.33,14.24,14.46,0.0
11/30/2015,13.57,14.53,14.38,14.51,0.0
11/23/2015,13.8,14.56,14.5,14.5,0.0
11/16/2015,14.35,14.72,14.6,14.52,0.0
11/09/2015,14.83,14.73,14.7,14.53,0.0
11/02/2015,15.31,14.76,14.76,14.53,0.0
10/26/2015,15.48,14.69,14.82,14.5,0.0
10/19/2015,15.32,14.5,14.81,14.43,0.0
10/12/2015,15.1,14.35,14.73,14.32,0.0
10/05/2015,14.62,14.22,14.63,14.2,0.0
09/28/2015,14.21,14.14,14.53,14.05,0.0
09/21/2015,13.9,14.23,14.49,13.95,0.0
09/14/2015,13.68,14.43,14.47,13.88,0.0
09/07/2015,13.6,14.49,14.41,13.8,0.0
08/31/2015,13.83,14.68,14.43,13.75,0.0
08/24/2015,14.08,14.77,14.41,13.67,0.0
08/17/2015,14.56,14.95,14.41,0.0,0.0
08/10/2015,15.19,15.13,14.4,0.0,0.0
08/03/2015,15.37,15.12,14.31,0.0,0.0
07/27/2015,15.53,15.03,14.19,0.0,0.0
07/20/2015,15.46,14.91,14.01,0.0,0.0
07/13/2015,15.34,14.76,13.8,0.0,0.0
07/06/2015,15.07,14.5,13.61,0.0,0.0
06/29/2015,14.87,14.34,13.46,0.0,0.0
06/22/2015,14.53,14.18,13.28,0.0,0.0
06/15/2015,14.36,14.06,13.11,0.0,0.0
06/08/2015,14.17,13.87,0.0,0.0,0.0
06/01/2015,13.93,13.67,0.0,0.0,0.0
05/25/2015,13.82,13.5,0.0,0.0,0.0
05/18/2015,13.83,13.35,0.0,0.0,0.0
05/11/2015,13.76,13.1,0.0,0.0,0.0
05/04/2015,13.56,12.85,0.0,0.0,0.0
04/27/2015,13.41,12.72,0.0,0.0,0.0
04/20/2015,13.17,12.58,0.0,0.0,0.0
04/13/2015,12.86,12.38,0.0,0.0,0.0
04/06/2015,12.45,12.17,0.0,0.0,0.0
03/30/2015,12.13,0.0,0.0,0.0,0.0
03/23/2015,12.02,0.0,0.0,0.0,0.0
03/16/2015,11.99,0.0,0.0,0.0,0.0
03/09/2015,11.9,0.0,0.0,0.0,0.0
03/02/2015,11.89,0.0,0.0,0.0,0.0
02/23/2015,0.0,0.0,0.0,0.0,0.0
02/16/2015,0.0,0.0,0.0,0.0,0.0
02/09/2015,0.0,0.0,0.0,0.0,0.0
02/02/2015,0.0,0.0,0.0,0.0,0.0
