12/26/2022,3.03,3.75,5.87,6.93,9.39
12/19/2022,3.0,3.98,6.25,7.11,9.56
12/12/2022,3.14,4.25,6.63,7.34,9.71
12/05/2022,3.57,4.62,6.96,7.57,9.87
11/28/2022,4.04,5.12,7.35,7.81,10.01
11/21/2022,4.46,5.5,7.68,8.06,10.12
11/14/2022,4.96,5.99,7.92,8.33,10.26
11/07/2022,5.36,6.52,8.13,8.63,10.39
10/31/2022,5.67,6.98,8.26,8.9,10.5
10/24/2022,6.2,7.49,8.4,9.12,10.58
10/17/2022,6.54,7.99,8.52,9.34,10.67
10/10/2022,7.01,8.52,8.68,9.57,10.74
10/03/2022,7.68,9.01,8.88,9.81,10.82
09/26/2022,8.3,9.31,9.05,10.04,10.89
09/19/2022,8.77,9.59,9.15,10.16,10.91
09/12/2022,9.44,9.86,9.35,10.23,10.93
09/05/2022,10.02,9.86,9.5,10.26,10.93
08/29/2022,10.34,9.74,9.68,10.3,10.91
08/22/2022,10.31,9.54,9.85,10.3,10.89
08/15/2022,10.4,9.3,9.93,10.24,10.86
08/08/2022,10.28,9.05,10.02,10.19,10.85
08/01/2022,9.7,8.84,10.1,10.15,10.82
07/25/2022,9.15,8.76,10.21,10.27,10.8
07/18/2022,8.77,8.79,10.41,10.37,10.8
07/11/2022,8.21,8.71,10.45,10.46,10.79
07/04/2022,7.81,8.83,10.42,10.59,10.78
06/27/2022,7.97,9.14,10.46,10.8,10.79
06/20/2022,8.36,9.62,10.57,11.03,10.82
06/13/2022,8.81,10.16,10.68,11.33,10.88
06/06/2022,9.21,10.56,10.72,11.65,10.91
05/30/2022,9.85,10.99,10.76,11.85,10.94
05/23/2022,10.3,11.35,10.8,12.02,10.95
05/16/2022,10.87,11.66,11.02,12.08,10.97
05/09/2022,11.5,12.03,11.16,12.16,10.98
05/02/2022,11.92,12.18,11.34,12.21,10.99
04/25/2022,12.12,12.0,11.47,12.18,10.99
04/18/2022,12.4,11.78,11.63,12.18,10.96
04/11/2022,12.45,11.53,11.73,12.16,10.93
04/04/2022,12.55,11.19,11.92,12.1,10.94
03/28/2022,12.45,10.87,12.19,12.04,10.97
03/21/2022,11.89,10.53,12.28,12.01,11.0
03/14/2022,11.16,10.25,12.35,11.92,10.97
03/07/2022,10.6,10.38,12.28,11.83,10.92
02/28/2022,9.83,10.29,12.23,11.74,10.89
02/21/2022,9.28,10.5,12.23,11.66,10.87
02/14/2022,9.16,10.93,12.28,11.63,10.82
02/07/2022,9.34,11.48,12.38,11.6,10.75
01/31/2022,10.16,11.93,12.47,11.52,10.66
01/24/2022,10.74,12.65,12.55,11.48,10.58
01/17/2022,11.71,13.51,12.63,11.48,10.52
01/10/2022,12.7,14.03,12.75,11.51,10.47
01/03/2022,13.62,14.45,12.75,11.5,10.37
12/27/2021,13.7,14.19,12.56,11.34,10.21
12/20/2021,14.56,14.17,12.46,11.24,10.07
12/13/2021,15.3,13.95,12.25,11.12,9.91
12/06/2021,15.37,13.62,11.97,10.97,9.75
11/29/2021,15.28,13.29,11.66,10.78,9.59
11/22/2021,14.67,13.01,11.32,10.62,9.44
11/15/2021,13.77,12.46,10.89,10.43,9.25
11/08/2021,12.61,11.76,10.47,10.18,9.06
11/01/2021,11.87,11.46,10.25,10.03,8.92
10/25/2021,11.29,11.05,10.02,9.89,8.77
10/18/2021,11.34,10.93,9.92,9.87,8.66
10/11/2021,11.14,10.76,9.78,9.8,8.55
10/04/2021,10.91,10.54,9.7,9.77,8.47
09/27/2021,11.05,10.33,9.65,9.8,8.4
09/20/2021,10.82,10.03,9.53,9.74,8.33
09/13/2021,10.52,9.63,9.43,9.71,8.26
09/06/2021,10.38,9.33,9.42,9.78,8.19
08/30/2021,10.17,9.19,9.39,9.89,8.15
08/23/2021,9.61,9.04,9.31,9.99,8.09
08/16/2021,9.24,8.98,9.31,10.02,8.04
08/09/2021,8.74,8.91,9.34,10.01,8.0
08/02/2021,8.28,8.8,9.32,10.03,7.98
07/26/2021,8.2,8.86,9.38,10.07,7.96
07/19/2021,8.46,8.97,9.53,10.02,7.96
07/12/2021,8.72,9.03,9.59,9.91,7.97
07/05/2021,9.09,9.24,9.75,9.81,7.99
06/28/2021,9.31,9.5,10.01,9.68,7.99
06/21/2021,9.51,9.6,10.24,9.56,7.98
06/14/2021,9.48,9.58,10.46,9.42,7.98
06/07/2021,9.34,9.63,10.54,9.25,7.97
05/31/2021,9.39,9.76,10.56,9.08,7.96
05/24/2021,9.7,9.84,10.65,8.9,7.95
05/17/2021,9.68,9.91,10.68,8.7,7.91
05/10/2021,9.68,10.1,10.54,8.54,7.91
05/03/2021,9.91,10.16,10.35,8.4,7.92
04/26/2021,10.13,10.26,10.09,8.26,7.93
04/19/2021,9.98,10.52,9.77,8.07,7.97
04/12/2021,10.14,10.88,9.54,7.93,8.02
04/05/2021,10.51,11.34,9.34,7.82,8.11
03/29/2021,10.4,11.46,9.06,7.65,8.24
03/22/2021,10.4,11.37,8.74,7.45,8.37
03/15/2021,11.06,11.46,8.43,7.31,8.51
03/08/2021,11.62,11.44,8.09,7.18,8.66
03/01/2021,12.17,10.98,7.76,7.01,8.75
02/22/2021,12.52,10.54,7.52,6.93,8.85
02/15/2021,12.34,9.92,7.25,6.81,8.92
02/08/2021,11.87,9.02,6.84,6.61,8.95
02/01/2021,11.27,8.2,6.46,6.4,8.97
01/25/2021,9.79,7.34,6.05,6.19,8.98
01/18/2021,8.55,6.66,5.74,6.06,9.05
01/11/2021,7.5,6.11,5.49,5.99,9.14
01/04/2021,6.17,5.39,5.23,5.92,9.19
12/28/2020,5.13,4.73,5.05,5.85,9.25
12/21/2020,4.89,4.53,5.03,5.91,9.38
12/14/2020,4.76,4.51,5.13,6.03,9.7
12/07/2020,4.73,4.59,5.25,6.17,9.98
11/30/2020,4.62,4.67,5.4,6.29,10.34
11/23/2020,4.33,4.71,5.51,6.41,10.6
11/16/2020,4.17,4.76,5.61,6.54,10.86
11/09/2020,4.26,4.83,5.76,6.68,11.08
11/02/2020,4.44,4.88,5.93,6.85,11.34
10/26/2020,4.71,5.07,6.19,6.99,11.59
10/19/2020,5.09,5.37,6.41,7.12,11.78
10/12/2020,5.36,5.52,6.59,7.28,11.95
10/05/2020,5.4,5.74,6.78,7.43,12.11
09/28/2020,5.31,5.91,6.96,7.61,12.26
09/21/2020,5.42,6.13,7.1,7.87,12.4
09/14/2020,5.64,6.3,7.25,8.11,12.52
09/07/2020,5.68,6.46,7.43,8.4,12.66
08/31/2020,6.07,6.68,7.61,8.82,12.82
08/24/2020,6.51,6.98,7.83,9.28,12.99
08/17/2020,6.85,7.31,7.96,9.71,13.17
08/10/2020,6.96,7.46,8.0,10.13,13.33
08/03/2020,7.24,7.67,8.17,10.5,13.51
07/27/2020,7.3,7.83,8.28,10.78,13.64
07/20/2020,7.45,8.0,8.46,11.03,13.77
07/13/2020,7.77,8.07,8.73,11.29,13.91
07/06/2020,7.96,8.21,9.01,11.53,14.06
06/29/2020,8.1,8.4,9.36,11.78,14.24
06/22/2020,8.36,8.54,9.89,12.04,14.41
06/15/2020,8.55,8.68,10.42,12.29,14.56
06/08/2020,8.37,8.6,10.92,12.47,14.71
06/01/2020,8.46,8.54,11.47,12.65,14.81
05/25/2020,8.7,8.67,11.91,12.86,14.97
05/18/2020,8.71,8.73,12.25,13.36,15.13
05/11/2020,8.81,8.92,12.54,13.8,15.29
05/04/2020,8.83,9.4,12.89,14.38,15.52
04/27/2020,8.62,9.82,13.19,14.8,15.79
04/20/2020,8.63,10.32,13.47,15.17,16.02
04/13/2020,8.74,11.24,13.79,15.48,16.31
04/06/2020,9.02,12.17,14.09,15.83,16.61
03/30/2020,9.96,13.23,14.4,16.18,16.91
03/23/2020,11.02,14.4,14.71,16.43,17.18
03/16/2020,12.02,15.15,14.96,16.62,17.4
03/09/2020,13.74,15.77,15.68,16.79,17.65
03/02/2020,15.32,16.17,16.25,16.92,17.85
02/24/2020,16.5,16.39,16.88,16.93,18.0
02/17/2020,17.78,16.57,17.29,16.93,18.17
02/10/2020,18.28,16.62,17.6,16.93,18.22
02/03/2020,17.8,16.34,17.61,16.82,18.2
01/27/2020,17.02,16.02,17.66,16.71,18.27
01/20/2020,16.28,15.57,17.66,16.63,18.32
01/13/2020,15.35,15.02,17.45,16.53,18.39
01/06/2020,14.95,14.77,17.35,16.52,18.48
12/30/2019,14.87,15.6,17.3,16.51,18.59
12/23/2019,15.01,16.33,17.3,16.51,18.72
12/16/2019,14.85,17.37,17.2,16.53,18.89
12/09/2019,14.68,18.01,17.11,16.59,19.01
12/02/2019,14.58,18.58,17.08,16.71,19.2
11/25/2019,16.32,18.88,17.07,16.79,19.49
11/18/2019,17.64,19.3,17.06,16.84,19.8
11/11/2019,19.88,19.75,17.16,16.95,20.16
11/04/2019,21.33,19.89,17.29,16.98,20.36
10/28/2019,22.57,19.94,17.39,17.09,20.48
10/21/2019,21.43,19.01,16.97,16.91,20.46
10/14/2019,20.95,18.27,16.6,16.77,20.46
10/07/2019,19.61,17.03,16.12,16.65,20.38
09/30/2019,18.44,16.21,15.89,16.78,20.36
09/23/2019,17.3,15.59,15.78,16.86,20.38
09/16/2019,16.58,15.26,15.75,17.14,20.44
09/09/2019,15.58,14.82,15.61,17.39,20.49
09/02/2019,14.44,14.58,15.56,17.64,20.59
08/26/2019,13.98,14.7,15.53,17.93,20.69
08/19/2019,13.88,14.85,15.67,18.18,20.81
08/12/2019,13.94,14.94,15.86,18.51,20.91
08/05/2019,14.06,14.94,16.02,18.77,21.0
07/29/2019,14.72,15.21,16.47,19.08,21.13
07/22/2019,15.42,15.56,17.06,19.41,21.28
07/15/2019,15.82,15.96,17.5,19.52,21.42
07/08/2019,15.94,16.23,18.08,19.58,21.51
07/01/2019,15.82,16.39,18.68,19.82,21.61
06/24/2019,15.7,16.53,19.16,20.01,21.67
06/17/2019,15.7,16.35,19.54,20.25,21.8
06/10/2019,16.1,16.48,19.84,20.45,21.91
06/03/2019,16.52,16.77,20.29,20.66,21.94
05/27/2019,16.96,17.1,20.69,20.94,21.94
05/20/2019,17.36,17.73,21.02,21.24,21.87
05/13/2019,17.0,18.56,21.33,21.43,21.8
05/06/2019,16.86,19.04,21.29,21.7,21.69
04/29/2019,17.02,19.93,21.25,22.2,21.61
04/22/2019,17.24,20.97,21.54,22.76,21.54
04/15/2019,18.09,21.8,21.75,23.36,21.42
04/08/2019,20.11,22.73,22.2,23.74,21.36
04/01/2019,21.21,23.21,22.43,23.88,21.25
03/25/2019,22.83,23.81,22.6,24.01,21.12
03/18/2019,24.69,24.28,22.86,24.15,21.0
03/11/2019,25.5,24.31,23.0,24.1,20.85
03/04/2019,25.34,24.1,22.87,23.94,20.62
02/25/2019,25.2,23.55,23.03,23.9,20.42
02/18/2019,24.78,22.57,23.33,23.73,20.17
02/11/2019,23.86,22.11,23.66,23.59,19.9
02/04/2019,23.12,21.71,24.14,23.54,19.64
01/28/2019,22.86,21.68,24.25,23.46,19.43
01/21/2019,21.9,21.65,24.22,23.43,19.26
01/14/2019,20.36,21.4,24.12,23.32,19.07
01/07/2019,20.36,21.44,24.08,23.23,18.91
12/31/2018,20.3,21.68,24.0,23.17,18.75
12/24/2018,20.5,21.64,23.87,23.16,18.6
12/17/2018,21.4,22.51,24.08,23.32,18.51
12/10/2018,22.44,24.09,24.32,23.44,18.44
12/03/2018,22.52,25.2,24.34,23.39,18.26
11/26/2018,23.06,26.57,24.46,23.33,18.1
11/19/2018,22.78,26.81,24.35,23.36,17.91
11/12/2018,23.62,26.78,24.33,23.38,17.74
11/05/2018,25.74,26.83,24.28,23.23,17.58
10/29/2018,27.88,26.72,24.13,22.94,17.4
10/22/2018,30.08,26.32,23.92,22.51,17.2
10/15/2018,30.84,26.09,23.92,22.18,17.05
10/08/2018,29.94,25.64,23.73,21.69,16.81
10/01/2018,27.92,24.54,23.12,21.02,16.45
09/24/2018,25.56,23.47,22.49,20.31,16.07
09/17/2018,22.56,22.34,21.71,19.49,15.68
09/10/2018,21.34,21.89,21.63,18.98,15.45
09/03/2018,21.34,21.87,21.68,18.62,15.31
08/27/2018,21.16,21.73,21.43,18.22,15.19
08/20/2018,21.38,21.54,21.06,17.86,15.12
08/13/2018,22.12,21.51,20.61,17.59,15.06
08/06/2018,22.44,21.74,20.22,17.3,15.04
07/30/2018,22.4,21.82,19.72,16.95,14.99
07/23/2018,22.3,21.7,19.27,16.61,14.98
07/16/2018,21.7,21.51,18.74,16.2,14.97
07/09/2018,20.9,21.08,18.06,15.74,14.93
07/02/2018,21.04,21.37,17.53,15.4,14.95
06/25/2018,21.24,21.48,16.99,15.08,14.93
06/18/2018,21.1,21.13,16.47,14.82,14.91
06/11/2018,21.32,20.57,16.02,14.59,14.87
06/04/2018,21.26,19.7,15.64,14.33,14.82
05/28/2018,21.7,18.7,15.08,14.05,14.73
05/21/2018,21.72,17.61,14.51,13.7,14.63
05/14/2018,21.16,16.83,14.07,13.43,14.58
05/07/2018,19.82,15.96,13.55,13.13,14.51
04/30/2018,18.14,15.04,13.07,12.87,14.46
04/23/2018,15.7,13.69,12.41,12.46,14.34
04/16/2018,13.5,12.5,11.88,12.1,14.24
04/09/2018,12.5,11.81,11.66,11.94,14.25
04/02/2018,12.1,11.47,11.6,11.86,14.31
03/26/2018,11.94,11.57,11.65,11.9,14.41
03/19/2018,11.68,11.46,11.73,11.92,14.49
03/12/2018,11.5,11.41,11.75,11.93,14.59
03/05/2018,11.12,11.3,11.73,11.88,14.69
02/26/2018,10.84,11.14,11.71,11.84,14.81
02/19/2018,11.2,11.1,11.78,11.87,14.95
02/12/2018,11.24,11.14,11.85,11.91,15.05
02/05/2018,11.32,11.27,11.9,12.0,15.19
01/29/2018,11.48,11.51,12.0,12.16,15.31
01/22/2018,11.44,11.74,12.06,12.38,15.42
01/15/2018,10.99,11.73,12.06,12.52,15.51
01/08/2018,11.03,12.0,12.14,12.79,15.63
01/01/2018,11.21,12.09,12.19,13.03,15.75
12/25/2017,11.53,12.16,12.17,13.35,15.88
12/18/2017,12.03,12.28,12.18,13.74,16.03
12/11/2017,12.46,12.46,12.26,14.13,16.21
12/04/2017,12.96,12.56,12.3,14.5,16.41
11/27/2017,12.96,12.53,12.37,14.78,16.59
11/20/2017,12.78,12.5,12.48,15.01,16.82
11/13/2017,12.52,12.38,12.7,15.14,17.1
11/06/2017,12.46,12.4,12.92,15.31,17.43
10/30/2017,12.16,12.29,13.19,15.42,17.79
10/23/2017,12.1,12.3,13.5,15.56,18.2
10/16/2017,12.22,12.18,13.95,15.74,18.62
10/09/2017,12.24,12.09,14.47,15.9,19.08
10/02/2017,12.34,12.06,14.97,16.06,19.53
09/25/2017,12.42,12.03,15.47,16.22,19.98
09/18/2017,12.5,12.2,15.91,16.39,20.44
09/11/2017,12.14,12.46,16.27,16.56,20.87
09/04/2017,11.94,13.01,16.53,16.76,21.25
08/28/2017,11.78,13.44,16.77,16.93,21.61
08/21/2017,11.64,14.08,16.98,17.07,21.92
08/14/2017,11.9,14.69,17.19,17.26,22.2
08/07/2017,12.78,15.71,17.52,17.51,22.54
07/31/2017,14.08,16.85,17.81,17.79,22.85
07/24/2017,15.1,17.87,18.06,18.02,23.24
07/17/2017,16.52,18.91,18.31,18.19,23.62
07/10/2017,17.48,19.62,18.48,18.39,24.03
07/03/2017,18.64,20.08,18.62,18.46,24.26
06/26/2017,19.62,20.04,18.64,18.46,24.42
06/19/2017,20.64,20.1,18.67,18.49,24.62
06/12/2017,21.3,19.88,18.57,18.47,24.78
06/05/2017,21.76,19.69,18.54,18.48,24.99
05/29/2017,21.52,19.32,18.41,18.42,25.14
05/22/2017,20.46,18.77,18.26,18.32,25.26
05/15/2017,19.56,18.25,18.1,18.29,25.35
05/08/2017,18.46,17.71,17.83,18.32,25.43
05/01/2017,17.62,17.34,17.78,18.39,25.52
04/24/2017,17.12,17.15,17.66,18.63,25.67
04/17/2017,17.08,17.23,17.67,19.06,25.88
04/10/2017,16.94,17.24,17.69,19.55,26.04
04/03/2017,16.96,17.26,17.76,20.17,26.25
03/27/2017,17.06,17.39,17.87,20.85,26.45
03/20/2017,17.18,17.5,17.97,21.51,26.73
03/13/2017,17.38,17.74,18.1,22.25,27.02
03/06/2017,17.54,17.94,18.31,23.0,27.33
02/27/2017,17.56,17.95,18.62,23.75,27.62
02/20/2017,17.72,18.21,18.92,24.49,28.0
02/13/2017,17.82,18.16,19.38,25.17,28.5
02/06/2017,18.1,18.1,19.98,25.73,28.93
01/30/2017,18.34,18.13,20.7,26.28,29.25
01/23/2017,18.34,18.26,21.62,26.76,29.57
01/16/2017,18.7,18.35,22.58,27.15,29.92
01/09/2017,18.5,18.44,23.51,27.57,30.27
01/02/2017,18.1,18.46,24.51,27.92,30.58
12/26/2016,17.92,18.67,25.54,28.45,30.89
12/19/2016,18.18,19.29,26.65,29.05,31.24
12/12/2016,18.0,19.63,27.63,29.68,31.55
12/05/2016,18.38,20.59,28.68,30.05,31.91
11/28/2016,18.82,21.86,29.55,30.39,32.28
11/21/2016,19.42,23.27,30.36,30.74,32.61
11/14/2016,20.4,24.98,31.02,31.09,32.92
11/07/2016,21.26,26.8,31.55,31.51,33.19
10/31/2016,22.8,28.58,32.13,31.86,33.51
10/24/2016,24.9,30.55,32.65,32.19,33.83
10/17/2016,27.12,32.4,33.34,32.41,34.09
10/10/2016,29.56,34.0,33.93,32.54,34.36
10/03/2016,32.34,35.63,34.7,32.64,34.64
09/26/2016,34.36,36.76,34.79,32.71,34.87
09/19/2016,36.2,37.24,34.66,32.69,35.04
09/12/2016,37.68,37.45,34.48,32.54,35.18
09/05/2016,38.44,37.05,34.14,32.34,35.26
08/29/2016,38.92,36.3,33.87,32.06,35.32
08/22/2016,39.16,35.68,33.5,31.95,35.39
08/15/2016,38.28,34.75,33.01,31.78,35.36
08/08/2016,37.22,34.28,32.42,31.65,35.34
08/01/2016,35.66,33.86,31.81,31.49,35.36
07/25/2016,33.68,33.77,31.15,31.5,35.34
07/18/2016,32.2,32.81,30.69,31.83,35.36
07/11/2016,31.22,32.07,30.41,32.13,35.43
07/04/2016,31.34,31.51,30.08,32.21,35.53
06/27/2016,32.06,31.23,29.99,32.38,35.67
06/20/2016,33.86,31.43,29.94,32.7,35.84
06/13/2016,33.42,31.31,30.09,32.97,35.98
06/06/2016,32.92,31.26,30.3,33.25,36.18
05/30/2016,31.68,30.56,30.34,33.33,36.26
05/23/2016,30.4,29.76,30.31,33.43,36.37
05/16/2016,29.0,28.52,30.37,33.43,36.37
05/09/2016,29.2,28.57,31.35,33.76,36.56
05/02/2016,29.6,28.75,32.16,34.17,36.82
04/25/2016,29.44,28.65,32.57,34.48,37.06
04/18/2016,29.12,28.74,32.96,34.75,37.32
04/11/2016,28.04,28.45,33.33,34.87,37.53
04/04/2016,27.94,28.87,33.81,35.17,37.79
03/28/2016,27.9,29.33,34.24,35.46,38.0
03/21/2016,27.86,30.11,34.72,35.77,38.2
03/14/2016,28.36,30.86,35.27,36.18,38.39
03/07/2016,28.86,32.21,35.88,36.64,38.64
02/29/2016,29.8,34.12,36.36,37.02,38.83
02/22/2016,30.76,35.56,36.88,37.39,39.02
02/15/2016,32.36,36.48,37.39,37.82,39.25
02/08/2016,33.36,37.18,37.75,38.19,39.43
02/01/2016,35.56,38.21,38.08,38.58,39.67
01/25/2016,38.44,38.74,38.32,38.82,39.84
01/18/2016,40.36,39.15,38.53,38.94,40.01
01/11/2016,40.6,39.33,38.6,39.02,40.13
01/04/2016,41.0,39.67,38.84,39.22,40.21
12/28/2015,40.86,39.55,38.86,39.18,40.16
12/21/2015,39.04,38.6,38.47,38.88,39.94
12/14/2015,37.94,38.2,38.3,38.73,39.87
12/07/2015,38.06,38.3,38.49,38.84,39.96
11/30/2015,38.34,38.32,38.69,38.96,39.96
11/23/2015,38.24,37.94,38.77,38.97,39.93
11/16/2015,38.16,37.9,38.86,38.99,39.99
11/09/2015,38.46,37.91,38.84,39.11,40.07
11/02/2015,38.54,37.87,38.87,39.19,40.15
10/26/2015,38.3,38.01,39.0,39.3,40.26
10/19/2015,37.64,38.16,38.99,39.3,40.41
10/12/2015,37.64,38.34,39.02,39.36,40.57
10/05/2015,37.36,38.4,39.0,39.47,40.7
09/28/2015,37.2,38.67,39.11,39.64,40.86
09/21/2015,37.72,39.06,39.28,39.9,40.98
09/14/2015,38.68,39.6,39.49,40.2,41.13
09/07/2015,39.04,39.81,39.54,40.41,41.21
08/31/2015,39.44,39.77,39.71,40.53,41.31
08/24/2015,40.14,39.87,39.85,40.63,41.46
08/17/2015,40.4,39.98,39.95,40.61,41.58
08/10/2015,40.52,39.82,39.88,40.64,41.61
08/03/2015,40.58,39.7,39.87,40.64,41.6
07/27/2015,40.1,39.6,40.0,40.66,41.6
07/20/2015,39.6,39.55,40.12,40.69,41.55
07/13/2015,39.56,39.5,40.32,40.67,41.52
07/06/2015,39.12,39.38,40.5,40.75,41.45
06/29/2015,38.82,39.27,40.71,40.85,41.38
06/22/2015,39.1,39.64,40.91,41.08,41.33
06/15/2015,39.5,39.82,41.01,41.24,41.3
06/08/2015,39.44,39.91,40.92,41.19,41.21
06/01/2015,39.64,39.93,41.05,41.14,41.15
05/25/2015,39.72,40.03,41.12,41.0,41.07
05/18/2015,40.18,40.4,41.19,41.01,41.05
05/11/2015,40.14,40.69,41.26,41.08,41.03
05/04/2015,40.38,41.14,41.26,40.97,41.1
04/27/2015,40.22,41.61,41.43,40.88,41.17
04/20/2015,40.34,42.14,41.65,40.98,41.22
04/13/2015,40.62,42.17,41.8,41.03,41.26
04/06/2015,41.24,42.2,41.96,41.11,41.36
03/30/2015,41.9,41.93,41.84,41.21,41.4
03/23/2015,43.0,42.17,41.75,41.52,41.51
03/16/2015,43.94,42.2,41.49,41.78,41.62
03/09/2015,43.72,41.97,41.31,41.93,41.67
03/02/2015,43.16,41.83,41.28,42.09,41.77
02/23/2015,41.96,41.38,40.88,42.06,41.72
02/16/2015,41.34,41.25,40.52,42.06,41.65
02/09/2015,40.46,41.15,40.41,42.02,41.55
02/02/2015,40.22,41.42,40.46,42.09,41.51
01/26/2015,40.5,41.71,40.57,42.3,41.3
01/19/2015,40.8,41.74,40.85,42.56,41.11
01/12/2015,41.16,41.32,41.2,42.58,40.92
01/05/2015,41.84,40.78,41.58,42.55,40.68
12/29/2014,42.62,40.65,41.91,42.54,40.41
12/22/2014,42.92,40.72,42.22,42.41,40.13
12/15/2014,42.68,40.38,42.41,42.36,39.88
12/08/2014,41.48,39.79,42.46,42.15,39.6
12/01/2014,39.72,39.66,42.45,41.9,39.34
11/24/2014,38.68,39.49,42.43,41.58,39.37
11/17/2014,38.52,39.42,42.59,41.36,39.45
11/10/2014,38.08,39.96,42.97,41.23,39.5
11/03/2014,38.1,41.07,43.21,41.16,39.57
10/27/2014,39.6,42.37,43.44,41.13,39.63
10/20/2014,40.3,43.16,43.49,41.09,39.61
10/13/2014,40.32,43.72,43.26,40.98,39.51
10/06/2014,41.84,44.43,43.35,41.23,39.46
09/29/2014,44.04,45.13,43.34,41.46,39.42
09/22/2014,45.14,45.24,43.03,41.46,39.29
09/15/2014,46.02,45.36,42.63,41.49,39.19
09/08/2014,47.12,45.76,42.33,41.61,39.07
09/01/2014,47.02,45.97,41.87,41.58,38.9
08/25/2014,46.22,45.34,41.21,41.49,38.67
08/18/2014,45.34,44.51,40.51,41.45,38.51
08/11/2014,44.7,43.82,40.06,41.42,38.36
08/04/2014,44.4,42.8,39.61,41.46,38.19
07/28/2014,44.92,42.26,39.64,41.37,38.03
07/21/2014,44.46,41.54,39.63,41.23,37.87
07/14/2014,43.68,40.81,39.57,41.09,37.68
07/07/2014,42.94,39.89,39.55,40.93,37.48
06/30/2014,41.2,38.9,39.54,40.3,37.18
06/23/2014,39.6,37.77,39.39,39.66,36.87
06/16/2014,38.62,37.07,39.57,39.25,36.64
06/09/2014,37.94,36.51,39.92,38.8,36.34
06/02/2014,36.84,36.3,40.22,38.28,36.04
05/26/2014,36.6,36.42,40.79,37.84,35.81
05/19/2014,35.94,37.01,40.92,37.41,35.54
05/12/2014,35.52,37.72,41.08,37.04,35.31
05/05/2014,35.08,38.32,41.23,36.78,35.06
04/28/2014,35.76,39.21,41.45,37.15,34.83
04/21/2014,36.24,40.17,41.0,37.53,34.58
04/14/2014,38.08,41.01,40.61,37.76,34.35
04/07/2014,39.92,42.06,40.35,37.98,34.13
03/31/2014,41.56,43.33,39.94,38.13,33.83
03/24/2014,42.66,44.13,39.27,38.12,33.45
03/17/2014,44.1,45.15,38.56,38.03,33.07
03/10/2014,43.94,44.83,37.61,37.69,32.56
03/03/2014,44.2,44.44,36.7,37.38,32.07
02/24/2014,45.1,44.14,36.01,37.12,31.6
02/17/2014,45.6,43.68,36.13,36.88,31.09
02/10/2014,46.2,41.83,36.21,36.52,30.53
02/03/2014,45.72,40.21,36.13,36.22,30.01
01/27/2014,44.68,38.63,35.94,35.84,29.48
01/20/2014,43.18,36.55,35.54,35.56,28.91
01/13/2014,41.76,34.4,35.12,35.31,28.36
01/06/2014,37.46,31.96,34.47,34.93,27.77
12/30/2013,34.7,30.38,34.13,34.7,27.3
12/23/2013,32.58,28.96,33.85,34.51,26.87
12/16/2013,29.92,27.88,33.61,34.27,26.47
12/09/2013,27.04,28.57,33.49,34.03,26.07
12/02/2013,26.46,30.59,33.87,34.06,25.88
11/25/2013,26.06,32.05,34.22,34.08,25.68
11/18/2013,25.34,33.24,34.45,34.03,25.47
11/11/2013,25.84,34.52,35.07,33.88,25.3
11/04/2013,30.1,35.83,35.77,33.81,25.16
10/28/2013,34.72,36.98,36.42,33.77,25.04
10/21/2013,38.04,37.87,36.86,33.67,24.91
10/14/2013,41.14,38.74,37.28,33.58,24.77
10/07/2013,43.2,39.33,37.47,33.33,24.59
09/30/2013,41.56,38.4,36.77,32.5,24.11
09/23/2013,39.24,37.14,35.79,31.63,23.61
09/16/2013,37.7,36.39,35.1,30.94,23.26
09/09/2013,36.34,35.66,34.43,30.28,23.03
09/02/2013,35.46,35.62,33.57,29.53,22.78
08/26/2013,35.24,35.7,32.8,28.78,22.51
08/19/2013,35.04,35.85,32.16,28.11,22.27
08/12/2013,35.08,35.85,31.58,27.42,22.09
08/05/2013,34.98,35.82,31.01,26.76,21.83
07/29/2013,35.78,35.61,30.34,26.09,21.55
07/22/2013,36.16,35.13,29.55,25.29,21.27
07/15/2013,36.66,34.44,28.88,24.54,21.0
07/08/2013,36.62,33.81,28.21,23.8,20.78
07/01/2013,36.66,33.2,27.59,23.12,20.55
06/24/2013,35.44,31.51,26.49,22.26,20.27
06/17/2013,34.1,29.89,25.32,21.4,19.98
06/10/2013,32.22,28.47,24.24,20.62,19.75
06/03/2013,31.0,27.3,23.21,19.89,19.54
05/27/2013,29.74,26.19,22.24,19.23,19.28
05/20/2013,27.58,25.06,21.33,18.67,19.0
05/13/2013,25.68,23.96,20.38,18.11,18.78
05/06/2013,24.72,23.31,19.59,17.7,18.58
04/29/2013,23.6,22.61,18.8,17.28,18.4
04/22/2013,22.64,21.97,18.08,16.9,18.22
04/15/2013,22.54,21.47,17.64,16.72,18.18
04/08/2013,22.24,20.75,17.16,16.51,18.1
04/01/2013,21.9,20.01,16.69,16.31,17.9
03/25/2013,21.62,19.11,16.19,16.14,17.73
03/18/2013,21.3,18.28,15.76,15.96,17.56
03/11/2013,20.4,17.6,15.47,15.85,17.41
03/04/2013,19.26,16.79,15.19,15.72,17.25
02/25/2013,18.12,15.86,14.89,15.59,17.09
02/18/2013,16.6,14.99,14.61,15.58,16.94
02/11/2013,15.26,14.19,14.36,15.79,16.77
02/04/2013,14.8,13.8,14.34,16.03,16.69
01/28/2013,14.32,13.57,14.39,16.23,16.63
01/21/2013,13.6,13.37,14.46,16.43,16.57
01/14/2013,13.38,13.26,14.66,16.75,16.58
01/07/2013,13.12,13.23,14.8,16.89,16.54
12/31/2012,12.8,13.34,14.98,17.02,16.51
12/24/2012,12.82,13.59,15.19,17.25,16.63
12/17/2012,13.14,13.92,15.46,17.46,17.11
12/10/2012,13.14,14.23,15.87,17.75,17.67
12/03/2012,13.34,14.53,16.59,17.97,18.14
11/26/2012,13.88,14.88,17.15,18.28,18.61
11/19/2012,14.36,15.2,17.56,18.55,19.05
11/12/2012,14.7,15.55,17.97,18.88,19.53
11/05/2012,15.32,16.06,18.5,19.19,20.01
10/29/2012,15.72,16.37,18.73,19.32,20.51
10/22/2012,15.88,16.62,18.86,19.34,20.99
10/15/2012,16.04,16.78,19.08,19.44,21.47
10/08/2012,16.4,17.0,19.24,19.45,21.95
10/01/2012,16.8,17.51,19.51,19.51,22.42
09/24/2012,17.02,18.64,19.7,19.54,22.85
09/17/2012,17.36,19.42,19.98,19.65,23.29
09/10/2012,17.52,19.92,20.23,19.69,23.8
09/03/2012,17.6,20.38,20.55,19.49,24.35
08/27/2012,18.22,20.93,20.75,19.31,24.9
08/20/2012,20.26,21.08,20.8,19.15,25.42
08/13/2012,21.48,21.09,20.7,18.96,25.84
08/06/2012,22.32,21.38,20.78,18.78,26.28
07/30/2012,23.16,21.47,20.68,18.58,26.65
07/23/2012,23.64,21.51,20.52,18.3,26.98
07/16/2012,21.9,20.75,19.99,17.75,27.24
07/09/2012,20.7,20.53,19.76,17.35,27.56
07/02/2012,20.44,20.53,19.57,17.03,27.88
06/25/2012,19.78,20.71,19.04,16.71,28.16
06/18/2012,19.38,20.57,18.5,16.41,28.47
06/11/2012,19.6,20.51,18.19,16.18,28.88
06/04/2012,20.36,20.3,17.89,15.99,29.31
05/28/2012,20.62,20.17,17.49,16.01,29.71
05/21/2012,21.64,19.89,17.14,16.76,30.05
05/14/2012,21.76,19.52,16.69,17.59,30.36
05/07/2012,21.42,19.23,16.25,18.31,30.68
04/30/2012,20.24,18.99,15.77,18.95,30.98
04/23/2012,19.72,18.61,15.28,19.55,31.29
04/16/2012,18.14,17.37,14.71,20.18,31.54
04/09/2012,17.28,16.43,14.33,20.83,31.82
04/02/2012,17.04,15.87,14.01,21.7,32.15
03/26/2012,17.74,15.48,13.84,22.64,32.55
03/19/2012,17.5,14.8,13.93,23.5,32.98
03/12/2012,16.6,14.39,15.19,24.44,33.53
03/05/2012,15.58,13.86,16.63,25.32,33.99
02/27/2012,14.7,13.26,17.85,26.15,34.54
02/20/2012,13.22,12.54,18.93,26.92,35.05
02/13/2012,12.1,11.95,20.03,27.91,35.61
02/06/2012,12.18,12.05,21.58,29.22,36.47
01/30/2012,12.14,12.22,23.03,30.49,37.22
01/23/2012,11.82,12.15,24.62,31.69,37.94
01/16/2012,11.86,12.2,26.23,32.72,38.63
01/09/2012,11.8,13.05,27.86,33.77,39.34
01/02/2012,11.92,15.99,29.47,34.71,40.05
12/26/2011,12.3,19.39,31.05,35.66,40.74
12/19/2011,12.48,22.43,32.6,36.74,41.55
12/12/2011,12.54,25.32,34.12,37.77,42.32
12/05/2011,14.3,28.1,35.89,38.74,43.06
11/28/2011,20.06,31.11,37.81,39.6,43.77
11/21/2011,26.48,33.84,39.63,40.53,44.32
11/14/2011,32.38,37.08,41.47,41.59,44.86
11/07/2011,38.1,40.25,42.99,42.63,45.38
10/31/2011,41.9,42.66,44.13,43.41,45.75
10/24/2011,42.16,42.95,44.07,43.35,45.64
10/17/2011,41.2,42.7,43.8,43.13,45.45
10/10/2011,41.78,42.76,43.9,43.06,45.31
10/03/2011,42.4,42.91,44.0,43.01,45.18
09/26/2011,43.42,43.68,44.06,43.03,45.11
09/19/2011,43.74,44.5,43.85,42.9,45.0
09/12/2011,44.2,45.42,43.88,42.8,44.91
09/05/2011,43.74,45.85,43.84,42.6,44.75
08/29/2011,43.42,45.72,43.82,42.46,44.6
08/22/2011,43.94,45.59,43.79,42.46,44.44
08/15/2011,45.26,45.19,43.55,42.61,44.25
08/08/2011,46.64,44.89,43.35,42.66,44.1
08/01/2011,47.96,45.03,43.21,42.93,44.0
07/25/2011,48.02,45.08,43.06,43.17,43.89
07/18/2011,47.24,44.43,42.71,43.3,43.75
07/11/2011,45.12,43.19,42.1,43.73,43.52
07/04/2011,43.14,42.34,41.5,43.94,43.32
06/27/2011,42.1,41.83,40.98,44.19,43.25
06/20/2011,42.14,41.91,40.84,44.53,43.28
06/13/2011,41.62,41.98,40.89,44.91,43.37
06/06/2011,41.26,41.9,41.32,45.38,43.5
05/30/2011,41.54,41.81,41.55,45.82,43.66
05/23/2011,41.56,41.38,41.88,46.37,43.72
05/16/2011,41.68,41.04,42.21,46.86,43.66
05/09/2011,42.34,40.99,42.74,47.38,43.65
05/02/2011,42.54,41.01,44.0,47.95,43.68
04/25/2011,42.08,40.65,44.75,48.1,43.64
04/18/2011,41.2,40.13,45.38,48.13,43.53
04/11/2011,40.4,39.76,45.84,48.14,43.34
04/04/2011,39.64,39.8,46.38,48.1,43.19
03/28/2011,39.48,40.73,47.13,47.92,43.1
03/21/2011,39.22,41.29,47.83,47.77,43.02
03/14/2011,39.06,42.37,48.86,47.57,42.95
03/07/2011,39.12,43.38,49.78,47.35,42.96
02/28/2011,39.96,44.49,50.58,47.18,42.93
02/21/2011,41.98,46.98,51.42,47.09,42.94
02/14/2011,43.36,48.84,51.82,47.01,42.9
02/07/2011,45.68,50.62,52.13,46.89,42.97
01/31/2011,47.64,51.91,52.33,46.74,42.87
01/24/2011,49.02,52.96,52.25,46.43,42.72
01/17/2011,51.98,53.52,51.52,45.89,42.5
01/10/2011,54.32,54.37,51.01,45.53,42.41
01/03/2011,55.56,55.35,50.17,45.07,42.26
12/27/2010,56.18,56.17,49.34,44.62,41.96
12/20/2010,56.9,56.66,48.53,44.2,41.62
12/13/2010,55.06,55.85,47.15,43.31,41.08
12/06/2010,54.42,54.8,46.1,42.7,40.73
11/29/2010,55.14,53.64,45.03,42.3,40.35
11/22/2010,56.16,52.75,44.15,42.03,40.01
11/15/2010,56.42,51.53,43.17,41.83,39.59
11/08/2010,56.64,49.52,42.08,41.62,39.4
11/01/2010,55.18,47.65,41.12,41.49,39.37
10/25/2010,52.14,44.98,39.93,41.06,38.97
10/18/2010,49.34,42.51,38.85,40.46,38.49
10/11/2010,46.64,40.39,37.97,39.91,37.96
10/04/2010,42.4,38.44,37.04,39.41,37.41
09/27/2010,40.12,37.39,36.65,39.19,37.02
09/20/2010,37.82,36.41,36.63,38.93,36.74
09/13/2010,35.68,35.55,36.67,38.53,36.37
09/06/2010,34.14,34.8,36.98,38.28,35.94
08/30/2010,34.48,34.64,37.68,38.27,35.64
08/23/2010,34.66,34.58,38.41,38.27,35.33
08/16/2010,35.0,34.87,39.11,38.34,35.07
08/09/2010,35.42,35.18,39.43,38.56,34.83
08/02/2010,35.46,35.55,39.68,38.68,34.59
07/26/2010,34.8,35.64,39.89,38.8,34.3
07/19/2010,34.5,35.91,40.09,38.79,34.03
07/12/2010,34.74,36.85,40.19,39.04,33.75
07/05/2010,34.94,37.79,40.03,38.99,33.41
06/28/2010,35.64,39.16,40.03,39.01,33.12
06/21/2010,36.48,40.71,40.09,39.11,32.84
06/14/2010,37.32,42.24,40.12,39.28,32.57
06/07/2010,38.96,43.34,40.08,39.45,32.19
05/31/2010,40.64,43.68,40.25,39.29,31.8
05/24/2010,42.68,43.8,40.25,39.04,31.37
05/17/2010,44.94,44.14,40.38,38.84,30.94
05/10/2010,47.16,44.27,40.24,38.75,30.46
05/03/2010,47.72,43.52,40.14,38.41,29.86
04/26/2010,46.72,42.26,39.6,37.98,29.24
04/19/2010,44.92,40.89,38.94,37.35,28.53
04/12/2010,43.34,39.47,38.31,37.17,27.84
04/05/2010,41.38,37.99,37.81,37.24,27.13
03/29/2010,39.32,36.81,37.5,36.87,26.47
03/22/2010,37.8,36.82,37.1,36.53,25.93
03/15/2010,36.86,36.69,36.66,36.01,25.43
03/08/2010,35.6,36.61,36.2,35.42,24.93
03/01/2010,34.6,36.2,36.0,34.86,24.43
02/22/2010,34.3,36.76,35.85,34.55,23.96
02/15/2010,35.84,36.93,35.84,34.2,23.57
02/08/2010,36.52,36.98,35.58,33.59,23.14
02/01/2010,37.62,37.14,36.03,33.0,22.72
01/25/2010,37.8,37.62,36.87,32.38,22.3
01/18/2010,39.22,38.19,36.91,31.8,21.89
01/11/2010,38.02,37.37,36.39,31.09,21.4
01/04/2010,37.44,36.63,35.67,30.5,20.91
12/28/2009,36.66,35.78,34.82,29.8,20.44
12/21/2009,37.44,35.79,34.19,29.26,20.04
12/14/2009,37.16,34.94,33.45,28.45,19.57
12/07/2009,36.72,34.75,32.84,27.83,19.23
11/30/2009,35.82,34.17,31.89,27.23,18.81
11/23/2009,34.9,34.91,30.93,26.58,18.39
11/16/2009,34.14,36.12,29.76,25.86,17.92
11/09/2009,32.72,35.62,28.6,24.93,17.61
11/02/2009,32.78,35.4,27.95,24.3,17.54
10/26/2009,32.52,34.71,27.44,23.7,17.5
10/19/2009,34.92,33.86,26.82,23.03,17.48
10/12/2009,38.1,32.58,25.99,22.16,17.42
10/05/2009,38.52,31.95,25.2,21.3,17.35
09/28/2009,38.02,30.92,24.37,20.49,17.31
09/21/2009,36.9,29.61,23.76,19.72,17.3
09/14/2009,32.8,26.94,22.41,18.5,17.12
09/07/2009,27.06,23.4,20.73,17.01,16.73
08/31/2009,25.38,21.58,19.58,16.07,16.63
08/24/2009,23.82,20.5,18.75,15.33,16.62
08/17/2009,22.32,20.16,18.2,14.84,16.71
08/10/2009,21.08,19.77,17.62,14.44,16.8
08/03/2009,19.74,19.4,16.96,13.99,16.42
07/27/2009,17.78,18.45,15.98,13.37,16.59
07/20/2009,17.18,17.82,15.28,12.94,16.91
07/13/2009,18.0,17.91,14.77,12.68,17.44
07/06/2009,18.46,17.88,14.28,12.44,17.93
06/29/2009,19.06,18.05,13.82,12.21,18.33
06/22/2009,19.12,17.58,13.31,11.97,18.7
06/15/2009,18.46,17.0,12.75,11.7,19.04
06/08/2009,17.82,16.23,12.18,11.31,19.3
06/01/2009,17.3,15.46,11.77,11.08,19.49
05/25/2009,17.04,14.51,11.29,10.82,19.64
05/18/2009,16.04,13.51,10.83,10.69,19.79
05/11/2009,15.54,12.74,10.5,10.63,20.06
05/04/2009,14.64,11.63,10.07,10.39,20.21
04/27/2009,13.62,10.68,9.72,10.19,20.37
04/20/2009,11.98,9.59,9.3,9.99,20.42
04/13/2009,10.98,9.04,9.17,10.29,20.67
04/06/2009,9.94,8.49,9.06,10.77,20.91
03/30/2009,8.62,8.13,8.86,11.3,21.19
03/23/2009,7.74,8.08,8.89,11.94,21.56
03/16/2009,7.2,8.07,8.98,12.67,21.93
03/09/2009,7.1,8.14,9.28,13.4,22.39
03/02/2009,7.04,8.25,9.58,14.12,22.75
02/23/2009,7.64,8.51,9.78,14.88,23.18
02/16/2009,8.42,8.76,9.95,15.73,23.61
02/09/2009,8.94,9.0,10.19,16.45,24.03
02/02/2009,9.18,9.3,10.92,17.2,24.49
01/26/2009,9.46,9.62,11.91,17.91,24.9
01/19/2009,9.38,9.58,12.89,18.57,25.35
01/12/2009,9.1,9.7,13.87,19.17,25.79
01/05/2009,9.06,9.89,14.97,18.84,26.21
12/29/2008,9.42,10.42,16.04,19.82,26.7
12/22/2008,9.78,10.9,17.06,20.88,27.23
12/15/2008,9.78,11.04,18.07,22.19,27.8
12/08/2008,10.3,11.14,19.22,23.43,28.42
12/01/2008,10.72,11.37,20.18,24.44,29.05
11/24/2008,11.42,12.53,21.15,25.42,29.66
11/17/2008,12.02,14.2,22.06,26.38,30.18
11/10/2008,12.3,16.2,23.07,27.28,30.7
11/03/2008,11.98,18.03,23.91,27.9,31.16
10/27/2008,12.02,20.05,23.32,28.45,31.65
10/20/2008,13.64,21.65,24.52,28.89,32.05
10/13/2008,16.38,23.22,25.87,29.49,32.4
10/06/2008,20.1,25.1,27.77,30.03,32.78
09/29/2008,24.08,27.29,29.57,30.54,33.12
09/22/2008,28.08,28.99,30.97,30.85,33.51
09/15/2008,29.66,29.76,31.87,31.04,33.81
09/08/2008,30.06,29.92,32.48,31.05,34.13
09/01/2008,30.1,29.94,32.83,31.08,34.44
08/25/2008,30.5,29.78,32.83,31.18,34.74
08/18/2008,29.9,26.58,32.65,31.18,35.04
08/11/2008,29.86,27.38,32.51,31.38,35.56
08/04/2008,29.78,28.52,32.62,31.37,36.03
07/28/2008,29.78,30.44,32.5,31.48,36.53
07/21/2008,29.06,31.85,32.17,31.48,36.98
07/14/2008,23.26,32.95,31.78,31.61,37.49
07/07/2008,24.9,33.97,31.69,31.79,38.0
06/30/2008,27.26,35.03,31.62,31.89,38.55
06/23/2008,31.1,35.71,31.66,32.12,39.15
06/16/2008,34.64,35.88,31.88,32.4,39.79
06/09/2008,42.64,38.72,33.48,33.59,40.97
06/02/2008,43.04,37.64,33.38,33.59,41.53
05/26/2008,42.8,36.72,32.8,33.57,42.12
05/19/2008,40.32,34.56,32.0,33.41,42.57
05/12/2008,37.12,32.48,31.3,33.41,43.16
05/05/2008,34.8,30.6,30.94,33.67,43.65
04/28/2008,32.24,29.4,30.7,33.89,44.08
04/21/2008,30.64,28.2,30.32,33.97,44.5
04/14/2008,28.8,27.6,30.32,34.12,45.07
04/07/2008,27.84,27.88,30.66,34.41,45.72
03/31/2008,26.4,28.24,31.02,34.84,46.5
03/24/2008,26.56,29.12,31.56,35.21,47.24
03/17/2008,25.76,28.88,32.0,35.32,47.8
03/10/2008,26.4,29.44,32.84,35.53,48.45
03/03/2008,27.92,30.12,33.88,35.71,49.13
02/25/2008,30.08,31.28,35.2,36.17,49.93
02/18/2008,31.68,32.0,36.14,36.57,50.56
02/11/2008,32.0,32.44,36.86,37.2,51.4
02/04/2008,32.48,33.04,37.38,37.8,51.98
01/28/2008,32.32,33.44,37.68,38.31,52.71
01/21/2008,32.48,33.8,38.14,38.91,53.51
01/14/2008,32.32,34.0,38.26,39.73,54.24
01/07/2008,32.88,35.12,38.54,40.69,55.08
12/31/2007,33.6,36.24,38.58,41.59,55.83
12/24/2007,34.56,37.64,38.5,42.47,56.76
12/17/2007,35.12,39.12,38.62,43.36,57.55
12/10/2007,35.68,40.28,38.86,44.2,58.54
12/03/2007,37.36,41.28,39.58,45.2,59.56
11/26/2007,38.88,41.72,40.18,46.17,60.55
11/19/2007,40.72,41.92,40.74,47.17,61.53
11/12/2007,43.12,42.48,41.46,48.36,62.54
11/05/2007,44.88,42.52,42.6,49.48,63.5
10/29/2007,45.2,41.96,43.48,50.67,64.43
10/22/2007,44.56,40.92,44.26,51.72,65.5
10/15/2007,43.12,39.36,44.88,52.91,66.47
10/08/2007,41.84,38.12,45.48,53.64,67.16
10/01/2007,40.16,37.44,46.16,54.27,67.99
09/24/2007,38.72,37.88,47.16,55.03,68.89
09/17/2007,37.28,38.64,48.4,56.01,69.97
09/10/2007,35.6,39.56,49.8,57.03,71.21
09/03/2007,34.4,40.44,51.3,58.16,72.36
08/27/2007,34.72,42.68,52.96,59.27,74.39
08/20/2007,37.04,45.0,55.02,60.28,76.47
08/13/2007,40.0,47.6,57.12,61.37,78.51
08/06/2007,43.52,50.4,59.68,62.56,80.61
07/30/2007,46.48,52.84,61.4,63.68,82.84
07/23/2007,50.64,54.88,62.68,64.55,85.31
07/16/2007,52.96,56.44,63.6,65.6,87.65
07/09/2007,55.2,58.16,64.7,66.16,89.89
07/02/2007,57.28,60.04,65.76,67.11,92.11
06/25/2007,59.2,62.16,67.02,68.11,94.47
06/18/2007,59.12,63.24,67.56,68.75,96.63
06/11/2007,59.92,65.04,67.92,69.47,98.99
06/04/2007,61.12,66.64,68.26,70.08,101.34
05/28/2007,62.8,68.96,68.64,71.05,103.73
05/21/2007,65.12,69.96,69.1,71.73,106.27
05/14/2007,67.36,70.48,69.38,72.88,108.81
05/07/2007,70.16,70.76,70.18,73.92,111.05
04/30/2007,72.16,71.24,70.16,74.92,113.57
04/23/2007,75.12,71.48,70.64,75.89,115.8
04/16/2007,74.8,71.88,71.08,76.72,117.95
04/09/2007,73.6,71.88,71.5,77.52,120.15
04/02/2007,71.36,70.8,71.68,78.19,122.51
03/26/2007,70.32,69.88,71.8,79.28,124.41
03/19/2007,67.84,68.32,72.1,80.03,126.12
03/12/2007,68.96,68.24,72.62,80.68,128.21
03/05/2007,70.16,68.28,74.08,81.72,130.48
02/26/2007,70.24,69.6,75.5,82.76,132.87
02/19/2007,69.44,69.08,76.76,83.92,135.41
02/12/2007,68.8,69.8,78.1,85.4,137.86
02/05/2007,67.52,70.28,79.14,86.56,140.18
01/29/2007,66.4,71.12,80.34,89.51,142.59
01/22/2007,68.96,72.56,81.88,92.65,144.5
01/15/2007,68.72,73.72,83.98,95.65,146.81
01/08/2007,70.8,75.88,85.88,98.65,148.97
01/01/2007,73.04,77.0,86.9,102.0,151.43
12/25/2006,75.84,79.88,88.44,106.07,153.81
12/18/2006,76.16,81.4,89.34,109.71,156.18
12/11/2006,78.72,84.44,91.34,113.61,159.09
12/04/2006,80.96,86.4,93.2,117.11,162.11
11/27/2006,80.96,88.0,94.7,120.84,164.75
11/20/2006,83.92,89.56,98.7,124.51,167.43
11/13/2006,86.64,91.2,102.7,128.52,170.46
11/06/2006,90.16,94.24,106.62,132.6,173.45
10/30/2006,91.84,95.88,110.04,136.4,176.25
10/23/2006,95.04,96.8,114.5,140.8,179.22
10/16/2006,95.2,97.0,119.16,144.73,181.74
10/09/2006,95.76,97.28,123.86,148.19,184.55
10/02/2006,98.32,98.24,128.2,152.21,187.53
09/25/2006,99.92,100.0,132.46,155.71,191.13
09/18/2006,98.56,101.4,137.26,159.17,194.2
09/11/2006,98.8,107.84,141.98,162.79,197.17
09/04/2006,98.8,114.2,147.18,166.84,199.61
08/28/2006,98.16,119.0,151.78,169.55,201.98
08/21/2006,100.08,124.2,156.66,172.21,204.19
08/14/2006,104.24,132.2,162.8,175.75,206.77
08/07/2006,116.88,141.32,168.6,179.24,209.49
07/31/2006,129.6,150.44,173.64,182.97,212.27
07/24/2006,139.84,158.16,179.2,186.91,214.99
07/17/2006,148.32,164.92,183.56,190.32,217.66
07/10/2006,160.16,173.12,188.06,193.8,219.66
07/03/2006,165.76,176.12,190.26,195.67,221.09
06/26/2006,171.28,180.16,193.16,196.35,221.91
06/19/2006,176.48,184.56,194.82,197.96,222.4
06/12/2006,181.52,189.12,196.22,199.29,223.27
06/05/2006,186.08,193.4,197.52,200.85,224.44
05/29/2006,186.48,195.88,198.2,201.56,225.24
05/22/2006,189.04,196.84,199.24,202.65,226.65
05/15/2006,192.64,200.24,201.28,204.56,228.02
05/08/2006,196.72,202.2,203.02,207.11,229.97
05/01/2006,200.72,203.0,204.14,208.65,232.1
04/24/2006,205.28,204.4,205.44,210.35,234.0
04/17/2006,204.64,206.16,204.44,212.4,235.9
04/10/2006,207.84,205.08,204.66,214.29,238.33
04/03/2006,207.68,203.32,204.38,216.11,240.71
03/27/2006,205.28,201.64,204.58,217.64,243.11
03/20/2006,203.52,200.52,204.4,218.75,245.56
03/13/2006,207.68,201.64,205.56,220.92,0.0
03/06/2006,202.32,202.32,206.72,222.85,0.0
02/27/2006,198.96,203.84,209.56,226.56,0.0
02/20/2006,198.0,205.28,211.48,229.23,0.0
02/13/2006,197.52,206.48,213.32,231.56,0.0
02/06/2006,195.6,202.72,215.52,232.39,0.0
01/30/2006,202.32,204.24,218.9,234.41,0.0
01/23/2006,208.72,205.44,222.5,236.16,0.0
01/16/2006,212.56,207.52,225.64,237.8,0.0
01/09/2006,215.44,208.28,227.86,239.75,0.0
01/02/2006,209.84,209.48,230.56,241.56,0.0
12/26/2005,206.16,211.12,233.12,243.08,0.0
12/19/2005,202.16,215.28,237.92,245.0,0.0
12/12/2005,202.48,217.68,241.2,245.52,0.0
12/05/2005,201.12,220.16,244.1,246.51,0.0
11/28/2005,209.12,228.32,247.22,247.47,0.0
11/21/2005,216.08,233.56,249.5,246.84,0.0
11/14/2005,228.4,239.56,251.52,247.24,0.0
11/07/2005,232.88,243.76,252.94,248.03,0.0
10/31/2005,239.2,247.44,255.48,248.92,0.0
10/24/2005,247.52,251.64,257.6,250.65,0.0
10/17/2005,251.04,255.12,259.06,251.48,0.0
10/10/2005,250.72,260.56,259.86,252.83,0.0
10/03/2005,254.64,264.72,259.44,255.55,0.0
09/26/2005,255.68,268.04,259.68,257.65,0.0
09/19/2005,255.76,266.12,257.04,259.4,0.0
09/12/2005,259.2,265.44,253.48,262.37,0.0
09/05/2005,270.4,263.48,251.08,265.31,0.0
08/29/2005,274.8,262.12,250.16,268.57,0.0
08/22/2005,280.4,263.52,249.66,272.37,0.0
08/15/2005,276.48,263.56,250.16,0.0,0.0
08/08/2005,271.68,263.0,249.66,0.0,0.0
08/01/2005,256.56,259.16,248.96,0.0,0.0
07/25/2005,249.44,254.16,250.96,0.0,0.0
07/18/2005,246.64,251.32,252.46,0.0,0.0
07/11/2005,250.64,247.96,256.04,0.0,0.0
07/04/2005,254.32,241.52,260.84,0.0,0.0
06/27/2005,261.76,238.68,266.22,0.0,0.0
06/20/2005,258.88,238.2,271.8,0.0,0.0
06/13/2005,256.0,235.8,276.8,0.0,0.0
06/06/2005,245.28,236.76,0.0,0.0,0.0
05/30/2005,228.72,236.32,0.0,0.0,0.0
05/23/2005,215.6,238.76,0.0,0.0,0.0
05/16/2005,217.52,247.76,0.0,0.0,0.0
05/09/2005,215.6,253.6,0.0,0.0,0.0
05/02/2005,228.24,264.12,0.0,0.0,0.0
04/25/2005,243.92,280.16,0.0,0.0,0.0
04/18/2005,261.92,293.76,0.0,0.0,0.0
04/11/2005,278.0,305.4,0.0,0.0,0.0
04/04/2005,291.6,317.8,0.0,0.0,0.0
03/28/2005,300.0,0.0,0.0,0.0,0.0
03/21/2005,316.4,0.0,0.0,0.0,0.0
03/14/2005,325.6,0.0,0.0,0.0,0.0
03/07/2005,332.8,0.0,0.0,0.0,0.0
02/28/2005,344.0,0.0,0.0,0.0,0.0
02/21/2005,0.0,0.0,0.0,0.0,0.0
02/14/2005,0.0,0.0,0.0,0.0,0.0
02/07/2005,0.0,0.0,0.0,0.0,0.0
01/31/2005,0.0,0.0,0.0,0.0,0.0
