12/26/2022,23.55,24.76,25.53,24.62,21.29
12/19/2022,24.08,25.04,25.75,24.73,21.13
12/12/2022,24.24,25.12,25.72,24.8,20.96
12/05/2022,24.77,25.41,25.7,24.83,20.81
11/28/2022,25.51,25.5,25.59,24.82,20.63
11/21/2022,25.96,25.36,25.41,24.78,20.44
11/14/2022,26.0,25.43,25.26,24.68,20.24
11/07/2022,26.0,25.87,25.16,24.64,20.03
10/31/2022,26.04,26.05,25.02,24.66,19.8
10/24/2022,25.5,26.22,24.72,24.55,19.53
10/17/2022,24.75,26.3,24.55,24.48,19.27
10/10/2022,24.87,26.46,24.57,24.44,19.03
10/03/2022,25.75,26.32,24.64,24.34,18.8
09/26/2022,26.05,26.0,24.54,24.11,18.56
09/19/2022,26.94,25.67,24.47,23.87,18.33
09/12/2022,27.85,25.47,24.5,23.66,18.13
09/05/2022,28.05,25.1,24.3,23.27,17.88
08/29/2022,26.9,24.44,24.02,22.82,17.6
08/22/2022,25.95,23.99,23.96,22.41,17.36
08/15/2022,24.4,23.22,23.72,21.9,17.1
08/08/2022,23.08,22.8,23.57,21.39,16.86
08/01/2022,22.14,22.68,23.44,20.96,16.62
07/25/2022,21.99,22.95,23.35,20.65,16.46
07/18/2022,22.03,23.08,23.16,20.32,16.3
07/11/2022,22.05,23.28,22.98,20.02,16.15
07/04/2022,22.52,23.53,22.75,19.68,15.99
06/27/2022,23.22,23.51,22.36,19.31,15.81
06/20/2022,23.91,23.59,22.01,18.96,15.63
06/13/2022,24.13,23.93,21.61,18.61,15.45
06/06/2022,24.51,24.22,21.24,18.31,15.28
05/30/2022,24.53,24.35,20.69,17.95,15.05
05/23/2022,23.79,24.19,20.09,17.54,14.8
05/16/2022,23.27,23.75,19.5,17.12,14.55
05/09/2022,23.74,23.24,18.94,16.79,14.34
05/02/2022,23.94,22.68,18.39,16.45,14.14
04/25/2022,24.16,21.98,17.75,16.1,13.93
04/18/2022,24.59,21.22,17.22,15.81,13.73
04/11/2022,24.23,20.43,16.64,15.43,13.54
04/04/2022,22.74,19.3,15.95,14.95,13.3
03/28/2022,21.41,18.26,15.35,14.51,13.09
03/21/2022,19.8,17.04,14.76,14.06,12.87
03/14/2022,17.84,16.0,14.21,13.63,12.64
03/07/2022,16.63,15.25,13.81,13.27,12.48
02/28/2022,15.86,14.63,13.56,13.01,12.37
02/21/2022,15.11,14.1,13.34,12.79,12.26
02/14/2022,14.27,13.52,13.17,12.59,12.13
02/07/2022,14.16,13.22,13.1,12.49,12.05
01/31/2022,13.87,12.85,12.94,12.37,11.95
01/24/2022,13.41,12.6,12.78,12.31,11.87
01/17/2022,13.09,12.44,12.63,12.29,11.78
01/10/2022,12.77,12.47,12.58,12.32,11.74
01/03/2022,12.28,12.42,12.44,12.28,11.66
12/27/2021,11.84,12.37,12.28,12.28,11.58
12/20/2021,11.79,12.49,12.2,12.28,11.5
12/13/2021,11.79,12.58,12.13,12.28,11.42
12/06/2021,12.17,12.81,12.13,12.3,11.37
11/29/2021,12.57,12.99,12.12,12.3,11.31
11/22/2021,12.91,13.02,12.13,12.3,11.25
11/15/2021,13.18,12.96,12.16,12.28,11.17
11/08/2021,13.36,12.83,12.22,12.25,11.07
11/01/2021,13.44,12.68,12.25,12.16,11.08
10/25/2021,13.41,12.46,12.21,12.06,11.05
10/18/2021,13.13,12.18,12.23,11.98,11.01
10/11/2021,12.74,11.92,12.17,11.89,10.94
10/04/2021,12.29,11.69,12.13,11.83,10.87
09/27/2021,11.92,11.45,12.05,11.75,10.81
09/20/2021,11.5,11.26,11.96,11.66,10.74
09/13/2021,11.24,11.24,11.95,11.65,10.67
09/06/2021,11.09,11.36,11.94,11.65,10.61
08/30/2021,11.09,11.61,11.95,11.66,10.54
08/23/2021,10.99,11.81,11.9,11.67,10.46
08/16/2021,11.01,11.97,11.86,11.65,10.38
08/09/2021,11.24,12.27,11.88,11.69,10.32
08/02/2021,11.63,12.43,11.88,11.73,10.28
07/26/2021,12.12,12.57,11.9,11.72,10.22
07/19/2021,12.63,12.64,11.9,11.67,10.19
07/12/2021,12.93,12.66,11.87,11.6,10.13
07/05/2021,13.3,12.65,11.86,11.53,10.05
06/28/2021,13.23,12.52,11.79,11.42,9.93
06/21/2021,13.01,12.3,11.69,11.28,9.81
06/14/2021,12.64,11.98,11.6,11.15,9.69
06/07/2021,12.38,11.74,11.49,11.04,9.57
05/31/2021,12.01,11.48,11.4,10.88,9.45
05/24/2021,11.82,11.34,11.38,10.73,9.34
05/17/2021,11.59,11.23,11.3,10.56,9.22
05/10/2021,11.32,11.17,11.19,10.44,9.16
05/03/2021,11.11,11.08,11.08,10.33,9.08
04/26/2021,10.96,11.06,10.97,10.2,9.02
04/19/2021,10.86,11.05,10.87,10.05,9.0
04/12/2021,10.87,11.09,10.76,9.9,9.02
04/05/2021,11.01,11.22,10.74,10.01,9.05
03/29/2021,11.04,11.24,10.68,10.05,9.05
03/22/2021,11.16,11.31,10.58,10.03,9.03
03/15/2021,11.25,11.42,10.43,9.98,9.01
03/08/2021,11.3,11.38,10.22,9.91,9.01
03/01/2021,11.42,11.22,10.08,9.88,9.06
02/22/2021,11.45,11.08,9.95,9.81,9.12
02/15/2021,11.47,10.88,9.77,9.69,9.18
02/08/2021,11.59,10.7,9.56,9.57,9.22
02/01/2021,11.45,10.44,9.3,9.41,9.25
01/25/2021,11.02,10.26,9.41,9.24,9.27
01/18/2021,10.71,10.12,9.45,9.11,9.31
01/11/2021,10.29,9.85,9.39,8.96,9.34
01/04/2021,9.8,9.44,9.26,8.82,9.34
12/28/2020,9.43,9.07,9.17,8.71,9.37
12/21/2020,9.5,8.94,9.2,8.7,9.43
12/14/2020,9.53,8.82,9.18,8.66,9.52
12/07/2020,9.41,8.66,9.09,8.57,9.62
11/30/2020,9.07,8.42,9.0,8.43,9.7
11/23/2020,8.71,8.16,8.9,8.34,9.78
11/16/2020,8.38,8.55,8.73,8.22,9.84
11/09/2020,8.11,8.78,8.6,8.11,9.9
11/02/2020,7.9,8.94,8.51,8.02,9.98
10/26/2020,7.76,9.08,8.52,7.94,10.07
10/19/2020,7.61,9.27,8.53,7.89,10.13
10/12/2020,8.73,9.47,8.59,7.88,10.19
10/05/2020,9.46,9.54,8.58,7.84,10.26
09/28/2020,9.97,9.53,8.52,7.83,10.35
09/21/2020,10.41,9.59,8.44,7.95,10.45
09/14/2020,10.94,9.63,8.44,8.15,10.6
09/07/2020,10.21,8.91,8.05,8.08,10.65
08/31/2020,9.62,8.41,7.77,8.05,10.75
08/24/2020,9.08,8.08,7.56,8.03,10.88
08/17/2020,8.78,7.95,7.37,8.04,11.03
08/10/2020,8.33,7.79,7.19,8.11,11.18
08/03/2020,7.62,7.7,7.08,8.25,11.29
07/27/2020,7.21,7.61,6.99,8.44,11.42
07/20/2020,7.08,7.52,6.99,8.67,11.58
07/13/2020,7.13,7.29,7.12,8.87,11.76
07/06/2020,7.25,7.24,7.4,9.08,11.96
06/29/2020,7.79,7.19,7.67,9.3,12.16
06/22/2020,8.01,7.13,7.87,9.51,12.37
06/15/2020,7.97,7.04,8.01,9.72,12.59
06/08/2020,7.44,6.79,8.09,9.86,12.78
06/01/2020,7.23,6.6,8.26,10.03,12.99
05/25/2020,6.59,6.46,8.52,10.15,13.19
05/18/2020,6.24,6.36,8.85,10.37,13.4
05/11/2020,6.1,6.45,9.25,10.67,13.64
05/04/2020,6.15,6.96,9.67,10.96,13.91
04/27/2020,5.97,7.57,10.0,11.22,14.16
04/20/2020,6.32,8.15,10.35,11.46,14.4
04/13/2020,6.48,8.61,10.71,11.7,14.64
04/06/2020,6.79,8.99,11.06,11.94,14.91
03/30/2020,7.77,9.38,11.4,12.19,15.19
03/23/2020,9.17,9.93,11.75,12.38,15.45
03/16/2020,9.98,10.58,12.0,12.5,15.69
03/09/2020,10.74,11.33,12.38,12.68,15.94
03/02/2020,11.18,12.05,12.77,12.87,16.2
02/24/2020,11.0,12.38,12.96,12.96,16.41
02/17/2020,10.69,12.43,13.05,13.06,16.58
02/10/2020,11.18,12.55,13.12,13.22,16.74
02/03/2020,11.93,12.8,13.24,13.44,16.92
01/27/2020,12.92,13.13,13.41,13.73,17.16
01/20/2020,13.77,13.41,13.59,14.02,17.41
01/13/2020,14.18,13.57,13.61,14.26,17.67
01/06/2020,13.92,13.42,13.47,14.33,17.83
12/30/2019,13.67,13.43,13.36,14.4,18.02
12/23/2019,13.35,13.5,13.27,14.49,18.25
12/16/2019,13.06,13.54,13.25,14.64,18.49
12/09/2019,12.96,13.67,13.37,14.84,18.7
12/02/2019,12.92,13.69,13.56,15.03,18.93
11/25/2019,13.18,13.68,13.76,15.22,19.14
11/18/2019,13.65,13.69,14.04,15.47,19.38
11/11/2019,14.03,13.76,14.32,15.69,19.64
11/04/2019,14.37,13.64,14.6,15.95,19.9
10/28/2019,14.46,13.52,14.79,16.23,20.1
10/21/2019,14.18,13.28,14.88,16.42,20.28
10/14/2019,13.73,13.05,14.99,16.62,20.45
10/07/2019,13.5,12.96,15.19,16.85,20.64
09/30/2019,12.91,13.07,15.42,17.09,20.79
09/23/2019,12.58,13.43,15.7,17.34,20.99
09/16/2019,12.39,13.84,15.99,17.59,21.19
09/09/2019,12.37,14.38,16.35,17.88,21.41
09/02/2019,12.42,14.88,16.66,18.19,21.65
08/26/2019,13.23,15.56,17.11,18.53,21.92
08/19/2019,14.29,16.06,17.58,18.88,22.22
08/12/2019,15.28,16.48,18.0,19.2,22.51
08/05/2019,16.39,16.93,18.4,19.53,22.77
07/29/2019,17.34,17.41,18.8,19.86,23.01
07/22/2019,17.9,17.77,19.11,20.11,23.2
07/15/2019,17.83,17.97,19.29,20.26,23.35
07/08/2019,17.67,18.15,19.47,20.41,23.62
07/01/2019,17.47,18.33,19.63,20.58,23.88
06/24/2019,17.49,18.44,19.85,20.81,24.13
06/17/2019,17.64,18.66,20.01,21.08,24.38
06/10/2019,18.1,19.11,20.3,21.32,24.63
06/03/2019,18.63,19.52,20.56,21.64,24.9
05/27/2019,19.18,19.86,20.83,22.0,25.09
05/20/2019,19.4,20.19,21.08,22.35,25.25
05/13/2019,19.68,20.45,21.28,22.56,25.39
05/06/2019,20.11,20.61,21.41,22.84,25.52
04/29/2019,20.4,20.79,21.54,23.06,25.68
04/22/2019,20.55,20.93,21.71,23.3,25.82
04/15/2019,20.99,21.26,21.99,23.58,25.96
04/08/2019,21.21,21.35,22.29,23.84,26.08
04/01/2019,21.11,21.49,22.43,23.98,26.19
03/25/2019,21.18,21.6,22.7,24.13,26.27
03/18/2019,21.31,21.8,23.06,24.28,26.37
03/11/2019,21.54,21.96,23.42,24.42,26.49
03/04/2019,21.49,22.1,23.62,24.49,26.62
02/25/2019,21.86,22.21,23.95,24.64,26.77
02/18/2019,22.02,22.29,24.2,24.79,26.92
02/11/2019,22.29,22.49,24.48,24.94,27.05
02/04/2019,22.39,22.73,24.75,25.1,27.16
01/28/2019,22.72,23.23,25.08,25.31,27.26
01/21/2019,22.55,23.37,25.22,25.56,27.31
01/14/2019,22.55,23.8,25.4,25.82,27.35
01/07/2019,22.7,24.32,25.52,26.0,27.37
12/31/2018,23.06,24.89,25.65,26.17,27.38
12/24/2018,23.75,25.14,25.68,26.29,27.39
12/17/2018,24.18,25.7,25.85,26.44,27.4
12/10/2018,25.05,26.11,26.05,26.83,27.37
12/03/2018,25.95,26.47,26.16,27.17,27.33
11/26/2018,26.71,26.77,26.28,27.46,27.29
11/19/2018,26.53,26.93,26.35,27.69,27.22
11/12/2018,27.21,27.08,26.66,27.95,27.2
11/05/2018,27.16,26.99,26.83,28.16,27.13
10/29/2018,27.0,26.71,26.84,28.18,27.01
10/22/2018,26.82,26.42,26.81,28.15,26.88
10/15/2018,27.33,26.21,26.87,28.21,26.81
10/08/2018,26.94,26.0,26.82,28.2,26.71
10/01/2018,26.82,25.99,27.19,28.29,26.62
09/24/2018,26.42,25.85,27.52,28.35,26.5
09/17/2018,26.03,25.8,27.8,28.33,26.41
09/10/2018,25.09,25.77,28.06,28.31,26.33
09/03/2018,25.07,26.24,28.38,28.4,26.3
08/27/2018,25.16,26.67,28.74,28.41,26.27
08/20/2018,25.28,26.97,28.91,28.46,26.22
08/13/2018,25.57,27.19,29.02,28.56,26.16
08/06/2018,26.45,27.53,29.2,28.75,26.13
07/30/2018,27.42,27.63,29.3,28.91,26.07
07/23/2018,28.17,28.38,29.44,29.04,26.02
07/16/2018,28.67,29.2,29.59,29.16,25.96
07/09/2018,28.8,29.8,29.6,29.23,25.95
07/02/2018,28.62,30.36,29.59,29.22,25.94
06/25/2018,27.84,30.52,29.48,29.06,25.9
06/18/2018,28.59,30.81,29.28,28.88,25.84
06/11/2018,29.73,30.84,29.2,28.74,25.79
06/04/2018,30.8,30.85,29.25,28.6,25.75
05/28/2018,32.1,30.88,29.36,28.49,25.74
05/21/2018,33.2,30.97,29.54,28.36,25.76
05/14/2018,33.03,30.5,29.37,27.92,25.68
05/07/2018,31.96,29.99,29.15,27.48,25.56
04/30/2018,30.9,29.39,28.94,27.12,25.46
04/23/2018,29.65,28.82,28.65,26.75,25.35
04/16/2018,28.74,28.45,28.33,26.45,25.29
04/09/2018,27.98,27.75,27.92,26.09,25.19
04/02/2018,28.02,27.55,27.69,25.85,25.15
03/26/2018,27.88,27.65,27.47,25.6,25.16
03/19/2018,27.98,27.85,27.3,25.41,25.16
03/12/2018,28.15,28.12,27.06,25.22,25.16
03/05/2018,27.53,28.24,26.62,24.95,25.13
02/26/2018,27.09,28.31,26.23,24.66,25.07
02/19/2018,27.43,28.5,25.99,24.49,25.03
02/12/2018,27.71,28.48,25.72,24.35,24.95
02/05/2018,28.08,28.21,25.46,24.2,24.87
01/29/2018,28.95,28.08,25.26,24.12,24.84
01/22/2018,29.53,27.83,24.99,23.98,24.78
01/15/2018,29.56,27.29,24.58,23.75,24.7
01/08/2018,29.25,26.75,24.19,23.51,24.62
01/01/2018,28.33,26.0,23.78,23.24,24.54
12/25/2017,27.21,25.01,23.31,23.0,24.45
12/18/2017,26.13,24.15,22.83,22.76,24.31
12/11/2017,25.02,23.48,22.49,22.67,24.2
12/04/2017,24.26,22.96,22.29,22.67,24.13
11/27/2017,23.66,22.71,22.19,22.74,24.09
11/20/2017,22.8,22.45,22.15,22.79,24.06
11/13/2017,22.17,22.15,22.05,22.83,24.01
11/06/2017,21.93,21.87,21.98,22.9,23.95
10/30/2017,21.66,21.63,21.89,22.99,23.91
10/23/2017,21.75,21.56,21.86,23.17,23.9
10/16/2017,22.1,21.61,22.0,23.44,23.93
10/09/2017,22.13,21.51,22.06,23.64,23.91
10/02/2017,21.8,21.51,22.27,23.79,23.87
09/25/2017,21.59,21.62,22.53,23.96,23.82
09/18/2017,21.37,21.67,22.76,24.13,23.74
09/11/2017,21.12,21.84,22.97,24.29,23.67
09/04/2017,20.89,21.94,23.17,24.46,23.58
08/28/2017,21.21,22.09,23.42,24.71,23.51
08/21/2017,21.66,22.15,23.68,24.9,23.42
08/14/2017,21.98,22.15,23.97,25.09,23.34
08/07/2017,22.56,22.39,24.35,25.31,23.28
07/31/2017,23.0,22.61,24.7,25.48,23.21
07/24/2017,22.96,23.03,24.94,25.56,23.12
07/17/2017,22.64,23.43,25.12,25.54,22.99
07/10/2017,22.33,23.85,25.36,25.54,22.9
07/03/2017,22.21,24.09,25.51,25.55,22.8
06/26/2017,22.22,24.4,25.71,25.59,22.71
06/19/2017,23.09,24.75,26.02,25.65,22.61
06/12/2017,24.23,25.21,26.28,25.73,22.52
06/05/2017,25.37,25.79,26.56,25.85,22.56
05/29/2017,25.97,26.32,26.77,25.91,22.5
05/22/2017,26.57,26.79,26.92,25.85,22.42
05/15/2017,26.4,26.85,26.83,25.72,22.27
05/08/2017,26.18,26.82,26.59,25.6,22.11
05/01/2017,26.22,26.87,26.38,25.44,21.99
04/24/2017,26.66,26.92,26.28,25.32,21.89
04/17/2017,27.01,27.03,26.19,25.18,21.8
04/10/2017,27.3,27.3,26.1,25.0,21.66
04/03/2017,27.45,27.36,25.99,24.83,21.47
03/27/2017,27.52,27.33,25.87,24.63,21.28
03/20/2017,27.18,27.22,25.7,24.42,21.1
03/13/2017,27.05,27.05,25.39,24.18,20.96
03/06/2017,27.3,26.81,25.16,23.95,20.81
02/27/2017,27.27,26.36,24.99,23.67,20.58
02/20/2017,27.15,25.89,24.72,23.36,20.38
02/13/2017,27.25,25.63,24.53,23.05,20.2
02/06/2017,27.04,25.36,24.26,22.71,20.03
01/30/2017,26.32,24.9,23.85,22.31,19.79
01/23/2017,25.45,24.63,23.56,21.94,19.63
01/16/2017,24.64,24.41,23.28,21.59,19.54
01/09/2017,24.02,24.19,23.02,21.26,19.54
01/02/2017,23.67,23.73,22.75,20.94,19.58
12/26/2016,23.49,23.51,22.53,20.67,19.66
12/19/2016,23.8,23.61,22.33,20.44,19.76
12/12/2016,24.19,23.55,22.09,20.26,19.86
12/05/2016,24.36,23.42,21.76,20.05,19.97
11/28/2016,23.79,23.16,21.38,19.83,20.11
11/21/2016,23.52,22.8,21.02,19.57,20.24
11/14/2016,23.42,22.49,20.59,19.31,20.33
11/07/2016,22.91,22.15,20.18,19.26,20.42
10/31/2016,22.48,21.86,19.79,19.1,20.58
10/24/2016,22.53,21.78,19.54,18.99,20.83
10/17/2016,22.08,21.55,19.26,18.81,21.11
10/10/2016,21.56,21.05,18.86,18.63,21.35
10/03/2016,21.38,20.64,18.62,18.55,21.57
09/26/2016,21.23,20.1,18.37,18.46,21.83
09/19/2016,21.02,19.61,18.17,18.41,22.13
09/12/2016,21.01,19.24,17.96,18.31,22.51
09/05/2016,20.54,18.69,17.72,18.12,22.88
08/29/2016,19.89,18.21,17.82,17.92,23.22
08/22/2016,18.97,17.73,17.72,17.79,23.57
08/15/2016,18.19,17.3,17.59,17.74,23.99
08/08/2016,17.47,16.97,17.45,17.66,24.46
08/01/2016,16.85,16.67,17.42,17.48,24.99
07/25/2016,16.53,16.6,17.51,17.4,25.48
07/18/2016,16.5,16.64,17.64,17.36,26.0
07/11/2016,16.41,16.73,17.82,17.35,26.52
07/04/2016,16.47,16.68,17.85,17.26,27.07
06/27/2016,16.5,16.75,17.84,17.33,27.61
06/20/2016,16.66,17.44,17.78,17.5,28.1
06/13/2016,16.77,17.71,17.82,17.83,28.42
06/06/2016,17.05,17.88,17.96,18.23,28.74
05/30/2016,16.9,17.93,18.01,18.65,29.04
05/23/2016,17.0,18.16,17.88,19.08,29.35
05/16/2016,18.21,18.43,17.8,19.46,29.62
05/09/2016,18.64,18.64,17.72,19.89,29.89
05/02/2016,18.71,18.9,17.66,20.38,30.17
04/25/2016,18.95,19.01,17.55,20.9,30.47
04/18/2016,19.32,18.93,17.62,21.34,30.75
04/11/2016,18.64,18.13,17.53,21.57,30.87
04/04/2016,18.63,17.93,17.89,22.07,31.07
03/28/2016,19.1,18.03,18.4,22.67,31.33
03/21/2016,19.07,18.09,19.01,23.4,31.58
03/14/2016,18.53,17.6,19.54,24.08,31.75
03/07/2016,17.61,17.17,19.98,24.59,31.9
02/29/2016,17.23,16.8,20.51,25.2,32.1
02/22/2016,16.96,16.41,21.12,25.85,32.29
02/15/2016,17.1,16.1,21.85,26.71,32.6
02/08/2016,16.67,16.32,22.55,27.63,32.93
02/01/2016,16.72,16.93,23.3,28.51,33.28
01/25/2016,16.37,17.85,24.14,29.34,33.56
01/18/2016,15.86,18.78,24.99,30.24,33.97
01/11/2016,15.09,19.93,26.06,31.27,34.36
01/04/2016,15.97,21.49,27.32,32.5,35.02
12/28/2015,17.14,22.8,28.3,33.56,35.57
12/21/2015,19.33,24.22,29.41,34.65,36.15
12/14/2015,21.7,25.82,30.58,35.69,36.82
12/07/2015,24.78,27.61,32.02,36.87,37.5
11/30/2015,27.0,28.78,33.28,37.88,38.06
11/23/2015,28.45,29.66,34.29,38.69,38.55
11/16/2015,29.11,30.43,35.09,39.01,39.16
11/09/2015,29.94,31.19,35.97,39.25,39.83
11/02/2015,30.43,32.18,36.93,39.43,40.55
10/26/2015,30.56,33.16,38.01,39.63,41.19
10/19/2015,30.87,33.8,38.94,39.77,41.69
10/12/2015,31.76,34.59,39.86,39.89,42.24
10/05/2015,32.44,35.33,40.63,39.96,42.78
09/28/2015,33.93,36.44,41.51,40.04,43.31
09/21/2015,35.75,37.79,42.43,40.16,43.83
09/14/2015,36.73,38.93,43.21,40.17,44.35
09/07/2015,37.43,39.75,43.29,40.07,44.82
08/31/2015,38.22,40.76,43.28,39.99,45.24
08/24/2015,38.95,41.69,43.05,39.76,45.57
08/17/2015,39.82,42.87,42.86,39.41,45.93
08/10/2015,41.13,44.07,42.76,39.22,46.33
08/03/2015,42.07,45.13,42.54,38.99,46.64
07/27/2015,43.29,45.93,42.27,38.73,46.85
07/20/2015,44.42,46.57,41.84,38.49,46.92
07/13/2015,45.92,47.08,41.34,38.24,46.97
07/06/2015,47.02,47.49,40.79,38.05,47.01
06/29/2015,48.18,46.84,40.23,37.78,47.02
06/22/2015,48.57,45.8,39.6,37.69,47.01
06/15/2015,48.72,44.42,38.8,37.45,46.94
06/08/2015,48.24,42.85,37.68,37.53,46.82
06/01/2015,47.97,41.44,36.79,37.58,46.8
05/25/2015,45.49,39.96,35.92,37.66,46.7
05/18/2015,43.04,38.61,35.13,37.95,46.6
05/11/2015,40.12,37.1,34.44,38.12,46.47
05/04/2015,37.46,35.6,33.81,38.23,46.38
04/27/2015,34.92,34.09,33.32,38.41,46.27
04/20/2015,34.42,33.62,33.25,39.32,46.33
04/13/2015,34.18,33.4,33.64,40.41,46.35
04/06/2015,34.08,33.18,33.97,41.66,46.33
03/30/2015,33.74,32.52,34.87,42.75,46.33
03/23/2015,33.27,32.14,35.64,43.62,46.37
03/16/2015,32.81,31.89,36.52,44.6,46.4
03/09/2015,32.61,31.65,37.62,45.61,46.41
03/02/2015,32.28,31.79,38.63,46.57,46.46
02/23/2015,31.29,32.03,39.54,47.5,46.51
02/16/2015,31.01,32.55,40.57,48.53,46.6
02/09/2015,30.96,32.88,42.16,49.58,46.68
02/02/2015,30.69,33.88,43.91,50.49,46.71
01/26/2015,31.29,34.76,45.9,51.38,46.74
01/19/2015,32.76,37.21,47.86,52.44,46.86
01/12/2015,34.09,39.15,49.36,53.44,46.97
01/05/2015,34.81,41.15,50.95,54.29,47.08
12/29/2014,37.07,43.59,52.58,54.96,47.22
12/22/2014,38.23,45.48,53.97,55.35,47.25
12/15/2014,41.67,47.06,55.23,55.71,47.28
12/08/2014,44.21,48.59,56.52,55.97,47.3
12/01/2014,47.48,51.45,57.93,56.27,47.33
11/24/2014,50.1,53.95,58.79,56.33,47.22
11/17/2014,52.72,57.05,59.68,56.42,47.16
11/10/2014,52.45,58.51,60.06,56.11,46.93
11/03/2014,52.96,59.56,60.59,56.03,46.73
10/27/2014,55.41,60.76,60.86,55.74,46.51
10/20/2014,57.8,61.58,60.65,55.25,46.19
10/13/2014,61.37,62.46,60.29,54.82,45.9
10/06/2014,64.58,63.4,60.04,54.54,45.69
09/29/2014,66.16,64.46,59.66,54.13,45.47
09/22/2014,66.11,64.41,58.68,53.34,45.04
09/15/2014,65.36,63.64,57.51,52.29,44.5
09/08/2014,63.54,62.32,56.11,51.0,43.91
09/01/2014,62.22,61.6,54.92,49.92,43.36
08/25/2014,62.75,61.62,54.27,49.12,42.97
08/18/2014,62.7,60.97,53.23,48.21,42.44
08/11/2014,61.91,59.72,52.09,47.21,41.9
08/04/2014,61.09,58.11,51.01,46.34,41.39
07/28/2014,60.98,56.67,50.11,45.52,40.92
07/21/2014,60.5,54.86,48.97,44.67,40.46
07/14/2014,59.24,52.95,47.81,43.78,39.98
07/07/2014,57.54,51.39,46.62,42.94,39.56
06/30/2014,55.13,49.9,45.34,42.1,39.16
06/23/2014,52.36,48.23,44.08,41.28,38.75
06/16/2014,49.23,46.91,42.87,40.5,38.33
06/09/2014,46.67,45.5,41.83,39.88,37.94
06/02/2014,45.25,44.45,40.95,39.48,37.63
05/26/2014,44.68,43.9,40.46,39.16,37.44
05/19/2014,44.1,43.55,39.95,38.85,37.26
05/12/2014,44.6,43.07,39.57,38.63,37.14
05/05/2014,44.33,42.67,39.19,38.4,36.99
04/28/2014,43.65,41.86,38.71,38.11,36.84
04/21/2014,43.13,40.78,38.2,37.91,36.68
04/14/2014,43.0,39.93,37.81,37.74,36.6
04/07/2014,41.54,38.83,37.3,37.42,36.47
03/31/2014,41.01,38.15,37.07,37.28,36.42
03/24/2014,40.06,37.46,37.0,37.13,36.41
03/17/2014,38.43,37.02,36.79,36.98,36.4
03/10/2014,36.85,36.35,36.5,36.85,36.35
03/03/2014,36.13,36.07,36.41,36.8,36.36
02/24/2014,35.29,35.71,36.26,36.74,36.33
02/17/2014,34.86,35.56,36.24,36.7,36.35
02/10/2014,35.61,35.62,36.47,36.81,36.39
02/03/2014,35.86,35.68,36.64,36.8,36.43
01/27/2014,36.02,35.76,36.72,36.82,36.44
01/20/2014,36.13,35.98,36.84,36.68,36.48
01/13/2014,36.27,36.54,36.97,36.6,36.55
01/06/2014,35.62,36.55,36.97,36.43,36.59
12/30/2013,35.51,36.64,37.09,36.31,36.63
12/23/2013,35.5,36.76,37.17,36.24,36.7
12/16/2013,35.83,36.81,37.26,36.17,36.8
12/09/2013,36.81,36.91,37.26,36.18,36.86
12/02/2013,37.48,37.32,37.41,36.22,36.94
11/25/2013,37.77,37.6,37.37,36.23,36.97
11/18/2013,38.01,37.68,37.34,36.16,37.01
11/11/2013,37.78,37.7,37.03,36.01,37.02
11/04/2013,37.0,37.4,36.63,35.78,37.0
10/28/2013,37.16,37.38,36.37,35.72,37.05
10/21/2013,37.42,37.54,36.15,35.66,37.08
10/14/2013,37.35,37.58,35.99,35.65,37.11
10/07/2013,37.61,37.71,35.86,35.59,37.19
09/30/2013,37.79,37.62,35.82,35.56,37.25
09/23/2013,37.59,37.5,35.67,35.46,37.28
09/16/2013,37.66,37.13,35.55,35.47,37.3
09/09/2013,37.82,37.01,35.4,35.51,37.33
09/02/2013,37.81,36.37,35.16,35.56,37.36
08/26/2013,37.45,35.86,34.98,35.7,37.39
08/19/2013,37.41,35.36,34.89,35.81,37.42
08/12/2013,36.6,34.75,34.72,35.86,37.4
08/05/2013,36.2,34.39,34.68,35.91,37.35
07/29/2013,34.93,34.0,34.53,35.91,37.28
07/22/2013,34.26,34.02,34.54,36.0,37.28
07/15/2013,33.32,33.84,34.44,35.97,37.23
07/08/2013,32.89,33.96,34.63,36.05,37.22
07/01/2013,32.58,33.8,34.76,36.07,37.17
06/24/2013,33.08,33.96,35.16,36.27,37.22
06/17/2013,33.79,34.1,35.62,36.51,37.26
06/10/2013,34.37,34.42,36.03,36.76,37.34
06/03/2013,35.03,34.7,36.42,36.96,37.42
05/27/2013,35.01,34.97,36.67,37.15,37.45
05/20/2013,34.84,35.05,36.87,37.43,37.55
05/13/2013,34.41,35.05,37.0,37.54,37.6
05/06/2013,34.46,35.04,37.03,37.66,37.64
04/29/2013,34.37,35.3,37.09,37.72,37.72
04/22/2013,34.93,35.73,37.2,37.85,37.83
04/15/2013,35.27,36.36,37.42,38.03,37.99
04/08/2013,35.68,37.14,37.71,38.22,38.19
04/01/2013,35.62,37.65,37.93,38.38,38.37
03/25/2013,36.23,38.14,38.09,38.5,38.51
03/18/2013,36.53,38.37,38.24,38.58,38.59
03/11/2013,37.45,38.68,38.61,38.78,38.7
03/04/2013,38.6,38.94,38.79,38.94,38.81
02/25/2013,39.68,39.02,38.97,39.11,38.92
02/18/2013,40.04,38.88,38.93,39.13,39.04
02/11/2013,40.22,38.68,38.92,39.15,39.14
02/04/2013,39.91,38.49,38.87,39.15,39.23
01/28/2013,39.29,38.28,38.76,39.09,39.26
01/21/2013,38.37,38.2,38.75,39.03,39.32
01/14/2013,37.71,38.04,38.69,38.94,39.38
01/07/2013,37.14,38.1,38.68,38.78,39.37
12/31/2012,37.07,38.55,38.84,38.66,39.43
12/24/2012,37.28,38.64,38.93,38.56,39.48
12/17/2012,38.04,38.92,39.15,38.48,39.55
12/10/2012,38.36,38.98,39.26,38.39,39.62
12/03/2012,39.07,39.15,39.39,38.27,39.65
11/26/2012,40.03,39.25,39.49,38.17,39.63
11/19/2012,39.99,39.24,39.49,38.01,39.5
11/12/2012,39.79,39.3,39.44,37.92,39.36
11/05/2012,39.59,39.34,39.39,37.87,39.24
10/29/2012,39.23,39.25,39.12,37.76,39.12
10/22/2012,38.47,39.13,38.71,37.68,38.94
10/15/2012,38.49,39.23,38.52,37.65,38.82
10/08/2012,38.8,39.38,38.27,37.63,38.68
10/01/2012,39.08,39.54,38.1,37.71,38.54
09/24/2012,39.27,39.63,37.82,37.82,38.44
09/17/2012,39.78,39.72,37.63,37.96,38.32
09/10/2012,39.97,39.74,37.4,38.15,38.31
09/03/2012,39.95,39.59,37.23,38.37,38.29
08/27/2012,40.0,39.44,37.14,38.52,38.27
08/20/2012,39.99,38.99,37.02,38.6,38.27
08/13/2012,39.66,38.29,36.96,38.61,38.19
08/06/2012,39.5,37.8,36.87,38.68,38.06
07/30/2012,39.22,37.16,36.75,38.74,37.9
07/23/2012,38.88,36.66,36.8,38.94,37.76
07/16/2012,37.98,36.01,36.91,39.12,37.65
07/09/2012,36.92,35.54,37.07,39.31,37.53
07/02/2012,36.1,35.06,37.36,39.44,37.37
06/25/2012,35.09,34.87,37.76,39.61,37.17
06/18/2012,34.44,34.85,38.07,39.81,37.03
06/11/2012,34.05,35.05,38.4,39.95,36.99
06/04/2012,34.16,35.63,38.78,40.21,36.93
05/28/2012,34.02,35.93,39.11,40.41,36.8
05/21/2012,34.64,36.35,39.53,40.62,36.69
05/14/2012,35.26,36.94,40.08,40.84,36.55
05/07/2012,36.04,37.8,40.67,41.04,36.42
04/30/2012,37.1,38.61,41.19,41.08,36.22
04/23/2012,37.84,39.66,41.62,40.98,35.96
04/16/2012,38.05,40.64,41.99,40.8,35.67
04/09/2012,38.63,41.29,42.3,40.61,35.36
04/02/2012,39.56,41.76,42.4,40.49,35.07
03/26/2012,40.12,41.93,42.5,40.2,34.71
03/19/2012,41.48,42.3,42.65,39.99,34.38
03/12/2012,43.24,42.72,42.76,39.73,34.02
03/05/2012,43.95,43.22,42.79,39.37,33.63
02/27/2012,43.96,43.54,42.66,39.07,33.22
02/20/2012,43.73,43.77,42.32,38.68,32.77
02/13/2012,43.12,43.59,41.64,38.46,32.28
02/06/2012,42.19,43.33,40.88,38.21,31.75
01/30/2012,42.49,43.3,40.28,38.02,31.27
01/23/2012,43.11,43.05,39.85,37.94,30.81
01/16/2012,43.81,43.08,39.34,37.76,30.36
01/09/2012,44.06,43.0,38.84,37.44,29.91
01/02/2012,44.47,42.8,38.24,37.06,29.46
12/26/2011,44.11,42.36,37.44,36.58,28.94
12/19/2011,42.98,41.78,36.83,36.18,28.43
12/12/2011,42.35,40.86,36.14,35.75,27.9
12/05/2011,41.93,39.69,35.9,35.3,27.4
11/28/2011,41.12,38.44,35.65,34.73,26.88
11/21/2011,40.6,37.25,35.38,34.24,26.36
11/14/2011,40.59,36.65,35.39,34.03,25.92
11/07/2011,39.37,35.59,35.1,33.64,25.43
10/31/2011,37.45,34.69,34.66,33.2,24.95
10/24/2011,35.75,33.68,34.2,32.76,24.48
10/17/2011,33.9,32.52,33.69,32.26,23.98
10/10/2011,32.72,31.89,33.38,31.8,23.51
10/03/2011,31.82,31.42,33.2,31.37,23.09
09/26/2011,31.92,32.1,33.11,30.94,22.73
09/19/2011,31.6,32.86,32.88,30.54,22.39
09/12/2011,31.14,33.51,32.73,30.11,22.04
09/05/2011,31.05,34.12,32.72,29.65,21.66
08/29/2011,31.02,34.6,32.67,29.22,21.3
08/22/2011,32.28,34.64,32.46,28.76,20.94
08/15/2011,34.12,34.72,32.3,28.32,20.6
08/08/2011,35.87,34.85,32.13,27.9,20.28
08/01/2011,37.2,34.88,31.75,27.37,19.92
07/25/2011,38.19,34.98,31.34,26.86,19.58
07/18/2011,37.0,34.11,30.36,26.09,19.12
07/11/2011,35.32,32.89,29.38,25.29,18.66
07/04/2011,33.84,31.96,28.41,24.51,18.21
06/27/2011,32.55,31.32,27.41,23.69,17.79
06/20/2011,31.77,30.73,26.53,22.96,17.4
06/13/2011,31.22,30.27,25.82,22.38,17.08
06/06/2011,30.47,29.87,25.12,21.86,16.78
05/30/2011,30.08,29.41,24.42,21.3,16.49
05/23/2011,30.08,28.63,23.62,20.68,16.16
05/16/2011,29.69,27.7,22.8,20.04,15.82
05/09/2011,29.33,26.62,22.08,19.5,15.53
05/02/2011,29.28,25.86,21.49,19.03,15.27
04/25/2011,28.74,24.86,20.79,18.48,15.0
04/18/2011,27.18,23.5,19.87,17.82,14.67
04/11/2011,25.71,22.34,19.08,17.22,14.35
04/04/2011,23.91,21.36,18.44,16.7,14.09
03/28/2011,22.44,20.36,17.85,16.2,13.83
03/21/2011,20.99,19.44,17.24,15.7,13.57
03/14/2011,19.82,18.61,16.7,15.23,13.36
03/07/2011,18.97,17.9,16.21,14.81,13.17
02/28/2011,18.81,17.54,15.94,14.52,13.07
02/21/2011,18.27,17.12,15.62,14.24,12.96
02/14/2011,17.89,16.71,15.3,13.96,12.86
02/07/2011,17.39,16.24,14.98,13.68,12.75
01/31/2011,16.84,15.82,14.66,13.38,12.62
01/24/2011,16.26,15.52,14.37,13.13,12.52
01/17/2011,15.97,15.35,14.12,12.89,12.44
01/10/2011,15.54,15.04,13.83,12.67,12.36
01/03/2011,15.09,14.79,13.54,12.47,12.3
12/27/2010,14.8,14.53,13.26,12.3,12.24
12/20/2010,14.77,14.34,13.02,12.16,12.2
12/13/2010,14.73,14.12,12.8,12.03,12.14
12/06/2010,14.54,13.88,12.59,11.91,12.11
11/29/2010,14.49,13.71,12.4,11.88,12.1
11/22/2010,14.25,13.51,12.16,11.84,12.08
11/15/2010,13.9,13.22,11.93,11.77,12.02
11/08/2010,13.5,12.88,11.66,11.7,11.94
11/01/2010,13.21,12.62,11.48,11.68,11.88
10/25/2010,12.93,12.29,11.31,11.64,11.82
10/18/2010,12.76,12.0,11.19,11.6,11.75
10/11/2010,12.54,11.7,11.07,11.56,11.7
10/04/2010,12.26,11.47,10.98,11.51,11.65
09/27/2010,12.03,11.3,10.92,11.52,11.61
09/20/2010,11.64,11.08,10.97,11.53,11.58
09/13/2010,11.23,10.81,11.0,11.49,11.53
09/06/2010,10.86,10.64,11.05,11.47,11.49
08/30/2010,10.69,10.44,11.12,11.46,11.45
08/23/2010,10.57,10.34,11.2,11.45,11.39
08/16/2010,10.53,10.33,11.32,11.48,11.35
08/09/2010,10.39,10.39,11.41,11.53,11.32
08/02/2010,10.41,10.44,11.49,11.61,11.27
07/26/2010,10.19,10.49,11.53,11.68,11.22
07/19/2010,10.1,10.55,11.63,11.75,11.17
07/12/2010,10.13,10.86,11.75,11.83,11.12
07/05/2010,10.38,11.19,11.82,11.87,11.08
06/28/2010,10.46,11.46,11.89,11.91,11.01
06/21/2010,10.78,11.79,11.96,12.0,10.96
06/14/2010,11.0,12.07,12.0,12.06,10.88
06/07/2010,11.59,12.3,12.06,12.13,10.8
05/31/2010,12.0,12.42,12.1,12.18,10.71
05/24/2010,12.46,12.53,12.2,12.24,10.6
05/17/2010,12.81,12.57,12.28,12.26,10.48
05/10/2010,13.15,12.71,12.35,12.32,10.35
05/03/2010,13.02,12.64,12.32,12.31,10.18
04/26/2010,12.85,12.46,12.21,12.32,10.01
04/19/2010,12.6,12.32,12.13,12.26,9.85
04/12/2010,12.34,12.14,12.1,12.17,9.7
04/05/2010,12.27,11.93,12.06,12.09,9.57
03/29/2010,12.25,11.82,12.04,11.99,9.46
03/22/2010,12.06,11.78,12.06,11.89,9.37
03/15/2010,12.04,11.86,12.09,11.84,9.27
03/08/2010,11.93,11.98,12.1,11.8,9.18
03/01/2010,11.59,11.98,12.12,11.71,9.08
02/22/2010,11.38,12.0,12.15,11.63,8.99
02/15/2010,11.51,11.96,12.25,11.58,8.94
02/08/2010,11.69,11.94,12.23,11.51,8.84
02/01/2010,12.03,12.06,12.18,11.44,8.77
01/25/2010,12.38,12.18,12.17,11.33,8.7
01/18/2010,12.62,12.25,12.08,11.22,8.6
01/11/2010,12.41,12.34,11.95,11.11,8.51
01/04/2010,12.19,12.32,11.83,10.93,8.38
12/28/2009,12.1,12.23,11.7,10.77,8.26
12/21/2009,11.98,12.26,11.57,10.59,8.16
12/14/2009,11.89,12.3,11.44,10.42,8.06
12/07/2009,12.28,12.55,11.39,10.3,7.98
11/30/2009,12.46,12.51,11.3,10.12,7.92
11/23/2009,12.36,12.3,11.13,9.92,7.84
11/16/2009,12.54,12.16,10.9,9.7,7.82
11/09/2009,12.7,11.91,10.71,9.47,7.84
11/02/2009,12.81,11.56,10.49,9.23,7.87
10/26/2009,12.57,11.33,10.24,8.96,7.9
10/19/2009,12.24,11.18,10.04,8.69,7.94
10/12/2009,11.78,10.87,9.75,8.37,7.98
10/05/2009,11.12,10.59,9.48,8.05,8.03
09/28/2009,10.3,10.24,9.18,7.7,8.09
09/21/2009,10.09,10.09,8.92,7.43,8.2
09/14/2009,10.12,9.95,8.73,7.23,8.32
09/07/2009,9.97,9.64,8.46,7.04,8.44
08/31/2009,10.06,9.5,8.24,6.92,8.57
08/24/2009,10.18,9.42,8.06,6.84,8.7
08/17/2009,10.08,9.15,7.78,6.71,8.81
08/10/2009,9.79,8.89,7.45,6.56,8.9
08/03/2009,9.31,8.64,7.12,6.45,9.0
07/27/2009,8.95,8.37,6.78,6.36,9.11
07/20/2009,8.67,8.12,6.44,6.29,9.24
07/13/2009,8.21,7.75,6.11,6.17,9.39
07/06/2009,8.0,7.51,5.87,6.1,9.57
06/29/2009,7.96,7.29,5.74,6.07,9.78
06/22/2009,7.78,6.98,5.64,5.98,9.96
06/15/2009,7.57,6.7,5.55,5.92,10.16
06/08/2009,7.28,6.41,5.49,5.83,10.37
06/01/2009,7.01,6.0,5.39,5.75,10.59
05/25/2009,6.62,5.61,5.36,5.73,10.78
05/18/2009,6.18,5.19,5.36,5.7,10.98
05/11/2009,5.84,4.75,5.38,5.66,11.16
05/04/2009,5.53,4.47,5.38,5.72,11.35
04/27/2009,4.98,4.24,5.4,5.76,11.52
04/20/2009,4.6,4.19,5.46,5.94,11.73
04/13/2009,4.19,4.29,5.48,6.21,11.95
04/06/2009,3.67,4.39,5.52,6.52,12.21
03/30/2009,3.41,4.57,5.54,6.83,12.48
03/23/2009,3.5,4.79,5.63,7.18,12.75
03/16/2009,3.79,5.11,5.8,7.6,13.04
03/09/2009,4.38,5.53,5.96,8.02,13.28
03/02/2009,5.11,6.0,6.12,8.48,13.53
02/23/2009,5.73,6.28,6.35,8.97,13.81
02/16/2009,6.08,6.57,6.52,9.42,14.1
02/09/2009,6.43,6.72,6.82,9.84,14.38
02/02/2009,6.67,6.67,7.17,10.21,14.63
01/26/2009,6.89,6.66,7.58,10.56,14.85
01/19/2009,6.84,6.51,7.96,10.91,15.1
01/12/2009,7.05,6.47,8.38,11.24,15.35
01/05/2009,7.0,6.48,8.84,11.55,15.57
12/29/2008,6.67,6.4,9.27,11.86,15.85
12/22/2008,6.42,6.23,9.72,12.2,16.14
12/15/2008,6.19,6.42,10.31,12.61,16.46
12/08/2008,5.89,6.48,10.84,13.04,16.78
12/01/2008,5.96,6.92,11.41,13.49,17.06
11/24/2008,6.13,7.67,11.98,13.94,17.39
11/17/2008,6.04,8.51,12.52,14.4,17.71
11/10/2008,6.65,9.41,13.11,14.92,18.0
11/03/2008,7.06,10.28,13.62,15.42,18.28
10/27/2008,7.88,11.19,14.09,15.82,18.49
10/20/2008,9.21,12.14,14.59,16.26,18.69
10/13/2008,10.98,13.21,15.18,16.65,18.91
10/06/2008,12.16,14.21,15.71,16.98,19.11
09/29/2008,13.5,15.2,16.32,17.29,19.28
09/22/2008,14.51,15.9,16.78,17.51,19.42
09/15/2008,15.06,16.3,17.07,17.69,19.48
09/08/2008,15.44,16.53,17.35,17.9,19.52
09/01/2008,16.26,16.82,17.68,18.12,19.62
08/25/2008,16.9,16.95,17.99,18.32,19.72
08/18/2008,17.28,16.98,18.14,18.49,19.78
08/11/2008,17.53,17.04,18.32,18.53,19.78
08/04/2008,17.61,17.14,18.37,18.59,19.79
07/28/2008,17.38,17.2,18.37,18.65,19.77
07/21/2008,17.01,17.43,18.33,18.78,19.77
07/14/2008,16.67,17.66,18.31,18.91,19.77
07/07/2008,16.54,17.84,18.39,19.05,19.77
06/30/2008,16.68,18.17,18.58,19.14,19.79
06/23/2008,17.02,18.53,18.77,19.28,19.79
06/16/2008,17.86,19.03,19.0,19.47,19.8
06/09/2008,18.65,19.3,19.25,19.59,19.8
06/02/2008,19.14,19.6,19.28,19.83,19.76
05/26/2008,19.65,19.59,19.31,20.08,19.7
05/19/2008,20.04,19.53,19.37,20.32,19.62
05/12/2008,20.19,19.23,19.45,20.52,19.51
05/05/2008,19.95,18.96,19.54,20.62,19.39
04/28/2008,20.05,18.94,19.65,20.84,19.29
04/21/2008,19.53,19.0,19.63,21.02,19.17
04/14/2008,19.02,19.02,19.66,21.09,19.05
04/07/2008,18.26,18.97,19.69,21.13,18.93
03/31/2008,17.98,19.19,19.73,21.15,18.83
03/24/2008,17.83,18.97,19.95,21.13,18.72
03/17/2008,18.46,19.03,20.33,21.18,18.64
03/10/2008,19.01,19.2,20.71,21.23,18.55
03/03/2008,19.69,19.67,21.16,21.28,18.47
02/25/2008,20.41,20.11,21.45,21.33,18.39
02/18/2008,20.1,20.36,21.8,21.26,18.27
02/11/2008,19.6,20.27,22.03,21.15,18.14
02/04/2008,19.39,20.3,22.13,21.12,18.01
01/28/2008,19.66,20.4,22.21,21.12,17.88
01/21/2008,19.82,20.27,22.13,21.07,17.75
01/14/2008,20.61,20.94,22.21,21.03,17.68
01/07/2008,20.94,21.62,22.25,20.98,17.59
12/31/2007,21.21,22.22,22.24,20.9,17.49
12/24/2007,21.14,22.66,22.08,20.76,17.36
12/17/2007,20.71,22.78,21.93,20.62,17.21
12/10/2007,21.27,23.23,21.71,20.49,17.07
12/03/2007,22.3,23.8,21.59,20.43,16.96
11/26/2007,23.23,23.95,21.53,20.29,16.82
11/19/2007,24.17,24.03,21.48,20.13,16.68
11/12/2007,24.84,23.99,21.46,20.01,16.57
11/05/2007,25.2,23.49,21.08,19.68,16.39
10/29/2007,25.3,22.88,20.67,19.32,16.2
10/22/2007,24.67,22.26,20.24,18.92,16.01
10/15/2007,23.89,21.51,19.81,18.5,15.81
10/08/2007,23.14,21.09,19.54,18.17,15.65
10/01/2007,21.78,20.19,19.12,17.74,15.44
09/24/2007,20.46,19.38,18.74,17.32,15.24
09/17/2007,19.85,19.12,18.46,17.02,15.1
09/10/2007,19.13,18.93,18.18,16.73,14.96
09/03/2007,19.04,18.94,18.02,16.52,14.86
08/27/2007,18.59,18.68,17.78,16.31,14.77
08/20/2007,18.31,18.45,17.54,16.11,14.67
08/13/2007,18.39,18.23,17.25,15.87,14.57
08/06/2007,18.74,18.12,17.0,15.67,14.48
07/30/2007,18.84,17.99,16.71,15.44,14.38
07/23/2007,18.76,18.06,16.52,15.29,14.32
07/16/2007,18.59,18.11,16.29,15.13,14.26
07/09/2007,18.06,17.8,15.97,14.89,14.15
07/02/2007,17.49,17.42,15.62,14.65,14.03
06/25/2007,17.14,17.09,15.31,14.43,13.93
06/18/2007,17.36,16.89,15.13,14.32,13.88
06/11/2007,17.62,16.63,14.94,14.19,13.83
06/04/2007,17.53,16.27,14.7,14.08,13.78
05/28/2007,17.35,15.89,14.44,13.96,13.71
05/21/2007,17.05,15.43,14.17,13.81,13.64
05/14/2007,16.42,14.98,13.91,13.65,13.57
05/07/2007,15.64,14.47,13.64,13.48,13.5
04/30/2007,15.01,14.14,13.44,13.36,13.46
04/23/2007,14.43,13.82,13.26,13.24,13.42
04/16/2007,13.8,13.52,13.1,13.13,13.38
04/09/2007,13.54,13.37,13.04,13.09,13.36
04/02/2007,13.3,13.24,12.97,13.08,13.36
03/26/2007,13.26,13.12,12.98,13.09,13.36
03/19/2007,13.22,13.0,13.0,13.11,13.38
03/12/2007,13.24,12.92,13.0,13.13,13.41
03/05/2007,13.21,12.83,12.98,13.15,13.42
02/26/2007,13.18,12.8,12.98,13.17,13.44
02/19/2007,12.98,12.74,12.97,13.19,13.45
02/12/2007,12.78,12.7,12.94,13.19,13.45
02/05/2007,12.59,12.67,12.93,13.21,13.45
01/29/2007,12.46,12.7,12.94,13.22,13.45
01/22/2007,12.43,12.7,12.99,13.23,13.46
01/15/2007,12.5,12.84,13.08,13.27,13.47
01/08/2007,12.62,13.0,13.16,13.3,13.45
01/01/2007,12.75,13.09,13.24,13.32,13.44
12/25/2006,12.93,13.13,13.3,13.36,13.42
12/18/2006,12.98,13.17,13.35,13.38,13.41
12/11/2006,13.17,13.2,13.41,13.41,13.38
12/04/2006,13.37,13.19,13.44,13.41,13.34
11/27/2006,13.42,13.2,13.48,13.43,13.32
11/20/2006,13.33,13.19,13.48,13.43,13.3
11/13/2006,13.35,13.28,13.5,13.48,13.29
11/06/2006,13.24,13.32,13.48,13.49,13.28
10/30/2006,13.0,13.32,13.44,13.46,13.25
10/23/2006,12.97,13.4,13.44,13.47,13.25
10/16/2006,13.05,13.47,13.47,13.49,13.25
10/09/2006,13.21,13.54,13.49,13.51,13.25
10/02/2006,13.39,13.62,13.52,13.55,13.26
09/25/2006,13.65,13.7,13.52,13.6,13.28
09/18/2006,13.83,13.76,13.54,13.63,13.29
09/11/2006,13.89,13.77,13.56,13.63,13.29
09/04/2006,13.86,13.71,13.58,13.64,13.27
08/28/2006,13.85,13.65,13.58,13.63,13.25
08/21/2006,13.75,13.57,13.53,13.65,13.24
08/14/2006,13.69,13.48,13.51,13.69,13.21
08/07/2006,13.65,13.47,13.5,13.7,13.18
07/31/2006,13.56,13.45,13.5,13.7,13.15
07/24/2006,13.45,13.42,13.52,13.71,13.13
07/17/2006,13.38,13.35,13.55,13.71,13.1
07/10/2006,13.28,13.33,13.56,13.69,13.08
07/03/2006,13.28,13.34,13.57,13.68,13.06
06/26/2006,13.34,13.44,13.6,13.68,13.04
06/19/2006,13.38,13.5,13.63,13.66,13.03
06/12/2006,13.31,13.5,13.69,13.6,13.01
06/05/2006,13.38,13.53,13.8,13.55,13.0
05/29/2006,13.4,13.54,13.81,13.49,12.99
05/22/2006,13.54,13.55,13.83,13.43,12.98
05/15/2006,13.63,13.63,13.86,13.34,12.97
05/08/2006,13.69,13.76,13.89,13.27,12.97
05/01/2006,13.68,13.79,13.87,13.2,12.98
04/24/2006,13.67,13.79,13.85,13.16,12.97
04/17/2006,13.56,13.76,13.8,13.11,12.96
04/10/2006,13.63,13.75,13.74,13.07,12.96
04/03/2006,13.83,13.88,13.65,13.04,12.98
03/27/2006,13.9,14.07,13.56,13.02,12.99
03/20/2006,13.9,14.08,13.47,13.01,12.99
03/13/2006,13.96,14.11,13.37,12.99,12.99
03/06/2006,13.87,14.1,13.2,12.97,12.99
02/27/2006,13.94,14.01,13.02,12.96,13.01
02/20/2006,14.24,13.95,12.91,12.95,13.04
02/13/2006,14.26,13.92,12.84,12.94,13.06
02/06/2006,14.25,13.84,12.79,12.91,13.07
01/30/2006,14.33,13.74,12.73,12.88,13.07
01/23/2006,14.09,13.41,12.61,12.83,13.07
01/16/2006,13.67,13.06,12.5,12.73,13.06
01/09/2006,13.57,12.86,12.47,12.66,13.11
01/02/2006,13.43,12.63,12.43,12.59,13.14
12/26/2005,13.14,12.3,12.41,12.54,13.18
12/19/2005,12.73,12.03,12.44,12.5,13.23
12/12/2005,12.44,11.87,12.45,12.46,13.28
12/05/2005,12.15,11.77,12.45,12.43,13.33
11/28/2005,11.82,11.74,12.44,12.39,13.38
11/21/2005,11.46,11.72,12.44,12.4,13.46
11/14/2005,11.33,11.82,12.54,12.42,13.54
11/07/2005,11.29,11.94,12.56,12.45,13.58
10/31/2005,11.39,12.09,12.56,12.48,13.64
10/24/2005,11.65,12.23,12.58,12.52,13.7
10/17/2005,11.97,12.52,12.66,12.59,13.76
10/10/2005,12.3,12.84,12.73,12.68,13.81
10/03/2005,12.6,13.04,12.76,12.77,13.86
09/26/2005,12.78,13.14,12.76,12.79,13.88
09/19/2005,12.8,13.14,12.72,12.81,13.9
09/12/2005,13.07,13.17,12.74,12.86,13.94
09/05/2005,13.37,13.26,12.72,12.93,13.97
08/29/2005,13.48,13.18,12.71,12.96,13.99
08/22/2005,13.5,13.04,12.67,12.98,14.03
08/15/2005,13.47,12.93,12.67,13.0,14.07
08/08/2005,13.28,12.8,12.62,13.01,14.09
08/01/2005,13.15,12.62,12.6,13.06,14.11
07/25/2005,12.87,12.49,12.63,13.12,14.12
07/18/2005,12.59,12.38,12.62,13.17,14.13
07/11/2005,12.38,12.31,12.64,13.23,14.14
07/04/2005,12.32,12.31,12.7,13.27,14.15
06/27/2005,12.09,12.19,12.76,13.31,14.15
06/20/2005,12.1,12.24,12.86,13.39,14.17
06/13/2005,12.18,12.31,12.95,13.56,14.19
06/06/2005,12.24,12.42,13.04,13.69,14.22
05/30/2005,12.31,12.45,13.12,13.81,14.24
05/23/2005,12.28,12.58,13.28,13.96,14.3
05/16/2005,12.37,12.77,13.43,14.09,14.35
05/09/2005,12.43,12.85,13.57,14.24,14.4
05/02/2005,12.59,12.97,13.69,14.37,14.46
04/25/2005,12.59,13.08,13.75,14.53,14.52
04/18/2005,12.89,13.34,13.87,14.66,14.59
04/11/2005,13.17,13.47,13.96,14.72,14.66
04/04/2005,13.27,13.59,14.18,14.81,14.71
03/28/2005,13.35,13.66,14.33,14.88,14.77
03/21/2005,13.58,13.79,14.49,14.93,14.81
03/14/2005,13.79,13.97,14.64,14.95,14.85
03/07/2005,13.78,14.1,14.75,14.95,14.9
02/28/2005,13.9,14.28,14.93,14.98,14.96
02/21/2005,13.96,14.4,15.07,15.0,15.01
02/14/2005,14.0,14.41,15.25,15.03,15.02
02/07/2005,14.15,14.41,15.32,15.01,15.02
01/31/2005,14.41,14.45,15.34,15.02,15.03
01/24/2005,14.66,14.77,15.42,15.08,15.02
01/17/2005,14.84,15.01,15.49,15.14,15.0
01/10/2005,14.83,15.2,15.51,15.17,14.96
01/03/2005,14.68,15.32,15.43,15.16,14.9
12/27/2004,14.49,15.4,15.37,15.13,14.84
12/20/2004,14.89,15.58,15.32,15.1,14.8
12/13/2004,15.17,15.74,15.3,15.06,14.75
12/06/2004,15.57,16.08,15.34,15.03,14.71
11/29/2004,15.96,16.22,15.31,14.98,14.67
11/22/2004,16.3,16.22,15.31,14.95,14.62
11/15/2004,16.27,16.07,15.24,14.82,14.53
11/08/2004,16.3,15.98,15.21,14.74,14.45
11/01/2004,16.59,15.81,15.15,14.67,14.38
10/25/2004,16.48,15.55,15.08,14.64,14.3
10/18/2004,16.14,15.35,14.99,14.62,14.23
10/11/2004,15.87,15.07,14.85,14.57,14.15
10/04/2004,15.65,14.86,14.72,14.54,14.06
09/27/2004,15.03,14.6,14.51,14.5,13.95
09/20/2004,14.63,14.39,14.36,14.53,13.87
09/13/2004,14.55,14.4,14.31,14.61,13.82
09/06/2004,14.27,14.41,14.19,14.62,13.74
08/30/2004,14.07,14.43,14.12,14.65,13.65
08/23/2004,14.16,14.5,14.1,14.69,13.57
08/16/2004,14.16,14.61,14.18,14.76,13.52
08/09/2004,14.24,14.64,14.25,14.85,13.45
08/02/2004,14.55,14.64,14.32,14.95,13.4
07/26/2004,14.8,14.58,14.38,15.03,13.31
07/19/2004,14.83,14.42,14.46,15.0,13.21
07/12/2004,15.07,14.33,14.6,15.03,13.12
07/05/2004,15.03,14.23,14.71,15.04,13.01
06/28/2004,14.74,13.97,14.72,14.95,12.87
06/21/2004,14.36,13.81,14.76,14.85,12.73
06/14/2004,14.01,13.71,14.79,14.75,12.57
06/07/2004,13.58,13.74,14.83,14.64,12.41
05/31/2004,13.42,13.87,14.96,14.56,12.26
05/24/2004,13.21,13.99,15.11,14.5,12.13
05/17/2004,13.25,14.19,15.25,14.44,12.0
05/10/2004,13.4,14.5,15.3,14.38,11.87
05/03/2004,13.9,14.87,15.38,14.36,11.77
04/26/2004,14.31,15.2,15.45,14.29,11.64
04/19/2004,14.77,15.47,15.45,14.23,11.53
04/12/2004,15.12,15.71,15.38,14.16,11.4
04/05/2004,15.59,15.88,15.27,14.09,11.26
03/29/2004,15.84,15.93,15.09,13.97,0.0
03/22/2004,16.08,16.06,14.91,13.84,0.0
03/15/2004,16.16,16.23,14.75,13.73,0.0
03/08/2004,16.29,16.31,14.56,13.58,0.0
03/01/2004,16.17,16.1,14.33,13.4,0.0
02/23/2004,16.01,15.89,14.11,13.22,0.0
02/16/2004,16.03,15.7,13.83,13.04,0.0
02/09/2004,16.3,15.42,13.62,12.85,0.0
02/02/2004,16.33,15.05,13.39,12.64,0.0
01/26/2004,16.02,14.66,13.19,12.45,0.0
01/19/2004,15.77,14.25,12.99,12.27,0.0
01/12/2004,15.38,13.76,12.73,12.06,0.0
01/05/2004,14.55,13.27,12.48,11.84,0.0
12/29/2003,13.77,12.81,12.21,11.6,0.0
12/22/2003,13.3,12.56,12.05,11.42,0.0
12/15/2003,12.73,12.32,11.88,11.21,0.0
12/08/2003,12.15,11.96,11.7,10.97,0.0
12/01/2003,11.99,11.81,11.57,10.78,0.0
11/24/2003,11.86,11.74,11.44,10.61,0.0
11/17/2003,11.82,11.72,11.35,10.4,0.0
11/10/2003,11.92,11.72,11.28,10.18,0.0
11/03/2003,11.77,11.7,11.2,9.96,0.0
10/27/2003,11.64,11.7,11.13,9.76,0.0
10/20/2003,11.62,11.61,10.99,9.57,0.0
10/13/2003,11.62,11.53,10.84,9.36,0.0
10/06/2003,11.52,11.44,10.65,9.18,0.0
09/29/2003,11.63,11.44,10.48,8.99,0.0
09/22/2003,11.76,11.33,10.27,8.82,0.0
09/15/2003,11.6,11.14,10.05,8.63,0.0
09/08/2003,11.44,10.97,9.74,8.42,0.0
09/01/2003,11.35,10.84,9.41,0.0,0.0
08/25/2003,11.26,10.71,9.08,0.0,0.0
08/18/2003,10.9,10.56,8.79,0.0,0.0
08/11/2003,10.68,10.37,8.55,0.0,0.0
08/04/2003,10.51,10.15,8.28,0.0,0.0
07/28/2003,10.33,9.86,8.06,0.0,0.0
07/21/2003,10.15,9.51,7.77,0.0,0.0
07/14/2003,10.21,9.21,7.56,0.0,0.0
07/07/2003,10.06,8.97,7.37,0.0,0.0
06/30/2003,9.8,8.5,7.15,0.0,0.0
06/23/2003,9.38,7.98,0.0,0.0,0.0
06/16/2003,8.87,7.46,0.0,0.0,0.0
06/09/2003,8.21,7.03,0.0,0.0,0.0
06/02/2003,7.87,6.74,0.0,0.0,0.0
05/26/2003,7.2,6.4,0.0,0.0,0.0
05/19/2003,6.57,6.26,0.0,0.0,0.0
05/12/2003,6.06,6.03,0.0,0.0,0.0
05/05/2003,5.85,5.91,0.0,0.0,0.0
04/28/2003,5.6,5.78,0.0,0.0,0.0
04/21/2003,5.6,5.8,0.0,0.0,0.0
04/14/2003,5.95,0.0,0.0,0.0,0.0
03/17/2003,6.0,0.0,0.0,0.0,0.0
03/10/2003,5.97,0.0,0.0,0.0,0.0
02/17/2003,5.95,0.0,0.0,0.0,0.0
02/10/2003,6.0,0.0,0.0,0.0,0.0
02/03/2003,0.0,0.0,0.0,0.0,0.0
01/13/2003,0.0,0.0,0.0,0.0,0.0
01/06/2003,0.0,0.0,0.0,0.0,0.0
12/30/2002,0.0,0.0,0.0,0.0,0.0
