12/26/2022,2.15,2.18,2.54,3.1,4.19
12/19/2022,2.16,2.16,2.65,3.15,4.25
12/12/2022,2.17,2.16,2.76,3.2,4.31
12/05/2022,2.17,2.2,2.87,3.23,4.37
11/28/2022,2.19,2.25,3.0,3.25,4.44
11/21/2022,2.2,2.31,3.1,3.31,4.5
11/14/2022,2.17,2.41,3.21,3.36,4.57
11/07/2022,2.16,2.53,3.31,3.43,4.64
10/31/2022,2.23,2.63,3.39,3.51,4.71
10/24/2022,2.31,2.76,3.46,3.57,4.79
10/17/2022,2.42,2.9,3.55,3.66,4.87
10/10/2022,2.64,3.14,3.65,3.79,4.94
10/03/2022,2.9,3.36,3.72,3.89,5.01
09/26/2022,3.04,3.54,3.75,3.97,5.09
09/19/2022,3.21,3.74,3.76,4.05,5.15
09/12/2022,3.39,3.89,3.81,4.13,5.21
09/05/2022,3.63,4.02,3.84,4.2,5.27
08/29/2022,3.83,4.09,3.88,4.26,5.33
08/22/2022,4.04,4.15,3.94,4.33,5.4
08/15/2022,4.27,4.16,3.98,4.38,5.47
08/08/2022,4.4,4.21,4.04,4.42,5.56
08/01/2022,4.4,4.16,4.12,4.46,5.64
07/25/2022,4.34,4.09,4.16,4.52,5.72
07/18/2022,4.26,3.96,4.19,4.59,5.79
07/11/2022,4.05,3.77,4.21,4.66,5.86
07/04/2022,4.01,3.72,4.25,4.73,5.91
06/27/2022,3.92,3.66,4.29,4.81,5.96
06/20/2022,3.83,3.67,4.35,4.89,6.03
06/13/2022,3.66,3.74,4.41,5.02,6.1
06/06/2022,3.5,3.8,4.49,5.23,6.18
05/30/2022,3.42,3.88,4.52,5.29,6.26
05/23/2022,3.4,4.07,4.61,5.34,6.39
05/16/2022,3.51,4.24,4.74,5.41,6.52
05/09/2022,3.82,4.42,4.91,5.51,6.73
05/02/2022,4.1,4.64,5.11,5.62,6.91
04/25/2022,4.33,4.78,5.24,5.7,7.07
04/18/2022,4.74,4.93,5.38,5.78,7.2
04/11/2022,4.96,5.03,5.5,5.86,7.33
04/04/2022,5.01,5.09,5.66,5.92,7.47
03/28/2022,5.19,5.17,5.94,6.01,7.53
03/21/2022,5.23,5.16,5.99,6.07,7.58
03/14/2022,5.12,5.15,5.97,6.1,7.6
03/07/2022,5.11,5.24,6.0,6.13,7.64
02/28/2022,5.17,5.4,6.06,6.2,7.68
02/21/2022,5.15,5.57,6.11,6.25,7.72
02/14/2022,5.09,5.7,6.16,6.29,7.76
02/07/2022,5.19,5.83,6.21,6.34,7.8
01/31/2022,5.37,5.97,6.27,6.4,7.87
01/24/2022,5.63,6.23,6.33,6.48,7.92
01/17/2022,6.0,6.72,6.43,6.57,7.93
01/10/2022,6.31,6.82,6.53,6.71,7.95
01/03/2022,6.47,6.8,6.57,6.82,7.93
12/27/2021,6.57,6.76,6.58,6.92,7.93
12/20/2021,6.82,6.72,6.6,7.0,7.86
12/13/2021,7.44,6.64,6.58,7.05,7.77
12/06/2021,7.33,6.62,6.58,7.09,7.71
11/29/2021,7.13,6.59,6.59,7.12,7.64
11/22/2021,6.94,6.57,6.61,7.17,7.57
11/15/2021,6.62,6.44,6.6,7.19,7.48
11/08/2021,5.84,6.13,6.5,7.14,7.36
11/01/2021,5.91,6.23,6.66,7.24,7.31
10/25/2021,6.06,6.34,6.82,7.43,7.26
10/18/2021,6.19,6.4,7.0,7.62,7.21
10/11/2021,6.26,6.48,7.14,7.94,7.17
10/04/2021,6.42,6.52,7.26,8.21,7.11
09/27/2021,6.56,6.54,7.33,8.43,7.06
09/20/2021,6.63,6.59,7.39,8.61,7.01
09/13/2021,6.61,6.66,7.47,8.8,6.94
09/06/2021,6.69,6.76,7.56,9.02,6.89
08/30/2021,6.62,6.86,7.64,9.05,6.82
08/23/2021,6.53,7.09,7.75,9.08,6.76
08/16/2021,6.55,7.31,7.98,9.11,6.69
08/09/2021,6.7,7.6,8.24,9.15,6.63
08/02/2021,6.83,7.8,8.67,9.17,6.56
07/26/2021,7.11,8.0,9.05,9.2,6.49
07/19/2021,7.64,8.12,9.38,9.22,6.42
07/12/2021,8.06,8.19,9.63,9.27,6.34
07/05/2021,8.49,8.28,9.87,9.33,6.26
06/28/2021,8.76,8.36,10.15,9.37,6.17
06/21/2021,8.89,8.41,10.14,9.29,6.07
06/14/2021,8.6,8.41,10.08,9.18,5.95
06/07/2021,8.31,8.65,10.01,9.04,5.84
05/31/2021,8.06,8.88,9.92,8.94,5.72
05/24/2021,7.95,9.55,9.86,8.71,5.61
05/17/2021,7.93,10.1,9.79,8.49,5.51
05/10/2021,8.21,10.63,9.77,8.32,5.41
05/03/2021,8.98,11.07,9.81,8.16,5.31
04/26/2021,9.69,11.47,9.86,7.98,5.21
04/19/2021,11.15,11.94,9.87,7.78,5.11
04/12/2021,12.27,11.87,9.73,7.58,5.02
04/05/2021,13.06,11.75,9.57,7.37,4.92
03/29/2021,13.16,11.37,9.24,7.09,4.78
03/22/2021,13.25,10.97,8.97,6.8,4.65
03/15/2021,12.74,10.16,8.3,6.39,4.45
03/08/2021,11.46,9.49,7.69,6.02,4.29
03/01/2021,10.44,8.91,7.17,5.69,4.14
02/22/2021,9.59,8.55,6.7,5.4,4.02
02/15/2021,8.68,8.25,6.24,5.09,3.9
02/08/2021,7.59,7.8,5.7,4.75,3.77
02/01/2021,7.51,7.59,5.44,4.6,3.73
01/25/2021,7.38,7.39,5.18,4.45,3.69
01/18/2021,7.51,7.11,4.95,4.27,3.67
01/11/2021,7.82,6.97,4.72,4.1,3.66
01/04/2021,8.0,6.43,4.5,3.94,3.65
12/28/2020,7.67,5.89,4.29,3.79,3.65
12/21/2020,7.39,5.42,4.07,3.62,3.65
12/14/2020,6.71,4.86,3.83,3.42,3.63
12/07/2020,6.11,4.22,3.51,3.19,3.61
11/30/2020,4.85,3.6,3.23,2.97,3.64
11/23/2020,4.1,3.29,3.1,2.85,3.72
11/16/2020,3.45,2.97,2.98,2.72,3.79
11/09/2020,3.01,2.78,2.86,2.64,3.89
11/02/2020,2.33,2.48,2.67,2.5,3.96
10/26/2020,2.35,2.58,2.7,2.51,4.1
10/19/2020,2.47,2.69,2.74,2.53,4.24
10/12/2020,2.5,2.73,2.72,2.5,4.37
10/05/2020,2.55,2.8,2.7,2.47,4.5
09/28/2020,2.62,2.79,2.67,2.44,4.62
09/21/2020,2.81,2.86,2.66,2.44,4.76
09/14/2020,2.91,2.92,2.63,2.46,4.89
09/07/2020,2.96,2.98,2.6,2.46,5.01
08/31/2020,3.05,2.93,2.56,2.47,5.14
08/24/2020,2.97,2.87,2.52,2.49,5.26
08/17/2020,2.91,2.83,2.47,2.52,5.37
08/10/2020,2.93,2.78,2.45,2.55,5.49
08/03/2020,2.99,2.71,2.39,2.6,5.61
07/27/2020,2.81,2.6,2.3,2.64,5.73
07/20/2020,2.78,2.55,2.26,2.72,5.86
07/13/2020,2.74,2.46,2.23,2.8,5.98
07/06/2020,2.64,2.34,2.23,2.87,6.1
06/29/2020,2.43,2.22,2.21,2.94,6.21
06/22/2020,2.39,2.2,2.25,3.07,6.17
06/15/2020,2.33,2.16,2.3,3.22,6.3
06/08/2020,2.19,2.12,2.36,3.37,6.43
06/01/2020,2.04,2.12,2.44,3.52,6.55
05/25/2020,2.01,2.07,2.54,3.68,6.68
05/18/2020,2.0,2.0,2.66,3.85,6.82
05/11/2020,1.99,1.97,2.8,4.03,6.95
05/04/2020,2.06,2.0,2.96,4.31,7.09
04/27/2020,2.19,2.13,3.13,4.59,7.06
04/20/2020,2.12,2.19,3.3,4.86,7.19
04/13/2020,1.99,2.29,3.51,5.14,7.15
04/06/2020,1.95,2.43,3.75,5.41,7.29
03/30/2020,1.94,2.6,3.99,5.68,7.25
03/23/2020,2.07,2.76,4.22,5.95,7.38
03/16/2020,2.26,3.02,4.49,6.23,7.51
03/09/2020,2.59,3.32,4.77,6.53,7.66
03/02/2020,2.91,3.62,5.05,6.81,7.79
02/24/2020,3.27,3.93,5.46,7.07,7.92
02/17/2020,3.46,4.14,5.82,7.31,8.03
02/10/2020,3.78,4.41,6.2,7.56,8.15
02/03/2020,4.06,4.72,6.56,7.8,8.26
01/27/2020,4.33,5.06,6.91,8.02,8.2
01/20/2020,4.58,5.37,7.22,8.23,8.3
01/13/2020,4.81,5.67,7.54,8.43,8.23
01/06/2020,5.04,5.96,7.83,8.63,8.32
12/30/2019,5.39,6.22,8.13,8.82,8.41
12/23/2019,5.8,6.49,8.4,9.0,8.49
12/16/2019,6.16,7.0,8.65,9.16,8.41
12/09/2019,6.54,7.5,8.9,9.33,8.32
12/02/2019,6.87,7.99,9.14,9.48,8.23
11/25/2019,7.06,8.4,9.34,9.28,8.29
11/18/2019,7.18,8.75,9.5,9.39,8.33
11/11/2019,7.84,9.08,9.66,9.49,8.38
11/04/2019,8.47,9.4,9.82,9.59,8.42
10/28/2019,9.1,9.71,9.97,9.69,8.46
10/21/2019,9.75,10.03,10.12,9.79,8.51
10/14/2019,10.32,10.31,10.25,9.87,8.54
10/07/2019,10.31,10.3,10.24,9.86,8.53
09/30/2019,10.34,10.3,10.24,9.52,8.52
09/23/2019,10.33,10.29,10.23,9.51,0.0
09/16/2019,10.32,10.28,9.72,9.17,0.0
09/09/2019,10.3,10.26,9.71,9.16,0.0
09/02/2019,10.29,10.24,9.7,8.82,0.0
08/26/2019,10.27,10.23,9.69,8.81,0.0
08/19/2019,10.25,10.22,9.68,8.8,0.0
08/12/2019,10.24,10.21,9.67,8.79,0.0
08/05/2019,10.21,10.2,9.66,8.78,0.0
07/29/2019,10.2,10.19,9.65,8.76,0.0
07/22/2019,10.19,10.18,9.14,8.75,0.0
07/15/2019,10.18,10.18,9.13,8.74,0.0
07/08/2019,10.18,9.16,8.62,8.73,0.0
07/01/2019,10.18,9.15,8.61,8.39,0.0
06/24/2019,10.17,9.15,8.1,8.37,0.0
06/17/2019,10.17,9.14,8.1,8.03,0.0
06/10/2019,10.17,9.13,8.09,8.02,0.0
06/03/2019,8.13,9.12,8.08,8.0,0.0
05/27/2019,8.13,9.11,8.06,7.99,0.0
05/20/2019,8.12,9.11,8.05,7.65,0.0
05/13/2019,8.11,8.09,8.04,7.31,0.0
05/06/2019,8.09,8.08,8.02,6.97,0.0
04/29/2019,10.11,8.08,8.51,7.29,0.0
04/22/2019,10.1,8.07,8.0,7.28,0.0
04/15/2019,10.09,7.06,7.98,7.27,0.0
04/08/2019,8.07,7.05,7.48,7.25,0.0
04/01/2019,8.06,7.04,7.46,7.24,0.0
03/25/2019,6.04,7.03,7.44,7.22,0.0
03/18/2019,6.04,7.02,7.42,7.21,0.0
03/11/2019,4.02,7.0,6.92,7.2,0.0
03/04/2019,6.03,7.99,6.92,7.52,0.0
02/25/2019,6.03,7.96,6.42,0.0,0.0
02/18/2019,8.01,8.95,6.9,0.0,0.0
02/11/2019,8.0,7.94,6.89,0.0,0.0
02/04/2019,9.98,8.91,7.37,0.0,0.0
01/28/2019,9.95,7.9,7.35,0.0,0.0
01/21/2019,9.9,7.88,7.34,0.0,0.0
01/14/2019,9.88,7.86,7.32,0.0,0.0
01/07/2019,7.88,7.83,7.31,0.0,0.0
12/31/2018,7.83,6.84,7.29,0.0,0.0
12/24/2018,5.85,5.85,7.28,0.0,0.0
12/17/2018,5.86,4.88,0.0,0.0,0.0
12/10/2018,5.84,4.86,0.0,0.0,0.0
12/03/2018,7.78,5.83,0.0,0.0,0.0
11/26/2018,5.85,5.84,0.0,0.0,0.0
11/19/2018,5.85,6.81,0.0,0.0,0.0
11/12/2018,3.89,6.79,0.0,0.0,0.0
11/05/2018,3.88,6.79,0.0,0.0,0.0
10/29/2018,3.89,6.78,0.0,0.0,0.0
10/22/2018,5.82,7.75,0.0,0.0,0.0
10/15/2018,7.76,8.71,0.0,0.0,0.0
10/08/2018,9.7,0.0,0.0,0.0,0.0
10/01/2018,9.69,0.0,0.0,0.0,0.0
09/24/2018,9.68,0.0,0.0,0.0,0.0
09/17/2018,9.67,0.0,0.0,0.0,0.0
09/10/2018,9.67,0.0,0.0,0.0,0.0
09/03/2018,0.0,0.0,0.0,0.0,0.0
08/27/2018,0.0,0.0,0.0,0.0,0.0
08/20/2018,0.0,0.0,0.0,0.0,0.0
08/13/2018,0.0,0.0,0.0,0.0,0.0
