12/26/2022,37.1,37.59,37.63,38.69,40.49
12/19/2022,37.44,37.36,37.97,38.71,40.63
12/12/2022,37.64,37.0,38.39,38.77,40.75
12/05/2022,37.85,36.62,38.79,38.73,40.86
11/28/2022,38.31,36.31,39.08,38.77,40.96
11/21/2022,38.07,36.15,39.22,38.85,41.02
11/14/2022,37.28,36.25,39.31,38.91,41.07
11/07/2022,36.35,36.55,39.4,39.05,41.13
10/31/2022,35.39,36.78,39.42,39.18,41.18
10/24/2022,34.31,37.11,39.25,39.26,41.22
10/17/2022,34.22,37.67,39.24,39.45,41.3
10/10/2022,35.23,38.57,39.39,39.7,41.42
10/03/2022,36.74,39.79,39.66,39.99,41.57
09/26/2022,38.18,40.97,39.79,40.23,41.73
09/19/2022,39.91,41.84,40.0,40.53,41.86
09/12/2022,41.12,42.3,40.21,40.75,41.94
09/05/2022,41.92,42.37,40.23,40.86,41.97
08/29/2022,42.83,42.25,40.31,40.91,41.98
08/22/2022,43.76,42.05,40.37,41.02,41.99
08/15/2022,43.78,41.39,40.34,41.05,41.98
08/08/2022,43.47,40.82,40.34,41.04,41.98
08/01/2022,42.83,40.21,40.26,41.06,41.93
07/25/2022,41.67,39.53,40.1,41.03,41.87
07/18/2022,40.35,38.62,39.86,41.02,41.81
07/11/2022,39.0,38.16,39.87,41.08,41.79
07/04/2022,38.17,38.12,39.98,41.12,41.79
06/27/2022,37.59,38.09,40.1,41.24,41.79
06/20/2022,37.38,38.37,40.24,41.38,41.83
06/13/2022,36.89,38.69,40.51,41.61,41.9
06/06/2022,37.32,39.29,40.88,41.98,42.02
05/30/2022,38.07,39.87,41.16,42.28,42.11
05/23/2022,38.6,40.32,41.48,42.55,42.17
05/16/2022,39.35,40.67,41.78,42.73,42.19
05/09/2022,40.5,41.1,42.22,42.99,42.25
05/02/2022,41.26,41.59,42.53,43.15,42.25
04/25/2022,41.67,41.84,42.62,43.18,42.22
04/18/2022,42.03,42.1,42.81,43.23,42.16
04/11/2022,41.99,42.12,42.89,43.2,42.07
04/04/2022,41.7,42.32,43.08,43.19,41.96
03/28/2022,41.92,42.46,43.33,43.17,41.84
03/21/2022,42.01,42.44,43.49,43.14,41.68
03/14/2022,42.17,42.64,43.66,43.14,41.51
03/07/2022,42.26,42.89,43.75,43.14,41.36
02/28/2022,42.95,43.35,43.93,43.22,41.23
02/21/2022,43.0,43.48,43.92,43.19,41.05
02/14/2022,42.87,43.41,43.86,43.13,40.87
02/07/2022,43.11,43.51,43.79,43.08,40.68
01/31/2022,43.52,43.67,43.74,43.04,40.49
01/24/2022,43.75,43.83,43.62,42.96,40.28
01/17/2022,43.95,44.19,43.53,42.92,40.11
01/10/2022,43.94,44.53,43.49,42.91,39.94
01/03/2022,43.9,44.68,43.38,42.8,39.72
12/27/2021,43.82,44.62,43.26,42.72,39.5
12/20/2021,43.91,44.51,43.16,42.6,39.23
12/13/2021,44.43,44.37,43.05,42.5,38.96
12/06/2021,45.13,44.31,42.99,42.46,38.75
11/29/2021,45.46,44.06,42.87,42.34,38.52
11/22/2021,45.43,43.82,42.72,42.27,38.3
11/15/2021,45.11,43.42,42.53,42.18,38.05
11/08/2021,44.31,42.86,42.29,42.05,37.78
11/01/2021,43.49,42.44,42.1,41.93,37.52
10/25/2021,42.67,42.08,41.87,41.8,37.27
10/18/2021,42.21,41.9,41.77,41.66,37.03
10/11/2021,41.72,41.81,41.64,41.51,36.81
10/04/2021,41.41,41.72,41.57,41.36,36.61
09/27/2021,41.39,41.66,41.53,41.25,36.46
09/20/2021,41.5,41.67,41.49,41.1,36.31
09/13/2021,41.6,41.63,41.49,40.94,36.12
09/06/2021,41.89,41.65,41.56,40.72,35.93
08/30/2021,42.04,41.72,41.65,40.51,35.78
08/23/2021,41.94,41.77,41.68,40.23,35.57
08/16/2021,41.84,41.65,41.65,39.89,35.38
08/09/2021,41.66,41.64,41.54,39.59,35.2
08/02/2021,41.4,41.47,41.37,39.24,35.03
07/26/2021,41.4,41.41,41.19,38.91,34.88
07/19/2021,41.6,41.4,41.05,38.62,34.77
07/12/2021,41.45,41.3,40.81,38.27,34.6
07/05/2021,41.61,41.36,40.59,37.94,34.42
06/28/2021,41.55,41.47,40.26,37.6,34.2
06/21/2021,41.42,41.57,39.9,37.29,33.96
06/14/2021,41.2,41.59,39.46,36.97,33.67
06/07/2021,41.15,41.66,39.02,36.65,33.4
05/31/2021,41.1,41.45,38.57,36.28,33.1
05/24/2021,41.39,41.26,38.13,35.87,32.85
05/17/2021,41.73,40.96,37.67,35.41,32.45
05/10/2021,41.97,40.7,37.23,35.04,32.16
05/03/2021,42.16,40.32,36.76,34.69,31.78
04/26/2021,41.79,39.82,36.23,34.33,31.56
04/19/2021,41.13,39.06,35.67,33.93,31.46
04/12/2021,40.19,38.22,35.15,33.5,31.36
04/05/2021,39.42,37.34,34.66,33.11,31.4
03/29/2021,38.48,36.38,34.14,32.74,31.46
03/22/2021,37.84,35.69,33.7,32.4,31.53
03/15/2021,36.99,35.0,33.17,32.12,31.59
03/08/2021,36.25,34.37,32.63,31.86,31.69
03/01/2021,35.26,33.76,32.22,31.68,31.79
02/22/2021,34.27,33.19,31.88,31.52,31.91
02/15/2021,33.54,32.64,31.58,31.31,32.02
02/08/2021,33.01,32.28,31.37,31.14,32.16
02/01/2021,32.49,32.08,31.14,31.05,32.31
01/25/2021,32.26,31.97,31.0,30.91,32.47
01/18/2021,32.11,31.91,30.92,30.88,32.65
01/11/2021,31.74,31.7,30.76,30.8,32.82
01/04/2021,31.55,31.34,30.67,30.81,32.99
12/28/2020,31.67,30.9,30.61,30.85,33.17
12/21/2020,31.69,30.67,30.63,30.92,33.33
12/14/2020,31.7,30.57,30.68,30.92,33.54
12/07/2020,31.65,30.52,30.64,30.89,33.73
11/30/2020,31.13,30.46,30.57,30.8,33.91
11/23/2020,30.12,30.21,30.54,30.62,34.07
11/16/2020,29.66,30.02,30.39,30.37,34.23
11/09/2020,29.43,29.94,30.36,30.15,34.43
11/02/2020,29.38,29.82,30.35,29.92,34.66
10/26/2020,29.78,30.0,30.54,29.83,34.9
10/19/2020,30.29,30.32,30.83,29.49,35.16
10/12/2020,30.38,30.6,31.04,29.28,35.4
10/05/2020,30.44,30.8,31.1,28.87,35.62
09/28/2020,30.25,30.76,31.08,28.79,35.83
09/21/2020,30.23,30.69,30.98,28.99,36.01
09/14/2020,30.35,30.87,30.83,29.23,36.22
09/07/2020,30.81,30.75,30.55,29.69,36.41
08/31/2020,31.16,30.79,30.25,30.17,36.6
08/24/2020,31.26,30.89,29.96,30.65,36.81
08/17/2020,31.15,31.08,29.74,31.06,36.99
08/10/2020,31.4,31.33,29.08,31.51,37.17
08/03/2020,30.69,31.48,28.62,31.91,37.3
07/27/2020,30.42,31.4,27.91,32.29,37.47
07/20/2020,30.52,31.4,27.8,32.73,37.64
07/13/2020,31.0,31.27,28.14,33.17,37.8
07/06/2020,31.27,30.78,28.4,33.56,37.95
06/29/2020,32.27,30.35,29.15,34.02,38.13
06/22/2020,32.37,29.71,29.86,34.43,38.29
06/15/2020,32.29,29.04,30.53,34.84,38.45
06/08/2020,31.53,28.41,31.06,35.16,38.56
06/01/2020,30.29,26.83,31.6,35.49,38.64
05/25/2020,28.42,25.76,32.12,35.75,38.71
05/18/2020,27.05,24.42,32.74,36.16,38.82
05/11/2020,25.79,24.2,33.39,36.57,38.93
05/04/2020,25.28,25.02,34.12,37.02,39.08
04/27/2020,23.37,26.03,34.95,37.53,39.27
04/20/2020,23.1,27.96,35.86,38.09,39.47
04/13/2020,21.79,30.02,36.79,38.72,39.71
04/06/2020,22.62,32.01,37.74,39.4,39.96
03/30/2020,24.76,33.7,38.54,39.97,40.14
03/23/2020,28.68,36.37,39.83,40.83,40.47
03/16/2020,32.83,38.48,40.75,41.52,40.69
03/09/2020,38.24,41.06,42.03,42.37,41.01
03/02/2020,41.41,42.58,42.76,42.87,41.16
02/24/2020,42.64,43.22,43.02,43.03,41.15
02/17/2020,44.06,43.87,43.28,43.22,41.11
02/10/2020,44.13,43.76,43.15,43.14,40.95
02/03/2020,43.87,43.57,43.07,43.03,40.75
01/27/2020,43.74,43.47,43.09,42.97,40.64
01/20/2020,43.8,43.38,43.1,42.92,40.55
01/13/2020,43.68,43.28,43.06,42.82,40.45
01/06/2020,43.39,43.02,43.04,42.7,40.35
12/30/2019,43.26,43.01,43.02,42.64,40.26
12/23/2019,43.21,42.94,43.01,42.55,40.19
12/16/2019,42.95,42.82,42.93,42.43,40.09
12/09/2019,42.88,42.69,42.89,42.33,39.97
12/02/2019,42.64,42.54,42.83,42.24,39.87
11/25/2019,42.75,42.58,42.77,42.16,39.78
11/18/2019,42.67,42.7,42.72,42.05,39.69
11/11/2019,42.69,42.82,42.69,41.95,39.63
11/04/2019,42.5,42.84,42.59,41.79,39.57
10/28/2019,42.44,43.05,42.54,41.67,39.53
10/21/2019,42.41,43.04,42.46,41.48,39.47
10/14/2019,42.73,43.08,42.36,41.3,39.43
10/07/2019,42.95,43.04,42.23,41.13,39.39
09/30/2019,43.19,43.09,42.16,41.01,39.37
09/23/2019,43.66,43.11,42.09,40.85,39.35
09/16/2019,43.67,42.95,41.95,40.69,39.3
09/09/2019,43.44,42.73,41.73,40.52,39.21
09/02/2019,43.12,42.55,41.51,40.32,39.15
08/26/2019,43.0,42.34,41.26,40.11,39.07
08/19/2019,42.56,42.04,40.97,39.87,38.97
08/12/2019,42.24,41.88,40.7,39.65,38.89
08/05/2019,42.03,41.63,40.4,39.45,38.8
07/29/2019,41.99,41.42,40.18,39.27,38.75
07/22/2019,41.68,41.22,39.97,39.01,38.69
07/15/2019,41.52,41.07,39.73,38.77,38.63
07/08/2019,41.53,40.94,39.56,38.47,38.57
07/01/2019,41.22,40.72,39.41,38.31,38.51
06/24/2019,40.86,40.47,39.21,38.18,38.46
06/17/2019,40.76,40.18,39.0,38.09,38.42
06/10/2019,40.62,39.91,38.79,37.99,38.36
06/03/2019,40.36,39.52,38.54,37.89,38.29
05/27/2019,40.22,39.18,38.36,37.84,38.23
05/20/2019,40.08,38.93,38.19,37.75,38.19
05/13/2019,39.6,38.71,37.9,37.6,38.13
05/06/2019,39.21,38.39,37.62,37.5,38.07
04/29/2019,38.69,38.18,37.23,37.4,38.01
04/22/2019,38.14,38.1,37.11,37.32,37.96
04/15/2019,37.79,37.95,37.04,37.31,37.9
04/08/2019,37.83,37.82,37.04,37.34,37.87
04/01/2019,37.56,37.66,37.03,37.39,37.84
03/25/2019,37.66,37.55,37.07,37.45,37.81
03/18/2019,38.07,37.54,37.16,37.55,37.82
03/11/2019,38.1,37.45,37.16,37.66,37.85
03/04/2019,37.82,37.09,37.05,37.73,37.85
02/25/2019,37.76,36.86,37.05,37.84,37.88
02/18/2019,37.44,36.29,37.01,37.9,37.9
02/11/2019,37.01,36.12,36.93,37.91,37.91
02/04/2019,36.8,36.14,36.99,37.97,37.95
01/28/2019,36.37,36.26,37.11,38.02,38.02
01/21/2019,35.95,36.4,37.25,38.08,38.08
01/14/2019,35.14,36.59,37.4,38.12,38.13
01/07/2019,35.23,36.79,37.56,38.15,38.19
12/31/2018,35.48,36.87,37.76,38.23,38.27
12/24/2018,36.15,37.0,38.05,38.36,38.36
12/17/2018,36.85,37.25,38.33,38.49,38.47
12/10/2018,38.04,37.72,38.71,38.68,38.59
12/03/2018,38.35,37.75,38.81,38.71,38.64
11/26/2018,38.27,37.84,38.89,38.74,38.68
11/19/2018,37.85,37.95,38.9,38.75,38.71
11/12/2018,37.64,38.09,38.91,38.74,38.74
11/05/2018,37.4,38.21,38.88,38.69,38.76
10/29/2018,37.14,38.34,38.83,38.62,38.77
10/22/2018,37.4,38.65,38.91,38.63,38.81
10/15/2018,38.05,39.1,39.04,38.65,38.86
10/08/2018,38.54,39.41,39.11,38.63,38.9
10/01/2018,39.01,39.7,39.15,38.62,38.93
09/24/2018,39.54,39.86,39.18,38.59,38.96
09/17/2018,39.9,39.94,39.19,38.5,38.98
09/10/2018,40.14,39.85,39.15,38.39,38.97
09/03/2018,40.28,39.74,39.06,38.3,38.95
08/27/2018,40.4,39.56,38.93,38.18,38.93
08/20/2018,40.19,39.32,38.76,38.08,38.9
08/13/2018,39.99,39.17,38.61,38.04,38.87
08/06/2018,39.55,38.99,38.43,37.98,38.84
07/30/2018,39.19,38.8,38.25,37.93,38.81
07/23/2018,38.72,38.6,38.07,37.89,38.78
07/16/2018,38.45,38.51,37.95,37.9,38.77
07/09/2018,38.35,38.45,37.78,37.93,38.76
07/02/2018,38.42,38.46,37.66,38.01,38.75
06/25/2018,38.41,38.38,37.58,38.08,38.75
06/18/2018,38.49,38.31,37.49,38.15,38.79
06/11/2018,38.56,38.21,37.46,38.23,38.82
06/04/2018,38.54,38.06,37.47,38.3,38.83
05/28/2018,38.5,37.87,37.47,38.37,38.83
05/21/2018,38.36,37.69,37.49,38.45,38.83
05/14/2018,38.13,37.54,37.53,38.51,38.83
05/07/2018,37.86,37.4,37.6,38.58,38.81
04/30/2018,37.58,37.11,37.68,38.62,38.79
04/23/2018,37.24,36.85,37.79,38.67,38.76
04/16/2018,37.03,36.77,37.92,38.74,38.75
04/09/2018,36.95,36.66,38.06,38.82,38.76
04/02/2018,36.94,36.7,38.24,38.92,38.76
03/26/2018,36.64,36.88,38.42,38.99,38.76
03/19/2018,36.46,37.07,38.61,39.07,38.75
03/12/2018,36.51,37.28,38.83,39.16,38.74
03/05/2018,36.38,37.53,39.0,39.24,38.73
02/26/2018,36.47,37.81,39.17,39.34,38.73
02/19/2018,37.12,38.25,39.38,39.46,38.75
02/12/2018,37.68,38.72,39.58,39.55,38.76
02/05/2018,38.06,39.08,39.72,39.6,38.77
01/29/2018,38.68,39.46,39.9,39.68,38.77
01/22/2018,39.15,39.77,40.03,39.71,38.76
01/15/2018,39.38,39.97,40.04,39.7,38.71
01/08/2018,39.76,40.16,40.07,39.7,38.67
01/01/2018,40.1,40.37,40.11,39.7,38.63
12/25/2017,40.25,40.47,40.1,39.68,38.59
12/18/2017,40.38,40.54,40.11,39.64,38.48
12/11/2017,40.55,40.51,40.06,39.58,38.38
12/04/2017,40.55,40.44,39.96,39.5,38.26
11/27/2017,40.65,40.36,39.86,39.43,38.15
11/20/2017,40.69,40.34,39.79,39.43,38.05
11/13/2017,40.7,40.3,39.69,39.42,37.95
11/06/2017,40.47,40.12,39.56,39.37,37.83
10/30/2017,40.32,39.99,39.47,39.3,37.73
10/23/2017,40.08,39.84,39.37,39.21,37.61
10/16/2017,40.0,39.74,39.28,39.14,37.52
10/09/2017,39.89,39.67,39.18,39.03,37.41
10/02/2017,39.76,39.61,39.12,38.96,37.32
09/25/2017,39.67,39.48,39.03,38.86,37.22
09/18/2017,39.6,39.36,38.96,38.77,37.13
09/11/2017,39.47,39.24,38.98,38.69,37.02
09/04/2017,39.45,39.08,38.98,38.6,36.9
08/28/2017,39.45,39.0,39.0,38.52,36.8
08/21/2017,39.3,38.94,38.95,38.42,36.69
08/14/2017,39.12,38.9,38.9,38.31,36.58
08/07/2017,39.0,38.83,38.84,38.22,36.47
07/31/2017,38.71,38.7,38.71,38.12,36.35
07/24/2017,38.55,38.62,38.64,38.04,36.24
07/17/2017,38.58,38.57,38.55,37.98,36.14
07/10/2017,38.67,38.56,38.48,37.94,36.03
07/03/2017,38.66,38.72,38.42,37.87,35.91
06/26/2017,38.68,38.88,38.36,37.81,35.8
06/19/2017,38.7,38.99,38.28,37.73,35.68
06/12/2017,38.56,38.96,38.17,37.65,35.56
06/05/2017,38.44,38.89,38.01,37.57,35.43
05/29/2017,38.78,38.86,37.92,37.51,35.31
05/22/2017,39.08,38.73,37.84,37.32,35.18
05/15/2017,39.28,38.65,37.75,37.17,35.06
05/08/2017,39.35,38.53,37.68,37.02,34.94
05/01/2017,39.34,38.4,37.63,36.86,34.82
04/24/2017,38.94,38.12,37.44,36.67,34.66
04/17/2017,38.37,37.84,37.27,36.48,34.49
04/10/2017,38.01,37.58,37.09,36.3,34.31
04/03/2017,37.7,37.38,36.99,36.16,34.13
03/27/2017,37.46,37.13,36.9,36.02,33.95
03/20/2017,37.3,36.98,36.83,35.89,33.78
03/13/2017,37.31,36.95,36.62,35.79,33.64
03/06/2017,37.15,36.86,36.44,35.67,33.47
02/27/2017,37.05,36.84,36.27,35.59,33.31
02/20/2017,36.8,36.86,36.1,35.48,33.17
02/13/2017,36.66,36.76,35.94,35.35,33.03
02/06/2017,36.58,36.69,35.8,35.21,32.92
01/30/2017,36.56,36.61,35.66,35.08,32.78
01/23/2017,36.62,36.61,35.55,34.95,32.68
01/16/2017,36.92,36.68,35.46,34.85,32.61
01/09/2017,36.87,36.68,35.35,34.72,32.53
01/02/2017,36.8,36.29,35.21,34.57,32.43
12/26/2016,36.65,36.02,35.08,34.43,32.33
12/19/2016,36.61,35.71,34.96,34.29,32.21
12/12/2016,36.44,35.33,34.79,34.12,32.09
12/05/2016,36.5,35.13,34.64,33.95,31.98
11/28/2016,35.78,34.9,34.47,33.79,31.86
11/21/2016,35.38,34.7,34.31,33.64,31.74
11/14/2016,34.81,34.49,34.12,33.46,31.59
11/07/2016,34.22,34.25,33.94,33.29,31.45
10/31/2016,33.76,34.02,33.73,33.12,31.3
10/24/2016,34.03,34.13,33.71,33.04,31.23
10/17/2016,34.03,34.15,33.64,32.95,31.13
10/10/2016,34.17,34.21,33.59,32.86,31.04
10/03/2016,34.28,34.25,33.52,32.78,30.95
09/26/2016,34.28,34.15,33.37,32.65,30.87
09/19/2016,34.24,34.03,33.24,32.5,30.79
09/12/2016,34.26,33.93,33.11,32.32,30.72
09/05/2016,34.25,33.75,32.95,32.1,30.66
08/29/2016,34.22,33.62,32.81,31.88,30.64
08/22/2016,34.01,33.45,32.67,31.67,30.6
08/15/2016,33.82,33.29,32.5,31.49,30.56
08/08/2016,33.59,33.13,32.35,31.27,30.54
08/01/2016,33.24,32.96,32.18,31.04,30.49
07/25/2016,33.02,32.78,32.04,30.87,30.45
07/18/2016,32.88,32.58,31.9,30.72,30.41
07/11/2016,32.76,32.45,31.73,30.63,30.37
07/04/2016,32.66,32.29,31.52,30.49,30.34
06/27/2016,32.68,32.15,31.27,30.41,30.31
06/20/2016,32.55,32.01,31.01,30.38,30.28
06/13/2016,32.28,31.88,30.77,30.34,30.25
06/06/2016,32.14,31.71,30.59,30.29,30.24
05/30/2016,31.92,31.58,30.35,30.23,30.21
05/23/2016,31.62,31.4,30.08,30.13,30.19
05/16/2016,31.47,31.3,29.91,30.06,30.16
05/09/2016,31.48,31.22,29.79,30.01,30.15
05/02/2016,31.28,31.02,29.72,29.93,30.14
04/25/2016,31.24,30.75,29.59,29.84,30.13
04/18/2016,31.18,30.39,29.54,29.72,30.13
04/11/2016,31.13,30.02,29.56,29.6,30.12
04/04/2016,30.96,29.67,29.56,29.49,30.11
03/28/2016,30.75,29.48,29.58,29.42,30.11
03/21/2016,30.26,29.12,29.55,29.3,30.1
03/14/2016,29.61,28.75,29.5,29.22,30.07
03/07/2016,28.91,28.51,29.44,29.13,30.04
02/29/2016,28.37,28.35,29.41,29.09,29.99
02/22/2016,28.21,28.43,29.39,29.07,29.98
02/15/2016,27.97,28.43,29.39,29.13,29.99
02/08/2016,27.89,28.68,29.39,29.22,30.03
02/01/2016,28.12,29.11,29.4,29.39,30.07
01/25/2016,28.34,29.46,29.4,29.53,30.09
01/18/2016,28.66,29.68,29.38,29.63,30.14
01/11/2016,28.89,29.99,29.4,29.8,30.22
01/04/2016,29.47,30.24,29.46,29.94,30.3
12/28/2015,30.1,30.36,29.44,30.03,30.36
12/21/2015,30.58,30.46,29.46,30.1,30.41
12/14/2015,30.71,30.34,29.4,30.12,30.44
12/07/2015,31.08,30.34,29.47,30.19,30.47
11/30/2015,31.02,30.1,29.5,30.21,30.47
11/23/2015,30.62,29.68,29.54,30.17,30.43
11/16/2015,30.34,29.35,29.57,30.17,30.42
11/09/2015,29.97,29.09,29.61,30.18,30.43
11/02/2015,29.6,28.81,29.71,30.19,30.45
10/26/2015,29.18,28.67,29.78,30.24,30.49
10/19/2015,28.74,28.51,29.86,30.27,30.54
10/12/2015,28.35,28.46,29.93,30.29,30.58
10/05/2015,28.2,28.45,30.0,30.35,30.63
09/28/2015,28.01,28.61,30.11,30.42,30.69
09/21/2015,28.17,28.9,30.27,30.54,30.75
09/14/2015,28.28,29.39,30.42,30.64,30.8
09/07/2015,28.57,29.79,30.59,30.73,30.87
08/31/2015,28.7,30.13,30.73,30.81,30.92
08/24/2015,29.21,30.61,30.89,30.9,30.99
08/17/2015,29.62,30.89,31.02,30.91,31.06
08/10/2015,30.49,31.22,31.15,30.94,31.13
08/03/2015,31.01,31.39,31.21,30.89,31.16
07/27/2015,31.56,31.56,31.3,30.88,31.2
07/20/2015,32.0,31.61,31.32,30.85,31.22
07/13/2015,32.15,31.65,31.36,30.83,31.23
07/06/2015,31.94,31.45,31.27,30.74,31.21
06/29/2015,31.77,31.38,31.2,30.65,31.17
06/22/2015,31.56,31.33,31.14,30.64,31.13
06/15/2015,31.22,31.17,31.04,30.64,31.11
06/08/2015,31.15,31.16,30.92,30.67,31.12
06/01/2015,30.96,31.08,30.81,30.69,31.12
05/25/2015,30.99,31.02,30.64,30.73,31.12
05/18/2015,31.09,31.04,30.54,30.76,31.16
05/11/2015,31.12,31.03,30.47,30.76,31.19
05/04/2015,31.17,31.07,30.42,30.72,31.23
04/27/2015,31.21,31.09,30.39,30.69,31.29
04/20/2015,31.06,31.02,30.29,30.66,31.33
04/13/2015,30.98,30.96,30.3,30.67,31.39
04/06/2015,30.94,30.92,30.37,30.7,31.46
03/30/2015,30.97,30.69,30.42,30.75,31.52
03/23/2015,30.98,30.53,30.5,30.81,31.56
03/16/2015,30.98,30.25,30.58,30.87,31.61
03/09/2015,30.95,30.05,30.62,30.91,31.66
03/02/2015,30.89,29.92,30.62,30.96,31.72
02/23/2015,30.41,29.77,30.55,30.96,31.76
02/16/2015,30.08,29.68,30.49,30.96,31.8
02/09/2015,29.51,29.56,30.49,31.0,31.84
02/02/2015,29.16,29.64,30.53,31.03,31.87
01/26/2015,28.94,29.83,30.6,31.09,31.89
01/19/2015,29.12,30.16,30.78,31.21,31.95
01/12/2015,29.29,30.47,30.95,31.32,32.01
01/05/2015,29.61,30.91,31.18,31.44,32.07
12/29/2014,30.13,31.18,31.34,31.52,32.11
12/22/2014,30.73,31.32,31.48,31.59,32.12
12/15/2014,31.19,31.33,31.56,31.63,32.13
12/08/2014,31.65,31.29,31.6,31.67,32.13
12/01/2014,32.21,31.42,31.73,31.69,32.14
11/24/2014,32.23,31.41,31.73,31.62,32.13
11/17/2014,31.92,31.37,31.72,31.59,32.09
11/10/2014,31.47,31.4,31.74,31.57,32.06
11/03/2014,30.93,31.43,31.74,31.55,32.01
10/27/2014,30.62,31.45,31.7,31.52,31.97
10/20/2014,30.58,31.5,31.69,31.57,31.93
10/13/2014,30.81,31.64,31.73,31.63,31.9
10/06/2014,31.32,31.8,31.78,31.74,31.89
09/29/2014,31.92,31.91,31.86,31.88,31.88
09/22/2014,32.28,32.04,31.83,31.99,31.88
09/15/2014,32.41,32.05,31.73,32.11,31.87
09/08/2014,32.48,32.07,31.7,32.21,31.85
09/01/2014,32.27,32.08,31.66,32.28,31.82
08/25/2014,31.9,32.06,31.61,32.31,31.77
08/18/2014,31.79,31.95,31.55,32.35,31.69
08/11/2014,31.69,31.87,31.6,32.42,31.62
08/04/2014,31.66,31.81,31.63,32.48,31.53
07/28/2014,31.88,31.76,31.72,32.56,31.47
07/21/2014,32.22,31.82,31.87,32.64,31.43
07/14/2014,32.12,31.63,31.97,32.67,31.38
07/07/2014,32.05,31.41,32.14,32.7,31.34
06/30/2014,31.96,31.32,32.28,32.7,31.32
06/23/2014,31.64,31.25,32.39,32.68,31.27
06/16/2014,31.41,31.15,32.43,32.7,31.22
06/09/2014,31.14,31.16,32.55,32.71,31.19
06/02/2014,30.76,31.33,32.69,32.7,31.14
05/26/2014,30.68,31.44,32.81,32.65,31.13
05/19/2014,30.85,31.67,32.95,32.62,31.13
05/12/2014,30.89,31.92,33.05,32.59,31.15
05/05/2014,31.17,32.31,33.19,32.6,31.19
04/28/2014,31.9,32.87,33.35,32.64,31.27
04/21/2014,32.2,33.25,33.39,32.6,31.3
04/14/2014,32.49,33.53,33.4,32.54,31.31
04/07/2014,32.96,33.71,33.47,32.48,31.31
03/31/2014,33.45,33.94,33.48,32.43,31.32
03/24/2014,33.83,34.04,33.39,32.3,31.3
03/17/2014,34.3,34.17,33.26,32.18,31.29
03/10/2014,34.57,34.24,33.1,32.04,31.25
03/03/2014,34.45,34.18,32.93,31.88,31.21
02/24/2014,34.43,34.07,32.74,31.78,31.18
02/17/2014,34.25,33.84,32.53,31.64,31.11
02/10/2014,34.05,33.53,32.27,31.49,31.02
02/03/2014,33.91,33.27,32.05,31.35,30.94
01/27/2014,33.9,33.23,31.87,31.24,30.86
01/20/2014,33.72,33.02,31.67,31.04,30.8
01/13/2014,33.42,32.73,31.43,30.82,30.74
01/06/2014,33.0,32.35,31.18,30.59,30.67
12/30/2013,32.63,31.96,30.94,30.39,30.6
12/23/2013,32.56,31.68,30.73,30.21,30.55
12/16/2013,32.33,31.41,30.63,30.08,30.5
12/09/2013,32.05,31.22,30.54,29.98,30.45
12/02/2013,31.7,31.02,30.47,29.93,30.4
11/25/2013,31.28,30.82,30.4,29.86,30.35
11/18/2013,30.8,30.5,30.24,29.74,30.31
11/11/2013,30.48,30.31,30.05,29.67,30.27
11/04/2013,30.39,30.13,29.87,29.58,30.24
10/28/2013,30.35,30.01,29.71,29.61,30.22
10/21/2013,30.37,29.92,29.6,29.65,30.18
10/14/2013,30.21,29.77,29.48,29.7,30.11
10/07/2013,30.14,29.85,29.42,29.79,30.04
09/30/2013,29.87,29.86,29.36,29.89,29.99
09/23/2013,29.68,29.93,29.39,30.01,29.93
09/16/2013,29.47,29.97,29.38,30.08,29.84
09/09/2013,29.34,29.97,29.36,30.14,29.76
09/02/2013,29.55,29.78,29.34,30.21,29.67
08/26/2013,29.85,29.6,29.31,30.3,29.6
08/19/2013,30.18,29.42,29.41,30.4,29.52
08/12/2013,30.47,29.28,29.51,30.46,29.44
08/05/2013,30.6,29.19,29.66,30.55,29.35
07/29/2013,30.01,28.99,29.76,30.58,29.24
07/22/2013,29.36,28.87,29.91,30.58,29.11
07/15/2013,28.66,28.85,30.05,30.54,28.98
07/08/2013,28.1,28.78,30.13,30.52,28.86
07/01/2013,27.77,28.75,30.23,30.49,28.73
06/24/2013,27.97,28.91,30.43,30.56,28.68
06/17/2013,28.38,29.02,30.64,30.66,28.63
06/10/2013,29.05,29.39,30.89,30.76,28.61
06/03/2013,29.47,29.74,31.06,30.81,28.56
05/27/2013,29.72,30.14,31.24,30.88,28.5
05/20/2013,29.84,30.53,31.37,30.91,28.43
05/13/2013,29.66,30.96,31.43,30.91,28.35
05/06/2013,29.74,31.24,31.39,30.86,28.25
04/29/2013,30.01,31.47,31.39,30.84,28.17
04/22/2013,30.55,31.71,31.37,30.88,28.09
04/15/2013,31.22,31.95,31.39,30.88,27.99
04/08/2013,32.26,32.26,31.48,30.9,27.91
04/01/2013,32.74,32.39,31.44,30.82,27.78
03/25/2013,32.93,32.37,31.35,30.71,27.64
03/18/2013,32.86,32.34,31.25,30.52,27.47
03/11/2013,32.69,32.22,31.1,30.3,27.29
03/04/2013,32.27,31.91,30.88,30.08,27.08
02/25/2013,32.05,31.53,30.67,29.85,26.88
02/18/2013,31.81,31.31,30.53,29.6,26.7
02/11/2013,31.81,31.03,30.46,29.38,26.52
02/04/2013,31.75,30.83,30.34,29.13,26.32
01/28/2013,31.55,30.7,30.22,28.9,26.13
01/21/2013,31.02,30.48,30.04,28.65,25.92
01/14/2013,30.81,30.33,29.87,28.42,25.73
01/07/2013,30.25,30.16,29.62,28.14,25.51
12/31/2012,29.9,29.98,29.34,27.9,25.3
12/24/2012,29.85,29.86,29.17,27.65,25.09
12/17/2012,29.94,29.8,29.01,27.42,24.9
12/10/2012,29.84,29.74,28.75,27.2,24.7
12/03/2012,30.07,29.9,28.56,26.97,24.51
11/26/2012,30.06,29.85,28.28,26.8,24.32
11/19/2012,29.87,29.74,28.0,26.6,24.11
11/12/2012,29.66,29.6,27.73,26.47,23.91
11/05/2012,29.64,29.42,27.47,26.31,23.71
10/29/2012,29.73,29.08,27.13,26.12,23.51
10/22/2012,29.64,28.69,26.86,25.96,23.31
10/15/2012,29.6,28.48,26.54,25.79,23.12
10/08/2012,29.54,28.23,26.23,25.63,22.94
10/01/2012,29.19,27.76,25.93,25.49,22.74
09/24/2012,28.42,27.21,25.51,25.31,22.54
09/17/2012,27.74,26.71,25.27,25.11,22.34
09/10/2012,27.36,26.27,25.03,24.92,22.14
09/03/2012,26.92,25.87,24.91,24.73,21.97
08/27/2012,26.32,25.51,24.76,24.56,21.83
08/20/2012,26.01,25.18,24.65,24.42,21.71
08/13/2012,25.69,25.02,24.59,24.28,21.59
08/06/2012,25.17,24.61,24.44,24.08,21.44
07/30/2012,24.81,24.24,24.34,23.9,21.3
07/23/2012,24.7,24.1,24.36,23.79,21.19
07/16/2012,24.35,23.8,24.35,23.67,21.08
07/09/2012,24.35,23.84,24.31,23.52,20.98
07/02/2012,24.04,23.8,24.24,23.35,20.87
06/25/2012,23.67,23.95,24.17,23.2,20.77
06/18/2012,23.49,24.01,24.09,23.04,20.67
06/11/2012,23.24,24.11,24.04,22.89,20.59
06/04/2012,23.32,24.16,23.91,22.71,20.49
05/28/2012,23.57,24.28,23.81,22.54,20.41
05/21/2012,24.22,24.43,23.74,22.38,20.34
05/14/2012,24.54,24.63,23.64,22.2,20.26
05/07/2012,24.98,24.91,23.6,22.05,20.2
04/30/2012,25.01,24.78,23.36,21.85,20.1
04/23/2012,24.99,24.68,23.13,21.62,20.01
04/16/2012,24.64,24.39,22.82,21.34,19.9
04/09/2012,24.72,24.17,22.56,21.1,19.81
04/02/2012,24.83,23.97,22.28,20.9,19.74
03/26/2012,24.56,23.66,21.98,20.67,19.64
03/19/2012,24.37,23.34,21.67,20.44,19.56
03/12/2012,24.13,23.04,21.35,20.24,19.47
03/05/2012,23.61,22.65,20.99,20.0,19.35
02/27/2012,23.11,22.29,20.63,19.77,19.25
02/20/2012,22.77,21.94,20.38,19.57,19.16
02/13/2012,22.32,21.57,20.1,19.36,19.07
02/06/2012,21.95,21.26,19.82,19.22,18.98
01/30/2012,21.69,20.95,19.57,19.09,18.89
01/23/2012,21.48,20.59,19.37,19.0,18.81
01/16/2012,21.11,20.3,19.17,18.9,18.73
01/09/2012,20.83,20.0,18.99,18.8,18.66
01/02/2012,20.57,19.66,18.84,18.69,18.59
12/26/2011,20.22,19.33,18.67,18.59,18.53
12/19/2011,19.7,18.96,18.51,18.49,18.47
12/12/2011,19.49,18.83,18.38,18.44,18.41
12/05/2011,19.18,18.62,18.25,18.39,18.36
11/28/2011,18.75,18.39,18.19,18.34,18.3
11/21/2011,18.44,18.18,18.16,18.29,18.25
11/14/2011,18.22,18.16,18.2,18.3,18.2
11/07/2011,18.16,18.03,18.21,18.27,18.14
10/31/2011,18.06,17.98,18.2,18.27,18.09
10/24/2011,18.02,18.01,18.21,18.3,18.05
10/17/2011,17.92,18.01,18.22,18.32,18.0
10/10/2011,18.09,18.05,18.25,18.35,17.96
10/03/2011,17.91,17.94,18.24,18.36,17.9
09/26/2011,17.9,17.89,18.27,18.41,17.87
09/19/2011,18.0,18.0,18.32,18.46,17.85
09/12/2011,18.09,18.15,18.35,18.52,17.83
09/05/2011,18.01,18.25,18.37,18.57,17.8
08/29/2011,17.97,18.38,18.39,18.62,17.77
08/22/2011,17.87,18.42,18.42,18.68,17.74
08/15/2011,18.0,18.41,18.44,18.69,17.69
08/08/2011,18.2,18.43,18.48,18.7,17.67
08/01/2011,18.48,18.45,18.49,18.74,17.63
07/25/2011,18.78,18.55,18.57,18.76,17.58
07/18/2011,18.98,18.65,18.67,18.78,17.53
07/11/2011,18.81,18.63,18.69,18.74,17.45
07/04/2011,18.66,18.56,18.71,18.68,17.37
06/27/2011,18.43,18.5,18.73,18.62,17.31
06/20/2011,18.31,18.41,18.74,18.56,17.23
06/13/2011,18.31,18.42,18.8,18.52,17.19
06/06/2011,18.46,18.48,18.84,18.49,17.15
05/30/2011,18.46,18.53,18.83,18.47,17.12
05/23/2011,18.57,18.53,18.88,18.45,17.08
05/16/2011,18.51,18.59,18.86,18.39,17.03
05/09/2011,18.52,18.68,18.85,18.33,16.98
05/02/2011,18.5,18.75,18.79,18.26,16.92
04/25/2011,18.61,18.87,18.75,18.2,16.87
04/18/2011,18.49,18.95,18.69,18.11,16.8
04/11/2011,18.68,19.07,18.63,18.02,16.74
04/04/2011,18.85,19.19,18.56,17.91,16.67
03/28/2011,19.0,19.19,18.49,17.8,16.6
03/21/2011,19.13,19.13,18.44,17.68,16.52
03/14/2011,19.42,19.23,18.41,17.58,16.45
03/07/2011,19.47,19.13,18.29,17.44,16.37
02/28/2011,19.54,19.01,18.15,17.34,16.29
02/21/2011,19.39,18.82,18.01,17.24,16.24
02/14/2011,19.12,18.63,17.86,17.14,16.18
02/07/2011,19.05,18.42,17.68,17.03,16.13
01/31/2011,18.78,18.19,17.49,16.92,16.07
01/24/2011,18.48,17.94,17.27,16.8,15.99
01/17/2011,18.26,17.79,17.1,16.69,15.93
01/10/2011,18.13,17.75,16.96,16.65,15.86
01/03/2011,17.78,17.59,16.75,16.51,15.77
12/27/2010,17.59,17.46,16.6,16.4,15.7
12/20/2010,17.39,17.3,16.5,16.27,15.63
12/13/2010,17.32,17.2,16.45,16.17,15.55
12/06/2010,17.36,17.1,16.4,16.06,15.49
11/29/2010,17.4,16.95,16.33,15.99,15.43
11/22/2010,17.32,16.79,16.29,15.91,15.38
11/15/2010,17.2,16.61,16.23,15.86,15.33
11/08/2010,17.08,16.42,16.14,15.82,15.27
11/01/2010,16.83,16.18,16.11,15.77,15.2
10/25/2010,16.49,15.91,15.98,15.71,15.13
10/18/2010,16.25,15.73,15.87,15.68,15.07
10/11/2010,16.02,15.71,15.76,15.64,15.01
10/04/2010,15.76,15.71,15.65,15.59,14.97
09/27/2010,15.52,15.71,15.54,15.54,14.91
09/20/2010,15.33,15.72,15.52,15.5,14.87
09/13/2010,15.22,15.79,15.47,15.47,14.83
09/06/2010,15.4,15.85,15.49,15.44,14.8
08/30/2010,15.66,15.87,15.52,15.4,14.78
08/23/2010,15.9,16.04,15.57,15.36,14.76
08/16/2010,16.12,16.04,15.61,15.33,14.74
08/09/2010,16.35,16.01,15.65,15.3,14.73
08/02/2010,16.29,15.81,15.6,15.25,14.68
07/26/2010,16.07,15.6,15.52,15.23,14.62
07/19/2010,16.17,15.37,15.46,15.22,14.55
07/12/2010,15.97,15.31,15.39,15.22,14.48
07/05/2010,15.68,15.15,15.31,15.23,14.46
06/28/2010,15.32,15.13,15.23,15.19,14.39
06/21/2010,15.12,15.18,15.17,15.16,14.33
06/14/2010,14.57,15.1,15.03,15.07,14.25
06/07/2010,14.66,15.17,14.97,15.03,14.19
05/31/2010,14.62,15.28,14.95,15.0,14.16
05/24/2010,14.93,15.39,14.97,14.98,14.1
05/17/2010,15.24,15.45,15.04,14.94,14.03
05/10/2010,15.63,15.55,15.14,14.92,13.95
05/03/2010,15.69,15.48,15.18,14.87,13.85
04/26/2010,15.94,15.47,15.27,14.86,13.77
04/19/2010,15.85,15.33,15.22,14.79,13.67
04/12/2010,15.66,15.16,15.15,14.71,13.57
04/05/2010,15.48,14.96,15.06,14.63,13.45
03/29/2010,15.26,14.77,14.96,14.56,13.35
03/22/2010,14.99,14.62,14.86,14.47,13.26
03/15/2010,14.82,14.56,14.78,14.39,13.17
03/08/2010,14.65,14.64,14.69,14.35,13.09
03/01/2010,14.44,14.73,14.6,14.28,13.0
02/22/2010,14.28,14.88,14.57,14.23,12.91
02/15/2010,14.25,15.07,14.56,14.18,12.84
02/08/2010,14.3,15.1,14.52,14.17,12.76
02/01/2010,14.62,15.15,14.49,14.16,12.67
01/25/2010,15.03,15.16,14.47,14.15,12.6
01/18/2010,15.48,15.15,14.45,14.15,12.52
01/11/2010,15.89,15.1,14.39,14.15,12.44
01/04/2010,15.9,15.0,14.31,14.1,12.34
12/28/2009,15.67,14.74,14.2,14.01,12.25
12/21/2009,15.3,14.48,14.06,13.89,12.16
12/14/2009,14.82,14.26,13.91,13.75,12.07
12/07/2009,14.3,14.04,13.74,13.69,11.98
11/30/2009,14.09,13.93,13.7,13.6,11.91
11/23/2009,13.8,13.84,13.67,13.5,11.85
11/16/2009,13.65,13.78,13.64,13.43,11.8
11/09/2009,13.69,13.74,13.65,13.35,11.77
11/02/2009,13.78,13.68,13.68,13.32,11.74
10/26/2009,13.77,13.62,13.65,13.22,11.75
10/19/2009,13.87,13.67,13.64,13.12,11.76
10/12/2009,13.91,13.64,13.6,12.99,11.77
10/05/2009,13.79,13.55,13.49,12.83,11.74
09/28/2009,13.58,13.44,13.52,12.68,11.73
09/21/2009,13.47,13.47,13.43,12.55,11.71
09/14/2009,13.46,13.51,13.33,12.42,11.7
09/07/2009,13.36,13.5,13.25,12.27,11.66
08/31/2009,13.32,13.56,13.15,12.15,11.63
08/24/2009,13.29,13.67,13.14,12.05,11.6
08/17/2009,13.47,13.68,13.02,11.95,11.59
08/10/2009,13.56,13.62,12.85,11.83,11.56
08/03/2009,13.65,13.55,12.66,11.71,11.53
07/27/2009,13.8,13.43,12.47,11.6,11.54
07/20/2009,14.04,13.6,12.31,11.49,11.55
07/13/2009,13.9,13.39,12.09,11.34,11.54
07/06/2009,13.67,13.16,11.88,11.18,11.52
06/29/2009,13.46,12.99,11.65,11.05,11.51
06/22/2009,13.05,12.74,11.45,10.9,11.48
06/15/2009,13.15,12.62,11.25,10.74,11.47
06/08/2009,12.89,12.36,11.09,10.59,11.47
06/01/2009,12.64,12.08,10.93,10.5,11.46
05/25/2009,12.52,11.77,10.79,10.43,11.46
05/18/2009,12.44,11.51,10.68,10.39,11.48
05/11/2009,12.09,11.02,10.43,10.27,11.46
05/04/2009,11.84,10.79,10.32,10.22,11.47
04/27/2009,11.52,10.6,10.18,10.2,11.5
04/20/2009,11.02,10.3,10.08,10.18,11.52
04/13/2009,10.58,10.16,9.97,10.2,11.55
04/06/2009,9.95,9.88,9.8,10.16,11.55
03/30/2009,9.74,9.81,9.7,10.27,11.6
03/23/2009,9.67,9.79,9.71,10.4,11.65
03/16/2009,9.59,9.81,9.76,10.55,11.72
03/09/2009,9.73,9.85,9.84,10.66,11.8
03/02/2009,9.8,9.85,9.89,10.78,11.86
02/23/2009,9.88,9.85,9.93,10.86,11.93
02/16/2009,9.9,9.77,10.0,10.97,11.99
02/09/2009,10.03,9.85,10.12,11.06,12.07
02/02/2009,9.97,9.78,10.21,11.11,12.13
01/26/2009,9.89,9.72,10.3,11.16,12.2
01/19/2009,9.82,9.59,10.5,11.22,12.27
01/12/2009,9.64,9.64,10.7,11.29,12.34
01/05/2009,9.68,9.71,10.91,11.36,12.42
12/29/2008,9.6,9.82,11.06,11.49,12.5
12/22/2008,9.55,9.94,11.25,11.61,12.58
12/15/2008,9.36,10.02,11.37,11.74,12.66
12/08/2008,9.64,10.22,11.57,11.87,12.76
12/01/2008,9.74,10.38,11.67,11.98,12.84
11/24/2008,10.04,10.65,11.77,12.07,0.0
11/17/2008,10.33,10.89,11.87,12.2,0.0
11/10/2008,10.67,11.4,12.03,12.36,0.0
11/03/2008,10.8,11.76,12.11,12.41,0.0
10/27/2008,11.03,12.12,12.18,12.49,0.0
10/20/2008,11.25,12.31,12.32,12.57,0.0
10/13/2008,11.44,12.55,12.45,12.64,0.0
10/06/2008,12.14,12.72,12.6,12.72,0.0
09/29/2008,12.72,12.92,12.69,12.8,0.0
09/22/2008,13.21,12.95,12.77,12.87,0.0
09/15/2008,13.37,12.89,12.79,12.9,0.0
09/08/2008,13.67,12.86,12.86,12.95,0.0
09/01/2008,13.3,12.66,12.83,12.93,0.0
08/25/2008,13.12,12.46,12.74,12.91,0.0
08/18/2008,12.69,12.24,12.68,12.9,0.0
08/11/2008,12.41,12.33,12.7,12.93,0.0
08/04/2008,12.06,12.34,12.69,12.93,0.0
07/28/2008,12.02,12.48,12.72,12.99,0.0
07/21/2008,11.81,12.47,12.74,13.02,0.0
07/14/2008,11.79,12.6,12.83,13.07,0.0
07/07/2008,12.25,12.69,12.91,13.16,0.0
06/30/2008,12.62,12.86,12.99,13.25,0.0
06/23/2008,12.93,13.01,13.06,13.32,0.0
06/16/2008,13.12,13.01,13.14,13.39,0.0
06/09/2008,13.4,13.11,13.23,13.49,0.0
06/02/2008,13.13,13.07,13.23,13.51,0.0
05/26/2008,13.1,13.04,13.23,13.55,0.0
05/19/2008,13.08,12.97,13.25,13.59,0.0
05/12/2008,12.9,13.02,13.29,13.65,0.0
05/05/2008,12.83,13.06,13.31,13.71,0.0
04/28/2008,13.0,13.13,13.4,0.0,0.0
04/21/2008,12.98,13.13,13.44,0.0,0.0
04/14/2008,12.85,13.12,13.48,0.0,0.0
04/07/2008,13.14,13.27,13.59,0.0,0.0
03/31/2008,13.28,13.35,13.67,0.0,0.0
03/24/2008,13.26,13.4,13.73,0.0,0.0
03/17/2008,13.27,13.42,13.81,0.0,0.0
03/10/2008,13.38,13.54,13.9,0.0,0.0
03/03/2008,13.4,13.56,13.97,0.0,0.0
02/25/2008,13.43,13.57,14.04,0.0,0.0
02/18/2008,13.54,13.66,0.0,0.0,0.0
02/11/2008,13.57,13.76,0.0,0.0,0.0
02/04/2008,13.7,13.85,0.0,0.0,0.0
01/28/2008,13.73,13.91,0.0,0.0,0.0
01/21/2008,13.72,13.99,0.0,0.0,0.0
01/14/2008,13.79,14.07,0.0,0.0,0.0
01/07/2008,13.94,14.19,0.0,0.0,0.0
12/31/2007,14.0,14.26,0.0,0.0,0.0
12/24/2007,14.09,14.37,0.0,0.0,0.0
12/17/2007,14.26,14.51,0.0,0.0,0.0
12/10/2007,14.34,0.0,0.0,0.0,0.0
12/03/2007,14.45,0.0,0.0,0.0,0.0
11/26/2007,14.52,0.0,0.0,0.0,0.0
11/19/2007,14.66,0.0,0.0,0.0,0.0
11/12/2007,14.76,0.0,0.0,0.0,0.0
11/05/2007,0.0,0.0,0.0,0.0,0.0
10/29/2007,0.0,0.0,0.0,0.0,0.0
10/22/2007,0.0,0.0,0.0,0.0,0.0
10/15/2007,0.0,0.0,0.0,0.0,0.0
