12/26/2022,1.59,1.59,1.9,2.12,2.82
12/19/2022,1.61,1.62,1.99,2.15,2.9
12/12/2022,1.6,1.63,2.07,2.18,2.97
12/05/2022,1.58,1.66,2.13,2.2,3.05
11/28/2022,1.54,1.7,2.19,2.23,3.13
11/21/2022,1.59,1.74,2.25,2.27,3.21
11/14/2022,1.63,1.83,2.33,2.31,3.3
11/07/2022,1.67,1.92,2.34,2.37,3.39
10/31/2022,1.75,1.99,2.35,2.42,3.49
10/24/2022,1.85,2.1,2.37,2.48,3.59
10/17/2022,1.89,2.21,2.38,2.55,3.69
10/10/2022,2.02,2.36,2.42,2.62,3.79
10/03/2022,2.18,2.51,2.45,2.69,3.88
09/26/2022,2.24,2.61,2.47,2.75,3.98
09/19/2022,2.34,2.69,2.5,2.81,4.07
09/12/2022,2.53,2.76,2.53,2.85,4.17
09/05/2022,2.71,2.84,2.56,2.87,4.26
08/29/2022,2.85,2.76,2.59,2.88,4.34
08/22/2022,2.97,2.71,2.64,2.91,4.44
08/15/2022,3.03,2.64,2.68,2.92,4.55
08/08/2022,3.0,2.56,2.72,2.92,4.65
08/01/2022,2.97,2.47,2.75,2.93,4.74
07/25/2022,2.68,2.39,2.78,2.95,4.83
07/18/2022,2.44,2.34,2.83,2.98,4.92
07/11/2022,2.24,2.31,2.88,3.01,5.03
07/04/2022,2.12,2.3,2.9,3.06,5.11
06/27/2022,1.97,2.28,2.89,3.11,5.17
06/20/2022,2.1,2.41,2.94,3.2,5.27
06/13/2022,2.24,2.57,3.01,3.29,5.38
06/06/2022,2.37,2.72,3.06,3.4,5.5
05/30/2022,2.48,2.88,3.1,3.52,5.61
05/23/2022,2.59,3.03,3.17,3.64,5.73
05/16/2022,2.73,3.18,3.24,3.77,5.85
05/09/2022,2.89,3.31,3.29,3.89,5.96
05/02/2022,3.06,3.45,3.37,4.02,6.1
04/25/2022,3.27,3.5,3.44,4.15,6.25
04/18/2022,3.47,3.5,3.52,4.28,6.38
04/11/2022,3.64,3.46,3.59,4.41,6.54
04/04/2022,3.73,3.45,3.66,4.55,6.72
03/28/2022,3.83,3.4,3.74,4.7,6.99
03/21/2022,3.72,3.31,3.84,4.84,7.18
03/14/2022,3.53,3.3,3.95,4.96,7.33
03/07/2022,3.29,3.29,4.06,5.07,7.5
02/28/2022,3.17,3.27,4.18,5.2,7.67
02/21/2022,2.97,3.29,4.31,5.33,7.82
02/14/2022,2.91,3.39,4.48,5.48,7.97
02/07/2022,3.08,3.55,4.67,5.64,8.19
01/31/2022,3.29,3.71,4.89,5.81,8.31
01/24/2022,3.38,3.86,5.11,5.98,8.39
01/17/2022,3.6,4.08,5.35,6.17,8.47
01/10/2022,3.86,4.37,5.6,6.39,8.58
01/03/2022,4.02,4.6,5.79,6.55,8.66
12/27/2021,4.14,4.84,5.96,6.71,8.75
12/20/2021,4.35,5.09,6.17,6.87,8.85
12/13/2021,4.55,5.33,6.35,7.05,8.93
12/06/2021,4.87,5.57,6.53,7.16,9.03
11/29/2021,5.17,5.8,6.69,7.23,9.12
11/22/2021,5.54,6.06,6.85,7.34,9.19
11/15/2021,5.82,6.35,7.04,7.46,9.24
11/08/2021,6.11,6.62,7.22,7.61,9.26
11/01/2021,6.26,6.83,7.4,7.7,9.28
10/25/2021,6.43,6.99,7.52,7.81,9.3
10/18/2021,6.59,7.08,7.64,7.93,9.31
10/11/2021,6.87,7.25,7.76,8.03,9.35
10/04/2021,7.13,7.37,7.91,8.18,9.37
09/27/2021,7.4,7.49,7.95,8.35,9.5
09/20/2021,7.54,7.58,7.95,8.48,9.62
09/13/2021,7.57,7.64,7.97,8.67,9.72
09/06/2021,7.62,7.74,8.02,8.89,9.82
08/30/2021,7.61,7.82,8.1,9.28,9.92
08/23/2021,7.58,7.96,8.13,9.52,9.99
08/16/2021,7.61,8.06,8.22,9.69,10.07
08/09/2021,7.72,8.2,8.35,9.93,10.11
08/02/2021,7.85,8.27,8.43,10.14,10.17
07/26/2021,8.03,8.44,8.58,10.31,10.23
07/19/2021,8.34,8.41,8.79,10.46,10.32
07/12/2021,8.5,8.32,8.93,10.73,10.4
07/05/2021,8.69,8.3,9.19,10.82,10.52
06/28/2021,8.7,8.31,9.47,10.79,10.57
06/21/2021,8.86,8.39,10.01,10.78,10.61
06/14/2021,8.49,8.31,10.3,10.77,10.59
06/07/2021,8.14,8.38,10.51,10.78,10.57
05/31/2021,7.91,8.49,10.79,10.8,10.54
05/24/2021,7.92,8.58,11.07,10.83,10.51
05/17/2021,7.91,8.72,11.24,10.81,10.44
05/10/2021,8.12,9.16,11.48,10.91,10.41
05/03/2021,8.63,9.54,11.94,11.0,10.38
04/26/2021,9.08,10.07,12.08,11.05,10.34
04/19/2021,9.25,10.64,12.04,11.01,10.3
04/12/2021,9.53,11.64,11.97,10.91,10.25
04/05/2021,10.19,12.29,12.0,10.87,10.22
03/29/2021,10.46,12.64,11.98,10.78,10.18
03/22/2021,11.07,13.1,11.96,10.69,10.13
03/15/2021,12.03,13.55,11.96,10.66,10.08
03/08/2021,13.76,13.75,11.85,10.56,10.02
03/01/2021,14.39,13.81,11.78,10.64,9.97
02/22/2021,14.82,14.34,11.73,10.76,9.95
02/15/2021,15.12,14.09,11.55,10.77,9.86
02/08/2021,15.07,13.44,11.19,10.74,9.76
02/01/2021,13.75,12.3,10.54,10.55,9.59
01/25/2021,13.22,11.71,10.16,10.46,9.5
01/18/2021,13.86,11.33,9.85,10.45,9.45
01/11/2021,13.06,10.82,9.48,10.29,9.39
01/04/2021,11.8,10.37,9.22,10.2,9.3
12/28/2020,10.86,9.95,8.96,10.15,9.24
12/21/2020,10.2,9.75,9.05,10.18,9.16
12/14/2020,8.8,9.12,8.97,10.07,9.03
12/07/2020,8.58,9.0,9.11,10.22,8.94
11/30/2020,8.93,8.95,9.4,10.35,8.91
11/23/2020,9.04,8.78,9.68,10.45,8.87
11/16/2020,9.31,8.6,9.83,10.42,8.81
11/09/2020,9.45,8.38,10.01,10.36,8.75
11/02/2020,9.42,8.14,10.03,10.28,8.69
10/26/2020,8.97,8.07,10.11,10.18,8.63
10/19/2020,8.53,7.98,10.25,10.07,8.57
10/12/2020,7.9,8.36,10.39,9.91,8.49
10/05/2020,7.31,8.81,10.54,9.76,8.42
09/28/2020,6.86,9.22,10.83,9.62,8.37
09/21/2020,7.17,9.84,11.05,9.58,8.34
09/14/2020,7.43,10.57,11.29,9.59,8.37
09/07/2020,8.81,11.06,11.33,9.58,8.39
08/31/2020,10.3,11.63,11.36,9.58,8.43
08/24/2020,11.58,11.91,11.35,9.57,8.49
08/17/2020,12.51,12.15,11.23,9.49,8.5
08/10/2020,13.71,12.51,11.11,9.47,8.55
08/03/2020,13.3,12.43,10.69,9.31,8.46
07/27/2020,12.96,12.28,10.24,9.14,8.39
07/20/2020,12.25,12.45,9.82,8.96,8.32
07/13/2020,11.79,12.26,9.45,8.78,8.28
07/06/2020,11.31,12.01,9.09,8.62,8.21
06/29/2020,11.56,11.59,8.84,8.55,8.34
06/22/2020,11.6,11.08,8.55,8.46,8.46
06/15/2020,12.65,10.79,8.4,8.48,8.64
06/08/2020,12.72,10.31,8.16,8.41,8.79
06/01/2020,12.7,9.71,7.96,8.33,8.94
05/25/2020,11.62,8.95,7.75,8.14,9.05
05/18/2020,10.56,8.19,7.57,7.99,9.18
05/11/2020,8.92,7.19,7.21,7.66,9.26
05/04/2020,7.9,6.65,7.04,7.47,9.43
04/27/2020,6.72,6.18,6.93,7.28,9.59
04/20/2020,6.29,6.09,7.03,7.2,9.8
04/13/2020,5.82,6.03,7.16,7.14,10.05
04/06/2020,5.46,6.01,7.33,7.1,10.32
03/30/2020,5.41,6.0,7.46,7.08,10.57
03/23/2020,5.64,6.2,7.64,7.08,10.81
03/16/2020,5.89,6.54,7.74,7.06,11.05
03/09/2020,6.23,6.94,7.88,7.08,11.31
03/02/2020,6.55,7.24,7.9,7.11,11.57
02/24/2020,6.6,7.43,7.88,7.09,11.82
02/17/2020,6.77,7.68,7.83,7.14,12.05
02/10/2020,7.19,7.97,7.76,7.2,12.27
02/03/2020,7.65,8.29,7.7,7.28,12.47
01/27/2020,7.92,8.65,7.65,7.41,12.7
01/20/2020,8.26,8.92,7.62,7.52,12.94
01/13/2020,8.6,9.07,7.52,7.62,13.14
01/06/2020,8.75,8.93,7.32,7.61,13.33
12/30/2019,8.92,8.82,7.15,7.64,13.53
12/23/2019,9.37,8.57,7.05,7.68,13.78
12/16/2019,9.59,8.33,6.92,7.78,14.01
12/09/2019,9.54,7.99,6.88,7.79,14.21
12/02/2019,9.12,7.55,6.82,8.12,14.41
11/25/2019,8.73,7.11,6.78,8.46,14.6
11/18/2019,7.76,6.66,6.79,8.8,14.81
11/11/2019,7.06,6.32,6.82,9.17,15.04
11/04/2019,6.44,5.98,6.9,9.55,15.27
10/28/2019,5.99,5.7,6.95,9.96,15.54
10/21/2019,5.49,5.47,7.04,10.37,15.82
10/14/2019,5.56,5.54,7.24,10.86,16.17
10/07/2019,5.58,5.52,7.51,11.39,16.49
09/30/2019,5.52,5.77,7.69,11.9,16.82
09/23/2019,5.42,6.08,8.4,12.4,17.1
09/16/2019,5.45,6.46,9.14,12.96,17.42
09/09/2019,5.52,6.93,9.86,13.53,17.73
09/02/2019,5.46,7.31,10.59,14.05,18.06
08/26/2019,6.02,7.83,11.33,14.54,18.42
08/19/2019,6.74,8.2,12.09,15.05,18.8
08/12/2019,7.46,8.61,12.82,15.53,19.18
08/05/2019,8.34,8.94,13.52,16.02,19.57
07/29/2019,9.16,9.5,14.32,16.56,19.99
07/22/2019,9.64,9.62,14.97,16.96,20.31
07/15/2019,9.65,10.73,15.57,17.33,20.65
07/08/2019,9.77,11.83,16.22,17.66,21.13
07/01/2019,9.53,12.8,16.83,17.99,21.53
06/24/2019,9.84,13.86,17.42,18.36,21.86
06/17/2019,9.6,14.84,17.9,18.66,22.08
06/10/2019,11.8,15.98,18.47,19.05,22.35
06/03/2019,13.89,17.02,18.99,19.43,22.58
05/27/2019,16.06,18.1,19.57,19.88,22.77
05/20/2019,17.89,19.15,20.08,20.23,22.9
05/13/2019,20.07,20.32,20.63,20.62,23.09
05/06/2019,20.16,20.4,20.63,20.69,23.1
04/29/2019,20.16,20.6,20.58,20.74,23.13
04/22/2019,20.13,20.86,20.59,20.82,23.19
04/15/2019,20.41,20.98,20.61,20.91,23.23
04/08/2019,20.57,20.96,20.57,21.0,23.23
04/01/2019,20.65,20.96,20.58,21.12,23.26
03/25/2019,21.05,20.96,20.63,21.28,23.33
03/18/2019,21.6,21.04,20.78,21.48,23.47
03/11/2019,21.56,21.02,20.78,21.6,23.57
03/04/2019,21.36,20.94,20.78,21.74,23.69
02/25/2019,21.28,20.86,20.84,21.8,23.81
02/18/2019,20.88,20.56,20.81,21.88,23.9
02/11/2019,20.48,20.31,20.8,21.94,23.97
02/04/2019,20.48,20.23,20.88,22.08,24.1
01/28/2019,20.52,20.17,21.02,22.3,24.23
01/21/2019,20.44,20.19,21.21,22.56,24.36
01/14/2019,20.24,20.29,21.44,22.82,24.57
01/07/2019,20.14,20.51,21.7,23.12,24.74
12/31/2018,19.98,20.53,21.89,23.42,24.87
12/24/2018,19.82,20.61,22.14,23.66,25.05
12/17/2018,19.94,20.81,22.28,23.97,25.24
12/10/2018,20.34,21.05,22.55,24.59,25.43
12/03/2018,20.88,21.28,22.75,25.06,25.63
11/26/2018,21.08,21.52,23.0,25.35,25.81
11/19/2018,21.4,21.86,23.37,25.51,26.17
11/12/2018,21.68,22.22,23.74,25.66,26.57
11/05/2018,21.76,22.58,24.08,25.74,26.87
10/29/2018,21.68,22.88,24.43,25.66,27.2
10/22/2018,21.96,23.24,24.86,25.58,27.56
10/15/2018,22.32,23.66,25.19,25.56,27.89
10/08/2018,22.76,23.74,25.55,25.52,28.19
10/01/2018,23.4,24.04,26.36,25.53,28.44
09/24/2018,24.08,24.22,26.95,25.57,28.77
09/17/2018,24.52,24.48,27.27,25.55,29.12
09/10/2018,25.0,24.88,27.33,25.46,29.52
09/03/2018,24.72,25.26,27.39,25.39,29.91
08/27/2018,24.68,25.58,27.33,25.38,30.38
08/20/2018,24.36,25.98,27.05,25.46,30.85
08/13/2018,24.44,26.48,26.75,25.54,31.31
08/06/2018,24.76,26.72,26.52,25.64,31.81
07/30/2018,25.8,27.36,26.41,25.82,32.3
07/23/2018,26.48,28.68,26.28,25.92,32.79
07/16/2018,27.6,29.68,26.25,26.0,33.38
07/09/2018,28.52,30.06,26.09,26.12,33.93
07/02/2018,28.68,29.78,25.76,26.16,34.41
06/25/2018,28.92,29.51,25.46,26.16,34.89
06/18/2018,30.88,29.07,25.29,26.33,35.33
06/11/2018,31.76,28.11,25.21,26.35,35.8
06/04/2018,31.6,27.01,25.08,26.32,36.2
05/28/2018,30.88,26.31,25.11,26.43,36.68
05/21/2018,30.1,25.45,25.05,26.5,37.22
05/14/2018,27.26,23.87,24.54,26.27,37.65
05/07/2018,24.46,22.81,24.17,26.2,38.09
04/30/2018,22.42,22.11,24.15,26.26,38.68
04/23/2018,21.74,21.73,24.36,26.82,39.25
04/16/2018,20.8,21.4,24.49,27.47,39.84
04/09/2018,20.48,21.5,24.96,27.99,40.43
04/02/2018,21.16,22.3,25.47,28.73,41.09
03/26/2018,21.8,23.14,25.98,29.54,41.83
03/19/2018,21.72,23.9,26.49,30.22,42.72
03/12/2018,22.0,24.64,27.03,30.85,43.59
03/05/2018,22.52,25.2,27.47,31.35,44.4
02/26/2018,23.44,25.52,27.9,31.97,45.24
02/19/2018,24.48,26.18,28.34,32.69,46.1
02/12/2018,26.08,26.98,29.37,33.58,46.9
02/05/2018,27.28,27.58,30.5,34.43,47.78
01/29/2018,27.88,28.42,31.24,35.37,48.61
01/22/2018,27.6,28.64,31.95,36.24,49.25
01/15/2018,27.88,28.82,32.74,37.07,49.77
01/08/2018,27.88,29.08,33.38,37.97,50.39
01/01/2018,27.88,29.42,33.96,38.79,50.99
12/25/2017,28.96,29.74,34.43,39.66,51.63
12/18/2017,29.68,30.28,35.19,40.75,52.12
12/11/2017,29.76,30.5,35.95,41.74,52.5
12/04/2017,30.28,31.76,36.88,42.66,53.02
11/27/2017,30.96,33.42,37.86,43.61,53.81
11/20/2017,30.52,34.06,38.84,44.32,54.5
11/13/2017,30.88,35.26,40.04,45.24,55.26
11/06/2017,31.24,36.66,41.2,46.07,56.09
10/30/2017,33.24,37.68,42.42,46.93,56.93
10/23/2017,35.88,38.5,43.47,47.93,57.71
10/16/2017,37.6,39.12,44.62,49.03,58.49
10/09/2017,39.64,40.1,45.98,49.97,59.24
10/02/2017,42.08,41.4,47.36,51.1,60.06
09/25/2017,42.12,42.0,48.11,51.68,60.9
09/18/2017,41.12,42.3,48.71,52.21,61.68
09/11/2017,40.64,43.62,49.45,52.87,62.45
09/04/2017,40.56,44.82,50.23,53.44,63.09
08/28/2017,40.72,45.74,50.77,54.12,63.66
08/21/2017,41.88,47.16,51.55,55.22,64.27
08/14/2017,43.48,48.44,52.65,56.33,64.89
08/07/2017,46.6,50.12,53.98,57.44,65.39
07/31/2017,49.08,51.86,54.91,58.51,65.73
07/24/2017,50.76,53.32,55.95,59.51,66.02
07/17/2017,52.44,54.22,56.52,60.21,66.18
07/10/2017,53.4,55.12,57.16,61.12,66.33
07/03/2017,53.64,55.28,57.5,61.86,66.3
06/26/2017,54.64,55.64,57.75,62.25,66.22
06/19/2017,55.88,55.8,58.31,62.46,66.22
06/12/2017,56.0,55.94,59.25,62.81,66.21
06/05/2017,56.84,56.86,60.28,63.19,66.26
05/29/2017,56.92,57.84,61.1,63.61,66.28
05/22/2017,56.64,57.96,61.83,63.49,66.05
05/15/2017,55.72,58.58,62.61,63.26,65.8
05/08/2017,55.88,58.82,63.21,63.39,65.57
05/01/2017,56.88,59.2,64.12,64.01,65.36
04/24/2017,58.76,59.72,65.15,64.68,65.23
04/17/2017,59.28,59.86,65.56,65.27,65.07
04/10/2017,61.44,60.82,65.79,66.11,64.89
04/03/2017,61.76,62.56,66.25,66.93,64.65
03/27/2017,61.52,63.7,66.35,67.49,64.25
03/20/2017,60.68,64.36,66.49,67.95,63.89
03/13/2017,60.44,65.7,66.25,68.51,63.53
03/06/2017,60.2,66.64,65.6,69.01,63.12
02/27/2017,63.36,67.6,65.67,70.12,62.78
02/20/2017,65.88,69.04,66.42,71.15,62.5
02/13/2017,68.04,70.58,67.16,72.02,62.34
02/06/2017,70.96,71.26,67.98,72.75,62.26
01/30/2017,73.08,70.76,68.76,73.21,62.15
01/23/2017,71.84,69.94,69.11,73.33,61.85
01/16/2017,72.2,69.0,69.38,73.44,61.69
01/09/2017,73.12,68.62,69.74,73.33,61.65
01/02/2017,71.56,66.8,69.92,72.95,61.41
12/26/2016,68.44,64.56,70.2,72.53,61.15
12/19/2016,68.04,63.74,71.38,72.15,61.12
12/12/2016,65.8,63.8,72.2,71.54,60.88
12/05/2016,64.12,63.74,72.74,70.75,60.71
11/28/2016,62.04,64.7,73.49,70.19,60.69
11/21/2016,60.68,66.76,74.43,69.98,60.78
11/14/2016,59.44,68.28,75.02,69.6,60.6
11/07/2016,61.8,69.76,75.66,69.34,60.65
10/31/2016,63.36,70.86,75.69,68.95,60.87
10/24/2016,67.36,73.04,76.02,68.61,60.85
10/17/2016,72.84,75.84,76.52,68.35,60.83
10/10/2016,77.12,79.02,76.36,67.75,60.68
10/03/2016,77.72,80.6,75.41,66.7,60.14
09/26/2016,78.36,81.74,74.25,65.79,59.78
09/19/2016,78.72,82.28,72.94,64.86,59.48
09/12/2016,78.84,82.1,71.59,63.67,59.29
09/05/2016,80.92,81.76,70.26,62.37,59.09
08/29/2016,83.48,81.56,69.13,61.02,59.08
08/22/2016,85.12,80.52,67.99,59.83,59.07
08/15/2016,85.84,79.0,66.4,58.55,59.02
08/08/2016,85.36,77.2,64.6,57.23,59.0
08/01/2016,82.6,73.7,62.11,55.44,59.04
07/25/2016,79.64,70.22,59.75,53.85,59.35
07/18/2016,75.92,66.76,57.81,52.65,59.61
07/11/2016,72.16,63.6,56.15,51.77,59.92
07/04/2016,69.04,61.08,54.46,51.1,60.18
06/27/2016,64.8,58.76,52.67,50.38,60.4
06/20/2016,60.8,56.7,50.75,49.94,60.68
06/13/2016,57.6,55.46,49.49,49.97,61.15
06/06/2016,55.04,53.8,48.33,49.87,61.84
05/30/2016,53.12,52.0,47.25,49.77,62.33
05/23/2016,52.72,50.52,46.31,50.09,62.77
05/16/2016,52.6,49.28,45.66,50.22,63.08
05/09/2016,53.32,48.86,45.6,50.67,63.45
05/02/2016,52.56,48.7,45.86,51.18,64.02
04/25/2016,50.88,47.84,46.11,51.58,64.71
04/18/2016,48.32,46.58,46.19,51.6,65.67
04/11/2016,45.96,44.8,46.56,51.97,66.72
04/04/2016,44.4,43.52,47.22,52.8,67.94
03/28/2016,44.84,42.86,47.91,53.09,69.29
03/21/2016,44.8,42.5,48.66,53.31,70.58
03/14/2016,44.84,42.1,49.87,53.61,72.03
03/07/2016,43.64,42.04,50.69,53.58,73.41
02/29/2016,42.64,42.34,51.57,53.77,74.68
02/22/2016,40.88,43.02,52.42,54.11,76.22
02/15/2016,40.2,44.38,53.45,54.9,77.92
02/08/2016,39.36,45.8,54.11,55.82,79.61
02/01/2016,40.44,48.32,55.55,57.15,81.4
01/25/2016,42.04,50.92,57.44,58.3,82.82
01/18/2016,45.16,52.96,58.2,59.49,84.19
01/11/2016,48.56,54.82,58.71,60.76,85.62
01/04/2016,52.24,57.64,59.37,62.63,87.09
12/28/2015,56.2,59.34,59.35,64.86,88.52
12/21/2015,59.8,60.8,59.48,66.56,90.02
12/14/2015,60.76,61.82,59.65,68.07,91.28
12/07/2015,61.08,62.52,60.16,69.26,92.3
11/30/2015,63.04,62.42,60.83,70.42,93.43
11/23/2015,62.48,62.78,61.56,71.41,94.24
11/16/2015,61.8,63.96,61.99,72.33,95.19
11/09/2015,62.88,63.44,62.75,73.81,96.35
11/02/2015,63.96,62.6,63.73,74.88,97.55
10/26/2015,61.8,61.1,65.13,75.46,98.9
10/19/2015,63.08,59.36,67.62,75.93,100.32
10/12/2015,66.12,58.16,69.44,76.23,101.84
10/05/2015,64.0,57.48,71.2,76.86,103.35
09/28/2015,61.24,57.8,72.63,77.85,104.87
09/21/2015,60.4,59.24,74.42,79.74,106.49
09/14/2015,55.64,60.34,75.73,81.47,107.78
09/07/2015,50.2,60.02,76.52,83.07,109.08
08/31/2015,50.96,62.06,78.99,85.49,110.58
08/24/2015,54.36,64.86,81.02,87.86,112.38
08/17/2015,58.08,69.16,82.64,90.45,114.44
08/10/2015,65.04,75.88,84.22,93.24,116.6
08/03/2015,69.84,80.72,85.26,95.6,118.14
07/27/2015,73.16,84.92,86.55,98.34,119.46
07/20/2015,75.36,87.46,87.87,100.95,120.91
07/13/2015,80.24,89.6,89.99,103.41,122.13
07/06/2015,86.72,91.12,92.03,105.65,123.11
06/29/2015,91.6,93.02,94.6,107.33,123.95
06/22/2015,96.68,95.92,97.2,108.89,124.77
06/15/2015,99.56,97.18,99.36,110.47,125.44
06/08/2015,98.96,96.12,101.1,111.55,125.73
06/01/2015,95.52,92.56,101.92,112.19,126.23
05/25/2015,94.44,89.8,103.04,113.47,126.97
05/18/2015,95.16,88.18,105.05,114.49,127.94
05/11/2015,94.8,88.28,107.69,115.33,128.86
05/04/2015,93.28,90.38,110.31,116.45,130.16
04/27/2015,89.6,92.94,112.91,117.06,131.53
04/20/2015,85.16,96.18,114.49,118.05,133.18
04/13/2015,81.2,98.48,115.37,118.89,134.87
04/06/2015,81.76,101.54,117.12,120.23,136.85
03/30/2015,87.48,106.08,119.27,122.34,138.7
03/23/2015,96.28,111.28,122.0,124.7,140.58
03/16/2015,107.2,116.28,125.31,127.45,142.51
03/09/2015,115.76,121.92,127.65,129.83,144.15
03/02/2015,121.32,127.1,128.86,131.89,146.3
02/23/2015,124.68,130.24,129.48,133.24,148.2
02/16/2015,126.28,132.88,129.12,134.09,149.86
02/09/2015,125.36,132.8,128.99,135.09,150.82
02/02/2015,128.08,132.26,129.09,135.68,151.71
01/26/2015,132.88,132.7,129.57,136.91,152.79
01/19/2015,135.8,132.46,130.47,138.43,153.85
01/12/2015,139.48,132.72,131.41,139.95,154.7
01/05/2015,140.24,134.34,133.03,140.69,155.7
12/29/2014,136.44,133.38,133.79,140.59,157.52
12/22/2014,132.52,130.62,134.28,140.87,157.83
12/15/2014,129.12,128.72,134.74,140.85,157.92
12/08/2014,125.96,125.36,134.7,140.57,157.76
12/01/2014,128.44,125.18,136.23,140.57,157.69
11/24/2014,130.32,125.92,137.39,140.65,157.63
11/17/2014,128.72,126.44,139.01,140.41,157.38
11/10/2014,128.32,128.48,141.42,139.91,157.31
11/03/2014,124.76,130.1,143.57,140.27,157.09
10/27/2014,121.92,131.72,143.86,140.47,156.49
10/20/2014,121.52,134.2,144.19,141.39,156.18
10/13/2014,124.16,137.94,146.0,142.39,156.12
10/06/2014,128.64,140.76,146.91,143.88,155.88
09/29/2014,135.44,144.04,148.17,146.01,155.98
09/22/2014,141.52,147.28,148.26,148.3,155.73
09/15/2014,146.88,148.86,148.02,150.86,155.12
09/08/2014,151.72,151.58,147.4,153.48,155.02
09/01/2014,152.88,154.36,145.62,155.06,154.81
08/25/2014,152.64,157.04,145.36,156.45,154.4
08/18/2014,153.04,156.0,144.84,157.57,153.09
08/11/2014,150.84,154.18,144.98,158.46,151.76
08/04/2014,151.44,154.06,144.61,160.71,150.52
07/28/2014,155.84,153.06,145.44,163.15,149.33
07/21/2014,161.44,152.3,146.99,165.62,148.26
07/14/2014,158.96,149.24,148.81,166.55,147.07
07/07/2014,157.52,147.18,151.86,167.74,146.07
06/30/2014,156.68,143.22,154.43,168.68,144.85
06/23/2014,150.28,136.88,155.41,169.26,143.45
06/16/2014,143.16,133.68,156.16,169.45,142.02
06/09/2014,139.52,133.68,158.35,170.71,140.83
06/02/2014,136.84,135.78,160.6,174.46,139.69
05/26/2014,129.76,135.16,164.03,174.78,138.39
05/19/2014,123.48,137.82,168.2,175.0,137.11
05/12/2014,124.2,141.68,172.28,174.96,136.06
05/05/2014,127.84,148.38,175.21,174.81,135.23
04/28/2014,134.72,156.54,178.02,174.61,134.47
04/21/2014,140.56,165.64,181.41,174.35,133.88
04/14/2014,152.16,173.94,185.45,174.71,133.4
04/07/2014,159.16,178.64,187.33,173.91,132.42
03/31/2014,168.92,183.02,189.22,172.51,131.55
03/24/2014,178.36,185.42,193.8,170.98,130.48
03/17/2014,190.72,192.9,194.59,169.85,129.43
03/10/2014,195.72,198.58,193.59,167.88,128.18
03/03/2014,198.12,202.88,191.6,165.96,126.83
02/24/2014,197.12,202.04,188.03,163.16,124.68
02/17/2014,192.48,199.5,183.65,159.37,122.08
02/10/2014,195.08,197.18,178.7,156.55,119.47
02/03/2014,201.44,196.96,175.09,154.57,116.95
01/27/2014,207.64,196.02,171.54,152.34,114.55
01/20/2014,206.96,195.42,167.25,148.62,112.11
01/13/2014,206.52,202.18,163.76,145.06,109.78
01/06/2014,199.28,196.28,158.32,140.33,106.74
12/30/2013,192.48,188.6,152.53,135.51,103.69
12/23/2013,184.4,180.32,147.5,130.91,100.86
12/16/2013,183.88,174.02,143.72,127.58,98.59
12/09/2013,197.84,167.8,139.31,124.41,96.42
12/02/2013,193.28,160.22,136.24,121.03,94.12
11/25/2013,184.72,153.22,133.37,117.65,91.7
11/18/2013,176.24,147.06,130.5,114.59,89.4
11/11/2013,164.16,139.08,125.22,110.95,87.04
11/04/2013,137.76,125.34,116.5,104.91,83.56
10/28/2013,127.16,120.36,112.35,101.99,81.5
10/21/2013,121.72,116.46,108.96,99.22,79.73
10/14/2013,117.88,114.68,106.2,97.17,78.2
10/07/2013,114.0,113.42,104.36,95.65,76.87
09/30/2013,112.92,110.82,102.71,94.32,75.63
09/23/2013,113.56,112.26,101.43,93.41,74.48
09/16/2013,111.2,113.52,99.86,92.09,73.07
09/09/2013,111.48,113.94,98.36,90.93,71.81
09/02/2013,112.84,111.36,96.88,90.6,70.61
08/26/2013,108.72,107.66,94.7,89.98,69.56
08/19/2013,110.96,104.34,92.81,89.02,69.04
08/12/2013,115.84,101.46,90.6,88.48,68.54
08/05/2013,116.4,97.72,88.41,87.7,69.7
07/29/2013,109.88,95.3,86.77,86.2,70.25
07/22/2013,106.6,94.6,86.07,84.79,70.36
07/15/2013,97.72,90.6,83.99,82.39,70.01
07/08/2013,87.08,86.2,81.37,79.34,68.87
07/01/2013,79.04,82.78,79.42,76.76,68.0
06/24/2013,80.72,82.4,80.22,75.6,67.71
06/17/2013,82.6,81.74,81.14,74.49,67.44
06/10/2013,83.48,81.28,81.36,73.16,66.83
06/03/2013,85.32,79.74,81.99,71.87,66.22
05/27/2013,86.52,79.1,82.69,70.81,65.69
05/20/2013,84.08,78.24,81.65,69.61,65.17
05/13/2013,80.88,77.54,79.89,68.43,64.58
05/06/2013,79.08,77.38,78.28,67.21,63.94
04/29/2013,74.16,76.54,75.91,65.76,63.31
04/22/2013,71.68,76.06,73.75,64.21,62.51
04/15/2013,72.4,78.04,72.2,63.13,61.89
04/08/2013,74.2,80.54,70.87,62.21,61.15
04/01/2013,75.68,81.44,69.1,61.01,0.0
03/25/2013,78.92,84.24,67.94,60.24,0.0
03/18/2013,80.44,86.28,66.66,59.23,0.0
03/11/2013,83.68,85.06,65.29,58.09,0.0
03/04/2013,86.88,82.24,63.88,56.94,0.0
02/25/2013,87.2,79.18,62.13,55.55,0.0
02/18/2013,89.56,75.28,60.37,54.05,0.0
02/11/2013,92.12,71.44,58.29,52.69,0.0
02/04/2013,86.44,66.36,55.67,50.62,0.0
01/28/2013,77.6,61.2,53.05,49.14,0.0
01/21/2013,71.16,56.76,50.79,49.06,0.0
01/14/2013,61.0,51.64,48.24,48.59,0.0
01/07/2013,50.76,47.04,45.7,51.69,0.0
12/31/2012,46.28,45.52,44.61,54.29,0.0
12/24/2012,44.8,45.52,44.29,55.93,0.0
12/17/2012,42.36,45.08,43.73,57.64,0.0
12/10/2012,42.28,45.46,43.43,58.41,0.0
12/03/2012,43.32,45.14,43.32,59.25,0.0
11/26/2012,44.76,44.98,42.75,59.83,0.0
11/19/2012,46.24,44.9,43.11,60.38,0.0
11/12/2012,47.8,44.82,45.21,60.49,0.0
11/05/2012,48.64,44.84,47.07,60.57,0.0
10/29/2012,46.96,44.36,54.02,60.57,0.0
10/22/2012,45.2,43.7,58.68,60.74,0.0
10/15/2012,43.56,43.06,61.14,60.73,0.0
10/08/2012,41.84,42.38,63.92,60.67,0.0
10/01/2012,41.04,41.4,64.88,60.87,0.0
09/24/2012,41.76,41.5,66.3,60.81,0.0
09/17/2012,42.2,40.52,67.25,60.65,0.0
09/10/2012,42.56,41.32,68.12,60.09,0.0
09/03/2012,42.92,45.6,68.33,0.0,0.0
08/27/2012,41.76,49.3,68.43,0.0,0.0
08/20/2012,41.24,63.68,68.67,0.0,0.0
08/13/2012,38.84,73.66,69.26,0.0,0.0
08/06/2012,40.08,79.22,69.56,0.0,0.0
07/30/2012,48.28,85.46,69.82,0.0,0.0
07/23/2012,56.84,88.36,70.6,0.0,0.0
07/16/2012,86.12,91.1,70.47,0.0,0.0
07/09/2012,108.48,93.98,70.71,0.0,0.0
07/02/2012,118.36,94.92,69.47,0.0,0.0
06/25/2012,122.64,91.06,0.0,0.0,0.0
06/18/2012,119.88,87.56,0.0,0.0,0.0
06/11/2012,96.08,73.66,0.0,0.0,0.0
06/04/2012,79.48,64.86,0.0,0.0,0.0
05/28/2012,71.48,59.9,0.0,0.0,0.0
05/21/2012,59.48,54.18,0.0,0.0,0.0
05/14/2012,55.24,52.84,0.0,0.0,0.0
05/07/2012,51.24,49.84,0.0,0.0,0.0
04/30/2012,50.24,47.44,0.0,0.0,0.0
04/23/2012,48.32,44.02,0.0,0.0,0.0
04/16/2012,48.88,0.0,0.0,0.0,0.0
04/09/2012,50.44,0.0,0.0,0.0,0.0
04/02/2012,48.44,0.0,0.0,0.0,0.0
03/26/2012,44.64,0.0,0.0,0.0,0.0
03/19/2012,39.72,0.0,0.0,0.0,0.0
03/12/2012,0.0,0.0,0.0,0.0,0.0
03/05/2012,0.0,0.0,0.0,0.0,0.0
02/27/2012,0.0,0.0,0.0,0.0,0.0
02/20/2012,0.0,0.0,0.0,0.0,0.0
