12/26/2022,9.3,9.87,10.58,11.49,14.3
12/19/2022,9.53,9.95,10.8,11.66,14.46
12/12/2022,9.76,10.03,10.99,11.84,14.61
12/05/2022,10.13,10.12,11.23,12.03,14.77
11/28/2022,10.34,10.25,11.44,12.22,14.92
11/21/2022,10.44,10.36,11.58,12.4,15.06
11/14/2022,10.36,10.55,11.7,12.6,15.19
11/07/2022,10.3,10.77,11.86,12.81,15.31
10/31/2022,10.11,10.88,12.0,13.0,15.42
10/24/2022,10.16,11.06,12.13,13.19,15.52
10/17/2022,10.28,11.29,12.29,13.42,15.64
10/10/2022,10.73,11.65,12.51,13.65,15.78
10/03/2022,11.23,11.95,12.75,13.89,15.92
09/26/2022,11.65,12.35,12.98,14.12,16.06
09/19/2022,11.95,12.63,13.21,14.34,16.2
09/12/2022,12.31,12.8,13.42,14.53,16.33
09/05/2022,12.56,12.86,13.62,14.69,16.44
08/29/2022,12.67,12.95,13.83,14.84,16.55
08/22/2022,13.04,13.11,14.06,15.04,16.66
08/15/2022,13.31,13.21,14.26,15.22,16.77
08/08/2022,13.29,13.3,14.48,15.39,16.87
08/01/2022,13.15,13.38,14.66,15.59,16.97
07/25/2022,13.23,13.55,14.85,15.81,17.09
07/18/2022,13.18,13.62,15.0,15.96,17.18
07/11/2022,13.11,13.78,15.19,16.12,17.27
07/04/2022,13.3,14.05,15.39,16.29,17.36
06/27/2022,13.6,14.38,15.6,16.47,17.45
06/20/2022,13.87,14.7,15.79,16.61,17.53
06/13/2022,14.06,15.0,16.0,16.75,17.62
06/06/2022,14.45,15.31,16.23,16.94,17.7
05/30/2022,14.79,15.66,16.43,17.12,17.77
05/23/2022,15.16,15.94,16.69,17.27,17.83
05/16/2022,15.53,16.15,16.94,17.37,17.88
05/09/2022,15.94,16.38,17.14,17.51,17.94
05/02/2022,16.17,16.59,17.29,17.62,17.98
04/25/2022,16.53,16.74,17.41,17.71,18.03
04/18/2022,16.71,16.83,17.51,17.78,18.06
04/11/2022,16.77,16.87,17.56,17.81,18.06
04/04/2022,16.82,16.99,17.63,17.83,18.07
03/28/2022,17.02,17.15,17.76,17.86,18.09
03/21/2022,16.95,17.21,17.85,17.87,18.07
03/14/2022,16.95,17.45,17.94,17.91,18.05
03/07/2022,16.97,17.73,17.98,17.95,18.03
02/28/2022,17.16,17.89,18.07,18.0,18.03
02/21/2022,17.28,17.98,18.14,18.06,18.0
02/14/2022,17.47,18.08,18.2,18.12,17.99
02/07/2022,17.94,18.19,18.25,18.19,17.97
01/31/2022,18.48,18.25,18.27,18.26,17.95
01/24/2022,18.61,18.27,18.25,18.29,17.93
01/17/2022,18.68,18.37,18.21,18.32,17.91
01/10/2022,18.69,18.49,18.2,18.36,17.89
01/03/2022,18.43,18.44,18.13,18.35,17.83
12/27/2021,18.02,18.24,18.06,18.37,17.75
12/20/2021,17.92,18.25,18.06,18.4,17.64
12/13/2021,18.05,18.29,18.09,18.41,17.53
12/06/2021,18.28,18.31,18.15,18.43,17.45
11/29/2021,18.44,18.31,18.18,18.43,17.37
11/22/2021,18.46,18.29,18.26,18.46,17.31
11/15/2021,18.58,18.24,18.3,18.48,17.25
11/08/2021,18.52,18.05,18.3,18.46,17.17
11/01/2021,18.34,17.92,18.29,18.43,17.09
10/25/2021,18.18,17.83,18.31,18.39,17.02
10/18/2021,18.12,17.87,18.43,18.39,16.98
10/11/2021,17.9,17.87,18.48,18.37,16.94
10/04/2021,17.57,17.89,18.48,18.34,16.89
09/27/2021,17.51,17.98,18.49,18.35,16.85
09/20/2021,17.48,18.06,18.49,18.34,16.83
09/13/2021,17.61,18.22,18.54,18.32,16.81
09/06/2021,17.84,18.36,18.6,18.31,16.78
08/30/2021,18.22,18.55,18.67,18.33,16.77
08/23/2021,18.45,18.66,18.68,18.27,16.73
08/16/2021,18.63,18.78,18.66,18.19,16.71
08/09/2021,18.83,19.0,18.65,18.12,16.67
08/02/2021,18.88,19.08,18.61,18.05,16.64
07/26/2021,18.88,19.06,18.56,17.94,16.62
07/19/2021,18.87,19.0,18.54,17.85,16.62
07/12/2021,18.92,18.92,18.48,17.76,16.59
07/05/2021,19.16,18.86,18.38,17.65,16.51
06/28/2021,19.28,18.84,18.28,17.57,16.43
06/21/2021,19.24,18.79,18.21,17.5,16.4
06/14/2021,19.12,18.7,18.08,17.41,16.36
06/07/2021,18.91,18.55,17.89,17.31,16.31
05/31/2021,18.55,18.3,17.68,17.13,16.26
05/24/2021,18.41,18.15,17.54,16.88,16.26
05/17/2021,18.33,18.06,17.39,16.65,16.21
05/10/2021,18.28,18.08,17.28,16.47,16.19
05/03/2021,18.18,18.04,17.18,16.31,16.13
04/26/2021,18.04,17.9,17.05,16.16,16.13
04/19/2021,17.89,17.72,16.93,16.03,16.2
04/12/2021,17.79,17.64,16.86,15.88,16.26
04/05/2021,17.87,17.46,16.77,15.76,16.37
03/29/2021,17.9,17.24,16.69,15.65,16.48
03/22/2021,17.75,17.07,16.55,15.58,16.58
03/15/2021,17.56,16.93,16.25,15.5,16.67
03/08/2021,17.49,16.71,15.94,15.43,16.77
03/01/2021,17.05,16.48,15.67,15.35,16.84
02/22/2021,16.58,16.32,15.45,15.32,16.92
02/15/2021,16.38,16.21,15.3,15.29,17.01
02/08/2021,16.3,16.14,15.18,15.25,17.09
02/01/2021,15.93,16.08,14.99,15.21,17.17
01/25/2021,15.92,16.08,14.91,15.19,17.26
01/18/2021,16.07,16.14,14.86,15.23,17.38
01/11/2021,16.04,16.04,14.83,15.23,17.48
01/04/2021,15.98,15.57,14.79,15.23,17.56
12/28/2020,16.23,15.16,14.79,15.3,17.67
12/21/2020,16.25,14.85,14.79,15.39,17.76
12/14/2020,16.21,14.57,14.82,15.41,17.86
12/07/2020,16.04,14.39,14.84,15.37,17.95
11/30/2020,15.15,14.22,14.81,15.28,18.02
11/23/2020,14.1,13.91,14.78,15.3,18.09
11/16/2020,13.46,13.73,14.74,15.31,18.16
11/09/2020,12.93,13.58,14.77,15.31,18.24
11/02/2020,12.74,13.62,14.82,15.4,18.34
10/26/2020,13.28,14.02,15.06,15.65,18.48
10/19/2020,13.72,14.43,15.36,15.78,18.62
10/12/2020,14.01,14.73,15.67,15.9,18.73
10/05/2020,14.22,15.07,15.83,15.94,18.84
09/28/2020,14.51,15.28,15.86,16.11,18.94
09/21/2020,14.75,15.39,15.82,16.38,19.03
09/14/2020,15.13,15.64,15.99,16.65,19.14
09/07/2020,15.45,15.74,16.1,16.98,19.23
08/31/2020,15.91,15.96,16.18,17.31,19.33
08/24/2020,16.05,16.01,16.28,17.59,19.41
08/17/2020,16.04,16.11,16.46,17.84,19.48
08/10/2020,16.15,16.3,16.45,18.1,19.56
08/03/2020,16.03,16.6,16.49,18.33,19.63
07/27/2020,16.01,16.6,16.38,18.51,19.7
07/20/2020,15.98,16.44,16.52,18.72,19.77
07/13/2020,16.18,16.24,16.87,18.94,19.85
07/06/2020,16.44,16.34,17.15,19.14,19.92
06/29/2020,17.17,16.46,17.59,19.34,20.01
06/22/2020,17.19,16.4,17.99,19.53,20.08
06/15/2020,16.91,16.55,18.38,19.73,20.16
06/08/2020,16.3,16.81,18.71,19.89,20.23
06/01/2020,16.23,16.6,19.0,20.04,20.29
05/25/2020,15.74,16.38,19.2,20.13,20.32
05/18/2020,15.61,16.16,19.47,20.31,20.39
05/11/2020,16.19,16.59,19.86,20.52,20.5
05/04/2020,17.32,17.51,20.28,20.76,20.61
04/27/2020,16.98,17.96,20.54,20.88,20.67
04/20/2020,17.01,18.73,20.78,21.01,20.72
04/13/2020,16.72,19.57,21.1,21.18,20.79
04/06/2020,17.0,20.21,21.32,21.28,20.85
03/30/2020,17.69,20.6,21.43,21.32,20.87
03/23/2020,18.94,21.39,21.75,21.47,20.96
03/16/2020,20.44,22.03,22.0,21.56,21.0
03/09/2020,22.43,22.79,22.38,21.73,21.07
03/02/2020,23.42,23.13,22.49,21.77,21.06
02/24/2020,23.51,23.06,22.39,21.67,20.99
02/17/2020,23.83,23.12,22.34,21.63,20.92
02/10/2020,23.61,22.82,22.15,21.49,20.79
02/03/2020,23.14,22.62,21.98,21.34,20.67
01/27/2020,22.84,22.44,21.81,21.22,20.57
01/20/2020,22.61,22.26,21.68,21.12,20.5
01/13/2020,22.4,22.12,21.51,21.02,20.42
01/06/2020,22.04,21.97,21.33,20.93,20.34
12/30/2019,22.09,21.98,21.21,20.88,20.29
12/23/2019,22.04,21.85,21.09,20.82,20.22
12/16/2019,21.9,21.72,20.98,20.77,20.15
12/09/2019,21.83,21.56,20.88,20.71,20.08
12/02/2019,21.9,21.48,20.82,20.68,20.03
11/25/2019,21.87,21.34,20.71,20.63,19.95
11/18/2019,21.65,21.19,20.61,20.59,19.89
11/11/2019,21.54,21.1,20.56,20.58,19.85
11/04/2019,21.3,20.9,20.47,20.53,19.81
10/28/2019,21.06,20.69,20.4,20.51,19.77
10/21/2019,20.8,20.44,20.32,20.48,19.72
10/14/2019,20.72,20.33,20.31,20.47,19.7
10/07/2019,20.65,20.23,20.29,20.45,19.69
09/30/2019,20.51,20.2,20.28,20.45,19.68
09/23/2019,20.32,20.16,20.28,20.44,19.67
09/16/2019,20.07,20.08,20.27,20.41,19.66
09/09/2019,19.94,20.04,20.29,20.42,19.63
09/02/2019,19.81,20.02,20.32,20.43,19.62
08/26/2019,19.89,20.03,20.35,20.45,19.62
08/19/2019,20.01,20.11,20.42,20.44,19.63
08/12/2019,20.08,20.21,20.5,20.41,19.64
08/05/2019,20.14,20.29,20.54,20.36,19.64
07/29/2019,20.24,20.34,20.56,20.3,19.63
07/22/2019,20.17,20.36,20.57,20.21,19.61
07/15/2019,20.22,20.4,20.57,20.1,19.6
07/08/2019,20.34,20.47,20.58,20.0,19.57
07/01/2019,20.44,20.55,20.61,19.92,19.54
06/24/2019,20.45,20.61,20.63,19.87,19.51
06/17/2019,20.55,20.67,20.67,19.82,19.49
06/10/2019,20.59,20.73,20.61,19.76,19.44
06/03/2019,20.61,20.78,20.51,19.7,19.39
05/27/2019,20.66,20.79,20.39,19.62,19.33
05/20/2019,20.78,20.78,20.28,19.54,19.29
05/13/2019,20.79,20.79,20.13,19.46,19.24
05/06/2019,20.86,20.74,19.94,19.38,19.17
04/29/2019,20.95,20.69,19.76,19.28,19.13
04/22/2019,20.92,20.67,19.61,19.19,19.07
04/15/2019,20.79,20.66,19.5,19.13,19.02
04/08/2019,20.79,20.66,19.4,19.08,18.98
04/01/2019,20.62,20.49,19.27,19.03,18.94
03/25/2019,20.42,20.25,19.16,18.97,18.89
03/18/2019,20.43,20.0,19.04,18.94,18.86
03/11/2019,20.52,19.78,18.92,18.93,18.85
03/04/2019,20.54,19.48,18.8,18.92,18.83
02/25/2019,20.35,19.15,18.7,18.9,18.82
02/18/2019,20.07,18.84,18.58,18.9,18.8
02/11/2019,19.57,18.54,18.45,18.85,18.78
02/04/2019,19.04,18.34,18.36,18.81,18.76
01/28/2019,18.41,18.14,18.29,18.79,18.75
01/21/2019,17.94,18.06,18.29,18.83,18.76
01/14/2019,17.61,18.07,18.33,18.86,18.78
01/07/2019,17.52,18.09,18.41,18.92,18.81
12/31/2018,17.64,18.06,18.5,18.95,18.84
12/24/2018,17.86,18.12,18.64,19.02,18.89
12/17/2018,18.18,18.25,18.78,19.1,18.93
12/10/2018,18.53,18.31,18.93,19.15,18.97
12/03/2018,18.65,18.36,19.0,19.15,18.99
11/26/2018,18.48,18.38,19.04,19.15,19.02
11/19/2018,18.37,18.45,19.12,19.15,19.05
11/12/2018,18.31,18.53,19.21,19.13,19.08
11/05/2018,18.1,18.6,19.26,19.08,19.09
10/29/2018,18.07,18.73,19.33,19.04,19.13
10/22/2018,18.28,18.94,19.4,19.03,19.16
10/15/2018,18.53,19.17,19.47,19.02,19.2
10/08/2018,18.75,19.32,19.52,18.97,19.23
10/01/2018,19.09,19.55,19.57,18.97,19.27
09/24/2018,19.38,19.63,19.54,18.96,19.29
09/17/2018,19.59,19.69,19.53,18.92,19.32
09/10/2018,19.81,19.78,19.5,18.88,19.35
09/03/2018,19.88,19.89,19.43,18.86,19.37
08/27/2018,20.0,19.92,19.32,18.81,19.39
08/20/2018,19.88,19.93,19.19,18.78,19.4
08/13/2018,19.79,19.86,19.08,18.77,19.42
08/06/2018,19.76,19.78,18.94,18.75,19.44
07/30/2018,19.89,19.73,18.8,18.73,19.46
07/23/2018,19.85,19.58,18.68,18.7,19.49
07/16/2018,19.98,19.45,18.62,18.71,19.52
07/09/2018,19.93,19.37,18.53,18.71,19.55
07/02/2018,19.8,19.22,18.43,18.71,19.58
06/25/2018,19.57,18.98,18.35,18.7,19.59
06/18/2018,19.32,18.71,18.25,18.7,19.62
06/11/2018,18.92,18.46,18.21,18.7,19.65
06/04/2018,18.8,18.3,18.22,18.73,19.7
05/28/2018,18.64,18.11,18.23,18.75,19.75
05/21/2018,18.39,17.86,18.23,18.77,19.8
05/14/2018,18.11,17.78,18.26,18.79,19.84
05/07/2018,17.99,17.78,18.34,18.84,19.9
04/30/2018,17.79,17.69,18.38,18.9,19.95
04/23/2018,17.58,17.65,18.46,18.95,19.99
04/16/2018,17.33,17.71,18.55,19.02,20.07
04/09/2018,17.45,17.79,18.69,19.11,20.16
04/02/2018,17.57,17.96,18.82,19.21,20.24
03/26/2018,17.59,18.15,18.94,19.29,20.31
03/19/2018,17.72,18.35,19.07,19.38,20.38
03/12/2018,18.09,18.6,19.22,19.49,20.46
03/05/2018,18.13,18.73,19.29,19.56,20.52
02/26/2018,18.34,18.9,19.37,19.63,20.56
02/19/2018,18.72,19.07,19.5,19.73,20.62
02/12/2018,18.97,19.26,19.6,19.82,20.67
02/05/2018,19.1,19.4,19.67,19.88,20.69
01/29/2018,19.33,19.6,19.77,19.97,20.73
01/22/2018,19.45,19.68,19.84,20.02,20.76
01/15/2018,19.43,19.73,19.86,20.07,20.76
01/08/2018,19.55,19.79,19.9,20.13,20.76
01/01/2018,19.69,19.84,19.94,20.2,20.75
12/25/2017,19.86,19.84,19.98,20.27,20.75
12/18/2017,19.91,19.84,20.0,20.34,20.74
12/11/2017,20.03,19.92,20.06,20.4,20.75
12/04/2017,20.03,19.93,20.09,20.44,20.76
11/27/2017,19.99,19.95,20.12,20.48,20.78
11/20/2017,19.83,19.95,20.16,20.54,20.79
11/13/2017,19.77,20.0,20.2,20.6,20.83
11/06/2017,19.82,20.0,20.24,20.68,20.85
10/30/2017,19.83,20.01,20.3,20.75,20.86
10/23/2017,19.92,20.04,20.38,20.83,20.88
10/16/2017,20.07,20.11,20.49,20.9,20.93
10/09/2017,20.22,20.16,20.58,20.96,20.95
10/02/2017,20.18,20.19,20.63,21.01,20.97
09/25/2017,20.19,20.26,20.7,21.04,20.99
09/18/2017,20.17,20.29,20.74,21.11,21.01
09/11/2017,20.16,20.37,20.83,21.21,21.04
09/04/2017,20.1,20.39,20.9,21.27,21.06
08/28/2017,20.19,20.49,21.02,21.34,21.09
08/21/2017,20.32,20.59,21.12,21.38,21.11
08/14/2017,20.42,20.72,21.22,21.43,21.13
08/07/2017,20.58,20.86,21.29,21.48,21.14
07/31/2017,20.69,21.0,21.36,21.5,21.15
07/24/2017,20.79,21.08,21.42,21.52,21.16
07/17/2017,20.86,21.14,21.43,21.52,21.15
07/10/2017,21.02,21.19,21.52,21.5,21.14
07/03/2017,21.15,21.29,21.63,21.49,21.12
06/26/2017,21.32,21.41,21.71,21.49,21.12
06/19/2017,21.38,21.56,21.76,21.45,21.11
06/12/2017,21.41,21.65,21.77,21.38,21.09
06/05/2017,21.37,21.72,21.78,21.3,21.06
05/29/2017,21.43,21.72,21.78,21.22,21.04
05/22/2017,21.5,21.72,21.74,21.14,21.01
05/15/2017,21.74,21.75,21.74,21.1,21.0
05/08/2017,21.88,21.72,21.71,21.09,20.97
05/01/2017,22.08,21.85,21.66,21.08,20.95
04/24/2017,22.01,21.97,21.59,21.05,20.91
04/17/2017,21.94,22.01,21.53,21.05,20.87
04/10/2017,21.77,21.96,21.39,21.03,20.8
04/03/2017,21.57,21.89,21.25,20.97,20.73
03/27/2017,21.62,21.84,21.09,20.94,20.65
03/20/2017,21.92,21.85,20.97,20.95,20.6
03/13/2017,22.09,21.76,20.85,20.95,20.55
03/06/2017,22.15,21.73,20.78,20.93,20.48
02/27/2017,22.22,21.7,20.77,20.94,20.43
02/20/2017,22.05,21.47,20.7,20.91,20.36
02/13/2017,21.77,21.21,20.6,20.88,20.29
02/06/2017,21.44,21.04,20.57,20.86,20.23
01/30/2017,21.31,20.82,20.56,20.84,20.18
01/23/2017,21.18,20.6,20.51,20.84,20.13
01/16/2017,20.89,20.34,20.49,20.83,20.09
01/09/2017,20.65,20.09,20.51,20.81,20.06
01/02/2017,20.64,19.95,20.54,20.81,20.05
12/26/2016,20.33,19.83,20.54,20.79,20.01
12/19/2016,20.02,19.84,20.57,20.77,19.99
12/12/2016,19.79,19.92,20.63,20.77,19.98
12/05/2016,19.54,19.98,20.71,20.76,19.96
11/28/2016,19.25,20.1,20.76,20.74,19.94
11/21/2016,19.32,20.3,20.85,20.78,19.92
11/14/2016,19.65,20.41,20.96,20.79,19.9
11/07/2016,20.05,20.64,21.08,20.82,19.88
10/31/2016,20.43,20.92,21.17,20.86,19.85
10/24/2016,20.95,21.13,21.24,20.89,19.82
10/17/2016,21.27,21.25,21.27,20.89,19.76
10/10/2016,21.18,21.3,21.24,20.85,19.7
10/03/2016,21.22,21.33,21.19,20.82,19.65
09/26/2016,21.41,21.44,21.14,20.77,19.61
09/19/2016,21.32,21.43,21.07,20.69,19.55
09/12/2016,21.23,21.4,21.02,20.58,19.49
09/05/2016,21.42,21.51,20.98,20.48,19.45
08/29/2016,21.44,21.52,20.91,20.36,19.41
08/22/2016,21.47,21.41,20.83,20.24,19.35
08/15/2016,21.54,21.34,20.76,20.14,19.29
08/08/2016,21.57,21.3,20.71,20.03,19.23
08/01/2016,21.59,21.19,20.63,19.91,19.18
07/25/2016,21.6,21.06,20.56,19.8,19.11
07/18/2016,21.35,20.84,20.44,19.7,19.03
07/11/2016,21.15,20.71,20.32,19.61,18.96
07/04/2016,21.02,20.63,20.17,19.52,18.89
06/27/2016,20.79,20.46,19.97,19.42,18.83
06/20/2016,20.51,20.3,19.77,19.35,18.77
06/13/2016,20.33,20.24,19.65,19.32,18.72
06/06/2016,20.27,20.18,19.55,19.29,18.68
05/30/2016,20.24,20.13,19.4,19.23,18.64
05/23/2016,20.14,20.06,19.26,19.2,18.6
05/16/2016,20.09,20.06,19.18,19.18,18.58
05/09/2016,20.16,20.03,19.13,19.17,18.56
05/02/2016,20.1,19.94,19.06,19.13,18.53
04/25/2016,20.02,19.71,18.96,19.06,18.49
04/18/2016,19.99,19.49,18.9,19.0,18.45
04/11/2016,20.03,19.25,18.88,18.93,18.43
04/04/2016,19.9,19.06,18.85,18.85,18.4
03/28/2016,19.77,18.91,18.84,18.75,18.38
03/21/2016,19.4,18.67,18.78,18.63,18.35
03/14/2016,18.98,18.47,18.77,18.55,18.35
03/07/2016,18.46,18.3,18.74,18.48,18.35
02/29/2016,18.21,18.23,18.74,18.45,18.35
02/22/2016,18.04,18.19,18.72,18.41,18.35
02/15/2016,17.93,18.21,18.73,18.4,18.36
02/08/2016,17.95,18.32,18.76,18.41,18.38
02/01/2016,18.13,18.51,18.78,18.46,18.41
01/25/2016,18.26,18.65,18.75,18.46,18.41
01/18/2016,18.34,18.77,18.68,18.44,18.42
01/11/2016,18.49,18.9,18.62,18.44,18.43
01/04/2016,18.69,19.07,18.6,18.45,18.46
12/28/2015,18.88,19.18,18.58,18.42,18.47
12/21/2015,19.04,19.24,18.55,18.36,18.48
12/14/2015,19.21,19.25,18.51,18.3,18.49
12/07/2015,19.3,19.25,18.49,18.27,18.49
11/30/2015,19.45,19.2,18.46,18.24,18.49
11/23/2015,19.48,19.04,18.44,18.19,18.47
11/16/2015,19.45,18.84,18.37,18.12,18.43
11/09/2015,19.3,18.58,18.27,18.07,18.41
11/02/2015,19.2,18.34,18.21,18.04,18.39
10/26/2015,18.95,18.12,18.13,18.0,18.38
10/19/2015,18.6,17.97,18.03,17.98,18.39
10/12/2015,18.24,17.86,17.91,17.95,18.39
10/05/2015,17.86,17.77,17.82,17.94,18.4
09/28/2015,17.48,17.73,17.77,17.92,18.42
09/21/2015,17.3,17.72,17.75,17.9,18.44
09/14/2015,17.34,17.83,17.76,17.92,18.46
09/07/2015,17.48,17.89,17.76,17.96,18.5
08/31/2015,17.69,17.97,17.81,18.01,18.54
08/24/2015,17.97,18.07,17.89,18.07,18.57
08/17/2015,18.15,18.14,17.94,18.15,18.6
08/10/2015,18.32,18.09,17.98,18.21,18.62
08/03/2015,18.3,17.97,17.99,18.25,18.63
07/27/2015,18.25,17.87,18.03,18.29,18.65
07/20/2015,18.17,17.82,18.01,18.32,18.67
07/13/2015,18.14,17.78,17.99,18.35,18.68
07/06/2015,17.86,17.69,17.97,18.35,18.68
06/29/2015,17.64,17.63,17.99,18.37,18.69
06/22/2015,17.5,17.66,18.04,18.4,18.7
06/15/2015,17.46,17.7,18.07,18.43,18.7
06/08/2015,17.43,17.73,18.15,18.47,18.7
06/01/2015,17.53,17.88,18.27,18.53,18.7
05/25/2015,17.62,18.01,18.39,18.6,18.7
05/18/2015,17.82,18.18,18.5,18.68,18.69
05/11/2015,17.95,18.2,18.57,18.72,18.68
05/04/2015,18.02,18.2,18.63,18.74,18.66
04/27/2015,18.22,18.25,18.68,18.75,18.64
04/20/2015,18.4,18.36,18.74,18.75,18.63
04/13/2015,18.53,18.42,18.76,18.74,18.62
04/06/2015,18.46,18.44,18.79,18.75,18.6
03/30/2015,18.37,18.57,18.83,18.77,18.58
03/23/2015,18.27,18.67,18.85,18.8,18.53
03/16/2015,18.31,18.77,18.9,18.84,18.5
03/09/2015,18.3,18.81,18.93,18.87,18.47
03/02/2015,18.43,18.94,18.98,18.92,18.44
02/23/2015,18.78,19.07,19.02,18.97,18.42
02/16/2015,19.07,19.11,19.0,19.0,18.39
02/09/2015,19.23,19.12,18.94,19.04,18.36
02/02/2015,19.33,19.11,18.91,19.06,18.32
01/26/2015,19.45,19.14,18.9,19.07,18.28
01/19/2015,19.35,19.1,18.87,19.05,18.24
01/12/2015,19.15,19.03,18.87,19.02,18.18
01/05/2015,19.0,19.03,18.87,19.01,18.14
12/29/2014,18.89,19.04,18.89,19.0,18.1
12/22/2014,18.83,19.03,18.91,19.02,18.07
12/15/2014,18.84,18.97,18.93,19.01,18.06
12/08/2014,18.92,18.88,18.95,19.0,18.06
12/01/2014,19.05,18.77,19.0,19.0,18.05
11/24/2014,19.19,18.7,19.03,19.0,18.04
11/17/2014,19.23,18.66,19.04,18.98,18.02
11/10/2014,19.1,18.64,19.02,18.93,17.99
11/03/2014,18.85,18.71,19.02,18.87,17.97
10/27/2014,18.49,18.72,19.0,18.79,17.94
10/20/2014,18.21,18.74,18.98,18.71,17.9
10/13/2014,18.1,18.8,19.02,18.63,17.87
10/06/2014,18.18,18.88,19.02,18.58,17.86
09/29/2014,18.57,19.02,19.06,18.54,17.85
09/22/2014,18.94,19.22,19.12,18.52,17.85
09/15/2014,19.27,19.36,19.15,18.49,17.85
09/08/2014,19.49,19.42,19.14,18.45,17.85
09/01/2014,19.58,19.4,19.07,18.38,17.85
08/25/2014,19.46,19.33,18.95,18.26,17.83
08/18/2014,19.5,19.28,18.82,18.17,17.81
08/11/2014,19.45,19.22,18.69,18.07,17.78
08/04/2014,19.35,19.24,18.55,17.96,17.73
07/28/2014,19.23,19.17,18.43,17.87,17.71
07/21/2014,19.2,19.1,18.3,17.78,17.7
07/14/2014,19.07,19.02,18.16,17.68,17.69
07/07/2014,19.0,18.93,18.06,17.59,17.7
06/30/2014,19.13,18.86,17.97,17.49,17.73
06/23/2014,19.11,18.74,17.88,17.42,17.76
06/16/2014,19.01,18.56,17.72,17.33,17.78
06/09/2014,18.97,18.36,17.61,17.26,17.8
06/02/2014,18.86,18.15,17.49,17.21,17.82
05/26/2014,18.59,17.87,17.33,17.13,17.82
05/19/2014,18.36,17.7,17.22,17.11,17.84
05/12/2014,18.11,17.5,17.11,17.12,17.85
05/05/2014,17.75,17.31,17.01,17.1,17.86
04/28/2014,17.44,17.18,16.92,17.08,17.88
04/21/2014,17.14,17.07,16.81,17.06,17.91
04/14/2014,17.03,17.02,16.77,17.06,17.94
04/07/2014,16.88,16.89,16.72,17.07,17.99
03/31/2014,16.86,16.85,16.71,17.09,18.03
03/24/2014,16.92,16.82,16.73,17.1,18.06
03/17/2014,17.0,16.79,16.76,17.12,18.1
03/10/2014,17.0,16.75,16.82,17.14,18.15
03/03/2014,16.89,16.73,16.93,17.15,18.19
02/24/2014,16.84,16.71,16.99,17.19,18.21
02/17/2014,16.72,16.66,17.02,17.2,18.23
02/10/2014,16.57,16.54,17.05,17.25,18.24
02/03/2014,16.49,16.52,17.08,17.31,18.26
01/27/2014,16.57,16.55,17.17,17.39,18.29
01/20/2014,16.58,16.58,17.21,17.45,18.3
01/13/2014,16.61,16.64,17.25,17.49,18.32
01/06/2014,16.51,16.73,17.28,17.5,18.34
12/30/2013,16.54,16.89,17.33,17.56,18.35
12/23/2013,16.53,17.14,17.36,17.62,18.37
12/16/2013,16.58,17.28,17.43,17.7,18.4
12/09/2013,16.68,17.38,17.47,17.81,18.41
12/02/2013,16.95,17.56,17.61,17.97,18.43
11/25/2013,17.24,17.65,17.71,18.1,18.45
11/18/2013,17.75,17.79,17.81,18.24,18.46
11/11/2013,17.98,17.85,17.88,18.34,18.47
11/04/2013,18.08,17.85,17.91,18.43,18.47
10/28/2013,18.17,17.83,17.89,18.51,18.48
10/21/2013,18.05,17.77,17.89,18.56,18.47
10/14/2013,17.83,17.59,17.86,18.58,18.44
10/07/2013,17.72,17.58,17.9,18.62,18.42
09/30/2013,17.62,17.57,18.02,18.69,18.4
09/23/2013,17.5,17.65,18.17,18.76,18.39
09/16/2013,17.49,17.77,18.32,18.83,18.39
09/09/2013,17.35,17.84,18.46,18.9,18.38
09/02/2013,17.44,17.91,18.59,18.96,18.37
08/26/2013,17.52,17.96,18.71,19.02,18.36
08/19/2013,17.81,17.94,18.85,19.09,18.36
08/12/2013,18.06,18.0,18.95,19.16,18.35
08/05/2013,18.33,18.13,19.08,19.22,18.35
07/29/2013,18.38,18.23,19.15,19.24,18.33
07/22/2013,18.41,18.47,19.25,19.25,18.31
07/15/2013,18.08,18.69,19.31,19.23,18.27
07/08/2013,17.95,18.87,19.36,19.2,18.24
07/01/2013,17.94,19.08,19.43,19.18,18.2
06/24/2013,18.08,19.27,19.49,19.16,18.18
06/17/2013,18.53,19.47,19.55,19.16,18.17
06/10/2013,19.3,19.76,19.67,19.18,18.18
06/03/2013,19.79,19.91,19.74,19.15,18.16
05/27/2013,20.23,20.03,19.77,19.12,18.14
05/20/2013,20.45,20.06,19.74,19.1,18.11
05/13/2013,20.4,20.03,19.65,19.01,18.08
05/06/2013,20.22,19.93,19.5,18.9,18.02
04/29/2013,20.02,19.84,19.37,18.79,17.97
04/22/2013,19.82,19.78,19.23,18.68,17.92
04/15/2013,19.67,19.72,19.11,18.59,17.88
04/08/2013,19.65,19.64,19.0,18.52,17.85
04/01/2013,19.64,19.58,18.89,18.45,17.82
03/25/2013,19.66,19.57,18.78,18.38,17.79
03/18/2013,19.74,19.51,18.67,18.29,17.78
03/11/2013,19.76,19.42,18.62,18.21,17.76
03/04/2013,19.63,19.27,18.5,18.12,17.74
02/25/2013,19.52,19.07,18.39,18.03,17.7
02/18/2013,19.48,18.9,18.27,17.95,17.66
02/11/2013,19.29,18.68,18.14,17.85,17.61
02/04/2013,19.07,18.51,18.03,17.77,17.57
01/28/2013,18.9,18.36,17.96,17.7,17.54
01/21/2013,18.62,18.2,17.89,17.63,17.49
01/14/2013,18.33,17.98,17.78,17.55,17.44
01/07/2013,18.07,17.83,17.68,17.48,17.39
12/31/2012,17.95,17.82,17.6,17.42,17.37
12/24/2012,17.83,17.73,17.54,17.37,17.35
12/17/2012,17.77,17.7,17.51,17.31,17.34
12/10/2012,17.63,17.64,17.48,17.27,17.32
12/03/2012,17.59,17.59,17.44,17.22,17.31
11/26/2012,17.69,17.55,17.4,17.2,17.29
11/19/2012,17.64,17.56,17.37,17.18,17.26
11/12/2012,17.63,17.58,17.34,17.19,17.23
11/05/2012,17.65,17.58,17.33,17.18,17.22
10/29/2012,17.6,17.53,17.3,17.16,17.23
10/22/2012,17.41,17.39,17.22,17.13,17.21
10/15/2012,17.47,17.35,17.18,17.14,17.22
10/08/2012,17.53,17.32,17.12,17.14,17.23
10/01/2012,17.51,17.31,17.08,17.15,17.24
09/24/2012,17.45,17.29,17.04,17.16,17.27
09/17/2012,17.38,17.25,17.02,17.17,17.29
09/10/2012,17.23,17.17,17.0,17.18,17.34
09/03/2012,17.1,17.1,16.99,17.18,17.39
08/27/2012,17.11,17.09,16.98,17.2,17.45
08/20/2012,17.13,17.08,16.98,17.27,17.53
08/13/2012,17.13,17.05,17.0,17.32,17.59
08/06/2012,17.11,17.01,17.04,17.36,17.64
07/30/2012,17.1,16.92,17.06,17.37,17.69
07/23/2012,17.07,16.85,17.07,17.37,17.74
07/16/2012,17.02,16.78,17.09,17.36,17.8
07/09/2012,16.98,16.79,17.13,17.38,17.85
07/02/2012,16.91,16.82,17.18,17.38,17.91
06/25/2012,16.74,16.88,17.22,17.36,17.96
06/18/2012,16.62,16.87,17.26,17.33,17.99
06/11/2012,16.54,16.87,17.37,17.3,18.04
06/04/2012,16.61,16.95,17.45,17.31,18.09
05/28/2012,16.74,17.06,17.53,17.33,18.15
05/21/2012,17.01,17.2,17.6,17.36,18.19
05/14/2012,17.11,17.3,17.63,17.38,18.23
05/07/2012,17.21,17.4,17.66,17.4,18.28
04/30/2012,17.29,17.47,17.67,17.39,18.31
04/23/2012,17.39,17.53,17.66,17.34,18.34
04/16/2012,17.38,17.56,17.6,17.28,18.36
04/09/2012,17.5,17.66,17.56,17.25,18.4
04/02/2012,17.59,17.86,17.52,17.29,18.46
03/26/2012,17.65,17.96,17.49,17.3,18.5
03/19/2012,17.67,18.01,17.46,17.3,18.53
03/12/2012,17.74,18.0,17.44,17.32,18.56
03/05/2012,17.82,17.95,17.42,17.34,18.59
02/27/2012,18.13,17.91,17.4,17.39,18.63
02/20/2012,18.27,17.88,17.35,17.42,18.67
02/13/2012,18.34,17.79,17.24,17.51,18.71
02/06/2012,18.26,17.63,17.15,17.61,18.74
01/30/2012,18.07,17.47,17.05,17.7,18.78
01/23/2012,17.7,17.18,17.01,17.78,18.78
01/16/2012,17.48,17.03,16.97,17.86,18.81
01/09/2012,17.25,16.92,16.94,17.92,18.84
01/02/2012,17.01,16.88,16.98,18.02,18.87
12/26/2011,16.86,16.9,17.03,18.11,18.91
12/19/2011,16.66,16.89,17.12,18.23,18.95
12/12/2011,16.57,16.82,17.19,18.33,18.97
12/05/2011,16.59,16.68,17.36,18.44,19.01
11/28/2011,16.75,16.66,17.6,18.56,19.04
11/21/2011,16.94,16.63,17.82,18.65,19.08
11/14/2011,17.12,16.85,18.08,18.78,19.12
11/07/2011,17.07,16.91,18.27,18.88,19.14
10/31/2011,16.77,16.97,18.42,18.96,19.17
10/24/2011,16.57,17.08,18.59,19.02,19.19
10/17/2011,16.33,17.16,18.72,19.09,19.2
10/10/2011,16.57,17.36,18.9,19.15,19.22
10/03/2011,16.75,17.55,19.09,19.24,19.24
09/26/2011,17.16,18.04,19.32,19.35,19.26
09/19/2011,17.59,18.54,19.5,19.44,19.29
09/12/2011,17.99,19.01,19.66,19.56,19.32
09/05/2011,18.15,19.32,19.75,19.62,19.32
08/29/2011,18.36,19.63,19.86,19.69,19.32
08/22/2011,18.92,19.87,19.96,19.76,19.33
08/15/2011,19.48,20.09,19.99,19.8,19.32
08/08/2011,20.02,20.28,20.05,19.85,19.34
08/01/2011,20.49,20.45,20.05,19.88,19.35
07/25/2011,20.91,20.62,20.08,19.92,19.36
07/18/2011,20.82,20.6,20.01,19.91,19.32
07/11/2011,20.7,20.47,19.9,19.88,19.29
07/04/2011,20.54,20.32,19.83,19.85,19.25
06/27/2011,20.4,20.19,19.77,19.79,19.22
06/20/2011,20.32,20.09,19.72,19.75,19.2
06/13/2011,20.38,20.05,19.7,19.75,19.2
06/06/2011,20.24,19.88,19.65,19.72,19.19
05/30/2011,20.11,19.82,19.63,19.71,19.18
05/23/2011,19.97,19.65,19.59,19.67,19.17
05/16/2011,19.85,19.54,19.58,19.62,19.16
05/09/2011,19.71,19.41,19.56,19.57,19.15
05/02/2011,19.52,19.32,19.58,19.52,19.14
04/25/2011,19.53,19.34,19.62,19.5,19.11
04/18/2011,19.33,19.35,19.59,19.46,19.07
04/11/2011,19.23,19.36,19.59,19.41,19.02
04/04/2011,19.11,19.35,19.61,19.37,18.99
03/28/2011,19.12,19.42,19.65,19.35,0.0
03/21/2011,19.15,19.44,19.65,19.32,0.0
03/14/2011,19.36,19.53,19.67,19.3,0.0
03/07/2011,19.5,19.61,19.66,19.24,0.0
02/28/2011,19.58,19.71,19.65,19.17,0.0
02/21/2011,19.72,19.84,19.62,19.14,0.0
02/14/2011,19.73,19.9,19.58,19.09,0.0
02/07/2011,19.7,19.83,19.51,19.02,0.0
01/31/2011,19.73,19.82,19.43,18.95,0.0
01/24/2011,19.84,19.86,19.38,18.9,0.0
01/17/2011,19.96,19.87,19.32,18.84,0.0
01/10/2011,20.06,19.86,19.26,18.83,0.0
01/03/2011,19.95,19.81,19.18,18.83,0.0
12/27/2010,19.9,19.7,19.05,18.8,0.0
12/20/2010,19.88,19.59,18.9,18.73,0.0
12/13/2010,19.79,19.41,18.79,18.7,0.0
12/06/2010,19.66,19.26,18.68,18.65,0.0
11/29/2010,19.67,19.2,18.62,18.65,0.0
11/22/2010,19.5,19.04,18.52,18.64,0.0
11/15/2010,19.29,18.9,18.42,18.64,0.0
11/08/2010,19.03,18.77,18.32,18.65,0.0
11/01/2010,18.85,18.66,18.32,18.65,0.0
10/25/2010,18.72,18.55,18.34,18.68,0.0
10/18/2010,18.59,18.4,18.35,18.7,0.0
10/11/2010,18.51,18.22,18.31,18.73,0.0
10/04/2010,18.5,18.17,18.34,18.77,0.0
09/27/2010,18.48,18.11,18.34,18.73,0.0
09/20/2010,18.37,18.04,18.38,18.69,0.0
09/13/2010,18.22,18.0,18.44,18.64,0.0
09/06/2010,17.93,17.94,18.51,18.62,0.0
08/30/2010,17.84,17.88,18.6,0.0,0.0
08/23/2010,17.74,17.97,18.65,0.0,0.0
08/16/2010,17.72,18.14,18.74,0.0,0.0
08/09/2010,17.78,18.29,18.85,0.0,0.0
08/02/2010,17.95,18.4,18.99,0.0,0.0
07/26/2010,17.92,18.51,19.06,0.0,0.0
07/19/2010,18.21,18.58,19.04,0.0,0.0
07/12/2010,18.55,18.72,19.01,0.0,0.0
07/05/2010,18.8,18.89,18.96,0.0,0.0
06/28/2010,18.85,19.09,18.95,0.0,0.0
06/21/2010,19.09,19.31,0.0,0.0,0.0
06/14/2010,18.95,19.32,0.0,0.0,0.0
06/07/2010,18.88,19.35,0.0,0.0,0.0
05/31/2010,18.97,19.41,0.0,0.0,0.0
05/24/2010,19.33,19.58,0.0,0.0,0.0
05/17/2010,19.53,19.62,0.0,0.0,0.0
05/10/2010,19.69,19.51,0.0,0.0,0.0
05/03/2010,19.82,19.3,0.0,0.0,0.0
04/26/2010,19.86,19.04,0.0,0.0,0.0
04/19/2010,19.82,18.82,0.0,0.0,0.0
04/12/2010,19.7,0.0,0.0,0.0,0.0
04/05/2010,19.34,0.0,0.0,0.0,0.0
03/29/2010,18.79,0.0,0.0,0.0,0.0
03/22/2010,18.21,0.0,0.0,0.0,0.0
03/15/2010,17.81,0.0,0.0,0.0,0.0
03/08/2010,0.0,0.0,0.0,0.0,0.0
03/01/2010,0.0,0.0,0.0,0.0,0.0
02/22/2010,0.0,0.0,0.0,0.0,0.0
02/15/2010,0.0,0.0,0.0,0.0,0.0
