12/26/2022,11.33,11.28,10.66,10.31,9.69
12/19/2022,11.44,11.15,10.63,10.25,9.64
12/12/2022,11.51,11.02,10.61,10.19,9.59
12/05/2022,11.51,10.92,10.52,10.14,9.55
11/28/2022,11.33,10.73,10.42,10.07,9.5
11/21/2022,11.23,10.5,10.3,10.0,9.48
11/14/2022,10.85,10.34,10.17,9.93,9.45
11/07/2022,10.54,10.24,10.05,9.87,9.42
10/31/2022,10.32,10.15,9.98,9.84,9.4
10/24/2022,10.13,10.11,9.92,9.82,9.39
10/17/2022,9.77,10.04,9.82,9.78,9.38
10/10/2022,9.82,10.12,9.8,9.8,9.4
10/03/2022,9.95,10.19,9.78,9.83,9.4
09/26/2022,9.98,10.12,9.76,9.84,9.42
09/19/2022,10.1,10.11,9.74,9.79,9.44
09/12/2022,10.31,10.09,9.75,9.79,9.49
09/05/2022,10.42,10.01,9.72,9.74,9.52
08/29/2022,10.44,9.86,9.69,9.68,9.53
08/22/2022,10.25,9.81,9.69,9.62,9.55
08/15/2022,10.13,9.73,9.68,9.56,9.58
08/08/2022,9.87,9.61,9.66,9.51,9.6
08/01/2022,9.6,9.48,9.65,9.44,9.62
07/25/2022,9.28,9.36,9.65,9.36,9.64
07/18/2022,9.37,9.39,9.7,9.33,9.69
07/11/2022,9.33,9.36,9.63,9.28,9.72
07/04/2022,9.34,9.4,9.64,9.25,9.77
06/27/2022,9.36,9.43,9.6,9.2,9.82
06/20/2022,9.44,9.52,9.58,9.17,9.86
06/13/2022,9.42,9.56,9.52,9.12,9.89
06/06/2022,9.39,9.63,9.47,9.09,9.92
05/30/2022,9.46,9.71,9.46,9.08,9.96
05/23/2022,9.5,9.81,9.41,9.03,9.99
05/16/2022,9.6,9.94,9.35,8.99,10.01
05/09/2022,9.7,10.0,9.29,8.96,10.02
05/02/2022,9.87,9.9,9.24,8.94,10.06
04/25/2022,9.95,9.88,9.17,8.96,10.09
04/18/2022,10.12,9.78,9.09,8.97,10.1
04/11/2022,10.28,9.65,8.99,8.96,10.11
04/04/2022,10.31,9.48,8.9,8.95,10.12
03/28/2022,9.94,9.31,8.82,8.96,10.13
03/21/2022,9.81,9.22,8.76,8.99,10.13
03/14/2022,9.43,9.02,8.64,8.99,10.14
03/07/2022,9.02,8.77,8.51,8.97,10.12
02/28/2022,8.65,8.58,8.44,9.0,10.1
02/21/2022,8.69,8.58,8.46,9.1,10.12
02/14/2022,8.62,8.46,8.5,9.19,10.11
02/07/2022,8.6,8.4,8.56,9.3,10.12
01/31/2022,8.51,8.33,8.61,9.38,10.13
01/24/2022,8.51,8.31,8.69,9.49,10.13
01/17/2022,8.48,8.33,8.79,9.6,10.15
01/10/2022,8.3,8.3,8.87,9.69,10.14
01/03/2022,8.21,8.27,8.97,9.8,10.14
12/27/2021,8.14,8.26,9.08,9.93,10.13
12/20/2021,8.11,8.29,9.2,10.05,10.11
12/13/2021,8.19,8.33,9.35,10.16,10.09
12/06/2021,8.3,8.54,9.55,10.29,10.06
11/29/2021,8.32,8.72,9.75,10.43,10.05
11/22/2021,8.38,8.89,9.91,10.56,10.04
11/15/2021,8.47,9.07,10.08,10.67,10.02
11/08/2021,8.48,9.25,10.23,10.75,10.0
11/01/2021,8.77,9.44,10.38,10.84,9.96
10/25/2021,9.12,9.68,10.56,10.94,9.94
10/18/2021,9.4,9.89,10.76,11.02,9.92
10/11/2021,9.67,10.11,10.93,11.09,9.9
10/04/2021,10.01,10.37,11.08,11.17,9.88
09/27/2021,10.1,10.57,11.17,11.22,9.84
09/20/2021,10.23,10.77,11.28,11.24,9.81
09/13/2021,10.38,10.93,11.39,11.26,9.76
09/06/2021,10.56,11.08,11.47,11.28,9.71
08/30/2021,10.72,11.21,11.51,11.29,9.66
08/23/2021,11.04,11.33,11.55,11.27,9.6
08/16/2021,11.3,11.45,11.57,11.28,9.54
08/09/2021,11.47,11.63,11.59,11.26,9.49
08/02/2021,11.6,11.74,11.58,11.2,9.43
07/26/2021,11.7,11.79,11.57,11.14,9.36
07/19/2021,11.62,11.77,11.54,11.04,9.27
07/12/2021,11.59,11.8,11.47,10.95,9.17
07/05/2021,11.78,11.85,11.43,10.88,9.08
06/28/2021,11.87,11.85,11.38,10.78,8.97
06/21/2021,11.88,11.81,11.33,10.7,8.87
06/14/2021,11.91,11.76,11.24,10.59,8.77
06/07/2021,12.0,11.7,11.2,10.48,8.67
05/31/2021,11.93,11.55,11.08,10.34,8.57
05/24/2021,11.83,11.42,10.94,10.17,8.48
05/17/2021,11.73,11.36,10.81,10.01,8.38
05/10/2021,11.61,11.31,10.68,9.84,8.29
05/03/2021,11.39,11.15,10.53,9.67,8.18
04/26/2021,11.17,11.01,10.39,9.52,8.1
04/19/2021,11.01,10.91,10.25,9.38,8.03
04/12/2021,10.99,10.85,10.14,9.25,7.97
04/05/2021,11.0,10.71,10.01,9.08,7.9
03/29/2021,10.91,10.71,9.87,8.94,7.84
03/22/2021,10.85,10.61,9.73,8.81,7.78
03/15/2021,10.82,10.46,9.55,8.71,7.73
03/08/2021,10.72,10.27,9.33,8.59,7.67
03/01/2021,10.42,10.05,9.1,8.47,7.6
02/22/2021,10.51,9.91,8.92,8.38,7.56
02/15/2021,10.36,9.77,8.77,8.26,7.53
02/08/2021,10.09,9.58,8.62,8.14,7.49
02/01/2021,9.83,9.43,8.44,8.02,7.45
01/25/2021,9.67,9.3,8.27,7.93,7.43
01/18/2021,9.31,9.04,8.05,7.8,7.39
01/11/2021,9.18,8.85,7.91,7.72,7.37
01/04/2021,9.07,8.65,7.83,7.65,7.35
12/28/2020,9.04,8.4,7.75,7.58,7.34
12/21/2020,8.93,8.15,7.69,7.5,7.34
12/14/2020,8.78,7.94,7.61,7.39,7.33
12/07/2020,8.53,7.78,7.51,7.28,7.33
11/30/2020,8.24,7.65,7.42,7.16,7.33
11/23/2020,7.75,7.45,7.32,7.05,7.32
11/16/2020,7.37,7.23,7.25,6.95,7.32
11/09/2020,7.11,7.06,7.19,6.85,7.33
11/02/2020,7.03,6.98,7.15,6.8,7.38
10/26/2020,7.07,7.01,7.15,6.78,7.44
10/19/2020,7.15,7.1,7.18,6.76,7.5
10/12/2020,7.09,7.22,7.18,6.75,7.56
10/05/2020,7.02,7.28,7.12,6.7,7.61
09/28/2020,6.92,7.23,7.02,6.68,7.65
09/21/2020,6.95,7.19,6.92,6.68,7.69
09/14/2020,7.05,7.19,6.85,6.69,7.74
09/07/2020,7.35,7.26,6.81,6.71,7.82
08/31/2020,7.53,7.31,6.75,6.73,7.89
08/24/2020,7.54,7.32,6.71,6.75,7.95
08/17/2020,7.44,7.29,6.67,6.75,8.0
08/10/2020,7.33,7.26,6.58,6.75,8.05
08/03/2020,7.17,7.14,6.51,6.74,8.09
07/27/2020,7.08,6.95,6.42,6.75,8.13
07/20/2020,7.1,6.82,6.41,6.8,8.18
07/13/2020,7.15,6.64,6.43,6.85,8.23
07/06/2020,7.19,6.5,6.43,6.88,8.28
06/29/2020,7.11,6.36,6.44,6.93,8.33
06/22/2020,6.82,6.19,6.45,6.97,8.39
06/15/2020,6.53,6.1,6.47,7.02,8.45
06/08/2020,6.13,6.04,6.48,7.05,8.51
06/01/2020,5.82,5.91,6.49,7.1,8.57
05/25/2020,5.62,5.88,6.53,7.18,8.64
05/18/2020,5.55,5.88,6.65,7.28,8.73
05/11/2020,5.66,6.0,6.79,7.38,8.82
05/04/2020,5.94,6.21,6.95,7.49,8.92
04/27/2020,6.0,6.37,7.07,7.59,9.01
04/20/2020,6.15,6.51,7.22,7.7,9.09
04/13/2020,6.21,6.71,7.37,7.81,9.19
04/06/2020,6.35,6.84,7.48,7.96,9.28
03/30/2020,6.48,6.91,7.56,8.1,9.37
03/23/2020,6.73,7.07,7.7,8.25,9.47
03/16/2020,6.87,7.19,7.82,8.37,9.56
03/09/2020,7.2,7.42,7.98,8.51,9.66
03/02/2020,7.32,7.57,8.06,8.61,9.75
02/24/2020,7.34,7.69,8.13,8.7,9.85
02/17/2020,7.41,7.78,8.21,8.79,9.93
02/10/2020,7.5,7.93,8.29,8.93,10.01
02/03/2020,7.64,8.03,8.36,9.05,10.07
01/27/2020,7.82,8.12,8.52,9.16,10.15
01/20/2020,8.03,8.21,8.69,9.26,10.22
01/13/2020,8.14,8.33,8.84,9.35,10.29
01/06/2020,8.36,8.46,8.96,9.44,10.37
12/30/2019,8.41,8.53,9.05,9.51,10.43
12/23/2019,8.41,8.56,9.13,9.57,10.49
12/16/2019,8.39,8.57,9.2,9.61,10.54
12/09/2019,8.51,8.63,9.3,9.68,10.6
12/02/2019,8.56,8.65,9.43,9.73,10.64
11/25/2019,8.65,8.7,9.56,9.8,10.67
11/18/2019,8.7,8.92,9.68,9.88,10.72
11/11/2019,8.76,9.17,9.79,9.97,10.77
11/04/2019,8.76,9.35,9.87,10.05,10.81
10/28/2019,8.73,9.46,9.93,10.11,10.85
10/21/2019,8.75,9.57,10.0,10.18,10.89
10/14/2019,9.14,9.7,10.07,10.26,10.94
10/07/2019,9.58,9.82,10.14,10.35,11.0
09/30/2019,9.94,9.96,10.21,10.43,11.05
09/23/2019,10.19,10.22,10.27,10.49,11.09
09/16/2019,10.39,10.42,10.35,10.56,11.14
09/09/2019,10.25,10.44,10.36,10.61,11.17
09/02/2019,10.07,10.4,10.37,10.64,11.19
08/26/2019,9.98,10.39,10.39,10.69,11.21
08/19/2019,10.25,10.41,10.44,10.76,11.24
08/12/2019,10.46,10.42,10.49,10.82,11.27
08/05/2019,10.62,10.45,10.55,10.89,11.3
07/29/2019,10.74,10.45,10.61,11.0,11.33
07/22/2019,10.79,10.46,10.66,11.07,11.36
07/15/2019,10.57,10.33,10.62,11.08,11.36
07/08/2019,10.38,10.28,10.63,11.1,11.38
07/01/2019,10.28,10.28,10.69,11.14,11.41
06/24/2019,10.16,10.34,10.76,11.17,11.44
06/17/2019,10.12,10.4,10.84,11.23,11.47
06/10/2019,10.09,10.47,10.93,11.29,11.49
06/03/2019,10.18,10.56,11.02,11.36,11.5
05/27/2019,10.29,10.65,11.11,11.42,11.51
05/20/2019,10.52,10.77,11.27,11.47,11.52
05/13/2019,10.67,10.86,11.37,11.51,11.53
05/06/2019,10.84,10.91,11.46,11.55,11.53
04/29/2019,10.94,10.98,11.51,11.54,11.54
04/22/2019,11.0,11.1,11.56,11.55,11.53
04/15/2019,11.03,11.18,11.59,11.57,11.51
04/08/2019,11.04,11.29,11.65,11.58,11.5
04/01/2019,10.98,11.39,11.71,11.58,11.47
03/25/2019,11.02,11.48,11.75,11.6,11.44
03/18/2019,11.2,11.57,11.8,11.63,11.42
03/11/2019,11.34,11.77,11.82,11.65,11.4
03/04/2019,11.54,11.89,11.84,11.67,11.37
02/25/2019,11.8,12.01,11.87,11.7,11.36
02/18/2019,11.94,12.04,11.83,11.72,11.34
02/11/2019,11.94,12.02,11.78,11.74,11.3
02/04/2019,12.2,11.99,11.76,11.74,11.27
01/28/2019,12.24,12.01,11.73,11.74,11.23
01/21/2019,12.21,12.02,11.68,11.73,11.19
01/14/2019,12.13,12.03,11.66,11.72,11.15
01/07/2019,12.1,12.03,11.65,11.7,11.11
12/31/2018,11.78,11.88,11.59,11.66,11.05
12/24/2018,11.79,11.8,11.56,11.64,10.99
12/17/2018,11.83,11.74,11.55,11.64,10.95
12/10/2018,11.92,11.62,11.56,11.66,10.91
12/03/2018,11.96,11.53,11.6,11.68,10.87
11/26/2018,11.98,11.53,11.61,11.71,10.81
11/19/2018,11.81,11.45,11.6,11.7,10.74
11/12/2018,11.65,11.33,11.58,11.68,10.68
11/05/2018,11.31,11.29,11.56,11.65,10.61
10/29/2018,11.11,11.28,11.54,11.61,10.54
10/22/2018,11.08,11.3,11.54,11.57,10.47
10/15/2018,11.09,11.32,11.57,11.54,10.41
10/08/2018,11.01,11.35,11.6,11.52,10.36
10/01/2018,11.26,11.5,11.69,11.53,10.31
09/24/2018,11.45,11.66,11.75,11.52,10.26
09/17/2018,11.51,11.69,11.8,11.46,10.21
09/10/2018,11.54,11.75,11.83,11.41,10.17
09/03/2018,11.7,11.83,11.85,11.37,10.12
08/27/2018,11.74,11.84,11.83,11.29,10.07
08/20/2018,11.87,11.8,11.78,11.22,10.02
08/13/2018,11.87,11.79,11.7,11.15,9.97
08/06/2018,11.95,11.82,11.65,11.08,9.93
07/30/2018,11.97,11.84,11.6,11.02,9.88
07/23/2018,11.94,11.87,11.55,10.96,9.84
07/16/2018,11.73,11.84,11.44,10.87,9.78
07/09/2018,11.71,11.91,11.35,10.8,9.73
07/02/2018,11.68,11.92,11.24,10.72,9.69
06/25/2018,11.71,11.87,11.14,10.66,9.64
06/18/2018,11.8,11.81,11.01,10.59,9.6
06/11/2018,11.95,11.75,10.92,10.52,9.55
06/04/2018,12.1,11.62,10.83,10.43,9.49
05/28/2018,12.15,11.48,10.71,10.34,9.42
05/21/2018,12.03,11.36,10.61,10.25,9.35
05/14/2018,11.83,11.22,10.5,10.16,9.29
05/07/2018,11.55,11.04,10.38,10.05,9.22
04/30/2018,11.13,10.79,10.24,9.92,9.15
04/23/2018,10.82,10.57,10.12,9.79,9.09
04/16/2018,10.68,10.4,10.05,9.68,9.03
04/09/2018,10.62,10.21,9.98,9.57,8.99
04/02/2018,10.53,10.09,9.9,9.46,8.95
03/26/2018,10.45,10.04,9.84,9.37,8.91
03/19/2018,10.31,9.93,9.77,9.28,8.87
03/12/2018,10.13,9.86,9.69,9.19,8.81
03/05/2018,9.81,9.78,9.62,9.09,8.76
02/26/2018,9.65,9.72,9.56,9.01,8.75
02/19/2018,9.62,9.7,9.48,8.96,8.75
02/12/2018,9.56,9.68,9.4,8.92,8.75
02/05/2018,9.59,9.69,9.32,8.88,8.76
01/29/2018,9.76,9.74,9.25,8.85,8.78
01/22/2018,9.79,9.71,9.15,8.82,8.78
01/15/2018,9.77,9.65,9.04,8.79,8.79
01/08/2018,9.79,9.61,8.96,8.78,8.79
01/01/2018,9.79,9.53,8.86,8.75,8.78
12/25/2017,9.72,9.47,8.75,8.72,8.77
12/18/2017,9.63,9.39,8.66,8.7,8.76
12/11/2017,9.53,9.26,8.6,8.67,8.75
12/04/2017,9.43,9.11,8.55,8.65,8.75
11/27/2017,9.26,8.94,8.47,8.62,8.75
11/20/2017,9.21,8.76,8.41,8.62,8.76
11/13/2017,9.15,8.59,8.38,8.58,8.77
11/06/2017,8.99,8.44,8.36,8.54,8.78
10/30/2017,8.8,8.3,8.36,8.5,8.79
10/23/2017,8.62,8.2,8.36,8.46,8.82
10/16/2017,8.3,8.04,8.35,8.43,8.86
10/09/2017,8.02,7.92,8.35,8.39,8.89
10/02/2017,7.88,7.93,8.38,8.38,8.94
09/25/2017,7.81,7.98,8.42,8.39,9.0
09/18/2017,7.77,8.0,8.46,8.39,9.06
09/11/2017,7.77,8.05,8.55,8.41,9.12
09/04/2017,7.82,8.16,8.58,8.43,9.2
08/28/2017,7.98,8.29,8.59,8.44,9.29
08/21/2017,8.15,8.41,8.6,8.45,9.36
08/14/2017,8.22,8.53,8.59,8.44,9.45
08/07/2017,8.34,8.66,8.63,8.42,9.52
07/31/2017,8.5,8.78,8.63,8.49,9.59
07/24/2017,8.61,8.82,8.61,8.54,9.64
07/17/2017,8.67,8.86,8.59,8.58,9.7
07/10/2017,8.83,8.93,8.59,8.64,9.76
07/03/2017,8.98,9.05,8.58,8.7,9.82
06/26/2017,9.05,8.99,8.56,8.74,9.86
06/19/2017,9.04,8.9,8.52,8.78,9.91
06/12/2017,9.05,8.78,8.47,8.8,9.96
06/05/2017,9.02,8.65,8.39,8.81,10.0
05/29/2017,9.12,8.6,8.3,8.82,10.05
05/22/2017,8.93,8.48,8.34,8.82,10.09
05/15/2017,8.75,8.4,8.39,8.83,10.15
05/08/2017,8.51,8.31,8.44,8.84,10.2
05/01/2017,8.28,8.25,8.49,8.88,10.27
04/24/2017,8.07,8.12,8.53,8.9,10.32
04/17/2017,8.03,8.13,8.62,8.95,10.39
04/10/2017,8.05,8.14,8.72,9.01,10.45
04/03/2017,8.12,8.15,8.81,9.09,10.51
03/27/2017,8.22,8.13,8.89,9.18,10.56
03/20/2017,8.16,8.0,8.94,9.28,10.6
03/13/2017,8.22,8.2,8.98,9.39,10.66
03/06/2017,8.23,8.39,9.04,9.5,10.7
02/27/2017,8.18,8.57,9.11,9.61,10.73
02/20/2017,8.04,8.74,9.2,9.72,10.76
02/13/2017,7.85,8.94,9.29,9.84,10.81
02/06/2017,8.18,9.12,9.36,9.98,10.86
01/30/2017,8.55,9.3,9.45,10.14,10.9
01/23/2017,8.95,9.48,9.56,10.28,10.95
01/16/2017,9.43,9.66,9.7,10.46,11.02
01/09/2017,10.03,9.87,9.92,10.63,11.11
01/02/2017,10.06,9.77,9.99,10.69,11.15
12/26/2016,10.05,9.7,10.06,10.74,11.18
12/19/2016,10.0,9.65,10.13,10.81,11.22
12/12/2016,9.88,9.66,10.21,10.88,11.27
12/05/2016,9.71,9.64,10.28,10.93,11.33
11/28/2016,9.49,9.61,10.42,10.98,11.47
11/21/2016,9.35,9.6,10.56,11.04,11.62
11/14/2016,9.29,9.64,10.68,11.11,11.75
11/07/2016,9.43,9.74,10.86,11.19,11.88
10/31/2016,9.57,9.98,11.01,11.28,12.02
10/24/2016,9.73,10.2,11.15,11.37,12.16
10/17/2016,9.85,10.42,11.26,11.46,12.28
10/10/2016,9.99,10.62,11.39,11.56,12.42
10/03/2016,10.05,10.76,11.49,11.66,12.54
09/26/2016,10.38,10.93,11.58,11.74,12.68
09/19/2016,10.68,11.22,11.67,11.83,12.82
09/12/2016,10.98,11.51,11.77,11.88,12.97
09/05/2016,11.25,11.72,11.84,11.92,13.11
08/29/2016,11.47,11.98,11.92,11.94,13.27
08/22/2016,11.48,12.04,11.93,11.93,13.39
08/15/2016,11.77,12.1,11.95,11.93,13.52
08/08/2016,12.05,12.1,11.99,11.91,13.66
08/01/2016,12.2,12.16,12.04,11.86,13.8
07/25/2016,12.49,12.22,12.1,11.81,13.93
07/18/2016,12.61,12.23,12.15,11.78,14.07
07/11/2016,12.43,12.11,12.13,11.73,14.19
07/04/2016,12.15,12.02,12.07,11.67,14.33
06/27/2016,12.13,11.96,12.02,11.62,14.47
06/20/2016,11.95,11.86,11.92,11.58,14.6
06/13/2016,11.85,11.81,11.87,11.59,14.73
06/06/2016,11.79,11.8,11.84,11.61,14.88
05/30/2016,11.88,11.87,11.81,11.62,15.03
05/23/2016,11.8,11.91,11.7,11.63,15.18
05/16/2016,11.76,11.99,11.6,11.67,15.34
05/09/2016,11.77,12.07,11.55,11.73,15.51
05/02/2016,11.8,12.15,11.54,11.96,15.69
04/25/2016,11.86,12.12,11.5,12.19,15.85
04/18/2016,12.02,12.08,11.45,12.4,16.01
04/11/2016,12.21,11.99,11.45,12.57,16.18
04/04/2016,12.37,11.93,11.48,12.76,16.34
03/28/2016,12.5,11.88,11.51,12.96,16.5
03/21/2016,12.39,11.75,11.49,13.11,16.64
03/14/2016,12.14,11.5,11.49,13.27,16.77
03/07/2016,11.77,11.21,11.51,13.43,16.89
02/29/2016,11.49,11.03,11.56,13.62,16.99
02/22/2016,11.26,10.93,11.87,13.82,17.08
02/15/2016,11.12,10.88,12.22,14.06,17.19
02/08/2016,10.86,10.82,12.56,14.31,17.32
02/01/2016,10.65,10.91,12.86,14.6,17.44
01/25/2016,10.57,11.03,13.17,14.86,17.55
01/18/2016,10.59,11.15,13.49,15.12,17.68
01/11/2016,10.63,11.23,13.78,15.42,17.82
01/04/2016,10.79,11.47,14.16,15.74,17.98
12/28/2015,11.16,11.8,14.53,16.06,18.13
12/21/2015,11.49,12.09,14.91,16.37,18.26
12/14/2015,11.7,12.81,15.27,16.66,18.38
12/07/2015,11.83,13.57,15.65,16.99,18.51
11/30/2015,12.15,14.29,16.05,17.32,18.63
11/23/2015,12.45,14.81,16.44,17.61,18.74
11/16/2015,12.7,15.31,16.78,17.87,18.85
11/09/2015,13.91,15.84,17.11,18.15,18.98
11/02/2015,15.31,16.33,17.51,18.44,19.12
10/26/2015,16.43,16.84,17.88,18.74,19.24
10/19/2015,17.17,17.27,18.19,19.01,19.32
10/12/2015,17.93,17.73,18.5,19.29,19.4
10/05/2015,17.77,17.73,18.59,19.41,19.4
09/28/2015,17.36,17.72,18.69,19.51,19.4
09/21/2015,17.26,17.8,18.84,19.63,19.41
09/14/2015,17.36,18.08,19.01,19.79,19.45
09/07/2015,17.53,18.24,19.15,19.93,19.48
08/31/2015,17.68,18.37,19.3,20.04,19.51
08/24/2015,18.09,18.68,19.49,20.18,19.54
08/17/2015,18.35,18.91,19.69,20.27,19.58
08/10/2015,18.8,19.12,19.88,20.36,19.61
08/03/2015,18.96,19.28,20.07,20.37,19.62
07/27/2015,19.06,19.44,20.25,20.35,19.63
07/20/2015,19.27,19.67,20.4,20.33,19.64
07/13/2015,19.47,19.87,20.55,20.32,19.66
07/06/2015,19.45,19.93,20.65,20.28,19.65
06/29/2015,19.59,20.06,20.77,20.24,19.65
06/22/2015,19.83,20.23,20.87,20.24,19.66
06/15/2015,20.06,20.3,20.93,20.23,19.64
06/08/2015,20.28,20.48,20.95,20.21,19.61
06/01/2015,20.42,20.65,20.98,20.19,19.58
05/25/2015,20.52,20.86,20.92,20.15,19.54
05/18/2015,20.63,21.06,20.8,20.11,19.49
05/11/2015,20.54,21.13,20.66,20.03,19.43
05/04/2015,20.68,21.22,20.55,19.94,19.36
04/27/2015,20.87,21.36,20.46,19.87,19.3
04/20/2015,21.19,21.48,20.33,19.84,19.26
04/13/2015,21.48,21.51,20.25,19.82,19.2
04/06/2015,21.72,21.56,20.2,19.81,19.17
03/30/2015,21.76,21.43,20.08,19.73,19.12
03/23/2015,21.86,21.31,19.96,19.62,19.07
03/16/2015,21.76,20.98,19.8,19.51,19.01
03/09/2015,21.53,20.55,19.63,19.39,18.96
03/02/2015,21.4,20.2,19.47,19.29,18.95
02/23/2015,21.1,19.88,19.3,19.19,18.95
02/16/2015,20.76,19.55,19.13,19.1,18.95
02/09/2015,20.19,19.18,19.02,19.03,18.96
02/02/2015,19.56,19.0,18.97,18.98,18.97
01/26/2015,19.0,18.84,18.93,18.9,18.97
01/19/2015,18.67,18.72,18.88,18.88,18.99
01/12/2015,18.34,18.61,18.78,18.86,19.02
01/05/2015,18.18,18.63,18.77,18.88,19.07
12/29/2014,18.43,18.72,18.81,18.91,19.13
12/22/2014,18.67,18.75,18.84,18.95,19.18
12/15/2014,18.78,18.71,18.84,18.99,19.21
12/08/2014,18.87,18.7,18.88,19.01,19.27
12/01/2014,19.08,18.85,18.95,19.07,19.34
11/24/2014,19.0,18.95,18.97,19.07,19.36
11/17/2014,18.83,19.03,18.94,19.04,19.37
11/10/2014,18.64,19.03,18.96,19.02,19.39
11/03/2014,18.53,18.95,18.99,18.98,19.42
10/27/2014,18.62,18.91,19.0,18.93,19.45
10/20/2014,18.89,18.91,19.01,18.88,19.47
10/13/2014,19.23,18.93,19.06,18.84,19.49
10/06/2014,19.42,18.98,19.13,18.79,19.53
09/29/2014,19.37,19.05,19.16,18.73,19.57
09/22/2014,19.2,19.06,19.18,18.68,19.59
09/15/2014,18.93,18.99,19.13,18.58,19.6
09/08/2014,18.64,18.84,19.05,18.53,19.6
09/01/2014,18.54,18.9,19.01,18.52,19.61
08/25/2014,18.73,19.02,19.0,18.52,19.62
08/18/2014,18.91,19.09,18.94,18.51,19.61
08/11/2014,19.04,19.12,18.86,18.53,19.6
08/04/2014,19.04,19.18,18.8,18.61,19.59
07/28/2014,19.26,19.28,18.7,18.71,19.59
07/21/2014,19.31,19.28,18.58,18.8,19.58
07/14/2014,19.27,19.31,18.5,18.89,19.57
07/07/2014,19.19,19.28,18.38,18.96,19.55
06/30/2014,19.31,19.26,18.38,19.04,19.55
06/23/2014,19.29,19.13,18.33,19.09,19.53
06/16/2014,19.25,18.98,18.27,19.18,19.51
06/09/2014,19.35,18.8,18.22,19.26,19.49
06/02/2014,19.37,18.61,18.24,19.35,19.46
05/26/2014,19.21,18.41,18.33,19.4,19.43
05/19/2014,18.96,18.12,18.43,19.44,19.4
05/12/2014,18.71,17.88,18.56,19.53,19.38
05/05/2014,18.25,17.69,18.69,19.6,19.35
04/28/2014,17.85,17.48,18.8,19.65,19.33
04/21/2014,17.61,17.49,18.93,19.69,19.32
04/14/2014,17.28,17.53,19.07,19.76,19.31
04/07/2014,17.05,17.55,19.28,19.85,19.32
03/31/2014,17.12,17.65,19.5,19.96,19.34
03/24/2014,17.11,17.86,19.71,20.06,19.37
03/17/2014,17.36,18.24,19.9,20.13,19.4
03/10/2014,17.78,18.75,20.1,20.27,19.43
03/03/2014,18.06,19.24,20.36,20.4,19.48
02/24/2014,18.17,19.69,20.56,20.5,19.51
02/17/2014,18.61,20.12,20.73,20.61,19.56
02/10/2014,19.11,20.36,20.8,20.68,19.57
02/03/2014,19.71,20.6,20.87,20.69,19.58
01/27/2014,20.42,21.0,21.01,20.72,19.59
01/20/2014,21.21,21.35,21.11,20.72,19.6
01/13/2014,21.63,21.57,21.15,20.67,19.6
01/06/2014,21.61,21.56,21.08,20.57,19.57
12/30/2013,21.49,21.45,21.03,20.46,19.52
12/23/2013,21.57,21.48,20.97,20.36,19.48
12/16/2013,21.49,21.42,20.9,20.24,19.45
12/09/2013,21.51,21.35,20.86,20.14,19.42
12/02/2013,21.5,21.23,20.83,20.05,19.39
11/25/2013,21.4,21.15,20.74,19.97,19.37
11/18/2013,21.39,21.01,20.58,19.84,19.34
11/11/2013,21.36,20.88,20.4,19.71,19.31
11/04/2013,21.18,20.74,20.22,19.57,19.28
10/28/2013,20.96,20.61,20.08,19.46,19.25
10/21/2013,20.89,20.62,19.97,19.36,19.23
10/14/2013,20.64,20.47,19.79,19.22,19.18
10/07/2013,20.4,20.39,19.64,19.1,19.14
09/30/2013,20.29,20.37,19.54,19.02,19.12
09/23/2013,20.25,20.43,19.46,18.94,19.12
09/16/2013,20.35,20.33,19.38,18.85,19.1
09/09/2013,20.3,20.15,19.26,18.78,19.08
09/02/2013,20.37,19.93,19.13,18.72,19.07
08/26/2013,20.45,19.71,18.98,18.68,19.07
08/19/2013,20.61,19.55,18.89,18.66,19.07
08/12/2013,20.31,19.33,18.73,18.6,19.05
08/05/2013,19.99,19.12,18.6,18.57,19.02
07/29/2013,19.48,18.9,18.46,18.53,18.99
07/22/2013,18.96,18.71,18.34,18.5,18.94
07/15/2013,18.49,18.5,18.2,18.46,18.89
07/08/2013,18.35,18.43,18.11,18.46,18.87
07/01/2013,18.25,18.37,18.1,18.47,18.85
06/24/2013,18.32,18.33,18.11,18.49,18.86
06/17/2013,18.46,18.26,18.17,18.53,18.88
06/10/2013,18.5,18.22,18.22,18.57,18.89
06/03/2013,18.52,18.12,18.23,18.57,18.88
05/27/2013,18.49,18.08,18.3,18.61,18.87
05/20/2013,18.34,18.02,18.34,18.65,18.86
05/13/2013,18.06,17.98,18.39,18.69,18.87
05/06/2013,17.94,17.9,18.44,18.74,18.88
04/29/2013,17.73,17.79,18.48,18.78,18.9
04/22/2013,17.66,17.83,18.52,18.84,18.91
04/15/2013,17.69,17.9,18.57,18.9,18.93
04/08/2013,17.89,18.08,18.67,18.99,18.97
04/01/2013,17.85,18.22,18.74,19.04,19.0
03/25/2013,17.86,18.34,18.8,19.1,19.02
03/18/2013,17.99,18.52,18.88,19.14,19.04
03/11/2013,18.1,18.66,18.97,19.18,19.05
03/04/2013,18.27,18.81,19.05,19.23,19.07
02/25/2013,18.58,18.99,19.16,19.29,19.09
02/18/2013,18.83,19.17,19.27,19.35,19.11
02/11/2013,19.04,19.21,19.35,19.38,19.11
02/04/2013,19.22,19.25,19.4,19.43,19.12
01/28/2013,19.35,19.25,19.44,19.45,19.1
01/21/2013,19.39,19.27,19.46,19.47,19.08
01/14/2013,19.5,19.26,19.48,19.5,19.06
01/07/2013,19.39,19.24,19.45,19.47,19.01
12/31/2012,19.28,19.29,19.44,19.45,18.97
12/24/2012,19.15,19.29,19.44,19.39,18.95
12/17/2012,19.14,19.32,19.45,19.32,18.94
12/10/2012,19.01,19.38,19.45,19.27,18.93
12/03/2012,19.09,19.48,19.46,19.24,18.92
11/26/2012,19.29,19.55,19.52,19.23,18.92
11/19/2012,19.43,19.63,19.55,19.22,18.9
11/12/2012,19.51,19.65,19.57,19.21,18.87
11/05/2012,19.75,19.71,19.62,19.19,18.85
10/29/2012,19.87,19.66,19.59,19.13,18.83
10/22/2012,19.81,19.6,19.53,19.07,18.78
10/15/2012,19.82,19.58,19.44,19.04,18.74
10/08/2012,19.78,19.57,19.32,19.03,18.71
10/01/2012,19.66,19.51,19.22,19.01,18.66
09/24/2012,19.44,19.44,19.11,18.97,18.62
09/17/2012,19.4,19.49,19.07,18.96,18.6
09/10/2012,19.34,19.48,19.02,18.96,18.59
09/03/2012,19.37,19.5,19.0,18.96,18.58
08/27/2012,19.36,19.54,18.94,18.94,18.57
08/20/2012,19.43,19.52,18.87,18.94,18.57
08/13/2012,19.57,19.45,18.81,18.92,18.57
08/06/2012,19.61,19.29,18.77,18.9,18.54
07/30/2012,19.62,19.08,18.76,18.88,18.53
07/23/2012,19.72,18.92,18.76,18.86,18.52
07/16/2012,19.62,18.79,18.74,18.84,18.5
07/09/2012,19.33,18.66,18.69,18.81,18.48
07/02/2012,18.97,18.55,18.69,18.74,18.46
06/25/2012,18.53,18.5,18.69,18.69,18.45
06/18/2012,18.12,18.33,18.64,18.61,18.43
06/11/2012,17.96,18.22,18.66,18.54,18.43
06/04/2012,17.98,18.16,18.65,18.5,18.43
05/28/2012,18.13,18.24,18.71,18.51,18.43
05/21/2012,18.47,18.45,18.78,18.55,18.44
05/14/2012,18.54,18.61,18.83,18.59,18.45
05/07/2012,18.47,18.69,18.87,18.61,18.44
04/30/2012,18.35,18.73,18.88,18.6,18.41
04/23/2012,18.35,18.84,18.83,18.58,18.39
04/16/2012,18.43,18.88,18.78,18.53,18.37
04/09/2012,18.68,18.95,18.76,18.51,18.35
04/02/2012,18.91,19.1,18.7,18.52,18.34
03/26/2012,19.11,19.14,18.67,18.48,18.33
03/19/2012,19.32,19.17,18.64,18.44,18.3
03/12/2012,19.34,19.1,18.61,18.38,18.25
03/05/2012,19.23,19.06,18.58,18.31,18.21
02/27/2012,19.28,19.05,18.56,18.28,18.16
02/20/2012,19.16,19.04,18.54,18.24,18.1
02/13/2012,19.03,18.83,18.45,18.22,18.04
02/06/2012,18.87,18.68,18.35,18.21,17.98
01/30/2012,18.89,18.56,18.29,18.2,17.93
01/23/2012,18.82,18.3,18.23,18.2,17.87
01/16/2012,18.91,18.2,18.16,18.21,17.83
01/09/2012,18.63,18.12,18.08,18.18,17.76
01/02/2012,18.49,18.11,18.02,18.18,17.7
12/26/2011,18.23,18.1,17.93,18.17,17.64
12/19/2011,17.78,18.08,17.89,18.16,17.59
12/12/2011,17.48,18.05,17.85,18.15,17.53
12/05/2011,17.6,18.07,17.91,18.18,17.49
11/28/2011,17.73,18.03,17.97,18.21,17.46
11/21/2011,17.98,18.02,18.02,18.24,17.43
11/14/2011,18.37,18.15,18.14,18.32,17.41
11/07/2011,18.62,18.11,18.22,18.36,17.38
10/31/2011,18.55,18.04,18.21,18.35,17.34
10/24/2011,18.33,17.94,18.21,18.33,17.28
10/17/2011,18.06,17.77,18.21,18.31,17.23
10/10/2011,17.94,17.71,18.21,18.27,17.17
10/03/2011,17.61,17.64,18.2,18.22,17.1
09/26/2011,17.54,17.75,18.24,18.2,17.06
09/19/2011,17.54,17.91,18.31,18.21,17.04
09/12/2011,17.47,18.02,18.36,18.19,17.01
09/05/2011,17.47,18.13,18.41,18.17,16.96
08/29/2011,17.68,18.33,18.49,18.17,16.91
08/22/2011,17.97,18.38,18.5,18.15,16.85
08/15/2011,18.27,18.48,18.53,18.12,16.78
08/08/2011,18.57,18.65,18.58,18.11,16.72
08/01/2011,18.79,18.71,18.55,18.04,16.66
07/25/2011,18.98,18.76,18.5,17.96,16.59
07/18/2011,18.8,18.72,18.43,17.85,16.5
07/11/2011,18.69,18.71,18.37,17.75,16.41
07/04/2011,18.74,18.7,18.28,17.66,16.32
06/27/2011,18.63,18.69,18.18,17.55,16.25
06/20/2011,18.53,18.65,18.09,17.44,16.16
06/13/2011,18.64,18.62,18.03,17.34,16.13
06/06/2011,18.72,18.58,17.94,17.22,16.09
05/30/2011,18.66,18.52,17.83,17.1,16.03
05/23/2011,18.75,18.39,17.71,17.01,15.98
05/16/2011,18.76,18.25,17.56,16.9,15.93
05/09/2011,18.6,18.14,17.42,16.79,15.88
05/02/2011,18.43,18.03,17.27,16.7,15.81
04/25/2011,18.37,17.86,17.14,16.61,15.76
04/18/2011,18.03,17.68,16.98,16.49,15.69
04/11/2011,17.74,17.54,16.84,16.4,15.62
04/04/2011,17.67,17.44,16.69,16.32,15.55
03/28/2011,17.63,17.3,16.54,16.23,15.48
03/21/2011,17.35,17.15,16.39,16.15,15.4
03/14/2011,17.32,17.02,16.32,16.07,15.35
03/07/2011,17.34,16.87,16.23,15.99,15.29
02/28/2011,17.21,16.7,16.12,15.92,15.24
02/21/2011,16.97,16.51,16.03,15.86,15.18
02/14/2011,16.96,16.41,15.98,15.82,15.14
02/07/2011,16.72,16.29,15.9,15.75,15.09
01/31/2011,16.4,16.15,15.83,15.65,15.03
01/24/2011,16.19,15.95,15.77,15.55,14.99
01/17/2011,16.05,15.78,15.7,15.43,14.95
01/10/2011,15.86,15.63,15.64,15.34,14.9
01/03/2011,15.86,15.61,15.59,15.28,14.86
12/27/2010,15.89,15.59,15.55,15.22,14.84
12/20/2010,15.7,15.54,15.53,15.14,14.81
12/13/2010,15.51,15.55,15.54,15.07,14.77
12/06/2010,15.4,15.55,15.53,14.99,14.74
11/29/2010,15.36,15.51,15.48,14.94,14.69
11/22/2010,15.29,15.51,15.4,14.88,14.64
11/15/2010,15.38,15.59,15.35,14.92,14.59
11/08/2010,15.58,15.62,15.26,14.96,14.55
11/01/2010,15.7,15.66,15.19,14.96,14.5
10/25/2010,15.66,15.57,15.11,14.95,14.45
10/18/2010,15.72,15.52,15.03,14.97,14.39
10/11/2010,15.79,15.51,14.94,14.97,14.34
10/04/2010,15.66,15.53,14.83,14.93,14.28
09/27/2010,15.61,15.51,14.72,14.91,14.21
09/20/2010,15.49,15.46,14.66,14.89,14.15
09/13/2010,15.31,15.3,14.57,14.84,14.08
09/06/2010,15.23,15.11,14.58,14.77,13.99
08/30/2010,15.4,14.9,14.63,14.72,13.9
08/23/2010,15.41,14.72,14.62,14.65,13.8
08/16/2010,15.43,14.65,14.64,14.62,13.71
08/09/2010,15.3,14.54,14.69,14.6,13.63
08/02/2010,14.99,14.36,14.69,14.57,13.55
07/26/2010,14.39,14.12,14.63,14.5,13.44
07/19/2010,14.04,13.92,14.61,14.45,13.35
07/12/2010,13.87,13.86,14.61,14.42,13.28
07/05/2010,13.78,13.84,14.6,14.42,13.22
06/28/2010,13.73,14.06,14.6,14.43,13.16
06/21/2010,13.84,14.35,14.63,14.46,13.13
06/14/2010,13.81,14.52,14.61,14.45,13.07
06/07/2010,13.85,14.63,14.61,14.45,13.0
05/31/2010,13.9,14.84,14.63,14.46,12.95
05/24/2010,14.38,15.03,14.68,14.48,12.89
05/17/2010,14.86,15.15,14.69,14.48,12.84
05/10/2010,15.22,15.3,14.72,14.48,12.77
05/03/2010,15.42,15.36,14.7,14.44,12.7
04/26/2010,15.78,15.36,14.7,14.4,12.63
04/19/2010,15.67,15.15,14.62,14.27,12.51
04/12/2010,15.43,14.91,14.51,14.14,12.4
04/05/2010,15.38,14.71,14.42,14.04,12.29
03/29/2010,15.3,14.59,14.35,13.94,12.19
03/22/2010,14.95,14.41,14.27,13.82,12.09
03/15/2010,14.63,14.33,14.21,13.71,11.99
03/08/2010,14.39,14.23,14.14,13.62,11.89
03/01/2010,14.04,14.14,14.07,13.51,11.78
02/22/2010,13.87,14.05,13.99,13.41,11.69
02/15/2010,13.87,14.04,13.92,13.33,11.61
02/08/2010,14.02,14.08,13.83,13.21,11.54
02/01/2010,14.07,14.1,13.76,13.08,11.47
01/25/2010,14.24,14.14,13.71,12.95,11.41
01/18/2010,14.23,14.12,13.62,12.8,11.32
01/11/2010,14.22,14.14,13.52,12.67,11.25
01/04/2010,14.14,14.09,13.41,12.52,11.15
12/28/2009,14.14,14.05,13.32,12.39,11.06
12/21/2009,14.03,14.0,13.2,12.25,10.98
12/14/2009,14.01,13.92,13.09,12.14,10.92
12/07/2009,14.06,13.79,12.97,12.02,10.84
11/30/2009,14.03,13.57,12.77,11.9,10.76
11/23/2009,13.96,13.41,12.57,11.8,10.68
11/16/2009,13.97,13.28,12.36,11.69,10.63
11/09/2009,13.84,13.11,12.14,11.56,10.58
11/02/2009,13.52,12.91,11.94,11.43,10.54
10/26/2009,13.12,12.73,11.74,11.3,10.51
10/19/2009,12.86,12.59,11.56,11.2,10.48
10/12/2009,12.59,12.4,11.38,11.07,10.46
10/05/2009,12.39,12.26,11.25,10.95,10.44
09/28/2009,12.3,12.16,11.14,10.85,10.44
09/21/2009,12.35,11.96,11.06,10.75,10.45
09/14/2009,12.31,11.74,10.99,10.65,10.46
09/07/2009,12.21,11.45,10.89,10.54,10.46
08/31/2009,12.14,11.17,10.79,10.44,10.45
08/24/2009,12.02,10.97,10.69,10.36,10.45
08/17/2009,11.57,10.74,10.58,10.27,10.44
08/10/2009,11.17,10.54,10.51,10.16,10.44
08/03/2009,10.69,10.37,10.4,10.06,10.45
07/27/2009,10.21,10.23,10.3,9.96,10.46
07/20/2009,9.91,10.11,10.2,9.9,10.48
07/13/2009,9.91,10.17,10.15,9.88,10.54
07/06/2009,9.91,10.25,10.11,9.86,10.59
06/29/2009,10.04,10.34,10.09,9.86,10.66
06/22/2009,10.26,10.4,10.07,9.85,10.73
06/15/2009,10.31,10.41,10.06,9.83,10.78
06/08/2009,10.42,10.42,10.03,9.78,10.84
06/01/2009,10.58,10.48,9.97,9.74,10.89
05/25/2009,10.64,10.44,9.9,9.71,10.94
05/18/2009,10.54,10.37,9.82,9.69,10.99
05/11/2009,10.51,10.29,9.79,9.66,11.04
05/04/2009,10.42,10.13,9.73,9.62,11.1
04/27/2009,10.37,9.97,9.67,9.56,11.14
04/20/2009,10.24,9.83,9.62,9.57,11.19
04/13/2009,10.19,9.74,9.57,9.6,11.24
04/06/2009,10.06,9.71,9.54,9.65,11.29
03/30/2009,9.85,9.64,9.46,9.73,11.34
03/23/2009,9.57,9.47,9.37,9.76,11.38
03/16/2009,9.41,9.36,9.35,9.85,11.44
03/09/2009,9.28,9.28,9.36,9.92,11.49
03/02/2009,9.35,9.3,9.35,10.03,11.54
02/23/2009,9.44,9.34,9.37,10.16,11.6
02/16/2009,9.37,9.36,9.35,10.28,11.67
02/09/2009,9.31,9.4,9.44,10.37,11.77
02/02/2009,9.28,9.4,9.53,10.47,11.86
01/26/2009,9.24,9.37,9.62,10.53,11.93
01/19/2009,9.24,9.29,9.77,10.61,12.02
01/12/2009,9.36,9.27,9.91,10.72,12.13
01/05/2009,9.49,9.33,10.09,10.83,12.23
12/29/2008,9.53,9.43,10.24,10.96,12.33
12/22/2008,9.5,9.4,10.39,11.07,12.43
12/15/2008,9.34,9.39,10.57,11.21,12.55
12/08/2008,9.17,9.34,10.73,11.33,12.66
12/01/2008,9.17,9.48,10.86,11.47,12.76
11/24/2008,9.34,9.66,11.0,11.61,12.88
11/17/2008,9.29,9.87,11.11,11.73,12.98
11/10/2008,9.45,10.25,11.27,11.89,13.09
11/03/2008,9.51,10.55,11.44,12.04,13.2
10/27/2008,9.78,10.84,11.59,12.16,13.29
10/20/2008,9.97,11.05,11.72,12.29,13.37
10/13/2008,10.44,11.39,11.91,12.43,13.46
10/06/2008,11.05,11.74,12.11,12.57,13.55
09/29/2008,11.59,12.13,12.32,12.71,13.65
09/22/2008,11.9,12.24,12.46,12.81,13.72
09/15/2008,12.13,12.35,12.59,12.89,13.81
09/08/2008,12.34,12.36,12.67,12.94,13.87
09/01/2008,12.43,12.29,12.71,12.96,13.95
08/25/2008,12.66,12.33,12.79,12.99,14.03
08/18/2008,12.58,12.33,12.82,13.03,14.1
08/11/2008,12.56,12.39,12.91,13.06,14.18
08/04/2008,12.38,12.43,12.95,13.06,14.24
07/28/2008,12.15,12.48,12.98,13.05,14.31
07/21/2008,12.0,12.52,13.01,13.07,14.38
07/14/2008,12.08,12.68,13.1,13.16,14.48
07/07/2008,12.22,12.83,13.16,13.25,14.57
06/30/2008,12.47,12.97,13.23,13.33,14.67
06/23/2008,12.81,13.12,13.29,13.44,14.77
06/16/2008,13.03,13.25,13.32,13.55,14.86
06/09/2008,13.28,13.31,13.39,13.63,14.94
06/02/2008,13.43,13.42,13.4,13.71,15.01
05/26/2008,13.47,13.47,13.38,13.79,15.08
05/19/2008,13.43,13.49,13.33,13.89,15.13
05/12/2008,13.46,13.5,13.35,13.99,15.2
05/05/2008,13.34,13.52,13.41,14.06,15.25
04/28/2008,13.41,13.48,13.45,14.14,15.29
04/21/2008,13.47,13.49,13.5,14.22,15.33
04/14/2008,13.54,13.46,13.6,14.29,15.36
04/07/2008,13.53,13.38,13.7,14.36,15.41
03/31/2008,13.71,13.46,13.79,14.42,15.47
03/24/2008,13.55,13.37,13.85,14.44,15.5
03/17/2008,13.5,13.29,13.95,14.49,15.54
03/10/2008,13.39,13.18,14.1,14.53,15.58
03/03/2008,13.24,13.2,14.24,14.58,15.63
02/25/2008,13.22,13.29,14.33,14.64,15.66
02/18/2008,13.18,13.43,14.48,14.73,15.69
02/11/2008,13.07,13.52,14.59,14.81,15.72
02/04/2008,12.98,13.73,14.71,14.93,15.75
01/28/2008,13.16,14.01,14.84,15.07,15.79
01/21/2008,13.36,14.13,14.89,15.17,15.81
01/14/2008,13.67,14.34,14.98,15.29,15.83
01/07/2008,13.96,14.61,15.09,15.43,15.87
12/31/2007,14.48,15.01,15.21,15.58,15.9
12/24/2007,14.85,15.28,15.28,15.69,15.93
12/17/2007,14.89,15.36,15.31,15.79,15.92
12/10/2007,15.01,15.53,15.39,15.89,15.93
12/03/2007,15.26,15.66,15.45,16.02,15.93
11/26/2007,15.53,15.68,15.54,16.1,15.92
11/19/2007,15.71,15.68,15.61,16.18,15.9
11/12/2007,15.83,15.66,15.69,16.25,15.89
11/05/2007,16.04,15.62,15.77,16.32,15.87
10/29/2007,16.05,15.57,15.83,16.37,15.85
10/22/2007,15.83,15.41,15.86,16.37,15.8
10/15/2007,15.64,15.27,15.89,16.4,15.77
10/08/2007,15.48,15.25,16.01,16.45,15.75
10/01/2007,15.2,15.25,16.07,16.44,15.72
09/24/2007,15.08,15.25,16.2,16.45,15.7
09/17/2007,14.99,15.39,16.31,16.44,15.67
09/10/2007,14.9,15.54,16.43,16.47,15.64
09/03/2007,15.03,15.72,16.55,16.52,15.61
08/27/2007,15.29,15.92,16.67,16.56,15.58
08/20/2007,15.41,16.1,16.77,16.59,15.55
08/13/2007,15.8,16.32,16.86,16.62,15.53
08/06/2007,16.18,16.51,16.97,16.67,15.49
07/30/2007,16.42,16.76,17.05,16.68,15.45
07/23/2007,16.56,16.9,17.04,16.64,15.4
07/16/2007,16.78,17.15,17.05,16.63,15.38
07/09/2007,16.84,17.24,16.96,16.56,15.32
07/02/2007,16.84,17.33,16.93,16.5,15.26
06/25/2007,17.09,17.38,16.92,16.44,15.22
06/18/2007,17.24,17.42,16.87,16.37,15.18
06/11/2007,17.53,17.44,16.84,16.31,15.14
06/04/2007,17.64,17.4,16.77,16.23,15.08
05/28/2007,17.81,17.42,16.76,16.16,15.02
05/21/2007,17.67,17.34,16.64,16.05,14.95
05/14/2007,17.59,17.17,16.52,15.96,14.89
05/07/2007,17.34,16.94,16.37,15.85,14.82
04/30/2007,17.16,16.68,16.23,15.73,14.76
04/23/2007,17.04,16.54,16.09,15.62,14.68
04/16/2007,17.01,16.46,15.97,15.53,14.61
04/09/2007,16.75,16.33,15.85,15.43,14.53
04/02/2007,16.54,16.24,15.75,15.33,14.46
03/26/2007,16.2,16.15,15.65,15.23,14.39
03/19/2007,16.04,16.09,15.53,15.14,14.32
03/12/2007,15.91,15.95,15.41,15.04,14.25
03/05/2007,15.91,15.86,15.35,14.99,14.2
02/26/2007,15.94,15.79,15.3,14.94,14.14
02/19/2007,16.1,15.77,15.26,14.9,14.09
02/12/2007,16.13,15.64,15.17,14.81,14.02
02/05/2007,15.99,15.49,15.06,14.7,13.94
01/29/2007,15.81,15.37,14.97,14.59,13.88
01/22/2007,15.65,15.26,14.88,14.51,13.82
01/15/2007,15.45,15.14,14.78,14.43,13.75
01/08/2007,15.14,14.98,14.67,14.31,13.66
01/01/2007,15.0,14.87,14.59,14.23,13.59
12/25/2006,14.92,14.85,14.56,14.16,13.53
12/18/2006,14.87,14.81,14.52,14.12,13.47
12/11/2006,14.83,14.75,14.47,14.08,13.41
12/04/2006,14.82,14.69,14.39,14.03,13.34
11/27/2006,14.75,14.63,14.3,14.0,13.29
11/20/2006,14.77,14.58,14.21,14.0,13.23
11/13/2006,14.75,14.5,14.14,13.96,13.18
11/06/2006,14.66,14.41,14.08,13.93,13.13
10/30/2006,14.57,14.36,13.98,13.88,13.08
10/23/2006,14.51,14.32,13.9,13.84,13.05
10/16/2006,14.39,14.27,13.82,13.81,13.01
10/09/2006,14.24,14.23,13.78,13.79,12.96
10/02/2006,14.16,14.19,13.75,13.78,12.94
09/25/2006,14.15,14.09,13.7,13.74,12.9
09/18/2006,14.12,13.97,13.69,13.7,12.87
09/11/2006,14.16,13.83,13.71,13.64,12.84
09/04/2006,14.21,13.78,13.7,13.59,12.8
08/28/2006,14.22,13.75,13.68,13.55,12.77
08/21/2006,14.03,13.6,13.64,13.5,12.72
08/14/2006,13.82,13.49,13.61,13.46,12.68
08/07/2006,13.5,13.37,13.58,13.41,12.64
07/31/2006,13.34,13.32,13.57,13.33,12.61
07/24/2006,13.28,13.3,13.57,13.28,12.58
07/17/2006,13.16,13.3,13.57,13.23,12.56
07/10/2006,13.15,13.41,13.56,13.19,12.55
07/03/2006,13.23,13.58,13.54,13.17,12.54
06/26/2006,13.31,13.62,13.49,13.12,12.52
06/19/2006,13.33,13.61,13.45,13.06,12.5
06/12/2006,13.43,13.69,13.45,13.01,12.49
06/05/2006,13.66,13.73,13.45,12.95,12.48
05/29/2006,13.94,13.8,13.43,12.9,12.46
05/22/2006,13.93,13.82,13.33,12.82,12.42
05/15/2006,13.9,13.84,13.27,12.73,12.4
05/08/2006,13.94,13.83,13.19,12.66,12.38
05/01/2006,13.79,13.71,13.08,12.57,12.35
04/24/2006,13.65,13.49,12.97,12.47,12.31
04/17/2006,13.72,13.37,12.88,12.4,12.28
04/10/2006,13.77,13.28,12.79,12.33,12.27
04/03/2006,13.72,13.21,12.67,12.28,12.25
03/27/2006,13.62,13.18,12.57,12.25,12.23
03/20/2006,13.33,13.06,12.45,12.2,12.2
03/13/2006,13.01,12.84,12.32,12.14,12.16
03/06/2006,12.79,12.7,12.18,12.09,12.12
02/27/2006,12.69,12.55,12.07,12.06,12.1
02/20/2006,12.73,12.45,12.0,12.05,12.08
02/13/2006,12.79,12.44,11.95,12.04,12.08
02/06/2006,12.67,12.39,11.91,12.01,12.07
01/30/2006,12.6,12.3,11.86,11.98,12.06
01/23/2006,12.4,12.14,11.81,11.94,12.04
01/16/2006,12.17,11.96,11.79,11.9,12.02
01/09/2006,12.09,11.85,11.78,11.88,12.01
01/02/2006,12.11,11.79,11.78,11.89,12.01
12/26/2005,11.99,11.66,11.79,11.88,12.0
12/19/2005,11.88,11.59,11.82,11.89,11.99
12/12/2005,11.74,11.55,11.84,11.9,11.98
12/05/2005,11.6,11.46,11.83,11.9,11.96
11/28/2005,11.47,11.43,11.83,11.91,11.94
11/21/2005,11.33,11.42,11.82,11.93,11.94
11/14/2005,11.31,11.49,11.85,11.96,11.93
11/07/2005,11.36,11.62,11.88,12.0,11.93
10/31/2005,11.33,11.7,11.9,12.01,11.93
10/24/2005,11.39,11.78,11.94,12.03,11.93
10/17/2005,11.51,11.92,11.99,12.07,11.93
10/10/2005,11.67,12.05,12.04,12.1,11.93
10/03/2005,11.89,12.13,12.08,12.13,11.93
09/26/2005,12.08,12.2,12.12,12.15,11.92
09/19/2005,12.16,12.22,12.15,12.17,11.91
09/12/2005,12.33,12.23,12.19,12.2,11.9
09/05/2005,12.44,12.21,12.2,12.22,11.89
08/29/2005,12.38,12.13,12.19,12.21,11.88
08/22/2005,12.32,12.09,12.17,12.19,11.87
08/15/2005,12.28,12.11,12.16,12.18,11.87
08/08/2005,12.13,12.06,12.14,12.15,11.86
08/01/2005,11.97,12.03,12.12,12.13,11.86
07/25/2005,11.88,12.02,12.12,12.12,11.86
07/18/2005,11.86,12.04,12.12,12.12,11.87
07/11/2005,11.94,12.08,12.15,12.13,11.88
07/04/2005,12.0,12.14,12.19,12.13,11.88
06/27/2005,12.08,12.19,12.23,12.13,11.88
06/20/2005,12.16,12.25,12.25,12.14,11.88
06/13/2005,12.22,12.24,12.25,12.14,11.88
06/06/2005,12.21,12.2,12.22,12.12,11.88
05/30/2005,12.29,12.22,12.19,12.12,11.87
05/23/2005,12.3,12.22,12.18,12.1,11.86
05/16/2005,12.33,12.23,12.17,12.06,11.86
05/09/2005,12.27,12.21,12.16,12.02,11.84
05/02/2005,12.19,12.22,12.16,11.98,11.83
04/25/2005,12.15,12.23,12.13,11.94,11.8
04/18/2005,12.13,12.27,12.1,11.9,11.79
04/11/2005,12.12,12.25,12.09,11.86,11.78
04/04/2005,12.15,12.25,12.08,11.84,11.78
03/28/2005,12.24,12.24,12.08,11.82,11.76
03/21/2005,12.32,12.17,12.07,11.79,11.75
03/14/2005,12.4,12.15,12.04,11.76,11.73
03/07/2005,12.37,12.11,11.97,11.73,11.71
02/28/2005,12.35,12.12,11.92,11.69,11.71
02/21/2005,12.25,12.1,11.86,11.64,11.7
02/14/2005,12.02,12.02,11.79,11.6,11.68
02/07/2005,11.9,11.93,11.72,11.56,11.65
01/31/2005,11.86,11.93,11.67,11.55,11.63
01/24/2005,11.89,11.92,11.64,11.55,11.61
01/17/2005,11.94,11.93,11.61,11.56,11.6
01/10/2005,12.02,11.97,11.6,11.58,11.6
01/03/2005,11.97,11.92,11.57,11.59,11.59
12/27/2004,12.0,11.83,11.54,11.6,11.58
12/20/2004,11.94,11.72,11.48,11.62,11.56
12/13/2004,11.91,11.62,11.41,11.63,11.54
12/06/2004,11.91,11.57,11.39,11.63,11.51
11/29/2004,11.88,11.51,11.38,11.63,11.49
11/22/2004,11.67,11.41,11.37,11.62,11.46
11/15/2004,11.5,11.36,11.36,11.62,11.43
11/08/2004,11.33,11.3,11.38,11.63,11.39
11/01/2004,11.22,11.23,11.39,11.63,11.36
10/25/2004,11.15,11.21,11.42,11.63,11.34
10/18/2004,11.15,11.24,11.49,11.66,11.32
10/11/2004,11.23,11.24,11.57,11.67,11.3
10/04/2004,11.28,11.21,11.63,11.68,11.28
09/27/2004,11.24,11.21,11.66,11.66,11.26
09/20/2004,11.28,11.25,11.69,11.67,11.23
09/13/2004,11.33,11.32,11.73,11.7,11.2
09/06/2004,11.25,11.36,11.75,11.71,11.17
08/30/2004,11.15,11.45,11.79,11.7,11.14
08/23/2004,11.18,11.54,11.82,11.7,11.11
08/16/2004,11.21,11.63,11.84,11.7,11.08
08/09/2004,11.31,11.74,11.87,11.7,11.05
08/02/2004,11.48,11.9,11.89,11.73,11.04
07/26/2004,11.76,12.05,11.91,11.76,11.02
07/19/2004,11.91,12.11,11.89,11.75,11.0
07/12/2004,12.04,12.13,11.89,11.74,10.97
07/05/2004,12.17,12.14,11.89,11.7,10.92
06/28/2004,12.31,12.14,11.88,11.68,10.87
06/21/2004,12.34,12.13,11.83,11.64,10.81
06/14/2004,12.32,12.1,11.78,11.62,10.74
06/07/2004,12.21,12.05,11.74,11.59,10.68
05/31/2004,12.11,12.01,11.68,11.55,10.62
05/24/2004,11.98,11.89,11.65,11.51,10.55
05/17/2004,11.91,11.76,11.61,11.45,10.48
05/10/2004,11.89,11.67,11.57,11.39,10.42
05/03/2004,11.88,11.65,11.54,11.35,10.36
04/26/2004,11.9,11.64,11.49,11.3,10.3
04/19/2004,11.79,11.62,11.45,11.23,10.24
04/12/2004,11.62,11.53,11.4,11.16,10.17
04/05/2004,11.45,11.46,11.37,11.1,10.1
03/29/2004,11.41,11.43,11.36,11.04,10.05
03/22/2004,11.37,11.35,11.32,10.98,9.99
03/15/2004,11.44,11.41,11.32,10.93,9.95
03/08/2004,11.44,11.46,11.29,10.89,9.91
03/01/2004,11.47,11.48,11.25,10.86,9.88
02/23/2004,11.45,11.44,11.2,10.79,9.85
02/16/2004,11.33,11.34,11.13,10.71,9.81
02/09/2004,11.38,11.28,11.04,10.64,9.78
02/02/2004,11.48,11.28,10.97,10.58,9.74
01/26/2004,11.49,11.29,10.92,10.53,9.73
01/19/2004,11.42,11.29,10.85,10.46,9.72
01/12/2004,11.34,11.3,10.79,10.41,9.72
01/05/2004,11.17,11.24,10.69,10.34,9.72
12/29/2003,11.07,11.12,10.61,10.29,9.7
12/22/2003,11.09,11.02,10.54,10.25,9.69
12/15/2003,11.15,10.97,10.46,10.19,9.68
12/08/2003,11.25,10.92,10.4,10.13,9.68
12/01/2003,11.3,10.81,10.32,10.06,9.68
11/24/2003,11.17,10.66,10.24,9.98,9.65
11/17/2003,10.95,10.56,10.15,9.87,9.61
11/10/2003,10.79,10.41,10.05,9.78,9.57
11/03/2003,10.58,10.28,9.97,9.7,9.53
10/27/2003,10.31,10.14,9.89,9.59,9.5
10/20/2003,10.16,10.1,9.87,9.51,9.49
10/13/2003,10.17,10.07,9.87,9.44,9.49
10/06/2003,10.02,9.95,9.81,9.38,9.49
09/29/2003,9.98,9.87,9.74,9.3,9.48
09/22/2003,9.98,9.83,9.69,9.25,9.46
09/15/2003,10.04,9.81,9.63,9.18,9.46
09/08/2003,9.96,9.73,9.52,9.1,9.44
09/01/2003,9.88,9.7,9.47,9.05,9.44
08/25/2003,9.76,9.65,9.4,9.0,9.43
08/18/2003,9.68,9.64,9.31,8.97,9.44
08/11/2003,9.58,9.64,9.22,8.93,9.45
08/04/2003,9.5,9.67,9.13,8.91,9.46
07/28/2003,9.52,9.66,9.09,8.92,9.49
07/21/2003,9.54,9.61,9.02,8.92,9.53
07/14/2003,9.61,9.55,8.96,8.91,9.58
07/07/2003,9.7,9.45,8.87,8.9,9.63
06/30/2003,9.84,9.32,8.79,8.93,9.68
06/23/2003,9.8,9.23,8.73,8.97,9.74
06/16/2003,9.67,9.15,8.68,9.04,9.79
06/09/2003,9.5,8.97,8.64,9.09,9.83
06/02/2003,9.21,8.8,8.58,9.11,9.89
05/26/2003,8.8,8.6,8.53,9.13,9.93
05/19/2003,8.66,8.52,8.55,9.17,9.99
05/12/2003,8.63,8.43,8.58,9.23,10.06
05/05/2003,8.44,8.36,8.59,9.29,10.14
04/28/2003,8.4,8.28,8.63,9.33,10.21
04/21/2003,8.4,8.26,8.74,9.35,10.28
04/14/2003,8.37,8.22,8.85,9.35,10.33
04/07/2003,8.23,8.21,8.98,9.36,10.35
03/31/2003,8.28,8.31,9.15,9.41,10.4
03/24/2003,8.16,8.35,9.26,9.48,10.45
03/17/2003,8.11,8.47,9.39,9.55,10.5
03/10/2003,8.07,8.59,9.5,9.61,10.55
03/03/2003,8.18,8.72,9.63,9.65,10.61
02/24/2003,8.33,8.82,9.75,9.68,10.68
02/17/2003,8.55,8.98,9.85,9.74,10.77
02/10/2003,8.82,9.22,9.9,9.79,10.83
02/03/2003,9.11,9.47,9.92,9.82,10.88
01/27/2003,9.25,9.76,9.93,9.85,10.93
01/20/2003,9.32,10.0,9.96,9.91,10.99
01/13/2003,9.41,10.17,10.04,9.96,11.05
01/06/2003,9.61,10.32,10.08,10.01,11.09
12/30/2002,9.84,10.42,10.12,10.05,11.15
12/23/2002,10.26,10.54,10.12,10.14,11.21
12/16/2002,10.67,10.68,10.11,10.25,11.27
12/09/2002,10.93,10.73,10.12,10.36,11.31
12/02/2002,11.03,10.58,10.07,10.43,11.32
11/25/2002,11.0,10.36,10.0,10.5,11.33
11/18/2002,10.81,10.1,9.9,10.53,11.32
11/11/2002,10.69,9.93,9.86,10.58,11.32
11/04/2002,10.52,9.9,9.85,10.67,11.31
10/28/2002,10.12,9.85,9.85,10.74,11.35
10/21/2002,9.73,9.83,9.87,10.81,11.4
10/14/2002,9.39,9.7,9.94,10.9,11.47
10/07/2002,9.18,9.54,10.03,10.99,11.53
09/30/2002,9.28,9.51,10.17,11.09,11.61
09/23/2002,9.58,9.57,10.36,11.21,11.71
09/16/2002,9.92,9.63,10.56,11.3,11.82
09/09/2002,10.01,9.7,10.75,11.34,11.92
09/02/2002,9.9,9.79,10.9,11.38,12.0
08/26/2002,9.75,9.81,11.06,11.42,12.1
08/19/2002,9.56,9.85,11.18,11.46,12.18
08/12/2002,9.33,9.91,11.3,11.5,12.29
08/05/2002,9.39,10.18,11.5,11.58,12.41
07/29/2002,9.69,10.52,11.71,11.68,12.55
07/22/2002,9.86,10.83,11.88,11.79,12.68
07/15/2002,10.13,11.15,12.03,11.88,12.84
07/08/2002,10.48,11.5,12.14,11.95,13.02
07/01/2002,10.97,11.79,12.16,12.0,13.19
06/24/2002,11.36,12.0,12.18,12.08,13.36
06/17/2002,11.79,12.31,12.22,12.14,13.54
06/10/2002,12.18,12.52,12.26,12.18,13.71
06/03/2002,12.52,12.7,12.29,12.25,13.86
05/27/2002,12.62,12.82,12.28,12.28,13.98
05/20/2002,12.65,12.9,12.26,12.28,14.06
05/13/2002,12.84,12.93,12.28,12.26,14.14
05/06/2002,12.85,12.91,12.24,12.22,14.23
04/29/2002,12.88,12.78,12.17,12.17,14.34
04/22/2002,13.02,12.53,12.11,12.11,14.49
04/15/2002,13.16,12.35,12.12,12.06,14.67
04/08/2002,13.02,12.13,12.05,11.95,14.8
04/01/2002,12.98,12.01,12.01,11.96,14.97
03/25/2002,12.68,11.89,12.03,11.99,15.13
03/18/2002,12.04,11.73,12.02,12.03,15.31
03/11/2002,11.54,11.61,11.97,12.08,15.5
03/04/2002,11.24,11.62,11.93,12.13,15.72
02/25/2002,11.04,11.57,11.87,12.2,15.92
02/18/2002,11.09,11.56,11.86,12.34,16.15
02/11/2002,11.43,11.69,11.9,12.5,16.37
02/04/2002,11.68,11.89,11.91,12.62,16.59
01/28/2002,12.0,11.97,11.86,12.78,16.82
01/21/2002,12.1,12.02,11.94,12.91,17.04
01/14/2002,12.03,12.18,12.04,13.09,17.23
01/07/2002,11.94,12.3,12.18,13.25,17.42
12/31/2001,12.1,12.34,12.31,13.41,17.62
12/24/2001,11.93,12.24,12.38,13.57,17.81
12/17/2001,11.93,12.17,12.52,13.8,18.07
12/10/2001,12.33,12.16,12.72,14.09,18.34
12/03/2001,12.66,12.12,12.91,14.38,18.6
11/26/2001,12.57,11.93,12.98,14.65,18.8
11/19/2001,12.54,11.75,13.18,14.94,19.02
11/12/2001,12.4,11.86,13.36,15.24,19.3
11/05/2001,12.0,11.89,13.54,15.47,19.53
10/29/2001,11.58,12.06,13.73,15.67,19.77
10/22/2001,11.29,12.28,13.95,15.84,0.0
10/15/2001,10.96,12.52,14.24,16.03,0.0
10/08/2001,11.33,12.87,14.62,16.25,0.0
10/01/2001,11.78,13.28,15.06,16.5,0.0
09/24/2001,12.53,13.7,15.52,16.86,0.0
09/17/2001,13.26,14.03,16.0,17.27,0.0
09/10/2001,14.08,14.61,16.53,17.64,0.0
09/03/2001,14.41,14.85,16.92,17.97,0.0
08/27/2001,14.78,15.2,17.26,18.27,0.0
08/20/2001,14.86,15.4,17.47,18.58,0.0
08/13/2001,14.8,15.62,17.62,18.92,0.0
08/06/2001,15.13,15.95,17.78,19.3,0.0
07/30/2001,15.3,16.38,17.94,19.64,0.0
07/23/2001,15.61,16.84,18.12,19.96,0.0
07/16/2001,15.93,17.34,18.44,20.24,0.0
07/09/2001,16.45,17.98,18.9,20.55,0.0
07/02/2001,16.77,18.45,19.16,20.87,0.0
06/25/2001,17.45,18.99,19.53,21.17,0.0
06/18/2001,18.07,19.32,19.81,21.38,0.0
06/11/2001,18.74,19.55,20.18,21.59,0.0
06/04/2001,19.51,19.62,20.56,21.82,0.0
05/28/2001,20.14,19.61,20.98,22.05,0.0
05/21/2001,20.53,19.5,21.27,22.34,0.0
05/14/2001,20.57,19.39,21.51,22.58,0.0
05/07/2001,20.36,19.55,21.69,22.83,0.0
04/30/2001,19.73,19.82,21.84,22.95,0.0
04/23/2001,19.08,19.87,22.08,23.11,0.0
04/16/2001,18.46,20.07,22.26,23.36,0.0
04/09/2001,18.21,20.31,22.41,23.6,0.0
04/02/2001,18.73,20.81,22.6,23.88,0.0
03/26/2001,19.9,21.51,22.92,0.0,0.0
03/19/2001,20.65,22.35,23.27,0.0,0.0
03/12/2001,21.67,23.05,23.76,0.0,0.0
03/05/2001,22.4,23.64,24.17,0.0,0.0
02/26/2001,22.88,23.84,24.47,0.0,0.0
02/19/2001,23.12,23.87,24.51,0.0,0.0
02/12/2001,24.05,24.3,24.73,0.0,0.0
02/05/2001,24.43,24.45,25.0,0.0,0.0
01/29/2001,24.88,24.51,25.25,0.0,0.0
01/22/2001,24.79,24.4,25.42,0.0,0.0
01/15/2001,24.61,24.33,0.0,0.0,0.0
01/08/2001,24.55,24.19,0.0,0.0,0.0
01/01/2001,24.48,24.47,0.0,0.0,0.0
12/25/2000,24.14,24.7,0.0,0.0,0.0
12/18/2000,24.02,25.1,0.0,0.0,0.0
12/11/2000,24.04,25.16,0.0,0.0,0.0
12/04/2000,23.83,25.17,0.0,0.0,0.0
11/27/2000,24.46,25.55,0.0,0.0,0.0
11/20/2000,25.26,25.99,0.0,0.0,0.0
11/13/2000,26.17,26.43,0.0,0.0,0.0
11/06/2000,26.27,0.0,0.0,0.0,0.0
10/30/2000,26.51,0.0,0.0,0.0,0.0
10/23/2000,26.64,0.0,0.0,0.0,0.0
10/16/2000,26.71,0.0,0.0,0.0,0.0
10/09/2000,26.69,0.0,0.0,0.0,0.0
10/02/2000,0.0,0.0,0.0,0.0,0.0
09/25/2000,0.0,0.0,0.0,0.0,0.0
09/18/2000,0.0,0.0,0.0,0.0,0.0
09/11/2000,0.0,0.0,0.0,0.0,0.0
