12/26/2022,0.65,0.68,0.88,1.35,3.3
12/19/2022,0.65,0.67,0.95,1.43,3.46
12/12/2022,0.66,0.66,1.01,1.51,3.68
12/05/2022,0.71,0.66,1.07,1.57,3.89
11/28/2022,0.73,0.68,1.13,1.65,4.1
11/21/2022,0.71,0.71,1.19,1.71,4.3
11/14/2022,0.68,0.77,1.28,1.76,4.5
11/07/2022,0.65,0.84,1.36,1.8,4.71
10/31/2022,0.61,0.85,1.48,1.84,4.94
10/24/2022,0.63,0.96,1.57,1.9,5.15
10/17/2022,0.71,1.08,1.69,1.97,5.34
10/10/2022,0.86,1.24,1.8,2.05,5.47
10/03/2022,1.03,1.36,1.93,2.13,5.68
09/26/2022,1.09,1.47,2.02,2.18,5.9
09/19/2022,1.3,1.58,2.14,2.24,6.19
09/12/2022,1.44,1.67,2.21,2.3,6.47
09/05/2022,1.61,1.78,2.25,2.36,6.74
08/29/2022,1.68,1.89,2.28,2.41,7.01
08/22/2022,1.86,2.11,2.34,2.6,7.29
08/15/2022,1.86,2.18,2.36,2.78,7.57
08/08/2022,1.9,2.3,2.41,2.97,7.88
08/01/2022,1.95,2.37,2.45,3.17,8.18
07/25/2022,2.09,2.5,2.51,3.38,8.5
07/18/2022,2.36,2.57,2.53,3.62,8.8
07/11/2022,2.51,2.7,2.57,3.88,9.1
07/04/2022,2.69,2.76,2.62,4.11,9.41
06/27/2022,2.8,2.73,2.65,4.34,9.73
06/20/2022,2.92,2.68,2.68,4.55,10.18
06/13/2022,2.78,2.57,2.85,4.75,10.65
06/06/2022,2.89,2.55,3.08,4.98,11.11
05/30/2022,2.82,2.53,3.3,5.24,11.59
05/23/2022,2.66,2.53,3.57,5.5,12.07
05/16/2022,2.44,2.53,3.82,5.84,12.52
05/09/2022,2.37,2.5,4.15,6.2,12.94
05/02/2022,2.2,2.44,4.47,6.55,13.38
04/25/2022,2.24,2.48,4.79,6.88,13.82
04/18/2022,2.41,2.58,5.14,7.25,14.23
04/11/2022,2.61,2.67,5.49,7.62,14.7
04/04/2022,2.63,3.12,5.84,8.04,15.16
03/28/2022,2.67,3.61,6.19,8.4,15.57
03/21/2022,2.72,4.07,6.6,8.71,15.94
03/14/2022,2.74,4.61,6.99,8.89,16.25
03/07/2022,2.73,5.12,7.5,9.24,16.61
02/28/2022,3.61,5.8,8.06,9.62,16.97
02/21/2022,4.54,6.49,8.6,10.15,17.31
02/14/2022,5.42,7.11,9.08,10.64,17.61
02/07/2022,6.47,7.71,9.58,11.12,17.93
01/31/2022,7.51,8.3,10.1,11.61,18.25
01/24/2022,7.99,8.56,10.5,11.97,18.53
01/17/2022,8.44,8.78,10.8,12.37,18.8
01/10/2022,8.79,9.12,11.03,12.8,19.04
01/03/2022,8.95,9.37,11.03,13.18,19.25
12/27/2021,9.09,9.89,11.3,13.61,19.44
12/20/2021,9.13,10.31,11.53,13.97,19.62
12/13/2021,9.12,10.71,11.97,14.33,19.75
12/06/2021,9.46,11.05,12.41,14.71,19.9
11/29/2021,9.8,11.45,12.83,15.13,20.08
11/22/2021,10.69,11.89,13.27,15.82,20.26
11/15/2021,11.48,12.44,13.68,16.55,20.45
11/08/2021,12.31,12.81,14.16,17.25,20.63
11/01/2021,12.65,12.94,14.64,17.94,20.8
10/25/2021,13.11,12.7,15.08,18.63,20.99
10/18/2021,13.1,12.7,15.47,19.19,21.09
10/11/2021,13.4,12.75,15.8,19.68,21.17
10/04/2021,13.31,13.23,16.14,20.22,21.28
09/27/2021,13.23,13.76,16.55,20.76,21.4
09/20/2021,12.28,14.21,16.97,21.21,21.52
09/13/2021,12.31,14.64,17.78,21.78,21.6
09/06/2021,12.1,14.91,18.6,22.27,21.69
08/30/2021,13.15,15.52,19.47,22.75,21.84
08/23/2021,14.3,16.34,20.44,23.17,22.03
08/16/2021,16.13,17.47,21.59,23.6,22.32
08/09/2021,16.98,18.24,22.43,23.99,22.52
08/02/2021,17.73,18.85,23.15,24.32,22.72
07/26/2021,17.88,19.05,23.71,24.48,22.88
07/19/2021,18.38,19.33,24.26,24.57,23.04
07/12/2021,18.81,19.73,24.71,24.73,23.21
07/05/2021,19.5,20.92,25.35,24.9,0.0
06/28/2021,19.96,22.28,25.95,25.09,0.0
06/21/2021,20.21,23.43,26.36,25.23,0.0
06/14/2021,20.27,24.54,26.59,25.28,0.0
06/07/2021,20.64,25.72,26.66,25.31,0.0
05/31/2021,22.34,26.62,26.86,25.27,0.0
05/24/2021,24.61,27.46,27.05,25.28,0.0
05/17/2021,26.64,28.38,27.19,25.18,0.0
05/10/2021,28.8,29.19,27.2,25.09,0.0
05/03/2021,30.79,29.68,27.24,25.02,0.0
04/26/2021,30.9,29.79,26.89,24.7,0.0
04/19/2021,30.32,29.62,26.5,24.36,0.0
04/12/2021,30.12,29.29,26.13,24.0,0.0
04/05/2021,29.57,28.65,25.65,23.66,0.0
03/29/2021,28.57,27.61,25.11,23.36,0.0
03/22/2021,28.67,27.11,24.59,23.0,0.0
03/15/2021,28.91,26.64,24.19,22.66,0.0
03/08/2021,28.46,26.0,23.58,22.34,0.0
03/01/2021,27.72,25.21,23.04,22.04,0.0
02/22/2021,26.65,24.79,22.7,21.84,0.0
02/15/2021,25.55,23.99,22.15,21.42,0.0
02/08/2021,24.37,23.38,21.73,21.1,0.0
02/01/2021,23.53,22.96,21.35,20.93,0.0
01/25/2021,22.69,22.65,21.17,20.9,0.0
01/18/2021,22.93,22.61,21.23,21.04,0.0
01/11/2021,22.44,22.08,20.95,21.06,0.0
01/04/2021,22.39,21.74,20.67,21.13,0.0
12/28/2020,22.39,21.16,20.51,21.28,0.0
12/21/2020,22.61,20.88,20.46,21.51,0.0
12/14/2020,22.28,20.6,20.36,21.69,0.0
12/07/2020,21.71,20.31,20.13,0.0,0.0
11/30/2020,21.09,20.08,19.97,0.0,0.0
11/23/2020,19.92,19.74,19.91,0.0,0.0
11/16/2020,19.14,19.69,20.02,0.0,0.0
11/09/2020,18.93,19.85,20.25,0.0,0.0
11/02/2020,18.91,19.83,20.55,0.0,0.0
10/26/2020,19.07,19.6,20.82,0.0,0.0
10/19/2020,19.56,19.85,21.33,0.0,0.0
10/12/2020,20.24,20.04,21.83,0.0,0.0
10/05/2020,20.78,20.12,22.23,0.0,0.0
09/28/2020,20.74,19.95,0.0,0.0,0.0
09/21/2020,20.12,19.85,0.0,0.0,0.0
09/14/2020,20.15,20.07,0.0,0.0,0.0
09/07/2020,19.83,20.34,0.0,0.0,0.0
08/31/2020,19.47,20.66,0.0,0.0,0.0
08/24/2020,19.16,21.27,0.0,0.0,0.0
08/17/2020,19.58,22.05,0.0,0.0,0.0
08/10/2020,20.0,22.82,0.0,0.0,0.0
08/03/2020,20.85,23.62,0.0,0.0,0.0
07/27/2020,21.84,24.33,0.0,0.0,0.0
07/20/2020,23.38,0.0,0.0,0.0,0.0
07/13/2020,24.52,0.0,0.0,0.0,0.0
07/06/2020,25.63,0.0,0.0,0.0,0.0
06/29/2020,26.39,0.0,0.0,0.0,0.0
06/22/2020,26.82,0.0,0.0,0.0,0.0
06/15/2020,0.0,0.0,0.0,0.0,0.0
06/08/2020,0.0,0.0,0.0,0.0,0.0
06/01/2020,0.0,0.0,0.0,0.0,0.0
05/25/2020,0.0,0.0,0.0,0.0,0.0
