12/26/2022,1.7,2.47,3.41,3.48,3.4
12/19/2022,1.96,2.71,3.54,3.51,3.48
12/12/2022,2.2,2.94,3.67,3.54,3.55
12/05/2022,2.44,3.17,3.74,3.55,3.63
11/28/2022,2.92,3.43,3.86,3.55,3.71
11/21/2022,3.23,3.62,3.97,3.56,3.79
11/14/2022,3.45,3.91,4.06,3.56,3.88
11/07/2022,3.68,4.18,4.11,3.56,3.98
10/31/2022,3.9,4.32,4.11,3.59,4.08
10/24/2022,3.93,4.32,4.03,3.62,4.14
10/17/2022,4.0,4.35,3.99,3.65,4.23
10/10/2022,4.37,4.38,3.91,3.65,4.33
10/03/2022,4.67,4.39,3.83,3.63,4.42
09/26/2022,4.73,4.32,3.74,3.58,4.52
09/19/2022,4.71,4.29,3.62,3.52,4.64
09/12/2022,4.69,4.33,3.54,3.48,4.75
09/05/2022,4.39,4.21,3.38,3.39,4.83
08/29/2022,4.11,4.05,3.25,3.31,4.93
08/22/2022,3.9,3.91,3.23,3.25,5.05
08/15/2022,3.86,3.75,3.26,3.19,5.19
08/08/2022,3.96,3.63,3.3,3.15,5.31
08/01/2022,4.03,3.45,3.29,3.11,5.45
07/25/2022,3.99,3.28,3.25,3.1,5.59
07/18/2022,3.91,3.16,3.21,3.11,5.7
07/11/2022,3.64,2.95,3.14,3.1,5.81
07/04/2022,3.3,2.75,3.06,3.08,5.9
06/27/2022,2.87,2.55,2.98,3.07,5.95
06/20/2022,2.57,2.44,2.95,3.09,6.06
06/13/2022,2.4,2.55,2.92,3.15,6.19
06/06/2022,2.25,2.78,2.91,3.24,6.3
05/30/2022,2.2,2.98,2.91,3.33,6.38
05/23/2022,2.23,3.13,2.95,3.45,6.49
05/16/2022,2.32,3.22,3.01,3.57,6.61
05/09/2022,2.71,3.26,3.08,3.71,6.72
05/02/2022,3.31,3.33,3.18,3.86,6.84
04/25/2022,3.77,3.37,3.25,4.02,6.96
04/18/2022,4.03,3.41,3.33,4.2,7.08
04/11/2022,4.12,3.45,3.41,4.4,7.29
04/04/2022,3.8,3.29,3.45,4.56,7.44
03/28/2022,3.36,3.05,3.47,4.67,7.55
03/21/2022,2.98,2.83,3.5,4.81,7.65
03/14/2022,2.79,2.77,3.61,5.01,7.73
03/07/2022,2.78,2.79,3.75,5.21,7.86
02/28/2022,2.77,2.91,3.93,5.47,7.98
02/21/2022,2.73,3.03,4.12,5.76,8.08
02/14/2022,2.69,3.13,4.35,6.02,8.15
02/07/2022,2.74,3.26,4.6,6.27,8.21
01/31/2022,2.8,3.37,4.88,6.54,8.27
01/24/2022,3.04,3.61,5.19,6.84,8.33
01/17/2022,3.33,3.89,5.48,7.18,8.39
01/10/2022,3.57,4.17,5.8,7.47,8.44
01/03/2022,3.78,4.46,6.13,7.79,8.46
12/27/2021,3.93,4.71,6.42,8.08,8.48
12/20/2021,4.17,4.96,6.75,8.29,8.48
12/13/2021,4.45,5.22,7.13,8.51,8.48
12/06/2021,4.77,5.57,7.46,8.71,8.5
11/29/2021,5.13,5.94,7.78,8.83,8.52
11/22/2021,5.49,6.4,8.13,9.04,8.53
11/15/2021,5.74,6.78,8.46,9.24,8.53
11/08/2021,5.98,7.07,8.83,9.35,8.52
11/01/2021,6.37,7.43,9.12,9.44,8.52
10/25/2021,6.75,7.81,9.46,9.52,8.49
10/18/2021,7.3,8.12,9.76,9.64,8.47
10/11/2021,7.83,8.54,9.96,9.73,8.54
10/04/2021,8.16,9.04,10.16,9.81,8.6
09/27/2021,8.48,9.35,10.28,9.89,8.65
09/20/2021,8.86,9.62,10.27,9.95,8.7
09/13/2021,8.95,9.86,10.36,10.18,8.73
09/06/2021,9.26,10.15,10.46,10.32,8.79
08/30/2021,9.92,10.58,10.5,10.44,8.82
08/23/2021,10.22,10.82,10.45,10.49,8.84
08/16/2021,10.38,11.12,10.38,10.45,8.84
08/09/2021,10.77,11.4,10.4,10.51,8.86
08/02/2021,11.04,11.38,10.33,10.5,9.01
07/26/2021,11.24,11.27,10.2,10.4,9.12
07/19/2021,11.42,11.21,10.16,10.28,9.18
07/12/2021,11.85,10.92,10.11,10.15,9.23
07/05/2021,12.02,10.86,10.35,10.0,9.3
06/28/2021,11.72,10.78,10.41,9.82,9.34
06/21/2021,11.3,10.41,10.36,9.61,9.36
06/14/2021,10.99,10.07,10.33,9.4,9.41
06/07/2021,9.98,9.64,10.12,9.12,9.47
05/31/2021,9.7,9.41,10.06,8.88,9.54
05/24/2021,9.85,9.28,10.06,8.67,9.62
05/17/2021,9.52,9.12,9.97,8.46,9.7
05/10/2021,9.14,9.11,9.82,8.3,9.78
05/03/2021,9.31,9.31,9.76,8.21,9.88
04/26/2021,9.12,9.83,9.57,8.02,9.96
04/19/2021,8.71,10.03,9.34,7.81,10.37
04/12/2021,8.72,10.32,9.2,7.68,10.8
04/05/2021,9.07,10.59,9.07,7.59,10.67
03/29/2021,9.31,10.6,8.86,7.45,10.52
03/22/2021,10.54,10.71,8.61,7.29,10.36
03/15/2021,11.36,10.85,8.37,7.34,10.22
03/08/2021,11.91,10.81,8.13,7.39,10.07
03/01/2021,12.11,10.54,7.9,7.4,9.91
02/22/2021,11.9,10.22,7.66,7.44,9.75
02/15/2021,10.88,9.3,7.12,7.28,9.68
02/08/2021,10.34,8.65,6.71,7.26,9.67
02/01/2021,9.72,8.09,6.36,7.21,9.65
01/25/2021,8.97,7.55,6.09,7.18,9.66
01/18/2021,8.53,7.12,5.88,7.23,9.7
01/11/2021,7.72,6.51,5.58,7.21,9.77
01/04/2021,6.95,5.89,5.59,7.52,9.86
12/28/2020,6.47,5.45,5.67,7.83,9.94
12/21/2020,6.13,5.26,5.84,8.08,10.1
12/14/2020,5.71,5.1,6.06,8.32,10.37
12/07/2020,5.29,4.94,6.26,8.61,10.61
11/30/2020,4.83,4.77,6.57,8.86,10.84
11/23/2020,4.42,4.64,6.77,9.11,11.11
11/16/2020,4.39,4.64,7.0,9.41,11.42
11/09/2020,4.48,4.64,7.28,9.81,11.78
11/02/2020,4.58,4.66,7.56,10.2,12.22
10/26/2020,4.7,5.29,8.33,10.57,12.71
10/19/2020,4.85,5.9,9.02,10.95,13.23
10/12/2020,4.89,6.42,9.5,11.27,13.63
10/05/2020,4.79,7.02,9.94,11.56,13.99
09/28/2020,4.74,7.59,10.44,11.9,14.4
09/21/2020,5.88,8.37,10.9,12.93,14.78
09/14/2020,6.95,8.91,11.35,13.92,15.17
09/07/2020,7.94,9.36,11.8,13.74,15.6
08/31/2020,9.25,9.93,12.39,13.59,16.0
08/24/2020,10.44,10.46,12.98,13.44,16.41
08/17/2020,10.86,11.37,13.22,13.1,16.62
08/10/2020,10.88,12.14,13.47,12.76,16.88
08/03/2020,10.77,12.58,13.69,12.42,17.07
07/27/2020,10.6,12.85,13.83,12.05,17.41
07/20/2020,10.47,13.29,14.05,12.09,17.65
07/13/2020,11.88,13.44,15.2,12.09,17.89
07/06/2020,13.41,13.79,16.42,12.09,18.27
06/29/2020,14.39,14.24,15.93,12.13,18.79
06/22/2020,15.1,14.86,15.43,12.17,19.37
06/15/2020,16.11,15.5,14.93,12.34,20.01
06/08/2020,14.99,15.06,13.96,12.21,20.51
06/01/2020,14.17,14.8,13.07,12.05,20.89
05/25/2020,14.1,14.81,12.33,12.12,21.55
05/18/2020,14.61,14.81,11.65,12.42,22.34
05/11/2020,14.88,14.82,11.49,12.62,22.8
05/04/2020,15.13,16.97,11.42,12.83,23.3
04/27/2020,15.44,19.05,11.25,13.12,23.61
04/20/2020,15.51,17.62,11.07,13.43,23.74
04/13/2020,15.0,16.0,10.82,13.76,23.78
04/06/2020,14.75,14.36,10.76,14.23,23.82
03/30/2020,18.81,12.85,10.79,14.84,23.88
03/23/2020,22.66,11.33,10.68,15.51,23.92
03/16/2020,19.72,9.86,10.77,15.99,23.96
03/09/2020,16.99,8.49,11.22,16.43,24.04
03/02/2020,13.97,8.16,11.52,16.89,24.07
02/24/2020,6.9,5.86,10.75,16.64,23.9
02/17/2020,0.0,3.44,10.15,16.43,23.59
02/10/2020,0.0,4.53,11.33,17.47,23.83
02/03/2020,0.0,5.65,12.65,18.4,23.97
01/27/2020,2.36,7.16,14.17,19.39,24.18
01/20/2020,4.82,8.72,15.83,20.15,24.45
01/13/2020,6.89,10.03,17.6,21.0,24.97
01/06/2020,9.07,11.68,19.05,21.72,25.6
12/30/2019,11.31,13.95,20.4,22.77,26.32
12/23/2019,11.95,14.88,21.26,23.21,26.94
12/16/2019,12.62,15.65,22.03,23.68,27.48
12/09/2019,13.16,16.85,22.92,24.44,28.14
12/02/2019,14.3,18.14,23.94,25.44,28.99
11/25/2019,16.59,19.64,24.77,26.58,29.94
11/18/2019,17.82,21.19,25.51,27.68,30.93
11/11/2019,18.67,22.95,25.86,28.81,31.84
11/04/2019,20.54,25.18,26.48,29.72,32.85
10/28/2019,21.97,26.42,26.73,30.99,33.65
10/21/2019,22.69,26.85,27.18,32.26,34.53
10/14/2019,24.56,27.64,27.37,32.98,35.45
10/07/2019,27.22,28.41,27.7,33.77,36.27
09/30/2019,29.82,28.99,28.23,34.1,37.03
09/23/2019,30.87,29.73,29.09,34.05,38.0
09/16/2019,31.01,29.9,30.05,33.8,38.92
09/09/2019,30.71,29.83,30.92,33.4,39.76
09/02/2019,29.59,28.78,31.75,32.91,40.63
08/26/2019,28.17,27.79,31.99,32.32,41.46
08/19/2019,28.6,27.05,33.27,31.94,42.21
08/12/2019,28.8,27.5,34.97,31.66,43.0
08/05/2019,28.94,27.1,35.65,31.24,43.76
07/29/2019,27.96,27.0,36.45,31.17,44.53
07/22/2019,27.4,27.47,36.65,30.74,45.49
07/15/2019,25.49,28.45,36.21,30.18,46.25
07/08/2019,26.21,30.2,35.74,29.53,47.18
07/01/2019,25.26,32.02,35.19,28.97,48.3
06/24/2019,26.04,34.72,34.98,28.75,49.45
06/17/2019,27.53,36.2,34.59,28.95,50.64
06/10/2019,31.4,39.5,34.39,29.49,51.92
06/03/2019,34.2,42.44,33.73,29.88,53.05
05/27/2019,38.78,44.19,33.3,30.67,54.22
05/20/2019,43.4,45.9,33.26,31.28,55.23
05/13/2019,44.87,45.83,32.38,31.84,56.27
05/06/2019,47.6,43.98,31.05,32.54,57.27
04/29/2019,50.68,41.28,29.2,33.29,58.48
04/22/2019,49.6,38.36,27.45,34.19,60.16
04/15/2019,48.41,35.25,25.77,34.87,63.41
04/08/2019,46.8,32.97,25.33,35.99,66.61
04/01/2019,40.36,29.28,24.49,36.31,69.19
03/25/2019,31.89,25.02,23.6,36.8,71.41
03/18/2019,27.13,22.42,23.9,37.93,74.09
03/11/2019,22.09,20.61,23.97,38.77,76.05
03/04/2019,19.15,18.93,24.85,39.97,77.99
02/25/2019,18.19,18.13,26.83,41.95,80.1
02/18/2019,18.16,17.11,29.29,44.04,82.04
02/11/2019,17.7,16.53,32.1,46.12,83.88
02/04/2019,19.14,16.29,34.67,48.35,85.52
01/28/2019,18.72,17.69,37.49,50.6,87.19
01/21/2019,18.06,19.71,39.83,52.48,88.35
01/14/2019,16.07,22.17,42.69,54.34,89.7
01/07/2019,15.37,25.39,45.68,56.29,91.15
12/31/2018,13.44,27.34,47.85,57.89,92.39
12/24/2018,16.66,30.77,50.49,60.24,93.73
12/17/2018,21.35,35.53,53.87,62.32,95.24
12/10/2018,28.28,41.48,57.51,64.83,96.33
12/03/2018,35.42,47.67,60.92,67.63,97.27
11/26/2018,41.23,53.06,64.38,70.15,98.29
11/19/2018,44.87,57.3,67.06,72.33,99.17
11/12/2018,49.7,59.96,68.86,74.35,99.67
11/05/2018,54.67,63.21,70.42,76.22,100.1
10/29/2018,59.92,65.98,71.73,77.78,100.54
10/22/2018,64.89,68.36,73.17,79.17,101.07
10/15/2018,69.72,70.21,74.97,80.69,101.52
10/08/2018,70.21,72.21,75.72,82.01,101.71
10/01/2018,71.75,73.54,76.51,83.67,101.83
09/24/2018,72.03,74.17,77.61,86.12,101.94
09/17/2018,71.82,75.71,78.7,91.96,102.24
09/10/2018,70.7,76.83,79.85,97.24,102.52
09/03/2018,74.2,77.77,81.55,102.06,102.94
08/27/2018,75.32,77.63,82.72,106.02,103.19
08/20/2018,76.3,77.49,83.69,110.26,103.49
08/13/2018,79.59,77.98,84.58,113.34,103.92
08/06/2018,82.95,79.73,85.93,116.01,104.64
07/30/2018,81.34,79.24,86.91,118.24,104.88
07/23/2018,79.94,79.49,88.74,120.04,105.27
07/16/2018,78.68,81.06,92.1,121.64,105.7
07/09/2018,76.37,81.69,100.08,122.7,106.08
07/02/2018,76.51,82.88,107.45,123.78,106.56
06/25/2018,77.14,85.33,114.21,124.22,107.15
06/18/2018,79.03,87.82,120.21,125.06,107.73
06/11/2018,83.44,89.88,126.65,126.02,108.74
06/04/2018,87.01,91.18,131.02,126.9,109.67
05/28/2018,89.25,92.12,134.16,127.23,110.4
05/21/2018,93.52,94.57,137.74,128.16,111.38
05/14/2018,96.6,98.0,140.32,127.83,112.38
05/07/2018,96.32,103.15,141.93,126.9,113.16
04/30/2018,95.34,118.48,143.2,126.43,114.11
04/23/2018,94.99,132.02,144.24,126.01,114.9
04/16/2018,95.62,143.08,143.66,125.0,115.66
04/09/2018,99.4,152.6,143.68,123.98,116.52
04/02/2018,109.97,163.42,144.1,123.31,117.4
03/26/2018,141.61,170.87,144.76,122.97,118.34
03/19/2018,169.05,176.19,144.78,122.35,119.15
03/12/2018,190.54,180.92,144.95,121.42,119.84
03/05/2018,205.8,182.63,142.75,119.99,120.22
02/26/2018,216.86,180.71,138.78,117.75,120.0
02/19/2018,200.13,167.93,130.41,112.53,118.2
02/12/2018,183.33,156.45,123.01,107.8,116.43
02/05/2018,171.29,144.24,115.96,103.82,115.07
01/29/2018,159.46,134.75,109.67,100.37,113.93
01/22/2018,144.55,124.78,103.25,96.72,112.78
01/15/2018,135.73,118.65,99.02,94.49,112.36
01/08/2018,129.57,113.37,95.43,93.26,112.34
01/01/2018,117.18,108.99,91.67,91.53,112.26
12/25/2017,110.04,102.87,88.67,90.51,112.38
12/18/2017,105.0,96.85,86.28,89.76,112.41
12/11/2017,101.57,92.89,84.82,89.46,112.64
12/04/2017,97.16,89.57,83.48,89.33,113.03
11/27/2017,100.8,87.68,83.62,90.09,114.15
11/20/2017,95.69,84.6,83.18,90.41,115.12
11/13/2017,88.69,81.73,82.69,91.46,115.93
11/06/2017,84.21,79.38,82.41,92.45,116.85
10/30/2017,81.97,77.49,83.21,93.58,117.86
10/23/2017,74.55,74.34,82.79,94.61,118.94
10/16/2017,73.5,74.48,84.33,96.93,120.55
10/09/2017,74.76,75.71,86.22,99.42,122.62
10/02/2017,74.55,76.76,87.75,101.78,124.19
09/25/2017,73.01,77.39,89.22,103.79,124.89
09/18/2017,74.13,79.56,91.3,106.33,126.03
09/11/2017,75.46,81.76,93.31,109.05,127.16
09/04/2017,76.65,83.65,96.32,111.5,127.66
08/28/2017,78.96,85.44,98.98,113.72,128.13
08/21/2017,81.76,88.94,101.62,115.94,128.64
08/14/2017,84.98,91.25,104.74,118.27,129.34
08/07/2017,88.06,94.19,108.15,120.45,129.9
07/31/2017,90.65,96.74,111.28,122.26,130.47
07/24/2017,91.91,98.74,114.29,123.87,130.89
07/17/2017,96.11,101.05,116.99,125.07,131.48
07/10/2017,97.51,103.04,119.72,126.32,131.64
07/03/2017,100.31,104.86,122.69,127.48,131.8
06/26/2017,102.83,108.99,125.42,128.84,131.85
06/19/2017,105.56,112.53,127.86,130.24,131.95
06/12/2017,105.98,114.31,129.45,131.43,131.87
06/05/2017,108.57,118.23,131.78,132.99,132.26
05/29/2017,109.41,122.12,133.58,134.25,132.44
05/22/2017,115.15,125.83,135.01,135.05,132.45
05/15/2017,119.49,129.85,136.43,135.81,132.57
05/08/2017,122.64,132.93,137.08,136.73,132.49
05/01/2017,127.89,136.4,137.95,138.22,132.59
04/24/2017,134.82,140.53,138.79,139.83,133.02
04/17/2017,136.5,141.86,138.76,140.41,133.21
04/10/2017,140.21,143.19,139.09,141.26,133.67
04/03/2017,143.22,144.59,139.98,142.15,134.0
03/27/2017,144.9,145.32,140.37,143.28,134.15
03/20/2017,146.23,145.04,140.32,144.17,134.52
03/13/2017,147.21,144.2,139.67,145.81,134.86
03/06/2017,146.16,143.01,138.79,146.6,135.36
02/27/2017,145.95,141.23,138.64,145.99,135.99
02/20/2017,145.74,139.51,139.13,145.73,136.67
02/13/2017,143.85,137.06,139.48,145.27,137.32
02/06/2017,141.19,135.66,139.69,143.82,138.16
01/30/2017,139.86,135.0,140.3,142.54,138.86
01/23/2017,136.5,135.38,140.93,141.33,139.3
01/16/2017,133.28,135.42,142.26,140.41,139.92
01/09/2017,130.27,135.59,143.73,139.36,140.9
01/02/2017,130.13,135.14,146.62,138.69,141.52
12/26/2016,130.13,134.58,148.4,137.92,142.04
12/19/2016,134.26,136.05,148.37,137.9,143.05
12/12/2016,137.55,138.74,148.84,136.96,144.01
12/05/2016,140.91,141.89,149.38,136.13,144.96
11/28/2016,140.14,143.71,147.89,134.86,146.18
11/21/2016,139.02,145.6,146.32,133.67,147.16
11/14/2016,137.83,146.48,144.31,132.32,147.85
11/07/2016,139.93,149.1,142.91,131.53,149.21
10/31/2016,142.87,151.87,141.24,130.63,151.07
10/24/2016,147.28,158.1,140.47,129.84,152.98
10/17/2016,152.18,162.23,139.6,129.33,154.75
10/10/2016,155.12,160.69,138.83,128.25,156.63
10/03/2016,158.27,158.94,136.06,126.97,158.05
09/26/2016,160.86,156.87,133.25,126.21,159.53
09/19/2016,168.91,152.08,130.43,126.01,160.76
09/12/2016,172.27,147.04,127.7,126.08,163.04
09/05/2016,166.25,142.14,125.25,125.85,163.79
08/29/2016,159.6,136.71,122.75,125.02,173.18
08/22/2016,152.88,130.62,120.02,124.88,181.97
08/15/2016,135.24,122.85,115.71,123.9,190.05
08/08/2016,121.8,116.97,112.88,124.11,197.47
08/01/2016,118.02,116.97,112.04,126.0,205.03
07/25/2016,113.82,113.19,110.99,127.61,211.93
07/18/2016,108.36,109.62,110.88,129.36,218.47
07/11/2016,110.46,108.78,112.98,132.51,225.02
07/04/2016,112.14,108.36,115.61,135.17,231.81
06/27/2016,115.92,108.36,117.71,137.27,238.7
06/20/2016,112.56,108.78,119.18,139.44,244.16
06/13/2016,110.88,109.41,122.01,142.45,250.25
06/06/2016,107.1,108.57,124.43,144.34,257.74
05/30/2016,104.58,108.78,127.68,146.16,265.09
05/23/2016,100.8,107.1,130.52,148.19,272.51
05/16/2016,105.0,108.78,134.82,151.06,279.44
05/09/2016,107.94,112.14,139.23,153.79,286.41
05/02/2016,110.04,117.18,144.38,157.5,293.9
04/25/2016,112.98,122.85,148.58,160.65,300.65
04/18/2016,113.4,127.05,151.73,163.38,306.78
04/11/2016,112.56,129.57,154.77,166.88,312.55
04/04/2016,116.34,134.61,158.97,171.5,318.85
03/28/2016,124.32,140.28,162.23,176.12,325.05
03/21/2016,132.72,146.58,164.85,180.18,331.49
03/14/2016,140.7,153.93,168.74,185.01,337.93
03/07/2016,146.58,160.86,172.2,189.14,343.7
02/29/2016,152.88,166.32,174.62,192.85,349.93
02/22/2016,156.24,171.57,177.66,195.51,357.11
02/15/2016,160.44,174.3,179.55,199.99,364.11
02/08/2016,167.16,176.4,181.55,201.74,370.55
02/01/2016,175.14,179.97,185.54,221.34,376.99
01/25/2016,179.76,183.33,189.95,239.05,382.13
01/18/2016,186.9,184.17,194.04,256.2,387.14
01/11/2016,188.16,183.12,196.98,270.83,392.35
01/04/2016,185.64,183.54,200.55,284.06,396.73
12/28/2015,184.8,183.54,203.28,296.24,399.49
12/21/2015,186.9,182.91,206.12,307.58,402.05
12/14/2015,181.44,183.75,207.48,317.52,404.67
12/07/2015,178.08,184.8,212.84,328.44,407.58
11/30/2015,181.44,186.69,214.41,340.13,409.78
11/23/2015,182.28,191.1,242.03,348.88,410.45
11/16/2015,178.92,196.56,266.91,358.05,430.36
11/09/2015,186.06,203.91,292.22,371.14,454.3
11/02/2015,191.52,210.84,314.69,384.02,477.19
10/26/2015,191.94,217.56,334.32,396.83,499.66
10/19/2015,199.92,223.02,352.59,407.82,521.43
10/12/2015,214.2,229.32,369.92,419.02,544.6
10/05/2015,221.76,231.21,384.41,430.29,565.36
09/28/2015,230.16,240.87,400.26,440.65,587.75
09/21/2015,243.18,242.13,416.85,450.17,608.05
09/14/2015,246.12,292.95,427.77,458.22,626.81
09/07/2015,244.44,337.26,438.8,466.2,646.03
08/31/2015,240.66,380.52,454.76,473.97,661.74
08/24/2015,251.58,418.53,470.61,482.79,678.75
08/17/2015,241.08,451.08,486.47,490.84,698.39
08/10/2015,339.78,482.16,500.22,498.26,717.46
08/03/2015,430.08,510.51,513.87,507.01,735.63
07/27/2015,520.38,537.6,529.83,518.7,753.02
07/20/2015,585.48,559.65,540.54,528.22,766.53
07/13/2015,661.08,591.57,554.19,539.35,781.09
07/06/2015,624.54,562.59,540.86,532.63,786.24
06/29/2015,590.94,540.33,530.67,525.21,790.96
06/22/2015,554.82,528.99,520.7,518.07,797.19
06/15/2015,533.82,522.69,514.92,513.87,805.03
06/08/2015,522.06,521.85,510.72,509.39,813.22
06/01/2015,500.64,518.28,506.31,502.74,822.11
05/25/2015,489.72,517.23,505.26,496.51,832.68
05/18/2015,503.16,522.06,509.25,491.82,846.26
05/11/2015,511.56,521.43,512.51,486.71,859.56
05/04/2015,521.64,516.81,513.24,479.43,875.21
04/27/2015,535.92,519.12,517.65,472.01,892.36
04/20/2015,544.74,521.01,517.65,502.67,909.96
04/13/2015,540.96,512.4,512.61,537.46,923.47
04/06/2015,531.3,507.15,509.46,570.36,931.87
03/30/2015,511.98,499.59,503.16,602.49,938.73
03/23/2015,502.32,494.34,494.97,635.04,947.59
03/16/2015,497.28,493.29,486.15,670.18,954.27
03/09/2015,483.84,496.44,476.7,700.42,960.92
03/02/2015,483.0,503.58,469.35,734.86,969.32
02/23/2015,487.2,509.67,460.74,765.94,977.16
02/16/2015,486.36,516.18,448.46,795.41,986.02
02/09/2015,489.3,514.29,493.5,825.86,994.1
02/02/2015,509.04,512.82,549.99,849.52,1002.19
01/26/2015,524.16,511.77,601.97,874.72,1010.73
01/19/2015,532.14,506.73,653.94,905.94,1020.28
01/12/2015,546.0,495.6,705.39,936.67,1030.26
01/05/2015,539.28,479.01,758.62,964.25,1039.92
12/29/2014,516.6,456.96,802.41,987.35,1048.74
12/22/2014,499.38,435.12,850.5,1004.85,1057.07
12/15/2014,481.32,411.81,894.07,1022.84,1065.78
12/08/2014,445.2,380.73,935.02,1039.85,1073.87
12/01/2014,418.74,472.71,981.64,1056.72,1082.58
11/24/2014,397.32,587.16,1017.87,1076.32,1091.79
11/17/2014,370.86,692.16,1056.19,1096.2,1101.38
11/10/2014,342.3,801.15,1105.54,1117.06,1110.86
11/03/2014,316.26,915.18,1157.2,1141.49,1121.19
10/27/2014,526.68,1038.24,1206.87,1168.86,1131.97
10/20/2014,777.0,1147.86,1252.54,1200.71,1143.31
10/13/2014,1013.46,1265.88,1289.71,1232.42,1154.16
10/06/2014,1260.0,1376.34,1328.35,1270.99,1166.23
09/29/2014,1514.1,1489.32,1369.41,1312.71,1179.36
09/22/2014,1549.8,1490.58,1348.72,1317.26,1173.48
09/15/2014,1518.72,1448.58,1320.9,1309.49,1164.52
09/08/2014,1518.3,1420.23,1298.22,1293.39,1160.0
09/01/2014,1492.68,1409.94,1275.01,1274.98,1153.67
08/25/2014,1464.54,1399.23,1254.64,1260.14,1148.45
08/18/2014,1431.36,1375.5,1234.17,1238.37,1141.8
08/11/2014,1378.44,1357.23,1227.13,1221.43,1135.71
08/04/2014,1322.16,1313.55,1215.69,1203.79,1128.01
07/28/2014,1327.2,1280.37,1218.31,1188.39,1122.1
07/21/2014,1333.92,1249.5,1224.41,1176.63,1117.23
07/14/2014,1319.64,1206.87,1230.6,1162.35,1112.65
07/07/2014,1336.02,1193.22,1239.95,1154.86,1112.3
06/30/2014,1304.94,1176.21,1229.97,1146.74,1110.45
06/23/2014,1233.54,1140.09,1207.5,1134.63,1104.25
06/16/2014,1165.08,1110.06,1190.6,1123.85,1099.77
06/09/2014,1094.1,1092.84,1169.81,1115.59,1097.01
06/02/2014,1050.42,1097.04,1153.53,1110.13,1093.96
05/26/2014,1047.48,1117.83,1148.91,1109.29,1094.52
05/19/2014,1046.64,1156.26,1142.4,1108.73,1095.39
05/12/2014,1055.04,1199.31,1140.2,1107.89,1097.18
05/05/2014,1091.58,1254.33,1140.09,1108.45,1099.52
04/28/2014,1143.66,1286.67,1135.68,1107.26,1101.41
04/21/2014,1188.18,1283.73,1132.01,1106.56,1104.11
04/14/2014,1265.88,1274.91,1131.9,1104.67,1105.82
04/07/2014,1343.58,1271.13,1130.75,1100.89,1106.21
03/31/2014,1417.08,1246.77,1126.96,1095.08,1106.11
03/24/2014,1429.68,1210.02,1116.67,1085.91,1105.86
03/17/2014,1379.28,1179.99,1105.02,1075.9,1105.06
03/10/2014,1283.94,1128.54,1084.97,1061.48,1097.46
03/03/2014,1198.68,1081.08,1062.18,1046.01,1088.29
02/24/2014,1076.46,1025.85,1035.51,1029.7,1077.09
02/17/2014,990.36,984.69,1017.55,1019.55,1068.55
02/10/2014,980.7,980.28,1017.97,1026.62,1065.47
02/03/2014,973.14,988.89,1019.55,1032.36,1063.62
01/27/2014,963.48,990.36,1015.77,1036.77,1060.12
01/20/2014,975.24,1007.16,1019.23,1045.24,1059.77
01/13/2014,979.02,1023.33,1023.85,1050.0,1061.41
01/06/2014,979.86,1030.05,1023.85,1052.24,1061.31
12/30/2013,1004.64,1041.39,1027.95,1055.81,1059.38
12/23/2013,1017.24,1043.28,1028.47,1057.84,1057.39
12/16/2013,1039.08,1045.17,1031.62,1062.95,1055.95
12/09/2013,1067.64,1050.42,1036.98,1069.74,1055.11
12/02/2013,1080.24,1055.67,1049.79,1074.15,1055.36
11/25/2013,1078.14,1050.21,1054.09,1073.87,1056.65
11/18/2013,1069.32,1041.18,1059.97,1075.69,1060.99
11/11/2013,1051.26,1031.31,1064.28,1078.42,1062.57
11/04/2013,1033.2,1024.38,1063.33,1077.79,1064.28
10/28/2013,1031.1,1017.66,1063.33,1079.75,1062.88
10/21/2013,1022.28,1014.51,1063.02,1082.06,1057.14
10/14/2013,1013.04,1013.67,1065.12,1086.47,1051.3
10/07/2013,1011.36,1018.08,1071.84,1090.6,1046.47
09/30/2013,1015.56,1023.54,1079.4,1095.57,1040.9
09/23/2013,1004.22,1043.91,1083.39,1101.66,1033.62
09/16/2013,1006.74,1057.98,1085.7,1106.98,1028.09
09/09/2013,1014.3,1078.77,1092.95,1111.53,1022.77
09/02/2013,1024.8,1097.25,1101.98,1117.13,1017.0
08/26/2013,1031.52,1102.29,1104.5,1125.81,1011.33
08/19/2013,1083.6,1109.01,1110.8,1134.21,1006.39
08/12/2013,1109.22,1111.53,1115.84,1133.44,999.32
08/05/2013,1143.24,1116.57,1122.87,1130.57,991.69
07/29/2013,1169.7,1125.6,1126.86,1124.48,983.78
07/22/2013,1173.06,1135.26,1131.59,1117.55,975.28
07/15/2013,1134.42,1122.87,1130.54,1104.32,963.62
07/08/2013,1113.84,1113.42,1131.48,1094.87,953.96
07/01/2013,1089.9,1107.12,1127.91,1083.46,943.53
06/24/2013,1081.5,1106.7,1127.07,1074.29,933.21
06/17/2013,1097.46,1106.7,1137.57,1072.82,924.14
06/10/2013,1111.32,1112.58,1146.81,1070.37,916.13
06/03/2013,1113.0,1120.14,1144.4,1062.95,908.85
05/27/2013,1124.34,1129.17,1137.57,1056.93,901.88
05/20/2013,1131.9,1128.12,1123.92,1048.95,893.03
05/13/2013,1115.94,1127.91,1108.7,1040.48,883.61
05/06/2013,1113.84,1138.2,1095.05,1036.56,873.25
04/29/2013,1127.28,1149.54,1085.6,1039.43,864.36
04/22/2013,1134.0,1148.7,1071.63,1046.29,853.79
04/15/2013,1124.34,1147.44,1058.09,1046.71,840.35
04/08/2013,1139.88,1168.44,1055.88,1050.77,828.21
04/01/2013,1162.56,1181.04,1049.27,1046.01,815.64
03/25/2013,1171.8,1168.65,1034.36,1032.22,802.66
03/18/2013,1163.4,1145.97,1020.81,1016.12,788.8
03/11/2013,1170.54,1119.72,1009.37,1002.33,774.73
03/04/2013,1197.0,1089.48,996.77,986.23,759.99
02/25/2013,1199.52,1051.89,985.74,965.58,743.68
02/18/2013,1165.5,1021.65,984.38,949.2,728.42
02/11/2013,1128.54,994.56,995.09,934.01,714.07
02/04/2013,1068.9,968.73,996.35,916.86,699.02
01/28/2013,981.96,943.32,991.94,896.84,681.66
01/21/2013,904.26,917.49,978.5,878.57,665.32
01/14/2013,877.8,900.06,964.01,865.2,652.89
01/07/2013,860.58,895.65,951.2,852.81,641.55
12/31/2012,868.56,899.01,943.64,843.08,631.61
12/24/2012,904.68,904.05,934.61,833.0,621.74
12/17/2012,930.72,919.59,922.43,822.92,611.77
12/10/2012,922.32,947.1,912.98,813.05,602.14
12/03/2012,930.72,995.61,903.74,803.6,593.01
11/26/2012,929.46,1023.96,890.93,792.12,582.72
11/19/2012,903.42,1040.55,873.6,775.46,569.91
11/12/2012,908.46,1039.5,859.11,761.88,557.48
11/05/2012,971.88,1027.95,847.77,754.74,548.1
10/29/2012,1060.5,1006.74,831.39,746.83,538.44
10/22/2012,1118.46,988.26,815.12,737.1,528.33
10/15/2012,1177.68,965.16,797.48,726.74,518.14
10/08/2012,1170.54,925.26,774.59,709.94,505.86
10/01/2012,1084.02,878.85,746.03,689.29,491.37
09/24/2012,952.98,811.86,707.6,661.29,474.57
09/17/2012,858.06,757.89,676.2,633.99,460.71
09/10/2012,752.64,706.65,642.92,605.64,447.55
09/03/2012,679.98,678.72,623.07,585.27,438.13
08/27/2012,673.68,667.59,618.14,573.09,433.2
08/20/2012,670.74,656.04,616.88,561.47,429.56
08/13/2012,657.72,641.97,611.52,547.12,425.15
08/06/2012,660.66,629.79,607.53,533.75,421.16
07/30/2012,677.46,623.91,602.28,521.78,417.38
07/23/2012,661.5,613.2,594.51,507.64,413.42
07/16/2012,641.34,603.33,586.01,494.13,413.11
07/09/2012,626.22,594.51,572.04,481.18,412.34
07/02/2012,598.92,579.18,555.14,466.48,410.1
06/25/2012,570.36,567.42,538.55,452.06,408.24
06/18/2012,564.9,568.68,525.84,440.58,406.88
06/11/2012,565.32,577.71,514.19,430.29,407.19
06/04/2012,562.8,581.07,499.7,420.14,405.97
05/28/2012,559.44,585.27,485.73,410.48,404.22
05/21/2012,564.48,580.65,470.72,400.61,402.19
05/14/2012,572.46,575.82,454.86,391.23,399.39
05/07/2012,590.1,568.68,439.53,382.41,396.97
04/30/2012,599.34,549.57,424.52,373.31,394.03
04/23/2012,611.1,531.09,410.13,364.35,391.83
04/16/2012,596.82,509.67,394.38,353.08,388.75
04/09/2012,579.18,483.0,376.53,341.46,385.84
04/02/2012,547.26,450.66,356.58,330.05,382.59
03/26/2012,499.8,418.32,339.68,319.55,381.4
03/19/2012,451.08,386.19,323.09,309.54,379.96
03/12/2012,422.52,360.78,310.59,301.77,379.82
03/05/2012,386.82,333.9,298.94,293.44,379.86
02/27/2012,354.06,310.38,289.28,287.84,381.92
02/20/2012,336.84,299.46,285.18,287.42,385.74
02/13/2012,321.3,289.17,280.98,289.45,390.67
02/06/2012,299.04,279.09,274.79,290.99,394.59
01/30/2012,280.98,270.06,270.69,293.3,396.97
01/23/2012,266.7,262.5,269.75,297.64,399.88
01/16/2012,262.08,261.03,270.17,303.17,403.45
01/09/2012,257.04,259.98,271.22,308.56,406.74
01/02/2012,259.14,260.4,272.27,312.97,409.36
12/26/2011,259.14,263.97,273.21,319.2,411.57
12/19/2011,258.3,268.17,276.57,332.08,413.98
12/12/2011,259.98,270.9,281.4,343.49,416.68
12/05/2011,262.92,272.79,289.59,353.71,419.76
11/28/2011,261.66,270.48,296.94,364.42,421.58
11/21/2011,268.8,271.32,304.92,373.17,423.36
11/14/2011,278.04,276.99,315.21,384.09,425.85
11/07/2011,281.82,279.3,324.24,391.79,429.87
10/31/2011,282.66,282.45,332.85,397.95,433.55
10/24/2011,279.3,284.13,339.26,403.76,436.94
10/17/2011,273.84,282.45,346.82,407.54,440.44
10/10/2011,275.94,284.97,364.04,411.53,444.47
10/03/2011,276.78,291.9,379.79,414.75,448.39
09/26/2011,282.24,306.39,394.17,419.3,452.62
09/19/2011,288.96,323.4,411.39,424.41,459.03
09/12/2011,291.06,338.52,424.1,430.22,464.87
09/05/2011,294.0,353.43,437.64,435.12,468.93
08/29/2011,307.02,369.18,448.04,443.24,474.46
08/22/2011,330.54,383.25,455.7,450.38,479.71
08/15/2011,357.84,394.38,463.58,457.87,484.09
08/08/2011,385.98,411.18,470.09,466.27,490.6
08/01/2011,412.86,443.1,474.81,476.0,497.56
07/25/2011,431.34,467.67,476.18,484.05,502.64
07/18/2011,435.96,481.95,475.76,491.89,512.02
07/11/2011,430.92,499.38,474.92,498.19,521.68
07/04/2011,436.38,509.67,476.07,500.64,531.51
06/27/2011,473.34,521.85,475.97,502.11,544.01
06/20/2011,504.0,526.89,480.27,503.72,555.94
06/13/2011,527.94,528.15,483.95,504.91,567.88
06/06/2011,567.84,532.77,489.62,505.75,581.11
05/30/2011,582.96,528.99,493.82,503.93,593.01
05/23/2011,570.36,506.52,492.45,495.88,603.47
05/16/2011,549.78,484.68,492.24,489.86,613.48
05/09/2011,528.36,469.56,496.86,485.8,622.58
05/02/2011,497.7,450.45,497.6,478.73,627.87
04/25/2011,475.02,442.47,496.13,473.55,637.04
04/18/2011,442.68,430.08,492.24,467.6,645.61
04/11/2011,419.58,433.65,492.14,467.95,656.29
04/04/2011,410.76,439.74,493.29,469.14,668.01
03/28/2011,403.2,446.46,492.24,470.12,682.99
03/21/2011,409.92,458.64,491.4,473.34,695.31
03/14/2011,417.48,478.38,490.56,477.4,709.31
03/07/2011,447.72,499.8,492.45,482.02,728.63
02/28/2011,468.72,524.16,493.92,485.94,748.23
02/21/2011,489.72,544.74,492.87,493.64,772.24
02/14/2011,507.36,549.78,489.09,499.52,787.36
02/07/2011,539.28,554.4,486.36,502.74,806.82
01/31/2011,551.88,550.62,485.1,505.68,829.5
01/24/2011,579.6,546.84,483.84,509.04,857.01
01/17/2011,599.76,538.02,481.95,510.3,857.22
01/10/2011,592.2,524.16,480.69,514.92,854.7
01/03/2011,569.52,502.74,476.91,519.12,851.34
12/27/2010,549.36,485.1,473.13,521.22,849.45
12/20/2010,514.08,463.68,466.83,532.14,846.51
12/13/2010,476.28,441.0,468.09,545.16,843.99
12/06/2010,456.12,428.4,474.39,562.38,844.2
11/29/2010,435.96,418.32,476.91,585.9,844.83
11/22/2010,420.84,419.58,483.21,608.16,845.46
11/15/2010,413.28,420.84,490.14,630.84,845.46
11/08/2010,405.72,425.88,496.44,656.46,848.19
11/01/2010,400.68,437.22,510.3,682.08,851.76
10/25/2010,400.68,451.08,527.31,711.06,854.7
10/18/2010,418.32,461.16,539.28,737.1,857.22
10/11/2010,428.4,469.98,566.37,759.36,860.16
10/04/2010,446.04,495.18,597.24,777.0,862.68
09/27/2010,473.76,520.38,629.37,800.52,865.41
09/20/2010,501.48,535.5,669.69,823.62,867.51
09/13/2010,504.0,546.84,702.45,844.62,867.72
09/06/2010,511.56,559.44,735.84,866.88,866.67
08/30/2010,544.32,567.0,771.75,895.86,864.78
08/23/2010,567.0,583.38,804.51,917.28,863.52
08/16/2010,569.52,603.54,841.05,941.22,862.89
08/09/2010,589.68,617.4,875.07,975.24,863.1
08/02/2010,607.32,662.76,904.05,1010.52,862.26
07/26/2010,589.68,699.3,917.91,1050.84,860.37
07/19/2010,599.76,738.36,940.59,1075.2,862.05
07/12/2010,637.56,803.88,967.68,1110.9,864.57
07/05/2010,645.12,858.06,993.51,1153.32,862.05
06/28/2010,718.2,912.24,1020.6,1204.98,857.43
06/21/2010,808.92,976.5,1060.29,1204.14,855.54
06/14/2010,876.96,1025.64,1084.23,1194.48,849.03
06/07/2010,970.2,1078.56,1110.06,1183.56,840.84
05/31/2010,1071.0,1132.74,1154.16,1177.68,834.75
05/24/2010,1106.28,1145.34,1184.4,1160.88,822.57
05/17/2010,1144.08,1136.52,1226.61,1142.82,809.97
05/10/2010,1174.32,1142.82,1243.62,1126.02,798.21
05/03/2010,1186.92,1131.48,1264.41,1103.76,782.04
04/26/2010,1194.48,1128.96,1300.95,1082.76,767.55
04/19/2010,1184.4,1128.96,1351.35,1060.08,753.48
04/12/2010,1128.96,1144.08,1317.96,1039.92,739.2
04/05/2010,1111.32,1142.82,1278.9,1021.44,726.18
03/29/2010,1076.04,1141.56,1236.06,998.34,710.85
03/22/2010,1063.44,1175.58,1200.15,977.34,697.41
03/15/2010,1073.52,1223.46,1168.65,960.96,685.86
03/08/2010,1159.2,1316.7,1145.97,948.36,678.93
03/01/2010,1174.32,1344.42,1117.62,930.3,669.69
02/22/2010,1207.08,1397.34,1089.9,911.4,660.03
02/15/2010,1287.72,1472.94,1059.66,890.82,647.85
02/08/2010,1373.4,1573.74,1025.64,866.46,636.51
02/01/2010,1474.2,1491.84,987.84,833.7,623.28
01/25/2010,1514.52,1414.98,960.75,809.76,614.88
01/18/2010,1587.6,1330.56,926.73,784.56,609.42
01/11/2010,1658.16,1224.72,878.22,750.96,597.03
01/04/2010,1774.08,1113.84,829.71,714.0,580.65
12/28/2009,1509.48,975.24,764.19,669.9,567.63
12/21/2009,1315.44,890.82,723.24,648.9,562.59
12/14/2009,1073.52,782.46,668.43,618.24,551.88
12/07/2009,791.28,646.38,599.76,570.78,529.83
11/30/2009,453.6,477.54,512.82,509.88,504.21
11/23/2009,441.0,483.84,504.63,506.94,508.83
11/16/2009,466.2,506.52,507.15,503.58,522.48
11/09/2009,491.4,522.9,511.56,498.12,536.55
11/02/2009,501.48,531.72,514.08,491.82,548.94
10/26/2009,501.48,545.58,514.08,484.26,571.62
10/19/2009,526.68,553.14,517.23,477.12,595.35
10/12/2009,546.84,555.66,527.94,470.4,620.13
10/05/2009,554.4,554.4,536.13,460.32,643.86
09/28/2009,561.96,553.14,532.98,452.34,670.32
09/21/2009,589.68,548.1,526.05,446.88,697.83
09/14/2009,579.6,525.42,518.49,438.48,721.77
09/07/2009,564.48,507.78,502.11,430.92,745.29
08/31/2009,554.4,500.22,485.73,423.36,773.64
08/24/2009,544.32,496.44,471.87,417.48,796.11
08/17/2009,506.52,482.58,453.6,410.76,815.64
08/10/2009,471.24,481.32,439.11,409.5,838.74
08/03/2009,451.08,500.22,427.77,409.08,865.62
07/27/2009,446.04,517.86,413.28,408.66,896.7
07/20/2009,448.56,512.82,401.94,404.88,925.89
07/13/2009,458.64,504.0,396.27,406.56,960.75
07/06/2009,491.4,511.56,395.01,412.86,994.56
06/29/2009,549.36,496.44,392.49,420.0,1026.48
06/22/2009,589.68,471.24,384.93,434.28,1051.89
06/15/2009,577.08,447.3,378.0,443.1,1078.14
06/08/2009,549.36,424.62,374.85,447.3,1102.5
06/01/2009,531.72,396.9,373.59,465.36,1121.61
05/25/2009,443.52,355.32,363.51,476.28,1140.93
05/18/2009,352.8,308.7,354.06,485.52,1164.24
05/11/2009,317.52,291.06,350.91,488.88,1192.17
05/04/2009,299.88,288.54,357.84,498.54,1223.25
04/27/2009,262.08,278.46,363.51,510.72,1249.08
04/20/2009,267.12,288.54,381.78,541.38,1275.96
04/13/2009,264.6,298.62,415.8,574.98,1301.37
04/06/2009,264.6,308.7,441.0,606.06,1325.73
03/30/2009,277.2,325.08,458.64,658.98,1350.93
03/23/2009,294.84,350.28,499.59,713.58,1372.35
03/16/2009,309.96,371.7,536.76,769.86,1394.61
03/09/2009,332.64,399.42,573.93,827.4,1417.08
03/02/2009,352.8,410.76,587.79,888.3,1445.22
02/23/2009,372.96,427.14,603.54,948.78,1473.15
02/16/2009,405.72,448.56,626.85,1005.06,1507.8
02/09/2009,433.44,475.02,667.8,1059.66,1542.03
02/02/2009,466.2,532.98,713.16,1123.92,1574.58
01/26/2009,468.72,573.3,754.74,1174.74,1610.49
01/19/2009,481.32,592.2,825.93,1220.52,1648.92
01/12/2009,491.4,648.9,895.23,1267.98,1685.46
01/05/2009,516.6,701.82,968.94,1322.16,1720.53
12/29/2008,599.76,748.44,1041.39,1384.74,1757.49
12/22/2008,677.88,764.82,1127.07,1446.9,1797.39
12/15/2008,703.08,779.94,1209.6,1514.94,1836.45
12/08/2008,806.4,805.14,1283.31,1576.26,1882.65
12/01/2008,887.04,860.58,1351.98,1632.96,1919.61
11/24/2008,897.12,893.34,1419.39,1669.5,1949.64
11/17/2008,851.76,936.18,1475.46,1713.18,1987.23
11/10/2008,856.8,1059.66,1534.68,1757.7,2025.66
11/03/2008,803.88,1141.56,1577.52,1777.86,2064.51
10/27/2008,834.12,1236.06,1632.33,1805.58,2105.25
10/20/2008,889.56,1334.34,1702.89,1842.96,2140.32
10/13/2008,1020.6,1489.32,1787.94,1895.46,2187.99
10/06/2008,1262.52,1639.26,1882.44,1947.96,2239.86
09/29/2008,1479.24,1761.48,1961.82,1987.44,2288.79
09/22/2008,1638.0,1843.38,2019.15,2010.54,2340.66
09/15/2008,1779.12,1945.44,2057.58,2027.76,2382.66
09/08/2008,1958.04,2014.74,2101.68,2045.4,2430.54
09/01/2008,2016.0,2009.7,2106.72,2042.88,2475.69
08/25/2008,2043.72,2013.48,2096.01,2031.12,2516.85
08/18/2008,2048.76,2028.6,2090.34,2019.36,2558.01
08/11/2008,2111.76,2071.44,2097.27,2006.76,2600.22
08/04/2008,2071.44,2086.56,2098.53,2002.14,2648.94
07/28/2008,2003.4,2125.62,2102.31,1997.52,2702.49
07/21/2008,1983.24,2162.16,2100.42,2010.54,2757.93
07/14/2008,2008.44,2194.92,2094.12,2024.4,2814.63
07/07/2008,2031.12,2169.72,2068.92,2025.24,2867.97
06/30/2008,2101.68,2188.62,2060.73,2046.24,2929.29
06/23/2008,2247.84,2203.74,2059.47,2077.32,2984.1
06/16/2008,2341.08,2178.54,2039.94,2102.94,3043.95
06/09/2008,2381.4,2152.08,2014.74,2118.9,3100.65
06/02/2008,2308.32,2123.1,1974.42,2130.24,3155.46
05/26/2008,2275.56,2110.5,1959.93,2147.88,3215.1
05/19/2008,2159.64,2079.0,1933.47,2157.96,3267.6
05/12/2008,2016.0,2038.68,1934.73,2189.04,3322.2
05/05/2008,1922.76,1993.32,1939.14,2206.26,3372.6
04/28/2008,1937.88,1968.12,1953.0,2229.78,3429.3
04/21/2008,1945.44,1932.84,1975.05,2261.28,3479.07
04/14/2008,1998.36,1915.2,2014.11,2293.62,3539.34
04/07/2008,2061.36,1901.34,2065.14,2351.16,3608.85
03/31/2008,2063.88,1877.4,2102.31,2404.92,3674.37
03/24/2008,1998.36,1825.74,2133.81,2437.68,3736.74
03/17/2008,1920.24,1809.36,2166.57,2480.52,3799.74
03/10/2008,1832.04,1787.94,2197.44,2531.76,3860.85
03/03/2008,1741.32,1830.78,2264.22,2590.14,3931.62
02/25/2008,1690.92,1884.96,2312.73,2670.78,4005.12
02/18/2008,1653.12,1937.88,2360.61,2737.56,4072.53
02/11/2008,1698.48,2017.26,2425.5,2815.68,4138.26
02/04/2008,1743.84,2113.02,2482.83,2908.5,4209.24
01/28/2008,1920.24,2228.94,2576.07,3002.58,4271.4
01/21/2008,2079.0,2327.22,2668.68,3096.66,4333.77
01/14/2008,2222.64,2441.88,2743.65,3193.68,4406.22
01/07/2008,2336.04,2523.78,2816.1,3295.74,4474.89
12/31/2007,2482.2,2606.94,2903.67,3407.46,4544.19
12/24/2007,2537.64,2697.66,2969.82,3505.32,4608.03
12/17/2007,2575.44,2740.5,3063.69,3604.86,4676.7
12/10/2007,2661.12,2783.34,3137.4,3710.7,4747.68
12/03/2007,2711.52,2833.74,3214.89,3812.34,4823.49
11/26/2007,2731.68,2852.64,3306.24,3890.88,4879.98
11/19/2007,2857.68,2923.2,3389.4,3984.96,4940.04
11/12/2007,2905.56,3010.14,3481.38,4082.4,5002.62
11/05/2007,2905.56,3045.42,3569.58,4180.68,5068.98
10/29/2007,2955.96,3108.42,3681.72,4282.32,5127.57
10/22/2007,2973.6,3200.4,3807.72,4377.24,5208.84
10/15/2007,2988.72,3241.98,3909.15,4455.36,5260.08
10/08/2007,3114.72,3386.88,4037.04,4538.94,5313.63
10/01/2007,3185.28,3491.46,4174.38,4628.82,5372.85
09/24/2007,3260.88,3596.04,4301.64,4696.86,5417.58
09/17/2007,3427.2,3759.84,4410.0,4785.06,5462.73
09/10/2007,3495.24,3855.6,4515.84,4866.54,5504.73
09/03/2007,3659.04,3952.62,4618.53,4943.82,5551.35
08/27/2007,3797.64,4093.74,4748.31,5035.8,5614.35
08/20/2007,3931.2,4255.02,4869.27,5118.96,5684.7
08/13/2007,4092.48,4415.04,4965.66,5189.94,5752.53
08/06/2007,4215.96,4576.32,5062.05,5273.1,5820.99
07/30/2007,4246.2,4687.2,5114.97,5339.46,5875.38
07/23/2007,4389.84,4857.3,5197.5,5407.5,5942.37
07/16/2007,4578.84,5007.24,5247.27,5460.84,6005.16
07/09/2007,4737.6,5060.16,5297.67,5509.98,6063.12
07/02/2007,4936.68,5176.08,5372.01,5540.22,6126.96
06/25/2007,5128.2,5284.44,5439.42,5570.88,6194.37
06/18/2007,5324.76,5402.88,5506.83,5618.76,6262.2
06/11/2007,5435.64,5483.52,5550.93,5654.04,6321.42
06/04/2007,5382.72,5516.28,5577.39,5680.92,6367.83
05/28/2007,5415.48,5547.78,5621.49,5710.74,6414.03
05/21/2007,5440.68,5542.74,5665.59,5748.54,6470.73
05/14/2007,5481.0,5537.7,5682.6,5784.66,6527.22
05/07/2007,5531.4,5487.3,5687.64,5834.64,6579.51
04/30/2007,5649.84,5535.18,5734.89,5869.08,6640.41
04/23/2007,5680.08,5567.94,5722.29,5895.12,6672.33
04/16/2007,5644.8,5594.4,5714.1,5922.84,6703.62
04/09/2007,5594.4,5610.78,5726.7,5957.28,6723.57
04/02/2007,5443.2,5618.34,5739.3,5972.82,6733.65
03/26/2007,5420.52,5638.5,5763.24,6040.44,6737.85
03/19/2007,5455.8,5695.2,5792.22,6064.8,6742.26
03/12/2007,5544.0,5788.44,5851.44,6088.32,6751.29
03/05/2007,5627.16,5827.5,5908.14,6116.88,6758.85
02/26/2007,5793.48,5887.98,6008.31,6138.3,6778.17
02/19/2007,5856.48,5934.6,6036.03,6140.4,6795.81
02/12/2007,5934.6,5876.64,6058.71,6142.92,6802.95
02/05/2007,6032.88,5833.8,6087.06,6158.88,6805.05
01/29/2007,6027.84,5842.62,6130.53,6192.9,6807.15
01/22/2007,5982.48,5860.26,6150.06,6250.44,6814.29
01/15/2007,6012.72,5887.98,6241.41,6315.12,6823.95
01/08/2007,5818.68,5889.24,6249.6,6368.88,6830.25
01/01/2007,5634.72,5914.44,6238.26,6411.3,6835.71
12/25/2006,5657.4,5988.78,6261.57,6477.24,6846.0
12/18/2006,5738.04,6128.64,6263.46,6549.48,6852.3
12/11/2006,5763.24,6137.46,6243.3,6616.26,6877.92
12/04/2006,5959.8,6240.78,6276.06,6713.7,6914.04
11/27/2006,6194.16,6340.32,6321.42,6817.86,6955.41
11/20/2006,6320.16,6418.44,6368.04,6905.64,6987.96
11/13/2006,6519.24,6439.86,6445.53,6988.8,0.0
11/06/2006,6511.68,6594.84,6528.69,7054.74,0.0
10/30/2006,6521.76,6609.96,6608.7,7117.32,0.0
10/23/2006,6486.48,6562.08,6659.73,7192.92,0.0
10/16/2006,6516.72,6534.36,6721.47,7269.78,0.0
10/09/2006,6360.48,6398.28,6759.9,7324.38,0.0
10/02/2006,6678.0,6349.14,6855.66,7411.74,0.0
09/25/2006,6698.16,6311.34,6950.16,7449.54,0.0
09/18/2006,6637.68,6302.52,7056.63,7484.4,0.0
09/11/2006,6552.0,6317.64,7149.24,7489.86,0.0
09/04/2006,6436.08,6451.2,7263.27,7494.48,0.0
08/28/2006,6020.28,6462.54,7284.69,7435.26,0.0
08/21/2006,5924.52,6607.44,7371.0,7419.72,0.0
08/14/2006,5967.36,6757.38,7508.34,7414.26,0.0
08/07/2006,6083.28,6908.58,7637.49,7400.82,0.0
07/31/2006,6466.32,7121.52,7787.43,7418.04,0.0
07/24/2006,6904.8,7362.18,7943.04,7451.22,0.0
07/17/2006,7290.36,7588.98,8018.64,7462.98,0.0
07/10/2006,7547.4,7810.74,8075.34,7451.22,0.0
07/03/2006,7733.88,7980.84,8075.97,7421.4,0.0
06/26/2006,7776.72,8075.34,8016.12,7378.14,0.0
06/19/2006,7819.56,8106.84,7921.62,7332.78,0.0
06/12/2006,7887.6,8134.56,7825.86,7291.62,0.0
06/05/2006,8074.08,8259.3,7742.7,7260.12,0.0
05/29/2006,8227.8,8366.4,7646.94,7214.76,0.0
05/22/2006,8373.96,8453.34,7566.3,7155.12,0.0
05/15/2006,8394.12,8523.9,7495.74,7139.58,0.0
05/08/2006,8381.52,8448.3,7399.98,7114.38,0.0
05/01/2006,8444.52,8339.94,7271.46,7092.96,0.0
04/24/2006,8505.0,8171.1,7141.68,7070.28,0.0
04/17/2006,8532.72,7956.9,7029.54,0.0,0.0
04/10/2006,8653.68,7736.4,6945.75,0.0,0.0
04/03/2006,8515.08,7517.16,6870.15,0.0,0.0
03/27/2006,8235.36,7226.1,6760.53,0.0,0.0
03/20/2006,7837.2,6927.48,6638.94,0.0,0.0
03/13/2006,7381.08,6679.26,6506.01,0.0,0.0
03/06/2006,6819.12,6467.58,6447.42,0.0,0.0
02/27/2006,6519.24,6351.66,6447.42,0.0,0.0
02/20/2006,6216.84,6202.98,6469.47,0.0,0.0
02/13/2006,6017.76,6112.26,6519.87,0.0,0.0
02/06/2006,5977.44,6102.18,0.0,0.0,0.0
01/30/2006,6116.04,6155.1,0.0,0.0,0.0
01/23/2006,6184.08,6223.14,0.0,0.0,0.0
01/16/2006,6189.12,6294.96,0.0,0.0,0.0
01/09/2006,6206.76,6350.4,0.0,0.0,0.0
01/02/2006,6226.92,6332.76,0.0,0.0,0.0
12/26/2005,6194.16,6427.26,0.0,0.0,0.0
12/19/2005,6262.2,6543.18,0.0,0.0,0.0
12/12/2005,6400.8,6735.96,0.0,0.0,0.0
12/05/2005,6494.04,6927.48,0.0,0.0,0.0
11/28/2005,6438.6,0.0,0.0,0.0,0.0
11/21/2005,6660.36,0.0,0.0,0.0,0.0
11/14/2005,6824.16,0.0,0.0,0.0,0.0
11/07/2005,7071.12,0.0,0.0,0.0,0.0
10/31/2005,7360.92,0.0,0.0,0.0,0.0
10/24/2005,0.0,0.0,0.0,0.0,0.0
10/17/2005,0.0,0.0,0.0,0.0,0.0
10/10/2005,0.0,0.0,0.0,0.0,0.0
10/03/2005,0.0,0.0,0.0,0.0,0.0
