12/26/2022,46.54,47.22,43.58,41.47,45.39
12/19/2022,46.92,46.94,43.37,41.2,45.61
12/12/2022,47.49,46.51,43.17,41.04,45.79
12/05/2022,48.54,45.63,43.0,40.77,45.86
11/28/2022,49.0,44.66,42.49,40.6,45.91
11/21/2022,47.9,43.04,41.66,40.25,45.87
11/14/2022,46.95,42.06,40.98,40.06,45.88
11/07/2022,45.54,41.37,40.43,39.84,45.88
10/31/2022,42.71,40.33,39.66,39.56,45.8
10/24/2022,40.32,39.93,39.01,39.32,45.8
10/17/2022,38.18,39.94,38.6,39.34,45.87
10/10/2022,37.17,39.8,38.33,39.36,45.97
10/03/2022,37.21,39.83,38.31,39.56,46.08
09/26/2022,37.96,40.37,38.34,39.78,46.26
09/19/2022,39.54,40.32,38.57,40.2,46.46
09/12/2022,41.7,40.28,38.85,40.65,46.72
09/05/2022,42.42,39.89,39.07,40.94,46.93
08/29/2022,42.45,39.48,39.08,41.15,47.13
08/22/2022,42.79,39.0,39.17,41.39,47.27
08/15/2022,41.1,38.08,39.01,41.62,47.38
08/08/2022,38.87,37.25,39.04,41.88,47.47
08/01/2022,37.36,36.87,39.14,42.39,47.59
07/25/2022,36.51,36.79,39.42,42.99,47.75
07/18/2022,35.2,36.31,39.49,43.62,47.89
07/11/2022,35.07,36.83,40.14,44.51,48.1
07/04/2022,35.64,37.41,40.84,45.33,48.29
06/27/2022,36.38,38.24,41.47,46.13,48.43
06/20/2022,37.07,38.68,41.98,46.77,48.55
06/13/2022,37.42,39.34,42.59,47.52,48.68
06/06/2022,38.59,39.94,43.4,48.4,48.84
05/30/2022,39.19,40.83,44.19,49.3,48.98
05/23/2022,40.1,41.42,45.15,50.02,49.03
05/16/2022,40.29,42.05,46.09,50.53,49.03
05/09/2022,41.26,42.66,47.27,50.95,49.07
05/02/2022,41.3,43.45,48.35,51.22,49.07
04/25/2022,42.48,44.26,49.29,51.5,49.13
04/18/2022,42.74,44.69,50.07,51.7,49.07
04/11/2022,43.8,45.28,50.81,51.92,49.02
04/04/2022,44.06,45.85,51.61,52.05,48.95
03/28/2022,45.6,46.85,52.64,52.29,48.86
03/21/2022,46.04,47.55,53.53,52.4,48.68
03/14/2022,46.65,48.87,54.32,52.57,48.52
03/07/2022,46.76,50.13,54.77,52.6,48.43
02/28/2022,47.63,51.89,55.1,52.75,48.39
02/21/2022,48.1,53.25,55.1,52.71,48.26
02/14/2022,49.05,54.31,55.12,52.78,48.1
02/07/2022,51.1,55.45,55.2,52.92,47.99
01/31/2022,53.49,56.33,55.23,53.11,47.88
01/24/2022,56.15,57.38,55.16,53.14,47.71
01/17/2022,58.4,58.42,55.01,53.14,47.48
01/10/2022,59.57,59.52,54.82,53.05,47.2
01/03/2022,59.81,59.76,54.42,52.79,46.82
12/27/2021,59.18,59.42,53.84,52.52,46.39
12/20/2021,58.62,58.3,53.18,52.15,45.88
12/13/2021,58.44,56.95,52.44,51.69,45.34
12/06/2021,59.46,55.94,52.02,51.25,44.88
11/29/2021,59.72,54.96,51.66,50.73,44.42
11/22/2021,59.65,54.14,51.5,50.34,44.0
11/15/2021,57.98,52.93,51.02,49.84,43.56
11/08/2021,55.46,51.6,50.5,49.28,43.04
11/01/2021,52.41,50.13,49.82,48.66,42.49
10/25/2021,50.2,49.08,49.31,48.04,41.96
10/18/2021,48.62,48.27,49.07,47.54,41.52
10/11/2021,47.87,48.05,49.08,47.19,41.19
10/04/2021,47.73,47.94,49.06,46.92,40.85
09/27/2021,47.85,48.1,48.9,46.76,40.56
09/20/2021,47.95,48.36,48.62,46.43,40.23
09/13/2021,47.91,48.86,48.44,46.13,39.91
09/06/2021,48.23,49.12,48.29,45.85,39.62
08/30/2021,48.14,49.39,48.13,45.44,39.32
08/23/2021,48.36,49.52,47.92,44.97,38.98
08/16/2021,48.78,49.54,47.52,44.46,38.66
08/09/2021,49.81,49.88,47.17,44.26,38.36
08/02/2021,50.01,50.11,46.76,44.04,38.03
07/26/2021,50.65,50.18,46.4,43.81,37.7
07/19/2021,50.67,49.7,46.09,43.43,37.37
07/12/2021,50.31,48.88,45.47,43.05,36.94
07/05/2021,49.94,48.01,44.76,42.65,36.45
06/28/2021,50.22,47.47,44.21,42.28,36.0
06/21/2021,49.71,46.86,43.46,41.83,35.5
06/14/2021,48.73,46.33,42.7,41.34,35.0
06/07/2021,47.45,45.5,41.93,40.85,34.47
05/31/2021,46.08,44.47,41.46,40.25,33.93
05/24/2021,44.71,43.4,41.0,39.6,33.4
05/17/2021,44.01,42.63,40.63,38.98,32.86
05/10/2021,43.92,42.49,40.29,38.52,32.42
05/03/2021,43.56,42.05,40.14,38.11,31.94
04/26/2021,42.85,41.52,39.97,37.67,31.6
04/19/2021,42.09,40.96,39.69,37.28,31.33
04/12/2021,41.25,40.05,39.32,36.8,31.09
04/05/2021,41.05,39.07,38.84,36.32,30.84
03/29/2021,40.55,38.35,38.53,35.87,30.64
03/22/2021,40.18,38.45,38.15,35.5,30.48
03/15/2021,39.84,38.6,37.71,35.18,30.34
03/08/2021,38.86,38.63,37.16,34.79,30.23
03/01/2021,37.09,38.09,36.54,34.36,30.08
02/22/2021,36.14,38.23,36.14,34.03,30.01
02/15/2021,36.71,38.43,35.75,33.68,30.0
02/08/2021,37.36,38.42,35.43,33.39,30.02
02/01/2021,38.39,38.58,35.17,33.2,30.08
01/25/2021,39.09,38.62,34.94,33.0,30.15
01/18/2021,40.31,38.71,34.63,32.85,30.23
01/11/2021,40.14,37.85,34.02,32.46,30.22
01/04/2021,39.49,36.81,33.48,32.02,30.19
12/28/2020,38.77,35.7,32.87,31.59,30.17
12/21/2020,38.14,34.99,32.49,31.32,30.18
12/14/2020,37.1,34.06,31.93,30.83,30.15
12/07/2020,35.55,33.07,31.31,30.26,30.02
11/30/2020,34.14,32.44,30.87,29.71,29.95
11/23/2020,32.62,31.77,30.5,29.17,29.9
11/16/2020,31.83,31.27,30.19,28.66,29.86
11/09/2020,31.02,30.56,29.93,28.09,29.84
11/02/2020,30.59,30.19,29.76,27.6,29.87
10/26/2020,30.75,30.14,29.62,27.2,29.98
10/19/2020,30.91,30.05,29.54,26.74,30.04
10/12/2020,30.72,30.0,29.49,26.31,30.05
10/05/2020,30.09,29.81,29.22,25.76,30.04
09/28/2020,29.8,29.56,28.85,25.52,30.06
09/21/2020,29.53,29.3,28.35,25.38,30.04
09/14/2020,29.19,29.24,27.87,25.37,30.05
09/07/2020,29.29,29.11,27.35,25.36,29.99
08/31/2020,29.52,29.3,26.86,25.4,29.94
08/24/2020,29.31,29.32,26.3,25.46,29.89
08/17/2020,29.07,29.11,25.72,25.5,29.84
08/10/2020,29.29,29.04,25.09,25.68,29.85
08/03/2020,28.93,28.98,24.46,25.79,29.79
07/27/2020,29.07,28.63,23.73,25.99,29.72
07/20/2020,29.34,28.14,23.5,26.31,29.67
07/13/2020,29.14,27.4,23.43,26.65,29.59
07/06/2020,28.78,26.51,23.44,26.97,29.56
06/29/2020,29.02,25.6,23.48,27.3,29.54
06/22/2020,28.18,24.41,23.46,27.61,29.5
06/15/2020,26.95,23.28,23.53,27.99,29.49
06/08/2020,25.65,22.34,23.69,28.36,29.56
06/01/2020,24.23,21.15,23.99,28.74,29.66
05/25/2020,22.17,19.95,24.2,29.03,29.7
05/18/2020,20.65,18.84,24.67,29.46,29.82
05/11/2020,19.61,18.86,25.39,29.78,29.96
05/04/2020,19.03,19.46,26.28,30.18,30.1
04/27/2020,18.06,20.37,27.19,30.63,30.31
04/20/2020,17.74,21.36,28.16,31.06,30.5
04/13/2020,17.03,22.5,29.21,31.6,30.78
04/06/2020,18.11,23.77,30.34,32.13,31.1
03/30/2020,19.88,25.04,31.37,32.77,31.33
03/23/2020,22.68,26.84,32.53,33.33,31.59
03/16/2020,24.98,28.46,33.57,33.78,31.82
03/09/2020,27.97,30.51,34.78,34.32,32.11
03/02/2020,29.43,31.93,35.24,34.61,32.22
02/24/2020,30.2,33.1,35.55,34.69,32.3
02/17/2020,31.0,34.02,35.75,34.74,32.35
02/10/2020,31.93,34.96,35.91,34.62,32.35
02/03/2020,33.04,35.91,36.14,34.48,32.33
01/27/2020,34.42,36.91,36.31,34.33,32.33
01/20/2020,36.0,37.69,36.63,34.19,32.33
01/13/2020,37.03,38.22,36.58,34.03,32.26
01/06/2020,37.99,38.69,36.45,33.79,32.16
12/30/2019,38.79,39.05,36.22,33.46,32.07
12/23/2019,39.4,38.56,35.95,33.03,31.93
12/16/2019,39.38,37.99,35.48,32.54,31.79
12/09/2019,39.42,37.49,35.1,32.16,31.63
12/02/2019,39.39,36.86,34.45,31.77,31.46
11/25/2019,39.31,36.38,33.77,31.39,31.3
11/18/2019,37.71,35.71,33.03,31.0,31.16
11/11/2019,36.6,35.57,32.44,30.76,31.07
11/04/2019,35.56,34.93,31.94,30.59,30.99
10/28/2019,34.34,34.2,31.34,30.37,30.93
10/21/2019,33.44,33.4,30.66,30.17,30.9
10/14/2019,33.71,33.34,30.27,30.13,30.99
10/07/2019,34.54,32.97,29.81,30.01,31.08
09/30/2019,34.3,32.7,29.5,29.99,31.17
09/23/2019,34.07,32.04,29.23,29.95,31.28
09/16/2019,33.35,31.17,28.9,29.96,31.39
09/09/2019,32.97,30.35,28.64,30.07,31.56
09/02/2019,31.4,29.31,28.35,29.88,31.73
08/26/2019,31.1,28.94,28.42,29.85,32.0
08/19/2019,30.0,28.47,28.45,29.87,32.29
08/12/2019,28.98,27.93,28.56,29.91,32.57
08/05/2019,27.73,27.2,28.53,29.83,32.87
07/29/2019,27.22,26.65,28.53,29.91,33.19
07/22/2019,26.78,26.29,28.63,29.96,33.51
07/15/2019,26.94,26.42,28.9,30.08,33.9
07/08/2019,26.88,26.64,29.36,30.19,34.3
07/01/2019,26.68,26.93,29.93,30.34,34.7
06/24/2019,26.08,27.39,30.17,30.48,35.08
06/17/2019,25.8,27.89,30.3,30.49,35.45
06/10/2019,25.89,28.44,30.56,30.53,35.86
06/03/2019,26.41,29.19,30.9,30.68,36.3
05/27/2019,27.18,29.85,31.14,30.83,36.72
05/20/2019,28.7,30.42,31.54,31.05,37.13
05/13/2019,29.99,30.97,31.79,31.1,37.54
05/06/2019,30.98,31.39,31.91,31.16,37.89
04/29/2019,31.97,32.07,31.96,31.21,38.31
04/22/2019,32.51,32.93,32.05,31.33,38.67
04/15/2019,32.14,32.95,32.02,31.38,38.94
04/08/2019,31.94,32.7,31.79,31.38,39.21
04/01/2019,31.8,32.69,31.57,31.49,39.5
03/25/2019,32.16,32.62,31.42,31.62,39.73
03/18/2019,33.34,32.43,31.32,31.86,40.02
03/11/2019,33.76,32.66,31.36,32.15,40.37
03/04/2019,33.46,32.62,31.16,32.34,40.68
02/25/2019,33.58,32.43,31.04,32.61,40.98
02/18/2019,33.07,31.84,30.79,32.81,41.2
02/11/2019,31.51,31.17,30.54,33.05,41.38
02/04/2019,31.55,31.1,30.6,33.57,41.67
01/28/2019,31.77,30.88,30.72,34.15,42.01
01/21/2019,31.28,30.46,30.89,34.71,42.24
01/14/2019,30.62,30.23,31.12,35.23,42.49
01/07/2019,30.83,30.22,31.57,35.9,42.8
12/31/2018,30.64,30.06,31.89,36.47,43.04
12/24/2018,29.99,29.71,32.21,37.06,43.29
12/17/2018,29.64,29.65,32.7,37.73,43.6
12/10/2018,29.84,29.73,33.3,38.41,43.95
12/03/2018,29.61,29.9,34.0,39.06,44.42
11/26/2018,29.49,30.1,34.81,39.68,44.88
11/19/2018,29.42,30.56,35.79,40.4,45.36
11/12/2018,29.66,31.32,36.84,41.19,45.84
11/05/2018,29.62,32.02,37.73,41.92,46.23
10/29/2018,30.2,32.92,38.75,42.6,46.63
10/22/2018,30.71,33.72,39.67,43.22,46.98
10/15/2018,31.7,34.71,40.73,43.98,47.37
10/08/2018,32.98,35.75,41.76,44.63,47.7
10/01/2018,34.42,36.87,42.75,45.4,48.02
09/24/2018,35.65,38.09,43.64,46.01,48.32
09/17/2018,36.74,39.53,44.47,46.49,48.64
09/10/2018,37.71,41.01,45.32,47.03,48.88
09/03/2018,38.52,42.36,46.13,47.5,49.02
08/27/2018,39.31,43.44,46.87,47.85,49.14
08/20/2018,40.54,44.57,47.44,48.19,49.25
08/13/2018,42.32,45.62,47.96,48.59,49.35
08/06/2018,44.32,46.76,48.62,49.02,49.44
07/30/2018,46.19,47.78,49.07,49.34,49.52
07/23/2018,47.57,48.64,49.67,49.58,49.57
07/16/2018,48.61,49.19,49.97,49.7,49.55
07/09/2018,48.92,49.4,49.97,49.77,49.47
07/02/2018,49.2,49.62,50.04,49.86,49.37
06/25/2018,49.36,49.9,50.07,49.77,49.27
06/18/2018,49.71,50.31,50.05,49.76,49.19
06/11/2018,49.78,50.32,49.99,49.7,49.07
06/04/2018,49.89,50.31,50.08,49.62,48.96
05/28/2018,50.04,50.48,50.15,49.53,48.78
05/21/2018,50.44,50.36,50.13,49.47,48.63
05/14/2018,50.91,50.71,50.05,49.49,48.49
05/07/2018,50.85,50.75,49.96,49.79,48.28
04/30/2018,50.72,50.54,49.96,50.08,48.11
04/23/2018,50.92,50.46,49.98,50.32,47.88
04/16/2018,50.27,50.24,49.71,50.48,47.67
04/09/2018,50.51,49.79,49.48,50.54,47.49
04/02/2018,50.65,49.67,49.39,50.65,47.33
03/26/2018,50.35,49.85,49.27,50.74,47.16
03/19/2018,50.0,49.82,49.06,50.76,46.91
03/12/2018,50.22,49.89,49.03,50.77,46.72
03/05/2018,49.07,49.4,48.88,50.64,46.47
02/26/2018,48.69,49.17,49.3,50.63,46.25
02/19/2018,49.35,49.38,49.85,50.78,46.11
02/12/2018,49.64,49.5,50.25,50.73,45.93
02/05/2018,49.57,49.17,50.6,50.55,45.77
01/29/2018,49.72,49.18,50.91,50.43,45.66
01/22/2018,49.65,49.1,51.14,50.31,45.54
01/15/2018,49.4,48.7,51.19,50.11,45.33
01/08/2018,49.36,48.29,51.23,49.86,45.13
01/01/2018,48.76,48.17,51.21,49.69,44.94
12/25/2017,48.63,48.37,51.27,49.56,44.79
12/18/2017,48.56,49.44,51.37,49.4,44.46
12/11/2017,48.0,50.33,51.49,49.16,44.12
12/04/2017,47.22,51.0,51.34,48.87,43.78
11/27/2017,47.57,52.03,51.23,48.77,43.54
11/20/2017,48.1,52.64,51.06,48.62,43.29
11/13/2017,50.32,53.17,50.91,48.44,43.06
11/06/2017,52.67,53.68,50.82,48.3,42.85
10/30/2017,54.78,54.16,50.65,48.04,42.63
10/23/2017,56.48,54.25,50.45,47.79,42.38
10/16/2017,57.18,54.17,50.15,47.49,42.13
10/09/2017,56.02,53.3,49.39,46.77,41.71
10/02/2017,54.7,52.64,48.57,46.13,41.3
09/25/2017,53.54,51.68,47.81,45.45,40.87
09/18/2017,52.02,50.44,47.15,44.87,40.49
09/11/2017,51.15,49.49,46.62,44.44,40.13
09/04/2017,50.57,48.65,46.08,44.02,39.84
08/28/2017,50.58,47.96,45.61,43.57,39.59
08/21/2017,49.82,47.14,44.98,43.06,39.29
08/14/2017,48.86,46.65,44.57,42.68,39.04
08/07/2017,47.82,46.13,44.15,42.29,38.79
07/31/2017,46.73,45.48,43.51,41.88,38.53
07/24/2017,45.34,44.51,42.88,41.44,38.24
07/17/2017,44.47,43.94,42.33,41.13,37.98
07/10/2017,44.44,43.86,42.08,41.0,37.8
07/03/2017,44.45,43.74,41.92,40.89,37.61
06/26/2017,44.22,43.51,41.71,40.77,37.4
06/19/2017,43.67,43.26,41.38,40.54,37.2
06/12/2017,43.41,42.81,41.02,40.39,36.99
06/05/2017,43.27,42.48,40.69,40.19,36.81
05/29/2017,43.04,42.16,40.37,40.02,36.63
05/22/2017,42.8,41.53,40.08,39.51,36.46
05/15/2017,42.85,41.25,39.91,39.08,36.32
05/08/2017,42.21,40.72,39.72,38.69,36.16
05/01/2017,41.69,40.31,39.56,38.3,36.0
04/24/2017,41.28,40.09,39.46,37.96,35.83
04/17/2017,40.27,39.9,39.4,37.67,35.65
04/10/2017,39.66,39.5,39.19,37.4,35.49
04/03/2017,39.23,39.23,39.17,37.22,35.3
03/27/2017,38.92,38.9,39.05,36.97,35.08
03/20/2017,38.9,38.58,38.95,36.77,34.85
03/13/2017,39.54,38.62,38.5,36.66,34.73
03/06/2017,39.33,38.57,38.0,36.46,34.57
02/27/2017,39.23,38.73,37.68,36.3,34.4
02/20/2017,38.88,38.82,37.29,36.11,34.22
02/13/2017,38.25,38.83,36.9,35.82,34.06
02/06/2017,37.69,38.9,36.55,35.66,33.88
01/30/2017,37.81,38.87,36.35,35.62,33.74
01/23/2017,38.22,39.12,36.21,35.52,33.62
01/16/2017,38.77,39.19,36.0,35.4,33.53
01/09/2017,39.41,39.32,35.87,35.28,33.4
01/02/2017,40.1,38.39,35.68,35.18,33.23
12/26/2016,39.94,37.42,35.41,35.04,33.03
12/19/2016,40.02,36.64,35.09,34.84,32.9
12/12/2016,39.62,35.76,34.76,34.6,32.71
12/05/2016,39.24,34.96,34.31,34.33,32.39
11/28/2016,36.68,34.21,34.04,34.03,32.06
11/21/2016,34.9,33.84,33.99,33.87,31.79
11/14/2016,33.26,33.3,33.73,33.59,31.47
11/07/2016,31.91,32.81,33.51,33.44,31.17
10/31/2016,30.68,32.42,33.27,33.25,30.83
10/24/2016,31.74,32.97,33.57,33.4,30.69
10/17/2016,32.77,33.4,33.85,33.56,30.52
10/10/2016,33.35,33.54,33.94,33.62,30.35
10/03/2016,33.71,33.76,34.02,33.71,30.19
09/26/2016,34.17,33.67,34.01,33.7,30.03
09/19/2016,34.19,33.87,33.94,33.64,29.86
09/12/2016,34.03,34.14,33.88,33.57,29.69
09/05/2016,33.72,34.15,33.74,33.38,29.53
08/29/2016,33.8,34.2,33.75,33.18,29.41
08/22/2016,33.16,34.11,33.66,32.93,29.28
08/15/2016,33.54,34.18,33.62,32.8,29.16
08/08/2016,34.26,34.3,33.63,32.68,29.05
08/01/2016,34.58,34.35,33.67,32.51,28.99
07/25/2016,34.6,34.28,33.69,32.33,28.9
07/18/2016,35.05,34.36,33.72,32.31,28.86
07/11/2016,34.81,34.02,33.52,32.11,28.78
07/04/2016,34.33,33.62,33.28,31.87,28.69
06/27/2016,34.12,33.32,33.0,31.72,28.65
06/20/2016,33.95,33.3,32.67,31.65,28.62
06/13/2016,33.67,33.21,32.35,31.51,28.61
06/06/2016,33.22,33.06,32.11,31.27,28.67
05/30/2016,32.9,32.97,31.87,31.02,28.76
05/23/2016,32.53,32.98,31.59,30.96,28.88
05/16/2016,32.65,33.1,31.36,30.81,29.01
05/09/2016,32.75,33.07,31.28,30.46,29.13
05/02/2016,32.9,33.03,31.16,30.09,29.27
04/25/2016,33.04,32.95,30.99,29.72,29.38
04/18/2016,33.44,32.67,30.92,29.34,29.52
04/11/2016,33.54,32.04,30.83,28.89,29.62
04/04/2016,33.4,31.48,30.66,28.41,29.73
03/28/2016,33.16,31.15,30.38,27.98,29.85
03/21/2016,32.86,30.76,30.04,27.48,29.92
03/14/2016,31.9,30.19,29.95,27.07,29.97
03/07/2016,30.55,29.62,29.67,26.67,29.98
02/29/2016,29.57,29.49,29.15,26.36,30.04
02/22/2016,29.14,29.28,28.62,26.09,30.06
02/15/2016,28.66,29.03,28.1,25.8,30.1
02/08/2016,28.48,29.18,27.68,25.69,30.13
02/01/2016,28.69,29.62,27.32,25.64,30.16
01/25/2016,29.41,29.84,26.87,25.63,30.12
01/18/2016,29.42,29.61,26.39,25.51,30.09
01/11/2016,29.4,29.32,25.85,25.43,30.04
01/04/2016,29.87,29.72,25.52,25.48,30.04
12/28/2015,30.54,29.72,25.2,25.46,30.05
12/21/2015,30.28,28.82,24.8,25.42,30.05
12/14/2015,29.8,27.96,24.5,25.46,30.06
12/07/2015,29.24,27.17,24.19,25.52,30.0
11/30/2015,29.56,26.19,23.94,25.57,29.92
11/23/2015,28.91,25.02,23.65,25.59,29.8
11/16/2015,27.36,23.9,23.52,25.7,29.73
11/09/2015,26.13,23.17,23.47,26.07,29.68
11/02/2015,25.11,22.37,23.49,26.5,29.69
10/26/2015,22.81,21.32,23.36,26.8,29.65
10/19/2015,21.14,20.67,23.33,27.22,29.67
10/12/2015,20.44,20.79,23.72,27.81,29.8
10/05/2015,20.21,21.03,24.21,28.44,29.95
09/28/2015,19.64,21.2,24.69,29.04,30.08
09/21/2015,19.83,21.7,25.26,29.7,30.25
09/14/2015,20.2,22.28,25.87,30.34,30.38
09/07/2015,21.13,23.14,26.6,31.05,30.61
08/31/2015,21.85,23.77,27.51,31.73,30.85
08/24/2015,22.77,24.6,28.57,32.35,31.11
08/17/2015,23.57,25.4,29.55,32.87,31.38
08/10/2015,24.36,25.98,30.49,33.3,31.55
08/03/2015,25.15,26.65,31.32,33.71,31.7
07/27/2015,25.68,27.38,32.14,34.04,31.85
07/20/2015,26.44,28.18,32.95,34.39,32.01
07/13/2015,27.23,28.83,33.71,34.58,32.12
07/06/2015,27.61,29.47,34.38,34.68,32.21
06/29/2015,28.16,30.07,35.01,34.61,32.27
06/22/2015,29.08,31.26,35.71,34.66,32.37
06/15/2015,29.92,32.54,36.23,34.64,32.46
06/08/2015,30.42,33.7,36.6,34.61,32.49
06/01/2015,31.32,35.0,36.95,34.65,32.5
05/25/2015,31.97,35.99,37.24,34.69,32.45
05/18/2015,33.44,36.91,37.37,34.65,32.4
05/11/2015,35.15,37.73,37.5,34.47,32.31
05/04/2015,36.98,38.59,37.45,34.28,32.2
04/27/2015,38.67,39.29,37.28,34.02,32.07
04/20/2015,40.0,39.95,36.89,33.76,31.91
04/13/2015,40.37,40.15,36.36,33.3,31.67
04/06/2015,40.3,39.92,35.69,32.88,31.39
03/30/2015,40.2,39.5,35.07,32.49,31.08
03/23/2015,39.9,38.91,34.48,32.13,30.74
03/16/2015,39.9,38.5,34.04,31.79,30.45
03/09/2015,39.93,37.83,33.53,31.46,30.17
03/02/2015,39.53,37.26,32.85,31.12,29.91
02/23/2015,38.81,36.32,32.12,30.79,29.64
02/16/2015,37.92,35.28,31.39,30.41,29.39
02/09/2015,37.09,33.82,30.67,30.16,29.12
02/02/2015,35.72,32.57,29.88,29.98,28.84
01/26/2015,35.0,31.47,29.37,29.87,28.6
01/19/2015,33.82,30.63,28.99,29.89,28.41
01/12/2015,32.65,30.05,28.74,29.8,28.25
01/05/2015,30.55,29.59,28.44,29.69,28.07
12/29/2014,29.41,29.23,28.27,29.66,27.89
12/22/2014,27.94,28.43,28.06,29.64,27.71
12/15/2014,27.44,27.93,28.02,29.66,27.56
12/08/2014,27.45,27.49,27.98,29.75,27.47
12/01/2014,28.63,27.51,28.33,29.93,27.45
11/24/2014,29.05,27.19,28.69,30.08,27.36
11/17/2014,28.92,27.27,29.07,30.28,27.29
11/10/2014,28.43,27.34,29.52,30.37,27.22
11/03/2014,27.54,27.44,29.68,30.34,27.12
10/27/2014,26.4,27.3,29.75,30.22,26.97
10/20/2014,25.33,27.31,29.88,30.15,26.83
10/13/2014,25.62,27.68,30.24,30.15,26.77
10/06/2014,26.26,28.12,30.52,30.13,26.74
09/29/2014,27.34,28.47,30.87,30.12,26.71
09/22/2014,28.2,29.14,31.14,30.06,26.65
09/15/2014,29.3,30.18,31.52,30.04,26.61
09/08/2014,29.74,30.88,31.79,29.89,26.53
09/01/2014,29.98,31.7,31.89,29.68,26.44
08/25/2014,29.59,31.92,31.8,29.35,26.32
08/18/2014,30.09,32.2,31.68,29.1,26.21
08/11/2014,31.07,32.44,31.58,28.87,26.05
08/04/2014,32.02,32.81,31.38,28.69,25.89
07/28/2014,33.43,32.93,31.14,28.5,25.71
07/21/2014,34.26,33.28,30.94,28.36,25.52
07/14/2014,34.3,33.14,30.52,28.09,25.27
07/07/2014,33.82,32.86,29.97,27.69,24.96
06/30/2014,33.59,32.7,29.4,27.32,24.66
06/23/2014,32.43,32.07,28.66,26.93,24.3
06/16/2014,32.31,31.67,28.07,26.7,24.01
06/09/2014,31.98,31.16,27.55,26.45,23.71
06/02/2014,31.91,30.71,27.09,26.13,23.4
05/26/2014,31.81,29.95,26.63,25.78,23.06
05/19/2014,31.71,29.34,26.28,25.45,22.75
05/12/2014,31.03,28.6,25.9,25.19,22.43
05/05/2014,30.33,27.91,25.56,24.96,22.12
04/28/2014,29.51,27.08,25.11,24.64,21.78
04/21/2014,28.1,26.09,24.64,24.3,21.43
04/14/2014,26.97,25.25,24.36,24.07,21.11
04/07/2014,26.17,24.46,24.22,23.89,20.82
03/31/2014,25.48,23.94,24.09,23.73,20.57
03/24/2014,24.66,23.47,23.84,23.51,20.28
03/17/2014,24.09,23.31,23.7,23.4,20.04
03/10/2014,23.54,23.22,23.51,23.35,19.83
03/03/2014,22.76,23.2,23.49,23.3,19.63
02/24/2014,22.4,23.22,23.48,23.24,19.45
02/17/2014,22.28,23.13,23.42,23.17,19.26
02/10/2014,22.54,23.18,23.4,23.17,19.07
02/03/2014,22.9,23.47,23.47,23.21,18.89
01/27/2014,23.64,23.97,23.6,23.29,18.73
01/20/2014,24.04,24.25,23.63,23.33,18.55
01/13/2014,23.99,24.2,23.54,23.23,18.35
01/06/2014,23.83,24.08,23.44,23.08,18.13
12/30/2013,24.03,23.8,23.41,22.92,17.91
12/23/2013,24.3,23.77,23.36,22.68,17.69
12/16/2013,24.45,23.75,23.26,22.44,17.48
12/09/2013,24.42,23.7,23.19,22.23,17.29
12/02/2013,24.34,23.62,23.16,21.99,17.11
11/25/2013,23.57,23.48,23.09,21.68,16.9
11/18/2013,23.25,23.23,22.94,21.32,16.68
11/11/2013,23.04,23.01,22.87,20.97,16.47
11/04/2013,22.98,22.87,22.74,20.66,16.28
10/28/2013,22.9,22.8,22.58,20.33,16.1
10/21/2013,23.4,23.02,22.47,20.05,15.94
10/14/2013,23.2,22.94,22.13,19.67,15.74
10/07/2013,22.97,22.76,21.79,19.28,15.54
09/30/2013,22.76,22.69,21.5,18.93,15.35
09/23/2013,22.7,22.69,21.17,18.55,15.16
09/16/2013,22.65,22.69,20.78,18.14,14.95
09/09/2013,22.67,22.66,20.36,17.76,14.75
09/02/2013,22.56,22.73,19.95,17.4,14.57
08/26/2013,22.62,22.61,19.56,17.05,14.4
08/19/2013,22.69,22.37,19.1,16.68,14.22
08/12/2013,22.73,21.93,18.57,16.32,14.03
08/05/2013,22.65,21.33,18.03,15.96,13.85
07/29/2013,22.9,20.82,17.54,15.65,13.69
07/22/2013,22.6,20.32,17.05,15.34,13.53
07/15/2013,22.04,19.66,16.48,14.97,13.35
07/08/2013,21.12,18.86,15.87,14.57,13.15
07/01/2013,20.02,18.07,15.31,14.18,12.95
06/24/2013,18.75,17.18,14.74,13.78,12.75
06/17/2013,18.04,16.52,14.27,13.47,12.61
06/10/2013,17.27,15.84,13.84,13.18,12.46
06/03/2013,16.61,15.21,13.52,12.9,12.35
05/27/2013,16.12,14.73,13.28,12.69,12.24
05/20/2013,15.61,14.26,13.06,12.53,12.15
05/13/2013,15.0,13.78,12.85,12.36,12.07
05/06/2013,14.41,13.31,12.63,12.23,12.0
04/29/2013,13.8,12.88,12.43,12.12,11.94
04/22/2013,13.34,12.55,12.23,12.04,11.89
04/15/2013,12.91,12.29,12.07,11.97,11.84
04/08/2013,12.55,12.01,11.95,11.9,11.82
04/01/2013,12.2,11.84,11.86,11.86,11.82
03/25/2013,11.95,11.83,11.75,11.84,11.83
03/18/2013,11.77,11.82,11.67,11.81,11.85
03/11/2013,11.67,11.86,11.66,11.79,11.86
03/04/2013,11.47,11.92,11.65,11.78,11.86
02/25/2013,11.48,11.95,11.69,11.76,11.87
02/18/2013,11.7,11.97,11.75,11.76,11.88
02/11/2013,11.87,11.91,11.79,11.75,11.89
02/04/2013,12.06,11.86,11.81,11.73,11.89
01/28/2013,12.37,11.89,11.85,11.75,11.89
01/21/2013,12.43,11.87,11.87,11.76,11.91
01/14/2013,12.24,11.68,11.84,11.75,11.92
01/07/2013,11.94,11.52,11.8,11.74,11.91
12/31/2012,11.66,11.45,11.76,11.73,11.9
12/24/2012,11.42,11.37,11.7,11.73,11.9
12/17/2012,11.31,11.42,11.67,11.73,11.92
12/10/2012,11.11,11.52,11.65,11.73,11.94
12/03/2012,11.11,11.67,11.67,11.72,12.01
11/26/2012,11.25,11.77,11.67,11.72,12.07
11/19/2012,11.32,11.8,11.69,11.74,12.11
11/12/2012,11.53,11.86,11.71,11.73,12.14
11/05/2012,11.93,12.0,11.78,11.79,12.17
10/29/2012,12.23,12.07,11.84,11.78,12.2
10/22/2012,12.28,12.06,11.87,11.77,12.19
10/15/2012,12.28,12.04,11.9,11.78,12.2
10/08/2012,12.2,11.92,11.89,11.77,12.18
10/01/2012,12.08,11.79,11.83,11.76,12.17
09/24/2012,11.92,11.68,11.74,11.74,12.14
09/17/2012,11.85,11.58,11.7,11.71,12.14
09/10/2012,11.8,11.57,11.71,11.75,12.11
09/03/2012,11.64,11.55,11.67,11.79,12.1
08/27/2012,11.49,11.55,11.68,11.83,12.1
08/20/2012,11.43,11.61,11.63,11.89,12.1
08/13/2012,11.31,11.67,11.62,11.93,12.11
08/06/2012,11.35,11.77,11.66,11.95,12.12
07/30/2012,11.46,11.85,11.7,11.97,12.16
07/23/2012,11.62,11.88,11.75,12.0,12.18
07/16/2012,11.79,11.81,11.77,12.03,12.21
07/09/2012,12.04,11.83,11.78,12.04,12.23
07/02/2012,12.19,11.85,11.83,12.03,12.25
06/25/2012,12.24,11.78,11.9,12.06,12.28
06/18/2012,12.15,11.81,11.97,12.09,12.31
06/11/2012,11.82,11.65,12.03,12.08,12.34
06/04/2012,11.62,11.56,12.05,12.08,12.39
05/28/2012,11.51,11.55,12.04,12.08,12.43
05/21/2012,11.33,11.55,12.03,12.11,12.47
05/14/2012,11.47,11.62,12.06,12.16,12.53
05/07/2012,11.49,11.73,12.14,12.3,12.6
04/30/2012,11.5,11.73,12.15,12.43,12.65
04/23/2012,11.58,11.81,12.12,12.49,12.69
04/16/2012,11.76,12.02,12.19,12.54,12.74
04/09/2012,11.77,12.14,12.22,12.55,12.77
04/02/2012,11.97,12.41,12.29,12.62,12.86
03/26/2012,11.95,12.54,12.33,12.62,12.93
03/19/2012,12.04,12.52,12.34,12.61,12.98
03/12/2012,12.28,12.51,12.39,12.6,13.02
03/05/2012,12.51,12.5,12.42,12.57,13.07
02/27/2012,12.85,12.55,12.59,12.55,13.14
02/20/2012,13.14,12.57,12.78,12.56,13.22
02/13/2012,13.0,12.43,12.82,12.48,13.28
02/06/2012,12.73,12.36,12.81,12.42,13.34
01/30/2012,12.5,12.31,12.75,12.36,13.4
01/23/2012,12.25,12.16,12.72,12.31,13.46
01/16/2012,12.0,12.12,12.66,12.29,13.52
01/09/2012,11.85,12.16,12.65,12.3,13.56
01/02/2012,12.0,12.26,12.64,12.34,13.63
12/26/2011,12.12,12.35,12.61,12.36,13.69
12/19/2011,12.07,12.63,12.54,12.39,13.77
12/12/2011,12.25,12.98,12.56,12.42,13.88
12/05/2011,12.48,13.22,12.51,12.47,14.0
11/28/2011,12.53,13.25,12.44,12.5,14.12
11/21/2011,12.57,13.2,12.38,12.53,14.21
11/14/2011,13.18,13.29,12.38,12.6,14.31
11/07/2011,13.71,13.2,12.37,12.7,14.38
10/31/2011,13.96,13.13,12.37,12.78,14.44
10/24/2011,13.96,13.02,12.38,12.83,14.47
10/17/2011,13.83,12.87,12.37,12.91,14.49
10/10/2011,13.39,12.46,12.27,12.89,14.47
10/03/2011,12.68,12.14,12.13,12.88,14.44
09/26/2011,12.31,11.81,12.1,12.89,14.45
09/19/2011,12.07,11.64,12.13,12.94,14.51
09/12/2011,11.91,11.56,12.19,12.99,14.61
09/05/2011,11.53,11.48,12.26,13.1,14.69
08/29/2011,11.6,11.54,12.45,13.23,14.76
08/22/2011,11.31,11.61,12.6,13.35,14.84
08/15/2011,11.2,11.75,12.73,13.45,14.9
08/08/2011,11.21,11.87,12.94,13.57,15.02
08/01/2011,11.43,12.07,13.11,13.73,15.14
07/25/2011,11.48,12.13,13.25,13.88,15.24
07/18/2011,11.92,12.39,13.43,14.08,15.37
07/11/2011,12.31,12.62,13.59,14.27,15.5
07/04/2011,12.52,12.82,13.7,14.45,15.62
06/27/2011,12.71,13.03,13.9,14.61,15.74
06/20/2011,12.78,13.37,14.08,14.75,15.86
06/13/2011,12.86,13.58,14.21,14.83,15.98
06/06/2011,12.94,13.72,14.3,14.91,16.09
05/30/2011,13.12,14.0,14.42,15.03,16.21
05/23/2011,13.36,14.15,14.57,15.16,16.31
05/16/2011,13.95,14.36,14.76,15.33,16.45
05/09/2011,14.3,14.47,14.93,15.54,16.6
05/02/2011,14.5,14.55,15.1,15.73,16.76
04/25/2011,14.89,14.59,15.26,15.9,16.91
04/18/2011,14.94,14.78,15.4,16.02,17.06
04/11/2011,14.78,14.8,15.44,16.06,17.15
04/04/2011,14.64,14.84,15.45,16.1,17.32
03/28/2011,14.61,14.89,15.51,16.11,17.47
03/21/2011,14.29,14.84,15.54,16.07,17.6
03/14/2011,14.61,14.98,15.67,16.05,17.78
03/07/2011,14.83,15.15,15.82,16.01,17.97
02/28/2011,15.04,15.38,16.07,16.02,18.16
02/21/2011,15.17,15.64,16.32,16.09,18.32
02/14/2011,15.39,15.94,16.56,16.22,18.47
02/07/2011,15.35,16.02,16.65,16.28,18.58
01/31/2011,15.48,16.08,16.69,16.28,18.68
01/24/2011,15.72,16.05,16.74,16.33,18.77
01/17/2011,16.11,16.13,16.72,16.34,18.89
01/10/2011,16.49,16.25,16.69,16.47,19.01
01/03/2011,16.68,16.36,16.58,16.54,19.11
12/27/2010,16.69,16.49,16.44,16.59,19.2
12/20/2010,16.39,16.75,16.33,16.66,19.29
12/13/2010,16.16,17.01,16.32,16.73,19.37
12/06/2010,16.0,17.18,16.36,16.78,19.49
11/29/2010,16.04,17.28,16.42,16.87,19.57
11/22/2010,16.28,17.3,16.38,16.97,19.65
11/15/2010,17.12,17.42,16.46,17.14,19.73
11/08/2010,17.86,17.3,16.45,17.27,19.78
11/01/2010,18.36,17.12,16.58,17.39,19.85
10/25/2010,18.52,16.8,16.63,17.46,19.88
10/18/2010,18.32,16.4,16.64,17.57,19.88
10/11/2010,17.72,15.92,16.61,17.67,19.85
10/04/2010,16.74,15.62,16.6,17.78,19.81
09/27/2010,15.89,15.54,16.58,17.91,19.76
09/20/2010,15.09,15.55,16.67,18.09,19.73
09/13/2010,14.48,15.45,16.8,18.24,19.7
09/06/2010,14.11,15.51,17.0,18.53,19.66
08/30/2010,14.51,15.6,17.26,18.83,19.65
08/23/2010,15.19,16.04,17.52,19.13,19.62
08/16/2010,16.02,16.47,17.79,19.52,19.61
08/09/2010,16.43,16.89,18.15,19.93,19.6
08/02/2010,16.9,17.31,18.54,20.3,19.58
07/26/2010,16.69,17.57,18.85,20.55,19.52
07/19/2010,16.88,17.62,19.1,20.71,19.44
07/12/2010,16.91,17.79,19.35,20.88,19.35
07/05/2010,17.35,18.15,19.64,21.08,19.29
06/28/2010,17.72,18.49,20.04,21.22,19.22
06/21/2010,18.45,18.92,20.44,21.45,19.18
06/14/2010,18.37,19.0,20.68,21.56,19.13
06/07/2010,18.66,19.11,21.04,21.67,19.08
05/31/2010,18.96,19.42,21.45,21.81,19.01
05/24/2010,19.27,19.78,21.8,21.92,18.93
05/17/2010,19.4,20.14,22.05,22.01,18.85
05/10/2010,19.64,20.58,22.26,22.2,18.77
05/03/2010,19.57,20.92,22.42,22.26,18.65
04/26/2010,19.87,21.12,22.54,22.34,18.52
04/19/2010,20.29,21.58,22.58,22.32,18.36
04/12/2010,20.89,21.95,22.71,22.29,18.23
04/05/2010,21.52,22.36,22.83,22.3,18.12
03/29/2010,22.28,22.97,22.95,22.31,18.03
03/22/2010,22.37,23.48,23.0,22.19,17.93
03/15/2010,22.88,23.81,22.99,22.03,17.8
03/08/2010,23.02,23.96,22.95,21.83,17.62
03/01/2010,23.2,23.94,23.01,21.62,17.63
02/22/2010,23.66,23.92,22.93,21.37,17.62
02/15/2010,24.59,23.97,22.94,21.16,17.6
02/08/2010,24.75,23.57,22.69,20.8,17.49
02/01/2010,24.89,23.46,22.46,20.47,17.41
01/25/2010,24.69,23.31,22.28,20.12,17.32
01/18/2010,24.17,22.93,21.98,19.7,17.21
01/11/2010,23.34,22.52,21.54,19.27,17.06
01/04/2010,22.4,22.17,21.14,18.85,16.85
12/28/2009,22.04,21.94,20.77,18.48,16.69
12/21/2009,21.93,22.07,20.45,18.16,16.57
12/14/2009,21.68,21.94,20.1,17.82,16.46
12/07/2009,21.7,21.92,19.76,17.51,16.32
11/30/2009,21.95,21.8,19.41,17.22,16.22
11/23/2009,21.84,21.46,18.97,16.92,16.06
11/16/2009,22.21,21.25,18.52,16.7,15.94
11/09/2009,22.2,21.03,18.08,16.48,15.88
11/02/2009,22.14,20.56,17.65,16.21,15.8
10/26/2009,21.66,20.11,17.19,15.93,15.72
10/19/2009,21.08,19.61,16.75,15.68,15.64
10/12/2009,20.28,18.83,16.21,15.34,15.54
10/05/2009,19.85,18.27,15.77,15.04,15.5
09/28/2009,18.97,17.59,15.3,14.7,15.45
09/21/2009,18.56,17.03,14.93,14.41,15.46
09/14/2009,18.13,16.49,14.65,14.17,15.49
09/07/2009,17.39,15.8,14.43,13.94,15.49
08/31/2009,16.69,15.14,14.21,13.76,15.44
08/24/2009,16.21,14.74,14.03,13.68,15.38
08/17/2009,15.5,14.28,13.84,13.57,15.3
08/10/2009,14.84,13.9,13.71,13.42,15.25
08/03/2009,14.21,13.58,13.59,13.65,15.22
07/27/2009,13.6,13.26,13.43,13.86,15.22
07/20/2009,13.26,13.01,13.26,14.03,15.25
07/13/2009,13.07,12.83,13.1,14.18,15.3
07/06/2009,12.96,12.82,13.01,14.36,15.34
06/29/2009,12.96,13.06,13.01,14.53,15.4
06/22/2009,12.93,13.28,13.06,14.72,15.46
06/15/2009,12.75,13.33,13.15,14.84,15.5
06/08/2009,12.6,13.4,13.22,14.85,15.57
06/01/2009,12.69,13.53,13.17,14.89,15.63
05/25/2009,13.17,13.6,13.69,14.98,15.68
05/18/2009,13.63,13.59,14.16,15.11,15.75
05/11/2009,13.9,13.51,14.55,15.14,15.79
05/04/2009,14.21,13.36,14.86,15.22,15.82
04/27/2009,14.37,13.2,15.13,15.19,15.83
04/20/2009,14.04,12.96,15.26,15.19,15.82
04/13/2009,13.55,12.84,15.44,15.27,15.84
04/06/2009,13.11,12.97,15.6,15.39,15.87
03/30/2009,12.51,13.03,15.57,15.52,15.84
03/23/2009,12.04,12.82,15.57,15.59,15.8
03/16/2009,11.88,13.77,15.67,15.75,15.81
03/09/2009,12.14,14.74,15.86,15.96,15.84
03/02/2009,12.82,15.58,15.96,16.21,15.92
02/23/2009,13.56,16.35,16.15,16.52,16.05
02/16/2009,13.6,17.05,16.19,16.81,16.22
02/09/2009,15.67,17.56,16.3,17.05,16.41
02/02/2009,17.33,18.03,16.48,17.13,16.61
01/26/2009,18.35,18.23,16.6,17.08,16.79
01/19/2009,19.15,18.11,16.76,17.02,16.97
01/12/2009,20.51,18.33,16.98,17.09,17.19
01/05/2009,19.46,17.56,16.73,16.78,17.23
12/29/2008,18.73,16.99,16.57,16.57,17.31
12/22/2008,18.12,16.33,16.52,16.47,17.43
12/15/2008,17.07,15.95,16.6,16.43,17.59
12/08/2008,16.15,15.33,16.69,16.33,17.75
12/01/2008,15.66,15.04,16.79,16.28,17.95
11/24/2008,15.25,14.93,16.69,16.19,18.14
11/17/2008,14.55,14.98,16.5,16.17,18.25
11/10/2008,14.83,15.41,16.47,16.28,18.43
11/03/2008,14.51,15.63,16.47,16.36,18.59
10/27/2008,14.42,15.91,16.4,16.38,18.7
10/20/2008,14.61,16.15,16.36,16.39,18.78
10/13/2008,15.41,16.7,16.53,16.43,18.92
10/06/2008,15.98,17.25,16.66,16.42,19.04
09/29/2008,16.76,18.06,16.83,16.47,19.12
09/22/2008,17.4,18.55,16.9,16.45,19.18
09/15/2008,17.69,18.44,16.83,16.41,19.31
09/08/2008,18.0,18.02,16.76,16.34,19.49
09/01/2008,18.52,17.54,16.72,16.16,19.61
08/25/2008,19.36,17.3,16.73,16.01,19.74
08/18/2008,19.7,16.89,16.62,15.87,19.79
08/11/2008,19.19,16.57,16.52,15.73,19.78
08/04/2008,18.05,16.37,16.29,15.63,19.79
07/28/2008,16.56,16.08,16.0,15.59,19.76
07/21/2008,15.25,15.6,15.68,15.62,19.71
07/14/2008,14.07,15.25,15.41,15.78,19.66
07/07/2008,13.94,15.21,15.39,16.08,19.63
06/30/2008,14.68,15.5,15.5,16.5,19.64
06/23/2008,15.59,15.9,15.47,16.91,19.65
06/16/2008,15.95,16.16,15.37,17.3,19.64
06/09/2008,16.44,16.35,15.36,17.67,19.61
06/02/2008,16.48,16.46,15.3,18.05,19.54
05/26/2008,16.32,16.22,15.27,18.39,19.45
05/19/2008,16.2,15.93,15.35,18.75,19.34
05/12/2008,16.37,15.76,15.63,19.17,19.24
05/05/2008,16.25,15.56,16.04,19.62,19.14
04/28/2008,16.45,15.57,16.52,20.08,19.05
04/21/2008,16.12,15.49,16.99,20.34,18.96
04/14/2008,15.66,15.05,17.42,20.57,18.85
04/07/2008,15.15,14.57,17.87,20.82,18.75
03/31/2008,14.86,14.38,18.33,21.03,18.66
03/24/2008,14.68,14.15,18.84,21.16,18.54
03/17/2008,14.86,14.31,19.47,21.4,18.47
03/10/2008,14.44,14.76,20.16,21.66,18.39
03/03/2008,13.99,15.5,20.88,21.77,18.31
02/25/2008,13.89,16.52,21.65,21.91,18.23
02/18/2008,13.61,17.47,22.33,22.22,18.11
02/11/2008,13.77,18.5,22.76,22.64,17.99
02/04/2008,15.09,19.8,23.33,23.07,17.93
01/28/2008,17.01,21.17,23.95,23.46,17.87
01/21/2008,19.15,22.29,24.36,23.7,17.78
01/14/2008,21.33,23.54,24.67,23.83,17.68
01/07/2008,23.23,24.63,24.95,23.94,17.56
12/31/2007,24.5,25.55,25.1,23.93,17.4
12/24/2007,25.34,26.26,24.9,23.8,17.18
12/17/2007,25.43,26.78,24.6,23.54,16.91
12/10/2007,25.75,27.2,24.59,23.18,16.64
12/03/2007,26.03,27.02,24.71,22.78,16.35
11/26/2007,26.6,26.87,24.7,22.39,16.07
11/19/2007,27.18,26.72,24.6,21.98,15.77
11/12/2007,28.12,26.42,24.41,21.55,15.48
11/05/2007,28.65,25.79,23.98,21.04,15.15
10/29/2007,28.0,25.26,23.6,20.5,14.83
10/22/2007,27.14,24.65,23.12,19.93,14.5
10/15/2007,26.25,23.54,22.57,19.31,14.15
10/08/2007,24.72,22.42,21.92,18.66,13.77
10/01/2007,22.94,21.99,21.17,18.02,13.41
09/24/2007,22.53,22.41,20.66,17.58,13.14
09/17/2007,22.17,22.54,20.15,17.13,12.88
09/10/2007,20.83,22.49,19.62,16.69,12.6
09/03/2007,20.13,22.39,19.12,16.28,12.36
08/27/2007,21.04,22.17,18.66,15.93,12.14
08/20/2007,22.3,21.93,18.12,15.54,11.91
08/13/2007,22.91,21.58,17.56,15.13,11.67
08/06/2007,24.14,21.61,17.2,14.86,11.51
07/30/2007,24.66,21.41,16.78,14.55,11.34
07/23/2007,23.29,20.35,16.03,14.0,11.05
07/16/2007,21.56,18.91,15.16,13.34,10.72
07/09/2007,20.26,17.76,14.43,12.79,10.44
07/02/2007,19.07,16.75,13.79,12.28,10.17
06/25/2007,18.16,15.85,13.23,11.86,9.94
06/18/2007,17.4,15.16,12.81,11.54,9.78
06/11/2007,16.25,14.31,12.34,11.18,9.6
06/04/2007,15.26,13.54,11.91,10.87,9.45
05/28/2007,14.43,12.79,11.48,10.56,9.31
05/21/2007,13.54,12.14,11.11,10.28,9.19
05/14/2007,12.92,11.72,10.82,10.09,9.12
05/07/2007,12.37,11.41,10.56,9.93,9.06
04/30/2007,11.83,11.11,10.31,9.75,9.01
04/23/2007,11.15,10.83,10.05,9.56,8.96
04/16/2007,10.75,10.61,9.86,9.4,8.92
04/09/2007,10.53,10.46,9.72,9.27,8.91
04/02/2007,10.45,10.37,9.62,9.16,8.94
03/26/2007,10.39,10.28,9.53,9.07,8.98
03/19/2007,10.51,10.18,9.45,8.98,9.01
03/12/2007,10.46,10.08,9.34,8.89,9.03
03/05/2007,10.39,9.92,9.28,8.8,9.06
02/26/2007,10.29,9.71,9.18,8.71,9.08
02/19/2007,10.16,9.52,9.07,8.63,9.1
02/12/2007,9.85,9.26,8.93,8.52,9.09
02/05/2007,9.69,9.12,8.8,8.43,9.09
01/29/2007,9.45,8.99,8.67,8.36,9.08
01/22/2007,9.14,8.86,8.56,8.29,9.06
01/15/2007,8.87,8.79,8.46,8.21,9.04
01/08/2007,8.67,8.72,8.38,8.17,9.03
01/01/2007,8.54,8.61,8.29,8.13,9.02
12/25/2006,8.53,8.64,8.25,8.1,9.02
12/18/2006,8.58,8.65,8.21,8.09,9.02
12/11/2006,8.71,8.63,8.19,8.08,9.02
12/04/2006,8.77,8.6,8.15,8.05,9.02
11/27/2006,8.67,8.47,8.08,8.03,9.02
11/20/2006,8.75,8.36,8.04,8.03,9.02
11/13/2006,8.72,8.26,8.0,8.01,9.02
11/06/2006,8.55,8.13,7.93,8.03,9.01
10/30/2006,8.42,8.04,7.9,8.05,9.01
10/23/2006,8.28,7.97,7.89,8.1,9.01
10/16/2006,7.96,7.86,7.83,8.14,8.99
10/09/2006,7.81,7.77,7.81,8.2,8.99
10/02/2006,7.72,7.75,7.81,8.27,9.0
09/25/2006,7.66,7.7,7.78,8.35,9.02
09/18/2006,7.67,7.69,7.8,8.44,9.05
09/11/2006,7.75,7.72,7.86,8.56,9.08
09/04/2006,7.74,7.74,7.88,8.72,9.1
08/28/2006,7.77,7.72,7.98,8.89,9.11
08/21/2006,7.73,7.75,8.06,9.03,9.12
08/14/2006,7.71,7.8,8.16,9.18,9.12
08/07/2006,7.7,7.81,8.28,9.31,9.14
07/31/2006,7.75,7.86,8.41,9.45,9.17
07/24/2006,7.67,7.87,8.53,9.57,9.19
07/17/2006,7.77,7.86,8.68,9.67,9.21
07/10/2006,7.88,7.91,8.82,9.75,9.24
07/03/2006,7.93,8.0,8.97,9.81,9.24
06/26/2006,7.96,8.02,9.21,9.84,9.24
06/19/2006,8.07,8.25,9.48,9.88,9.24
06/12/2006,7.96,8.36,9.67,9.9,9.23
06/05/2006,7.94,8.52,9.87,9.92,9.2
05/29/2006,8.08,8.75,10.06,9.94,9.17
05/22/2006,8.08,8.96,10.25,9.94,9.15
05/15/2006,8.42,9.19,10.42,9.96,9.14
05/08/2006,8.76,9.49,10.57,9.99,9.11
05/01/2006,9.1,9.72,10.67,10.01,9.08
04/24/2006,9.43,9.94,10.71,10.01,9.03
04/17/2006,9.85,10.4,10.75,10.03,8.99
04/10/2006,9.96,10.7,10.69,10.0,8.93
04/03/2006,10.22,10.99,10.66,9.96,8.88
03/27/2006,10.35,11.22,10.61,9.91,8.82
03/20/2006,10.46,11.36,10.53,9.84,8.75
03/13/2006,10.95,11.53,10.43,9.79,8.67
03/06/2006,11.45,11.66,10.35,9.74,8.59
02/27/2006,11.75,11.65,10.24,9.68,8.51
02/20/2006,12.08,11.61,10.15,9.65,8.43
02/13/2006,12.26,11.48,10.04,9.61,8.35
02/06/2006,12.11,11.09,9.84,9.47,8.24
01/30/2006,11.86,10.68,9.64,9.34,8.12
01/23/2006,11.55,10.34,9.45,9.2,8.02
01/16/2006,11.13,10.01,9.26,9.07,7.92
01/09/2006,10.71,9.7,9.09,8.98,7.83
01/02/2006,10.07,9.32,8.92,8.88,7.74
12/26/2005,9.5,9.04,8.78,8.8,7.66
12/19/2005,9.13,8.84,8.69,8.76,7.59
12/12/2005,8.89,8.69,8.67,8.73,7.54
12/05/2005,8.7,8.59,8.67,8.68,7.49
11/28/2005,8.58,8.58,8.66,8.64,7.46
11/21/2005,8.58,8.61,8.67,8.6,7.43
11/14/2005,8.54,8.56,8.63,8.56,7.42
11/07/2005,8.48,8.52,8.6,8.49,7.35
10/31/2005,8.49,8.47,8.61,8.4,7.29
10/24/2005,8.59,8.52,8.66,8.37,7.23
10/17/2005,8.63,8.52,8.69,8.31,7.16
10/10/2005,8.58,8.55,8.72,8.24,7.09
10/03/2005,8.55,8.65,8.75,8.16,7.02
09/26/2005,8.46,8.75,8.72,8.06,6.94
09/19/2005,8.44,8.74,8.66,7.96,6.87
09/12/2005,8.41,8.73,8.6,7.86,6.79
09/05/2005,8.52,8.7,8.55,7.79,6.74
08/29/2005,8.75,8.68,8.47,7.73,6.68
08/22/2005,9.05,8.76,8.37,7.65,6.63
08/15/2005,9.03,8.81,8.29,7.55,6.57
08/08/2005,9.05,8.85,8.2,7.44,6.5
08/01/2005,8.87,8.89,8.08,7.33,6.43
07/25/2005,8.61,8.85,7.92,7.21,6.35
07/18/2005,8.46,8.68,7.71,7.1,6.26
07/11/2005,8.59,8.59,7.58,7.0,6.19
07/04/2005,8.66,8.48,7.43,6.9,6.12
06/27/2005,8.9,8.41,7.34,6.83,6.06
06/20/2005,9.09,8.26,7.25,6.77,6.0
06/13/2005,8.9,7.98,7.1,6.69,5.91
06/06/2005,8.59,7.78,6.92,6.61,5.84
05/30/2005,8.3,7.55,6.74,6.52,5.77
05/23/2005,7.92,7.27,6.56,6.42,5.72
05/16/2005,7.44,6.98,6.39,6.34,5.66
05/09/2005,7.05,6.75,6.3,6.3,5.59
05/02/2005,6.96,6.56,6.2,6.28,5.54
04/25/2005,6.8,6.38,6.11,6.26,5.48
04/18/2005,6.62,6.28,6.05,6.29,5.44
04/11/2005,6.52,6.24,6.02,6.22,5.4
04/04/2005,6.45,6.22,6.04,6.17,5.36
03/28/2005,6.15,6.07,6.02,6.09,5.31
03/21/2005,5.95,5.93,6.01,6.01,5.26
03/14/2005,5.93,5.84,5.99,5.94,5.22
03/07/2005,5.96,5.81,6.02,5.88,5.17
02/28/2005,6.0,5.86,6.07,5.83,5.13
02/21/2005,5.98,5.85,6.14,5.78,5.08
02/14/2005,5.9,5.85,6.2,5.73,5.04
02/07/2005,5.75,5.82,6.29,5.69,4.99
01/31/2005,5.65,5.8,6.21,5.64,4.94
01/24/2005,5.72,5.86,6.15,5.61,4.9
01/17/2005,5.71,5.97,6.11,5.58,4.85
01/10/2005,5.79,6.09,6.04,5.56,4.81
01/03/2005,5.88,6.14,5.99,5.53,4.77
12/27/2004,5.96,6.24,5.92,5.49,4.73
12/20/2004,6.0,6.28,5.81,5.43,4.67
12/13/2004,6.23,6.43,5.74,5.39,4.63
12/06/2004,6.39,6.56,5.67,5.34,4.59
11/29/2004,6.41,6.77,5.62,5.29,4.54
11/22/2004,6.52,6.62,5.56,5.22,4.49
11/15/2004,6.56,6.44,5.48,5.14,4.44
11/08/2004,6.63,6.25,5.38,5.07,4.37
11/01/2004,6.73,6.0,5.29,5.02,4.31
10/25/2004,7.12,5.83,5.23,5.01,4.27
10/18/2004,6.72,5.59,5.12,4.97,4.21
10/11/2004,6.33,5.34,5.01,4.89,4.14
10/04/2004,5.86,5.05,4.87,4.79,4.08
09/27/2004,5.26,4.78,4.74,4.71,4.01
09/20/2004,4.54,4.47,4.55,4.58,3.92
09/13/2004,4.47,4.5,4.52,4.57,3.9
09/06/2004,4.36,4.51,4.49,4.56,3.87
08/30/2004,4.24,4.52,4.48,4.53,3.84
08/23/2004,4.29,4.58,4.53,4.52,3.82
08/16/2004,4.41,4.62,4.6,4.49,3.8
08/09/2004,4.53,4.64,4.66,4.46,3.78
08/02/2004,4.67,4.67,4.66,4.43,3.77
07/26/2004,4.81,4.69,4.67,4.39,3.74
07/19/2004,4.87,4.7,4.67,4.35,3.72
07/12/2004,4.83,4.63,4.64,4.3,3.68
07/05/2004,4.76,4.55,4.61,4.24,3.64
06/28/2004,4.68,4.46,4.58,4.19,3.6
06/21/2004,4.57,4.44,4.54,4.13,3.52
06/14/2004,4.52,4.49,4.49,4.07,3.48
06/07/2004,4.44,4.59,4.43,4.01,3.44
05/31/2004,4.34,4.67,4.37,3.96,3.41
05/24/2004,4.24,4.65,4.31,3.92,3.37
05/17/2004,4.31,4.65,4.24,3.87,3.34
05/10/2004,4.46,4.65,4.18,3.83,3.3
05/03/2004,4.74,4.65,4.13,3.79,3.27
04/26/2004,5.0,4.67,4.08,3.76,3.24
04/19/2004,5.07,4.69,4.05,3.74,3.22
04/12/2004,4.98,4.63,3.97,3.68,3.19
04/05/2004,4.84,4.49,3.86,3.61,3.16
03/29/2004,4.55,4.27,3.72,3.52,3.11
03/22/2004,4.35,4.07,3.61,3.44,3.08
03/15/2004,4.32,3.96,3.55,3.4,3.05
03/08/2004,4.28,3.84,3.49,3.36,3.03
03/01/2004,4.14,3.71,3.42,3.31,3.0
02/23/2004,3.98,3.61,3.36,3.26,2.97
02/16/2004,3.79,3.49,3.31,3.22,2.94
02/09/2004,3.61,3.41,3.26,3.19,2.92
02/02/2004,3.4,3.31,3.2,3.15,2.89
01/26/2004,3.28,3.23,3.16,3.13,2.87
01/19/2004,3.24,3.18,3.14,3.12,2.86
01/12/2004,3.2,3.16,3.13,3.11,2.85
01/05/2004,3.22,3.13,3.12,3.1,2.83
12/29/2003,3.21,3.13,3.11,3.1,2.8
12/22/2003,3.18,3.12,3.1,3.08,2.78
12/15/2003,3.12,3.11,3.08,3.06,2.76
12/08/2003,3.11,3.12,3.08,3.04,2.73
12/01/2003,3.04,3.1,3.07,3.01,2.71
11/24/2003,3.06,3.1,3.07,2.91,2.69
11/17/2003,3.06,3.1,3.08,2.9,2.67
11/10/2003,3.09,3.11,3.08,2.88,2.66
11/03/2003,3.13,3.1,3.09,2.85,2.64
10/27/2003,3.17,3.1,3.09,2.83,2.62
10/20/2003,3.14,3.09,3.08,2.8,2.6
10/13/2003,3.14,3.09,3.06,2.77,2.58
10/06/2003,3.13,3.06,3.03,2.75,2.56
09/29/2003,3.07,3.04,3.0,2.72,2.54
09/22/2003,3.04,3.04,2.96,2.7,2.51
09/15/2003,3.04,3.04,2.81,2.7,2.49
09/08/2003,3.04,3.06,2.8,2.71,2.46
09/01/2003,3.0,3.06,2.76,2.71,2.44
08/25/2003,3.01,3.07,2.73,2.71,2.42
08/18/2003,3.05,3.07,2.69,2.71,2.41
08/11/2003,3.03,3.07,2.65,2.7,2.39
08/04/2003,3.07,3.03,2.62,2.69,2.37
07/28/2003,3.12,3.01,2.6,2.68,2.35
07/21/2003,3.14,2.95,2.57,2.66,2.33
07/14/2003,3.1,2.88,2.53,2.64,2.31
07/07/2003,3.1,2.58,2.53,2.64,2.29
06/30/2003,2.99,2.54,2.53,2.61,2.28
06/23/2003,2.9,2.46,2.54,2.6,2.26
06/16/2003,2.77,2.38,2.54,2.59,2.24
06/09/2003,2.66,2.3,2.52,2.55,2.22
06/02/2003,2.06,2.23,2.51,2.51,2.2
05/26/2003,2.09,2.2,2.52,2.48,2.19
05/19/2003,2.03,2.19,2.52,2.45,2.18
05/12/2003,2.0,2.18,2.52,2.43,2.18
05/05/2003,1.94,2.18,2.53,2.41,2.17
04/28/2003,2.4,2.48,2.66,2.47,2.2
04/21/2003,2.31,2.53,2.65,2.45,2.18
04/14/2003,2.35,2.61,2.67,2.44,2.17
04/07/2003,2.37,2.69,2.69,2.43,2.16
03/31/2003,2.41,2.74,2.68,2.42,2.16
03/24/2003,2.55,2.79,2.65,2.41,2.15
03/17/2003,2.75,2.84,2.62,2.39,2.14
03/10/2003,2.86,2.84,2.58,2.37,2.13
03/03/2003,3.01,2.86,2.56,2.36,2.12
02/24/2003,3.07,2.87,2.53,2.33,2.11
02/17/2003,3.03,2.85,2.47,2.28,2.09
02/10/2003,2.93,2.77,2.41,2.22,2.06
02/03/2003,2.82,2.73,2.35,2.18,2.03
01/27/2003,2.7,2.69,2.29,2.14,2.01
01/20/2003,2.68,2.61,2.26,2.11,1.99
01/13/2003,2.67,2.51,2.21,2.08,1.97
01/06/2003,2.62,2.41,2.17,2.05,1.95
12/30/2002,2.63,2.32,2.14,2.02,1.93
12/23/2002,2.68,2.26,2.11,2.0,1.92
12/16/2002,2.54,2.19,2.05,1.98,1.9
12/09/2002,2.34,2.1,1.99,1.95,1.89
12/02/2002,2.2,2.04,1.95,1.94,1.87
11/25/2002,2.02,1.98,1.9,1.92,1.85
11/18/2002,1.83,1.9,1.86,1.89,1.83
11/11/2002,1.83,1.9,1.86,1.89,1.82
11/04/2002,1.85,1.92,1.86,1.89,1.82
10/28/2002,1.88,1.93,1.87,1.9,1.79
10/21/2002,1.94,1.96,1.88,1.91,1.79
10/14/2002,1.96,1.97,1.88,1.92,1.78
10/07/2002,1.98,1.92,1.88,1.93,1.78
09/30/2002,1.99,1.89,1.88,1.92,1.78
09/23/2002,1.98,1.85,1.89,1.92,1.78
09/16/2002,1.98,1.83,1.89,1.91,1.78
09/09/2002,1.98,1.82,1.88,1.9,1.77
09/02/2002,1.86,1.82,1.88,1.89,1.77
08/26/2002,1.79,1.81,1.88,1.9,1.77
08/19/2002,1.72,1.81,1.88,1.9,1.76
08/12/2002,1.67,1.79,1.89,1.89,1.76
08/05/2002,1.66,1.78,1.9,1.88,1.73
07/29/2002,1.77,1.84,1.93,1.89,1.73
07/22/2002,1.83,1.87,1.94,1.89,1.73
07/15/2002,1.91,1.92,1.95,1.9,1.73
07/08/2002,1.91,1.95,1.95,1.89,1.74
07/01/2002,1.91,1.95,1.95,1.88,1.73
06/24/2002,1.91,1.95,1.93,1.87,1.73
06/17/2002,1.92,1.96,1.94,1.86,1.73
06/10/2002,1.94,1.95,1.94,1.85,1.69
06/03/2002,1.99,1.98,1.93,1.85,1.69
05/27/2002,1.98,2.01,1.93,1.84,1.68
05/20/2002,2.0,2.02,1.91,1.83,1.68
05/13/2002,1.99,2.01,1.9,1.82,1.67
05/06/2002,1.96,1.98,1.88,1.8,1.67
04/29/2002,1.97,1.95,1.86,1.79,1.66
04/22/2002,2.04,1.95,1.85,1.77,1.66
04/15/2002,2.04,1.91,1.83,1.75,1.65
04/08/2002,2.02,1.92,1.82,1.74,1.65
04/01/2002,2.01,1.92,1.8,1.68,1.64
03/25/2002,1.94,1.89,1.78,1.67,1.63
03/18/2002,1.86,1.85,1.75,1.65,1.62
03/11/2002,1.79,1.81,1.73,1.64,1.61
03/04/2002,1.82,1.79,1.72,1.64,1.58
02/25/2002,1.84,1.78,1.71,1.64,1.57
02/18/2002,1.85,1.78,1.71,1.64,1.57
02/11/2002,1.83,1.76,1.69,1.64,1.56
02/04/2002,1.83,1.75,1.67,1.65,1.56
01/28/2002,1.77,1.71,1.66,1.64,1.55
01/21/2002,1.73,1.68,1.56,1.63,1.54
01/14/2002,1.71,1.67,1.55,1.63,1.53
01/07/2002,1.69,1.65,1.55,1.57,1.53
12/31/2001,1.67,1.65,1.56,1.58,1.53
12/24/2001,1.66,1.65,1.56,1.57,1.53
12/17/2001,1.63,1.64,1.56,1.57,1.53
12/10/2001,1.62,1.63,1.57,1.58,1.5
12/03/2001,1.62,1.61,1.59,1.58,1.5
11/26/2001,1.64,1.6,1.59,1.59,1.5
11/19/2001,1.65,1.6,1.6,1.59,1.5
11/12/2001,1.65,1.44,1.61,1.53,1.5
11/05/2001,1.64,1.44,1.61,1.53,1.5
10/29/2001,1.61,1.45,1.53,1.53,1.5
10/22/2001,1.56,1.47,1.54,1.53,1.5
10/15/2001,1.55,1.47,1.53,1.53,1.5
10/08/2001,1.23,1.48,1.54,1.54,1.49
10/01/2001,1.23,1.51,1.55,1.54,1.49
09/24/2001,1.29,1.56,1.56,1.54,1.5
09/17/2001,1.38,1.59,1.58,1.55,1.5
09/10/2001,1.39,1.61,1.58,1.55,1.5
09/03/2001,1.74,1.78,1.58,1.61,1.53
08/27/2001,1.8,1.79,1.57,1.6,1.53
08/20/2001,1.83,1.62,1.57,1.59,1.53
08/13/2001,1.81,1.61,1.55,1.57,1.52
08/06/2001,1.83,1.6,1.56,1.52,1.52
07/30/2001,1.83,1.59,1.57,1.51,1.52
07/23/2001,1.79,1.58,1.56,1.5,1.51
07/16/2001,1.41,1.57,1.54,1.48,1.51
07/09/2001,1.41,1.57,1.53,1.47,1.5
07/02/2001,1.37,1.56,1.52,1.46,1.5
06/25/2001,1.35,1.38,1.52,1.45,1.5
06/18/2001,1.38,1.36,1.5,1.44,1.51
06/11/2001,1.73,1.52,1.57,1.49,1.53
06/04/2001,1.73,1.5,1.55,1.48,1.53
05/28/2001,1.74,1.51,1.47,1.48,1.53
05/21/2001,1.42,1.54,1.47,1.48,1.53
05/14/2001,1.34,1.53,1.45,1.42,1.53
05/07/2001,1.31,1.51,1.43,1.41,1.53
04/30/2001,1.28,1.5,1.42,1.41,1.53
04/23/2001,1.28,1.49,1.41,1.42,1.53
04/16/2001,1.67,1.65,1.48,1.47,1.56
04/09/2001,1.72,1.64,1.48,1.48,1.57
04/02/2001,1.7,1.61,1.47,1.48,1.57
03/26/2001,1.73,1.61,1.47,1.47,1.58
03/19/2001,1.7,1.43,1.46,1.46,1.58
03/12/2001,1.63,1.4,1.45,1.45,1.58
03/05/2001,1.56,1.38,1.36,1.44,1.58
02/26/2001,1.53,1.36,1.37,1.45,0.0
02/19/2001,1.49,1.35,1.37,1.45,0.0
02/12/2001,1.17,1.33,1.38,1.45,0.0
02/05/2001,1.18,1.31,1.39,1.45,0.0
01/29/2001,1.2,1.32,1.4,1.46,0.0
01/22/2001,1.2,1.33,1.41,1.46,0.0
01/15/2001,1.21,1.34,1.41,1.47,0.0
01/08/2001,1.5,1.5,1.48,1.52,0.0
01/01/2001,1.43,1.49,1.47,1.53,0.0
12/25/2000,1.44,1.35,1.48,1.53,0.0
12/18/2000,1.45,1.37,1.5,1.54,0.0
12/11/2000,1.47,1.39,1.5,1.54,0.0
12/04/2000,1.49,1.43,1.5,1.54,0.0
11/27/2000,1.56,1.47,1.53,1.56,0.0
11/20/2000,1.26,1.48,1.53,1.57,0.0
11/13/2000,1.29,1.49,1.53,1.58,0.0
11/06/2000,1.32,1.48,1.54,1.58,0.0
10/30/2000,1.37,1.46,1.54,1.58,0.0
10/23/2000,1.38,1.45,1.54,1.58,0.0
10/16/2000,1.69,1.61,1.62,1.65,0.0
10/09/2000,1.69,1.62,1.62,1.65,0.0
10/02/2000,1.64,1.6,1.61,1.65,0.0
09/25/2000,1.56,1.58,1.6,1.65,0.0
09/18/2000,1.52,1.59,1.6,1.65,0.0
09/11/2000,1.52,1.59,1.62,1.66,0.0
09/04/2000,1.55,1.58,1.62,1.67,0.0
08/28/2000,1.56,1.6,1.63,1.68,0.0
08/21/2000,1.6,1.61,1.64,1.69,0.0
08/14/2000,1.66,1.63,1.65,1.7,0.0
08/07/2000,1.66,1.63,1.66,1.71,0.0
07/31/2000,1.61,1.62,1.67,0.0,0.0
07/24/2000,1.64,1.62,1.68,0.0,0.0
07/17/2000,1.62,1.61,1.68,0.0,0.0
07/10/2000,1.61,1.62,1.68,0.0,0.0
07/03/2000,1.61,1.65,1.69,0.0,0.0
06/26/2000,1.62,1.66,1.71,0.0,0.0
06/19/2000,1.61,1.67,1.72,0.0,0.0
06/12/2000,1.61,1.67,1.73,0.0,0.0
06/05/2000,1.62,1.67,1.74,0.0,0.0
05/29/2000,1.7,1.7,1.75,0.0,0.0
05/22/2000,1.69,1.73,0.0,0.0,0.0
05/15/2000,1.74,1.74,0.0,0.0,0.0
05/08/2000,1.74,1.75,0.0,0.0,0.0
05/01/2000,1.72,1.74,0.0,0.0,0.0
04/24/2000,1.69,1.73,0.0,0.0,0.0
04/17/2000,1.76,1.76,0.0,0.0,0.0
04/10/2000,1.74,1.77,0.0,0.0,0.0
04/03/2000,1.76,1.79,0.0,0.0,0.0
03/27/2000,1.76,1.81,0.0,0.0,0.0
03/20/2000,1.77,1.81,0.0,0.0,0.0
03/13/2000,1.77,0.0,0.0,0.0,0.0
03/06/2000,1.8,0.0,0.0,0.0,0.0
02/28/2000,1.82,0.0,0.0,0.0,0.0
02/21/2000,1.85,0.0,0.0,0.0,0.0
02/14/2000,1.85,0.0,0.0,0.0,0.0
02/07/2000,0.0,0.0,0.0,0.0,0.0
01/31/2000,0.0,0.0,0.0,0.0,0.0
01/24/2000,0.0,0.0,0.0,0.0,0.0
01/17/2000,0.0,0.0,0.0,0.0,0.0
