12/31/1999,7.69,8.06,7.69,7.94,0.19,0.0,47400.0
12/30/1999,7.44,7.75,7.0,7.75,0.5,0.0,27900.0
12/29/1999,7.19,7.5,6.88,7.25,0.0,0.0,69300.0
12/28/1999,7.13,7.31,6.84,7.25,0.12,0.0,97300.0
12/27/1999,7.91,7.94,7.13,7.13,-0.53,0.0,91100.0
12/23/1999,8.0,8.25,7.25,7.66,-0.59,0.0,172300.0
12/22/1999,8.25,8.38,8.25,8.25,0.0,0.0,11500.0
12/21/1999,8.28,8.44,8.25,8.25,-0.19,0.0,34900.0
12/20/1999,8.47,8.5,8.38,8.44,0.03,0.0,78200.0
12/17/1999,8.41,8.56,8.28,8.41,-0.03,0.0,14800.0
12/16/1999,8.69,8.69,8.44,8.44,-0.25,0.0,14700.0
12/15/1999,8.5,8.69,8.5,8.69,0.06,0.0,7200.0
12/14/1999,8.56,8.75,8.38,8.63,0.1,0.0,27700.0
12/13/1999,8.41,8.69,8.31,8.53,0.22,0.0,28400.0
12/10/1999,8.44,8.5,8.25,8.31,-0.13,0.0,10200.0
12/09/1999,8.88,8.88,8.44,8.44,-0.5,0.0,15200.0
12/08/1999,8.88,8.94,8.75,8.94,0.0,0.0,16700.0
12/07/1999,8.81,8.94,8.81,8.94,0.13,0.0,28400.0
12/06/1999,8.94,8.94,8.63,8.81,-0.07,0.0,24000.0
12/03/1999,9.0,9.0,8.81,8.88,-0.12,0.0,6300.0
12/02/1999,8.75,9.25,8.5,9.0,0.31,0.0,12300.0
12/01/1999,8.63,9.75,8.5,8.69,0.19,0.0,22400.0
11/30/1999,8.63,8.75,8.44,8.5,0.03,0.0,19500.0
11/29/1999,8.56,8.75,8.44,8.47,-0.22,0.0,12700.0
11/26/1999,8.56,8.69,8.56,8.69,0.13,0.0,400.0
11/24/1999,9.0,9.0,8.56,8.56,-0.38,0.0,24900.0
11/23/1999,8.5,9.06,8.5,8.94,0.38,0.0,24200.0
11/22/1999,8.69,8.81,8.5,8.56,-0.32,0.0,32200.0
11/19/1999,9.38,9.5,8.5,8.88,-0.56,0.0,39800.0
11/18/1999,9.5,9.5,9.31,9.44,0.0,0.0,5600.0
11/17/1999,8.88,9.44,8.88,9.44,0.63,0.0,59900.0
11/16/1999,9.13,9.31,8.81,8.81,-0.32,0.0,39200.0
11/15/1999,9.13,9.19,9.13,9.13,0.0,0.0,13900.0
11/12/1999,9.13,9.38,9.13,9.13,0.0,0.0,8000.0
11/11/1999,9.13,9.38,9.13,9.13,-0.06,0.0,16400.0
11/10/1999,9.06,9.25,9.06,9.19,0.06,0.0,9900.0
11/09/1999,8.69,9.13,8.69,9.13,0.5,0.0,10300.0
11/08/1999,9.25,9.25,8.63,8.63,-0.81,0.0,21900.0
11/05/1999,9.31,9.44,9.25,9.44,0.06,0.0,12700.0
11/04/1999,9.59,9.63,9.25,9.38,-0.25,0.0,31200.0
11/03/1999,9.59,9.63,9.56,9.63,0.07,0.0,59300.0
11/02/1999,9.63,9.75,9.56,9.56,0.0,0.0,89500.0
11/01/1999,9.56,9.69,9.5,9.56,0.0,0.0,106000.0
10/29/1999,9.81,9.81,9.56,9.56,-0.25,0.0,71000.0
10/28/1999,9.81,9.94,9.78,9.81,0.0,0.0,4100.0
10/27/1999,9.81,9.88,9.81,9.81,0.0,0.0,29500.0
10/26/1999,9.75,9.94,9.63,9.81,0.18,0.0,9800.0
10/25/1999,9.63,9.63,9.5,9.63,0.04,0.0,27400.0
10/22/1999,9.38,9.59,9.25,9.59,0.21,0.0,26500.0
10/21/1999,9.44,9.75,9.25,9.38,-0.12,0.0,27100.0
10/20/1999,9.38,9.69,9.38,9.5,0.06,0.0,9900.0
10/19/1999,9.44,9.72,9.44,9.44,0.0,0.0,27500.0
10/18/1999,9.44,9.44,9.38,9.44,0.06,0.0,19300.0
10/15/1999,9.69,9.69,9.38,9.38,-0.43,0.0,7800.0
10/14/1999,10.0,10.06,9.81,9.81,-0.07,0.0,3900.0
10/13/1999,9.94,10.06,9.88,9.88,-0.12,0.0,2100.0
10/12/1999,10.13,10.25,10.0,10.0,-0.19,0.0,28500.0
10/11/1999,9.94,10.19,9.88,10.19,0.19,0.0,6000.0
10/08/1999,10.03,10.03,9.75,10.0,0.06,0.0,8400.0
10/07/1999,9.91,10.19,9.81,9.94,0.06,0.0,12700.0
10/06/1999,9.88,9.94,9.88,9.88,0.0,0.0,1500.0
10/05/1999,9.81,9.94,9.81,9.88,0.13,0.0,42600.0
10/04/1999,9.88,9.88,9.56,9.75,0.09,0.0,29100.0
10/01/1999,9.63,9.75,9.63,9.66,0.03,0.0,23900.0
09/30/1999,9.75,9.88,9.63,9.63,-0.25,0.0,35900.0
09/29/1999,9.88,9.88,9.88,9.88,0.0,0.0,1500.0
09/28/1999,9.75,9.94,9.75,9.88,0.0,0.0,13700.0
09/27/1999,9.88,9.88,9.75,9.88,0.0,0.0,6800.0
09/24/1999,9.75,10.0,9.75,9.88,0.13,0.0,6900.0
09/23/1999,9.63,10.03,9.63,9.75,-0.13,0.0,15800.0
09/22/1999,9.56,9.88,9.56,9.88,0.25,0.0,80800.0
09/21/1999,9.5,9.75,9.5,9.63,-0.12,0.0,14700.0
09/20/1999,9.75,9.75,9.5,9.75,0.25,0.0,3200.0
09/17/1999,9.72,10.0,9.5,9.5,-0.19,0.0,209500.0
09/16/1999,9.75,9.75,9.31,9.69,-0.06,0.0,37100.0
09/15/1999,10.0,10.25,9.75,9.75,-0.25,0.0,16600.0
09/14/1999,10.31,10.38,10.0,10.0,-0.31,0.0,17900.0
09/13/1999,10.31,10.5,10.25,10.31,0.06,0.0,9200.0
09/10/1999,10.25,10.38,10.25,10.25,-0.06,0.0,6900.0
09/09/1999,10.25,10.31,10.25,10.31,0.06,0.0,5400.0
09/08/1999,10.63,10.69,9.75,10.25,-0.5,0.0,38300.0
09/07/1999,11.0,11.0,10.69,10.75,-0.38,0.0,29000.0
09/03/1999,11.13,11.5,11.0,11.13,0.13,0.0,5200.0
09/02/1999,11.13,11.13,11.0,11.0,-0.19,0.0,2900.0
09/01/1999,11.19,11.31,11.13,11.19,-0.12,0.0,4800.0
08/31/1999,11.31,11.31,11.31,11.31,0.06,0.0,1400.0
08/30/1999,11.31,11.5,11.13,11.25,0.12,0.0,10400.0
08/27/1999,11.0,11.13,11.0,11.13,-0.06,0.0,6700.0
08/26/1999,11.5,11.5,10.63,11.19,-0.31,0.0,35700.0
08/25/1999,12.0,12.0,11.5,11.5,-0.38,0.0,7100.0
08/24/1999,12.38,12.44,11.88,11.88,-0.62,0.0,99100.0
08/23/1999,12.75,12.81,12.5,12.5,-0.25,0.0,45500.0
08/20/1999,12.88,12.88,12.5,12.75,-0.13,0.0,27700.0
08/19/1999,13.0,13.0,12.75,12.88,-0.12,0.0,27500.0
08/18/1999,13.03,13.25,12.88,13.0,0.0,0.0,25500.0
08/17/1999,12.81,13.25,12.81,13.0,0.19,0.0,27200.0
08/16/1999,13.0,13.06,12.81,12.81,-0.07,0.0,20400.0
08/13/1999,12.5,13.0,12.38,12.88,0.63,0.0,19300.0
08/12/1999,13.0,13.0,12.25,12.25,-0.5,0.0,34100.0
08/11/1999,12.5,13.0,12.5,12.75,0.25,0.0,15900.0
08/10/1999,12.5,12.63,12.5,12.5,-0.13,0.0,43100.0
08/09/1999,12.63,12.63,12.38,12.63,0.0,0.0,28100.0
08/06/1999,12.38,12.63,12.38,12.63,0.0,0.0,11300.0
08/05/1999,12.31,12.63,12.13,12.63,0.25,0.0,52900.0
08/04/1999,12.5,12.63,12.0,12.38,-0.12,0.0,241500.0
08/03/1999,12.75,13.0,12.5,12.5,0.0,0.0,51000.0
08/02/1999,12.56,12.63,12.5,12.5,-0.13,0.0,4000.0
07/30/1999,12.75,12.94,12.25,12.63,0.0,0.0,13000.0
07/29/1999,13.06,13.06,12.5,12.63,-0.37,0.0,9500.0
07/28/1999,12.94,13.0,12.81,13.0,0.06,0.0,2700.0
07/27/1999,12.75,12.94,12.75,12.94,0.19,0.0,23500.0
07/26/1999,13.13,13.13,12.69,12.75,-0.38,0.0,14400.0
07/23/1999,13.06,13.25,12.75,13.13,0.0,0.0,17700.0
07/22/1999,12.94,13.13,12.88,13.13,0.38,0.0,40100.0
07/21/1999,12.5,13.0,12.38,12.75,0.25,0.0,12900.0
07/20/1999,12.88,12.88,12.5,12.5,-0.38,0.0,8900.0
07/19/1999,12.69,13.13,12.69,12.88,0.0,0.0,30100.0
07/16/1999,12.0,13.25,11.88,12.88,1.0,0.0,58300.0
07/15/1999,11.75,12.0,11.5,11.88,0.38,0.0,44700.0
07/14/1999,11.5,11.75,11.5,11.5,-0.25,0.0,8200.0
07/13/1999,11.38,11.75,11.38,11.75,0.12,0.0,44200.0
07/12/1999,11.38,11.69,11.38,11.63,0.13,0.0,35500.0
07/09/1999,11.25,11.5,11.25,11.5,0.31,0.0,3700.0
07/08/1999,11.81,12.0,11.13,11.19,-0.56,0.0,29000.0
07/07/1999,11.56,11.75,11.5,11.75,0.0,0.0,37900.0
07/06/1999,11.56,11.75,11.5,11.75,0.16,0.0,37600.0
07/02/1999,11.0,11.75,10.88,11.59,0.53,0.0,59600.0
07/01/1999,10.88,11.19,10.88,11.06,0.12,0.0,32300.0
06/30/1999,11.0,11.13,10.75,10.94,0.06,0.0,69400.0
06/29/1999,11.16,11.25,10.88,10.88,-0.25,0.0,399300.0
06/28/1999,10.88,11.13,10.88,11.13,0.0,0.0,27000.0
06/25/1999,10.75,11.13,10.75,11.13,0.44,0.0,24100.0
06/24/1999,10.63,10.88,10.63,10.69,0.19,0.0,66400.0
06/23/1999,10.75,10.75,10.44,10.5,0.12,0.0,183200.0
06/22/1999,10.75,10.81,9.88,10.38,-0.43,0.0,97400.0
06/21/1999,11.25,11.38,10.63,10.81,-0.44,0.0,165800.0
06/18/1999,11.25,11.31,11.19,11.25,0.06,0.0,28700.0
06/17/1999,11.31,11.31,11.19,11.19,0.0,0.0,23900.0
06/16/1999,11.19,11.31,11.19,11.19,0.0,0.0,14100.0
06/15/1999,11.19,11.19,11.19,11.19,0.06,0.0,14100.0
06/14/1999,11.38,11.5,11.13,11.13,-0.25,0.0,33500.0
06/11/1999,11.25,11.5,11.25,11.38,0.25,0.0,36600.0
06/10/1999,11.44,11.44,11.13,11.13,0.0,0.0,21500.0
06/09/1999,11.06,11.38,11.06,11.13,-0.12,0.0,28000.0
06/08/1999,11.5,11.5,11.0,11.25,0.12,0.0,30600.0
06/07/1999,11.13,11.5,11.0,11.13,0.13,0.0,10000.0
06/04/1999,11.13,11.25,10.75,11.0,-0.13,0.0,58800.0
06/03/1999,10.81,11.25,10.81,11.13,0.25,0.0,20400.0
06/02/1999,11.0,11.38,10.88,10.88,0.0,0.0,17500.0
06/01/1999,11.69,11.88,10.75,10.88,-0.75,0.0,45000.0
05/28/1999,10.81,11.88,10.63,11.63,0.63,0.0,57000.0
05/27/1999,10.63,11.0,10.63,11.0,0.37,0.0,38300.0
05/26/1999,10.88,10.94,10.56,10.63,-0.25,0.0,39100.0
05/25/1999,10.81,10.88,10.44,10.88,0.5,0.0,31500.0
05/24/1999,10.56,10.56,10.25,10.38,0.13,0.0,21000.0
05/21/1999,10.19,10.25,10.19,10.25,0.0,0.0,31100.0
05/20/1999,10.13,10.31,10.06,10.25,0.12,0.0,24200.0
05/19/1999,10.31,10.31,10.0,10.13,0.13,0.0,37000.0
05/18/1999,9.97,10.25,9.97,10.0,0.06,0.0,23400.0
05/17/1999,9.88,10.31,9.88,9.94,-0.19,0.0,22900.0
05/14/1999,10.0,10.19,9.88,10.13,0.13,0.0,34600.0
05/13/1999,10.06,10.25,10.0,10.0,-0.25,0.0,12900.0
05/12/1999,9.88,10.44,9.88,10.25,0.34,0.0,41800.0
05/11/1999,10.25,10.25,9.88,9.91,-0.22,0.0,6000.0
05/10/1999,10.0,10.25,9.88,10.13,0.19,0.0,29300.0
05/07/1999,9.81,10.0,9.81,9.94,0.13,0.0,9000.0
05/06/1999,9.88,10.0,9.81,9.81,-0.19,0.0,30100.0
05/05/1999,10.13,10.13,9.88,10.0,0.0,0.0,27800.0
05/04/1999,9.75,10.13,9.75,10.0,0.06,0.0,25700.0
05/03/1999,9.75,10.0,9.63,9.94,0.31,0.0,28400.0
04/30/1999,9.75,9.88,9.63,9.63,-0.18,0.0,30300.0
04/29/1999,9.63,9.81,9.63,9.81,0.18,0.0,11200.0
04/28/1999,9.75,9.88,9.63,9.63,-0.12,0.0,87700.0
04/27/1999,9.88,10.13,9.75,9.75,-0.13,0.0,91000.0
04/26/1999,9.88,10.13,9.88,9.88,0.0,0.0,74300.0
04/23/1999,9.88,10.0,9.69,9.88,-0.06,0.0,48100.0
04/22/1999,9.5,10.25,9.38,9.94,0.63,0.0,102800.0
04/21/1999,8.88,10.0,8.63,9.31,0.93,0.0,81700.0
04/20/1999,8.75,8.75,8.38,8.38,-0.5,0.0,37900.0
04/19/1999,8.13,8.88,8.0,8.88,0.82,0.0,59100.0
04/16/1999,8.5,8.75,8.0,8.06,-0.44,0.0,65900.0
04/15/1999,8.63,8.75,8.31,8.5,0.0,0.0,24600.0
04/14/1999,8.38,8.63,8.13,8.5,0.25,0.0,10300.0
04/13/1999,8.13,8.31,8.06,8.25,0.12,0.0,13100.0
04/12/1999,8.13,8.31,8.13,8.13,0.0,0.0,10500.0
04/09/1999,8.19,8.56,8.13,8.13,-0.18,0.0,27500.0
04/08/1999,8.13,8.44,8.13,8.31,0.18,0.0,17000.0
04/07/1999,8.19,8.38,8.13,8.13,-0.06,0.0,37200.0
04/06/1999,8.88,8.88,8.13,8.19,-0.44,0.0,39000.0
04/05/1999,8.5,9.0,8.5,8.63,0.13,0.0,12200.0
04/01/1999,8.25,8.88,8.13,8.5,0.31,0.0,74200.0
03/31/1999,8.13,8.31,8.13,8.19,0.0,0.0,66300.0
03/30/1999,8.25,8.5,8.13,8.19,-0.15,0.0,53100.0
03/29/1999,8.25,8.63,8.25,8.34,0.21,0.0,18800.0
03/26/1999,8.13,8.25,8.13,8.13,0.0,0.0,8100.0
03/25/1999,8.5,8.5,8.13,8.13,-0.12,0.0,13700.0
03/24/1999,7.88,8.25,7.88,8.25,0.31,0.0,983200.0
03/23/1999,8.06,8.13,7.94,7.94,-0.25,0.0,63100.0
03/22/1999,8.25,8.28,8.0,8.19,-0.06,0.0,14200.0
03/19/1999,8.31,8.38,8.25,8.25,-0.13,0.0,25400.0
03/18/1999,8.38,8.5,8.25,8.38,0.0,0.0,21300.0
03/17/1999,8.44,8.63,8.38,8.38,-0.25,0.0,23000.0
03/16/1999,8.38,8.63,8.38,8.63,0.25,0.0,164700.0
03/15/1999,8.38,8.44,8.31,8.38,0.13,0.0,112600.0
03/12/1999,8.38,8.38,8.25,8.25,-0.06,0.0,19800.0
03/11/1999,8.44,8.53,8.25,8.31,-0.07,0.0,9700.0
03/10/1999,8.38,8.5,8.0,8.38,0.0,0.0,21800.0
03/09/1999,8.63,8.63,8.38,8.38,-0.25,0.0,35100.0
03/08/1999,8.88,8.88,8.63,8.63,0.0,0.0,3700.0
03/05/1999,8.88,8.88,8.63,8.63,-0.25,0.0,30500.0
03/04/1999,8.94,9.0,8.88,8.88,-0.06,0.0,19800.0
03/03/1999,9.0,9.13,8.88,8.94,-0.06,0.0,18700.0
03/02/1999,9.0,9.06,9.0,9.0,-0.19,0.0,36100.0
03/01/1999,9.0,9.19,9.0,9.19,0.06,0.0,25600.0
02/26/1999,8.88,9.19,8.88,9.13,0.13,0.0,72700.0
02/25/1999,8.88,9.06,8.88,9.0,0.06,0.0,79100.0
02/24/1999,8.94,9.06,8.94,8.94,0.0,0.0,17200.0
02/23/1999,9.06,9.13,8.94,8.94,-0.12,0.0,48600.0
02/22/1999,9.25,9.25,8.75,9.06,-0.07,0.0,77500.0
02/19/1999,8.94,9.13,8.88,9.13,0.13,0.0,36400.0
02/18/1999,9.13,9.19,9.0,9.0,-0.13,0.0,146800.0
02/17/1999,9.75,9.75,9.13,9.13,-0.62,0.0,20600.0
02/16/1999,9.88,10.0,9.63,9.75,-0.13,0.0,85000.0
02/12/1999,9.63,10.0,9.63,9.88,0.25,0.0,30500.0
02/11/1999,9.63,10.0,9.63,9.63,-0.18,0.0,10500.0
02/10/1999,9.88,10.0,9.63,9.81,-0.07,0.0,14900.0
02/09/1999,9.75,10.13,9.75,9.88,0.0,0.0,28200.0
02/08/1999,10.0,10.13,9.75,9.88,-0.12,0.0,20200.0
02/05/1999,10.0,10.13,9.88,10.0,0.0,0.0,49600.0
02/04/1999,9.88,10.25,9.69,10.0,0.12,0.0,95800.0
02/03/1999,10.0,10.06,9.88,9.88,-0.12,0.0,74000.0
02/02/1999,9.75,10.0,9.75,10.0,0.0,0.0,34400.0
02/01/1999,9.63,10.0,9.63,10.0,0.31,0.0,21200.0
01/29/1999,9.75,10.0,9.63,9.69,-0.19,0.0,56500.0
01/28/1999,9.75,10.0,9.75,9.88,-0.06,0.0,71700.0
01/27/1999,9.75,10.38,9.75,9.94,0.19,0.0,39500.0
01/26/1999,9.75,10.0,9.75,9.75,0.12,0.0,75600.0
01/25/1999,9.75,9.88,9.5,9.63,-0.12,0.0,67600.0
01/22/1999,9.75,10.0,9.75,9.75,-0.13,0.0,27900.0
01/21/1999,9.88,10.5,9.63,9.88,0.25,0.0,69000.0
01/20/1999,10.13,10.38,9.5,9.63,-0.43,0.0,72700.0
01/19/1999,9.69,10.88,9.56,10.06,0.43,0.0,121600.0
01/15/1999,9.44,10.0,9.44,9.63,0.19,0.0,50000.0
01/14/1999,9.5,9.81,9.38,9.44,-0.19,0.0,48900.0
01/13/1999,9.5,9.88,9.5,9.63,-0.25,0.0,67500.0
01/12/1999,10.5,10.5,9.88,9.88,-0.37,0.0,90800.0
01/11/1999,9.88,10.25,9.5,10.25,0.37,0.0,404100.0
01/08/1999,9.88,10.63,9.63,9.88,0.5,0.0,80700.0
01/07/1999,12.0,12.0,9.13,9.38,-2.5,0.0,120700.0
01/06/1999,10.63,12.38,10.63,11.88,1.38,0.0,190800.0
01/05/1999,8.38,10.5,8.38,10.5,2.12,0.0,167000.0
01/04/1999,9.5,9.5,8.13,8.38,0.0,0.0,56100.0
