12/31/1999,20.0,20.0,20.0,20.0,0.76,0.0,825.0
12/30/1999,19.24,19.24,19.24,19.24,-0.76,0.0,750.0
12/29/1999,20.0,20.0,20.0,20.0,-0.24,0.0,300.0
12/28/1999,20.24,20.24,20.24,20.24,0.24,0.0,250.0
12/27/1999,21.0,21.24,20.0,20.0,-1.76,0.0,1025.0
12/23/1999,22.0,22.0,21.52,21.76,0.24,0.0,4775.0
12/22/1999,22.0,22.0,21.52,21.52,-0.48,0.0,425.0
12/21/1999,21.52,22.0,21.0,22.0,0.76,0.0,1400.0
12/20/1999,21.52,21.52,21.24,21.24,0.24,0.0,150.0
12/17/1999,22.0,22.0,20.52,21.0,-0.76,0.0,3200.0
12/16/1999,21.52,21.76,21.24,21.76,0.76,0.0,350.0
12/15/1999,21.0,21.0,21.0,21.0,0.0,0.0,650.0
12/14/1999,21.0,21.0,21.0,21.0,0.0,0.0,425.0
12/13/1999,22.0,22.0,21.0,21.0,-0.52,0.0,1150.0
12/10/1999,22.0,22.0,21.52,21.52,-0.48,0.0,75.0
12/09/1999,22.0,22.0,22.0,22.0,0.0,0.0,150.0
12/07/1999,22.0,22.0,22.0,22.0,0.0,0.0,500.0
12/06/1999,21.52,22.0,21.24,22.0,1.0,0.0,750.0
12/02/1999,20.52,21.0,20.24,21.0,0.48,0.0,1300.0
12/01/1999,22.0,22.0,20.52,20.52,-1.24,0.0,1300.0
11/30/1999,20.76,21.76,20.76,21.76,0.52,0.0,1200.0
11/29/1999,21.24,21.24,20.76,21.24,1.0,0.0,1850.0
11/24/1999,20.24,20.52,20.24,20.24,-0.76,0.0,550.0
11/23/1999,20.24,21.0,20.24,21.0,0.48,0.0,925.0
11/22/1999,21.0,21.0,20.52,20.52,-0.48,0.0,550.0
11/19/1999,20.76,21.0,20.76,21.0,0.48,0.0,4350.0
11/18/1999,21.0,21.0,20.52,20.52,-0.48,0.0,300.0
11/17/1999,21.0,21.0,20.24,21.0,0.0,0.0,1025.0
11/15/1999,21.0,21.0,21.0,21.0,0.0,0.0,250.0
11/12/1999,21.0,21.0,21.0,21.0,0.48,0.0,575.0
11/10/1999,20.76,21.0,20.52,20.52,0.0,0.0,850.0
11/08/1999,20.52,20.52,20.52,20.52,0.0,0.0,400.0
11/05/1999,20.0,20.52,20.0,20.52,0.0,0.0,600.0
11/04/1999,21.0,21.0,20.0,20.52,0.0,0.0,900.0
11/02/1999,21.0,22.0,20.52,20.52,-0.48,0.0,675.0
11/01/1999,21.0,21.0,21.0,21.0,0.24,0.0,850.0
10/29/1999,20.52,20.76,20.52,20.76,0.24,0.0,100.0
10/28/1999,20.52,20.52,20.52,20.52,0.28,0.0,250.0
10/27/1999,20.24,20.24,20.24,20.24,-0.52,0.0,425.0
10/26/1999,20.76,21.0,20.76,20.76,0.0,0.0,725.0
10/22/1999,21.0,21.0,20.52,20.76,0.24,0.0,750.0
10/20/1999,20.52,20.52,20.52,20.52,-0.24,0.0,325.0
10/18/1999,20.76,20.76,20.76,20.76,0.0,0.0,175.0
10/15/1999,21.0,21.0,20.76,20.76,0.0,0.0,100.0
10/14/1999,20.76,20.76,20.76,20.76,0.24,0.0,250.0
10/13/1999,20.52,20.52,20.52,20.52,-0.48,0.0,125.0
10/12/1999,22.0,22.0,21.0,21.0,-0.24,0.0,3125.0
10/11/1999,21.24,21.24,21.24,21.24,0.0,0.0,1200.0
10/08/1999,21.52,21.52,21.24,21.24,0.24,0.0,300.0
10/07/1999,21.0,21.0,21.0,21.0,-0.52,0.0,500.0
10/06/1999,22.52,22.52,21.52,21.52,-1.0,0.0,750.0
10/05/1999,21.52,22.76,21.52,22.52,1.76,0.0,1000.0
10/04/1999,20.0,20.76,20.0,20.76,0.24,0.0,525.0
10/01/1999,20.52,20.52,20.52,20.52,0.52,0.0,25.0
09/30/1999,20.52,20.52,19.52,20.0,-1.0,0.0,925.0
09/29/1999,20.52,21.0,20.52,21.0,-0.24,0.0,650.0
09/28/1999,21.0,21.52,20.24,21.24,-0.28,0.0,1250.0
09/24/1999,21.52,21.52,21.52,21.52,0.52,0.0,125.0
09/23/1999,21.0,21.0,21.0,21.0,-0.52,0.0,50.0
09/22/1999,22.0,22.0,20.52,21.52,-0.48,0.0,3700.0
09/21/1999,22.52,22.52,22.0,22.0,0.48,0.0,300.0
09/20/1999,21.52,21.52,21.52,21.52,0.0,0.0,100.0
09/17/1999,22.0,22.0,21.52,21.52,0.0,0.0,250.0
09/15/1999,22.0,22.0,21.52,21.52,-0.48,0.0,800.0
09/14/1999,22.0,22.0,22.0,22.0,0.0,0.0,250.0
09/13/1999,22.52,22.52,22.0,22.0,-0.76,0.0,775.0
09/10/1999,22.76,22.76,22.76,22.76,0.0,0.0,500.0
09/09/1999,22.52,22.76,22.52,22.76,0.76,0.0,500.0
09/08/1999,22.0,22.0,21.52,22.0,-0.76,0.0,1875.0
09/07/1999,22.0,22.76,22.0,22.76,0.76,0.0,1800.0
09/03/1999,22.0,22.0,22.0,22.0,0.0,0.0,550.0
09/02/1999,22.52,22.52,22.0,22.0,-0.52,0.0,200.0
09/01/1999,21.0,22.52,21.0,22.52,1.0,0.0,750.0
08/31/1999,21.52,21.52,21.52,21.52,0.52,0.0,25.0
08/26/1999,21.0,21.0,21.0,21.0,0.48,0.0,125.0
08/25/1999,20.0,21.0,20.0,20.52,-0.48,0.0,1075.0
08/24/1999,21.24,21.24,20.0,21.0,-0.24,0.0,4200.0
08/23/1999,21.52,21.52,21.24,21.24,-0.52,0.0,500.0
08/19/1999,22.0,22.0,21.76,21.76,-0.24,0.0,475.0
08/16/1999,22.0,22.0,22.0,22.0,-0.52,0.0,500.0
08/13/1999,21.52,22.52,21.52,22.52,1.0,0.0,150.0
08/12/1999,21.52,21.52,21.52,21.52,-0.48,0.0,600.0
08/11/1999,22.0,22.0,22.0,22.0,-0.52,0.0,25.0
08/10/1999,22.76,22.76,22.52,22.52,0.0,0.0,175.0
08/09/1999,22.0,22.52,22.0,22.52,1.0,0.0,375.0
08/06/1999,21.52,21.76,21.52,21.52,-0.48,0.0,900.0
08/03/1999,22.52,23.0,22.0,22.0,-1.0,0.0,450.0
08/02/1999,23.0,23.0,23.0,23.0,-0.52,0.0,75.0
07/29/1999,23.52,23.52,23.52,23.52,0.76,0.0,350.0
07/28/1999,22.76,22.76,22.76,22.76,0.24,0.0,100.0
07/27/1999,23.52,23.52,22.52,22.52,-0.48,0.0,625.0
07/26/1999,23.0,23.0,23.0,23.0,0.0,0.0,775.0
07/23/1999,23.0,23.0,23.0,23.0,0.48,0.0,1450.0
07/21/1999,22.52,22.52,22.52,22.52,0.0,0.0,1000.0
07/20/1999,23.0,23.0,21.52,22.52,0.0,0.0,1700.0
07/19/1999,23.0,23.0,22.52,22.52,-0.48,0.0,1350.0
07/16/1999,23.0,23.0,23.0,23.0,0.0,0.0,4750.0
07/15/1999,22.76,23.0,22.76,23.0,0.76,0.0,4875.0
07/14/1999,22.24,22.24,22.24,22.24,0.0,0.0,250.0
07/13/1999,22.76,22.76,22.24,22.24,-0.76,0.0,725.0
07/12/1999,23.0,23.0,23.0,23.0,-0.24,0.0,2500.0
07/07/1999,23.0,23.24,23.0,23.24,0.72,0.0,425.0
07/01/1999,22.52,22.52,22.52,22.52,-0.48,0.0,250.0
06/28/1999,22.76,23.0,22.52,23.0,0.0,0.0,325.0
06/25/1999,23.0,23.0,23.0,23.0,0.0,0.0,500.0
06/24/1999,23.52,23.52,23.0,23.0,0.0,0.0,1125.0
06/21/1999,23.0,23.0,23.0,23.0,-0.52,0.0,100.0
06/18/1999,23.52,23.52,23.52,23.52,1.0,0.0,250.0
06/14/1999,22.52,22.52,22.52,22.52,-0.48,0.0,250.0
06/11/1999,23.0,23.0,23.0,23.0,0.48,0.0,100.0
06/10/1999,23.0,23.0,22.52,22.52,-0.48,0.0,475.0
06/09/1999,22.76,23.0,22.76,23.0,0.48,0.0,325.0
06/07/1999,22.52,22.52,22.52,22.52,-0.48,0.0,25.0
06/04/1999,23.52,23.52,23.0,23.0,0.0,0.0,400.0
06/03/1999,23.0,23.0,23.0,23.0,-0.52,0.0,250.0
06/02/1999,23.52,23.52,23.0,23.52,-0.24,0.0,500.0
06/01/1999,23.76,23.76,23.76,23.76,0.0,0.0,100.0
05/28/1999,24.0,24.0,23.76,23.76,-0.24,0.0,400.0
05/26/1999,23.52,24.0,23.52,24.0,0.24,0.0,2375.0
05/25/1999,23.76,23.76,23.76,23.76,0.24,0.0,450.0
05/21/1999,23.0,23.52,23.0,23.52,1.52,0.0,1325.0
05/20/1999,22.0,22.0,22.0,22.0,-0.24,0.0,375.0
05/18/1999,22.52,22.52,22.24,22.24,-1.28,0.0,525.0
05/17/1999,23.52,23.52,23.52,23.52,0.0,0.0,50.0
05/14/1999,23.0,23.52,23.0,23.52,1.0,0.0,875.0
05/13/1999,22.52,22.52,22.52,22.52,0.52,0.0,25.0
05/12/1999,22.0,22.0,22.0,22.0,0.0,0.0,200.0
05/11/1999,22.52,22.52,22.0,22.0,-1.0,0.0,1175.0
05/10/1999,23.52,23.52,23.0,23.0,0.48,0.0,1400.0
05/07/1999,23.0,23.0,22.52,22.52,-0.48,0.0,250.0
05/06/1999,23.0,23.0,23.0,23.0,0.48,0.0,25.0
05/05/1999,23.0,23.0,22.52,22.52,-0.48,0.0,225.0
05/03/1999,22.52,23.0,22.52,23.0,1.0,0.0,400.0
04/30/1999,24.0,24.0,22.0,22.0,-1.52,0.0,750.0
04/29/1999,23.52,24.0,23.52,23.52,-1.0,0.0,500.0
04/23/1999,24.24,24.52,24.24,24.52,0.0,0.0,600.0
04/22/1999,24.52,24.52,24.52,24.52,0.52,0.0,25.0
04/21/1999,24.0,24.52,24.0,24.0,0.0,0.0,2750.0
04/20/1999,22.52,24.0,22.0,24.0,2.0,0.0,4725.0
04/19/1999,22.24,23.0,22.0,22.0,0.24,0.0,1825.0
04/16/1999,21.76,21.76,21.76,21.76,0.52,0.0,75.0
04/15/1999,21.52,21.52,21.24,21.24,-0.76,0.0,500.0
04/14/1999,21.0,22.0,21.0,22.0,0.48,0.0,700.0
04/13/1999,21.52,21.52,21.52,21.52,0.0,0.0,125.0
04/12/1999,23.0,23.52,21.52,21.52,-1.0,0.0,1250.0
04/07/1999,21.0,22.52,21.0,22.52,1.0,0.0,1325.0
04/06/1999,21.0,21.52,21.0,21.52,1.0,0.0,500.0
04/05/1999,24.0,24.0,20.52,20.52,-3.48,0.0,2325.0
04/01/1999,23.52,24.0,23.52,24.0,1.0,0.0,1550.0
03/31/1999,23.52,24.0,23.0,23.0,-1.52,0.0,13700.0
03/30/1999,24.0,24.52,24.0,24.52,1.28,0.0,750.0
03/29/1999,24.0,24.0,23.24,23.24,-1.0,0.0,400.0
03/25/1999,24.76,24.76,24.24,24.24,0.0,0.0,175.0
03/24/1999,24.24,24.24,24.24,24.24,0.0,0.0,550.0
03/22/1999,24.52,24.52,24.24,24.24,-0.28,0.0,275.0
03/19/1999,24.76,24.76,24.52,24.52,0.28,0.0,750.0
03/18/1999,24.24,24.24,24.24,24.24,-0.28,0.0,750.0
03/17/1999,24.76,24.76,24.52,24.52,0.0,0.0,400.0
03/16/1999,25.24,25.24,24.52,24.52,-0.72,0.0,50.0
03/15/1999,24.52,25.24,24.52,25.24,0.0,0.0,850.0
03/12/1999,24.52,25.24,24.52,25.24,0.0,0.0,150.0
03/10/1999,25.24,25.24,25.24,25.24,0.0,0.0,50.0
03/08/1999,25.24,25.24,25.24,25.24,0.0,0.0,150.0
03/04/1999,25.24,25.24,25.24,25.24,0.48,0.0,25.0
03/03/1999,24.24,25.0,24.24,24.76,0.24,0.0,1600.0
03/02/1999,25.0,25.0,24.52,24.52,-0.24,0.0,475.0
03/01/1999,24.24,24.76,24.24,24.76,0.52,0.0,375.0
02/26/1999,24.52,24.52,24.24,24.24,-0.52,0.0,900.0
02/25/1999,25.0,25.0,24.76,24.76,0.76,0.0,150.0
02/23/1999,24.52,25.0,24.0,24.0,0.0,0.0,3450.0
02/22/1999,24.0,24.52,24.0,24.0,-0.52,0.0,1425.0
02/19/1999,24.52,24.52,24.0,24.52,0.52,0.0,650.0
02/18/1999,24.0,24.52,24.0,24.0,0.0,0.0,300.0
02/17/1999,24.52,24.52,24.0,24.0,-0.52,0.0,425.0
02/16/1999,24.52,24.52,24.0,24.52,0.52,0.0,1200.0
02/12/1999,24.0,24.0,24.0,24.0,0.0,0.0,775.0
02/10/1999,24.52,24.52,24.0,24.0,-0.52,0.0,4625.0
02/09/1999,24.52,24.52,24.24,24.52,-0.24,0.0,1225.0
02/08/1999,24.76,24.76,24.76,24.76,-0.24,0.0,100.0
02/05/1999,24.52,25.0,24.52,25.0,0.48,0.0,125.0
02/04/1999,24.52,24.52,24.52,24.52,-0.48,0.0,175.0
02/03/1999,25.0,25.0,25.0,25.0,0.48,0.0,300.0
02/02/1999,25.0,25.0,24.52,24.52,0.0,0.0,1750.0
02/01/1999,25.0,25.0,24.52,24.52,0.0,0.0,5200.0
01/29/1999,25.0,25.0,24.52,24.52,0.0,0.0,225.0
01/28/1999,24.52,25.0,24.52,24.52,-0.48,0.0,950.0
01/27/1999,24.0,25.0,24.0,25.0,0.48,0.0,150.0
01/26/1999,25.24,25.24,24.52,24.52,-0.72,0.0,2975.0
01/25/1999,25.52,25.52,24.76,25.24,0.24,0.0,2350.0
01/22/1999,24.52,25.52,24.0,25.0,0.48,0.0,2650.0
01/21/1999,24.0,25.0,24.0,24.52,0.0,0.0,6600.0
