12/31/1999,19057.5,19057.5,18433.8008,18810.0,-247.5,0.0,85.0
12/30/1999,19057.5,19305.0,19057.5,19057.5,188.0996,0.0,105.0
12/29/1999,18750.5996,19057.5,18562.5,18869.4004,306.9004,0.0,142.0
12/28/1999,18255.5996,19176.3008,17938.8008,18562.5,554.4004,0.0,238.0
12/27/1999,17879.4004,18315.0,17691.3008,18008.0996,376.1992,0.0,174.0
12/23/1999,18186.3008,18186.3008,17572.5,17631.9004,-306.9004,0.0,98.0
12/22/1999,17820.0,18562.5,17820.0,17938.8008,366.3008,0.0,178.0
12/21/1999,18315.0,18562.5,17572.5,17572.5,-613.8008,0.0,180.0
12/20/1999,17938.8008,18315.0,17820.0,18186.3008,861.3008,0.0,208.0
12/17/1999,17443.8008,17572.5,17077.5,17325.0,-59.4004,0.0,134.0
12/16/1999,17572.5,18067.5,17018.0996,17384.4004,-306.9004,0.0,332.0
12/15/1999,17879.4004,18186.3008,17265.5996,17691.3008,-435.5996,0.0,266.0
12/14/1999,17938.8008,18433.8008,17938.8008,18126.9004,435.5996,0.0,146.0
12/13/1999,17938.8008,18810.0,17443.8008,17691.3008,-188.0996,0.0,361.0
12/10/1999,18067.5,18067.5,17384.4004,17879.4004,59.4004,0.0,232.0
12/09/1999,18315.0,18681.3008,17443.8008,17820.0,376.1992,0.0,566.0
12/08/1999,15592.499,17691.3008,15473.7012,17443.8008,1970.0996,0.0,447.0
12/07/1999,15038.0996,15721.2002,14355.0,15473.7012,930.6016,0.0,155.0
12/06/1999,15780.5996,15958.7998,13493.7012,14543.0996,-861.3008,0.0,307.0
12/03/1999,15840.0,16087.501,15345.0,15404.4004,-69.3008,0.0,324.0
12/02/1999,15285.5996,15780.5996,15097.501,15473.7012,376.2002,0.0,353.0
12/01/1999,14909.4004,15958.7998,14483.7012,15097.501,861.3008,0.0,655.0
11/30/1999,13246.2002,14731.2002,13246.2002,14236.2002,495.0,0.0,791.0
11/29/1999,13493.7012,13860.0,13424.4004,13741.2002,316.7998,0.0,374.0
11/26/1999,12681.9004,13671.9004,12563.0996,13424.4004,801.9004,0.0,163.0
11/24/1999,12375.0,13117.5,12256.2002,12622.5,59.4004,0.0,324.0
11/23/1999,11444.4004,12870.0,11325.5996,12563.0996,1049.3994,0.0,448.0
11/22/1999,11325.5996,11573.0996,11137.5,11513.7002,247.5,0.0,363.0
11/19/1999,11196.9004,11444.4004,10642.5,11266.2002,-366.2998,0.0,307.0
11/18/1999,11385.0,11632.5,11078.0996,11632.5,118.7998,0.0,374.0
11/17/1999,11632.5,11691.9004,11266.2002,11513.7002,-247.5,0.0,443.0
11/16/1999,11078.0996,11880.0,11078.0996,11761.2002,683.1006,0.0,600.0
11/15/1999,10771.2002,11137.5,10454.4004,11078.0996,801.8994,0.0,482.0
11/12/1999,9959.4004,10701.9004,9959.4004,10276.2002,435.6006,0.0,555.0
11/11/1999,8910.0,10088.0996,8791.2002,9840.5996,930.5996,0.0,567.0
11/10/1999,9038.7002,9038.7002,8791.2002,8910.0,0.0,0.0,210.0
11/09/1999,8910.0,9157.5,8910.0,8910.0,-59.4004,0.0,111.0
11/08/1999,8791.2002,9157.5,8296.2002,8969.4004,59.4004,0.0,269.0
11/05/1999,9216.9004,9216.9004,8791.2002,8910.0,-495.0,0.0,125.0
11/04/1999,8850.5996,9781.2002,8850.5996,9405.0,247.5,0.0,375.0
11/03/1999,8603.0996,9157.5,8603.0996,9157.5,118.7998,0.0,237.0
11/02/1999,9593.0996,9593.0996,8850.5996,9038.7002,-366.2998,0.0,394.0
11/01/1999,8355.5996,9464.4004,8355.5996,9405.0,990.0,0.0,558.0
10/29/1999,7979.3999,8415.0,7672.5,8415.0,613.7998,0.0,362.0
10/28/1999,7731.8999,8048.7002,7484.3999,7801.2002,128.7002,0.0,180.0
10/27/1999,7118.1001,7731.8999,6989.3999,7672.5,554.3999,0.0,106.0
10/26/1999,7920.0,7920.0,7118.1001,7118.1001,-801.8999,0.0,113.0
10/25/1999,8355.5996,8415.0,7731.8999,7920.0,-623.7002,0.0,105.0
10/22/1999,8048.7002,8910.0,8048.7002,8543.7002,623.7002,0.0,404.0
10/21/1999,8167.5,8167.5,7920.0,7920.0,-247.5,0.0,103.0
10/20/1999,7118.1001,8474.4004,7118.1001,8167.5,1049.3999,0.0,294.0
10/19/1999,6682.5,7118.1001,6682.5,7118.1001,-59.3999,0.0,390.0
10/18/1999,7860.6001,7860.6001,6989.3999,7177.5,-623.7002,0.0,184.0
10/15/1999,8048.7002,8167.5,7672.5,7801.2002,-495.0,0.0,73.0
10/14/1999,8355.5996,8415.0,7553.7002,8296.2002,69.2998,0.0,123.0
10/13/1999,8662.5,8662.5,7979.3999,8226.9004,-435.5996,0.0,70.0
10/12/1999,8662.5,8662.5,8415.0,8662.5,0.0,0.0,29.0
10/11/1999,8603.0996,8662.5,8415.0,8662.5,-128.7002,0.0,86.0
10/08/1999,8910.0,8910.0,8603.0996,8791.2002,-247.5,0.0,117.0
10/07/1999,9781.2002,9900.0,8415.0,9038.7002,-742.5,0.0,183.0
10/06/1999,10028.7002,10276.2002,9533.7002,9781.2002,-495.0,0.0,265.0
10/05/1999,9900.0,10523.7002,9652.5,10276.2002,376.2002,0.0,202.0
10/04/1999,9405.0,9959.4004,9286.2002,9900.0,683.0996,0.0,206.0
10/01/1999,9345.5996,9345.5996,8910.0,9216.9004,-69.2998,0.0,44.0
09/30/1999,8850.5996,9405.0,8721.9004,9286.2002,495.0,0.0,265.0
09/29/1999,9345.5996,9345.5996,8721.9004,8791.2002,-554.3994,0.0,117.0
09/28/1999,9781.2002,9781.2002,8474.4004,9345.5996,-306.9004,0.0,333.0
09/27/1999,10276.2002,10523.7002,9593.0996,9652.5,-683.0996,0.0,216.0
09/24/1999,10028.7002,10583.0996,9959.4004,10335.5996,306.8994,0.0,217.0
09/23/1999,10454.4004,10890.0,9900.0,10028.7002,-178.2002,0.0,215.0
09/22/1999,11632.5,11632.5,9157.5,10206.9004,-1673.0996,0.0,1457.0
09/21/1999,12681.9004,13246.2002,11632.5,11880.0,-623.7002,0.0,839.0
09/20/1999,11632.5,12503.7002,11513.7002,12503.7002,1118.7002,0.0,141.0
09/17/1999,11761.2002,12008.7002,10642.5,11385.0,-683.0996,0.0,361.0
09/16/1999,12622.5,12622.5,11632.5,12068.0996,-554.4004,0.0,380.0
09/15/1999,12751.2002,12810.5996,12434.4004,12622.5,-188.0996,0.0,350.0
09/14/1999,12870.0,12998.7002,12563.0996,12810.5996,-59.4004,0.0,215.0
09/13/1999,12622.5,12929.4004,12127.5,12870.0,0.0,0.0,489.0
09/10/1999,12870.0,13365.0,12622.5,12870.0,0.0,0.0,809.0
09/09/1999,12375.0,13424.4004,12008.7002,12870.0,1673.0996,0.0,850.0
09/08/1999,9840.5996,11266.2002,9781.2002,11196.9004,1544.4004,0.0,644.0
09/07/1999,9593.0996,9900.0,9533.7002,9652.5,188.0996,0.0,187.0
09/03/1999,9286.2002,9652.5,9157.5,9464.4004,306.9004,0.0,283.0
09/02/1999,8910.0,9286.2002,8662.5,9157.5,118.7998,0.0,114.0
09/01/1999,8662.5,9038.7002,8474.4004,9038.7002,623.7002,0.0,206.0
08/31/1999,8910.0,8910.0,8296.2002,8415.0,-554.4004,0.0,303.0
08/30/1999,9464.4004,9464.4004,8296.2002,8969.4004,-435.5996,0.0,245.0
08/27/1999,9840.5996,9900.0,9216.9004,9405.0,-188.0996,0.0,300.0
08/26/1999,9098.0996,9900.0,8662.5,9593.0996,990.0,0.0,570.0
08/25/1999,7425.0,8969.4004,7306.2002,8603.0996,930.5996,0.0,364.0
08/24/1999,7731.8999,7920.0,7425.0,7672.5,118.7998,0.0,132.0
08/23/1999,7306.2002,7920.0,7306.2002,7553.7002,0.0,0.0,158.0
08/20/1999,7860.6001,8048.7002,6682.5,7553.7002,-59.3999,0.0,264.0
08/19/1999,7118.1001,7920.0,6930.0,7613.1001,623.7002,0.0,237.0
08/18/1999,6563.7002,7672.5,6563.7002,6989.3999,306.8999,0.0,183.0
08/17/1999,6128.1001,6870.6001,6068.7002,6682.5,613.7998,0.0,193.0
08/16/1999,5751.8999,6246.8999,5573.7002,6068.7002,435.6001,0.0,144.0
08/13/1999,5445.0,5692.5,5445.0,5633.1001,188.1001,0.0,43.0
08/12/1999,5573.7002,5692.5,5445.0,5445.0,-128.7002,0.0,35.0
08/11/1999,4950.0,5633.1001,4950.0,5573.7002,623.7002,0.0,35.0
08/10/1999,5633.1001,5633.1001,4950.0,4950.0,-554.3999,0.0,53.0
08/09/1999,5573.7002,5633.1001,5504.3999,5504.3999,59.3999,0.0,65.0
08/06/1999,5633.1001,5692.5,5445.0,5445.0,-128.7002,0.0,135.0
08/05/1999,5692.5,5692.5,5385.6001,5573.7002,-118.7998,0.0,94.0
08/04/1999,5197.5,5751.8999,5197.5,5692.5,366.2998,0.0,124.0
08/03/1999,5078.7002,5573.7002,5078.7002,5326.2002,376.2002,0.0,211.0
08/02/1999,5078.7002,5078.7002,4950.0,4950.0,0.0,0.0,25.0
07/30/1999,5078.7002,5078.7002,4950.0,4950.0,0.0,0.0,53.0
07/29/1999,5138.1001,5197.5,4761.8999,4950.0,-128.7002,0.0,56.0
07/28/1999,4761.8999,5256.8999,4702.5,5078.7002,376.2002,0.0,221.0
07/27/1999,4831.2002,4831.2002,4455.0,4702.5,-128.7002,0.0,14.0
07/26/1999,4831.2002,4890.6001,4643.1001,4831.2002,128.7002,0.0,17.0
07/23/1999,4702.5,4831.2002,4643.1001,4702.5,0.0,0.0,18.0
07/22/1999,4950.0,4950.0,4455.0,4702.5,-128.7002,0.0,33.0
07/21/1999,4950.0,5078.7002,4831.2002,4831.2002,0.0,0.0,24.0
07/20/1999,5138.1001,5138.1001,4702.5,4831.2002,-247.5,0.0,57.0
07/19/1999,5385.6001,5385.6001,4950.0,5078.7002,-59.3999,0.0,45.0
07/16/1999,5256.8999,5326.2002,5009.3999,5138.1001,128.7002,0.0,46.0
07/15/1999,4831.2002,5326.2002,4831.2002,5009.3999,178.1997,0.0,185.0
07/14/1999,4831.2002,4890.6001,4702.5,4831.2002,0.0,0.0,32.0
07/13/1999,4890.6001,4890.6001,4761.8999,4831.2002,128.7002,0.0,53.0
07/12/1999,4455.0,4761.8999,4395.6001,4702.5,247.5,0.0,39.0
07/09/1999,4336.2002,4455.0,4266.8999,4455.0,0.0,0.0,12.0
07/08/1999,4583.7002,4643.1001,4395.6001,4455.0,-59.3999,0.0,35.0
07/07/1999,4702.5,4761.8999,4514.3999,4514.3999,-128.7002,0.0,12.0
07/06/1999,4583.7002,4702.5,4336.2002,4643.1001,59.3999,0.0,95.0
07/02/1999,4702.5,4761.8999,4266.8999,4583.7002,-59.3999,0.0,35.0
07/01/1999,4831.2002,4831.2002,4455.0,4643.1001,-247.5,0.0,53.0
06/30/1999,4890.6001,4890.6001,4831.2002,4890.6001,128.7002,0.0,55.0
06/29/1999,4702.5,4890.6001,4643.1001,4761.8999,59.3999,0.0,94.0
06/28/1999,4643.1001,4761.8999,4395.6001,4702.5,59.3999,0.0,41.0
06/25/1999,4266.8999,4831.2002,4207.5,4643.1001,376.2002,0.0,280.0
06/24/1999,4395.6001,4455.0,4088.7,4266.8999,0.0,0.0,31.0
06/23/1999,4088.7,4455.0,4088.7,4266.8999,306.8999,0.0,160.0
06/22/1999,4019.3999,4088.7,3900.6001,3960.0,0.0,0.0,60.0
06/21/1999,3960.0,4019.3999,3900.6001,3960.0,0.0,0.0,20.0
06/18/1999,4019.3999,4019.3999,3900.6001,3960.0,-59.3999,0.0,30.0
06/17/1999,3960.0,4019.3999,3712.5,4019.3999,178.1999,0.0,28.0
06/16/1999,3900.6001,3900.6001,3712.5,3841.2,69.3001,0.0,75.0
06/15/1999,4019.3999,4019.3999,3771.8999,3771.8999,-188.1001,0.0,70.0
06/14/1999,3841.2,4088.7,3712.5,3960.0,247.5,0.0,160.0
06/11/1999,3405.6001,3771.8999,3405.6001,3712.5,435.6001,0.0,80.0
06/10/1999,3158.1001,3465.0,3158.1001,3276.8999,178.1997,0.0,63.0
06/09/1999,3029.3999,3158.1001,3029.3999,3098.7002,69.3003,0.0,20.0
06/08/1999,3158.1001,3158.1001,3029.3999,3029.3999,0.0,0.0,28.0
06/07/1999,3217.5,3217.5,2970.0,3029.3999,-188.1001,0.0,13.0
06/04/1999,3098.7002,3217.5,3029.3999,3217.5,59.3999,0.0,21.0
06/03/1999,3098.7002,3217.5,3098.7002,3158.1001,128.7002,0.0,51.0
06/02/1999,2970.0,3098.7002,2910.6001,3029.3999,59.3999,0.0,80.0
06/01/1999,2970.0,2970.0,2851.2002,2970.0,0.0,0.0,18.0
05/28/1999,2970.0,2970.0,2970.0,2970.0,0.0,0.0,8.0
05/27/1999,2970.0,3098.7002,2851.2002,2970.0,0.0,0.0,12.0
05/26/1999,3098.7002,3217.5,2970.0,2970.0,-188.1001,0.0,24.0
05/25/1999,3217.5,3217.5,3029.3999,3158.1001,-118.7998,0.0,17.0
05/24/1999,3217.5,3346.2002,2970.0,3276.8999,118.7998,0.0,58.0
05/21/1999,3029.3999,3158.1001,3029.3999,3158.1001,0.0,0.0,11.0
05/20/1999,3217.5,3346.2002,2970.0,3158.1001,59.3999,0.0,21.0
05/19/1999,3276.8999,3276.8999,2970.0,3098.7002,-118.7998,0.0,21.0
05/18/1999,3098.7002,3346.2002,2970.0,3217.5,118.7998,0.0,75.0
05/17/1999,2970.0,3098.7002,2781.8999,3098.7002,128.7002,0.0,25.0
05/14/1999,2781.8999,2970.0,2781.8999,2970.0,59.3999,0.0,23.0
05/13/1999,3029.3999,3029.3999,2851.2002,2910.6001,-118.7998,0.0,13.0
05/12/1999,3098.7002,3217.5,3029.3999,3029.3999,178.1997,0.0,55.0
05/11/1999,2970.0,2970.0,2851.2002,2851.2002,-59.3999,0.0,9.0
05/10/1999,2851.2002,3029.3999,2851.2002,2910.6001,0.0,0.0,23.0
05/07/1999,3217.5,3217.5,2910.6001,2910.6001,-59.3999,0.0,9.0
05/06/1999,3029.3999,3029.3999,2970.0,2970.0,0.0,0.0,1.0
05/05/1999,3217.5,3217.5,2970.0,2970.0,-247.5,0.0,10.0
05/04/1999,3217.5,3217.5,3217.5,3217.5,59.3999,0.0,14.0
05/03/1999,3158.1001,3217.5,3098.7002,3158.1001,0.0,0.0,16.0
04/30/1999,2851.2002,3158.1001,2851.2002,3158.1001,376.2002,0.0,22.0
04/29/1999,2970.0,3158.1001,2781.8999,2781.8999,-316.8003,0.0,13.0
04/28/1999,3098.7002,3098.7002,2970.0,3098.7002,0.0,0.0,12.0
04/27/1999,3158.1001,3158.1001,2970.0,3098.7002,0.0,0.0,21.0
04/26/1999,3158.1001,3217.5,3098.7002,3098.7002,0.0,0.0,11.0
04/23/1999,3217.5,3217.5,3098.7002,3098.7002,0.0,0.0,6.0
04/22/1999,3029.3999,3217.5,3029.3999,3098.7002,69.3003,0.0,30.0
04/21/1999,2970.0,3098.7002,2851.2002,3029.3999,178.1997,0.0,40.0
04/20/1999,3029.3999,3029.3999,2851.2002,2851.2002,-247.5,0.0,33.0
04/19/1999,2970.0,3098.7002,2851.2002,3098.7002,188.1001,0.0,26.0
04/16/1999,3158.1001,3158.1001,2722.5,2910.6001,-188.1001,0.0,67.0
04/15/1999,3098.7002,3217.5,3029.3999,3098.7002,69.3003,0.0,30.0
04/14/1999,3217.5,3217.5,3029.3999,3029.3999,-188.1001,0.0,13.0
04/13/1999,3098.7002,3346.2002,3029.3999,3217.5,118.7998,0.0,44.0
04/12/1999,3593.7,3593.7,3098.7002,3098.7002,-366.2998,0.0,22.0
04/09/1999,3712.5,3841.2,3465.0,3465.0,0.0,0.0,39.0
04/08/1999,3524.3999,3653.1001,3465.0,3465.0,0.0,0.0,16.0
04/07/1999,3098.7002,3593.7,3098.7002,3465.0,435.6001,0.0,24.0
04/06/1999,3405.6001,3405.6001,2970.0,3029.3999,-435.6001,0.0,43.0
04/05/1999,3405.6001,3653.1001,3346.2002,3465.0,59.3999,0.0,18.0
04/01/1999,3593.7,3593.7,3405.6001,3405.6001,-306.8999,0.0,78.0
03/31/1999,3712.5,3712.5,3524.3999,3712.5,0.0,0.0,9.0
03/30/1999,3712.5,3712.5,3524.3999,3712.5,-59.3999,0.0,12.0
03/29/1999,3712.5,3771.8999,3524.3999,3771.8999,118.7998,0.0,18.0
03/26/1999,3900.6001,3900.6001,3653.1001,3653.1001,-247.5,0.0,14.0
03/25/1999,3900.6001,3900.6001,3653.1001,3900.6001,59.4001,0.0,12.0
03/24/1999,4088.7,4088.7,3712.5,3841.2,-118.8,0.0,23.0
03/23/1999,4207.5,4207.5,3960.0,3960.0,-247.5,0.0,19.0
03/22/1999,4207.5,4336.2002,4148.1001,4207.5,-128.7002,0.0,26.0
03/19/1999,4207.5,4455.0,4148.1001,4336.2002,128.7002,0.0,39.0
03/18/1999,4019.3999,4266.8999,3960.0,4207.5,59.3999,0.0,72.0
03/17/1999,4148.1001,4207.5,3960.0,4148.1001,59.4001,0.0,15.0
03/16/1999,4019.3999,4207.5,3960.0,4088.7,0.0,0.0,40.0
03/15/1999,4019.3999,4207.5,4019.3999,4088.7,-118.8,0.0,31.0
03/12/1999,4207.5,4207.5,4148.1001,4207.5,0.0,0.0,11.0
03/11/1999,4148.1001,4207.5,3960.0,4207.5,188.1001,0.0,15.0
03/10/1999,4019.3999,4148.1001,4019.3999,4019.3999,-69.3001,0.0,10.0
03/09/1999,4148.1001,4266.8999,4019.3999,4088.7,-59.4001,0.0,24.0
03/08/1999,4336.2002,4395.6001,4088.7,4148.1001,59.4001,0.0,83.0
03/05/1999,3960.0,4088.7,3841.2,4088.7,69.3001,0.0,21.0
03/04/1999,3900.6001,4019.3999,3900.6001,4019.3999,59.3999,0.0,18.0
03/03/1999,3771.8999,4088.7,3771.8999,3960.0,118.8,0.0,25.0
03/02/1999,3771.8999,3960.0,3712.5,3841.2,-178.1999,0.0,31.0
03/01/1999,4019.3999,4148.1001,4019.3999,4019.3999,-188.1001,0.0,14.0
02/26/1999,4336.2002,4336.2002,4019.3999,4207.5,0.0,0.0,13.0
02/25/1999,4207.5,4336.2002,4019.3999,4207.5,59.3999,0.0,26.0
02/24/1999,3960.0,4207.5,3960.0,4148.1001,188.1001,0.0,26.0
02/23/1999,4148.1001,4207.5,3960.0,3960.0,-188.1001,0.0,75.0
02/22/1999,4207.5,4336.2002,4088.7,4148.1001,59.4001,0.0,30.0
02/19/1999,4148.1001,4207.5,3960.0,4088.7,0.0,0.0,21.0
02/18/1999,4395.6001,4395.6001,4019.3999,4088.7,-247.5002,0.0,24.0
02/17/1999,4336.2002,4395.6001,4088.7,4336.2002,-118.7998,0.0,26.0
02/16/1999,4583.7002,4702.5,4266.8999,4455.0,118.7998,0.0,67.0
02/12/1999,4207.5,4702.5,4019.3999,4336.2002,128.7002,0.0,101.0
02/11/1999,3712.5,4207.5,3653.1001,4207.5,435.6001,0.0,23.0
02/10/1999,3841.2,3841.2,3653.1001,3771.8999,-188.1001,0.0,21.0
02/09/1999,4266.8999,4266.8999,3771.8999,3960.0,-306.8999,0.0,45.0
02/08/1999,3960.0,4336.2002,3900.6001,4266.8999,366.2998,0.0,48.0
02/05/1999,3712.5,3900.6001,3712.5,3900.6001,247.5,0.0,15.0
02/04/1999,3712.5,3841.2,3653.1001,3653.1001,-118.7998,0.0,28.0
02/03/1999,3712.5,3771.8999,3653.1001,3771.8999,0.0,0.0,13.0
02/02/1999,3771.8999,3771.8999,3593.7,3771.8999,59.3999,0.0,29.0
02/01/1999,3712.5,3771.8999,3593.7,3712.5,0.0,0.0,13.0
01/29/1999,3712.5,3712.5,3465.0,3712.5,59.3999,0.0,39.0
01/28/1999,3465.0,3712.5,3465.0,3653.1001,247.5,0.0,35.0
01/27/1999,3465.0,3465.0,3405.6001,3405.6001,-59.3999,0.0,14.0
01/26/1999,3276.8999,3465.0,3276.8999,3465.0,59.3999,0.0,26.0
01/25/1999,3465.0,3465.0,3346.2002,3405.6001,59.3999,0.0,31.0
01/22/1999,3524.3999,3524.3999,3276.8999,3346.2002,-118.7998,0.0,11.0
01/21/1999,3653.1001,3712.5,3346.2002,3465.0,-188.1001,0.0,30.0
01/20/1999,3465.0,3712.5,3465.0,3653.1001,59.4001,0.0,6.0
01/19/1999,3465.0,3771.8999,3405.6001,3593.7,376.2,0.0,51.0
01/15/1999,3524.3999,3524.3999,3217.5,3217.5,-306.8999,0.0,11.0
01/14/1999,3712.5,3771.8999,3465.0,3524.3999,-188.1001,0.0,25.0
01/13/1999,3593.7,3841.2,3593.7,3712.5,-59.3999,0.0,23.0
01/12/1999,3900.6001,3960.0,3771.8999,3771.8999,59.3999,0.0,65.0
01/11/1999,3771.8999,3841.2,3712.5,3712.5,-59.3999,0.0,25.0
01/08/1999,4019.3999,4019.3999,3593.7,3771.8999,-247.5,0.0,58.0
01/07/1999,3771.8999,4336.2002,3771.8999,4019.3999,554.3999,0.0,90.0
01/06/1999,3524.3999,3524.3999,3465.0,3465.0,-128.7,0.0,20.0
01/05/1999,3524.3999,3593.7,3465.0,3593.7,0.0,0.0,20.0
01/04/1999,3653.1001,3653.1001,3465.0,3593.7,0.0,0.0,74.0
12/31/1998,3712.5,3771.8999,3465.0,3771.8999,-69.3001,0.0,146.0
12/30/1998,2970.0,3841.2,2970.0,3841.2,930.5999,0.0,122.0
12/29/1998,2910.6001,2910.6001,2722.5,2910.6001,0.0,0.0,58.0
12/28/1998,2851.2002,2970.0,2781.8999,2910.6001,59.3999,0.0,32.0
12/24/1998,2722.5,2851.2002,2722.5,2851.2002,128.7002,0.0,15.0
12/23/1998,2781.8999,2851.2002,2603.7002,2722.5,0.0,0.0,192.0
12/22/1998,2851.2002,2970.0,2475.0,2722.5,0.0,0.0,101.0
12/21/1998,3098.7002,3098.7002,2722.5,2722.5,-306.8999,0.0,42.0
12/18/1998,2970.0,3029.3999,2910.6001,3029.3999,59.3999,0.0,24.0
12/17/1998,2970.0,3029.3999,2910.6001,2970.0,0.0,0.0,12.0
12/16/1998,2970.0,2970.0,2970.0,2970.0,-128.7002,0.0,18.0
12/15/1998,3029.3999,3098.7002,2970.0,3098.7002,0.0,0.0,35.0
12/14/1998,3217.5,3217.5,2970.0,3098.7002,0.0,0.0,14.0
12/11/1998,3029.3999,3217.5,3029.3999,3098.7002,69.3003,0.0,32.0
12/10/1998,3346.2002,3465.0,3029.3999,3029.3999,-316.8003,0.0,20.0
12/09/1998,3465.0,3524.3999,3346.2002,3346.2002,-118.7998,0.0,24.0
12/08/1998,3593.7,3593.7,3217.5,3465.0,0.0,0.0,37.0
12/07/1998,3465.0,3653.1001,3465.0,3465.0,118.7998,0.0,36.0
12/04/1998,3029.3999,3465.0,3029.3999,3346.2002,376.2002,0.0,42.0
12/03/1998,2910.6001,3098.7002,2781.8999,2970.0,188.1001,0.0,22.0
12/02/1998,3217.5,3217.5,2781.8999,2781.8999,-316.8003,0.0,47.0
12/01/1998,3217.5,3217.5,3098.7002,3098.7002,-178.1997,0.0,20.0
11/30/1998,3098.7002,3346.2002,3098.7002,3276.8999,59.3999,0.0,43.0
11/27/1998,3346.2002,3346.2002,3217.5,3217.5,-128.7002,0.0,13.0
11/25/1998,3098.7002,3346.2002,2851.2002,3346.2002,247.5,0.0,22.0
11/24/1998,3217.5,3217.5,2970.0,3098.7002,-247.5,0.0,15.0
11/23/1998,3465.0,3465.0,3217.5,3346.2002,-178.1997,0.0,12.0
11/20/1998,3653.1001,3653.1001,3465.0,3524.3999,0.0,0.0,24.0
11/19/1998,3524.3999,3653.1001,3465.0,3524.3999,0.0,0.0,23.0
11/18/1998,3900.6001,3900.6001,3524.3999,3524.3999,-316.8001,0.0,45.0
11/17/1998,3771.8999,3900.6001,3712.5,3841.2,128.7,0.0,29.0
11/16/1998,3712.5,3900.6001,3593.7,3712.5,0.0,0.0,82.0
11/13/1998,2999.7,3712.5,2910.6001,3712.5,742.5,0.0,207.0
11/12/1998,2851.2002,3029.3999,2851.2002,2970.0,0.0,0.0,24.0
11/11/1998,2910.6001,2970.0,2781.8999,2970.0,118.7998,0.0,42.0
11/10/1998,2970.0,2970.0,2851.2002,2851.2002,-89.0998,0.0,19.0
11/09/1998,3375.8999,3405.6001,2851.2002,2940.3,-405.9002,0.0,121.0
11/06/1998,3158.1001,3524.3999,3098.7002,3346.2002,316.8003,0.0,116.0
11/05/1998,2722.5,3158.1001,2633.4001,3029.3999,178.1997,0.0,96.0
11/04/1998,2603.7002,2910.6001,2534.3999,2851.2002,247.5,0.0,78.0
11/03/1998,2722.5,2722.5,2534.3999,2603.7002,-118.7998,0.0,35.0
11/02/1998,2722.5,2722.5,2603.7002,2722.5,0.0,0.0,11.0
10/30/1998,2722.5,2781.8999,2534.3999,2722.5,59.3999,0.0,39.0
10/29/1998,2781.8999,2781.8999,2633.4001,2663.1001,-118.7998,0.0,72.0
10/28/1998,2564.0999,2781.8999,2534.3999,2781.8999,247.5,0.0,35.0
10/27/1998,2385.9001,2564.0999,2385.9001,2534.3999,118.7998,0.0,56.0
10/26/1998,2475.0,2475.0,2385.9001,2415.6001,-29.6999,0.0,25.0
10/23/1998,2475.0,2534.3999,2415.6001,2445.3,59.3999,0.0,22.0
10/22/1998,2534.3999,2603.7002,2356.2002,2385.9001,-217.8001,0.0,39.0
10/21/1998,2475.0,2603.7002,2286.8999,2603.7002,128.7002,0.0,40.0
10/20/1998,2475.0,2663.1001,2445.3,2475.0,89.0999,0.0,74.0
10/19/1998,2415.6001,2475.0,2385.9001,2385.9001,-29.7,0.0,45.0
10/16/1998,2415.6001,2415.6001,2356.2002,2415.6001,0.0,0.0,50.0
10/15/1998,2227.5,2475.0,2168.1001,2415.6001,99.0002,0.0,59.0
10/14/1998,2039.4,2316.5999,1980.0,2316.5999,277.1999,0.0,122.0
10/13/1998,2108.7002,2108.7002,1980.0,2039.4,-69.3002,0.0,95.0
10/12/1998,2286.8999,2286.8999,2039.4,2108.7002,-168.2998,0.0,114.0
10/09/1998,2286.8999,2286.8999,1821.6,2277.0,-9.8999,0.0,206.0
10/08/1998,2286.8999,2356.2002,2108.7002,2286.8999,-69.3003,0.0,49.0
10/07/1998,2415.6001,2475.0,2356.2002,2356.2002,0.0,0.0,24.0
10/06/1998,2781.8999,2851.2002,2227.5,2356.2002,-495.0,0.0,105.0
10/05/1998,2722.5,2851.2002,2722.5,2851.2002,188.1001,0.0,20.0
10/02/1998,2781.8999,2851.2002,2663.1001,2663.1001,-59.3999,0.0,30.0
10/01/1998,2970.0,2970.0,2663.1001,2722.5,-306.8999,0.0,103.0
09/30/1998,2851.2002,3098.7002,2851.2002,3029.3999,247.5,0.0,85.0
09/29/1998,2851.2002,2910.6001,2722.5,2781.8999,-69.3003,0.0,20.0
09/28/1998,2970.0,2970.0,2722.5,2851.2002,-59.3999,0.0,43.0
09/25/1998,2970.0,3098.7002,2910.6001,2910.6001,-59.3999,0.0,18.0
09/24/1998,2970.0,3098.7002,2851.2002,2970.0,188.1001,0.0,112.0
09/23/1998,2692.8,2910.6001,2692.8,2781.8999,59.3999,0.0,63.0
09/22/1998,2970.0,2970.0,2663.1001,2722.5,-247.5,0.0,24.0
09/21/1998,2663.1001,2970.0,2603.7002,2970.0,306.8999,0.0,96.0
09/18/1998,2534.3999,2663.1001,2415.6001,2663.1001,128.7002,0.0,93.0
09/17/1998,2603.7002,2603.7002,2475.0,2534.3999,29.6999,0.0,33.0
09/16/1998,2415.6001,2633.4001,2356.2002,2504.7,89.0999,0.0,95.0
09/15/1998,2415.6001,2415.6001,2356.2002,2415.6001,-29.6999,0.0,11.0
09/14/1998,2475.0,2564.0999,2286.8999,2445.3,-29.7,0.0,34.0
09/11/1998,2415.6001,2564.0999,2415.6001,2475.0,59.3999,0.0,49.0
09/10/1998,2415.6001,2415.6001,2415.6001,2415.6001,0.0,0.0,5.0
09/09/1998,2504.7,2564.0999,2385.9001,2415.6001,-89.0999,0.0,45.0
09/08/1998,2663.1001,2722.5,2197.8,2504.7,-99.0002,0.0,196.0
09/04/1998,2851.2002,2851.2002,2603.7002,2603.7002,-118.7998,0.0,22.0
09/03/1998,3029.3999,3029.3999,2722.5,2722.5,-247.5,0.0,50.0
09/02/1998,2603.7002,3029.3999,2603.7002,2970.0,435.6001,0.0,154.0
09/01/1998,2534.3999,2534.3999,2286.8999,2534.3999,0.0,0.0,70.0
08/31/1998,2534.3999,2781.8999,2415.6001,2534.3999,178.1997,0.0,122.0
08/28/1998,2356.2002,2475.0,2168.1001,2356.2002,-59.3999,0.0,644.0
08/27/1998,2603.7002,2633.4001,2257.2,2415.6001,-306.8999,0.0,144.0
08/26/1998,2722.5,2910.6001,2603.7002,2722.5,-128.7002,0.0,90.0
08/25/1998,2970.0,3029.3999,2781.8999,2851.2002,-118.7998,0.0,139.0
08/24/1998,3059.0999,3098.7002,2722.5,2970.0,-128.7002,0.0,125.0
08/21/1998,3098.7002,3158.1001,2940.3,3098.7002,0.0,0.0,83.0
08/20/1998,3187.8,3187.8,2970.0,3098.7002,128.7002,0.0,75.0
08/19/1998,3217.5,3217.5,2663.1001,2970.0,-128.7002,0.0,491.0
08/18/1998,3217.5,3465.0,2970.0,3098.7002,128.7002,0.0,249.0
08/17/1998,3346.2002,3346.2002,2910.6001,2970.0,-188.1001,0.0,190.0
08/14/1998,3217.5,3346.2002,3098.7002,3158.1001,-118.7998,0.0,54.0
08/13/1998,3346.2002,3524.3999,3217.5,3276.8999,-69.3003,0.0,75.0
08/12/1998,3405.6001,3405.6001,3217.5,3346.2002,-59.3999,0.0,21.0
08/11/1998,3217.5,3405.6001,3158.1001,3405.6001,59.3999,0.0,16.0
08/10/1998,3465.0,3465.0,2970.0,3346.2002,-118.7998,0.0,207.0
08/07/1998,3346.2002,3465.0,3276.8999,3465.0,247.5,0.0,43.0
08/06/1998,3217.5,3346.2002,3217.5,3217.5,0.0,0.0,35.0
08/05/1998,3405.6001,3465.0,3217.5,3217.5,0.0,0.0,116.0
08/04/1998,3524.3999,3524.3999,3158.1001,3217.5,-217.8,0.0,65.0
08/03/1998,3524.3999,3593.7,3346.2002,3435.3,29.6999,0.0,76.0
07/31/1998,3465.0,3524.3999,3346.2002,3405.6001,59.3999,0.0,76.0
07/30/1998,3593.7,3653.1001,3217.5,3346.2002,-247.4998,0.0,123.0
07/29/1998,3960.0,3960.0,3593.7,3593.7,-366.3,0.0,111.0
07/28/1998,4019.3999,4336.2002,3900.6001,3960.0,0.0,0.0,50.0
07/27/1998,4207.5,4207.5,3841.2,3960.0,-128.7,0.0,109.0
07/24/1998,4019.3999,4148.1001,4019.3999,4088.7,0.0,0.0,41.0
07/23/1998,4207.5,4266.8999,4019.3999,4088.7,-118.8,0.0,35.0
07/22/1998,4395.6001,4455.0,4088.7,4207.5,-188.1001,0.0,61.0
07/21/1998,4455.0,4583.7002,4266.8999,4395.6001,-118.7998,0.0,52.0
07/20/1998,4613.3999,4643.1001,4425.2998,4514.3999,-69.3003,0.0,53.0
07/17/1998,4761.8999,4761.8999,4514.3999,4583.7002,69.3003,0.0,32.0
07/16/1998,4514.3999,5078.7002,4395.6001,4514.3999,148.5,0.0,124.0
07/15/1998,4514.3999,4514.3999,4365.8999,4365.8999,-89.1001,0.0,39.0
07/14/1998,4455.0,4514.3999,4425.2998,4455.0,-29.7002,0.0,36.0
07/13/1998,4455.0,4583.7002,4425.2998,4484.7002,-59.3999,0.0,43.0
07/10/1998,4484.7002,4544.1001,4455.0,4544.1001,59.3999,0.0,7.0
07/09/1998,4336.2002,4583.7002,4207.5,4484.7002,277.2002,0.0,43.0
07/08/1998,4148.1001,4336.2002,4148.1001,4207.5,59.3999,0.0,23.0
07/07/1998,4148.1001,4207.5,4088.7,4148.1001,-89.1001,0.0,65.0
07/06/1998,4336.2002,4455.0,4148.1001,4237.2002,-158.3999,0.0,41.0
07/02/1998,4455.0,4583.7002,4266.8999,4395.6001,0.0,0.0,62.0
07/01/1998,4514.3999,4643.1001,4395.6001,4395.6001,-188.1001,0.0,64.0
06/30/1998,4702.5,4702.5,4514.3999,4583.7002,-118.7998,0.0,31.0
06/29/1998,4702.5,4890.6001,4583.7002,4702.5,59.3999,0.0,52.0
06/26/1998,4583.7002,4761.8999,4583.7002,4643.1001,0.0,0.0,31.0
06/25/1998,4831.2002,4831.2002,4643.1001,4643.1001,-118.7998,0.0,31.0
06/24/1998,4583.7002,4831.2002,4583.7002,4761.8999,59.3999,0.0,52.0
06/23/1998,4702.5,4702.5,4583.7002,4702.5,0.0,0.0,35.0
06/22/1998,4702.5,4702.5,4514.3999,4702.5,0.0,0.0,11.0
06/19/1998,4761.8999,4761.8999,4613.3999,4702.5,-128.7002,0.0,61.0
06/18/1998,4643.1001,4890.6001,4643.1001,4831.2002,69.3003,0.0,63.0
06/17/1998,4643.1001,4831.2002,4643.1001,4761.8999,118.7998,0.0,64.0
06/16/1998,4514.3999,4702.5,4514.3999,4643.1001,128.7002,0.0,13.0
06/15/1998,4761.8999,4890.6001,4455.0,4514.3999,-316.8003,0.0,65.0
06/12/1998,4950.0,5009.3999,4643.1001,4831.2002,-178.1997,0.0,72.0
06/11/1998,5445.0,5445.0,5009.3999,5009.3999,-376.2002,0.0,170.0
06/10/1998,5197.5,5385.6001,5138.1001,5385.6001,247.5,0.0,104.0
06/09/1998,5256.8999,5326.2002,5138.1001,5138.1001,-59.3999,0.0,79.0
06/08/1998,5009.3999,5256.8999,5009.3999,5197.5,59.3999,0.0,96.0
06/05/1998,4890.6001,5138.1001,4831.2002,5138.1001,306.8999,0.0,225.0
06/04/1998,4643.1001,4890.6001,4643.1001,4831.2002,188.1001,0.0,54.0
06/03/1998,4761.8999,4761.8999,4583.7002,4643.1001,-118.7998,0.0,45.0
06/02/1998,4643.1001,4761.8999,4643.1001,4761.8999,118.7998,0.0,63.0
06/01/1998,4613.3999,4702.5,4613.3999,4643.1001,0.0,0.0,41.0
05/29/1998,4950.0,4950.0,4583.7002,4643.1001,-118.7998,0.0,57.0
05/28/1998,5078.7002,5078.7002,4761.8999,4761.8999,-128.7002,0.0,73.0
05/27/1998,5009.3999,5009.3999,4831.2002,4890.6001,-59.3999,0.0,89.0
05/26/1998,4702.5,5286.6001,4643.1001,4950.0,366.2998,0.0,304.0
05/22/1998,4702.5,4702.5,4455.0,4583.7002,-118.7998,0.0,52.0
05/21/1998,4890.6001,4890.6001,4613.3999,4702.5,-59.3999,0.0,110.0
05/20/1998,5009.3999,5078.7002,4702.5,4761.8999,0.0,0.0,365.0
05/19/1998,5445.0,6068.7002,4672.7998,4761.8999,425.6997,0.0,2118.0
05/18/1998,4365.8999,4514.3999,4336.2002,4336.2002,39.6001,0.0,55.0
05/15/1998,4455.0,4583.7002,4266.8999,4296.6001,29.7002,0.0,103.0
05/14/1998,4455.0,4455.0,4266.8999,4266.8999,-128.7002,0.0,15.0
05/13/1998,4395.6001,4455.0,4266.8999,4395.6001,0.0,0.0,45.0
05/12/1998,4455.0,4455.0,4336.2002,4395.6001,59.3999,0.0,12.0
05/11/1998,4266.8999,4455.0,4266.8999,4336.2002,0.0,0.0,24.0
05/08/1998,4514.3999,4514.3999,4266.8999,4336.2002,-118.7998,0.0,41.0
05/07/1998,4643.1001,4643.1001,4395.6001,4455.0,-59.3999,0.0,17.0
05/06/1998,4702.5,4702.5,4514.3999,4514.3999,0.0,0.0,43.0
05/05/1998,4395.6001,4583.7002,4336.2002,4514.3999,59.3999,0.0,31.0
05/04/1998,4207.5,4583.7002,4207.5,4455.0,247.5,0.0,50.0
05/01/1998,4455.0,4455.0,4207.5,4207.5,-188.1001,0.0,30.0
04/30/1998,4395.6001,4455.0,4207.5,4395.6001,0.0,0.0,26.0
04/29/1998,4455.0,4455.0,4336.2002,4395.6001,0.0,0.0,10.0
04/28/1998,4455.0,4455.0,4207.5,4395.6001,-59.3999,0.0,77.0
04/27/1998,4702.5,4702.5,4395.6001,4455.0,-188.1001,0.0,31.0
04/24/1998,4583.7002,4761.8999,4583.7002,4643.1001,-59.3999,0.0,39.0
04/23/1998,4702.5,4702.5,4455.0,4702.5,118.7998,0.0,46.0
04/22/1998,4583.7002,4702.5,4395.6001,4583.7002,0.0,0.0,52.0
04/21/1998,4514.3999,4702.5,4395.6001,4583.7002,0.0,0.0,28.0
04/20/1998,4643.1001,4732.2002,4455.0,4583.7002,-59.3999,0.0,32.0
04/17/1998,4583.7002,4702.5,4455.0,4643.1001,188.1001,0.0,95.0
04/16/1998,4019.3999,4514.3999,3989.7,4455.0,435.6001,0.0,179.0
04/15/1998,4049.1001,4148.1001,3960.0,4019.3999,-99.0,0.0,114.0
04/14/1998,4049.1001,4148.1001,4019.3999,4118.3999,158.3999,0.0,99.0
04/13/1998,4148.1001,4207.5,3771.8999,3960.0,-247.5,0.0,164.0
04/09/1998,4148.1001,4266.8999,4019.3999,4207.5,59.3999,0.0,71.0
04/08/1998,4207.5,4207.5,4088.7,4148.1001,0.0,0.0,24.0
04/07/1998,4395.6001,4455.0,4019.3999,4148.1001,-306.8999,0.0,186.0
04/06/1998,4455.0,4514.3999,4266.8999,4455.0,-89.1001,0.0,141.0
04/03/1998,4613.3999,4702.5,4455.0,4544.1001,-158.3999,0.0,81.0
04/02/1998,4702.5,4702.5,4514.3999,4702.5,118.7998,0.0,198.0
04/01/1998,4831.2002,5039.1001,4514.3999,4583.7002,-59.3999,0.0,190.0
03/31/1998,4890.6001,4890.6001,4455.0,4643.1001,-118.7998,0.0,74.0
03/30/1998,4831.2002,4860.8999,4702.5,4761.8999,-128.7002,0.0,21.0
03/27/1998,4920.2998,4950.0,4732.2002,4890.6001,-29.6997,0.0,36.0
03/26/1998,4890.6001,4920.2998,4831.2002,4920.2998,29.6997,0.0,11.0
03/25/1998,5078.7002,5078.7002,4831.2002,4890.6001,-118.7998,0.0,86.0
03/24/1998,4950.0,5009.3999,4831.2002,5009.3999,0.0,0.0,28.0
03/23/1998,4950.0,5009.3999,4950.0,5009.3999,0.0,0.0,24.0
03/20/1998,4950.0,5009.3999,4831.2002,5009.3999,59.3999,0.0,28.0
03/19/1998,4950.0,4950.0,4583.7002,4950.0,0.0,0.0,75.0
03/18/1998,4950.0,5138.1001,4950.0,4950.0,0.0,0.0,184.0
03/17/1998,4761.8999,5039.1001,4702.5,4950.0,59.3999,0.0,46.0
03/16/1998,5009.3999,5009.3999,4702.5,4890.6001,-118.7998,0.0,32.0
03/13/1998,4950.0,5009.3999,4831.2002,5009.3999,59.3999,0.0,50.0
03/12/1998,5078.7002,5078.7002,4761.8999,4950.0,-128.7002,0.0,152.0
03/11/1998,5197.5,5197.5,4950.0,5078.7002,0.0,0.0,113.0
03/10/1998,5138.1001,5197.5,5009.3999,5078.7002,-118.7998,0.0,55.0
03/09/1998,5197.5,5197.5,5078.7002,5197.5,59.3999,0.0,40.0
03/06/1998,5138.1001,5256.8999,5009.3999,5138.1001,0.0,0.0,48.0
03/05/1998,4950.0,5197.5,4702.5,5138.1001,59.3999,0.0,43.0
03/04/1998,5256.8999,5256.8999,5078.7002,5078.7002,-178.1997,0.0,16.0
03/03/1998,5445.0,5445.0,5197.5,5256.8999,-188.1001,0.0,25.0
03/02/1998,5445.0,5445.0,5197.5,5445.0,-59.3999,0.0,54.0
02/27/1998,5504.3999,5504.3999,4950.0,5504.3999,0.0,0.0,120.0
02/26/1998,5009.3999,5504.3999,4207.5,5504.3999,495.0,0.0,1324.0
02/25/1998,4950.0,5078.7002,4890.6001,5009.3999,178.1997,0.0,82.0
02/24/1998,4761.8999,4890.6001,4702.5,4831.2002,69.3003,0.0,29.0
02/23/1998,4950.0,5009.3999,4702.5,4761.8999,-247.5,0.0,49.0
02/20/1998,4831.2002,5009.3999,4702.5,5009.3999,118.7998,0.0,25.0
02/19/1998,5009.3999,5138.1001,4702.5,4890.6001,-59.3999,0.0,63.0
02/18/1998,5197.5,5197.5,4761.8999,4950.0,-247.5,0.0,85.0
02/17/1998,5197.5,5385.6001,5009.3999,5197.5,-59.3999,0.0,65.0
02/13/1998,5326.2002,5326.2002,5138.1001,5256.8999,-128.7002,0.0,21.0
02/12/1998,5385.6001,5385.6001,5197.5,5385.6001,0.0,0.0,51.0
02/11/1998,5385.6001,5504.3999,5326.2002,5385.6001,-59.3999,0.0,45.0
02/10/1998,5326.2002,5504.3999,5197.5,5445.0,247.5,0.0,59.0
02/09/1998,5197.5,5385.6001,5138.1001,5197.5,0.0,0.0,24.0
02/06/1998,5256.8999,5256.8999,4950.0,5197.5,0.0,0.0,81.0
02/05/1998,5445.0,5445.0,5078.7002,5197.5,-188.1001,0.0,21.0
02/04/1998,5573.7002,5692.5,5256.8999,5385.6001,-188.1001,0.0,84.0
02/03/1998,5326.2002,5573.7002,5138.1001,5573.7002,247.5,0.0,94.0
02/02/1998,5138.1001,5385.6001,4831.2002,5326.2002,247.5,0.0,113.0
01/30/1998,4831.2002,5078.7002,4702.5,5078.7002,376.2002,0.0,54.0
01/29/1998,4702.5,4702.5,4583.7002,4702.5,-59.3999,0.0,24.0
01/28/1998,4702.5,4761.8999,4583.7002,4761.8999,59.3999,0.0,24.0
01/27/1998,4702.5,4761.8999,4514.3999,4702.5,0.0,0.0,65.0
01/26/1998,4950.0,5078.7002,4544.1001,4702.5,-306.8999,0.0,91.0
01/23/1998,5197.5,5197.5,4950.0,5009.3999,0.0,0.0,34.0
01/22/1998,5138.1001,5197.5,5009.3999,5009.3999,-69.3003,0.0,45.0
01/21/1998,5573.7002,5573.7002,4890.6001,5078.7002,-118.7998,0.0,84.0
01/20/1998,5078.7002,5326.2002,5009.3999,5197.5,118.7998,0.0,61.0
01/16/1998,4831.2002,5078.7002,4643.1001,5078.7002,247.5,0.0,51.0
01/15/1998,4455.0,4831.2002,4455.0,4831.2002,316.8003,0.0,105.0
01/14/1998,4643.1001,4761.8999,4455.0,4514.3999,-69.3003,0.0,76.0
01/13/1998,4702.5,4702.5,4266.8999,4583.7002,69.3003,0.0,97.0
01/12/1998,4831.2002,4831.2002,4395.6001,4514.3999,-495.0,0.0,116.0
01/09/1998,5009.3999,5197.5,4890.6001,5009.3999,-69.3003,0.0,52.0
01/08/1998,5326.2002,5326.2002,4831.2002,5078.7002,-178.1997,0.0,116.0
01/07/1998,5256.8999,5326.2002,5197.5,5256.8999,-128.7002,0.0,12.0
01/06/1998,5256.8999,5445.0,5138.1001,5385.6001,-59.3999,0.0,46.0
01/05/1998,5445.0,5573.7002,5326.2002,5445.0,0.0,0.0,33.0
01/02/1998,5445.0,5573.7002,5326.2002,5445.0,0.0,0.0,14.0
12/31/1997,5692.5,6187.5,5326.2002,5573.7002,-118.7998,0.0,65.0
12/30/1997,5078.7002,5751.8999,4831.2002,5692.5,742.5,0.0,96.0
12/29/1997,5326.2002,5326.2002,4950.0,4950.0,-376.2002,0.0,44.0
12/26/1997,4643.1001,5326.2002,4643.1001,5326.2002,435.6001,0.0,64.0
12/24/1997,4583.7002,4890.6001,4088.7,4890.6001,495.0,0.0,144.0
12/23/1997,4583.7002,4732.2002,4266.8999,4395.6001,-306.8999,0.0,133.0
12/22/1997,4514.3999,4702.5,4336.2002,4702.5,-59.3999,0.0,99.0
12/19/1997,4702.5,4761.8999,4455.0,4761.8999,59.3999,0.0,84.0
12/18/1997,4702.5,5197.5,4455.0,4702.5,0.0,0.0,104.0
12/17/1997,5009.3999,5197.5,4514.3999,4702.5,-247.5,0.0,167.0
12/16/1997,5197.5,5197.5,4831.2002,4950.0,-247.5,0.0,110.0
12/15/1997,5138.1001,5197.5,4950.0,5197.5,0.0,0.0,72.0
12/12/1997,5256.8999,5326.2002,5078.7002,5197.5,-59.3999,0.0,44.0
12/11/1997,5385.6001,5385.6001,5009.3999,5256.8999,-128.7002,0.0,65.0
12/10/1997,5633.1001,5633.1001,5326.2002,5385.6001,-188.1001,0.0,40.0
12/09/1997,5573.7002,5692.5,5385.6001,5573.7002,-118.7998,0.0,74.0
12/08/1997,5751.8999,5821.2002,5504.3999,5692.5,118.7998,0.0,57.0
12/05/1997,5692.5,5880.6001,5385.6001,5573.7002,-118.7998,0.0,106.0
12/04/1997,5494.5,5751.8999,5385.6001,5692.5,366.2998,0.0,158.0
12/03/1997,5573.7002,5692.5,5326.2002,5326.2002,-366.2998,0.0,133.0
12/02/1997,6068.7002,6068.7002,5573.7002,5692.5,-376.2002,0.0,93.0
12/01/1997,5969.7002,6128.1001,5821.2002,6068.7002,0.0,0.0,114.0
11/28/1997,6068.7002,6128.1001,5821.2002,6068.7002,0.0,0.0,177.0
11/26/1997,5999.3999,6068.7002,5573.7002,6068.7002,128.7002,0.0,247.0
11/25/1997,6316.2002,6316.2002,5445.0,5940.0,-306.8999,0.0,279.0
11/24/1997,6375.6001,6375.6001,5999.3999,6246.8999,-69.3003,0.0,498.0
11/21/1997,6375.6001,6623.1001,6246.8999,6316.2002,188.1001,0.0,547.0
11/20/1997,5821.2002,6563.7002,5821.2002,6128.1001,554.3999,0.0,855.0
11/19/1997,5692.5,5692.5,5445.0,5573.7002,-59.3999,0.0,195.0
11/18/1997,5445.0,5633.1001,5197.5,5633.1001,247.5,0.0,234.0
11/17/1997,5326.2002,5751.8999,5256.8999,5385.6001,188.1001,0.0,215.0
11/14/1997,5138.1001,5197.5,4831.2002,5197.5,247.5,0.0,100.0
11/13/1997,5256.8999,5385.6001,4950.0,4950.0,-277.2002,0.0,114.0
11/12/1997,5326.2002,5385.6001,5138.1001,5227.2002,-158.3999,0.0,55.0
11/11/1997,5504.3999,5573.7002,5326.2002,5385.6001,-89.1001,0.0,143.0
11/10/1997,5445.0,5821.2002,5445.0,5474.7002,29.7002,0.0,297.0
11/07/1997,5197.5,5573.7002,5078.7002,5445.0,118.7998,0.0,163.0
11/06/1997,5751.8999,5821.2002,5326.2002,5326.2002,-366.2998,0.0,256.0
11/05/1997,5445.0,5692.5,5445.0,5692.5,118.7998,0.0,183.0
11/04/1997,5692.5,5751.8999,5445.0,5573.7002,-118.7998,0.0,134.0
11/03/1997,5573.7002,5751.8999,5445.0,5692.5,188.1001,0.0,226.0
10/31/1997,5692.5,5692.5,5445.0,5504.3999,-188.1001,0.0,37.0
10/30/1997,5445.0,5692.5,5256.8999,5692.5,59.3999,0.0,193.0
10/29/1997,5633.1001,5751.8999,5445.0,5633.1001,59.3999,0.0,110.0
10/28/1997,4336.2002,5573.7002,4207.5,5573.7002,495.0,0.0,343.0
10/27/1997,5633.1001,5633.1001,4950.0,5078.7002,-366.2998,0.0,204.0
10/24/1997,5385.6001,5692.5,5256.8999,5445.0,366.2998,0.0,225.0
10/23/1997,4950.0,5326.2002,4950.0,5078.7002,-247.5,0.0,258.0
10/22/1997,5197.5,5385.6001,5078.7002,5326.2002,128.7002,0.0,112.0
10/21/1997,5445.0,5445.0,5197.5,5197.5,-128.7002,0.0,55.0
10/20/1997,5326.2002,6068.7002,5138.1001,5326.2002,0.0,0.0,240.0
10/17/1997,5326.2002,5326.2002,4950.0,5326.2002,128.7002,0.0,150.0
10/16/1997,5385.6001,5385.6001,4950.0,5197.5,0.0,0.0,142.0
10/15/1997,5138.1001,5445.0,4950.0,5197.5,118.7998,0.0,150.0
10/14/1997,5078.7002,5138.1001,4950.0,5078.7002,-59.3999,0.0,75.0
10/13/1997,5197.5,5445.0,4831.2002,5138.1001,-306.8999,0.0,72.0
10/10/1997,5197.5,5504.3999,4583.7002,5445.0,366.2998,0.0,247.0
10/09/1997,5385.6001,5573.7002,4702.5,5078.7002,-118.7998,0.0,526.0
10/08/1997,4831.2002,5256.8999,4455.0,5197.5,653.3999,0.0,182.0
10/07/1997,4395.6001,4950.0,4088.7,4544.1001,277.2002,0.0,399.0
10/06/1997,4395.6001,4514.3999,4148.1001,4266.8999,-69.3003,0.0,445.0
10/03/1997,4207.5,4336.2002,4088.7,4336.2002,247.5002,0.0,61.0
10/02/1997,3960.0,4207.5,3960.0,4088.7,247.5,0.0,30.0
10/01/1997,4336.2002,4455.0,3712.5,3841.2,-554.4001,0.0,102.0
09/30/1997,3960.0,4395.6001,3653.1001,4395.6001,554.4001,0.0,90.0
09/29/1997,4088.7,4207.5,3841.2,3841.2,-366.3,0.0,35.0
09/26/1997,4395.6001,4643.1001,4148.1001,4207.5,-188.1001,0.0,53.0
09/25/1997,4336.2002,4643.1001,4207.5,4395.6001,0.0,0.0,80.0
09/24/1997,4455.0,4702.5,4395.6001,4395.6001,188.1001,0.0,51.0
09/23/1997,4455.0,4583.7002,3960.0,4207.5,-247.5,0.0,57.0
09/22/1997,4950.0,5197.5,4455.0,4455.0,-376.2002,0.0,73.0
09/19/1997,4336.2002,4950.0,4336.2002,4831.2002,495.0,0.0,171.0
09/18/1997,3841.2,4336.2002,3841.2,4336.2002,247.5002,0.0,63.0
09/17/1997,3960.0,4455.0,3960.0,4088.7,247.5,0.0,163.0
09/16/1997,3593.7,3960.0,3593.7,3841.2,69.3001,0.0,62.0
09/15/1997,3465.0,3841.2,3465.0,3771.8999,247.5,0.0,20.0
09/12/1997,3405.6001,3742.2,3405.6001,3524.3999,425.6997,0.0,23.0
09/11/1997,3346.2002,3346.2002,2970.0,3098.7002,-247.5,0.0,13.0
09/10/1997,3405.6001,3465.0,3346.2002,3346.2002,-59.3999,0.0,59.0
09/09/1997,3593.7,3593.7,3405.6001,3405.6001,-188.0999,0.0,14.0
09/08/1997,3465.0,3593.7,3405.6001,3593.7,128.7,0.0,20.0
09/05/1997,3405.6001,3593.7,3405.6001,3465.0,0.0,0.0,95.0
09/04/1997,3712.5,3712.5,3405.6001,3465.0,0.0,0.0,142.0
09/03/1997,3217.5,3960.0,3098.7002,3465.0,188.1001,0.0,93.0
09/02/1997,2663.1001,3276.8999,2663.1001,3276.8999,425.6997,0.0,27.0
08/29/1997,2722.5,3029.3999,2722.5,2851.2002,247.5,0.0,23.0
08/28/1997,2603.7002,2851.2002,2603.7002,2603.7002,-118.7998,0.0,25.0
08/27/1997,2722.5,2910.6001,2534.3999,2722.5,118.7998,0.0,13.0
08/26/1997,2603.7002,2603.7002,2603.7002,2603.7002,0.0,0.0,3.0
08/25/1997,2970.0,3098.7002,2534.3999,2603.7002,-366.2998,0.0,25.0
08/22/1997,2851.2002,2970.0,2603.7002,2970.0,118.7998,0.0,42.0
08/21/1997,2603.7002,2910.6001,2603.7002,2851.2002,188.1001,0.0,25.0
08/20/1997,2851.2002,2851.2002,2663.1001,2663.1001,-188.1001,0.0,51.0
08/19/1997,3158.1001,3276.8999,2851.2002,2851.2002,-247.5,0.0,25.0
08/18/1997,3712.5,3712.5,3098.7002,3098.7002,-178.1997,0.0,22.0
08/15/1997,3593.7,3841.2,3217.5,3276.8999,-435.6001,0.0,21.0
08/14/1997,3346.2002,3841.2,3217.5,3712.5,366.2998,0.0,58.0
08/13/1997,3098.7002,3346.2002,3098.7002,3346.2002,435.6001,0.0,32.0
08/12/1997,2970.0,2970.0,2722.5,2910.6001,59.3999,0.0,157.0
08/11/1997,2970.0,2970.0,2781.8999,2851.2002,-59.3999,0.0,25.0
08/08/1997,2970.0,3217.5,2722.5,2910.6001,-247.5,0.0,92.0
08/07/1997,2663.1001,3158.1001,2663.1001,3158.1001,188.1001,0.0,42.0
08/06/1997,3029.3999,3029.3999,2603.7002,2970.0,435.6001,0.0,3.0
08/05/1997,2603.7002,2603.7002,2534.3999,2534.3999,0.0,0.0,5.0
08/04/1997,2603.7002,2603.7002,2534.3999,2534.3999,0.0,0.0,10.0
07/31/1997,2663.1001,2663.1001,2534.3999,2534.3999,-128.7002,0.0,12.0
07/30/1997,2781.8999,2781.8999,2663.1001,2663.1001,-188.1001,0.0,15.0
07/29/1997,2851.2002,2970.0,2722.5,2851.2002,-118.7998,0.0,50.0
07/28/1997,2851.2002,2970.0,2851.2002,2970.0,118.7998,0.0,21.0
07/25/1997,2851.2002,2851.2002,2851.2002,2851.2002,0.0,0.0,3.0
07/24/1997,2851.2002,2970.0,2851.2002,2851.2002,-118.7998,0.0,21.0
07/23/1997,2851.2002,2970.0,2851.2002,2970.0,-128.7002,0.0,6.0
07/22/1997,3217.5,3217.5,2970.0,3098.7002,0.0,0.0,37.0
07/21/1997,3158.1001,3158.1001,2970.0,3098.7002,-178.1997,0.0,28.0
07/18/1997,3098.7002,3276.8999,3098.7002,3276.8999,178.1997,0.0,17.0
07/17/1997,2940.3,3128.4001,2940.3,3098.7002,188.1001,0.0,30.0
07/16/1997,2781.8999,2970.0,2781.8999,2910.6001,59.3999,0.0,82.0
07/15/1997,2970.0,2970.0,2851.2002,2851.2002,-178.1997,0.0,22.0
07/14/1997,3098.7002,3098.7002,2940.3,3029.3999,0.0,0.0,12.0
07/11/1997,2851.2002,3098.7002,2851.2002,3029.3999,306.8999,0.0,17.0
07/10/1997,2603.7002,2722.5,2475.0,2722.5,0.0,0.0,14.0
07/09/1997,2603.7002,2722.5,2475.0,2722.5,118.7998,0.0,24.0
07/08/1997,2603.7002,2603.7002,2475.0,2603.7002,188.1001,0.0,44.0
07/07/1997,2603.7002,2603.7002,2415.6001,2415.6001,-188.1001,0.0,7.0
07/03/1997,2603.7002,2603.7002,2603.7002,2603.7002,0.0,0.0,0.0
07/02/1997,2603.7002,2603.7002,2603.7002,2603.7002,247.5,0.0,2.0
07/01/1997,2603.7002,2663.1001,2356.2002,2356.2002,-366.2998,0.0,32.0
06/30/1997,2851.2002,2851.2002,2663.1001,2722.5,59.3999,0.0,11.0
06/27/1997,2851.2002,2851.2002,2663.1001,2663.1001,-59.3999,0.0,21.0
06/26/1997,2851.2002,2851.2002,2722.5,2722.5,0.0,0.0,11.0
06/25/1997,2910.6001,2910.6001,2722.5,2722.5,-247.5,0.0,7.0
06/24/1997,2910.6001,2970.0,2910.6001,2970.0,188.1001,0.0,4.0
06/23/1997,3098.7002,3098.7002,2781.8999,2781.8999,-188.1001,0.0,21.0
06/20/1997,2970.0,3029.3999,2851.2002,2970.0,118.7998,0.0,55.0
06/19/1997,2851.2002,2910.6001,2722.5,2851.2002,0.0,0.0,10.0
06/18/1997,2722.5,2851.2002,2603.7002,2851.2002,128.7002,0.0,25.0
06/17/1997,3059.0999,3059.0999,2534.3999,2722.5,0.0,0.0,15.0
06/16/1997,2475.0,2722.5,2475.0,2722.5,118.7998,0.0,8.0
06/13/1997,2603.7002,2722.5,2415.6001,2603.7002,0.0,0.0,82.0
06/12/1997,2603.7002,2603.7002,2108.7002,2603.7002,128.7002,0.0,117.0
06/11/1997,3346.2002,3346.2002,2475.0,2475.0,-871.2002,0.0,230.0
06/10/1997,3346.2002,3960.0,3346.2002,3346.2002,0.0,0.0,9.0
06/09/1997,3346.2002,3346.2002,3346.2002,3346.2002,-118.7998,0.0,1.0
06/06/1997,3465.0,3465.0,3465.0,3465.0,-495.0,0.0,3.0
06/04/1997,3960.0,3960.0,3346.2002,3960.0,613.7998,0.0,8.0
06/03/1997,3465.0,3593.7,3217.5,3346.2002,-118.7998,0.0,12.0
06/02/1997,3465.0,3465.0,3465.0,3465.0,247.5,0.0,1.0
05/30/1997,3217.5,3217.5,3217.5,3217.5,0.0,0.0,3.0
05/29/1997,2970.0,3465.0,2970.0,3217.5,495.0,0.0,18.0
05/28/1997,2603.7002,2722.5,2603.7002,2722.5,118.7998,0.0,41.0
05/27/1997,2603.7002,2603.7002,2603.7002,2603.7002,-366.2998,0.0,0.0
05/23/1997,2970.0,2970.0,2475.0,2970.0,495.0,0.0,6.0
05/22/1997,2475.0,2475.0,2475.0,2475.0,-495.0,0.0,1.0
05/20/1997,2970.0,2970.0,2970.0,2970.0,0.0,0.0,0.0
05/19/1997,2970.0,2970.0,2970.0,2970.0,-128.7002,0.0,0.0
05/16/1997,3217.5,3217.5,3098.7002,3098.7002,-118.7998,0.0,12.0
05/15/1997,3593.7,3593.7,3098.7002,3217.5,-128.7002,0.0,21.0
05/14/1997,3593.7,3593.7,3346.2002,3346.2002,-247.4998,0.0,20.0
05/13/1997,3465.0,3593.7,3296.7,3593.7,247.4998,0.0,14.0
05/12/1997,3217.5,3346.2002,3098.7002,3346.2002,247.5,0.0,8.0
05/08/1997,2970.0,3346.2002,2970.0,3098.7002,69.3003,0.0,14.0
05/07/1997,3465.0,3465.0,3029.3999,3029.3999,-69.3003,0.0,7.0
05/06/1997,2851.2002,3841.2,2722.5,3098.7002,623.7002,0.0,163.0
05/05/1997,2722.5,2851.2002,2475.0,2475.0,-376.2002,0.0,12.0
05/02/1997,2722.5,2851.2002,2722.5,2851.2002,495.0,0.0,4.0
05/01/1997,2356.2002,2603.7002,2356.2002,2356.2002,-118.7998,0.0,10.0
04/30/1997,2851.2002,2851.2002,2356.2002,2475.0,-376.2002,0.0,12.0
04/29/1997,2851.2002,2851.2002,2851.2002,2851.2002,128.7002,0.0,0.0
04/24/1997,2722.5,2742.3,2475.0,2722.5,-188.1001,0.0,15.0
04/23/1997,2851.2002,2970.0,2851.2002,2910.6001,-59.3999,0.0,16.0
04/22/1997,3098.7002,3098.7002,2970.0,2970.0,-128.7002,0.0,5.0
04/21/1997,3098.7002,3098.7002,2851.2002,3098.7002,128.7002,0.0,9.0
04/18/1997,2970.0,2970.0,2603.7002,2970.0,495.0,0.0,11.0
04/17/1997,2475.0,2475.0,2475.0,2475.0,-495.0,0.0,9.0
04/16/1997,2970.0,2970.0,2970.0,2970.0,247.5,0.0,1.0
04/15/1997,2603.7002,2970.0,2603.7002,2722.5,118.7998,0.0,9.0
04/14/1997,2663.1001,2722.5,2603.7002,2603.7002,-366.2998,0.0,16.0
04/11/1997,2970.0,2970.0,2910.6001,2970.0,247.5,0.0,8.0
04/10/1997,2722.5,2722.5,2722.5,2722.5,0.0,0.0,6.0
04/09/1997,3098.7002,3098.7002,2722.5,2722.5,0.0,0.0,12.0
04/07/1997,2722.5,3098.7002,2722.5,2722.5,0.0,0.0,14.0
04/04/1997,2970.0,2970.0,2722.5,2722.5,0.0,0.0,41.0
04/03/1997,3098.7002,3098.7002,2722.5,2722.5,-247.5,0.0,10.0
04/02/1997,2970.0,3098.7002,2851.2002,2970.0,247.5,0.0,11.0
04/01/1997,3098.7002,3098.7002,2722.5,2722.5,0.0,0.0,12.0
03/31/1997,2970.0,3128.4001,2722.5,2722.5,-247.5,0.0,11.0
03/27/1997,3098.7002,3098.7002,2970.0,2970.0,0.0,0.0,7.0
03/26/1997,3465.0,3465.0,2970.0,2970.0,0.0,0.0,21.0
03/25/1997,2970.0,3158.1001,2970.0,2970.0,247.5,0.0,28.0
03/24/1997,2722.5,2851.2002,2603.7002,2722.5,-247.5,0.0,26.0
03/21/1997,3217.5,3465.0,2722.5,2970.0,-376.2002,0.0,35.0
03/20/1997,3237.3,3375.8999,3237.3,3346.2002,-29.6997,0.0,13.0
03/19/1997,3217.5,3712.5,3217.5,3375.8999,158.3999,0.0,58.0
03/18/1997,3841.2,3841.2,3217.5,3217.5,-623.7,0.0,32.0
03/17/1997,3771.8999,3841.2,3653.1001,3841.2,247.5,0.0,8.0
03/14/1997,3841.2,3841.2,3593.7,3593.7,0.0,0.0,7.0
03/13/1997,4207.5,4207.5,3593.7,3593.7,-366.3,0.0,5.0
03/12/1997,3900.6001,3960.0,3712.5,3960.0,0.0,0.0,11.0
03/11/1997,4207.5,4207.5,3841.2,3960.0,-198.0,0.0,17.0
03/10/1997,4207.5,4207.5,4148.1001,4158.0,138.6001,0.0,13.0
03/07/1997,4019.3999,4019.3999,4019.3999,4019.3999,-128.7002,0.0,0.0
03/06/1997,3960.0,4148.1001,3841.2,4148.1001,435.6001,0.0,14.0
03/05/1997,4207.5,4207.5,3712.5,3712.5,-247.5,0.0,14.0
03/04/1997,4088.7,4088.7,3960.0,3960.0,0.0,0.0,4.0
03/03/1997,4088.7,4088.7,3712.5,3960.0,-495.0,0.0,12.0
02/28/1997,4088.7,4455.0,3960.0,4455.0,118.7998,0.0,43.0
02/27/1997,4583.7002,4583.7002,4336.2002,4336.2002,-247.5,0.0,45.0
02/26/1997,4702.5,4702.5,4455.0,4583.7002,-118.7998,0.0,17.0
02/25/1997,4088.7,4702.5,4088.7,4702.5,742.5,0.0,10.0
02/24/1997,4455.0,4455.0,3960.0,3960.0,-623.7002,0.0,56.0
02/21/1997,4336.2002,4583.7002,4336.2002,4583.7002,-89.0996,0.0,15.0
02/20/1997,4395.6001,4672.7998,4336.2002,4672.7998,89.0996,0.0,28.0
02/19/1997,4455.0,4702.5,4336.2002,4583.7002,247.5,0.0,155.0
02/18/1997,4702.5,4702.5,3960.0,4336.2002,376.2002,0.0,96.0
02/14/1997,4702.5,5197.5,3960.0,3960.0,-742.5,0.0,32.0
02/13/1997,5445.0,5445.0,4643.1001,4702.5,-990.0,0.0,13.0
02/12/1997,5692.5,5692.5,5692.5,5692.5,-128.7002,0.0,4.0
02/11/1997,6187.5,6187.5,5692.5,5821.2002,-118.7998,0.0,40.0
02/10/1997,6187.5,6187.5,5940.0,5940.0,-495.0,0.0,22.0
02/07/1997,6435.0,6435.0,6435.0,6435.0,0.0,0.0,0.0
02/06/1997,6435.0,6435.0,5880.6001,6435.0,366.2998,0.0,21.0
02/05/1997,6563.7002,6563.7002,6068.7002,6068.7002,-861.2998,0.0,10.0
02/04/1997,6682.5,6930.0,6563.7002,6930.0,-495.0,0.0,9.0
02/03/1997,7425.0,7425.0,7425.0,7425.0,990.0,0.0,0.0
01/31/1997,7365.6001,7425.0,6435.0,6435.0,-1118.7002,0.0,40.0
01/30/1997,8048.7002,8048.7002,7177.5,7553.7002,-366.2998,0.0,33.0
01/29/1997,8167.5,8167.5,7425.0,7920.0,-495.0,0.0,24.0
01/28/1997,8415.0,8791.2002,8167.5,8415.0,-376.2002,0.0,23.0
01/27/1997,9157.5,9157.5,8543.7002,8791.2002,247.5,0.0,12.0
01/24/1997,8543.7002,8543.7002,8543.7002,8543.7002,128.7002,0.0,3.0
01/23/1997,8415.0,8791.2002,8415.0,8415.0,0.0,0.0,11.0
01/22/1997,8830.7998,8830.7998,8415.0,8415.0,0.0,0.0,5.0
01/21/1997,8662.5,9038.7002,8415.0,8415.0,-495.0,0.0,15.0
01/20/1997,9405.0,9405.0,8415.0,8910.0,-247.5,0.0,21.0
01/17/1997,8603.0996,9157.5,8543.7002,9157.5,306.9004,0.0,3.0
01/15/1997,9038.7002,9098.0996,8543.7002,8850.5996,59.3994,0.0,15.0
01/14/1997,8662.5,9216.9004,8543.7002,8791.2002,128.7002,0.0,34.0
01/13/1997,8662.5,8662.5,8415.0,8662.5,0.0,0.0,8.0
01/10/1997,8662.5,8662.5,8296.2002,8662.5,613.7998,0.0,24.0
01/09/1997,8662.5,8662.5,8048.7002,8048.7002,-247.5,0.0,20.0
01/08/1997,8167.5,8415.0,8048.7002,8296.2002,247.5,0.0,53.0
01/07/1997,8415.0,8415.0,6930.0,8048.7002,-247.5,0.0,64.0
01/06/1997,8662.5,8662.5,8296.2002,8296.2002,-366.2998,0.0,5.0
01/03/1997,8306.1006,8662.5,8296.2002,8662.5,306.9004,0.0,7.0
01/02/1997,8296.2002,8355.5996,8296.2002,8355.5996,0.0,0.0,12.0
12/30/1996,8167.5,8167.5,8167.5,8167.5,0.0,0.0,2.0
12/27/1996,8167.5,8543.7002,8167.5,8167.5,0.0,0.0,12.0
12/26/1996,8543.7002,8543.7002,8167.5,8167.5,0.0,0.0,14.0
12/24/1996,8296.2002,8662.5,8167.5,8167.5,0.0,0.0,5.0
12/23/1996,8662.5,8662.5,8167.5,8167.5,-495.0,0.0,10.0
12/20/1996,9286.2002,9286.2002,8662.5,8662.5,-247.5,0.0,3.0
12/19/1996,8910.0,9286.2002,8910.0,8910.0,-376.2002,0.0,12.0
12/18/1996,9286.2002,9286.2002,8910.0,9286.2002,247.5,0.0,9.0
12/17/1996,8910.0,9286.2002,8910.0,9038.7002,128.7002,0.0,20.0
12/16/1996,9286.2002,9286.2002,8910.0,8910.0,0.0,0.0,19.0
12/13/1996,9405.0,9405.0,8910.0,8910.0,-1366.2002,0.0,10.0
12/11/1996,10395.0,10523.7002,10276.2002,10276.2002,-861.2998,0.0,11.0
12/10/1996,10523.7002,11137.5,10523.7002,11137.5,742.5,0.0,4.0
12/06/1996,11137.5,11137.5,10395.0,10395.0,-128.7002,0.0,4.0
12/05/1996,10523.7002,10523.7002,10523.7002,10523.7002,128.7002,0.0,0.0
12/04/1996,10395.0,10395.0,10395.0,10395.0,0.0,0.0,0.0
12/03/1996,10395.0,10395.0,10395.0,10395.0,0.0,0.0,1.0
12/02/1996,10395.0,10395.0,10395.0,10395.0,0.0,0.0,0.0
11/29/1996,10395.0,10395.0,10395.0,10395.0,0.0,0.0,1.0
11/25/1996,10395.0,10890.0,10395.0,10395.0,0.0,0.0,16.0
11/22/1996,10395.0,10395.0,10395.0,10395.0,-495.0,0.0,0.0
11/21/1996,10395.0,10890.0,10395.0,10890.0,495.0,0.0,12.0
11/20/1996,10395.0,10890.0,10395.0,10395.0,0.0,0.0,3.0
11/19/1996,10395.0,10395.0,10395.0,10395.0,-495.0,0.0,0.0
11/18/1996,11137.5,11137.5,10395.0,10890.0,247.5,0.0,7.0
11/15/1996,10642.5,10642.5,10642.5,10642.5,0.0,0.0,1.0
11/14/1996,11137.5,11137.5,10642.5,10642.5,0.0,0.0,1.0
11/13/1996,10642.5,10642.5,10642.5,10642.5,-495.0,0.0,0.0
11/12/1996,11137.5,11137.5,11137.5,11137.5,247.5,0.0,1.0
11/11/1996,11018.7002,11018.7002,10890.0,10890.0,-128.7002,0.0,5.0
11/08/1996,11266.2002,11266.2002,11018.7002,11018.7002,-247.5,0.0,7.0
11/07/1996,11018.7002,11266.2002,11018.7002,11266.2002,0.0,0.0,8.0
10/31/1996,11266.2002,11266.2002,11266.2002,11266.2002,-118.7998,0.0,4.0
10/30/1996,11018.7002,11385.0,11018.7002,11385.0,0.0,0.0,5.0
10/29/1996,11137.5,11385.0,11018.7002,11385.0,247.5,0.0,13.0
10/28/1996,11137.5,11137.5,11137.5,11137.5,-247.5,0.0,6.0
10/25/1996,11137.5,11385.0,11137.5,11385.0,247.5,0.0,9.0
10/24/1996,11137.5,11137.5,11137.5,11137.5,-247.5,0.0,4.0
10/23/1996,11137.5,11385.0,11137.5,11385.0,227.6992,0.0,7.0
10/22/1996,11137.5,11157.3008,11137.5,11157.3008,19.8008,0.0,8.0
10/21/1996,11385.0,11385.0,11137.5,11137.5,0.0,0.0,2.0
10/18/1996,11137.5,11137.5,11137.5,11137.5,0.0,0.0,1.0
10/17/1996,11137.5,11137.5,11137.5,11137.5,0.0,0.0,3.0
10/16/1996,11137.5,11137.5,11137.5,11137.5,0.0,0.0,0.0
10/15/1996,11137.5,11385.0,11137.5,11137.5,0.0,0.0,8.0
10/14/1996,11137.5,11137.5,11137.5,11137.5,-376.2002,0.0,3.0
10/10/1996,11137.5,11513.7002,11137.5,11513.7002,376.2002,0.0,6.0
10/09/1996,11632.5,11632.5,11137.5,11137.5,-495.0,0.0,19.0
10/04/1996,11632.5,11632.5,11513.7002,11632.5,247.5,0.0,15.0
10/03/1996,11880.0,11880.0,11385.0,11385.0,-128.7002,0.0,12.0
10/02/1996,11513.7002,11513.7002,11513.7002,11513.7002,0.0,0.0,12.0
10/01/1996,11513.7002,11513.7002,11513.7002,11513.7002,0.0,0.0,17.0
09/30/1996,11513.7002,11513.7002,11513.7002,11513.7002,-118.7998,0.0,4.0
09/27/1996,11880.0,12127.5,11513.7002,11632.5,-376.2002,0.0,12.0
09/26/1996,12008.7002,12008.7002,12008.7002,12008.7002,128.7002,0.0,3.0
09/25/1996,12068.0996,12068.0996,11880.0,11880.0,495.0,0.0,15.0
09/24/1996,12008.7002,12008.7002,11385.0,11385.0,-128.7002,0.0,4.0
09/23/1996,11513.7002,11513.7002,11513.7002,11513.7002,0.0,0.0,3.0
09/20/1996,12008.7002,12008.7002,11513.7002,11513.7002,0.0,0.0,10.0
09/19/1996,12008.7002,12008.7002,11513.7002,11513.7002,-495.0,0.0,7.0
09/18/1996,12008.7002,12008.7002,12008.7002,12008.7002,0.0,0.0,6.0
09/17/1996,11513.7002,12008.7002,11513.7002,12008.7002,495.0,0.0,12.0
09/16/1996,11513.7002,11513.7002,11513.7002,11513.7002,-118.7998,0.0,1.0
09/13/1996,11632.5,11632.5,11632.5,11632.5,0.0,0.0,8.0
09/12/1996,11632.5,11632.5,11632.5,11632.5,-247.5,0.0,3.0
09/11/1996,11632.5,11880.0,11632.5,11880.0,247.5,0.0,12.0
09/10/1996,11632.5,11632.5,11632.5,11632.5,0.0,0.0,10.0
09/09/1996,11632.5,11880.0,11632.5,11632.5,-188.0996,0.0,8.0
09/06/1996,11385.0,12127.5,11385.0,11820.5996,683.0996,0.0,74.0
09/05/1996,11632.5,11632.5,9959.4004,11137.5,0.0,0.0,32.0
09/04/1996,11385.0,11385.0,11137.5,11137.5,-247.5,0.0,7.0
09/03/1996,11385.0,11385.0,11385.0,11385.0,0.0,0.0,0.0
08/30/1996,11385.0,11385.0,11385.0,11385.0,-376.2002,0.0,5.0
08/29/1996,11761.2002,11761.2002,11761.2002,11761.2002,376.2002,0.0,1.0
08/28/1996,11385.0,11385.0,11385.0,11385.0,-435.5996,0.0,3.0
08/27/1996,11820.5996,11820.5996,11632.5,11820.5996,435.5996,0.0,25.0
08/26/1996,11820.5996,11820.5996,11385.0,11385.0,-435.5996,0.0,18.0
08/23/1996,11820.5996,11820.5996,11820.5996,11820.5996,435.5996,0.0,13.0
08/22/1996,11632.5,11850.2998,11385.0,11385.0,-336.6006,0.0,23.0
08/21/1996,11850.2998,11880.0,11385.0,11721.6006,-128.6992,0.0,44.0
08/20/1996,11632.5,11850.2998,11632.5,11850.2998,465.2998,0.0,13.0
08/19/1996,11385.0,11385.0,11385.0,11385.0,247.5,0.0,7.0
08/16/1996,11385.0,11385.0,11137.5,11137.5,-247.5,0.0,11.0
08/15/1996,11761.2002,11761.2002,11266.2002,11385.0,118.7998,0.0,12.0
08/14/1996,11018.7002,11266.2002,11018.7002,11266.2002,376.2002,0.0,4.0
08/13/1996,10890.0,10890.0,10890.0,10890.0,-495.0,0.0,10.0
08/12/1996,11385.0,11385.0,11385.0,11385.0,495.0,0.0,1.0
08/09/1996,11137.5,11137.5,10890.0,10890.0,-247.5,0.0,4.0
08/06/1996,11137.5,11137.5,11137.5,11137.5,-990.0,0.0,2.0
08/05/1996,10890.0,12127.5,10890.0,12127.5,1485.0,0.0,5.0
07/25/1996,10642.5,10642.5,10642.5,10642.5,742.5,0.0,3.0
07/24/1996,9900.0,9900.0,9900.0,9900.0,118.7998,0.0,0.0
07/17/1996,9781.2002,9781.2002,9781.2002,9781.2002,-118.7998,0.0,9.0
07/11/1996,9900.0,9900.0,9900.0,9900.0,-742.5,0.0,0.0
07/08/1996,11385.0,11385.0,10642.5,10642.5,-1237.5,0.0,11.0
07/05/1996,11385.0,11880.0,11385.0,11880.0,742.5,0.0,6.0
07/01/1996,11137.5,11137.5,11137.5,11137.5,-742.5,0.0,0.0
06/26/1996,11880.0,11880.0,11880.0,11880.0,247.5,0.0,0.0
06/25/1996,11632.5,11632.5,11632.5,11632.5,495.0,0.0,1.0
06/20/1996,11137.5,11137.5,11137.5,11137.5,-1732.5,0.0,12.0
06/11/1996,12870.0,12870.0,12870.0,12870.0,0.0,0.0,0.0
06/10/1996,11880.0,12870.0,11880.0,12870.0,1732.5,0.0,0.0
06/06/1996,11137.5,11137.5,11137.5,11137.5,-1366.2002,0.0,0.0
05/30/1996,12503.7002,12503.7002,12503.7002,12503.7002,0.0,0.0,0.0
05/29/1996,12375.0,12503.7002,11880.0,12503.7002,1118.7002,0.0,5.0
05/28/1996,10890.0,11385.0,10890.0,11385.0,495.0,0.0,8.0
05/23/1996,10890.0,10890.0,10890.0,10890.0,990.0,0.0,0.0
05/17/1996,9900.0,9900.0,9900.0,9900.0,990.0,0.0,2.0
05/13/1996,8910.0,8910.0,8910.0,8910.0,0.0,0.0,0.0
05/10/1996,8910.0,8910.0,8910.0,8910.0,-990.0,0.0,0.0
05/08/1996,9900.0,9900.0,9900.0,9900.0,247.5,0.0,0.0
05/07/1996,8415.0,9652.5,8415.0,9652.5,0.0,0.0,2.0
05/03/1996,9652.5,9652.5,9652.5,9652.5,613.7998,0.0,4.0
05/01/1996,9038.7002,9038.7002,9038.7002,9038.7002,128.7002,0.0,2.0
04/30/1996,8910.0,8910.0,8910.0,8910.0,990.0,0.0,6.0
04/17/1996,7425.0,8662.5,7425.0,7920.0,-376.2002,0.0,3.0
03/20/1996,8296.2002,8296.2002,8296.2002,8296.2002,376.2002,0.0,0.0
03/13/1996,7920.0,7920.0,7920.0,7920.0,742.5,0.0,1.0
03/05/1996,7177.5,7177.5,7177.5,7177.5,0.0,0.0,1.0
03/04/1996,7177.5,7177.5,7177.5,7177.5,0.0,0.0,0.0
03/01/1996,7177.5,7177.5,7177.5,7177.5,742.5,0.0,4.0
02/29/1996,6435.0,6435.0,6435.0,6435.0,0.0,0.0,0.0
02/26/1996,6435.0,6435.0,6435.0,6435.0,-742.5,0.0,1.0
02/21/1996,7177.5,7177.5,7177.5,7177.5,0.0,0.0,0.0
02/16/1996,7177.5,7177.5,7177.5,7177.5,0.0,0.0,0.0
02/15/1996,6435.0,7177.5,6435.0,7177.5,0.0,0.0,1.0
02/14/1996,7177.5,7177.5,7177.5,7177.5,0.0,0.0,0.0
02/13/1996,7177.5,7177.5,7177.5,7177.5,742.5,0.0,0.0
02/07/1996,6187.5,6435.0,6187.5,6435.0,-495.0,0.0,0.0
02/05/1996,6930.0,6930.0,6930.0,6930.0,247.5,0.0,0.0
01/31/1996,6930.0,6930.0,6682.5,6682.5,-247.5,0.0,9.0
01/25/1996,6930.0,6930.0,6930.0,6930.0,0.0,0.0,2.0
01/24/1996,6930.0,6930.0,6930.0,6930.0,247.5,0.0,1.0
01/19/1996,6682.5,6682.5,6682.5,6682.5,366.2998,0.0,2.0
01/18/1996,6316.2002,6316.2002,6316.2002,6316.2002,0.0,0.0,0.0
