12/31/1999,4.38,4.81,4.31,4.81,0.18,0.0,58800.0
12/30/1999,4.5,4.63,4.38,4.63,0.07,0.0,49900.0
12/29/1999,4.5,4.63,4.44,4.56,0.06,0.0,26900.0
12/28/1999,4.72,4.94,4.5,4.5,-0.25,0.0,25300.0
12/27/1999,4.5,4.75,4.44,4.75,0.19,0.0,191000.0
12/23/1999,4.38,4.69,4.38,4.56,0.18,0.0,32100.0
12/22/1999,4.44,4.5,4.38,4.38,-0.12,0.0,44000.0
12/21/1999,4.63,4.63,4.5,4.5,-0.25,0.0,38100.0
12/20/1999,4.75,5.0,4.63,4.75,0.0,0.0,17100.0
12/17/1999,4.63,5.13,4.63,4.75,0.0,0.0,59200.0
12/16/1999,4.25,4.75,4.13,4.75,0.25,0.0,53900.0
12/15/1999,4.56,4.63,4.25,4.5,-0.06,0.0,51200.0
12/14/1999,4.63,4.63,4.5,4.56,0.0,0.0,10700.0
12/13/1999,4.69,4.69,4.56,4.56,-0.13,0.0,17600.0
12/10/1999,4.5,4.69,4.38,4.69,0.19,0.0,19400.0
12/09/1999,4.63,4.69,4.5,4.5,-0.25,0.0,28400.0
12/08/1999,4.63,4.75,4.63,4.75,-0.13,0.0,21600.0
12/07/1999,4.63,4.88,4.63,4.88,0.13,0.0,16000.0
12/06/1999,4.88,4.88,4.75,4.75,-0.06,0.0,54100.0
12/03/1999,4.63,4.94,4.63,4.81,0.15,0.0,7200.0
12/02/1999,4.63,4.75,4.63,4.66,0.0,0.0,11200.0
12/01/1999,4.75,4.75,4.66,4.66,-0.28,0.0,7400.0
11/30/1999,4.63,5.0,4.56,4.94,0.19,0.0,98800.0
11/29/1999,4.75,4.75,4.66,4.75,0.06,0.0,15300.0
11/26/1999,4.63,4.69,4.63,4.69,-0.06,0.0,26200.0
11/24/1999,4.56,4.75,4.56,4.75,0.19,0.0,8200.0
11/23/1999,4.56,4.75,4.5,4.56,-0.07,0.0,27700.0
11/22/1999,4.88,4.88,4.5,4.63,-0.37,0.0,36400.0
11/19/1999,4.88,5.0,4.88,5.0,0.06,0.0,1100.0
11/18/1999,5.0,5.0,4.94,4.94,-0.06,0.0,9400.0
11/17/1999,4.97,5.13,4.97,5.0,0.06,0.0,56300.0
11/16/1999,4.94,5.06,4.88,4.94,-0.03,0.0,69400.0
11/15/1999,5.0,5.06,4.94,4.97,-0.03,0.0,15800.0
11/12/1999,4.94,5.13,4.94,5.0,0.0,0.0,5800.0
11/11/1999,4.94,5.0,4.94,5.0,0.0,0.0,5900.0
11/10/1999,4.94,5.03,4.94,5.0,-0.06,0.0,33800.0
11/09/1999,4.94,5.06,4.94,5.06,0.06,0.0,6000.0
11/08/1999,4.94,5.0,4.94,5.0,0.06,0.0,16000.0
11/05/1999,5.03,5.13,4.94,4.94,-0.06,0.0,3900.0
11/04/1999,5.13,5.13,4.94,5.0,0.03,0.0,13300.0
11/03/1999,5.06,5.06,4.94,4.97,-0.16,0.0,65100.0
11/02/1999,5.0,5.13,5.0,5.13,0.07,0.0,1400.0
11/01/1999,5.06,5.13,5.06,5.06,0.0,0.0,3800.0
10/29/1999,5.13,5.13,5.0,5.06,0.12,0.0,13100.0
10/28/1999,5.0,5.0,4.94,4.94,-0.06,0.0,2400.0
10/27/1999,5.0,5.0,5.0,5.0,-0.13,0.0,1200.0
10/26/1999,5.06,5.13,5.0,5.13,0.0,0.0,19700.0
10/25/1999,5.06,5.13,5.0,5.13,0.04,0.0,7900.0
10/22/1999,5.31,5.31,5.0,5.09,-0.29,0.0,6800.0
10/21/1999,5.44,5.63,5.25,5.38,-0.12,0.0,12500.0
10/20/1999,5.38,5.5,5.38,5.5,0.0,0.0,1700.0
10/19/1999,5.69,5.69,5.31,5.5,0.0,0.0,36700.0
10/18/1999,5.75,5.81,5.5,5.5,-0.19,0.0,18800.0
10/15/1999,5.5,5.69,5.5,5.69,0.06,0.0,20700.0
10/14/1999,5.13,5.63,5.13,5.63,0.57,0.0,39900.0
10/13/1999,5.06,5.09,5.06,5.06,-0.07,0.0,9500.0
10/12/1999,5.13,5.13,5.09,5.13,0.04,0.0,5300.0
10/11/1999,5.0,5.09,4.94,5.09,0.0,0.0,18200.0
10/08/1999,5.03,5.09,5.0,5.09,0.06,0.0,24500.0
10/07/1999,5.03,5.13,5.03,5.03,-0.06,0.0,34600.0
10/06/1999,5.06,5.09,5.0,5.09,-0.1,0.0,9400.0
10/05/1999,5.03,5.19,5.0,5.19,0.06,0.0,8500.0
10/04/1999,5.25,5.38,5.13,5.13,-0.12,0.0,15800.0
10/01/1999,5.25,5.38,5.25,5.25,-0.13,0.0,63900.0
09/30/1999,5.25,5.38,5.25,5.38,0.13,0.0,11100.0
09/29/1999,5.25,5.28,5.13,5.25,0.0,0.0,7200.0
09/28/1999,5.25,5.25,5.25,5.25,0.06,0.0,1000.0
09/27/1999,5.38,5.5,5.19,5.19,-0.44,0.0,10000.0
09/24/1999,5.44,5.63,5.44,5.63,0.07,0.0,16200.0
09/23/1999,5.75,5.75,5.5,5.56,-0.07,0.0,8300.0
09/22/1999,5.25,5.63,5.0,5.63,0.38,0.0,22100.0
09/21/1999,5.13,5.38,5.0,5.25,-0.06,0.0,4700.0
09/20/1999,5.06,5.31,5.0,5.31,0.18,0.0,33200.0
09/17/1999,5.09,5.13,5.06,5.13,-0.06,0.0,34900.0
09/16/1999,5.06,5.19,5.06,5.19,0.06,0.0,2600.0
09/15/1999,5.13,5.25,5.03,5.13,0.13,0.0,115100.0
09/14/1999,5.5,5.63,5.0,5.0,-0.5,0.0,102900.0
09/13/1999,5.56,5.56,5.5,5.5,-0.13,0.0,2000.0
09/10/1999,5.69,5.69,5.63,5.63,-0.12,0.0,8900.0
09/08/1999,5.72,5.75,5.63,5.75,0.06,0.0,173100.0
09/07/1999,5.63,5.69,5.63,5.69,-0.06,0.0,21900.0
09/03/1999,5.69,5.75,5.69,5.75,0.12,0.0,8400.0
09/02/1999,5.69,5.69,5.63,5.63,-0.12,0.0,1000.0
09/01/1999,5.94,5.94,5.75,5.75,0.0,0.0,7600.0
08/31/1999,5.81,5.88,5.69,5.75,-0.06,0.0,47000.0
08/30/1999,5.81,5.81,5.81,5.81,-0.07,0.0,5100.0
08/27/1999,5.81,5.88,5.81,5.88,0.0,0.0,5800.0
08/26/1999,5.81,5.88,5.81,5.88,0.07,0.0,14900.0
08/25/1999,5.88,5.88,5.75,5.81,0.0,0.0,88800.0
08/24/1999,5.75,5.81,5.63,5.81,0.12,0.0,95000.0
08/23/1999,5.88,5.88,5.63,5.69,-0.19,0.0,15300.0
08/20/1999,5.88,5.88,5.56,5.88,-0.06,0.0,5200.0
08/19/1999,5.75,5.94,5.69,5.94,0.19,0.0,8100.0
08/18/1999,5.69,5.75,5.56,5.75,0.06,0.0,19300.0
08/17/1999,5.69,5.69,5.69,5.69,-0.06,0.0,3100.0
08/16/1999,5.63,5.75,5.63,5.75,-0.13,0.0,22900.0
08/13/1999,5.69,5.88,5.69,5.88,0.0,0.0,4800.0
08/12/1999,6.0,6.0,5.75,5.88,0.0,0.0,7800.0
08/11/1999,6.0,6.0,5.75,5.88,-0.12,0.0,3600.0
08/10/1999,6.13,6.25,5.75,6.0,-0.25,0.0,16400.0
08/09/1999,6.38,6.5,6.25,6.25,0.25,0.0,23300.0
08/06/1999,6.19,6.31,6.0,6.0,-0.25,0.0,13500.0
08/05/1999,6.38,6.38,6.25,6.25,-0.06,0.0,17700.0
08/04/1999,6.25,6.38,6.25,6.31,0.12,0.0,42400.0
08/03/1999,6.25,6.38,6.19,6.19,-0.06,0.0,52200.0
08/02/1999,6.25,6.25,6.13,6.25,0.0,0.0,48600.0
07/30/1999,6.25,6.38,6.13,6.25,0.0,0.0,33300.0
07/29/1999,6.03,6.25,6.0,6.25,0.0,0.0,24900.0
07/28/1999,6.13,6.31,6.13,6.25,0.06,0.0,45300.0
07/27/1999,6.06,6.25,6.06,6.19,0.13,0.0,29700.0
07/26/1999,6.06,6.19,6.06,6.06,0.0,0.0,67100.0
07/23/1999,6.13,6.13,6.0,6.06,-0.07,0.0,8900.0
07/22/1999,5.88,6.13,5.88,6.13,0.07,0.0,30400.0
07/21/1999,6.09,6.13,6.0,6.06,-0.19,0.0,126800.0
07/20/1999,6.06,6.38,6.06,6.25,-0.13,0.0,54800.0
07/19/1999,6.63,6.63,6.31,6.38,-0.06,0.0,98900.0
07/16/1999,6.0,6.5,5.88,6.44,0.94,0.0,336400.0
07/15/1999,5.19,5.5,5.19,5.5,0.37,0.0,123000.0
07/14/1999,5.19,5.19,5.13,5.13,-0.06,0.0,12200.0
07/13/1999,5.13,5.19,5.06,5.19,0.06,0.0,13600.0
07/12/1999,5.09,5.19,5.09,5.13,0.0,0.0,19800.0
07/09/1999,5.06,5.13,5.06,5.13,0.0,0.0,10700.0
07/08/1999,5.0,5.13,5.0,5.13,0.1,0.0,50800.0
07/07/1999,5.13,5.13,5.03,5.03,-0.03,0.0,28700.0
07/06/1999,5.06,5.13,5.06,5.06,0.06,0.0,46900.0
07/02/1999,5.0,5.13,5.0,5.0,-0.03,0.0,22000.0
07/01/1999,5.06,5.06,5.0,5.03,0.0,0.0,38300.0
06/30/1999,5.03,5.13,5.03,5.03,0.0,0.0,18500.0
06/29/1999,5.0,5.13,5.0,5.03,0.03,0.0,9600.0
06/28/1999,5.0,5.13,5.0,5.0,-0.06,0.0,26400.0
06/25/1999,5.19,5.19,5.0,5.06,-0.07,0.0,27300.0
06/24/1999,5.06,5.13,5.06,5.13,0.07,0.0,1600.0
06/23/1999,5.13,5.13,5.06,5.06,0.06,0.0,10200.0
06/22/1999,5.0,5.19,5.0,5.0,0.0,0.0,19500.0
06/21/1999,5.0,5.13,5.0,5.0,-0.13,0.0,7600.0
06/18/1999,5.06,5.13,5.06,5.13,0.0,0.0,12700.0
06/17/1999,5.06,5.13,5.06,5.13,0.0,0.0,36900.0
06/16/1999,5.13,5.19,5.13,5.13,0.0,0.0,17800.0
06/15/1999,5.13,5.13,5.13,5.13,0.07,0.0,12100.0
06/14/1999,5.19,5.19,5.06,5.06,-0.19,0.0,10500.0
06/11/1999,5.25,5.31,5.13,5.25,-0.06,0.0,21200.0
06/10/1999,5.25,5.38,5.25,5.31,0.06,0.0,13600.0
06/09/1999,5.25,5.31,5.25,5.25,-0.19,0.0,14300.0
06/08/1999,5.44,5.44,5.25,5.44,-0.19,0.0,9900.0
06/04/1999,5.63,5.63,5.44,5.63,0.0,0.0,15900.0
06/03/1999,5.69,5.69,5.63,5.63,-0.06,0.0,3000.0
06/02/1999,5.56,5.75,5.56,5.69,0.06,0.0,97500.0
06/01/1999,5.75,5.75,5.56,5.63,-0.06,0.0,6100.0
05/28/1999,5.44,5.69,5.44,5.69,0.19,0.0,7400.0
05/27/1999,5.44,5.5,5.44,5.5,0.03,0.0,9100.0
05/26/1999,5.44,5.5,5.44,5.47,0.0,0.0,9300.0
05/25/1999,5.44,5.47,5.44,5.47,-0.09,0.0,7300.0
05/24/1999,5.44,5.56,5.44,5.56,0.0,0.0,2300.0
05/21/1999,5.44,5.56,5.44,5.56,0.12,0.0,35700.0
05/20/1999,5.44,5.5,5.44,5.44,0.0,0.0,12700.0
05/19/1999,5.44,5.5,5.44,5.44,-0.06,0.0,5900.0
05/18/1999,5.44,5.5,5.44,5.5,0.06,0.0,41600.0
05/17/1999,5.38,5.44,5.38,5.44,0.0,0.0,99900.0
05/14/1999,5.44,5.5,5.38,5.44,-0.06,0.0,35900.0
05/13/1999,5.44,5.5,5.44,5.5,0.0,0.0,9600.0
05/12/1999,5.44,5.5,5.44,5.5,0.06,0.0,6700.0
05/11/1999,5.44,5.5,5.44,5.44,0.0,0.0,25100.0
05/10/1999,5.44,5.5,5.44,5.44,0.0,0.0,132000.0
05/07/1999,5.44,5.47,5.44,5.44,-0.06,0.0,15000.0
05/06/1999,5.38,5.5,5.38,5.5,0.0,0.0,101300.0
05/05/1999,5.38,5.5,5.31,5.5,-0.06,0.0,7600.0
05/04/1999,5.31,5.56,5.31,5.56,0.25,0.0,23300.0
05/03/1999,5.31,5.41,5.31,5.31,0.0,0.0,7600.0
04/30/1999,5.31,5.63,5.31,5.31,-0.13,0.0,36200.0
04/29/1999,5.31,5.5,5.31,5.44,0.0,0.0,8100.0
04/27/1999,5.5,5.5,5.38,5.44,-0.06,0.0,41600.0
04/26/1999,5.38,5.5,5.31,5.5,0.12,0.0,64300.0
04/23/1999,5.5,5.5,5.31,5.38,-0.12,0.0,35300.0
04/22/1999,5.56,5.56,5.5,5.5,-0.13,0.0,14600.0
04/21/1999,5.38,5.63,5.38,5.63,0.0,0.0,21000.0
04/20/1999,5.31,5.63,5.31,5.63,0.32,0.0,68200.0
04/19/1999,5.38,5.44,5.31,5.31,-0.07,0.0,5100.0
04/16/1999,5.31,5.38,5.31,5.38,0.0,0.0,35500.0
04/15/1999,5.31,5.38,5.31,5.38,-0.12,0.0,71300.0
04/14/1999,5.44,5.63,5.31,5.5,0.06,0.0,82500.0
04/13/1999,5.38,5.56,5.38,5.44,0.06,0.0,49700.0
04/12/1999,5.31,5.44,5.31,5.38,0.0,0.0,52500.0
04/09/1999,5.5,5.5,5.38,5.38,0.0,0.0,9000.0
04/08/1999,5.31,5.38,5.31,5.38,0.0,0.0,23400.0
04/07/1999,5.38,5.5,5.38,5.38,-0.06,0.0,21800.0
04/06/1999,5.38,5.5,5.38,5.44,0.0,0.0,26400.0
04/05/1999,5.38,5.5,5.38,5.44,0.06,0.0,34800.0
04/01/1999,5.38,5.5,5.31,5.38,0.0,0.0,27900.0
03/31/1999,5.31,5.44,5.31,5.38,0.07,0.0,172800.0
03/30/1999,5.5,5.5,5.31,5.31,-0.07,0.0,22700.0
03/29/1999,5.31,5.5,5.31,5.38,-0.12,0.0,18100.0
03/26/1999,5.5,5.63,5.31,5.5,-0.13,0.0,29800.0
03/25/1999,5.38,5.63,5.38,5.63,0.13,0.0,31300.0
03/24/1999,5.19,5.5,5.19,5.5,0.12,0.0,19300.0
03/23/1999,5.5,5.5,5.38,5.38,0.19,0.0,11100.0
03/22/1999,5.19,5.19,5.19,5.19,-0.19,0.0,200.0
03/19/1999,5.25,5.5,5.25,5.38,0.19,0.0,41900.0
03/18/1999,5.19,5.19,5.19,5.19,-0.19,0.0,2900.0
03/17/1999,5.25,5.38,5.25,5.38,0.07,0.0,54000.0
03/16/1999,5.25,5.5,5.25,5.31,0.06,0.0,11300.0
03/15/1999,5.75,5.75,5.25,5.25,-0.06,0.0,4800.0
03/12/1999,5.75,5.81,5.25,5.31,-0.32,0.0,30200.0
03/11/1999,5.25,5.75,5.25,5.63,0.25,0.0,25000.0
03/10/1999,5.25,5.56,5.25,5.38,0.13,0.0,23200.0
03/09/1999,5.25,5.63,5.25,5.25,0.0,0.0,34200.0
03/08/1999,5.5,5.5,5.25,5.25,-0.25,0.0,7000.0
03/05/1999,5.56,5.56,5.5,5.5,-0.13,0.0,13100.0
03/04/1999,5.5,5.88,5.31,5.63,0.38,0.0,23400.0
03/03/1999,5.5,5.81,5.25,5.25,-0.19,0.0,46400.0
03/02/1999,5.5,5.5,5.38,5.44,0.19,0.0,13300.0
03/01/1999,5.5,5.5,5.25,5.25,-0.25,0.0,6100.0
02/26/1999,5.38,5.63,5.31,5.5,0.12,0.0,16400.0
02/25/1999,5.5,5.5,5.25,5.38,-0.12,0.0,10200.0
02/24/1999,5.5,5.63,5.5,5.5,0.06,0.0,27300.0
02/22/1999,5.38,5.81,5.38,5.44,-0.06,0.0,7200.0
02/19/1999,5.75,5.75,5.38,5.5,0.0,0.0,39100.0
02/18/1999,5.69,5.69,5.44,5.5,0.0,0.0,17800.0
02/17/1999,5.75,5.75,5.5,5.5,0.0,0.0,12400.0
02/16/1999,5.88,5.88,5.5,5.5,-0.19,0.0,19600.0
02/12/1999,5.69,5.69,5.69,5.69,0.06,0.0,1200.0
02/11/1999,5.88,5.88,5.63,5.63,-0.31,0.0,43800.0
02/10/1999,5.94,5.94,5.94,5.94,-0.06,0.0,16000.0
02/09/1999,6.13,6.13,5.94,6.0,0.06,0.0,8500.0
02/08/1999,6.13,6.13,5.94,5.94,-0.06,0.0,26000.0
02/05/1999,6.13,6.13,5.88,6.0,0.0,0.0,7100.0
02/04/1999,6.13,6.13,6.0,6.0,-0.13,0.0,6800.0
02/03/1999,5.88,6.13,5.88,6.13,0.0,0.0,8500.0
02/02/1999,6.44,6.44,5.94,6.13,0.07,0.0,80300.0
02/01/1999,6.0,6.25,6.0,6.06,0.06,0.0,9900.0
01/29/1999,6.13,6.13,6.0,6.0,0.0,0.0,10000.0
01/28/1999,5.81,6.0,5.75,6.0,0.06,0.0,44700.0
01/27/1999,5.75,5.94,5.75,5.94,0.06,0.0,15500.0
01/26/1999,5.88,6.0,5.75,5.88,-0.12,0.0,24900.0
01/25/1999,6.25,6.38,5.75,6.0,-0.25,0.0,26500.0
01/22/1999,6.63,6.63,6.25,6.25,-0.13,0.0,7700.0
01/21/1999,6.5,6.5,6.38,6.38,-0.25,0.0,13200.0
01/20/1999,6.63,6.75,6.5,6.63,0.13,0.0,66600.0
01/19/1999,6.63,6.75,6.25,6.5,0.0,0.0,24900.0
01/15/1999,6.38,6.5,6.25,6.5,0.25,0.0,83500.0
01/14/1999,5.56,6.38,5.56,6.25,0.69,0.0,157300.0
01/13/1999,5.63,5.75,5.5,5.56,-0.44,0.0,13000.0
01/12/1999,6.25,6.25,6.0,6.0,-0.25,0.0,2500.0
01/11/1999,6.0,6.25,6.0,6.25,0.0,0.0,4300.0
01/08/1999,6.0,6.25,6.0,6.25,0.0,0.0,22400.0
01/07/1999,6.13,6.25,6.0,6.25,0.12,0.0,6800.0
01/06/1999,6.25,6.5,6.13,6.13,-0.37,0.0,5700.0
01/05/1999,6.0,6.5,6.0,6.5,0.5,0.0,8200.0
01/04/1999,6.38,6.38,6.0,6.0,0.0,0.0,11600.0
12/31/1998,6.5,6.5,6.38,6.5,0.12,0.0,94600.0
12/30/1998,6.13,6.5,5.88,6.38,0.13,0.0,68400.0
12/29/1998,6.5,6.5,6.25,6.25,-0.13,0.0,2000.0
12/28/1998,6.0,6.5,6.0,6.38,0.13,0.0,54100.0
12/24/1998,6.13,6.44,6.13,6.25,0.0,0.0,52300.0
12/23/1998,6.0,6.25,5.88,6.25,0.0,0.0,55400.0
12/22/1998,6.0,6.25,6.0,6.25,0.25,0.0,20700.0
12/21/1998,6.0,6.25,6.0,6.0,0.0,0.0,30500.0
12/18/1998,6.0,6.25,6.0,6.0,-0.06,0.0,14700.0
12/17/1998,6.13,6.25,5.88,6.06,0.06,0.0,42200.0
12/16/1998,5.56,6.19,5.56,6.0,0.5,0.0,178700.0
12/15/1998,5.75,5.88,5.38,5.5,0.0,0.0,22100.0
12/14/1998,5.38,5.5,5.38,5.5,0.0,0.0,6800.0
12/11/1998,5.5,5.75,5.5,5.5,-0.06,0.0,31100.0
12/10/1998,5.5,5.63,5.5,5.56,0.06,0.0,24000.0
12/09/1998,5.5,5.5,5.5,5.5,0.0,0.0,3200.0
12/08/1998,5.5,6.0,5.5,5.5,0.0,0.0,58900.0
12/07/1998,5.38,5.81,5.38,5.5,0.0,0.0,35400.0
12/04/1998,5.06,5.63,5.06,5.5,0.25,0.0,39000.0
12/03/1998,5.13,5.25,5.0,5.25,0.31,0.0,91700.0
12/02/1998,5.0,5.0,4.88,4.94,-0.06,0.0,45400.0
12/01/1998,5.38,5.38,4.88,5.0,-0.25,0.0,12600.0
11/30/1998,5.0,5.25,5.0,5.25,0.25,0.0,5700.0
11/27/1998,5.0,5.0,5.0,5.0,-0.06,0.0,500.0
11/25/1998,5.38,5.38,5.06,5.06,-0.07,0.0,36100.0
11/24/1998,5.13,5.5,5.13,5.13,0.0,0.0,41800.0
11/23/1998,5.38,5.38,5.13,5.13,-0.25,0.0,84600.0
11/20/1998,5.38,5.38,5.38,5.38,0.13,0.0,4900.0
11/19/1998,4.75,5.5,4.75,5.25,0.12,0.0,67500.0
11/18/1998,5.0,5.13,4.75,5.13,0.13,0.0,10300.0
11/17/1998,5.13,5.25,5.0,5.0,-0.25,0.0,21200.0
11/16/1998,5.0,5.25,4.81,5.25,0.25,0.0,58000.0
11/13/1998,5.0,5.63,4.75,5.0,-0.25,0.0,111200.0
11/12/1998,5.06,5.25,5.06,5.25,-0.13,0.0,13700.0
11/11/1998,5.19,5.38,5.13,5.38,0.19,0.0,7300.0
11/10/1998,5.19,5.38,5.19,5.19,-0.19,0.0,19500.0
11/09/1998,5.19,5.38,5.19,5.38,0.07,0.0,6800.0
11/06/1998,5.38,5.38,5.06,5.31,0.18,0.0,26800.0
11/05/1998,5.25,5.25,5.06,5.13,0.06,0.0,3500.0
11/04/1998,5.06,5.38,5.0,5.06,-0.06,0.0,31000.0
11/03/1998,5.13,5.13,5.06,5.13,0.0,0.0,5300.0
11/02/1998,5.13,5.13,5.0,5.13,-0.25,0.0,79200.0
10/30/1998,5.13,5.38,5.13,5.38,0.25,0.0,20200.0
10/29/1998,5.13,5.38,5.13,5.13,0.0,0.0,3000.0
10/28/1998,5.25,5.38,5.13,5.13,-0.13,0.0,7800.0
10/27/1998,5.25,5.38,5.25,5.25,0.0,0.0,8300.0
10/26/1998,5.25,5.25,5.25,5.25,-0.25,0.0,2400.0
10/23/1998,5.31,5.5,5.25,5.5,0.19,0.0,1100.0
10/22/1998,5.5,5.5,5.31,5.31,-0.19,0.0,6900.0
10/21/1998,5.63,5.88,5.5,5.5,-0.25,0.0,6100.0
10/20/1998,5.63,5.75,5.56,5.75,-0.13,0.0,13800.0
10/19/1998,5.88,5.88,5.56,5.88,0.0,0.0,17800.0
10/16/1998,6.0,6.0,5.5,5.88,-0.13,0.0,25800.0
10/15/1998,5.38,6.0,5.38,6.0,0.75,0.0,121400.0
10/14/1998,5.25,5.38,5.25,5.25,0.0,0.0,13500.0
10/13/1998,5.25,5.25,5.25,5.25,0.0,0.0,400.0
10/12/1998,5.75,5.94,5.25,5.25,-0.5,0.0,7400.0
10/09/1998,4.75,5.75,4.56,5.75,1.0,0.0,85900.0
10/08/1998,5.0,5.0,4.63,4.75,-0.31,0.0,97300.0
10/07/1998,5.06,5.06,4.56,5.06,0.06,0.0,182500.0
10/06/1998,5.13,5.25,4.94,5.0,-0.13,0.0,19300.0
10/05/1998,5.38,5.38,5.13,5.13,-0.38,0.0,11000.0
10/02/1998,5.5,5.5,5.19,5.5,0.06,0.0,6200.0
10/01/1998,5.44,5.44,5.19,5.44,-0.19,0.0,2900.0
09/30/1998,5.75,5.75,5.63,5.63,-0.13,0.0,4400.0
09/29/1998,5.63,5.75,5.56,5.75,0.38,0.0,11100.0
09/28/1998,5.13,5.75,5.06,5.38,0.25,0.0,38400.0
09/25/1998,5.13,5.13,5.13,5.13,0.0,0.0,14000.0
09/24/1998,5.13,5.25,5.13,5.13,-0.25,0.0,19700.0
09/23/1998,5.25,5.38,5.25,5.38,0.0,0.0,5300.0
09/22/1998,5.38,5.5,5.06,5.38,0.0,0.0,2600.0
09/21/1998,5.25,5.5,5.06,5.38,-0.5,0.0,28000.0
09/18/1998,5.88,6.06,5.38,5.88,0.0,0.0,0.0
09/17/1998,6.06,6.06,5.38,5.88,-0.31,0.0,14700.0
09/16/1998,5.0,6.19,4.88,6.19,1.19,0.0,267600.0
09/15/1998,5.13,5.5,5.0,5.0,-0.38,0.0,16000.0
09/14/1998,5.38,5.5,5.38,5.38,0.25,0.0,34000.0
09/11/1998,5.13,5.38,4.94,5.13,0.0,0.0,18400.0
09/10/1998,5.0,5.25,4.75,5.13,0.0,0.0,82000.0
09/09/1998,5.13,5.13,5.13,5.13,-0.13,0.0,2000.0
09/08/1998,5.38,5.38,5.13,5.25,-0.13,0.0,10700.0
09/04/1998,5.38,5.44,5.25,5.38,0.0,0.0,19000.0
09/03/1998,5.13,6.38,5.0,5.38,0.25,0.0,120200.0
09/02/1998,5.0,5.63,4.75,5.13,0.13,0.0,48000.0
09/01/1998,5.0,5.25,4.88,5.0,0.0,0.0,9500.0
08/31/1998,5.38,5.38,4.88,5.0,-0.5,0.0,21800.0
08/28/1998,5.25,5.88,4.75,5.5,0.25,0.0,51200.0
08/27/1998,5.25,5.25,4.88,5.25,0.0,0.0,26200.0
08/26/1998,5.5,5.5,5.25,5.25,-0.25,0.0,41100.0
08/25/1998,5.5,5.5,5.5,5.5,-0.25,0.0,19400.0
08/24/1998,5.88,5.88,5.5,5.75,-0.13,0.0,11000.0
08/21/1998,5.88,5.88,5.63,5.88,-0.06,0.0,1500.0
08/20/1998,5.88,6.0,5.63,5.94,0.06,0.0,11300.0
08/19/1998,5.75,6.0,5.75,5.88,0.13,0.0,44700.0
08/18/1998,5.75,5.81,5.75,5.75,0.0,0.0,13300.0
08/17/1998,5.75,5.88,5.75,5.75,-0.13,0.0,44700.0
08/14/1998,5.81,5.88,5.75,5.88,0.06,0.0,6800.0
08/13/1998,5.81,5.81,5.75,5.81,-0.13,0.0,5200.0
08/12/1998,5.88,5.94,5.75,5.94,0.31,0.0,17400.0
08/11/1998,5.75,6.0,5.63,5.63,-0.13,0.0,24200.0
08/10/1998,5.75,5.94,5.69,5.75,0.0,0.0,17700.0
08/07/1998,5.81,5.88,5.63,5.75,-0.06,0.0,27300.0
08/06/1998,5.63,5.88,5.63,5.81,-0.06,0.0,64900.0
08/05/1998,5.78,5.88,5.5,5.88,0.09,0.0,5700.0
08/04/1998,5.69,6.0,5.5,5.78,-0.22,0.0,27500.0
08/03/1998,5.69,6.0,5.63,6.0,0.31,0.0,9900.0
07/31/1998,6.0,6.0,5.63,5.69,-0.06,0.0,19800.0
07/30/1998,5.81,5.88,5.75,5.75,0.13,0.0,15700.0
07/29/1998,6.0,6.13,5.63,5.63,-0.38,0.0,15900.0
07/28/1998,6.13,6.38,6.0,6.0,-0.13,0.0,4100.0
07/27/1998,6.38,6.38,6.13,6.13,-0.44,0.0,21200.0
07/24/1998,5.75,6.94,5.63,6.56,0.81,0.0,370000.0
07/23/1998,5.75,5.88,5.75,5.75,-0.06,0.0,35700.0
07/22/1998,5.63,5.81,5.5,5.81,0.31,0.0,58500.0
07/21/1998,5.5,5.63,5.38,5.5,0.13,0.0,20200.0
07/20/1998,5.38,5.44,5.38,5.38,-0.25,0.0,6600.0
07/17/1998,5.75,5.75,5.5,5.63,-0.13,0.0,29300.0
07/16/1998,6.0,6.0,5.63,5.75,-0.38,0.0,61900.0
07/15/1998,6.0,6.31,6.0,6.13,0.13,0.0,23400.0
07/14/1998,5.81,6.0,5.81,6.0,0.19,0.0,53400.0
07/13/1998,5.69,5.88,5.69,5.81,0.25,0.0,22900.0
07/10/1998,5.5,5.56,5.5,5.56,-0.06,0.0,5800.0
07/09/1998,5.63,5.63,5.5,5.63,0.31,0.0,19200.0
07/08/1998,5.25,5.63,5.25,5.31,-0.25,0.0,57700.0
07/07/1998,5.56,5.56,5.56,5.56,0.0,0.0,1200.0
07/06/1998,5.5,5.75,5.5,5.56,0.06,0.0,14500.0
07/02/1998,5.5,5.75,5.5,5.5,-0.13,0.0,33400.0
07/01/1998,5.63,5.94,5.63,5.63,-0.06,0.0,17000.0
06/30/1998,5.69,5.75,5.69,5.69,0.0,0.0,12300.0
06/29/1998,5.69,5.88,5.69,5.69,0.0,0.0,12000.0
06/26/1998,5.63,5.88,5.63,5.69,-0.19,0.0,15200.0
06/25/1998,5.75,5.88,5.75,5.88,0.13,0.0,10500.0
06/24/1998,5.75,5.88,5.75,5.75,-0.19,0.0,20300.0
06/23/1998,5.81,5.94,5.81,5.94,0.13,0.0,13200.0
06/22/1998,5.81,5.81,5.81,5.81,0.0,0.0,1000.0
06/19/1998,5.81,5.94,5.81,5.81,0.0,0.0,16400.0
06/18/1998,5.75,6.0,5.75,5.81,0.06,0.0,19800.0
06/17/1998,5.75,5.94,5.75,5.75,-0.06,0.0,54500.0
06/16/1998,5.75,5.94,5.75,5.81,0.06,0.0,16500.0
06/15/1998,5.75,6.06,5.75,5.75,-0.25,0.0,41400.0
06/12/1998,5.94,6.06,5.94,6.0,0.0,0.0,24300.0
06/11/1998,6.0,6.06,5.94,6.0,-0.06,0.0,10900.0
06/10/1998,5.88,6.06,5.88,6.06,0.19,0.0,131600.0
06/09/1998,5.88,5.94,5.88,5.88,0.0,0.0,32500.0
06/08/1998,5.75,5.94,5.75,5.88,-0.13,0.0,53700.0
06/05/1998,5.88,6.0,5.88,6.0,0.13,0.0,45900.0
06/04/1998,5.88,6.0,5.88,5.88,0.0,0.0,22400.0
06/03/1998,5.88,6.0,5.88,5.88,-0.06,0.0,17500.0
06/02/1998,6.0,6.06,5.94,5.94,0.13,0.0,74700.0
06/01/1998,5.81,5.94,5.81,5.81,-0.06,0.0,20600.0
05/29/1998,5.81,5.94,5.81,5.88,0.06,0.0,108100.0
05/28/1998,5.81,5.94,5.81,5.81,-0.06,0.0,31500.0
05/27/1998,5.81,5.94,5.81,5.88,-0.13,0.0,27900.0
05/26/1998,5.88,6.0,5.88,6.0,0.06,0.0,37000.0
05/22/1998,6.0,6.13,5.94,5.94,0.0,0.0,2300.0
05/21/1998,6.0,6.13,5.94,5.94,-0.06,0.0,21600.0
05/20/1998,6.0,6.13,6.0,6.0,0.0,0.0,13500.0
05/19/1998,5.88,6.13,5.88,6.0,0.0,0.0,43700.0
05/18/1998,6.0,6.13,6.0,6.0,-0.25,0.0,30000.0
05/15/1998,6.0,6.25,6.0,6.25,0.03,0.0,22000.0
05/14/1998,6.13,6.31,6.13,6.22,-0.03,0.0,20800.0
05/13/1998,6.13,6.38,6.13,6.25,0.13,0.0,65400.0
05/12/1998,6.0,6.44,6.0,6.13,0.06,0.0,1147600.0
05/11/1998,6.0,6.44,5.94,6.06,-0.38,0.0,213600.0
05/08/1998,6.44,6.63,6.44,6.44,0.0,0.0,11800.0
05/07/1998,6.19,6.63,6.19,6.44,0.25,0.0,113800.0
05/06/1998,6.0,6.38,5.63,6.19,-0.19,0.0,120600.0
05/05/1998,6.13,6.44,6.13,6.38,0.0,0.0,262900.0
05/04/1998,6.31,6.44,6.31,6.38,-0.06,0.0,23900.0
05/01/1998,6.31,6.5,6.31,6.44,-0.06,0.0,192800.0
04/30/1998,6.38,6.63,6.38,6.5,0.0,0.0,116000.0
04/29/1998,6.5,6.75,6.5,6.5,-0.13,0.0,61500.0
04/28/1998,7.0,7.13,6.63,6.63,-0.25,0.0,118900.0
04/27/1998,7.0,7.31,6.88,6.88,-0.38,0.0,95900.0
04/24/1998,7.88,7.94,7.25,7.25,-0.38,0.0,91000.0
04/23/1998,6.63,7.69,6.38,7.63,1.0,0.0,415700.0
04/22/1998,6.25,6.63,6.25,6.63,0.25,0.0,60200.0
04/21/1998,6.25,6.5,6.25,6.38,0.13,0.0,138700.0
04/20/1998,6.25,6.56,6.25,6.25,-0.13,0.0,24900.0
04/17/1998,6.38,6.63,6.38,6.38,-0.25,0.0,10500.0
04/16/1998,6.44,6.63,6.44,6.63,0.0,0.0,38400.0
04/15/1998,6.63,6.75,6.63,6.63,0.0,0.0,9600.0
04/14/1998,6.63,6.75,6.63,6.63,-0.06,0.0,20000.0
04/13/1998,6.63,6.88,6.63,6.69,-0.06,0.0,16300.0
04/09/1998,6.75,6.88,6.75,6.75,-0.13,0.0,8200.0
04/08/1998,6.63,6.88,6.63,6.88,0.06,0.0,21800.0
04/07/1998,6.63,6.81,6.63,6.81,0.19,0.0,100500.0
04/06/1998,6.5,6.69,6.5,6.63,0.0,0.0,4500.0
04/03/1998,6.5,6.75,6.5,6.63,-0.13,0.0,25000.0
04/02/1998,6.5,6.75,6.5,6.75,0.25,0.0,35700.0
04/01/1998,6.5,6.88,6.5,6.5,-0.13,0.0,34300.0
03/31/1998,6.5,6.88,6.5,6.63,-0.19,0.0,66900.0
03/30/1998,6.25,6.81,6.25,6.81,0.31,0.0,61500.0
03/27/1998,6.19,6.5,6.19,6.5,0.25,0.0,36700.0
03/26/1998,6.19,6.25,6.19,6.25,0.06,0.0,11700.0
03/25/1998,6.0,6.38,6.0,6.19,0.31,0.0,61000.0
03/24/1998,6.0,6.38,5.88,5.88,-0.38,0.0,55500.0
03/23/1998,6.13,6.38,6.13,6.25,0.0,0.0,18100.0
03/20/1998,6.0,6.5,6.0,6.25,0.25,0.0,73000.0
03/19/1998,6.0,6.19,5.88,6.0,-0.13,0.0,34400.0
03/18/1998,5.38,6.19,5.25,6.13,0.81,0.0,2037600.0
03/17/1998,5.25,5.31,5.25,5.31,0.06,0.0,2600.0
03/16/1998,5.38,5.38,5.25,5.25,-0.06,0.0,69900.0
03/13/1998,5.13,5.38,5.13,5.31,0.0,0.0,107400.0
03/12/1998,5.0,5.38,5.0,5.31,0.19,0.0,61100.0
03/11/1998,5.0,5.19,5.0,5.13,0.0,0.0,51100.0
03/10/1998,5.13,5.13,5.0,5.13,0.19,0.0,68900.0
03/09/1998,4.94,5.0,4.94,4.94,0.0,0.0,7100.0
03/06/1998,5.0,5.06,4.81,4.94,-0.13,0.0,53900.0
03/05/1998,5.0,5.13,5.0,5.06,0.0,0.0,20100.0
03/04/1998,5.06,5.25,5.06,5.06,0.0,0.0,15600.0
03/03/1998,5.0,5.25,5.0,5.06,-0.13,0.0,55000.0
03/02/1998,5.0,5.19,5.0,5.19,0.19,0.0,73600.0
02/27/1998,5.0,5.38,5.0,5.0,-0.25,0.0,54800.0
02/26/1998,5.19,5.38,5.19,5.25,-0.13,0.0,60100.0
02/25/1998,5.38,5.38,5.19,5.38,0.0,0.0,15300.0
02/24/1998,5.06,5.38,5.06,5.38,0.19,0.0,58100.0
02/23/1998,5.13,5.19,5.13,5.19,0.0,0.0,83700.0
02/20/1998,5.25,5.25,5.13,5.19,-0.13,0.0,33800.0
02/19/1998,5.25,5.38,5.19,5.31,0.13,0.0,98500.0
02/18/1998,5.13,5.38,5.13,5.19,0.0,0.0,37600.0
02/17/1998,5.38,5.38,5.13,5.19,0.06,0.0,74100.0
02/13/1998,5.5,5.5,5.13,5.13,-0.25,0.0,103400.0
02/12/1998,5.38,5.56,5.0,5.38,-0.13,0.0,163300.0
02/11/1998,5.63,5.63,5.38,5.5,0.06,0.0,32800.0
02/10/1998,5.44,5.5,5.44,5.44,0.0,0.0,37800.0
02/09/1998,5.5,5.63,5.44,5.44,-0.06,0.0,38500.0
02/06/1998,5.5,5.5,5.44,5.5,0.0,0.0,34200.0
02/05/1998,5.5,5.5,5.38,5.5,0.06,0.0,60200.0
02/04/1998,5.56,5.56,5.38,5.44,-0.13,0.0,33600.0
02/03/1998,5.5,5.56,5.38,5.56,0.06,0.0,53800.0
02/02/1998,5.5,5.56,5.38,5.5,0.0,0.0,29200.0
01/30/1998,5.44,5.56,5.38,5.5,-0.06,0.0,13700.0
01/29/1998,5.44,5.56,5.38,5.56,0.13,0.0,11600.0
01/28/1998,5.5,5.56,5.44,5.44,-0.13,0.0,25300.0
01/27/1998,5.31,5.56,5.31,5.56,0.19,0.0,1343700.0
01/26/1998,5.38,5.38,5.25,5.38,0.13,0.0,59100.0
01/23/1998,5.31,5.38,5.25,5.25,-0.13,0.0,78000.0
01/22/1998,5.5,5.5,5.31,5.38,0.06,0.0,13600.0
01/21/1998,5.38,5.5,5.31,5.31,-0.19,0.0,128500.0
01/20/1998,5.31,5.5,5.31,5.5,0.19,0.0,124500.0
01/16/1998,5.25,5.44,5.25,5.31,0.03,0.0,193500.0
01/15/1998,5.13,5.38,5.06,5.28,0.09,0.0,256900.0
01/14/1998,5.13,5.25,5.13,5.19,-0.19,0.0,33100.0
01/13/1998,5.38,5.38,5.13,5.38,0.13,0.0,13700.0
01/12/1998,5.25,5.25,5.0,5.25,0.13,0.0,21500.0
01/09/1998,5.38,5.38,5.13,5.13,-0.25,0.0,21200.0
01/08/1998,5.5,5.5,5.25,5.38,0.06,0.0,37600.0
01/07/1998,5.5,5.5,5.25,5.31,-0.06,0.0,15500.0
01/06/1998,5.44,5.5,5.38,5.38,-0.13,0.0,46500.0
01/05/1998,5.13,5.5,5.13,5.5,0.31,0.0,63600.0
01/02/1998,5.5,5.5,5.13,5.19,0.0,0.0,12600.0
12/31/1997,5.63,5.63,5.38,5.38,-0.13,0.0,94800.0
12/30/1997,5.44,5.63,5.44,5.5,0.13,0.0,36100.0
12/29/1997,5.25,5.5,5.25,5.38,-0.06,0.0,25500.0
12/26/1997,5.38,5.5,5.25,5.44,0.0,0.0,38000.0
12/24/1997,5.25,5.63,5.13,5.44,0.19,0.0,91400.0
12/23/1997,5.0,5.25,5.0,5.25,0.06,0.0,63000.0
12/22/1997,5.19,5.38,5.13,5.19,-0.06,0.0,106100.0
12/19/1997,5.19,5.25,5.13,5.25,0.06,0.0,55800.0
12/18/1997,5.19,5.25,5.13,5.19,-0.06,0.0,33600.0
12/17/1997,5.0,5.25,5.0,5.25,0.25,0.0,132800.0
12/16/1997,4.81,5.0,4.81,5.0,0.13,0.0,123800.0
12/15/1997,4.75,4.88,4.75,4.88,0.09,0.0,22600.0
12/12/1997,4.81,4.88,4.63,4.78,0.03,0.0,47900.0
12/11/1997,4.88,4.88,4.75,4.75,-0.25,0.0,15500.0
12/10/1997,5.0,5.13,4.88,5.0,0.0,0.0,63300.0
12/09/1997,5.13,5.13,5.0,5.0,-0.31,0.0,36700.0
12/08/1997,5.38,5.44,5.25,5.31,0.0,0.0,27300.0
12/05/1997,5.25,5.38,5.13,5.31,0.0,0.0,32800.0
12/04/1997,5.06,5.31,5.0,5.31,0.25,0.0,165200.0
12/03/1997,5.13,5.13,5.0,5.06,-0.06,0.0,65500.0
12/02/1997,5.06,5.13,4.88,5.13,0.0,0.0,133700.0
12/01/1997,5.13,5.31,5.0,5.13,0.0,0.0,27800.0
11/28/1997,5.13,5.38,5.13,5.13,0.0,0.0,16600.0
11/26/1997,5.13,5.38,5.13,5.13,0.06,0.0,22100.0
11/25/1997,5.25,5.25,5.0,5.06,-0.19,0.0,19100.0
11/24/1997,5.13,5.25,5.13,5.25,0.13,0.0,25100.0
11/21/1997,5.13,5.25,5.13,5.13,0.0,0.0,18300.0
11/20/1997,5.13,5.25,5.13,5.13,-0.13,0.0,36100.0
11/19/1997,5.19,5.44,5.13,5.25,0.13,0.0,41400.0
11/18/1997,5.38,5.5,5.13,5.13,-0.13,0.0,23400.0
11/17/1997,5.63,5.63,5.25,5.25,0.0,0.0,34800.0
11/14/1997,5.0,5.38,4.88,5.25,0.38,0.0,158100.0
11/13/1997,5.0,5.13,4.88,4.88,-0.25,0.0,8700.0
11/12/1997,5.0,5.13,5.0,5.13,0.13,0.0,17600.0
11/11/1997,5.13,5.19,5.0,5.0,-0.19,0.0,63200.0
11/10/1997,5.0,5.25,5.0,5.19,0.19,0.0,31600.0
11/07/1997,5.25,5.31,4.75,5.0,-0.25,0.0,195600.0
11/06/1997,5.13,5.25,5.13,5.25,0.06,0.0,32600.0
11/05/1997,5.25,5.38,5.13,5.19,-0.06,0.0,33900.0
11/04/1997,5.25,5.5,5.25,5.25,-0.25,0.0,6200.0
11/03/1997,5.38,5.5,5.25,5.5,0.13,0.0,30500.0
10/31/1997,5.25,6.0,5.13,5.38,0.25,0.0,37100.0
10/30/1997,5.13,5.38,5.13,5.13,-0.06,0.0,26800.0
10/29/1997,5.13,5.38,5.13,5.19,0.06,0.0,59400.0
10/28/1997,5.13,5.38,5.0,5.13,-0.13,0.0,43800.0
10/27/1997,5.25,5.38,5.25,5.25,0.0,0.0,40100.0
10/24/1997,5.25,5.38,5.25,5.25,0.0,0.0,7100.0
10/23/1997,5.25,5.38,5.25,5.25,-0.13,0.0,5400.0
10/22/1997,5.25,5.38,5.13,5.38,0.13,0.0,165200.0
10/21/1997,5.5,5.5,5.25,5.25,-0.25,0.0,26200.0
10/20/1997,5.63,5.63,5.41,5.5,-0.06,0.0,171400.0
10/17/1997,5.75,5.88,5.5,5.56,-0.19,0.0,76900.0
10/16/1997,6.0,6.13,5.75,5.75,-0.38,0.0,138400.0
10/15/1997,6.44,6.44,5.88,6.13,-0.06,0.0,161600.0
10/14/1997,6.19,6.44,6.19,6.19,0.0,0.0,15000.0
10/13/1997,6.31,6.44,6.19,6.19,-0.06,0.0,43700.0
10/10/1997,6.38,6.5,6.25,6.25,-0.25,0.0,32000.0
10/09/1997,6.38,6.5,6.38,6.5,0.0,0.0,34400.0
10/08/1997,6.44,6.5,6.38,6.5,0.13,0.0,22300.0
10/07/1997,6.5,6.5,6.38,6.38,0.0,0.0,23600.0
10/06/1997,6.44,6.5,6.38,6.38,-0.13,0.0,51800.0
10/03/1997,6.5,6.5,6.38,6.5,0.13,0.0,63900.0
10/02/1997,6.38,6.5,6.38,6.38,0.0,0.0,25800.0
10/01/1997,6.5,6.63,6.38,6.38,-0.25,0.0,32700.0
09/30/1997,6.69,6.88,6.63,6.63,-0.13,0.0,43300.0
09/29/1997,6.88,6.88,6.75,6.75,-0.13,0.0,4200.0
09/26/1997,6.63,6.88,6.63,6.88,0.13,0.0,5200.0
09/25/1997,6.63,6.88,6.63,6.75,-0.13,0.0,18500.0
09/24/1997,6.88,7.0,6.63,6.88,0.0,0.0,92000.0
09/23/1997,6.88,6.88,6.63,6.88,0.0,0.0,30900.0
09/22/1997,6.63,6.88,6.63,6.88,0.13,0.0,53900.0
09/19/1997,6.69,6.88,6.69,6.75,0.06,0.0,87800.0
09/18/1997,6.69,6.88,6.69,6.69,-0.06,0.0,20400.0
09/17/1997,6.63,6.88,6.63,6.75,0.19,0.0,35600.0
09/16/1997,6.69,6.75,6.5,6.56,-0.06,0.0,40300.0
09/15/1997,7.0,7.0,6.5,6.63,-0.25,0.0,41900.0
09/12/1997,6.75,7.0,6.75,6.88,0.0,0.0,20200.0
09/11/1997,7.0,7.0,6.75,6.88,-0.06,0.0,43200.0
09/10/1997,6.75,7.0,6.75,6.94,0.13,0.0,27300.0
09/09/1997,6.88,7.0,6.75,6.81,0.0,0.0,51800.0
09/08/1997,6.81,7.0,6.75,6.81,0.06,0.0,69000.0
09/05/1997,6.88,7.13,6.75,6.75,-0.13,0.0,24800.0
09/04/1997,6.88,7.0,6.88,6.88,0.0,0.0,22800.0
09/03/1997,7.13,7.13,6.88,6.88,0.0,0.0,12700.0
09/02/1997,6.88,7.0,6.88,6.88,0.0,0.0,8000.0
08/29/1997,7.0,7.13,6.88,6.88,0.0,0.0,43100.0
08/28/1997,7.0,7.0,6.88,6.88,-0.13,0.0,73300.0
08/27/1997,6.75,7.0,6.75,7.0,0.13,0.0,9800.0
08/26/1997,6.88,7.0,6.63,6.88,0.25,0.0,36500.0
08/25/1997,6.75,6.88,6.38,6.63,0.0,0.0,20800.0
08/22/1997,6.5,6.63,6.38,6.63,0.13,0.0,10100.0
08/21/1997,6.5,6.63,6.5,6.5,0.0,0.0,18800.0
08/20/1997,6.5,6.88,6.5,6.5,0.13,0.0,6800.0
08/19/1997,6.5,6.63,6.25,6.38,-0.06,0.0,51800.0
08/18/1997,6.5,6.5,6.38,6.44,-0.19,0.0,11500.0
08/15/1997,6.63,6.63,6.5,6.63,0.0,0.0,31000.0
08/14/1997,6.63,7.0,6.63,6.63,0.0,0.0,7900.0
08/13/1997,7.0,7.0,6.63,6.63,-0.38,0.0,21600.0
08/12/1997,7.0,7.25,6.75,7.0,0.0,0.0,46900.0
08/11/1997,6.88,7.38,6.75,7.0,0.13,0.0,74200.0
08/08/1997,6.75,6.88,6.75,6.88,0.0,0.0,36800.0
08/07/1997,6.75,7.0,6.75,6.88,-0.13,0.0,14900.0
08/06/1997,6.75,7.0,6.75,7.0,0.38,0.0,62100.0
08/05/1997,6.75,6.88,6.63,6.63,-0.25,0.0,16000.0
08/04/1997,6.63,6.88,6.63,6.88,0.0,0.0,127600.0
08/01/1997,6.75,6.88,6.5,6.88,0.25,0.0,31700.0
07/31/1997,6.75,6.88,6.5,6.63,0.0,0.0,47600.0
07/30/1997,6.63,6.63,6.63,6.63,0.13,0.0,5400.0
07/29/1997,5.88,6.63,5.88,6.5,0.5,0.0,47600.0
07/28/1997,6.0,6.13,5.75,6.0,0.13,0.0,33300.0
07/25/1997,6.0,6.0,5.75,5.88,0.13,0.0,7200.0
07/24/1997,6.0,6.0,5.75,5.75,0.0,0.0,36200.0
07/23/1997,6.0,6.0,5.75,5.75,-0.13,0.0,73300.0
07/22/1997,5.94,6.06,5.88,5.88,-0.13,0.0,6400.0
07/21/1997,5.88,6.06,5.75,6.0,0.06,0.0,39900.0
07/18/1997,6.0,6.25,5.75,5.94,-0.19,0.0,154000.0
07/17/1997,6.38,6.88,6.13,6.13,-0.25,0.0,162700.0
07/16/1997,6.31,6.63,6.25,6.38,0.0,0.0,164500.0
07/15/1997,6.38,6.38,6.25,6.38,0.0,0.0,69700.0
07/14/1997,6.06,6.38,6.06,6.38,0.13,0.0,82500.0
07/11/1997,6.38,6.38,6.0,6.25,-0.13,0.0,7000.0
07/10/1997,6.63,6.63,6.0,6.38,0.13,0.0,57300.0
07/09/1997,6.63,6.63,6.25,6.25,-0.38,0.0,7600.0
07/08/1997,6.25,6.63,6.25,6.63,0.38,0.0,2000.0
07/07/1997,6.25,6.5,6.13,6.25,0.06,0.0,94800.0
07/03/1997,6.38,6.38,6.13,6.19,0.13,0.0,66300.0
07/02/1997,6.25,6.5,6.0,6.06,-0.44,0.0,44300.0
07/01/1997,6.5,6.5,6.13,6.5,0.13,0.0,89300.0
06/30/1997,6.25,6.5,6.25,6.38,0.13,0.0,157300.0
06/27/1997,6.63,6.63,6.25,6.25,0.0,0.0,68000.0
06/26/1997,6.38,6.5,6.25,6.25,-0.13,0.0,88200.0
06/25/1997,6.25,6.38,5.63,6.38,0.13,0.0,67700.0
06/24/1997,6.38,6.38,6.13,6.25,0.13,0.0,25700.0
06/23/1997,6.38,6.38,6.13,6.13,0.0,0.0,148900.0
06/20/1997,6.25,6.38,6.13,6.13,0.0,0.0,62200.0
06/19/1997,6.13,6.25,6.0,6.13,-0.13,0.0,91800.0
06/18/1997,6.75,6.88,6.25,6.25,-0.5,0.0,28200.0
06/17/1997,7.0,7.0,6.5,6.75,0.25,0.0,45100.0
06/16/1997,6.63,6.88,6.5,6.5,-0.13,0.0,47800.0
06/13/1997,6.75,7.0,6.63,6.63,-0.31,0.0,42800.0
06/12/1997,6.63,7.0,6.5,6.94,-0.06,0.0,73300.0
06/11/1997,6.38,7.0,6.0,7.0,1.0,0.0,85600.0
06/10/1997,6.38,6.38,6.0,6.0,-0.25,0.0,130400.0
06/09/1997,6.13,6.38,6.0,6.25,0.0,0.0,26600.0
06/06/1997,6.13,6.25,6.0,6.25,0.25,0.0,16500.0
06/05/1997,6.0,6.25,6.0,6.0,0.0,0.0,21300.0
06/04/1997,6.0,6.25,6.0,6.0,-0.06,0.0,4200.0
06/03/1997,6.0,6.25,5.88,6.06,0.19,0.0,37100.0
06/02/1997,5.88,6.13,5.88,5.88,-0.25,0.0,3300.0
05/30/1997,5.88,6.13,5.88,6.13,0.0,0.0,31000.0
05/29/1997,6.13,6.25,5.88,6.13,-0.25,0.0,28500.0
05/28/1997,6.38,6.5,6.25,6.38,0.0,0.0,41000.0
05/27/1997,6.38,6.63,6.25,6.38,0.0,0.0,15100.0
05/23/1997,6.38,6.63,6.25,6.38,0.0,0.0,34500.0
05/22/1997,6.38,6.38,6.25,6.38,0.19,0.0,28300.0
05/21/1997,6.25,6.38,6.0,6.19,-0.19,0.0,14100.0
05/20/1997,6.25,6.38,6.13,6.38,0.0,0.0,15700.0
05/19/1997,6.25,6.5,6.13,6.38,0.0,0.0,20200.0
05/16/1997,6.5,6.5,6.25,6.38,0.13,0.0,4500.0
05/15/1997,6.5,6.5,6.25,6.25,-0.25,0.0,7400.0
05/14/1997,6.25,6.5,6.25,6.5,0.13,0.0,35300.0
05/13/1997,6.38,6.5,6.25,6.38,0.13,0.0,187100.0
05/12/1997,6.5,6.5,6.25,6.25,-0.13,0.0,77400.0
05/09/1997,6.25,6.38,6.13,6.38,0.25,0.0,38500.0
05/08/1997,6.13,6.38,6.13,6.13,-0.13,0.0,70500.0
05/07/1997,6.38,6.38,6.0,6.25,-0.13,0.0,12100.0
05/06/1997,5.88,6.38,5.75,6.38,0.38,0.0,89400.0
05/05/1997,5.13,6.0,5.13,6.0,0.75,0.0,109700.0
05/02/1997,5.06,5.25,5.06,5.25,0.19,0.0,40300.0
05/01/1997,5.06,5.25,5.06,5.06,0.0,0.0,23300.0
04/30/1997,5.13,5.25,5.06,5.06,-0.06,0.0,83600.0
04/29/1997,5.13,5.25,5.13,5.13,0.0,0.0,62000.0
04/28/1997,5.13,5.25,5.13,5.13,0.0,0.0,26400.0
04/25/1997,5.25,5.25,5.13,5.13,0.0,0.0,34800.0
04/24/1997,5.25,5.25,5.06,5.13,0.06,0.0,66600.0
04/23/1997,5.25,5.25,5.0,5.06,-0.19,0.0,564900.0
04/22/1997,5.13,5.38,5.13,5.25,-0.13,0.0,48900.0
04/21/1997,5.25,5.38,5.0,5.38,0.25,0.0,39900.0
04/18/1997,5.25,5.38,5.0,5.13,0.0,0.0,220900.0
04/17/1997,5.38,5.5,5.13,5.13,0.0,0.0,86600.0
04/16/1997,5.38,5.5,5.13,5.13,-0.13,0.0,69200.0
04/15/1997,5.5,5.5,5.13,5.25,-0.25,0.0,85300.0
04/14/1997,5.13,5.5,5.0,5.5,0.38,0.0,296000.0
04/11/1997,5.25,5.5,5.13,5.13,-0.13,0.0,148000.0
04/10/1997,5.5,5.5,5.25,5.25,0.0,0.0,41700.0
04/09/1997,5.5,5.5,5.25,5.25,0.0,0.0,131700.0
04/08/1997,5.5,5.5,5.25,5.25,-0.25,0.0,43900.0
04/07/1997,5.5,5.5,5.25,5.5,0.25,0.0,25300.0
04/04/1997,5.25,5.38,5.25,5.25,0.0,0.0,14900.0
04/03/1997,5.38,5.38,5.25,5.25,-0.13,0.0,6200.0
04/02/1997,5.63,5.63,5.38,5.38,0.0,0.0,24100.0
04/01/1997,5.38,5.63,5.25,5.38,-0.25,0.0,24300.0
03/31/1997,5.69,5.69,5.13,5.63,-0.13,0.0,61500.0
03/27/1997,5.75,5.75,5.38,5.75,0.0,0.0,20400.0
03/26/1997,5.5,5.75,5.5,5.75,0.25,0.0,4900.0
03/25/1997,5.38,5.75,5.38,5.5,0.0,0.0,15900.0
03/24/1997,5.63,5.75,5.38,5.5,-0.13,0.0,23300.0
03/21/1997,5.38,5.63,5.38,5.63,0.0,0.0,20800.0
03/20/1997,5.63,5.63,5.13,5.63,0.38,0.0,106700.0
03/19/1997,5.63,5.63,5.25,5.25,-0.13,0.0,113200.0
03/18/1997,5.75,5.88,5.38,5.38,-0.38,0.0,131100.0
03/17/1997,5.75,5.75,5.38,5.75,0.38,0.0,15000.0
03/14/1997,5.38,5.75,5.38,5.38,0.0,0.0,21100.0
03/13/1997,5.5,5.63,5.38,5.38,-0.5,0.0,39800.0
03/12/1997,5.88,5.88,5.63,5.88,0.13,0.0,7800.0
03/11/1997,5.75,5.88,5.63,5.75,0.0,0.0,35600.0
03/10/1997,5.5,5.75,5.13,5.75,0.75,0.0,95200.0
03/07/1997,5.63,5.88,5.0,5.0,-0.63,0.0,144600.0
03/06/1997,5.63,5.88,5.63,5.63,0.0,0.0,29200.0
03/05/1997,5.75,5.88,5.5,5.63,0.0,0.0,6900.0
03/04/1997,5.25,5.63,5.25,5.63,0.13,0.0,49300.0
03/03/1997,5.5,5.63,5.25,5.5,-0.13,0.0,63000.0
02/28/1997,5.88,5.88,5.63,5.63,-0.25,0.0,37400.0
02/27/1997,5.88,5.88,5.63,5.88,0.0,0.0,20600.0
02/26/1997,6.0,6.0,5.5,5.88,0.13,0.0,7000.0
02/25/1997,6.0,6.0,5.69,5.75,-0.13,0.0,17700.0
02/24/1997,5.63,6.0,5.63,5.88,0.13,0.0,4700.0
02/21/1997,5.63,6.0,5.63,5.75,0.13,0.0,90400.0
02/20/1997,5.88,5.88,5.63,5.63,0.0,0.0,105800.0
02/19/1997,5.75,5.88,5.63,5.63,-0.13,0.0,5400.0
02/18/1997,5.94,6.13,5.75,5.75,-0.19,0.0,19100.0
02/14/1997,6.0,6.06,5.94,5.94,-0.06,0.0,30100.0
02/13/1997,5.94,6.25,5.94,6.0,0.06,0.0,21700.0
02/12/1997,6.0,6.25,5.94,5.94,-0.19,0.0,93800.0
02/11/1997,6.0,6.25,6.0,6.13,-0.13,0.0,27700.0
02/10/1997,5.63,6.25,5.63,6.25,0.38,0.0,126300.0
02/07/1997,5.63,5.88,5.63,5.88,0.0,0.0,11500.0
02/06/1997,5.5,5.88,5.5,5.88,0.25,0.0,10800.0
02/05/1997,5.75,5.88,5.63,5.63,-0.13,0.0,22500.0
02/04/1997,6.0,6.0,5.75,5.75,0.0,0.0,9000.0
02/03/1997,6.0,6.0,5.63,5.75,0.0,0.0,16800.0
01/31/1997,5.88,6.0,5.63,5.75,-0.13,0.0,21500.0
01/30/1997,5.75,5.88,5.75,5.88,0.13,0.0,22100.0
01/29/1997,5.75,6.0,5.63,5.75,-0.25,0.0,42300.0
01/28/1997,6.0,6.0,5.75,6.0,0.19,0.0,13300.0
01/27/1997,5.63,6.25,5.63,5.81,-0.06,0.0,92000.0
01/24/1997,5.88,5.88,5.63,5.88,0.0,0.0,33900.0
01/23/1997,5.88,5.88,5.69,5.88,0.13,0.0,56300.0
01/22/1997,5.75,5.88,5.63,5.75,0.06,0.0,118600.0
01/21/1997,5.63,5.75,5.5,5.69,0.06,0.0,190600.0
01/20/1997,5.5,5.63,5.5,5.63,0.0,0.0,227500.0
01/17/1997,5.5,5.88,5.5,5.63,0.13,0.0,848400.0
01/16/1997,6.38,6.38,5.5,5.5,-0.88,0.0,611400.0
01/15/1997,7.13,7.13,6.13,6.38,-1.0,0.0,543200.0
01/14/1997,7.0,7.38,7.0,7.38,0.38,0.0,75600.0
01/13/1997,7.0,7.38,7.0,7.0,-0.38,0.0,22900.0
01/10/1997,7.5,7.5,7.0,7.38,0.13,0.0,38200.0
01/09/1997,7.0,7.5,7.0,7.25,0.13,0.0,29700.0
01/08/1997,7.13,7.5,7.0,7.13,0.0,0.0,57100.0
01/07/1997,7.19,7.63,7.13,7.13,-0.13,0.0,19700.0
01/06/1997,7.25,7.63,7.13,7.25,0.0,0.0,41600.0
01/03/1997,6.63,7.63,6.63,7.25,0.88,0.0,79800.0
01/02/1997,6.75,6.88,6.38,6.38,0.0,0.0,26400.0
12/31/1996,6.38,6.88,6.38,6.88,0.5,0.0,43000.0
12/30/1996,6.5,7.0,6.38,6.38,-0.13,0.0,32200.0
12/27/1996,7.0,7.0,6.5,6.5,0.0,0.0,24300.0
12/26/1996,7.0,7.0,6.5,6.5,-0.38,0.0,29300.0
12/24/1996,6.38,6.88,6.38,6.88,0.38,0.0,58600.0
12/23/1996,6.75,7.0,6.5,6.5,-0.25,0.0,85000.0
12/20/1996,6.75,6.75,6.5,6.75,0.25,0.0,78900.0
12/19/1996,6.5,6.75,6.38,6.5,-0.13,0.0,142700.0
12/18/1996,6.25,6.63,6.25,6.63,0.0,0.0,23500.0
12/17/1996,6.38,6.63,6.25,6.63,0.13,0.0,11300.0
12/16/1996,6.38,6.75,6.38,6.5,0.13,0.0,61200.0
12/13/1996,6.63,6.75,6.38,6.38,-0.13,0.0,4000.0
12/12/1996,6.38,6.75,6.38,6.5,0.0,0.0,19600.0
12/11/1996,6.5,6.63,6.38,6.5,-0.13,0.0,25300.0
12/10/1996,6.5,7.13,6.25,6.63,0.38,0.0,88300.0
12/09/1996,6.13,6.5,6.13,6.25,-0.25,0.0,34500.0
12/06/1996,6.25,6.5,6.13,6.5,0.25,0.0,57200.0
12/05/1996,6.38,6.5,6.25,6.25,-0.19,0.0,15400.0
12/04/1996,6.5,6.5,6.38,6.44,0.06,0.0,22300.0
12/03/1996,6.56,6.63,6.38,6.38,-0.19,0.0,33600.0
12/02/1996,6.75,6.75,6.38,6.56,0.06,0.0,8400.0
11/29/1996,6.38,6.56,6.38,6.5,0.0,0.0,4500.0
11/27/1996,6.38,6.75,6.38,6.5,-0.25,0.0,19000.0
11/26/1996,6.75,6.75,6.38,6.75,0.0,0.0,34600.0
11/25/1996,6.38,6.75,6.38,6.75,0.13,0.0,12200.0
11/22/1996,6.38,6.75,6.38,6.63,0.06,0.0,32000.0
11/21/1996,6.75,6.75,6.25,6.56,0.19,0.0,69800.0
11/20/1996,6.25,6.63,6.0,6.38,0.63,0.0,156600.0
11/19/1996,6.13,6.25,5.63,5.75,0.13,0.0,148100.0
11/18/1996,5.63,6.0,5.63,5.63,-0.13,0.0,179800.0
11/15/1996,6.13,6.13,5.63,5.75,0.0,0.0,110700.0
11/14/1996,5.88,6.13,5.75,5.75,-0.06,0.0,39700.0
11/13/1996,5.63,6.13,5.63,5.81,0.19,0.0,216100.0
11/12/1996,6.13,6.13,5.63,5.63,-0.38,0.0,176400.0
11/11/1996,6.38,6.38,6.0,6.0,-0.13,0.0,58700.0
11/08/1996,6.13,6.38,6.0,6.13,0.0,0.0,15600.0
11/07/1996,6.25,6.63,6.0,6.13,-0.38,0.0,92300.0
11/06/1996,7.0,7.0,6.38,6.5,-0.38,0.0,135500.0
11/05/1996,6.88,7.0,6.75,6.88,-0.13,0.0,8300.0
11/04/1996,7.0,7.0,6.63,7.0,0.13,0.0,26000.0
11/01/1996,6.5,7.0,6.5,6.88,0.25,0.0,44300.0
10/31/1996,6.63,6.63,6.25,6.63,0.0,0.0,26500.0
10/30/1996,6.25,6.63,6.25,6.63,0.31,0.0,41100.0
10/29/1996,6.25,6.5,6.25,6.31,-0.06,0.0,21800.0
10/28/1996,6.5,6.75,6.25,6.38,-0.13,0.0,27800.0
10/25/1996,7.0,7.0,6.38,6.5,-0.5,0.0,3900.0
10/24/1996,7.25,7.25,6.75,7.0,0.13,0.0,22300.0
10/23/1996,7.25,7.25,6.88,6.88,-0.38,0.0,14100.0
10/22/1996,7.0,7.25,7.0,7.25,0.38,0.0,70400.0
10/21/1996,6.38,7.38,6.38,6.88,0.25,0.0,77600.0
10/18/1996,6.38,6.75,6.13,6.63,0.5,0.0,2054100.0
10/17/1996,6.0,6.38,6.0,6.13,0.13,0.0,50400.0
10/16/1996,6.38,6.38,6.0,6.0,-0.5,0.0,18000.0
10/15/1996,6.38,6.5,6.0,6.5,0.13,0.0,51000.0
10/14/1996,6.38,6.38,6.13,6.38,0.13,0.0,10800.0
10/11/1996,6.38,6.38,6.0,6.25,0.0,0.0,29800.0
10/10/1996,5.88,6.38,5.88,6.25,0.25,0.0,15500.0
10/09/1996,5.88,6.25,5.88,6.0,-0.13,0.0,559300.0
10/08/1996,6.0,6.25,5.75,6.13,0.13,0.0,9000.0
10/07/1996,6.0,6.25,5.75,6.0,-0.13,0.0,52800.0
10/04/1996,6.25,6.38,6.0,6.13,0.0,0.0,219200.0
10/03/1996,6.25,6.38,6.0,6.13,0.0,0.0,451800.0
10/02/1996,5.88,6.25,5.88,6.13,0.13,0.0,190900.0
10/01/1996,5.88,6.13,5.88,6.0,0.13,0.0,77700.0
09/30/1996,6.13,6.13,5.88,5.88,-0.13,0.0,255200.0
09/27/1996,6.38,6.38,5.75,6.0,-0.38,0.0,1627400.0
09/26/1996,6.5,6.63,6.13,6.38,0.44,0.0,131000.0
09/25/1996,7.0,7.0,5.63,5.94,-0.94,0.0,721200.0
09/24/1996,7.13,7.25,6.88,6.88,-0.38,0.0,55500.0
09/23/1996,7.0,7.25,6.88,7.25,0.25,0.0,31200.0
09/20/1996,6.88,7.13,6.88,7.0,0.0,0.0,23200.0
09/19/1996,7.25,7.25,7.0,7.0,0.0,0.0,12900.0
09/18/1996,7.25,7.25,7.0,7.0,-0.13,0.0,16500.0
09/17/1996,7.0,7.25,6.88,7.13,-0.5,0.0,208700.0
09/16/1996,7.5,7.88,7.25,7.63,-0.06,0.0,38800.0
09/13/1996,7.88,7.88,7.5,7.69,0.19,0.0,46200.0
09/12/1996,7.5,7.75,7.38,7.5,0.0,0.0,23500.0
09/11/1996,7.25,7.5,7.25,7.5,0.25,0.0,7500.0
09/10/1996,7.25,7.5,7.25,7.25,-0.25,0.0,17200.0
09/09/1996,7.5,7.5,7.25,7.5,0.13,0.0,59000.0
09/06/1996,7.13,7.5,6.88,7.38,0.5,0.0,316600.0
09/05/1996,6.88,7.13,6.88,6.88,-0.13,0.0,6100.0
09/04/1996,7.13,7.13,6.88,7.0,0.06,0.0,13200.0
09/03/1996,7.25,7.63,6.88,6.94,-0.31,0.0,201000.0
08/30/1996,7.25,7.25,7.25,7.25,-0.25,0.0,400.0
08/29/1996,7.75,7.75,7.5,7.5,-0.25,0.0,2000.0
08/28/1996,7.5,7.75,7.5,7.75,0.13,0.0,7500.0
08/27/1996,7.25,7.75,7.25,7.63,0.38,0.0,25500.0
08/26/1996,7.25,7.75,7.25,7.25,-0.5,0.0,2800.0
08/23/1996,7.25,7.75,7.25,7.75,0.13,0.0,7000.0
08/22/1996,7.75,7.75,7.25,7.63,-0.13,0.0,103300.0
08/21/1996,7.13,7.75,7.13,7.75,0.63,0.0,35600.0
08/20/1996,7.5,7.5,7.13,7.13,-0.25,0.0,46000.0
08/19/1996,7.13,7.5,7.13,7.38,0.0,0.0,58300.0
08/16/1996,7.75,7.75,7.13,7.38,0.25,0.0,23000.0
08/15/1996,7.25,7.53,7.13,7.13,-0.63,0.0,18900.0
08/14/1996,7.75,7.75,7.13,7.75,0.5,0.0,21300.0
08/13/1996,7.75,7.75,7.25,7.25,-0.25,0.0,8300.0
08/12/1996,7.13,7.75,7.13,7.5,0.0,0.0,46300.0
08/09/1996,7.5,7.5,7.13,7.5,0.25,0.0,6300.0
08/08/1996,7.5,7.5,6.75,7.25,-0.5,0.0,54000.0
08/07/1996,7.5,8.0,7.0,7.75,0.38,0.0,24000.0
08/06/1996,7.25,8.0,7.25,7.38,0.13,0.0,33600.0
08/05/1996,8.0,8.0,7.25,7.25,-0.5,0.0,900.0
08/02/1996,7.0,8.0,7.0,7.75,0.69,0.0,205100.0
08/01/1996,7.25,7.25,7.0,7.06,-0.19,0.0,30700.0
07/31/1996,7.31,7.5,7.13,7.25,0.13,0.0,43100.0
07/30/1996,7.13,7.5,7.13,7.13,-0.38,0.0,10500.0
07/29/1996,7.5,7.5,7.0,7.5,0.5,0.0,30600.0
07/26/1996,6.88,7.38,6.69,7.0,0.19,0.0,42900.0
07/25/1996,6.63,6.88,6.5,6.81,0.31,0.0,26700.0
07/24/1996,7.0,7.0,6.5,6.5,-0.75,0.0,35500.0
07/23/1996,7.25,7.25,6.88,7.25,0.25,0.0,19700.0
07/22/1996,7.5,7.5,7.0,7.0,-0.5,0.0,20800.0
07/19/1996,7.25,7.63,7.0,7.5,0.5,0.0,40200.0
07/18/1996,6.38,7.13,6.38,7.0,0.25,0.0,236300.0
07/17/1996,6.63,6.88,6.25,6.75,0.25,0.0,530400.0
07/16/1996,6.63,6.63,6.25,6.5,0.13,0.0,269000.0
07/15/1996,6.5,6.75,6.25,6.38,0.13,0.0,340700.0
07/12/1996,6.38,6.5,6.0,6.25,0.0,0.0,488500.0
07/11/1996,7.0,7.0,6.13,6.25,-0.88,0.0,237400.0
07/10/1996,7.13,7.13,6.75,7.13,0.0,0.0,45600.0
07/09/1996,6.75,7.13,6.75,7.13,0.0,0.0,21100.0
07/08/1996,7.0,7.25,6.75,7.13,0.13,0.0,47200.0
07/05/1996,7.25,7.25,6.75,7.0,-0.25,0.0,4500.0
07/03/1996,7.75,7.75,6.75,7.25,-0.38,0.0,149200.0
07/02/1996,7.5,7.75,7.25,7.63,0.19,0.0,42300.0
07/01/1996,7.5,7.5,7.25,7.44,0.19,0.0,51900.0
06/28/1996,7.5,7.75,7.25,7.25,-0.25,0.0,101500.0
06/27/1996,7.38,7.5,7.25,7.5,0.25,0.0,32000.0
06/26/1996,7.25,7.75,7.25,7.25,-0.5,0.0,37800.0
06/25/1996,7.25,7.75,7.25,7.75,0.25,0.0,86700.0
06/24/1996,7.75,7.75,7.25,7.5,0.0,0.0,35700.0
06/21/1996,8.0,8.0,7.5,7.5,0.0,0.0,29700.0
06/20/1996,8.38,8.38,7.5,7.5,-1.0,0.0,54500.0
06/19/1996,8.5,8.5,8.0,8.5,0.13,0.0,55000.0
06/18/1996,8.0,8.5,8.0,8.38,0.38,0.0,12500.0
06/17/1996,8.25,8.5,8.0,8.0,-0.25,0.0,16900.0
06/14/1996,8.75,8.75,8.25,8.25,-0.25,0.0,15400.0
06/13/1996,8.5,8.5,8.5,8.5,-0.38,0.0,5000.0
06/12/1996,8.63,8.88,8.5,8.88,0.25,0.0,66100.0
06/11/1996,8.75,9.0,8.63,8.63,-0.13,0.0,25500.0
06/10/1996,8.75,8.88,8.75,8.75,0.0,0.0,24900.0
06/07/1996,8.75,9.0,8.75,8.75,0.0,0.0,100700.0
06/06/1996,9.0,9.0,8.75,8.75,-0.25,0.0,58100.0
06/05/1996,8.75,9.0,8.75,9.0,0.0,0.0,16900.0
06/04/1996,9.0,9.0,8.75,9.0,0.25,0.0,7100.0
06/03/1996,9.25,9.25,8.75,8.75,-0.25,0.0,11900.0
05/31/1996,9.0,9.0,8.75,9.0,0.0,0.0,11800.0
05/30/1996,9.25,9.25,8.75,9.0,0.0,0.0,22900.0
05/29/1996,9.25,9.25,8.75,9.0,0.13,0.0,6100.0
05/28/1996,9.13,9.5,8.75,8.88,-0.25,0.0,31800.0
05/24/1996,9.38,9.5,9.0,9.13,0.13,0.0,89400.0
05/23/1996,9.25,9.75,9.0,9.0,-0.25,0.0,60800.0
05/22/1996,9.25,9.75,9.25,9.25,-0.25,0.0,3800.0
05/21/1996,9.25,9.75,9.25,9.5,-0.25,0.0,8300.0
05/20/1996,9.25,9.75,9.25,9.75,0.38,0.0,1000.0
05/17/1996,9.5,9.75,9.25,9.38,-0.38,0.0,25100.0
05/16/1996,9.75,9.75,9.38,9.75,0.38,0.0,4800.0
05/15/1996,9.75,9.75,9.25,9.38,-0.63,0.0,31100.0
05/14/1996,10.0,10.25,9.38,10.0,0.0,0.0,412100.0
05/13/1996,10.0,10.0,10.0,10.0,0.0,0.0,11800.0
05/10/1996,10.5,10.5,10.0,10.0,-0.13,0.0,11300.0
05/09/1996,10.0,10.5,10.0,10.13,-0.38,0.0,406300.0
05/08/1996,10.0,10.5,10.0,10.5,0.5,0.0,6900.0
05/07/1996,10.0,10.75,10.0,10.0,-0.25,0.0,19000.0
05/06/1996,10.75,10.75,10.0,10.25,-0.5,0.0,34800.0
05/03/1996,9.75,10.75,9.38,10.75,1.25,0.0,81300.0
05/02/1996,10.0,10.13,9.38,9.5,0.0,0.0,23100.0
05/01/1996,9.88,10.25,9.5,9.5,-0.38,0.0,18300.0
04/30/1996,10.25,10.25,9.88,9.88,0.0,0.0,7700.0
04/29/1996,10.0,10.5,9.88,9.88,-0.63,0.0,56700.0
04/26/1996,10.0,10.5,10.0,10.5,0.38,0.0,69700.0
04/25/1996,11.0,11.25,10.13,10.13,-1.0,0.0,108100.0
04/24/1996,10.88,11.5,10.75,11.13,0.0,0.0,173900.0
04/23/1996,9.5,11.25,9.5,11.13,1.63,0.0,185500.0
04/22/1996,9.25,10.13,8.63,9.5,0.25,0.0,70300.0
04/19/1996,8.5,9.25,8.25,9.25,0.75,0.0,283600.0
04/18/1996,8.5,8.5,8.0,8.5,0.38,0.0,425700.0
04/17/1996,10.0,10.0,8.0,8.13,-1.63,0.0,337400.0
04/16/1996,10.0,10.0,9.38,9.75,0.25,0.0,113900.0
04/15/1996,10.0,10.0,9.5,9.5,-0.5,0.0,22900.0
04/12/1996,10.0,10.0,9.81,10.0,0.0,0.0,26800.0
04/11/1996,10.38,10.75,10.0,10.0,-0.5,0.0,124800.0
04/10/1996,10.75,10.75,10.38,10.5,0.13,0.0,22500.0
04/09/1996,10.38,10.75,10.38,10.38,0.0,0.0,127600.0
04/08/1996,10.75,10.75,10.38,10.38,0.0,0.0,12500.0
04/04/1996,10.5,10.75,10.38,10.38,-0.13,0.0,5900.0
04/03/1996,10.75,10.75,10.5,10.5,0.0,0.0,76700.0
04/02/1996,10.75,11.13,10.5,10.5,-0.13,0.0,238500.0
04/01/1996,11.13,11.13,10.63,10.63,-0.5,0.0,131500.0
03/29/1996,10.38,11.13,10.38,11.13,0.13,0.0,61600.0
03/28/1996,10.38,11.0,10.38,11.0,0.0,0.0,3100.0
03/27/1996,10.38,11.0,10.38,11.0,0.0,0.0,23500.0
03/26/1996,10.38,11.0,10.38,11.0,0.0,0.0,9000.0
03/25/1996,11.13,11.13,10.5,11.0,0.13,0.0,29000.0
03/22/1996,10.5,11.0,10.5,10.88,0.25,0.0,18400.0
03/21/1996,10.38,10.63,10.38,10.63,0.0,0.0,10500.0
03/20/1996,10.75,10.75,10.38,10.63,0.25,0.0,12800.0
03/19/1996,10.75,11.0,10.38,10.38,-0.44,0.0,24900.0
03/18/1996,10.94,11.13,10.75,10.81,0.06,0.0,26700.0
03/15/1996,11.13,11.13,10.75,10.75,-0.13,0.0,13400.0
03/14/1996,11.25,11.25,10.75,10.88,-0.13,0.0,67700.0
03/13/1996,10.5,11.0,10.5,11.0,0.5,0.0,30200.0
03/12/1996,10.63,11.0,10.5,10.5,-0.25,0.0,10500.0
03/11/1996,10.5,11.25,10.5,10.75,-0.13,0.0,22600.0
03/08/1996,11.25,11.25,10.63,10.88,-0.31,0.0,36200.0
03/07/1996,11.38,11.38,11.0,11.19,0.19,0.0,47700.0
03/06/1996,11.25,11.38,10.75,11.0,-0.13,0.0,23200.0
03/05/1996,10.75,11.25,10.5,11.13,0.63,0.0,48700.0
03/04/1996,10.13,10.75,10.13,10.5,0.0,0.0,44700.0
03/01/1996,10.5,10.5,10.13,10.5,0.38,0.0,23300.0
02/29/1996,10.5,10.5,10.13,10.13,-0.19,0.0,118600.0
02/28/1996,10.25,10.5,10.0,10.31,0.06,0.0,183800.0
02/27/1996,10.25,10.25,9.75,10.25,0.0,0.0,44800.0
02/26/1996,10.25,10.25,9.75,10.25,0.0,0.0,44400.0
02/23/1996,10.0,10.25,9.75,10.25,0.25,0.0,65600.0
02/22/1996,10.0,10.0,9.5,10.0,0.31,0.0,26000.0
02/21/1996,10.0,10.0,9.5,9.69,-0.31,0.0,158600.0
02/20/1996,9.5,10.0,9.5,10.0,0.0,0.0,67500.0
02/16/1996,10.0,10.0,9.5,10.0,0.0,0.0,15900.0
02/15/1996,10.0,10.0,9.5,10.0,0.0,0.0,6000.0
02/14/1996,10.25,10.25,9.5,10.0,0.0,0.0,55500.0
02/13/1996,10.0,10.25,10.0,10.0,0.0,0.0,55400.0
02/12/1996,10.0,10.25,10.0,10.0,-0.25,0.0,12400.0
02/09/1996,10.75,10.75,10.0,10.25,-0.5,0.0,199900.0
02/08/1996,10.5,10.75,10.0,10.75,0.25,0.0,73100.0
02/07/1996,10.0,10.5,10.0,10.5,0.0,0.0,10800.0
02/06/1996,10.0,10.5,10.0,10.5,0.0,0.0,8100.0
02/05/1996,9.75,10.5,9.75,10.5,0.0,0.0,38100.0
02/02/1996,10.0,10.5,9.75,10.5,0.25,0.0,12600.0
02/01/1996,10.5,10.5,9.75,10.25,-0.25,0.0,14200.0
01/31/1996,10.5,10.5,9.75,10.5,0.13,0.0,47800.0
01/30/1996,9.75,10.38,9.75,10.38,0.63,0.0,14100.0
01/29/1996,10.25,10.38,9.75,9.75,-0.5,0.0,84500.0
01/26/1996,10.75,10.75,10.25,10.25,-0.38,0.0,31700.0
01/25/1996,10.0,11.38,10.0,10.63,0.38,0.0,100200.0
01/24/1996,10.5,10.5,10.0,10.25,0.0,0.0,20700.0
01/23/1996,10.25,10.5,10.0,10.25,0.25,0.0,74600.0
01/22/1996,9.0,10.25,8.75,10.0,1.0,0.0,95500.0
01/19/1996,9.0,9.0,8.75,9.0,0.25,0.0,118900.0
01/18/1996,9.0,9.0,8.75,8.75,-0.25,0.0,43200.0
01/17/1996,9.0,9.0,8.75,9.0,0.0,0.0,171000.0
01/16/1996,8.75,9.25,8.75,9.0,0.0,0.0,81300.0
01/15/1996,9.5,9.5,8.75,9.0,-0.25,0.0,108300.0
01/12/1996,10.0,10.0,9.25,9.25,-0.25,0.0,66700.0
01/11/1996,9.75,10.0,9.5,9.5,-0.25,0.0,31400.0
01/10/1996,10.0,10.0,9.5,9.75,0.0,0.0,7100.0
01/09/1996,10.0,10.0,9.5,9.75,-0.25,0.0,13300.0
01/08/1996,10.0,10.0,9.5,10.0,0.28,0.0,1900.0
01/05/1996,9.25,10.0,9.25,9.72,-0.03,0.0,70600.0
01/04/1996,9.5,9.75,9.0,9.75,0.25,0.0,163500.0
01/03/1996,9.75,10.0,9.25,9.5,-0.5,0.0,113400.0
01/02/1996,11.25,11.25,9.75,10.0,0.0,0.0,107300.0
12/29/1995,11.25,11.25,10.63,11.25,0.5,0.0,17300.0
12/28/1995,11.25,11.25,10.75,10.75,-0.5,0.0,184000.0
12/27/1995,11.25,11.5,10.75,11.25,0.25,0.0,39900.0
12/26/1995,11.5,11.63,11.0,11.0,-0.63,0.0,22400.0
12/22/1995,11.75,12.0,11.25,11.63,0.13,0.0,21800.0
12/21/1995,12.0,12.5,11.5,11.5,-0.75,0.0,141700.0
12/20/1995,11.25,12.25,11.25,12.25,1.0,0.0,132700.0
12/19/1995,11.13,11.5,11.0,11.25,0.13,0.0,20000.0
12/18/1995,11.75,11.75,11.0,11.13,-0.63,0.0,13100.0
12/15/1995,11.0,11.75,11.0,11.75,0.25,0.0,8400.0
12/14/1995,11.0,11.75,10.5,11.5,1.0,0.0,90500.0
12/13/1995,10.5,11.0,10.5,10.5,-0.13,0.0,93500.0
12/12/1995,11.0,11.0,10.5,10.63,-0.13,0.0,224200.0
12/11/1995,10.0,11.0,10.0,10.75,0.25,0.0,337600.0
12/08/1995,11.25,11.5,10.0,10.5,-0.5,0.0,167900.0
12/07/1995,11.0,11.75,11.0,11.0,-0.75,0.0,26200.0
12/06/1995,12.0,12.0,11.0,11.75,0.0,0.0,19400.0
12/05/1995,11.5,12.0,11.5,11.75,-0.25,0.0,15200.0
12/04/1995,12.0,12.25,11.5,12.0,-0.25,0.0,9800.0
12/01/1995,11.5,12.25,11.5,12.25,0.0,0.0,1100.0
11/30/1995,11.5,12.25,11.5,12.25,0.0,0.0,11800.0
11/29/1995,11.75,12.25,11.75,12.25,0.0,0.0,27800.0
11/28/1995,11.75,12.25,11.75,12.25,0.25,0.0,23600.0
11/27/1995,11.5,12.0,11.5,12.0,0.38,0.0,38600.0
11/24/1995,11.75,12.75,11.5,11.63,0.13,0.0,39500.0
11/22/1995,13.5,13.5,10.75,11.5,-2.0,0.0,422500.0
11/21/1995,13.5,13.5,12.88,13.5,0.0,0.0,10900.0
11/20/1995,13.0,13.5,12.88,13.5,0.38,0.0,22900.0
11/17/1995,13.0,13.5,13.0,13.13,-0.38,0.0,65400.0
11/16/1995,13.0,13.5,13.0,13.5,0.0,0.0,25000.0
11/15/1995,13.0,13.5,13.0,13.5,0.5,0.0,11900.0
11/14/1995,13.25,13.5,13.0,13.0,-0.25,0.0,8100.0
11/13/1995,13.25,13.5,13.25,13.25,0.0,0.0,9000.0
11/10/1995,13.63,13.63,13.25,13.25,-0.25,0.0,29000.0
11/09/1995,13.5,13.75,12.75,13.5,0.0,0.0,40400.0
11/08/1995,13.5,13.5,13.0,13.5,0.5,0.0,16600.0
11/07/1995,13.0,13.5,13.0,13.0,-0.13,0.0,7300.0
11/06/1995,13.0,13.5,13.0,13.13,0.0,0.0,51400.0
11/03/1995,13.25,13.5,13.0,13.13,-0.38,0.0,178600.0
11/02/1995,13.25,13.5,12.75,13.5,0.25,0.0,27800.0
11/01/1995,12.75,13.25,12.75,13.25,0.25,0.0,21500.0
10/31/1995,13.25,13.25,12.75,13.0,-0.13,0.0,28300.0
10/30/1995,13.5,13.75,12.63,13.13,0.38,0.0,181600.0
10/27/1995,12.75,13.5,12.75,12.75,-0.5,0.0,37400.0
10/26/1995,14.75,15.0,12.5,13.25,-1.75,0.0,186700.0
10/25/1995,15.25,15.25,14.5,15.0,-0.25,0.0,70700.0
10/24/1995,15.25,15.25,14.5,15.25,0.0,0.0,8600.0
10/23/1995,15.75,15.75,14.5,15.25,-0.5,0.0,157300.0
10/20/1995,14.5,15.75,14.5,15.75,1.38,0.0,262500.0
10/19/1995,13.25,14.5,12.75,14.38,1.13,0.0,76100.0
10/18/1995,12.75,13.38,12.75,13.25,0.19,0.0,17100.0
10/17/1995,12.75,13.25,12.75,13.06,0.31,0.0,39900.0
10/16/1995,13.0,13.25,12.5,12.75,-0.25,0.0,138500.0
10/13/1995,12.25,13.0,12.25,13.0,0.38,0.0,178800.0
10/12/1995,12.5,13.0,12.38,12.63,-0.25,0.0,76100.0
10/11/1995,13.5,13.5,12.5,12.88,-0.38,0.0,97400.0
10/10/1995,12.5,13.25,11.5,13.25,0.25,0.0,95400.0
10/09/1995,14.25,14.25,13.0,13.0,-1.0,0.0,23800.0
10/06/1995,14.25,14.25,13.75,14.0,-0.25,0.0,30500.0
10/05/1995,13.75,14.25,13.75,14.25,0.0,0.0,93900.0
10/04/1995,13.75,14.25,13.75,14.25,0.25,0.0,9200.0
10/03/1995,13.75,14.25,13.75,14.0,-0.25,0.0,20300.0
10/02/1995,14.25,14.25,13.75,14.25,0.0,0.0,24200.0
09/29/1995,14.25,14.25,13.75,14.25,0.0,0.0,19600.0
09/28/1995,13.5,14.5,13.5,14.25,0.25,0.0,68200.0
09/27/1995,14.5,14.5,13.0,14.0,-0.5,0.0,66700.0
09/26/1995,14.5,15.0,14.0,14.5,0.0,0.0,231000.0
09/25/1995,15.25,15.5,14.5,14.5,-0.75,0.0,205500.0
09/22/1995,16.25,16.25,15.25,15.25,-0.75,0.0,91700.0
09/21/1995,16.25,16.25,15.75,16.0,0.0,0.0,49700.0
09/20/1995,15.25,16.25,15.25,16.0,0.38,0.0,65200.0
09/19/1995,16.0,16.0,15.25,15.63,-0.38,0.0,16500.0
09/18/1995,16.0,16.0,15.25,16.0,0.25,0.0,29500.0
09/15/1995,16.0,16.0,15.5,15.75,0.0,0.0,43200.0
09/14/1995,15.5,16.25,15.25,15.75,0.5,0.0,86700.0
09/13/1995,15.75,15.75,15.25,15.25,0.0,0.0,39200.0
09/12/1995,15.25,15.75,15.25,15.25,-0.38,0.0,36500.0
09/11/1995,15.5,15.75,15.0,15.63,0.13,0.0,39100.0
09/08/1995,14.75,15.5,14.75,15.5,0.75,0.0,41100.0
09/07/1995,15.5,15.5,14.75,14.75,-0.75,0.0,57700.0
09/06/1995,15.5,16.0,15.0,15.5,1.0,0.0,194300.0
09/05/1995,14.5,15.25,14.0,14.5,0.13,0.0,77000.0
09/01/1995,14.25,14.5,13.75,14.38,0.53,0.0,43900.0
08/31/1995,13.84,14.0,13.75,13.84,0.0,0.0,20800.0
08/30/1995,13.75,13.94,13.5,13.84,0.09,0.0,101400.0
08/29/1995,13.75,13.75,13.5,13.75,0.0,0.0,7900.0
08/28/1995,13.66,13.75,13.5,13.75,0.0,0.0,7900.0
08/25/1995,13.75,13.75,13.66,13.75,0.0,0.0,29900.0
08/24/1995,13.75,13.84,13.59,13.75,-0.09,0.0,68200.0
08/23/1995,13.5,13.94,13.5,13.84,0.34,0.0,124100.0
08/22/1995,13.84,13.84,13.5,13.5,-0.34,0.0,4400.0
08/21/1995,13.84,13.84,13.5,13.84,0.22,0.0,7900.0
08/18/1995,13.5,13.75,13.41,13.63,0.13,0.0,23200.0
08/17/1995,13.16,13.59,13.16,13.5,0.34,0.0,52000.0
08/16/1995,13.06,13.41,13.06,13.16,-0.19,0.0,100200.0
08/15/1995,13.75,13.75,13.06,13.34,-0.41,0.0,173800.0
08/14/1995,13.75,13.75,13.5,13.75,0.0,0.0,29400.0
08/11/1995,13.75,13.75,13.59,13.75,0.16,0.0,8800.0
08/10/1995,13.94,13.94,13.5,13.59,-0.06,0.0,52300.0
08/09/1995,13.94,13.94,13.66,13.66,-0.28,0.0,41700.0
08/08/1995,13.84,13.94,13.66,13.94,0.06,0.0,52900.0
08/07/1995,13.84,13.94,13.5,13.88,0.03,0.0,156700.0
08/04/1995,13.84,13.84,13.59,13.84,0.19,0.0,56700.0
08/03/1995,13.66,13.94,13.41,13.66,0.13,0.0,151700.0
08/02/1995,13.66,13.66,13.41,13.53,0.13,0.0,181700.0
08/01/1995,13.59,13.66,13.41,13.41,-0.19,0.0,36100.0
07/31/1995,13.75,13.84,13.59,13.59,-0.28,0.0,50800.0
07/28/1995,13.84,14.34,13.84,13.88,-0.22,0.0,252300.0
07/27/1995,13.84,14.19,13.84,14.09,0.25,0.0,151700.0
07/26/1995,13.06,14.0,13.06,13.84,0.69,0.0,457300.0
07/25/1995,12.91,13.16,12.81,13.16,0.28,0.0,187300.0
07/24/1995,12.47,12.88,12.47,12.88,0.41,0.0,74700.0
07/21/1995,12.41,12.69,12.41,12.47,-0.09,0.0,182900.0
07/20/1995,12.41,12.56,12.22,12.56,0.03,0.0,38800.0
07/19/1995,12.75,12.75,12.47,12.53,-0.06,0.0,180500.0
07/18/1995,12.66,12.75,12.56,12.59,-0.06,0.0,81100.0
07/17/1995,12.66,12.91,12.41,12.66,0.13,0.0,77600.0
07/14/1995,12.22,12.56,12.22,12.53,0.31,0.0,168500.0
07/13/1995,12.47,12.47,12.22,12.22,-0.25,0.0,124700.0
07/12/1995,12.13,12.56,12.13,12.47,0.25,0.0,323200.0
07/11/1995,12.31,12.47,12.06,12.22,-0.34,0.0,182900.0
07/10/1995,13.34,13.41,12.13,12.56,-0.94,0.0,414400.0
07/07/1995,12.41,13.84,12.22,13.5,1.19,0.0,558500.0
07/06/1995,11.47,12.34,11.47,12.31,0.59,0.0,252900.0
07/05/1995,11.53,11.72,11.47,11.72,0.19,0.0,55800.0
07/03/1995,11.53,11.53,11.38,11.53,0.16,0.0,1400.0
06/30/1995,11.53,11.53,11.38,11.38,0.0,0.0,13200.0
06/29/1995,11.53,11.53,11.38,11.38,0.0,0.0,20800.0
06/28/1995,11.63,11.63,11.38,11.38,-0.13,0.0,23800.0
06/27/1995,11.63,11.63,11.47,11.5,-0.03,0.0,33200.0
06/26/1995,11.47,11.63,11.47,11.53,-0.09,0.0,65200.0
06/23/1995,11.63,11.63,11.47,11.63,0.16,0.0,40200.0
06/22/1995,11.66,11.72,11.47,11.47,-0.06,0.0,48500.0
06/21/1995,11.13,11.63,11.13,11.53,0.41,0.0,242900.0
06/20/1995,10.88,11.13,10.88,11.13,0.0,0.0,23800.0
06/19/1995,11.03,11.22,10.88,11.13,-0.09,0.0,29400.0
06/16/1995,11.22,11.22,11.03,11.22,0.0,0.0,16100.0
06/15/1995,10.88,11.22,10.88,11.22,0.34,0.0,62900.0
06/14/1995,10.69,11.03,10.63,10.88,0.44,0.0,170800.0
06/13/1995,10.56,10.69,10.34,10.44,-0.25,0.0,78500.0
06/12/1995,10.69,10.69,10.53,10.69,0.06,0.0,9400.0
06/09/1995,10.69,10.69,10.53,10.63,0.0,0.0,26100.0
06/08/1995,10.63,10.78,10.63,10.63,-0.06,0.0,11400.0
06/07/1995,10.69,10.88,10.69,10.69,-0.09,0.0,10800.0
06/06/1995,10.53,10.88,10.53,10.78,0.0,0.0,43500.0
06/05/1995,10.63,10.78,10.53,10.78,0.25,0.0,214400.0
06/02/1995,10.63,10.63,10.34,10.53,-0.09,0.0,39100.0
06/01/1995,10.53,10.66,10.34,10.63,0.28,0.0,72300.0
05/31/1995,10.44,10.44,10.34,10.34,-0.09,0.0,49900.0
05/30/1995,10.34,10.53,10.34,10.44,0.09,0.0,89100.0
05/26/1995,10.0,10.34,10.0,10.34,0.34,0.0,109700.0
05/25/1995,10.09,10.28,9.84,10.0,0.0,0.0,69100.0
05/24/1995,10.0,10.0,10.0,10.0,0.16,0.0,23800.0
05/23/1995,9.94,10.0,9.84,9.84,-0.09,0.0,35800.0
05/22/1995,9.75,9.94,9.75,9.94,0.19,0.0,6700.0
05/19/1995,9.84,9.94,9.75,9.75,-0.25,0.0,14700.0
05/18/1995,9.84,10.0,9.84,10.0,0.0,0.0,10800.0
05/17/1995,10.0,10.0,9.84,10.0,0.16,0.0,46700.0
05/16/1995,9.94,9.97,9.84,9.84,0.0,0.0,52000.0
05/15/1995,9.69,9.84,9.69,9.84,0.0,0.0,4400.0
05/12/1995,9.59,9.84,9.59,9.84,0.25,0.0,36400.0
05/11/1995,9.69,9.78,9.5,9.59,-0.09,0.0,59400.0
05/10/1995,9.34,9.75,9.34,9.69,0.44,0.0,122300.0
05/09/1995,9.34,9.59,9.16,9.25,-0.09,0.0,45200.0
05/08/1995,9.16,9.34,9.16,9.34,0.13,0.0,19900.0
05/05/1995,9.25,9.34,9.16,9.22,-0.06,0.0,51100.0
05/04/1995,9.16,9.28,9.0,9.28,0.13,0.0,474100.0
05/03/1995,9.69,9.69,9.16,9.16,-0.34,0.0,97000.0
05/02/1995,9.75,9.75,9.5,9.5,-0.09,0.0,36100.0
05/01/1995,9.75,9.75,9.59,9.59,0.0,0.0,53500.0
04/28/1995,9.75,9.75,9.59,9.59,-0.03,0.0,22000.0
04/27/1995,9.59,9.75,9.59,9.63,-0.06,0.0,1400.0
04/26/1995,9.75,9.75,9.59,9.69,0.0,0.0,92300.0
04/25/1995,9.59,9.75,9.59,9.69,-0.06,0.0,92300.0
04/24/1995,9.59,9.75,9.59,9.75,0.16,0.0,12000.0
04/21/1995,10.19,10.19,9.59,9.59,-0.59,0.0,244900.0
04/20/1995,10.09,10.19,9.94,10.19,0.25,0.0,357000.0
04/19/1995,9.59,9.94,9.59,9.94,0.59,0.0,342900.0
04/18/1995,9.41,9.59,9.34,9.34,-0.19,0.0,14100.0
04/17/1995,9.5,9.69,9.5,9.53,0.13,0.0,49700.0
04/13/1995,9.41,9.59,9.41,9.41,0.06,0.0,21100.0
04/12/1995,9.5,9.5,9.25,9.34,-0.16,0.0,33800.0
04/11/1995,9.5,9.5,9.25,9.5,0.0,0.0,14700.0
04/10/1995,9.16,9.5,9.16,9.5,0.34,0.0,96400.0
04/07/1995,9.16,9.16,9.16,9.16,0.0,0.0,7000.0
04/06/1995,8.88,9.16,8.81,9.16,0.5,0.0,74900.0
04/05/1995,8.91,8.91,8.66,8.66,-0.22,0.0,9400.0
04/04/1995,8.91,8.91,8.88,8.88,-0.03,0.0,6700.0
04/03/1995,8.66,8.91,8.66,8.91,0.03,0.0,103800.0
03/31/1995,8.91,8.91,8.66,8.88,-0.03,0.0,85200.0
03/30/1995,8.91,8.91,8.66,8.91,0.0,0.0,7600.0
03/29/1995,8.56,8.91,8.56,8.91,0.34,0.0,1700.0
03/28/1995,8.56,8.91,8.56,8.56,-0.09,0.0,4700.0
03/27/1995,8.91,8.91,8.66,8.66,0.0,0.0,2300.0
03/24/1995,8.66,8.91,8.66,8.66,0.0,0.0,70200.0
03/23/1995,8.66,8.91,8.66,8.66,0.0,0.0,41400.0
03/22/1995,8.91,8.91,8.66,8.66,-0.09,0.0,13500.0
03/21/1995,8.75,8.91,8.75,8.75,0.0,0.0,96100.0
03/20/1995,8.81,8.91,8.75,8.75,-0.06,0.0,12600.0
03/17/1995,8.56,8.91,8.56,8.81,0.06,0.0,112000.0
03/16/1995,8.75,8.75,8.56,8.75,0.09,0.0,55500.0
03/15/1995,8.66,8.69,8.56,8.66,-0.09,0.0,51400.0
03/14/1995,8.81,8.91,8.75,8.75,0.0,0.0,29700.0
03/13/1995,8.81,8.91,8.75,8.75,-0.25,0.0,75200.0
03/10/1995,8.81,9.0,8.75,9.0,0.19,0.0,19100.0
03/09/1995,8.81,9.0,8.81,8.81,0.0,0.0,14400.0
03/08/1995,8.81,9.0,8.81,8.81,-0.09,0.0,9900.0
03/07/1995,9.09,9.09,8.81,8.91,-0.19,0.0,88200.0
03/06/1995,8.81,9.09,8.81,9.09,0.16,0.0,1100.0
03/03/1995,9.09,9.09,8.94,8.94,-0.16,0.0,76100.0
03/02/1995,9.0,9.09,8.81,9.09,0.09,0.0,4700.0
03/01/1995,9.0,9.0,9.0,9.0,0.0,0.0,20200.0
02/28/1995,9.0,9.0,8.75,9.0,0.0,0.0,10800.0
02/27/1995,8.91,9.0,8.91,9.0,0.0,0.0,9400.0
02/24/1995,8.91,9.0,8.75,9.0,0.19,0.0,18200.0
02/23/1995,8.75,8.91,8.75,8.81,0.16,0.0,39100.0
02/22/1995,8.66,8.91,8.56,8.66,0.09,0.0,108500.0
02/21/1995,8.75,8.75,8.56,8.56,-0.19,0.0,14700.0
02/17/1995,8.56,8.81,8.56,8.75,0.19,0.0,33200.0
02/16/1995,8.31,8.66,8.31,8.56,0.0,0.0,49700.0
02/15/1995,8.41,8.56,8.22,8.56,0.28,0.0,84100.0
02/14/1995,8.41,8.41,8.22,8.28,0.06,0.0,7900.0
02/13/1995,8.41,8.41,8.22,8.22,-0.19,0.0,199900.0
02/10/1995,8.22,8.41,8.22,8.41,0.0,0.0,20500.0
02/09/1995,8.41,8.41,8.22,8.41,0.0,0.0,56400.0
02/08/1995,8.22,8.41,8.16,8.41,0.19,0.0,800.0
02/07/1995,8.41,8.41,8.16,8.22,-0.06,0.0,47300.0
02/06/1995,8.16,8.41,8.16,8.28,-0.13,0.0,38800.0
02/03/1995,8.16,8.41,8.16,8.41,0.0,0.0,6400.0
02/02/1995,8.31,8.41,8.16,8.41,0.09,0.0,18800.0
02/01/1995,8.31,8.31,8.22,8.31,0.25,0.0,15800.0
01/31/1995,8.06,8.31,8.06,8.06,-0.09,0.0,3800.0
01/30/1995,8.09,8.31,8.06,8.16,-0.16,0.0,20800.0
01/27/1995,8.31,8.31,8.31,8.31,0.22,0.0,500.0
01/26/1995,8.16,8.22,8.09,8.09,-0.22,0.0,14700.0
01/25/1995,8.06,8.31,8.06,8.31,0.25,0.0,2600.0
01/24/1995,8.06,8.22,8.06,8.06,-0.22,0.0,37900.0
01/23/1995,8.31,8.31,8.06,8.28,0.22,0.0,59700.0
01/20/1995,8.06,8.31,8.06,8.06,-0.09,0.0,49100.0
01/19/1995,8.06,8.31,8.06,8.16,-0.16,0.0,36100.0
01/18/1995,8.16,8.31,8.06,8.31,0.0,0.0,50800.0
01/17/1995,7.97,8.31,7.97,8.31,0.44,0.0,71700.0
01/16/1995,8.06,8.06,7.81,7.88,0.06,0.0,75200.0
01/13/1995,7.94,8.06,7.81,7.81,-0.25,0.0,313200.0
01/12/1995,7.72,8.06,7.72,8.06,0.19,0.0,391400.0
01/11/1995,7.56,7.88,7.47,7.88,0.25,0.0,32300.0
01/10/1995,7.63,7.63,7.47,7.63,0.13,0.0,39900.0
01/09/1995,7.38,7.63,7.28,7.5,0.13,0.0,325800.0
01/06/1995,7.13,7.38,7.13,7.38,0.09,0.0,2000.0
01/05/1995,7.13,7.38,7.13,7.28,0.0,0.0,144100.0
01/04/1995,7.81,7.81,7.22,7.28,-0.53,0.0,93500.0
01/03/1995,7.81,7.88,7.63,7.81,0.0,0.0,74700.0
12/30/1994,7.81,8.06,7.81,7.97,-0.09,0.0,13800.0
12/29/1994,7.81,8.16,7.81,8.06,0.19,0.0,19700.0
12/28/1994,7.97,8.06,7.88,7.88,-0.09,0.0,13200.0
12/27/1994,7.97,7.97,7.88,7.97,-0.09,0.0,11700.0
12/23/1994,7.88,8.06,7.72,8.06,0.19,0.0,35800.0
12/22/1994,7.75,7.88,7.63,7.88,0.25,0.0,18500.0
12/21/1994,7.81,7.88,7.63,7.63,0.0,0.0,59100.0
12/20/1994,7.63,7.63,7.38,7.63,0.0,0.0,121700.0
12/19/1994,7.28,7.63,7.28,7.63,0.34,0.0,45500.0
12/16/1994,7.28,7.28,7.28,7.28,0.0,0.0,7300.0
12/15/1994,7.03,7.28,7.03,7.28,0.0,0.0,10200.0
12/14/1994,7.03,7.28,7.03,7.28,0.06,0.0,26100.0
12/13/1994,7.13,7.28,7.13,7.22,-0.06,0.0,19400.0
12/12/1994,7.13,7.28,7.03,7.28,0.0,0.0,20800.0
12/09/1994,7.28,7.28,7.03,7.28,0.25,0.0,18500.0
12/08/1994,7.13,7.38,7.03,7.03,-0.09,0.0,109900.0
12/07/1994,7.38,7.38,7.13,7.13,-0.03,0.0,13800.0
12/06/1994,7.22,7.38,7.13,7.16,-0.06,0.0,30800.0
12/05/1994,7.38,7.38,7.22,7.22,0.0,0.0,17000.0
12/02/1994,7.22,7.38,7.22,7.22,0.0,0.0,134700.0
12/01/1994,7.47,7.47,7.22,7.22,-0.34,0.0,23800.0
11/30/1994,7.38,7.56,7.28,7.56,0.41,0.0,49100.0
11/29/1994,6.97,7.22,6.97,7.16,0.06,0.0,55500.0
11/28/1994,7.03,7.13,6.97,7.09,0.31,0.0,46400.0
11/25/1994,6.97,7.13,6.75,6.78,0.0,0.0,2900.0
11/23/1994,7.03,7.13,6.75,6.78,-0.22,0.0,1386400.0
11/22/1994,6.97,7.0,6.97,7.0,0.03,0.0,29400.0
11/21/1994,7.09,7.13,6.97,6.97,0.0,0.0,26700.0
11/18/1994,7.13,7.13,6.97,6.97,-0.06,0.0,34100.0
11/17/1994,7.03,7.03,7.03,7.03,0.0,0.0,48200.0
11/16/1994,7.28,7.31,7.03,7.03,-0.09,0.0,69100.0
11/15/1994,7.03,7.28,7.03,7.13,-0.16,0.0,39900.0
11/14/1994,7.28,7.28,7.28,7.28,0.0,0.0,1100.0
11/11/1994,7.03,7.28,7.03,7.28,0.13,0.0,1400.0
11/10/1994,7.28,7.28,7.13,7.16,-0.09,0.0,3200.0
11/09/1994,7.03,7.25,7.03,7.25,0.13,0.0,32300.0
11/08/1994,7.13,7.22,7.13,7.13,-0.09,0.0,5200.0
11/07/1994,7.03,7.22,7.03,7.22,0.19,0.0,44400.0
11/04/1994,7.22,7.28,7.03,7.03,-0.06,0.0,6700.0
11/03/1994,7.13,7.13,7.09,7.09,-0.03,0.0,7600.0
11/02/1994,7.63,7.63,7.13,7.13,-0.28,0.0,128500.0
11/01/1994,7.56,7.63,7.38,7.41,-0.06,0.0,194400.0
10/31/1994,7.72,7.72,7.47,7.47,-0.09,0.0,97000.0
10/28/1994,7.56,7.56,7.56,7.56,0.09,0.0,2300.0
10/27/1994,7.5,7.72,7.47,7.47,-0.25,0.0,122000.0
10/26/1994,7.47,7.72,7.47,7.72,0.0,0.0,30200.0
10/25/1994,7.56,7.72,7.47,7.72,0.13,0.0,49100.0
10/24/1994,7.81,7.81,7.56,7.59,0.03,0.0,75800.0
10/21/1994,7.63,7.69,7.56,7.56,0.0,0.0,51400.0
10/20/1994,7.81,7.81,7.56,7.56,0.0,0.0,133200.0
10/19/1994,7.56,7.81,7.56,7.56,-0.25,0.0,71700.0
10/18/1994,7.56,7.81,7.56,7.81,0.09,0.0,34400.0
10/17/1994,7.63,7.72,7.56,7.72,0.0,0.0,172900.0
10/14/1994,7.63,7.72,7.56,7.72,0.09,0.0,63800.0
10/13/1994,7.41,7.81,7.41,7.63,0.41,0.0,301100.0
10/12/1994,7.56,7.56,7.22,7.22,0.0,0.0,10800.0
10/11/1994,7.22,7.56,7.22,7.22,0.0,0.0,13500.0
10/10/1994,7.47,7.47,7.22,7.22,0.0,0.0,6100.0
10/07/1994,7.22,7.28,7.22,7.22,-0.16,0.0,32000.0
10/06/1994,7.22,7.47,7.22,7.38,0.16,0.0,26100.0
10/05/1994,7.28,7.47,7.22,7.22,-0.34,0.0,209100.0
10/04/1994,7.28,7.56,7.28,7.56,0.09,0.0,38200.0
10/03/1994,7.28,7.5,7.13,7.47,0.25,0.0,68800.0
09/30/1994,7.22,7.28,7.13,7.22,-0.03,0.0,27000.0
09/29/1994,7.47,7.47,7.22,7.25,0.03,0.0,237000.0
09/28/1994,7.22,7.47,7.22,7.22,-0.25,0.0,174400.0
09/27/1994,6.97,7.47,6.97,7.47,0.44,0.0,102000.0
09/26/1994,6.69,7.03,6.69,7.03,0.06,0.0,44900.0
09/23/1994,6.78,6.97,6.69,6.97,0.28,0.0,63500.0
09/22/1994,6.69,6.97,6.69,6.69,-0.28,0.0,14400.0
09/21/1994,6.97,6.97,6.88,6.97,0.09,0.0,17000.0
09/20/1994,6.69,6.97,6.69,6.88,0.19,0.0,31700.0
09/19/1994,6.69,6.97,6.69,6.69,-0.19,0.0,241700.0
09/16/1994,6.97,6.97,6.88,6.88,-0.03,0.0,37900.0
09/15/1994,6.72,6.97,6.69,6.91,0.09,0.0,208500.0
09/14/1994,6.88,6.88,6.69,6.81,-0.06,0.0,60500.0
09/13/1994,6.88,6.88,6.69,6.88,0.0,0.0,220800.0
09/12/1994,7.03,7.03,6.78,6.88,-0.16,0.0,122600.0
09/09/1994,6.97,7.03,6.78,7.03,0.0,0.0,368500.0
09/08/1994,7.03,7.03,7.0,7.03,0.0,0.0,26400.0
09/07/1994,6.81,7.03,6.69,7.03,0.25,0.0,206100.0
09/06/1994,6.69,6.88,6.69,6.78,-0.09,0.0,567300.0
09/02/1994,6.88,6.88,6.88,6.88,0.0,0.0,4100.0
09/01/1994,6.69,6.88,6.69,6.88,0.0,0.0,261400.0
08/31/1994,6.69,6.88,6.63,6.88,0.19,0.0,126700.0
08/30/1994,6.88,6.88,6.69,6.69,-0.19,0.0,53200.0
08/29/1994,6.78,6.88,6.78,6.88,0.34,0.0,110500.0
08/26/1994,6.63,6.69,6.44,6.53,0.09,0.0,32000.0
08/25/1994,6.44,6.63,6.44,6.44,0.0,0.0,48800.0
08/24/1994,6.41,6.63,6.38,6.44,0.06,0.0,83800.0
08/23/1994,6.38,6.5,6.38,6.38,-0.25,0.0,114900.0
08/22/1994,6.63,6.63,6.38,6.63,0.0,0.0,7300.0
08/19/1994,6.44,6.63,6.44,6.63,0.19,0.0,35500.0
08/18/1994,6.44,6.63,6.44,6.44,-0.09,0.0,19400.0
08/17/1994,6.44,6.53,6.44,6.53,-0.03,0.0,18500.0
08/16/1994,6.53,6.56,6.53,6.56,0.13,0.0,44400.0
08/15/1994,6.44,6.53,6.44,6.44,-0.25,0.0,65200.0
08/12/1994,6.63,6.69,6.44,6.69,0.06,0.0,91100.0
08/11/1994,6.88,6.88,6.63,6.63,0.0,0.0,0.0
08/10/1994,6.69,6.88,6.63,6.63,-0.19,0.0,41100.0
08/09/1994,6.88,6.88,6.81,6.81,0.03,0.0,5500.0
08/08/1994,6.69,6.97,6.69,6.78,0.0,0.0,0.0
08/05/1994,6.69,6.97,6.69,6.78,-0.03,0.0,69700.0
08/04/1994,6.88,6.88,6.69,6.81,0.0,0.0,0.0
08/03/1994,6.88,6.88,6.69,6.81,0.03,0.0,244400.0
08/02/1994,6.91,6.91,6.69,6.78,0.0,0.0,55800.0
08/01/1994,6.88,6.88,6.69,6.78,0.09,0.0,10200.0
07/29/1994,6.69,6.69,6.69,6.69,-0.09,0.0,800.0
07/28/1994,6.78,6.78,6.63,6.78,0.13,0.0,4100.0
07/27/1994,6.69,6.69,6.66,6.66,-0.31,0.0,9400.0
07/26/1994,6.69,6.97,6.69,6.97,0.28,0.0,2600.0
07/25/1994,6.69,6.69,6.69,6.69,-0.22,0.0,800.0
07/22/1994,6.69,6.97,6.69,6.91,-0.06,0.0,226400.0
07/21/1994,6.97,6.97,6.69,6.97,0.0,0.0,97900.0
07/20/1994,6.69,6.97,6.69,6.97,0.28,0.0,18500.0
07/19/1994,6.97,6.97,6.69,6.69,0.0,0.0,44100.0
07/18/1994,6.53,6.97,6.53,6.69,0.0,0.0,331100.0
07/15/1994,6.66,6.69,6.53,6.69,0.0,0.0,57000.0
07/14/1994,6.38,6.69,6.28,6.69,0.41,0.0,406400.0
07/13/1994,6.28,6.28,6.28,6.28,0.09,0.0,1400.0
07/12/1994,6.19,6.19,6.03,6.19,0.03,0.0,43200.0
07/11/1994,6.16,6.16,6.03,6.16,-0.03,0.0,45200.0
07/08/1994,6.09,6.19,6.03,6.19,0.09,0.0,86100.0
07/07/1994,6.09,6.09,6.03,6.09,0.0,0.0,90200.0
07/06/1994,5.94,6.09,5.94,6.09,0.03,0.0,180800.0
07/05/1994,5.94,6.06,5.94,6.06,0.03,0.0,89700.0
07/01/1994,6.03,6.09,5.94,6.03,-0.03,0.0,59100.0
06/30/1994,6.09,6.09,5.84,6.06,-0.03,0.0,75500.0
06/29/1994,6.09,6.09,6.09,6.09,0.0,0.0,200.0
06/28/1994,5.94,6.09,5.84,6.09,0.06,0.0,59100.0
06/27/1994,6.16,6.22,6.03,6.03,-0.28,0.0,62000.0
06/24/1994,6.28,6.38,6.19,6.31,-0.06,0.0,23800.0
06/23/1994,6.38,6.44,6.38,6.38,-0.09,0.0,27000.0
06/22/1994,6.38,6.47,6.38,6.47,0.09,0.0,204700.0
06/21/1994,6.53,6.63,6.38,6.38,-0.31,0.0,41100.0
06/20/1994,6.69,6.69,6.56,6.69,0.06,0.0,11700.0
06/17/1994,6.63,6.78,6.63,6.63,-0.16,0.0,12600.0
06/16/1994,6.63,6.78,6.63,6.78,0.0,0.0,29100.0
06/15/1994,6.53,6.78,6.53,6.78,0.09,0.0,19100.0
06/14/1994,6.63,6.69,6.53,6.69,0.16,0.0,196400.0
06/13/1994,6.53,6.69,6.53,6.53,0.0,0.0,21700.0
06/10/1994,6.69,6.69,6.53,6.53,-0.16,0.0,800.0
06/09/1994,6.53,6.69,6.53,6.69,0.06,0.0,166400.0
06/08/1994,6.53,6.69,6.53,6.63,0.09,0.0,27900.0
06/07/1994,6.28,6.53,6.22,6.53,0.34,0.0,162000.0
06/06/1994,6.03,6.28,6.03,6.19,0.16,0.0,69100.0
06/03/1994,6.03,6.09,6.03,6.03,0.0,0.0,79100.0
06/02/1994,6.03,6.03,6.03,6.03,0.0,0.0,12900.0
06/01/1994,6.03,6.03,5.84,6.03,0.19,0.0,8500.0
05/31/1994,5.84,5.84,5.84,5.84,-0.19,0.0,200.0
05/27/1994,6.03,6.03,5.84,6.03,0.0,0.0,17900.0
05/26/1994,6.03,6.03,6.03,6.03,0.0,0.0,2000.0
05/25/1994,5.75,6.03,5.75,6.03,0.0,0.0,43800.0
05/24/1994,5.75,6.03,5.75,6.03,0.22,0.0,3800.0
05/23/1994,5.75,6.03,5.75,5.81,0.0,0.0,115200.0
05/20/1994,5.94,5.94,5.81,5.81,-0.03,0.0,313800.0
05/19/1994,6.03,6.03,5.84,5.84,0.09,0.0,97900.0
05/18/1994,6.03,6.03,5.75,5.75,-0.09,0.0,6100.0
05/17/1994,5.84,5.84,5.84,5.84,-0.09,0.0,9100.0
05/16/1994,6.03,6.28,5.94,5.94,-0.09,0.0,58500.0
05/13/1994,6.03,6.03,6.03,6.03,-0.06,0.0,800.0
05/12/1994,6.28,6.28,6.09,6.09,0.0,0.0,4700.0
05/11/1994,6.13,6.13,6.09,6.09,-0.13,0.0,3800.0
05/10/1994,6.19,6.28,6.09,6.22,0.13,0.0,127300.0
05/09/1994,6.09,6.09,6.09,6.09,0.0,0.0,0.0
05/06/1994,6.28,6.28,6.09,6.09,-0.19,0.0,131100.0
05/05/1994,6.19,6.28,6.19,6.28,0.09,0.0,52600.0
05/04/1994,6.03,6.19,5.84,6.19,0.16,0.0,153200.0
05/03/1994,5.94,6.03,5.75,6.03,0.22,0.0,463200.0
05/02/1994,5.91,6.03,5.81,5.81,-0.03,0.0,15800.0
04/29/1994,5.84,5.84,5.84,5.84,-0.06,0.0,200.0
04/28/1994,6.03,6.03,5.84,5.91,0.0,0.0,28500.0
04/26/1994,5.84,5.91,5.84,5.91,-0.03,0.0,10200.0
04/25/1994,5.94,6.03,5.94,5.94,0.0,0.0,12600.0
04/22/1994,5.84,6.03,5.84,5.94,-0.09,0.0,58800.0
04/21/1994,5.97,6.03,5.84,6.03,0.09,0.0,74700.0
04/20/1994,5.84,6.03,5.84,5.94,-0.09,0.0,59400.0
04/19/1994,5.94,6.03,5.84,6.03,0.09,0.0,16700.0
04/18/1994,6.09,6.09,5.75,5.94,0.09,0.0,6400.0
04/15/1994,6.03,6.03,5.84,5.84,-0.09,0.0,237900.0
04/14/1994,5.94,6.03,5.91,5.94,0.0,0.0,106700.0
04/13/1994,6.19,6.19,5.94,5.94,-0.25,0.0,2900.0
04/12/1994,5.94,6.19,5.94,6.19,0.0,0.0,9100.0
04/11/1994,6.09,6.19,5.94,6.19,0.13,0.0,35200.0
04/08/1994,6.06,6.06,6.06,6.06,-0.09,0.0,1400.0
04/07/1994,5.84,6.19,5.84,6.16,0.13,0.0,96400.0
04/06/1994,6.03,6.03,5.84,6.03,0.19,0.0,1700.0
04/05/1994,5.94,6.03,5.84,5.84,0.0,0.0,154100.0
04/04/1994,5.69,5.84,5.59,5.84,-0.09,0.0,54100.0
03/31/1994,6.03,6.19,5.94,5.94,-0.16,0.0,325200.0
03/30/1994,6.19,6.38,6.09,6.09,-0.31,0.0,51100.0
03/29/1994,6.38,6.41,6.38,6.41,0.03,0.0,2300.0
03/28/1994,6.53,6.53,6.38,6.38,0.0,0.0,44900.0
03/25/1994,6.44,6.44,6.38,6.38,-0.06,0.0,5800.0
03/24/1994,6.53,6.53,6.38,6.44,0.03,0.0,24900.0
03/23/1994,6.28,6.53,6.28,6.41,-0.03,0.0,212900.0
03/22/1994,6.44,6.44,6.28,6.44,0.03,0.0,135200.0
03/21/1994,6.09,6.44,6.09,6.41,0.13,0.0,24400.0
03/18/1994,6.09,6.38,6.09,6.28,-0.03,0.0,33800.0
03/17/1994,6.22,6.38,6.09,6.31,0.09,0.0,122600.0
03/16/1994,6.19,6.38,6.16,6.22,0.03,0.0,281700.0
03/15/1994,6.22,6.38,6.09,6.19,-0.03,0.0,24900.0
03/14/1994,6.09,6.38,6.09,6.22,0.13,0.0,613500.0
03/11/1994,6.38,6.38,6.09,6.09,-0.13,0.0,39100.0
03/10/1994,6.38,6.38,6.09,6.22,0.13,0.0,17600.0
03/09/1994,6.38,6.38,6.09,6.09,-0.28,0.0,334400.0
03/08/1994,6.38,6.38,6.09,6.38,0.19,0.0,15800.0
03/07/1994,6.22,6.44,6.19,6.19,-0.03,0.0,88800.0
03/04/1994,6.03,6.38,6.03,6.22,0.13,0.0,276700.0
03/03/1994,6.09,6.09,6.09,6.09,0.0,0.0,5500.0
03/02/1994,6.09,6.09,5.94,6.09,0.0,0.0,20800.0
03/01/1994,6.28,6.38,6.09,6.09,-0.34,0.0,139400.0
02/28/1994,6.28,6.44,6.28,6.44,0.16,0.0,9700.0
02/25/1994,6.31,6.44,6.28,6.28,-0.16,0.0,92600.0
02/24/1994,6.28,6.44,6.28,6.44,0.16,0.0,17600.0
02/23/1994,6.28,6.44,6.28,6.28,0.0,0.0,43500.0
02/22/1994,6.44,6.44,6.28,6.28,-0.09,0.0,1400.0
02/18/1994,6.44,6.44,6.28,6.38,-0.03,0.0,22900.0
02/17/1994,6.28,6.41,6.28,6.41,-0.03,0.0,18800.0
02/16/1994,6.28,6.44,6.28,6.44,-0.09,0.0,34100.0
02/15/1994,6.63,6.69,6.44,6.53,-0.16,0.0,85800.0
02/14/1994,6.63,6.69,6.63,6.69,0.03,0.0,12600.0
02/11/1994,6.78,6.78,6.63,6.66,-0.13,0.0,139400.0
02/10/1994,6.63,6.78,6.63,6.78,0.0,0.0,84100.0
02/09/1994,6.63,6.78,6.63,6.78,0.16,0.0,24400.0
02/08/1994,6.63,6.78,6.63,6.63,-0.13,0.0,32300.0
02/07/1994,6.69,6.78,6.63,6.75,0.06,0.0,17300.0
02/04/1994,6.69,6.88,6.69,6.69,-0.09,0.0,24100.0
02/03/1994,6.69,6.88,6.69,6.78,-0.09,0.0,144400.0
02/02/1994,6.88,6.88,6.69,6.88,-0.09,0.0,2300.0
02/01/1994,6.69,6.97,6.69,6.97,0.19,0.0,12900.0
01/31/1994,6.97,6.97,6.78,6.78,-0.19,0.0,74700.0
01/28/1994,6.97,6.97,6.97,6.97,0.19,0.0,8500.0
01/27/1994,6.69,6.81,6.69,6.78,-0.09,0.0,7300.0
01/26/1994,6.97,6.97,6.69,6.88,-0.09,0.0,30800.0
01/25/1994,6.75,6.97,6.69,6.97,0.28,0.0,7000.0
01/24/1994,6.97,6.97,6.69,6.69,-0.34,0.0,49400.0
01/21/1994,6.88,7.13,6.88,7.03,0.13,0.0,61100.0
01/20/1994,6.88,7.13,6.88,6.91,0.03,0.0,45800.0
01/19/1994,7.13,7.13,6.88,6.88,-0.13,0.0,24900.0
01/18/1994,6.88,7.13,6.88,7.0,0.13,0.0,13800.0
01/17/1994,6.88,7.03,6.88,6.88,-0.09,0.0,24900.0
01/14/1994,7.13,7.13,6.88,6.97,-0.06,0.0,18200.0
01/13/1994,6.88,7.03,6.88,7.03,0.03,0.0,216400.0
01/12/1994,6.69,7.0,6.63,7.0,0.38,0.0,312600.0
01/11/1994,6.69,6.69,6.63,6.63,-0.06,0.0,48200.0
01/10/1994,6.69,6.69,6.63,6.69,0.0,0.0,37300.0
01/07/1994,6.69,6.69,6.63,6.69,0.03,0.0,104700.0
01/06/1994,6.63,6.66,6.63,6.66,0.03,0.0,5800.0
01/05/1994,6.63,6.69,6.56,6.63,0.0,0.0,57000.0
01/04/1994,6.53,6.69,6.53,6.63,0.09,0.0,59900.0
01/03/1994,6.63,6.66,6.44,6.53,0.0,0.0,179900.0
12/31/1993,6.56,6.66,6.44,6.66,-0.03,0.0,39400.0
12/30/1993,6.69,6.69,6.44,6.69,0.19,0.0,56400.0
12/29/1993,6.53,6.63,6.44,6.5,-0.03,0.0,297300.0
12/28/1993,6.53,6.53,6.38,6.53,0.0,0.0,16700.0
12/27/1993,6.53,6.53,6.38,6.53,0.09,0.0,4100.0
12/23/1993,6.38,6.44,6.38,6.44,0.0,0.0,9100.0
12/22/1993,6.53,6.53,6.38,6.44,-0.09,0.0,40500.0
12/21/1993,6.38,6.53,6.38,6.53,0.03,0.0,314700.0
12/20/1993,6.38,6.53,6.38,6.5,0.13,0.0,16700.0
12/17/1993,6.44,6.53,6.38,6.38,-0.03,0.0,30200.0
12/16/1993,6.19,6.44,6.19,6.41,0.19,0.0,37900.0
12/15/1993,6.19,6.22,6.19,6.22,0.03,0.0,22300.0
12/14/1993,6.41,6.44,6.19,6.19,-0.34,0.0,473200.0
12/13/1993,6.38,6.53,6.38,6.53,0.09,0.0,8800.0
12/10/1993,6.53,6.53,6.38,6.44,-0.09,0.0,42000.0
12/09/1993,6.53,6.53,6.38,6.53,0.25,0.0,115500.0
12/08/1993,6.44,6.53,6.28,6.28,-0.09,0.0,617300.0
12/07/1993,6.44,6.44,6.38,6.38,-0.06,0.0,296400.0
12/06/1993,6.38,6.44,6.38,6.44,0.03,0.0,17300.0
12/03/1993,6.53,6.53,6.38,6.41,-0.03,0.0,13800.0
12/02/1993,6.44,6.44,6.44,6.44,0.03,0.0,1100.0
12/01/1993,6.28,6.41,6.28,6.41,0.13,0.0,13500.0
11/30/1993,6.44,6.44,6.28,6.28,-0.16,0.0,21700.0
11/29/1993,6.44,6.53,6.44,6.44,0.0,0.0,1047900.0
11/26/1993,6.63,6.63,6.44,6.44,-0.19,0.0,24100.0
11/24/1993,6.63,6.63,6.53,6.63,0.0,0.0,5800.0
11/23/1993,6.44,6.63,6.44,6.63,0.06,0.0,16100.0
11/22/1993,6.78,6.78,6.44,6.56,-0.13,0.0,132600.0
11/19/1993,6.97,6.97,6.69,6.69,-0.09,0.0,189100.0
11/18/1993,7.03,7.03,6.78,6.78,0.0,0.0,14900.0
11/17/1993,7.03,7.03,6.78,6.78,-0.25,0.0,13200.0
11/16/1993,7.03,7.03,7.03,7.03,0.16,0.0,3500.0
11/15/1993,6.78,6.97,6.78,6.88,-0.16,0.0,34700.0
11/12/1993,7.03,7.03,6.78,7.03,0.16,0.0,102600.0
11/11/1993,7.03,7.03,6.88,6.88,-0.09,0.0,68800.0
11/10/1993,6.97,6.97,6.78,6.97,0.0,0.0,171100.0
11/09/1993,6.81,6.97,6.75,6.97,0.28,0.0,493200.0
11/08/1993,6.63,6.78,6.44,6.69,0.06,0.0,34100.0
11/05/1993,6.63,6.69,6.63,6.63,-0.06,0.0,154700.0
11/04/1993,6.88,6.88,6.69,6.69,-0.09,0.0,14700.0
11/03/1993,6.78,6.97,6.78,6.78,-0.19,0.0,17300.0
11/02/1993,6.97,6.97,6.78,6.97,0.19,0.0,42900.0
11/01/1993,6.88,6.88,6.69,6.78,0.09,0.0,17000.0
10/29/1993,6.69,6.69,6.69,6.69,0.0,0.0,11400.0
10/28/1993,6.88,6.88,6.69,6.69,0.0,0.0,510500.0
10/27/1993,6.69,6.88,6.69,6.69,0.0,0.0,36400.0
10/26/1993,6.78,6.97,6.69,6.69,0.0,0.0,185500.0
10/25/1993,6.78,6.97,6.69,6.69,-0.06,0.0,24100.0
10/22/1993,6.78,6.78,6.75,6.75,-0.03,0.0,40800.0
10/21/1993,6.69,6.78,6.53,6.78,-0.19,0.0,120200.0
10/20/1993,7.03,7.13,6.69,6.97,0.09,0.0,83800.0
10/19/1993,7.13,7.13,6.88,6.88,-0.25,0.0,43500.0
10/18/1993,7.28,7.28,7.03,7.13,-0.16,0.0,49400.0
10/15/1993,7.28,7.28,7.03,7.28,0.0,0.0,57600.0
10/14/1993,7.28,7.56,7.09,7.28,0.0,0.0,72300.0
10/13/1993,7.47,7.47,7.28,7.28,-0.19,0.0,157900.0
10/12/1993,7.28,7.63,7.22,7.47,0.19,0.0,49400.0
10/11/1993,7.28,7.47,7.22,7.28,-0.47,0.0,159700.0
10/08/1993,7.47,7.81,7.47,7.75,0.38,0.0,124400.0
10/07/1993,7.03,7.63,7.03,7.38,0.16,0.0,287300.0
10/06/1993,6.78,7.22,6.69,7.22,0.53,0.0,258800.0
10/05/1993,6.75,6.88,6.69,6.69,-0.19,0.0,48800.0
10/04/1993,6.69,6.97,6.69,6.88,0.0,0.0,34700.0
10/01/1993,6.78,6.88,6.69,6.88,0.0,0.0,79100.0
09/30/1993,6.69,7.03,6.69,6.88,0.34,0.0,201100.0
09/29/1993,6.38,6.69,6.38,6.53,0.16,0.0,120800.0
09/28/1993,6.28,6.38,6.19,6.38,0.28,0.0,131400.0
09/27/1993,5.94,6.28,5.75,6.09,0.28,0.0,1418800.0
09/24/1993,5.94,5.94,5.81,5.81,-0.22,0.0,105500.0
09/23/1993,5.75,6.03,5.75,6.03,0.19,0.0,26700.0
09/22/1993,5.75,5.84,5.75,5.84,0.09,0.0,10800.0
09/21/1993,5.75,5.81,5.75,5.75,-0.28,0.0,69400.0
09/20/1993,5.84,6.03,5.75,6.03,0.28,0.0,101400.0
09/17/1993,5.75,6.03,5.75,5.75,-0.19,0.0,39100.0
09/16/1993,6.03,6.03,5.94,5.94,0.09,0.0,30800.0
09/15/1993,6.09,6.09,5.84,5.84,0.0,0.0,23200.0
09/14/1993,6.03,6.03,5.84,5.84,-0.19,0.0,447300.0
09/13/1993,6.19,6.19,6.03,6.03,0.0,0.0,42300.0
09/10/1993,6.28,6.28,6.03,6.03,0.0,0.0,13200.0
09/09/1993,6.28,6.28,6.03,6.03,0.0,0.0,8800.0
09/08/1993,6.09,6.28,5.97,6.03,-0.25,0.0,1068500.0
09/07/1993,6.28,6.28,6.09,6.28,0.19,0.0,6700.0
09/03/1993,6.09,6.28,6.09,6.09,0.0,0.0,97900.0
09/02/1993,6.09,6.28,6.09,6.09,0.0,0.0,10200.0
09/01/1993,6.38,6.38,6.09,6.09,0.0,0.0,109100.0
08/31/1993,6.09,6.38,6.09,6.09,0.0,0.0,24700.0
08/30/1993,6.09,6.38,6.09,6.09,-0.34,0.0,32300.0
08/27/1993,6.28,6.44,6.28,6.44,0.0,0.0,107000.0
08/26/1993,6.44,6.44,6.28,6.44,0.0,0.0,69700.0
08/25/1993,6.53,6.53,6.28,6.44,-0.06,0.0,79100.0
08/24/1993,6.44,6.53,6.38,6.5,0.13,0.0,64700.0
08/23/1993,6.53,6.53,6.38,6.38,0.0,0.0,89900.0
08/20/1993,6.53,6.53,6.38,6.38,-0.03,0.0,11100.0
08/19/1993,6.38,6.53,6.38,6.41,0.03,0.0,306100.0
08/18/1993,6.38,6.53,6.38,6.38,0.0,0.0,697600.0
08/17/1993,6.38,6.44,6.38,6.38,-0.06,0.0,24700.0
08/16/1993,6.28,6.53,6.28,6.44,0.16,0.0,30800.0
08/13/1993,6.44,6.5,6.28,6.28,-0.13,0.0,11100.0
08/12/1993,6.53,6.53,6.41,6.41,-0.03,0.0,60200.0
08/11/1993,6.44,6.5,6.38,6.44,0.16,0.0,20800.0
08/10/1993,6.28,6.53,6.28,6.28,0.0,0.0,52600.0
08/09/1993,6.41,6.41,6.28,6.28,-0.09,0.0,15500.0
08/06/1993,6.53,6.53,6.38,6.38,0.0,0.0,21400.0
08/05/1993,6.38,6.44,6.38,6.38,0.0,0.0,38800.0
08/04/1993,6.53,6.53,6.28,6.38,0.09,0.0,10200.0
08/03/1993,6.28,6.53,6.28,6.28,-0.16,0.0,40500.0
08/02/1993,6.38,6.44,6.38,6.44,0.06,0.0,19900.0
07/30/1993,6.38,6.53,6.38,6.38,-0.16,0.0,7900.0
07/29/1993,6.19,6.53,6.19,6.53,0.22,0.0,45200.0
07/28/1993,6.19,6.38,6.19,6.31,0.13,0.0,134700.0
07/27/1993,6.19,6.38,6.19,6.19,-0.19,0.0,83200.0
07/26/1993,6.19,6.38,6.19,6.38,0.09,0.0,32000.0
07/23/1993,6.38,6.38,6.28,6.28,0.09,0.0,7900.0
07/22/1993,6.28,6.28,6.19,6.19,-0.09,0.0,11400.0
07/21/1993,6.19,6.38,6.19,6.28,0.0,0.0,232600.0
07/20/1993,6.19,6.28,6.19,6.28,0.09,0.0,53800.0
07/19/1993,6.19,6.38,6.19,6.19,0.0,0.0,41100.0
07/16/1993,6.19,6.19,6.19,6.19,0.0,0.0,22900.0
07/15/1993,6.19,6.38,6.19,6.19,0.0,0.0,9700.0
07/14/1993,6.28,6.38,6.19,6.19,-0.09,0.0,184900.0
07/13/1993,6.38,6.38,6.19,6.28,0.0,0.0,39400.0
07/12/1993,6.53,6.53,6.19,6.28,-0.09,0.0,117600.0
07/09/1993,6.38,6.63,6.09,6.38,0.09,0.0,147300.0
07/08/1993,6.09,6.28,5.94,6.28,0.25,0.0,108500.0
07/07/1993,5.84,6.03,5.84,6.03,0.0,0.0,26700.0
07/06/1993,6.03,6.03,5.84,6.03,0.28,0.0,22000.0
07/02/1993,5.75,6.03,5.75,5.75,0.0,0.0,103800.0
07/01/1993,5.94,6.03,5.75,5.75,-0.19,0.0,40800.0
06/30/1993,5.75,5.94,5.75,5.94,0.19,0.0,72000.0
06/29/1993,5.84,5.91,5.69,5.75,-0.09,0.0,21700.0
06/28/1993,5.69,5.84,5.69,5.84,0.16,0.0,10500.0
06/25/1993,5.75,5.75,5.69,5.69,-0.16,0.0,3200.0
06/24/1993,5.69,5.84,5.69,5.84,0.03,0.0,30800.0
06/23/1993,5.59,5.81,5.59,5.81,0.22,0.0,159100.0
06/22/1993,5.59,5.75,5.59,5.59,0.0,0.0,52000.0
06/21/1993,5.59,5.69,5.59,5.59,0.0,0.0,17300.0
06/18/1993,5.5,5.69,5.5,5.59,0.03,0.0,57300.0
06/17/1993,5.44,5.59,5.44,5.56,-0.03,0.0,52300.0
06/16/1993,5.44,5.59,5.44,5.59,0.0,0.0,5500.0
06/15/1993,5.44,5.59,5.44,5.59,0.16,0.0,29100.0
06/14/1993,5.44,5.5,5.44,5.44,0.0,0.0,115200.0
06/11/1993,5.44,5.59,5.44,5.44,-0.13,0.0,55800.0
06/10/1993,5.44,5.59,5.44,5.56,0.06,0.0,126100.0
06/09/1993,5.44,5.56,5.44,5.5,0.06,0.0,72000.0
06/08/1993,5.69,5.69,5.34,5.44,-0.06,0.0,143800.0
06/07/1993,5.69,5.94,5.5,5.5,-0.19,0.0,168500.0
06/04/1993,5.69,5.94,5.69,5.69,0.0,0.0,10200.0
06/03/1993,5.75,5.94,5.69,5.69,-0.34,0.0,391400.0
06/02/1993,6.03,6.03,5.75,6.03,0.13,0.0,68500.0
06/01/1993,5.75,6.03,5.75,5.91,0.31,0.0,492000.0
05/28/1993,5.5,5.75,5.44,5.59,0.0,0.0,374700.0
05/27/1993,5.59,5.75,5.34,5.59,0.16,0.0,1153800.0
05/26/1993,5.09,5.59,5.0,5.44,0.34,0.0,4540500.0
05/25/1993,5.16,5.16,4.91,5.09,0.06,0.0,64700.0
05/24/1993,5.09,5.16,4.91,5.03,-0.13,0.0,51400.0
05/21/1993,5.09,5.25,5.09,5.16,0.0,0.0,116100.0
05/20/1993,5.34,5.59,5.16,5.16,-0.19,0.0,63800.0
05/19/1993,5.44,5.59,5.34,5.34,-0.09,0.0,32600.0
05/18/1993,5.44,5.59,5.44,5.44,-0.25,0.0,8500.0
05/17/1993,5.44,5.69,5.44,5.69,0.19,0.0,5200.0
05/14/1993,5.5,5.56,5.5,5.5,-0.06,0.0,39900.0
05/13/1993,5.69,5.69,5.5,5.56,-0.13,0.0,81100.0
05/12/1993,5.5,5.69,5.5,5.69,0.13,0.0,71100.0
05/11/1993,5.5,5.56,5.5,5.56,0.06,0.0,25500.0
05/10/1993,5.5,5.5,5.5,5.5,-0.09,0.0,1700.0
05/07/1993,5.69,5.69,5.5,5.59,-0.09,0.0,7300.0
05/06/1993,5.69,5.69,5.5,5.69,0.19,0.0,4900.0
05/05/1993,5.5,5.5,5.5,5.5,-0.19,0.0,2300.0
05/04/1993,5.5,5.69,5.5,5.69,0.19,0.0,19900.0
05/03/1993,5.59,5.59,5.5,5.5,0.0,0.0,21700.0
04/30/1993,5.75,5.75,5.5,5.5,-0.09,0.0,23800.0
04/29/1993,5.69,5.72,5.59,5.59,-0.09,0.0,56400.0
04/28/1993,5.69,5.84,5.69,5.69,-0.13,0.0,21700.0
04/27/1993,5.5,5.81,5.5,5.81,0.31,0.0,73500.0
04/26/1993,5.5,5.69,5.5,5.5,-0.09,0.0,51100.0
04/23/1993,5.5,5.69,5.5,5.59,0.09,0.0,52600.0
04/22/1993,5.59,5.84,5.5,5.5,-0.09,0.0,38800.0
04/21/1993,5.69,5.94,5.59,5.59,-0.09,0.0,38800.0
04/20/1993,6.19,6.38,5.69,5.69,-0.5,0.0,124400.0
04/19/1993,6.19,6.19,6.19,6.19,-0.03,0.0,21100.0
04/16/1993,6.38,6.38,6.19,6.22,-0.06,0.0,82000.0
04/15/1993,6.19,6.28,6.09,6.28,0.09,0.0,203500.0
04/14/1993,6.19,6.31,6.19,6.19,-0.19,0.0,58800.0
04/13/1993,6.38,6.44,6.09,6.38,0.0,0.0,124400.0
04/12/1993,6.38,6.38,6.38,6.38,-0.06,0.0,10200.0
04/08/1993,6.53,6.53,6.38,6.44,-0.09,0.0,240200.0
04/07/1993,6.38,6.53,6.38,6.53,0.16,0.0,17900.0
04/06/1993,6.28,6.53,6.28,6.38,-0.16,0.0,7000.0
04/05/1993,6.28,6.53,6.28,6.53,0.0,0.0,7600.0
04/02/1993,6.53,6.53,6.28,6.53,0.0,0.0,64700.0
04/01/1993,6.53,6.53,6.44,6.53,0.0,0.0,32900.0
03/31/1993,6.53,6.53,6.38,6.53,0.16,0.0,6100.0
03/30/1993,6.53,6.53,6.38,6.38,0.0,0.0,20800.0
03/29/1993,6.53,6.53,6.38,6.38,-0.16,0.0,76100.0
03/26/1993,6.53,6.53,6.38,6.53,0.16,0.0,106700.0
03/25/1993,6.38,6.53,6.38,6.38,-0.16,0.0,35500.0
03/24/1993,6.53,6.53,6.38,6.53,0.13,0.0,23800.0
03/23/1993,6.53,6.53,6.41,6.41,0.03,0.0,21400.0
03/22/1993,6.38,6.44,6.38,6.38,0.0,0.0,10800.0
03/19/1993,6.38,6.53,6.38,6.38,0.0,0.0,196700.0
03/18/1993,6.53,6.53,6.38,6.38,-0.16,0.0,399100.0
03/17/1993,6.28,6.53,6.28,6.53,0.25,0.0,105200.0
03/16/1993,6.28,6.28,6.09,6.28,0.19,0.0,52600.0
03/15/1993,6.09,6.28,6.09,6.09,0.0,0.0,80800.0
03/12/1993,5.94,6.28,5.94,6.09,0.16,0.0,119100.0
03/11/1993,5.84,5.94,5.84,5.94,0.0,0.0,58200.0
03/10/1993,5.94,5.94,5.75,5.94,0.0,0.0,49400.0
03/09/1993,5.75,5.94,5.75,5.94,0.09,0.0,37300.0
03/08/1993,5.75,5.84,5.69,5.84,0.16,0.0,43200.0
03/05/1993,5.69,5.75,5.69,5.69,0.0,0.0,38800.0
03/04/1993,5.69,5.84,5.69,5.69,0.0,0.0,20500.0
03/03/1993,5.69,5.84,5.69,5.69,0.0,0.0,146100.0
03/02/1993,5.69,5.84,5.69,5.69,-0.13,0.0,46700.0
03/01/1993,5.84,5.84,5.69,5.81,0.06,0.0,140800.0
02/26/1993,5.69,5.84,5.69,5.75,0.0,0.0,207600.0
02/25/1993,5.69,5.75,5.69,5.75,-0.09,0.0,67900.0
02/24/1993,5.69,5.84,5.69,5.84,0.16,0.0,148800.0
02/23/1993,5.84,5.84,5.69,5.69,0.0,0.0,8200.0
02/22/1993,5.69,5.81,5.69,5.69,-0.16,0.0,70800.0
02/19/1993,5.69,5.84,5.69,5.84,0.16,0.0,28500.0
02/18/1993,5.69,5.84,5.69,5.69,0.0,0.0,89700.0
02/17/1993,5.69,5.84,5.69,5.69,0.0,0.0,97900.0
02/16/1993,5.69,5.84,5.69,5.69,0.0,0.0,257600.0
02/12/1993,5.75,5.84,5.69,5.69,-0.06,0.0,29700.0
02/11/1993,5.75,5.94,5.75,5.75,0.0,0.0,90800.0
02/10/1993,5.94,6.09,5.75,5.75,-0.22,0.0,160200.0
02/09/1993,5.94,6.09,5.94,5.97,-0.13,0.0,229400.0
02/08/1993,5.59,6.09,5.59,6.09,0.41,0.0,100200.0
02/05/1993,5.56,5.84,5.44,5.69,0.25,0.0,456700.0
02/04/1993,5.44,5.59,5.25,5.44,0.09,0.0,94400.0
02/03/1993,5.25,5.44,5.25,5.34,0.09,0.0,15500.0
02/02/1993,5.25,5.44,5.25,5.25,-0.19,0.0,87300.0
02/01/1993,5.25,5.44,5.25,5.44,0.0,0.0,51400.0
01/29/1993,5.25,5.44,5.25,5.44,0.19,0.0,35800.0
01/28/1993,5.28,5.44,5.25,5.25,0.0,0.0,77300.0
01/27/1993,5.25,5.44,5.25,5.25,-0.19,0.0,147900.0
01/26/1993,5.25,5.44,5.25,5.44,0.19,0.0,70800.0
01/25/1993,5.09,5.44,5.09,5.25,0.16,0.0,197900.0
01/22/1993,5.09,5.25,5.09,5.09,-0.16,0.0,115500.0
01/21/1993,5.09,5.25,5.09,5.25,0.09,0.0,463200.0
01/20/1993,5.09,5.25,5.0,5.16,0.06,0.0,123200.0
01/19/1993,5.16,5.16,5.0,5.09,-0.03,0.0,134100.0
01/18/1993,5.0,5.16,5.0,5.13,0.13,0.0,90500.0
01/15/1993,5.16,5.16,4.91,5.0,0.09,0.0,27300.0
01/14/1993,5.09,5.16,4.91,4.91,-0.19,0.0,620500.0
01/13/1993,5.0,5.09,4.66,5.09,0.19,0.0,576100.0
01/12/1993,5.0,5.0,4.84,4.91,0.06,0.0,698500.0
01/11/1993,4.91,5.0,4.84,4.84,-0.16,0.0,305500.0
01/08/1993,5.0,5.0,4.84,5.0,0.0,0.0,157000.0
01/07/1993,5.09,5.09,5.0,5.0,-0.09,0.0,609100.0
01/06/1993,4.91,5.09,4.88,5.09,0.19,0.0,1205800.0
01/05/1993,4.84,5.0,4.69,4.91,0.34,0.0,665800.0
01/04/1993,4.5,4.75,4.5,4.56,0.0,0.0,183800.0
12/31/1992,4.56,4.66,4.5,4.66,0.09,0.0,230800.0
12/30/1992,4.5,4.56,4.5,4.56,0.03,0.0,74400.0
12/29/1992,4.56,4.56,4.41,4.53,0.09,0.0,106700.0
12/28/1992,4.56,4.56,4.41,4.44,-0.13,0.0,101100.0
12/24/1992,4.56,4.56,4.5,4.56,0.06,0.0,593800.0
12/23/1992,4.5,4.66,4.41,4.5,0.19,0.0,737300.0
12/22/1992,4.16,4.5,4.16,4.31,0.0,0.0,120500.0
12/21/1992,4.16,4.31,4.16,4.31,0.25,0.0,53500.0
12/18/1992,4.16,4.16,4.06,4.06,-0.09,0.0,373800.0
12/17/1992,3.97,4.16,3.97,4.16,0.19,0.0,116400.0
12/16/1992,3.97,4.16,3.97,3.97,-0.19,0.0,47600.0
12/15/1992,3.91,4.16,3.91,4.16,0.22,0.0,184900.0
12/14/1992,3.97,3.97,3.84,3.94,-0.03,0.0,83200.0
12/11/1992,3.97,3.97,3.81,3.97,0.16,0.0,39700.0
12/10/1992,3.91,4.06,3.81,3.81,-0.25,0.0,49700.0
12/09/1992,4.16,4.16,3.91,4.06,0.09,0.0,271700.0
12/08/1992,4.16,4.16,3.97,3.97,-0.06,0.0,378500.0
12/07/1992,3.97,4.16,3.97,4.03,0.06,0.0,42600.0
12/04/1992,3.91,4.16,3.91,3.97,0.06,0.0,570800.0
12/03/1992,3.81,4.06,3.63,3.91,0.09,0.0,545800.0
12/02/1992,3.63,3.81,3.47,3.81,0.31,0.0,167600.0
12/01/1992,3.56,3.56,3.47,3.5,0.0,0.0,242300.0
11/30/1992,3.5,3.56,3.47,3.5,-0.06,0.0,34700.0
11/27/1992,3.34,3.63,3.34,3.56,0.19,0.0,135200.0
11/25/1992,3.38,3.38,3.31,3.38,0.0,0.0,214400.0
11/24/1992,3.22,3.38,3.22,3.38,0.0,0.0,97000.0
11/23/1992,3.22,3.38,3.22,3.38,0.0,0.0,14400.0
11/20/1992,3.22,3.38,3.13,3.38,0.16,0.0,101100.0
11/19/1992,3.47,3.47,3.22,3.22,-0.16,0.0,43200.0
11/18/1992,3.38,3.47,3.31,3.38,-0.09,0.0,369700.0
11/17/1992,3.31,3.47,3.31,3.47,0.0,0.0,14100.0
11/16/1992,3.31,3.47,3.22,3.47,0.16,0.0,222900.0
11/13/1992,3.16,3.31,3.16,3.31,0.16,0.0,37300.0
11/12/1992,3.22,3.31,3.09,3.16,-0.06,0.0,52000.0
11/11/1992,3.22,3.22,3.03,3.22,0.09,0.0,15500.0
11/10/1992,3.03,3.22,3.03,3.13,0.0,0.0,63800.0
11/09/1992,3.22,3.22,3.09,3.13,0.09,0.0,83200.0
11/06/1992,3.16,3.22,3.03,3.03,-0.19,0.0,335200.0
11/05/1992,3.22,3.22,3.03,3.22,0.13,0.0,192600.0
11/04/1992,3.22,3.22,3.03,3.09,0.06,0.0,73500.0
11/03/1992,3.22,3.22,3.03,3.03,-0.19,0.0,2900.0
11/02/1992,3.22,3.22,3.22,3.22,0.0,0.0,4900.0
10/30/1992,3.03,3.22,3.03,3.22,0.19,0.0,5200.0
10/29/1992,3.13,3.22,3.03,3.03,-0.09,0.0,15800.0
10/28/1992,3.22,3.22,3.03,3.13,-0.09,0.0,44400.0
10/27/1992,3.13,3.22,3.09,3.22,0.09,0.0,143800.0
10/26/1992,3.13,3.16,3.03,3.13,0.0,0.0,309100.0
10/23/1992,3.13,3.13,3.13,3.13,0.16,0.0,200.0
10/22/1992,2.97,3.03,2.97,2.97,0.0,0.0,182600.0
10/21/1992,2.97,3.03,2.97,2.97,0.0,0.0,10800.0
10/20/1992,2.97,2.97,2.97,2.97,0.0,0.0,4100.0
10/19/1992,3.13,3.13,2.97,2.97,-0.16,0.0,25500.0
10/16/1992,3.03,3.13,2.97,3.13,0.09,0.0,15800.0
10/15/1992,3.13,3.22,3.03,3.03,-0.09,0.0,33500.0
10/14/1992,3.09,3.22,3.03,3.13,0.03,0.0,47000.0
10/13/1992,2.91,3.13,2.91,3.09,0.22,0.0,40800.0
10/12/1992,2.97,2.97,2.88,2.88,-0.16,0.0,6400.0
10/09/1992,2.88,3.03,2.78,3.03,0.16,0.0,55200.0
10/08/1992,2.88,2.88,2.72,2.88,0.0,0.0,9100.0
10/07/1992,2.88,2.88,2.88,2.88,0.0,0.0,800.0
10/06/1992,2.78,2.88,2.72,2.88,0.09,0.0,22900.0
10/05/1992,2.78,2.78,2.63,2.78,-0.09,0.0,43800.0
10/02/1992,2.97,2.97,2.78,2.88,-0.09,0.0,41100.0
10/01/1992,2.97,3.03,2.88,2.97,0.0,0.0,48800.0
09/30/1992,3.03,3.03,2.88,2.97,-0.06,0.0,56400.0
09/29/1992,2.97,3.03,2.88,3.03,0.06,0.0,45200.0
09/28/1992,2.91,2.97,2.91,2.97,0.09,0.0,11700.0
09/25/1992,2.88,3.03,2.88,2.88,0.0,0.0,11400.0
09/24/1992,2.91,3.03,2.88,2.88,-0.03,0.0,7000.0
09/23/1992,3.03,3.03,2.88,2.91,-0.13,0.0,40200.0
09/22/1992,3.0,3.03,2.88,3.03,0.03,0.0,20200.0
09/21/1992,2.97,3.03,2.88,3.0,0.03,0.0,54900.0
09/18/1992,2.97,3.13,2.97,2.97,0.0,0.0,323200.0
09/17/1992,3.13,3.13,2.97,2.97,-0.19,0.0,112600.0
09/16/1992,3.16,3.16,3.03,3.16,-0.06,0.0,18800.0
09/15/1992,3.03,3.22,3.03,3.22,0.19,0.0,30200.0
09/14/1992,3.03,3.22,3.03,3.03,0.0,0.0,99100.0
09/11/1992,3.22,3.22,3.03,3.03,-0.19,0.0,6400.0
09/10/1992,3.22,3.22,3.03,3.22,0.0,0.0,12600.0
09/09/1992,3.22,3.22,3.03,3.22,0.0,0.0,29100.0
09/08/1992,3.22,3.22,3.13,3.22,0.0,0.0,14900.0
09/04/1992,3.13,3.22,3.13,3.22,0.09,0.0,17000.0
09/03/1992,3.13,3.22,3.13,3.13,0.09,0.0,41700.0
09/02/1992,3.09,3.09,3.03,3.03,-0.09,0.0,47600.0
09/01/1992,3.03,3.22,3.03,3.13,0.09,0.0,52600.0
08/31/1992,3.03,3.22,3.03,3.03,0.0,0.0,6100.0
08/28/1992,3.03,3.22,3.03,3.03,0.0,0.0,169900.0
08/27/1992,3.03,3.16,3.03,3.03,0.0,0.0,104700.0
08/26/1992,3.03,3.09,3.03,3.03,0.0,0.0,29100.0
08/25/1992,3.13,3.31,3.03,3.03,-0.09,0.0,123200.0
08/24/1992,3.31,3.31,3.13,3.13,-0.19,0.0,21100.0
08/21/1992,3.13,3.31,3.13,3.31,0.28,0.0,198200.0
08/20/1992,3.16,3.22,3.03,3.03,-0.13,0.0,35800.0
08/19/1992,3.03,3.22,3.03,3.16,0.13,0.0,22300.0
08/18/1992,3.13,3.22,3.03,3.03,-0.09,0.0,30800.0
08/17/1992,2.97,3.22,2.97,3.13,0.16,0.0,53800.0
08/14/1992,2.97,3.09,2.97,2.97,0.0,0.0,8200.0
08/13/1992,2.97,3.0,2.97,2.97,0.0,0.0,3800.0
08/12/1992,3.03,3.03,2.97,2.97,-0.16,0.0,7600.0
08/11/1992,3.13,3.13,2.97,3.13,0.0,0.0,20800.0
08/10/1992,3.13,3.13,3.13,3.13,0.16,0.0,200.0
08/07/1992,2.97,3.13,2.97,2.97,0.0,0.0,89700.0
08/06/1992,2.97,3.13,2.97,2.97,0.0,0.0,6400.0
08/05/1992,3.13,3.13,2.97,2.97,-0.16,0.0,13500.0
08/04/1992,2.97,3.13,2.97,3.13,0.16,0.0,63200.0
08/03/1992,2.97,3.13,2.97,2.97,0.0,0.0,8200.0
07/31/1992,2.97,3.13,2.97,2.97,0.0,0.0,145200.0
07/30/1992,2.97,3.13,2.97,2.97,0.0,0.0,18500.0
07/29/1992,3.03,3.13,2.97,2.97,-0.06,0.0,7000.0
07/28/1992,3.13,3.13,2.97,3.03,-0.09,0.0,198500.0
07/27/1992,2.97,3.13,2.97,3.13,0.16,0.0,43200.0
07/24/1992,2.97,3.13,2.97,2.97,0.0,0.0,108800.0
07/23/1992,2.97,3.13,2.97,2.97,0.06,0.0,189400.0
07/22/1992,2.78,2.97,2.78,2.91,0.19,0.0,113200.0
07/21/1992,2.88,2.88,2.72,2.72,-0.16,0.0,8800.0
07/20/1992,2.88,2.88,2.72,2.88,0.0,0.0,24400.0
07/17/1992,2.88,2.88,2.72,2.88,0.0,0.0,6700.0
07/16/1992,2.72,2.88,2.72,2.88,0.16,0.0,18200.0
07/15/1992,2.72,2.72,2.72,2.72,-0.16,0.0,5800.0
07/14/1992,2.72,2.88,2.72,2.88,0.16,0.0,21700.0
07/13/1992,2.88,2.88,2.72,2.72,-0.16,0.0,39400.0
07/10/1992,2.63,2.88,2.63,2.88,0.25,0.0,52900.0
07/09/1992,2.63,2.63,2.63,2.63,0.0,0.0,500.0
07/08/1992,2.63,2.63,2.63,2.63,-0.16,0.0,200.0
07/07/1992,2.78,2.78,2.63,2.78,0.0,0.0,8500.0
07/06/1992,2.78,2.78,2.78,2.78,0.06,0.0,2600.0
07/02/1992,2.72,2.72,2.63,2.72,-0.06,0.0,4400.0
07/01/1992,2.63,2.78,2.63,2.78,0.16,0.0,8800.0
06/30/1992,2.63,2.72,2.53,2.63,0.0,0.0,109100.0
06/29/1992,2.53,2.63,2.53,2.63,0.09,0.0,203500.0
06/26/1992,2.53,2.53,2.38,2.53,0.0,0.0,10800.0
06/25/1992,2.53,2.53,2.44,2.53,0.0,0.0,4400.0
06/24/1992,2.5,2.53,2.41,2.53,0.03,0.0,11400.0
06/23/1992,2.38,2.53,2.38,2.5,0.13,0.0,21100.0
06/22/1992,2.44,2.44,2.28,2.38,-0.06,0.0,19400.0
06/19/1992,2.44,2.44,2.28,2.44,0.0,0.0,436100.0
06/18/1992,2.38,2.44,2.19,2.44,0.06,0.0,135200.0
06/17/1992,2.63,2.72,2.19,2.38,-0.25,0.0,2625200.0
06/16/1992,2.63,2.78,2.63,2.63,0.0,0.0,16700.0
06/15/1992,2.63,2.63,2.63,2.63,-0.16,0.0,3800.0
06/12/1992,2.78,2.78,2.63,2.78,0.0,0.0,14100.0
06/11/1992,2.78,2.78,2.78,2.78,0.16,0.0,500.0
06/10/1992,2.63,2.78,2.63,2.63,0.0,0.0,156100.0
06/09/1992,2.63,2.78,2.63,2.63,0.0,0.0,37000.0
06/08/1992,2.72,2.72,2.63,2.63,-0.09,0.0,5200.0
06/05/1992,2.84,2.84,2.72,2.72,-0.16,0.0,24400.0
06/04/1992,2.84,2.88,2.78,2.88,0.03,0.0,20500.0
06/03/1992,2.84,2.88,2.78,2.84,0.0,0.0,10800.0
06/02/1992,2.78,2.84,2.78,2.84,0.06,0.0,9900.0
06/01/1992,2.78,2.84,2.78,2.78,0.0,0.0,194700.0
05/29/1992,2.78,2.88,2.78,2.78,0.0,0.0,40800.0
05/28/1992,2.84,2.88,2.78,2.78,-0.06,0.0,5500.0
05/27/1992,2.84,2.88,2.78,2.84,0.0,0.0,54100.0
05/26/1992,2.84,2.88,2.78,2.84,0.0,0.0,42900.0
05/22/1992,2.88,2.88,2.78,2.84,-0.03,0.0,52900.0
05/21/1992,2.78,2.88,2.78,2.88,0.09,0.0,6100.0
05/20/1992,2.78,2.88,2.78,2.78,0.0,0.0,26700.0
05/19/1992,2.88,2.88,2.78,2.78,-0.09,0.0,44900.0
05/18/1992,3.03,3.03,2.88,2.88,-0.16,0.0,122300.0
05/15/1992,2.97,3.03,2.97,3.03,0.06,0.0,13500.0
05/14/1992,2.97,3.03,2.97,2.97,0.0,0.0,9400.0
05/13/1992,2.97,2.97,2.97,2.97,-0.06,0.0,2300.0
05/12/1992,3.03,3.13,2.97,3.03,0.0,0.0,71700.0
05/11/1992,3.03,3.13,3.03,3.03,0.0,0.0,94900.0
05/08/1992,3.03,3.13,3.03,3.03,0.0,0.0,5500.0
05/07/1992,3.09,3.13,3.03,3.03,-0.06,0.0,201400.0
05/06/1992,3.09,3.13,3.03,3.09,0.0,0.0,27000.0
05/05/1992,3.13,3.13,3.03,3.09,-0.03,0.0,38800.0
05/04/1992,3.03,3.13,3.03,3.13,0.16,0.0,76400.0
05/01/1992,2.97,2.97,2.97,2.97,-0.06,0.0,2000.0
04/30/1992,3.03,3.13,3.03,3.03,0.06,0.0,69100.0
04/29/1992,2.97,2.97,2.97,2.97,-0.13,0.0,3500.0
04/28/1992,3.13,3.22,2.97,3.09,-0.03,0.0,63200.0
04/27/1992,3.13,3.22,3.13,3.13,0.0,0.0,38200.0
04/24/1992,3.31,3.31,3.13,3.13,-0.19,0.0,68500.0
04/23/1992,3.03,3.31,3.03,3.31,0.28,0.0,204900.0
04/22/1992,3.03,3.13,2.91,3.03,0.0,0.0,139100.0
04/21/1992,3.03,3.03,2.91,3.03,0.0,0.0,22900.0
04/20/1992,3.13,3.13,2.97,3.03,-0.09,0.0,49400.0
04/16/1992,3.22,3.22,2.97,3.13,-0.09,0.0,147000.0
04/15/1992,3.31,3.38,3.13,3.22,-0.09,0.0,39100.0
04/14/1992,3.25,3.31,3.13,3.31,0.06,0.0,34700.0
04/13/1992,3.13,3.25,3.13,3.25,0.13,0.0,4900.0
04/10/1992,3.31,3.31,3.13,3.13,-0.19,0.0,4100.0
04/09/1992,3.31,3.31,3.13,3.31,0.0,0.0,29900.0
04/08/1992,3.13,3.31,3.13,3.31,0.19,0.0,82000.0
04/07/1992,3.03,3.31,3.03,3.13,0.09,0.0,63800.0
04/06/1992,3.13,3.13,3.03,3.03,-0.09,0.0,29100.0
04/03/1992,3.22,3.31,2.97,3.13,-0.09,0.0,55500.0
04/02/1992,3.31,3.38,3.22,3.22,-0.09,0.0,18200.0
04/01/1992,3.38,3.38,3.22,3.31,-0.06,0.0,27900.0
03/31/1992,3.25,3.38,3.22,3.38,0.13,0.0,27300.0
03/30/1992,3.34,3.38,3.22,3.25,-0.09,0.0,104900.0
03/27/1992,3.47,3.47,3.22,3.34,-0.13,0.0,117000.0
03/26/1992,3.47,3.47,3.38,3.47,0.0,0.0,30200.0
03/25/1992,3.47,3.47,3.38,3.47,0.0,0.0,90500.0
03/24/1992,3.47,3.47,3.38,3.47,0.0,0.0,145200.0
03/23/1992,3.38,3.47,3.38,3.47,0.09,0.0,64900.0
03/20/1992,3.47,3.47,3.38,3.38,-0.09,0.0,88800.0
03/19/1992,3.44,3.47,3.38,3.47,0.03,0.0,82900.0
03/18/1992,3.38,3.47,3.38,3.44,0.06,0.0,100500.0
03/17/1992,3.47,3.47,3.38,3.38,-0.09,0.0,154900.0
03/16/1992,3.47,3.47,3.38,3.47,0.0,0.0,119100.0
03/13/1992,3.38,3.47,3.38,3.47,0.13,0.0,117000.0
03/12/1992,3.38,3.38,3.31,3.34,-0.03,0.0,122600.0
03/11/1992,3.34,3.38,3.31,3.38,0.03,0.0,47300.0
03/10/1992,3.38,3.38,3.22,3.34,-0.03,0.0,98800.0
03/09/1992,3.34,3.38,3.22,3.38,0.03,0.0,16400.0
03/06/1992,3.38,3.56,3.22,3.34,-0.03,0.0,220200.0
03/05/1992,3.59,3.63,3.38,3.38,-0.22,0.0,351100.0
03/04/1992,3.47,3.63,3.47,3.59,0.13,0.0,356400.0
03/03/1992,3.38,3.63,3.31,3.47,0.09,0.0,650200.0
03/02/1992,3.22,3.38,3.13,3.38,0.16,0.0,175200.0
02/28/1992,3.03,3.22,3.03,3.22,0.19,0.0,49900.0
02/27/1992,3.09,3.22,3.03,3.03,-0.06,0.0,144700.0
02/26/1992,2.97,3.22,2.97,3.09,0.13,0.0,167900.0
02/25/1992,3.03,3.22,2.97,2.97,-0.06,0.0,253500.0
02/24/1992,3.03,3.22,3.03,3.03,0.0,0.0,56400.0
02/21/1992,3.22,3.22,3.03,3.03,-0.19,0.0,49700.0
02/20/1992,3.03,3.22,3.03,3.22,0.19,0.0,68200.0
02/19/1992,3.03,3.22,3.03,3.03,0.0,0.0,58200.0
02/18/1992,3.22,3.22,3.03,3.03,-0.19,0.0,212600.0
02/14/1992,3.03,3.22,3.03,3.22,0.19,0.0,407000.0
02/13/1992,3.13,3.31,2.97,3.03,-0.09,0.0,208200.0
02/12/1992,2.97,3.13,2.88,3.13,0.16,0.0,199100.0
02/11/1992,2.88,3.13,2.78,2.97,0.09,0.0,376400.0
02/10/1992,2.78,2.97,2.72,2.88,0.09,0.0,429900.0
02/07/1992,2.72,2.88,2.72,2.78,0.06,0.0,154400.0
02/06/1992,2.63,2.88,2.63,2.72,0.09,0.0,77000.0
02/05/1992,2.63,2.88,2.63,2.63,0.0,0.0,92000.0
02/04/1992,2.78,2.88,2.63,2.63,-0.16,0.0,182300.0
02/03/1992,2.78,2.78,2.66,2.78,0.0,0.0,152600.0
01/31/1992,2.78,2.78,2.63,2.78,0.0,0.0,88800.0
01/30/1992,2.63,2.78,2.63,2.78,0.16,0.0,92900.0
01/29/1992,2.63,2.78,2.63,2.63,0.0,0.0,239700.0
01/28/1992,2.78,2.78,2.63,2.63,-0.16,0.0,67600.0
01/27/1992,2.63,2.78,2.63,2.78,0.16,0.0,95200.0
01/24/1992,2.72,2.88,2.63,2.63,-0.09,0.0,195500.0
01/23/1992,2.72,2.88,2.72,2.72,0.0,0.0,521400.0
01/22/1992,2.88,2.88,2.72,2.72,-0.16,0.0,341400.0
01/21/1992,2.63,2.88,2.44,2.88,0.25,0.0,737900.0
01/20/1992,2.44,2.63,2.44,2.63,0.19,0.0,300500.0
01/17/1992,2.44,2.63,2.38,2.44,0.0,0.0,379700.0
01/16/1992,2.44,2.44,2.38,2.44,0.0,0.0,246400.0
01/15/1992,2.44,2.44,2.38,2.44,0.0,0.0,125800.0
01/14/1992,2.28,2.44,2.28,2.44,0.16,0.0,346700.0
01/13/1992,2.44,2.44,2.28,2.28,-0.16,0.0,78800.0
01/10/1992,2.38,2.44,2.28,2.44,0.06,0.0,150200.0
01/09/1992,2.38,2.44,2.38,2.38,0.0,0.0,351400.0
01/08/1992,2.44,2.44,2.28,2.38,-0.06,0.0,210800.0
01/07/1992,2.31,2.44,2.28,2.44,0.13,0.0,359900.0
01/06/1992,2.28,2.44,2.28,2.31,0.03,0.0,197300.0
01/03/1992,2.38,2.44,2.19,2.28,-0.09,0.0,363500.0
01/02/1992,2.38,2.44,2.38,2.38,0.0,0.0,69100.0
12/31/1991,2.38,2.44,2.38,2.38,0.0,0.0,387300.0
12/30/1991,2.38,2.38,2.38,2.38,0.0,0.0,59700.0
12/27/1991,2.41,2.44,2.38,2.38,-0.03,0.0,48800.0
12/26/1991,2.38,2.44,2.38,2.41,0.03,0.0,259900.0
12/24/1991,2.38,2.44,2.38,2.38,0.0,0.0,40800.0
12/23/1991,2.38,2.38,2.38,2.38,0.0,0.0,75800.0
12/20/1991,2.38,2.44,2.38,2.38,0.0,0.0,169400.0
12/19/1991,2.44,2.44,2.38,2.38,-0.06,0.0,24100.0
12/18/1991,2.38,2.44,2.38,2.44,0.06,0.0,30800.0
12/17/1991,2.38,2.44,2.38,2.38,0.0,0.0,76400.0
12/16/1991,2.38,2.44,2.38,2.38,0.0,0.0,38200.0
12/13/1991,2.38,2.44,2.38,2.38,0.0,0.0,65200.0
12/12/1991,2.38,2.44,2.38,2.38,0.0,0.0,92900.0
12/11/1991,2.38,2.38,2.38,2.38,0.0,0.0,82300.0
12/10/1991,2.38,2.41,2.38,2.38,0.0,0.0,124400.0
12/09/1991,2.41,2.44,2.38,2.38,-0.03,0.0,74100.0
12/06/1991,2.38,2.44,2.38,2.41,0.03,0.0,84100.0
12/05/1991,2.38,2.44,2.38,2.38,0.0,0.0,161400.0
12/04/1991,2.38,2.44,2.38,2.38,0.0,0.0,95200.0
