03/18/2024,0.03729613250727212,0.4,0.474,0.325
03/15/2024,0.03773872016907834,0.41,0.485,0.334
03/14/2024,0.03903743715973168,0.42,0.498,0.341
03/13/2024,0.03824759469561452,0.42,0.496,0.343
03/12/2024,0.03494879826331658,0.43,0.499,0.36
03/11/2024,0.032108215460377114,0.43,0.494,0.365
03/08/2024,0.0315047615456775,0.43,0.493,0.366
03/07/2024,0.03346303184186991,0.43,0.496,0.363
03/06/2024,0.03616168552556698,0.42,0.492,0.347
03/05/2024,0.040522129757084586,0.42,0.501,0.338
03/04/2024,0.041638918094133996,0.42,0.503,0.336
03/01/2024,0.043220886155306906,0.42,0.506,0.333
02/29/2024,0.0453717423078506,0.42,0.51,0.329
02/28/2024,0.04561712945868032,0.42,0.511,0.328
02/27/2024,0.04799692177681814,0.42,0.515,0.324
02/26/2024,0.04604134554995108,0.41,0.502,0.317
02/23/2024,0.0453061088601747,0.41,0.5,0.319
02/22/2024,0.04388158497650239,0.41,0.497,0.322
02/21/2024,0.04313113144875751,0.4,0.486,0.313
02/20/2024,0.04329040309410389,0.4,0.486,0.313
02/16/2024,0.040571618159743146,0.4,0.481,0.318
02/15/2024,0.037341045782088106,0.39,0.464,0.315
02/14/2024,0.03010328387568373,0.39,0.45,0.329
02/13/2024,0.01810075136700132,0.38,0.416,0.343
02/12/2024,0.01874128330851439,0.38,0.417,0.342
02/09/2024,0.01577787058034132,0.38,0.411,0.348
02/08/2024,0.016234675852938984,0.38,0.412,0.347
02/07/2024,0.017096452849933524,0.38,0.414,0.345
02/06/2024,0.01491652439578336,0.38,0.409,0.35
02/05/2024,0.013017630354638283,0.38,0.406,0.353
02/02/2024,0.014333830613272924,0.38,0.408,0.351
02/01/2024,0.012388631887742895,0.39,0.414,0.365
01/31/2024,0.015231430689531434,0.39,0.42,0.359
01/30/2024,0.02166052169385585,0.39,0.433,0.346
01/29/2024,0.029895471229769904,0.4,0.459,0.34
01/26/2024,0.03118880728803203,0.4,0.462,0.337
01/25/2024,0.03193627561332097,0.4,0.463,0.336
01/24/2024,0.032123903873128495,0.4,0.464,0.335
01/23/2024,0.0329900090944213,0.4,0.465,0.334
01/22/2024,0.03346850011578051,0.4,0.466,0.333
01/19/2024,0.030919217325152328,0.41,0.471,0.348
01/18/2024,0.03208820655630351,0.4,0.464,0.335
01/17/2024,0.031273671034913686,0.4,0.462,0.337
01/16/2024,0.03034340125958195,0.41,0.47,0.349
01/12/2024,0.030837379914642547,0.41,0.471,0.348
01/11/2024,0.031116145326823497,0.4,0.462,0.337
01/10/2024,0.030677662883603105,0.41,0.471,0.348
01/09/2024,0.030074594428686808,0.41,0.47,0.349
01/08/2024,0.030091771799779416,0.41,0.47,0.349
01/05/2024,0.0313100978926927,0.41,0.472,0.347
01/04/2024,0.03289701703878331,0.42,0.485,0.354
01/03/2024,0.0340608313176587,0.42,0.488,0.351
01/02/2024,0.034695010160684485,0.42,0.489,0.35
12/29/2023,0.03245716762211391,0.42,0.484,0.355
12/28/2023,0.034628532022741014,0.42,0.489,0.35
12/27/2023,0.035120581288611945,0.42,0.49,0.349
12/26/2023,0.03667401300716898,0.42,0.493,0.346
12/22/2023,0.03950579362637839,0.42,0.499,0.34
12/21/2023,0.03818803778737525,0.43,0.506,0.353
12/20/2023,0.0393449342997291,0.43,0.508,0.351
12/19/2023,0.040943256221873704,0.44,0.521,0.358
12/18/2023,0.04099450853529043,0.44,0.521,0.358
12/15/2023,0.03966194309473503,0.45,0.529,0.37
12/14/2023,0.0376219065844622,0.45,0.525,0.374
12/13/2023,0.03270268880459219,0.46,0.525,0.394
12/12/2023,0.03321617610517503,0.47,0.536,0.403
12/11/2023,0.030470569817448456,0.47,0.53,0.409
12/08/2023,0.02658083190947944,0.48,0.533,0.426
12/07/2023,0.02548020064677671,0.48,0.53,0.429
12/06/2023,0.024710911229657243,0.48,0.529,0.43
12/05/2023,0.024782637571493484,0.48,0.529,0.43
12/04/2023,0.024092553310099792,0.48,0.528,0.431
12/01/2023,0.024150230330164568,0.48,0.528,0.431
11/30/2023,0.024852406825094434,0.48,0.529,0.43
11/29/2023,0.024918640111370453,0.48,0.529,0.43
11/28/2023,0.024925772304985865,0.48,0.529,0.43
11/27/2023,0.025330124064046753,0.48,0.53,0.429
11/24/2023,0.027012034263453766,0.48,0.534,0.425
11/22/2023,0.02849591681364192,0.48,0.536,0.423
11/21/2023,0.028631617052657026,0.47,0.527,0.412
11/20/2023,0.02826927652151715,0.47,0.526,0.413
11/17/2023,0.02816254596179118,0.47,0.526,0.413
11/16/2023,0.02838621795960146,0.47,0.526,0.413
11/15/2023,0.02639154921655795,0.47,0.522,0.417
11/14/2023,0.012580118045948534,0.46,0.485,0.434
11/13/2023,0.01449349405940472,0.46,0.488,0.431
11/10/2023,0.015512168450929092,0.46,0.491,0.428
11/09/2023,0.01624048552383825,0.47,0.502,0.437
11/08/2023,0.022893555207743513,0.47,0.515,0.424
11/07/2023,0.027917787699780226,0.47,0.525,0.414
11/06/2023,0.032110471345808675,0.48,0.544,0.415
11/03/2023,0.036453386263144344,0.48,0.552,0.407
11/02/2023,0.04286123971667176,0.48,0.565,0.394
11/01/2023,0.04396345493759562,0.49,0.577,0.402
10/31/2023,0.04655590585575583,0.5,0.593,0.406
10/30/2023,0.04858931981413199,0.5,0.597,0.402
10/27/2023,0.04737229675664881,0.51,0.604,0.415
10/26/2023,0.048694830321092605,0.52,0.617,0.422
10/25/2023,0.053683051329074055,0.53,0.637,0.422
10/24/2023,0.05732862286851133,0.54,0.654,0.425
10/23/2023,0.057634546931506284,0.54,0.655,0.424
10/20/2023,0.05962096946544899,0.55,0.669,0.43
10/19/2023,0.06498138194898598,0.56,0.689,0.43
10/18/2023,0.06430700972677862,0.58,0.708,0.451
10/17/2023,0.06997530635874344,0.59,0.729,0.45
10/16/2023,0.07202043807177237,0.6,0.744,0.455
10/13/2023,0.06565570995770284,0.61,0.741,0.478
10/12/2023,0.06960289864653627,0.63,0.769,0.49
10/11/2023,0.07054199812877432,0.64,0.781,0.498
10/10/2023,0.07344422033080616,0.65,0.796,0.503
10/09/2023,0.07403200321482596,0.66,0.808,0.511
10/06/2023,0.07302332161713819,0.66,0.806,0.513
10/05/2023,0.07285704838929451,0.67,0.815,0.524
10/04/2023,0.06896330183510647,0.68,0.817,0.542
10/03/2023,0.06207998872422578,0.69,0.814,0.565
10/02/2023,0.05535903720261038,0.69,0.8,0.579
09/29/2023,0.04746890034538402,0.7,0.794,0.605
09/28/2023,0.046434943738525185,0.7,0.792,0.607
09/27/2023,0.046877633259370076,0.7,0.793,0.606
09/26/2023,0.04700849391333442,0.7,0.794,0.605
09/25/2023,0.04898506405017758,0.7,0.797,0.602
09/22/2023,0.05049552950509579,0.7,0.8,0.599
09/21/2023,0.0508220424619082,0.7,0.801,0.598
09/20/2023,0.05479785123524462,0.7,0.809,0.59
09/19/2023,0.055393866989044915,0.7,0.81,0.589
09/18/2023,0.05889780131719689,0.71,0.827,0.592
09/15/2023,0.06399985156232786,0.71,0.837,0.582
09/14/2023,0.06841161451098783,0.71,0.846,0.573
09/13/2023,0.07490293385442255,0.72,0.869,0.57
09/12/2023,0.07654204400197319,0.72,0.873,0.566
09/11/2023,0.0940317632505102,0.73,0.918,0.541
09/08/2023,0.10520181795007155,0.75,0.96,0.539
09/07/2023,0.10565165639969872,0.74,0.951,0.528
09/06/2023,0.10687737131872209,0.75,0.963,0.536
09/05/2023,0.11417221641012318,0.77,0.998,0.541
09/01/2023,0.1274254880312412,0.79,1.044,0.535
08/31/2023,0.14505104274013336,0.81,1.1,0.519
08/30/2023,0.15449346426305546,0.84,1.148,0.531
08/29/2023,0.16248362994468088,0.86,1.184,0.535
08/28/2023,0.17034306560585316,0.89,1.23,0.549
08/25/2023,0.1690088932571301,0.92,1.258,0.581
08/24/2023,0.16404364205905694,0.96,1.288,0.631
08/23/2023,0.16197731785654434,0.97,1.293,0.646
08/22/2023,0.15929862366009317,0.99,1.308,0.671
08/21/2023,0.15287462673707497,1.01,1.315,0.704
08/18/2023,0.14907984773268315,1.03,1.328,0.731
08/17/2023,0.1483902456362951,1.05,1.346,0.753
08/16/2023,0.1459574698328249,1.07,1.361,0.778
08/15/2023,0.13472514056403875,1.1,1.369,0.83
08/14/2023,0.1300691450729188,1.13,1.39,0.869
08/11/2023,0.13673343592552628,1.13,1.403,0.856
08/10/2023,0.12609929619153312,1.16,1.412,0.907
08/09/2023,0.12123173264455146,1.18,1.422,0.937
08/08/2023,0.09384408345761604,1.21,1.397,1.022
08/07/2023,0.08529361054615996,1.23,1.4,1.059
08/04/2023,0.09227675763701283,1.24,1.424,1.055
08/03/2023,0.09222255689363644,1.26,1.444,1.075
08/02/2023,0.09107689059250983,1.27,1.452,1.087
08/01/2023,0.094233751915118,1.28,1.468,1.091
07/31/2023,0.09833615815151618,1.29,1.486,1.093
07/28/2023,0.10735455276791946,1.3,1.514,1.085
07/27/2023,0.10019980039900281,1.31,1.51,1.109
07/26/2023,0.09924716620639605,1.33,1.528,1.131
07/25/2023,0.08868483523128405,1.34,1.517,1.162
07/24/2023,0.07063993204979742,1.36,1.501,1.218
07/21/2023,0.06012487006222962,1.37,1.49,1.249
07/20/2023,0.04764451699828633,1.38,1.475,1.284
07/19/2023,0.04159087039243103,1.39,1.473,1.306
07/18/2023,0.043471835710031805,1.39,1.476,1.303
07/17/2023,0.04381666920248498,1.4,1.487,1.312
07/14/2023,0.04577117542733634,1.41,1.501,1.318
07/13/2023,0.05025037810803018,1.42,1.52,1.319
07/12/2023,0.05414287118356395,1.43,1.538,1.321
07/11/2023,0.057502612984107096,1.44,1.555,1.324
07/10/2023,0.06528131815458389,1.45,1.58,1.319
07/07/2023,0.07580798440797647,1.47,1.621,1.318
07/06/2023,0.07494631745456214,1.48,1.629,1.33
07/05/2023,0.07065444430465789,1.49,1.631,1.348
07/03/2023,0.07093694735467551,1.49,1.631,1.348
06/30/2023,0.07366919641206904,1.5,1.647,1.352
06/29/2023,0.09004027154557014,1.51,1.69,1.329
06/28/2023,0.09092497181742762,1.52,1.701,1.338
06/27/2023,0.08704855254396827,1.53,1.704,1.355
06/26/2023,0.08439461179482968,1.53,1.698,1.361
06/23/2023,0.08128622577042191,1.53,1.692,1.367
06/22/2023,0.0731611269732773,1.54,1.686,1.393
06/21/2023,0.06761101981186204,1.55,1.685,1.414
06/20/2023,0.061369780837151444,1.56,1.682,1.437
06/16/2023,0.05767365082947325,1.56,1.675,1.444
06/15/2023,0.059002118606029726,1.57,1.688,1.451
06/14/2023,0.05963430220938281,1.58,1.699,1.46
06/13/2023,0.07071067811865475,1.59,1.731,1.448
06/12/2023,0.07924645102463579,1.6,1.758,1.441
06/09/2023,0.09241212041718337,1.61,1.794,1.425
06/08/2023,0.11708970919769164,1.63,1.864,1.395
06/07/2023,0.14989996664442587,1.65,1.949,1.35
06/06/2023,0.16679328523654657,1.67,2.003,1.336
06/05/2023,0.1782414093301553,1.7,2.056,1.343
06/02/2023,0.19524343778985245,1.73,2.12,1.339
06/01/2023,0.2008979840615629,1.75,2.151,1.348
05/31/2023,0.2336343296692504,1.76,2.227,1.292
05/30/2023,0.30688760157425715,1.82,2.433,1.206
05/26/2023,0.30141566067475656,1.84,2.442,1.237
05/25/2023,0.30315012782448236,1.89,2.496,1.283
05/24/2023,0.29363242327781175,1.9,2.487,1.312
05/23/2023,0.28973263537268285,1.91,2.489,1.33
05/22/2023,0.27598007174432,1.93,2.481,1.378
05/19/2023,0.25775957790157866,1.97,2.485,1.454
05/18/2023,0.2571575392633862,1.98,2.494,1.465
05/17/2023,0.23616731357239093,2.0,2.472,1.527
05/16/2023,0.23385893183712272,2.01,2.477,1.542
05/15/2023,0.21644860821913367,2.03,2.462,1.597
05/12/2023,0.21416115427406537,2.03,2.458,1.601
05/11/2023,0.22375209496225956,2.03,2.477,1.582
05/10/2023,0.25555821254657424,2.0,2.511,1.488
05/09/2023,0.27606158733152286,1.96,2.512,1.407
05/08/2023,0.2944316559067656,1.95,2.538,1.361
05/05/2023,0.31714350064284785,1.94,2.574,1.305
05/04/2023,0.3122819239085094,1.91,2.534,1.285
05/03/2023,0.341964910480593,1.89,2.573,1.206
05/02/2023,0.30649632950493877,1.83,2.442,1.217
05/01/2023,0.2647923714913253,1.79,2.319,1.26
04/28/2023,0.31272192120156844,1.78,2.405,1.154
04/27/2023,0.2229910312097776,1.75,2.195,1.304
04/26/2023,0.2247256115799888,1.75,2.199,1.3
04/25/2023,0.30168692381341294,1.8,2.403,1.196
04/24/2023,0.339587985653203,1.82,2.499,1.14
04/21/2023,0.3594996522946858,1.83,2.548,1.111
04/20/2023,0.3587617593891523,1.83,2.547,1.112
04/19/2023,0.3653970443230213,1.82,2.55,1.089
04/18/2023,0.36478760943869787,1.8,2.529,1.07
04/17/2023,0.3654449342924321,1.78,2.51,1.049
04/14/2023,0.36984456194460935,1.76,2.499,1.02
04/13/2023,0.3629187236834165,1.77,2.495,1.044
04/12/2023,0.3579594949152767,1.78,2.495,1.064
04/11/2023,0.35114099732158877,1.8,2.502,1.097
04/10/2023,0.34988569562072697,1.82,2.519,1.12
04/06/2023,0.35298016941465704,1.84,2.545,1.134
04/05/2023,0.3487979357737084,1.87,2.567,1.172
04/04/2023,0.34135025999697144,1.91,2.592,1.227
04/03/2023,0.3501856650407038,1.96,2.66,1.259
03/31/2023,0.34147474284344953,2.01,2.692,1.327
03/30/2023,0.35560511807340456,2.04,2.751,1.328
03/29/2023,0.3758058009131844,2.1,2.851,1.348
03/28/2023,0.3947974164049202,2.11,2.899,1.32
03/27/2023,0.3500785626113087,2.07,2.77,1.369
03/24/2023,0.3193587324624144,2.03,2.668,1.391
03/23/2023,0.3311646116359657,2.01,2.672,1.347
03/22/2023,0.30983866769659335,2.04,2.659,1.42
03/21/2023,0.30811523818208014,2.07,2.686,1.453
03/20/2023,0.27743467699622554,2.1,2.654,1.545
03/17/2023,0.25148558606806876,2.13,2.632,1.627
03/16/2023,0.23355941428253327,2.15,2.617,1.682
03/15/2023,0.18700267377767626,2.2,2.574,1.825
03/14/2023,0.17884350701101787,2.21,2.567,1.852
03/13/2023,0.15537052487521563,2.23,2.54,1.919
03/10/2023,0.15277434339574167,2.23,2.535,1.924
03/09/2023,0.14949916387726053,2.24,2.538,1.941
03/08/2023,0.15559562975867927,2.24,2.551,1.928
03/07/2023,0.14413535305399575,2.23,2.518,1.941
03/06/2023,0.1572895419282541,2.24,2.554,1.925
03/03/2023,0.14228492541376261,2.22,2.504,1.935
03/02/2023,0.10888066862395727,2.19,2.407,1.972
03/01/2023,0.09030503861911578,2.17,2.35,1.989
02/28/2023,0.0963846460801719,2.19,2.382,1.997
02/27/2023,0.10693455942771726,2.21,2.423,1.996
02/24/2023,0.10798147989354467,2.22,2.435,2.004
02/23/2023,0.10259142264341593,2.24,2.445,2.034
02/22/2023,0.11173629669896887,2.24,2.463,2.016
02/21/2023,0.13885243966167823,2.28,2.557,2.002
02/17/2023,0.22378561169118982,2.31,2.757,1.862
02/16/2023,0.22233982999004023,2.33,2.774,1.885
02/15/2023,0.23098701262192212,2.35,2.811,1.888
02/14/2023,0.24765903981078502,2.38,2.875,1.884
02/13/2023,0.28033016248702175,2.41,2.97,1.849
02/10/2023,0.4516082373030855,2.52,3.423,1.616
02/09/2023,0.7382343801259869,2.67,4.146,1.193
02/08/2023,0.7425395612356287,2.73,4.215,1.244
02/07/2023,0.7357173370255726,2.79,4.261,1.318
02/06/2023,0.7359721462120697,2.79,4.261,1.318
02/03/2023,0.7180389961555014,2.81,4.246,1.373
02/02/2023,0.7369938941402433,2.8,4.273,1.326
02/01/2023,0.7784471722602633,2.76,4.316,1.203
01/31/2023,0.8196035627057755,2.72,4.359,1.08
01/30/2023,0.8597528714694705,2.67,4.389,0.95
01/27/2023,0.8969894090790592,2.63,4.423,0.836
01/26/2023,0.9227892500457512,2.59,4.435,0.744
01/25/2023,0.9433345111888995,2.58,4.466,0.693
01/24/2023,0.9583214492016757,2.55,4.466,0.633
01/23/2023,0.9492333224766185,2.48,4.378,0.581
01/20/2023,0.9557633600949558,2.45,4.361,0.538
01/19/2023,0.9714105210980577,2.43,4.372,0.487
01/18/2023,0.9655221387933061,2.39,4.321,0.458
01/17/2023,1.0710992486693285,2.45,4.592,0.307
01/13/2023,1.0156438846859661,2.34,4.371,0.308
01/12/2023,0.5955588975911619,2.13,3.321,0.938
01/11/2023,0.509317877655988,2.06,3.078,1.041
01/10/2023,0.3254129691637996,1.95,2.6,1.299
01/09/2023,0.3138050358104535,1.95,2.577,1.322
01/06/2023,0.2859688802999375,1.91,2.481,1.338
01/05/2023,0.3090603509025381,1.92,2.538,1.301
01/04/2023,0.31102861685060423,1.97,2.592,1.347
01/03/2023,0.3243487952806361,2.02,2.668,1.371
12/30/2022,0.35402546377344096,2.07,2.778,1.361
12/29/2022,0.32884746235907003,2.14,2.797,1.482
12/28/2022,0.33475564446324124,2.22,2.889,1.55
12/27/2022,0.33740649223155145,2.28,2.954,1.605
12/23/2022,0.3985249565585573,2.37,3.167,1.572
12/22/2022,0.588883639609728,2.48,3.657,1.302
12/21/2022,0.7615752362701929,2.62,4.143,1.096
12/20/2022,0.8873739293556014,2.78,4.554,1.005
12/19/2022,1.1637445555189507,2.99,5.317,0.662
12/16/2022,1.4141892343318132,3.21,6.038,0.381
12/15/2022,1.4090783525056372,3.34,6.158,0.521
12/14/2022,1.4084794251248403,3.47,6.286,0.653
12/13/2022,1.4073980570542224,3.62,6.434,0.805
12/12/2022,1.40362754710785,3.83,6.637,1.022
12/09/2022,1.5410526567901566,4.06,7.142,0.977
12/08/2022,1.525125664002806,4.21,7.26,1.159
12/07/2022,2.0994790522889244,4.65,8.848,0.451
12/06/2022,2.4330878099649422,5.09,9.956,0.223
12/05/2022,2.530340723795908,5.44,10.5,0.379
12/02/2022,2.4760472488423964,5.68,10.632,0.727
12/01/2022,2.692723802862076,6.13,11.515,0.744
11/30/2022,2.828674526788121,6.56,12.217,0.902
11/29/2022,2.8667317765183404,7.01,12.743,1.276
11/28/2022,2.828885112283636,7.48,13.137,1.822
11/25/2022,2.8314758657809533,7.86,13.522,2.197
11/23/2022,2.8699135144634584,8.18,13.919,2.44
11/22/2022,2.7715687490120104,8.58,14.123,3.036
11/21/2022,2.7696112598160774,8.86,14.399,3.32
11/18/2022,2.916119207182724,8.99,14.822,3.157
11/17/2022,2.7645450493706916,9.34,14.869,3.81
11/16/2022,2.563226936890294,9.69,14.816,4.563
11/15/2022,2.274931939641272,10.04,14.589,5.49
11/14/2022,1.8790752326610023,10.42,14.178,6.661
11/11/2022,1.9616022863975255,10.53,14.453,6.606
11/10/2022,0.9714315879154847,11.09,13.032,9.147
11/09/2022,0.9986895063031352,11.07,13.067,9.072
11/08/2022,1.0423942296463464,11.07,13.154,8.985
11/07/2022,1.1965142715404609,11.07,13.463,8.676
11/04/2022,0.058304390915264806,11.47,11.586,11.353
11/03/2022,0.04559826751094819,11.46,11.551,11.368
11/02/2022,0.042180587952279774,11.46,11.544,11.375
11/01/2022,0.03871694719370339,11.45,11.527,11.372
10/31/2022,0.036728762571042496,11.45,11.523,11.376
10/26/2022,0.036249165507636266,11.45,11.522,11.377
10/21/2022,0.035196619155822485,11.44,11.51,11.369
10/18/2022,0.03324154027718936,11.44,11.506,11.373
10/17/2022,0.033241540277189306,11.43,11.496,11.363
10/14/2022,0.030083217912982567,11.43,11.49,11.369
10/07/2022,0.025298221281346813,11.43,11.48,11.379
10/06/2022,0.024799193535274246,11.42,11.469,11.37
10/05/2022,0.024899799195977363,11.42,11.469,11.37
10/04/2022,0.022360679774997817,11.42,11.464,11.375
09/30/2022,0.02358495283014147,11.42,11.467,11.372
09/29/2022,0.02571478174124754,11.41,11.461,11.358
09/28/2022,0.02900431002454634,11.41,11.468,11.351
09/27/2022,0.029769951293208495,11.41,11.469,11.35
09/23/2022,0.031004031995854997,11.4,11.462,11.337
09/21/2022,0.031721443851123916,11.4,11.463,11.336
09/19/2022,0.030193550635856006,11.39,11.45,11.329
09/14/2022,0.029176188921790448,11.39,11.448,11.331
09/13/2022,0.02777138815399793,11.39,11.445,11.334
09/08/2022,0.026762847382145405,11.38,11.433,11.326
09/07/2022,0.025223996511259193,11.38,11.43,11.329
09/06/2022,0.024414145489859283,11.37,11.418,11.321
09/02/2022,0.022159659293409992,11.37,11.414,11.325
08/25/2022,0.021732475698824617,11.37,11.413,11.326
08/23/2022,0.030270422857964868,11.36,11.42,11.299
08/18/2022,0.02919589868457564,11.36,11.418,11.301
08/12/2022,0.02859196565470809,11.35,11.407,11.292
08/11/2022,0.029370061286963654,11.34,11.398,11.281
08/10/2022,0.03070179962152067,11.34,11.401,11.278
08/08/2022,0.030043310403482643,11.34,11.4,11.279
08/03/2022,0.029032102920732553,11.34,11.398,11.281
07/29/2022,0.02876565660644652,11.33,11.387,11.272
07/25/2022,0.030213622755307114,11.34,11.4,11.279
07/20/2022,0.028591309868559723,11.33,11.387,11.272
07/19/2022,0.029190126755463057,11.33,11.388,11.271
07/18/2022,0.030677483599539236,11.33,11.391,11.268
07/15/2022,0.029344641759612645,11.33,11.388,11.271
06/23/2022,0.02690925491350522,11.32,11.373,11.266
06/21/2022,0.03119949518822393,11.32,11.382,11.257
06/15/2022,0.03174915746913632,11.32,11.383,11.256
06/14/2022,0.03229099719736169,11.32,11.384,11.255
06/08/2022,0.03332579331388849,11.31,11.376,11.243
06/07/2022,0.033994242159519045,11.31,11.377,11.242
05/26/2022,0.037177399048346625,11.3,11.374,11.225
05/24/2022,0.039462114743130626,11.3,11.378,11.221
05/20/2022,0.0416204096568019,11.3,11.383,11.216
05/18/2022,0.04353341819797761,11.29,11.377,11.202
05/12/2022,0.047959967681390346,11.29,11.385,11.194
05/10/2022,0.052888174481636435,11.28,11.385,11.174
05/09/2022,0.0544852870048421,11.28,11.388,11.171
05/06/2022,0.058577696267436176,11.27,11.387,11.152
05/05/2022,0.05694599634741686,11.26,11.373,11.146
05/04/2022,0.053692145608087063,11.26,11.367,11.152
05/03/2022,0.05457972150900016,11.25,11.359,11.14
05/02/2022,0.06017974326964189,11.24,11.36,11.119
04/29/2022,0.057459564042899036,11.24,11.354,11.125
04/28/2022,0.057962932120451026,11.23,11.345,11.114
04/27/2022,0.05412486489590534,11.22,11.328,11.111
04/26/2022,0.03849675960389387,11.21,11.286,11.133
04/25/2022,0.03687954039843778,11.2,11.273,11.126
04/21/2022,0.030985488538991985,11.2,11.261,11.138
04/19/2022,0.028700261322852236,11.19,11.247,11.132
04/18/2022,0.02904660048955809,11.19,11.248,11.131
04/14/2022,0.029190837603604206,11.18,11.238,11.121
04/13/2022,0.02823304801115149,11.18,11.236,11.123
04/12/2022,0.025990479025981467,11.17,11.221,11.118
04/11/2022,0.02510985862166443,11.17,11.22,11.119
04/08/2022,0.025953891808358442,11.16,11.211,11.108
04/07/2022,0.02527062523959344,11.16,11.21,11.109
04/06/2022,0.02472659499405395,11.16,11.209,11.11
04/05/2022,0.023488390749474022,11.15,11.196,11.103
04/04/2022,0.021347529131025517,11.15,11.192,11.107
03/31/2022,0.020748915634316526,11.15,11.191,11.108
03/30/2022,0.032652986080908324,11.14,11.205,11.074
03/29/2022,0.03989006768607956,11.14,11.219,11.06
03/28/2022,0.04234580852929856,11.13,11.214,11.045
03/22/2022,0.04805067637401194,11.12,11.216,11.023
03/18/2022,0.05033753569653589,11.12,11.22,11.019
03/16/2022,0.0494425676922228,11.11,11.208,11.011
03/15/2022,0.05118854852406,11.1,11.202,10.997
03/10/2022,0.05118854852406,11.1,11.202,10.997
03/04/2022,0.0504134208321559,11.09,11.19,10.989
03/03/2022,0.05121389459902512,11.08,11.182,10.977
03/02/2022,0.05121389459902512,11.08,11.182,10.977
02/28/2022,0.05204914024265961,11.08,11.184,10.975
02/25/2022,0.05052982287718858,11.07,11.171,10.968
02/24/2022,0.049635299938652934,11.06,11.159,10.96
02/23/2022,0.04794437401823119,11.06,11.155,10.964
02/18/2022,0.04559674330475835,11.05,11.141,10.958
02/16/2022,0.041992707700266564,11.05,11.133,10.966
02/09/2022,0.03787462871105159,11.04,11.115,10.964
02/08/2022,0.02453516863606233,11.03,11.079,10.98
02/02/2022,0.011044206626100636,11.03,11.052,11.007
01/31/2022,0.011044206626100636,11.03,11.052,11.007
01/28/2022,0.010757532244897254,11.03,11.051,11.008
01/27/2022,0.011212693699553364,11.03,11.052,11.007
01/26/2022,0.011212693699553364,11.03,11.052,11.007
01/25/2022,0.011159995519712465,11.03,11.052,11.007
01/24/2022,0.00951971638232989,11.03,11.049,11.01
01/21/2022,0.009296504719517007,11.02,11.038,11.001
01/19/2022,0.009940674021413265,11.03,11.049,11.01
01/14/2022,0.011782062637755853,11.03,11.053,11.006
01/13/2022,0.011782062637755853,11.03,11.053,11.006
01/03/2022,0.011992372575933512,11.03,11.053,11.006
12/30/2021,0.013506183768926169,11.02,11.047,10.992
12/23/2021,0.015126698251766772,11.03,11.06,10.999
12/22/2021,0.016395639664252268,11.03,11.062,10.997
12/17/2021,0.01739014088499592,11.02,11.054,10.985
12/16/2021,0.017349135425144574,11.02,11.054,10.985
12/14/2021,0.017916263561356914,11.02,11.055,10.984
12/13/2021,0.018600873635396926,11.02,11.057,10.982
12/10/2021,0.01951902917667794,11.02,11.059,10.98
12/09/2021,0.01749264130999092,11.02,11.054,10.985
12/08/2021,0.017634993620639635,11.02,11.055,10.984
12/07/2021,0.018193199278851418,11.02,11.056,10.983
12/06/2021,0.025514554669835026,11.02,11.071,10.968
12/02/2021,0.0343350040046597,11.01,11.078,10.941
12/01/2021,0.03540892542848476,11.01,11.08,10.939
11/30/2021,0.03779936507403263,11.01,11.085,10.934
11/29/2021,0.04010182664168797,11.0,11.08,10.919
11/26/2021,0.04051622514499592,11.0,11.081,10.918
11/23/2021,0.04374773708433381,10.99,11.077,10.902
11/22/2021,0.042365581549177314,10.99,11.074,10.905
11/19/2021,0.04211582244240274,10.98,11.064,10.895
11/18/2021,0.04391335787661881,10.98,11.067,10.892
11/17/2021,0.04016444945471044,10.97,11.05,10.889
11/16/2021,0.039852013750875805,10.97,11.049,10.89
11/15/2021,0.0398482559216837,10.97,11.049,10.89
11/12/2021,0.0395952459267522,10.96,11.039,10.88
11/10/2021,0.0372712221425593,10.96,11.034,10.885
11/09/2021,0.03664264591974756,10.95,11.023,10.876
11/08/2021,0.03664264591974741,10.95,11.023,10.876
11/05/2021,0.037915478369657675,10.94,11.015,10.864
11/04/2021,0.021851395836421813,10.93,10.973,10.886
11/03/2021,0.021765419821358555,10.93,10.973,10.886
11/02/2021,0.026504405294214516,10.93,10.983,10.876
11/01/2021,0.024543502195081758,10.92,10.969,10.87
10/28/2021,0.024543502195081612,10.92,10.969,10.87
10/27/2021,0.025834453739144142,10.92,10.971,10.868
10/26/2021,0.024597133979388217,10.91,10.959,10.86
10/25/2021,0.024597133979388362,10.91,10.959,10.86
10/22/2021,0.02678135545486789,10.9,10.953,10.846
10/21/2021,0.02823545643335676,10.9,10.956,10.843
10/20/2021,0.034066119532461886,10.89,10.958,10.821
10/19/2021,0.03640742369352694,10.89,10.962,10.817
10/18/2021,0.03507991590639847,10.88,10.95,10.809
10/15/2021,0.03209361307176251,10.88,10.944,10.815
10/14/2021,0.02909037641557788,10.87,10.928,10.811
10/13/2021,0.029410882339705582,10.87,10.928,10.811
10/11/2021,0.028460498941515713,10.86,10.916,10.803
10/08/2021,0.028460498941515585,10.86,10.916,10.803
10/07/2021,0.029068883707497318,10.86,10.918,10.801
10/06/2021,0.029786985413096316,10.85,10.909,10.79
10/05/2021,0.02668828394633138,10.85,10.903,10.796
09/30/2021,0.025144870252200625,10.85,10.9,10.799
09/29/2021,0.02408245211767288,10.84,10.888,10.791
09/27/2021,0.023344474721012712,10.84,10.886,10.793
09/23/2021,0.02235988595677524,10.84,10.884,10.795
09/22/2021,0.02019070330622446,10.83,10.87,10.789
09/21/2021,0.0193045201960575,10.83,10.868,10.791
09/20/2021,0.02248031360991195,10.82,10.864,10.775
09/17/2021,0.027301364434767657,10.82,10.874,10.765
09/15/2021,0.031353859411561956,10.81,10.872,10.747
09/08/2021,0.03532795635187512,10.81,10.88,10.739
09/07/2021,0.03644261928017797,10.81,10.882,10.737
09/03/2021,0.038019580481641106,10.8,10.876,10.723
09/02/2021,0.0390313527820904,10.8,10.878,10.721
09/01/2021,0.03856094526849664,10.79,10.867,10.712
08/30/2021,0.038690392864378934,10.79,10.867,10.712
08/27/2021,0.0383270009262399,10.78,10.856,10.703
08/26/2021,0.03652340345586634,10.78,10.853,10.706
08/23/2021,0.03631747513250317,10.78,10.852,10.707
08/20/2021,0.03397196638406438,10.77,10.837,10.702
08/18/2021,0.03491553379228206,10.77,10.839,10.7
08/17/2021,0.03147053383722615,10.76,10.822,10.697
08/16/2021,0.022027142347567308,10.76,10.804,10.715
08/13/2021,0.022027142347567308,10.76,10.804,10.715
08/12/2021,0.01978875943559861,10.75,10.789,10.71
08/11/2021,0.014546305372842678,10.75,10.779,10.72
08/10/2021,0.014021233897200072,10.75,10.778,10.721
08/09/2021,0.014021233897200072,10.75,10.778,10.721
08/06/2021,0.014242366376413487,10.75,10.778,10.721
08/05/2021,0.016101086919832194,10.74,10.772,10.707
08/04/2021,0.01625561441471811,10.74,10.772,10.707
08/03/2021,0.01522376431767095,10.74,10.77,10.709
08/02/2021,0.01765681171672833,10.74,10.775,10.704
07/30/2021,0.01966629095686319,10.74,10.779,10.7
07/28/2021,0.021604698563044162,10.74,10.783,10.696
07/26/2021,0.021724985615645453,10.74,10.783,10.696
07/23/2021,0.022051088408511745,10.74,10.784,10.695
07/22/2021,0.019908553438158276,10.73,10.769,10.69
07/21/2021,0.017502871193035948,10.73,10.765,10.694
07/16/2021,0.019528197561475343,10.73,10.769,10.69
07/14/2021,0.022569337606584833,10.72,10.765,10.674
07/13/2021,0.025908492816063406,10.72,10.771,10.668
07/12/2021,0.027462237709261796,10.71,10.764,10.655
07/09/2021,0.02891798748184262,10.71,10.767,10.652
07/06/2021,0.03026962173533082,10.71,10.77,10.649
07/01/2021,0.031244999599936082,10.7,10.762,10.637
06/30/2021,0.03363406011768416,10.7,10.767,10.632
06/29/2021,0.0346410161513775,10.69,10.759,10.62
06/28/2021,0.0364005494464024,10.69,10.762,10.617
06/25/2021,0.036331804249169763,10.68,10.752,10.607
06/24/2021,0.03320157375788054,10.68,10.746,10.613
06/22/2021,0.03369932491905416,10.67,10.737,10.602
06/21/2021,0.03332633343168711,10.67,10.736,10.603
06/18/2021,0.03369932491905416,10.67,10.737,10.602
06/17/2021,0.030065669791308397,10.66,10.72,10.599
06/16/2021,0.029136652175567376,10.66,10.718,10.601
06/15/2021,0.028753173737867555,10.65,10.707,10.592
06/11/2021,0.023595444475576117,10.65,10.697,10.602
06/10/2021,0.02408619936810287,10.64,10.688,10.591
06/09/2021,0.02646025321118463,10.64,10.692,10.587
06/08/2021,0.028336292982675173,10.63,10.686,10.573
06/07/2021,0.029714398866542997,10.63,10.689,10.57
06/04/2021,0.030845510208132594,10.62,10.681,10.558
06/03/2021,0.030845510208132476,10.62,10.681,10.558
06/02/2021,0.030982987267208665,10.61,10.671,10.548
05/28/2021,0.03170087538223519,10.61,10.673,10.546
05/27/2021,0.034546280552326024,10.6,10.669,10.53
05/26/2021,0.03589492303933824,10.6,10.671,10.528
05/25/2021,0.03803873683496897,10.59,10.666,10.513
05/24/2021,0.037079657495721674,10.59,10.664,10.515
05/21/2021,0.03563567033184621,10.59,10.661,10.518
05/20/2021,0.033691259994248074,10.58,10.647,10.512
05/19/2021,0.03162437351158147,10.58,10.643,10.516
05/18/2021,0.027933868332187906,10.57,10.625,10.514
05/17/2021,0.024089437519377796,10.57,10.618,10.521
05/13/2021,0.02355844859068628,10.57,10.617,10.522
05/12/2021,0.0191076031987269,10.56,10.598,10.521
05/07/2021,0.01962397768037883,10.56,10.599,10.52
05/05/2021,0.01914028474187382,10.56,10.598,10.521
05/04/2021,0.019300259065618948,10.56,10.598,10.521
05/03/2021,0.019305452597647273,10.56,10.598,10.521
04/29/2021,0.01877498335551878,10.56,10.597,10.522
04/28/2021,0.019300259065618948,10.56,10.598,10.521
04/26/2021,0.019039432764659716,10.55,10.588,10.511
04/23/2021,0.019039432764659716,10.55,10.588,10.511
04/21/2021,0.01903943276465976,10.55,10.588,10.511
04/20/2021,0.018774983355518495,10.55,10.587,10.512
04/19/2021,0.019170289512680752,10.55,10.588,10.511
04/16/2021,0.019685019685029493,10.55,10.589,10.51
04/15/2021,0.019202864369671495,10.55,10.588,10.511
04/14/2021,0.01930027201880842,10.55,10.588,10.511
04/13/2021,0.01930027201880842,10.55,10.588,10.511
04/12/2021,0.022298004395012692,10.56,10.604,10.515
04/09/2021,0.01724531820524075,10.55,10.584,10.515
04/08/2021,0.01834408624053017,10.55,10.586,10.513
04/07/2021,0.019532165778530855,10.55,10.589,10.51
04/06/2021,0.01806946319069862,10.55,10.586,10.513
04/05/2021,0.022866427355404912,10.55,10.595,10.504
04/01/2021,0.02201148563818477,10.54,10.584,10.495
03/31/2021,0.020112322093681995,10.54,10.58,10.499
03/30/2021,0.0369459808368922,10.53,10.603,10.456
03/25/2021,0.03405885347453723,10.53,10.598,10.461
03/24/2021,0.034391365195351055,10.52,10.588,10.451
03/23/2021,0.03752820272808159,10.53,10.605,10.454
03/22/2021,0.0375741400433861,10.53,10.605,10.454
03/19/2021,0.037459524823467816,10.52,10.594,10.445
03/18/2021,0.037208413027163614,10.52,10.594,10.445
03/17/2021,0.03678608432546196,10.52,10.593,10.446
03/16/2021,0.03759276526141684,10.52,10.595,10.444
03/15/2021,0.03910454577155947,10.52,10.598,10.441
03/12/2021,0.037338525680588805,10.52,10.594,10.445
03/11/2021,0.03979905777779147,10.52,10.599,10.44
03/10/2021,0.036471427172513914,10.51,10.582,10.437
03/09/2021,0.03701162655166595,10.51,10.584,10.435
03/08/2021,0.036398633216097355,10.51,10.582,10.437
03/05/2021,0.03728083287696226,10.51,10.584,10.435
03/04/2021,0.03974745903828309,10.51,10.589,10.43
03/03/2021,0.0432522889567708,10.5,10.586,10.413
03/02/2021,0.044617939217314835,10.5,10.589,10.41
03/01/2021,0.03780456321662773,10.51,10.585,10.434
02/26/2021,0.03930655161674702,10.51,10.588,10.431
02/25/2021,0.03935352589031888,10.51,10.588,10.431
02/24/2021,0.03847986486462763,10.5,10.576,10.423
02/23/2021,0.04434241761564203,10.5,10.588,10.411
02/22/2021,0.04709212248348982,10.5,10.594,10.405
02/19/2021,0.05403256425527108,10.51,10.618,10.401
02/18/2021,0.0569167637871304,10.51,10.623,10.396
02/17/2021,0.05774495648972298,10.52,10.635,10.404
02/16/2021,0.06048330348120875,10.52,10.64,10.399
02/12/2021,0.06648781843315354,10.53,10.662,10.397
02/11/2021,0.08430913355028613,10.54,10.708,10.371
02/10/2021,0.0876814119411862,10.54,10.715,10.364
02/09/2021,0.08405611221083217,10.55,10.718,10.381
02/08/2021,0.08053216748604244,10.55,10.711,10.388
02/05/2021,0.0871230738668006,10.55,10.724,10.375
02/04/2021,0.08287237175319642,10.56,10.725,10.394
02/03/2021,0.07331596006327669,10.57,10.716,10.423
02/02/2021,0.07226776598179842,10.58,10.724,10.435
02/01/2021,0.0720945906431265,10.58,10.724,10.435
01/29/2021,0.07171213286466935,10.58,10.723,10.436
01/28/2021,0.07001878319422576,10.58,10.72,10.439
01/27/2021,0.05639175471644775,10.59,10.702,10.477
01/26/2021,0.05839546215246533,10.59,10.706,10.473
01/25/2021,0.06215474237739231,10.59,10.714,10.465
01/22/2021,0.06234091754217298,10.58,10.704,10.455
01/21/2021,0.07318975338119403,10.57,10.716,10.423
01/20/2021,0.08268481118077244,10.56,10.725,10.394
01/19/2021,0.08886184783133869,10.55,10.727,10.372
01/15/2021,0.10065499490835017,10.55,10.751,10.348
01/14/2021,0.07997892222329567,10.52,10.679,10.36
01/13/2021,0.08172164951834958,10.5,10.663,10.336
01/12/2021,0.0843475903627363,10.5,10.668,10.331
01/11/2021,0.08312537819462822,10.49,10.656,10.323
01/08/2021,0.08523396330102212,10.49,10.66,10.319
01/07/2021,0.08179320570805372,10.48,10.643,10.316
01/06/2021,0.06498737569713024,10.46,10.589,10.33
01/05/2021,0.0652342624699626,10.45,10.58,10.319
01/04/2021,0.06046080548586787,10.45,10.57,10.329
12/31/2020,0.055757591411394025,10.44,10.551,10.328
12/30/2020,0.0492677277738681,10.43,10.528,10.331
12/29/2020,0.05174271929460203,10.43,10.533,10.326
12/28/2020,0.04801779878336753,10.42,10.516,10.323
12/24/2020,0.04225765019496451,10.42,10.504,10.335
12/23/2020,0.038940095017860374,10.41,10.487,10.332
12/22/2020,0.03807155105850026,10.4,10.476,10.323
12/21/2020,0.04392542543903234,10.4,10.487,10.312
12/18/2020,0.05042462691978982,10.39,10.49,10.289
12/17/2020,0.052572740084572286,10.39,10.495,10.284
12/15/2020,0.05917848426582076,10.38,10.498,10.261
12/14/2020,0.0866619466663425,10.37,10.543,10.196
12/11/2020,0.08771433748253475,10.36,10.535,10.184
12/10/2020,0.08796074408507468,10.35,10.525,10.174
12/09/2020,0.08589000232855977,10.35,10.521,10.178
12/08/2020,0.08633303249625839,10.34,10.512,10.167
12/07/2020,0.08138188987729399,10.33,10.492,10.167
12/04/2020,0.08248037342301508,10.33,10.494,10.165
12/03/2020,0.08059908188062696,10.32,10.481,10.158
12/02/2020,0.07906460649367711,10.32,10.478,10.161
12/01/2020,0.08130935985481616,10.32,10.482,10.157
11/30/2020,0.08950537414032753,10.32,10.499,10.14
11/27/2020,0.061746352118971316,10.3,10.423,10.176
11/25/2020,0.0562815422674255,10.3,10.412,10.187
11/23/2020,0.05574595949483699,10.3,10.411,10.188
11/20/2020,0.05636931789546512,10.3,10.412,10.187
11/19/2020,0.05628054726102088,10.3,10.412,10.187
11/18/2020,0.05867282164682389,10.3,10.417,10.182
11/16/2020,0.06196773353931877,10.3,10.423,10.176
11/13/2020,0.061644140029689896,10.31,10.433,10.186
11/11/2020,0.035986108430893185,10.32,10.391,10.248
11/10/2020,0.03248076353782342,10.32,10.384,10.255
11/09/2020,0.0325576411921994,10.32,10.385,10.254
11/06/2020,0.03248076353782342,10.33,10.394,10.265
11/05/2020,0.029240383034426814,10.33,10.388,10.271
10/30/2020,0.029240383034426814,10.33,10.388,10.271
10/26/2020,0.024083189157584447,10.33,10.378,10.281
10/22/2020,0.024596747752497525,10.33,10.379,10.28
10/21/2020,0.024596747752497525,10.33,10.379,10.28
10/19/2020,0.02489979919597729,10.33,10.379,10.28
10/16/2020,0.02489979919597729,10.33,10.379,10.28
10/13/2020,0.02636285265292791,10.33,10.382,10.277
10/07/2020,0.026832815729997236,10.33,10.383,10.276
10/06/2020,0.03249999999999961,10.34,10.404,10.275
10/05/2020,0.029495762407504924,10.33,10.388,10.271
10/02/2020,0.03346640106136276,10.33,10.396,10.263
10/01/2020,0.03033150177620585,10.33,10.39,10.269
09/30/2020,0.028982753492378412,10.33,10.387,10.272
09/29/2020,0.02569046515732971,10.32,10.371,10.268
09/28/2020,0.026076809620810038,10.32,10.372,10.267
09/22/2020,0.026457513110645342,10.32,10.372,10.267
09/18/2020,0.027477263328067585,10.32,10.374,10.265
09/17/2020,0.027386127875257724,10.32,10.374,10.265
09/16/2020,0.025884358211089017,10.32,10.371,10.268
09/15/2020,0.031144823004794438,10.32,10.382,10.257
09/14/2020,0.031144823004794438,10.32,10.382,10.257
09/11/2020,0.031144823004794438,10.32,10.382,10.257
09/10/2020,0.030822070014844456,10.32,10.381,10.258
09/09/2020,0.031144823004794438,10.32,10.382,10.257
09/08/2020,0.03138470965294999,10.32,10.382,10.257
09/04/2020,0.041593268686170366,10.33,10.413,10.246
09/03/2020,0.05552837562904177,10.34,10.451,10.228
08/28/2020,0.05552837562904177,10.34,10.451,10.228
08/27/2020,0.063666321552293,10.34,10.467,10.212
08/26/2020,0.07140378491368624,10.35,10.492,10.207
08/25/2020,0.0721352930263679,10.35,10.494,10.205
08/24/2020,0.07126360221038483,10.35,10.492,10.207
08/21/2020,0.07009636937816376,10.35,10.49,10.209
08/20/2020,0.07235296123863881,10.36,10.504,10.215
08/13/2020,0.07715990863136092,10.36,10.514,10.205
08/10/2020,0.08107744137551441,10.35,10.512,10.187
08/05/2020,0.08164082005957546,10.35,10.513,10.186
08/04/2020,0.11246601264382038,10.37,10.594,10.145
08/03/2020,0.11513385253694922,10.37,10.6,10.139
07/31/2020,0.11850318139189331,10.36,10.597,10.122
07/30/2020,0.12028301625749152,10.36,10.6,10.119
07/29/2020,0.12895814824973242,10.35,10.607,10.092
07/27/2020,0.1373268145702068,10.34,10.614,10.065
07/24/2020,0.14575323667075107,10.33,10.621,10.038
07/20/2020,0.15390517860033168,10.32,10.627,10.012
07/17/2020,0.1576331294493642,10.3,10.615,9.984
07/16/2020,0.15376883136708822,10.28,10.587,9.972
07/15/2020,0.15501565566096867,10.28,10.59,9.969
07/14/2020,0.14068722045729673,10.26,10.541,9.978
07/13/2020,0.13830073752514846,10.25,10.526,9.973
07/10/2020,0.13880703692536628,10.24,10.517,9.962
07/09/2020,0.13788289777923873,10.23,10.505,9.954
07/08/2020,0.12688200621049459,10.21,10.463,9.956
07/02/2020,0.12764733839763365,10.21,10.465,9.954
06/30/2020,0.12846533968351145,10.2,10.456,9.943
06/26/2020,0.12797019574885388,10.19,10.445,9.934
06/24/2020,0.05132923630836506,10.16,10.262,10.057
06/23/2020,0.04908859847255762,10.16,10.258,10.061
06/17/2020,0.044736903111413505,10.15,10.239,10.06
06/16/2020,0.05433544423302347,10.14,10.248,10.031
06/11/2020,0.05579552401402833,10.12,10.231,10.008
06/10/2020,0.0627147550421749,10.12,10.245,9.994
05/28/2020,0.06235495569720177,10.12,10.244,9.995
05/18/2020,0.062354955697201786,10.12,10.244,9.995
05/08/2020,0.062194376755459156,10.12,10.244,9.995
05/05/2020,0.062165931184210564,10.12,10.244,9.995
05/01/2020,0.061847316029072744,10.12,10.243,9.996
04/17/2020,0.057201835634881494,10.11,10.224,9.995
04/15/2020,0.055480176639949585,10.1,10.21,9.989
04/09/2020,0.05190423874790976,10.09,10.193,9.986
04/08/2020,0.04943733407051821,10.09,10.188,9.991
04/07/2020,0.05186569193599968,10.08,10.183,9.976
04/06/2020,0.05301933609542862,10.07,10.176,9.963
04/03/2020,0.05510036297521111,10.07,10.18,9.959
04/02/2020,0.05642074086716706,10.06,10.172,9.947
04/01/2020,0.05642960216056822,10.05,10.162,9.937
03/26/2020,0.059458388810999775,10.04,10.158,9.921
03/25/2020,0.06273993943254974,10.03,10.155,9.904
03/20/2020,0.06761101981186209,10.02,10.155,9.884
03/13/2020,0.07619875327064092,10.02,10.172,9.867
03/12/2020,0.08337415666739918,10.01,10.176,9.843
03/10/2020,0.08432822777694324,10.01,10.178,9.841
03/05/2020,0.08192221920822226,10.01,10.173,9.846
