12/07/2023,0.4932232815875584,4.68,5.666,3.693
12/06/2023,0.5264801924099328,4.66,5.712,3.607
12/05/2023,0.5070917007800463,4.6,5.614,3.585
12/04/2023,0.4950656451421367,4.55,5.54,3.559
12/01/2023,0.440636577011033,4.49,5.371,3.608
11/30/2023,0.39967035541806206,4.41,5.209,3.61
11/29/2023,0.36387084659257884,4.35,5.077,3.622
11/28/2023,0.3338972791144007,4.31,4.977,3.642
11/27/2023,0.30470542003712375,4.26,4.869,3.65
11/24/2023,0.22338574932166103,4.18,4.626,3.733
11/22/2023,0.20474079466486392,4.17,4.579,3.76
11/21/2023,0.2461497115578241,4.18,4.672,3.687
11/20/2023,0.29040757996305816,4.21,4.79,3.629
11/17/2023,0.35063736609209234,4.23,4.931,3.528
11/16/2023,0.3976701679784391,4.29,5.085,3.494
11/15/2023,0.47019045343349963,4.34,5.28,3.399
11/14/2023,0.5242652596730019,4.4,5.448,3.351
11/13/2023,0.5918057641659129,4.48,5.663,3.296
11/10/2023,0.6250122498799524,4.57,5.82,3.319
11/09/2023,0.6146625090242613,4.62,5.849,3.39
11/08/2023,0.6059620450160225,4.68,5.891,3.468
11/07/2023,0.6225873432700026,4.75,5.995,3.504
11/06/2023,0.635047242337135,4.82,6.09,3.549
11/03/2023,0.6694101881507333,4.86,6.198,3.521
11/02/2023,0.6647142243099662,4.96,6.289,3.63
11/01/2023,0.6282316451755674,5.07,6.326,3.813
10/31/2023,0.6357004011324832,5.14,6.411,3.868
10/30/2023,0.6112446318782685,5.23,6.452,4.007
10/27/2023,0.47237167569616195,5.36,6.304,4.415
10/26/2023,0.41277717960177984,5.48,6.305,4.654
10/25/2023,0.38283155564817273,5.53,6.295,4.764
10/24/2023,0.3350820794969495,5.6,6.27,4.929
10/23/2023,0.3282681830455093,5.61,6.266,4.953
10/20/2023,0.2884267671350909,5.65,6.226,5.073
10/19/2023,0.28819264390334454,5.65,6.226,5.073
10/18/2023,0.28242698171385816,5.67,6.234,5.105
10/17/2023,0.28539446385660666,5.69,6.26,5.119
10/16/2023,0.3258603995578474,5.66,6.311,5.008
10/13/2023,0.2434543078279783,5.72,6.206,5.233
10/12/2023,0.20655507740067788,5.77,6.183,5.356
10/11/2023,0.2164139551877374,5.82,6.252,5.387
10/10/2023,0.22055611530855362,5.84,6.281,5.398
10/09/2023,0.2240647227923218,5.89,6.338,5.441
10/06/2023,0.2445812748351762,5.92,6.409,5.43
10/05/2023,0.277308492477241,5.94,6.494,5.385
10/04/2023,0.31715138341177085,5.98,6.614,5.345
10/03/2023,0.3451955967274207,6.03,6.72,5.339
10/02/2023,0.38771768079364144,6.08,6.855,5.304
09/29/2023,0.4260281680828159,6.1,6.952,5.247
09/28/2023,0.4843036237733516,6.17,7.138,5.201
09/27/2023,0.5265405967254567,6.21,7.263,5.156
09/26/2023,0.5364046979660042,6.29,7.362,5.217
09/25/2023,0.5763766129884176,6.38,7.532,5.227
09/22/2023,0.5647477312924772,6.5,7.629,5.37
09/21/2023,0.5582741262139954,6.58,7.696,5.463
09/20/2023,0.5478959755282019,6.65,7.745,5.554
09/19/2023,0.5086747487343952,6.71,7.727,5.692
09/18/2023,0.45485162415891195,6.78,7.689,5.87
09/15/2023,0.4269250519704835,6.82,7.673,5.966
09/14/2023,0.40674930854274355,6.86,7.673,6.046
09/13/2023,0.3682594194314655,6.91,7.646,6.173
09/12/2023,0.33148152286364324,6.94,7.602,6.277
09/11/2023,0.25814724480420087,7.0,7.516,6.483
09/08/2023,0.23191593304471347,7.02,7.483,6.556
09/07/2023,0.23105464721576158,7.03,7.492,6.567
09/06/2023,0.20575774590522716,7.04,7.451,6.628
09/05/2023,0.21910613866343415,7.04,7.478,6.601
09/01/2023,0.23381082096430023,7.04,7.507,6.572
08/31/2023,0.24386984233397954,7.01,7.497,6.522
08/30/2023,0.2451479145332467,6.99,7.48,6.499
08/29/2023,0.2580842885570526,7.0,7.516,6.483
08/28/2023,0.24983494551403337,6.98,7.479,6.48
08/25/2023,0.20487191120307338,6.93,7.339,6.52
08/24/2023,0.21071900721102496,6.86,7.281,6.438
08/23/2023,0.26348149840169044,6.8,7.326,6.273
08/22/2023,0.3055200484419967,6.75,7.361,6.138
08/21/2023,0.3320128009580354,6.72,7.384,6.055
08/18/2023,0.32933040855651335,6.68,7.338,6.021
08/17/2023,0.3271658600771175,6.65,7.304,5.995
08/16/2023,0.31164482989454523,6.61,7.233,5.986
08/15/2023,0.31474195780035435,6.59,7.219,5.96
08/14/2023,0.2932106751126228,6.56,7.146,5.973
08/11/2023,0.27685284900105334,6.54,7.093,5.986
08/10/2023,0.25334018631081817,6.51,7.016,6.003
08/09/2023,0.2412597148303049,6.49,6.972,6.007
08/08/2023,0.23485101660414423,6.48,6.949,6.01
08/07/2023,0.23396580946796486,6.48,6.947,6.012
08/04/2023,0.243639077325457,6.48,6.967,5.992
08/03/2023,0.22943408639519985,6.46,6.918,6.001
08/02/2023,0.2032609160660259,6.42,6.826,6.013
08/01/2023,0.1686564555538863,6.39,6.727,6.052
07/31/2023,0.16498484778912278,6.38,6.709,6.05
07/28/2023,0.18293441447688297,6.37,6.735,6.004
07/27/2023,0.15754364474646385,6.39,6.705,6.074
07/26/2023,0.15391556126655942,6.39,6.697,6.082
07/25/2023,0.16335544068074376,6.39,6.716,6.063
07/24/2023,0.16345106301275616,6.4,6.726,6.073
07/21/2023,0.17187204542915055,6.39,6.733,6.046
07/20/2023,0.20185390756683405,6.38,6.783,5.976
07/19/2023,0.2429223126845288,6.34,6.825,5.854
07/18/2023,0.2789018644613191,6.31,6.867,5.752
07/17/2023,0.2723990638750434,6.27,6.814,5.725
07/14/2023,0.2750568123133837,6.26,6.81,5.709
07/13/2023,0.27467480772724684,6.23,6.779,5.68
07/12/2023,0.2932937946837607,6.19,6.776,5.603
07/11/2023,0.28051069498327513,6.16,6.721,5.598
07/10/2023,0.26475696402550014,6.14,6.669,5.61
07/07/2023,0.25288584381099705,6.12,6.625,5.614
07/06/2023,0.2544528443543125,6.12,6.628,5.611
07/05/2023,0.2789914873253304,6.13,6.687,5.572
07/03/2023,0.22989399731180457,6.1,6.559,5.64
06/30/2023,0.20275909350754157,6.08,6.485,5.674
06/29/2023,0.1998280510839256,6.07,6.469,5.67
06/28/2023,0.20264809399547776,6.07,6.475,5.664
06/27/2023,0.2625666582032075,6.09,6.615,5.564
06/26/2023,0.1851924674494079,6.02,6.39,5.649
06/23/2023,0.18636322062037886,6.01,6.382,5.637
06/22/2023,0.1873399316750169,6.01,6.384,5.635
06/21/2023,0.19087954316793615,6.04,6.421,5.658
06/20/2023,0.1695582495781317,6.07,6.409,5.73
06/16/2023,0.17517134468856488,6.08,6.43,5.729
06/15/2023,0.1856071119327059,6.07,6.441,5.698
06/14/2023,0.18897089723023489,6.07,6.447,5.692
06/13/2023,0.16320232841476248,6.11,6.436,5.783
06/12/2023,0.18128706517564896,6.16,6.522,5.797
06/09/2023,0.19616319736382765,6.17,6.562,5.777
06/08/2023,0.2612565788645331,6.2,6.722,5.677
06/07/2023,0.32904596943284387,6.25,6.908,5.591
06/06/2023,0.3938480036765453,6.32,7.107,5.532
06/05/2023,0.44445612831864517,6.35,7.238,5.461
06/02/2023,0.46010460767090783,6.4,7.32,5.479
06/01/2023,0.48838125475902533,6.42,7.396,5.443
05/31/2023,0.49790686880178703,6.47,7.465,5.474
05/30/2023,0.4760002626049696,6.54,7.492,5.587
05/26/2023,0.47279620345345413,6.59,7.535,5.644
05/25/2023,0.4638493828819868,6.68,7.607,5.752
05/24/2023,0.43902306317550105,6.74,7.618,5.861
05/23/2023,0.44453486927349134,6.77,7.659,5.88
05/22/2023,0.42516614399549735,6.8,7.65,5.949
05/19/2023,0.4451755271800102,6.83,7.72,5.939
05/18/2023,0.36554924428864577,6.92,7.651,6.188
05/17/2023,0.3131074096855583,6.98,7.606,6.353
05/16/2023,0.24866895664718583,7.03,7.527,6.532
05/15/2023,0.2102766035487543,7.08,7.5,6.659
05/12/2023,0.17089836160712601,7.15,7.491,6.808
05/11/2023,0.16666208327031076,7.17,7.503,6.836
05/10/2023,0.16644819013735174,7.17,7.502,6.837
05/09/2023,0.1674664145433346,7.17,7.504,6.835
05/08/2023,0.16419500601419035,7.14,7.468,6.811
05/05/2023,0.1662678561839299,7.15,7.482,6.817
05/04/2023,0.1664331697709324,7.16,7.492,6.827
05/03/2023,0.16555965692160635,7.16,7.491,6.828
05/02/2023,0.15218249570827788,7.17,7.474,6.865
05/01/2023,0.16084153692376862,7.2,7.521,6.878
04/28/2023,0.15580436450882887,7.18,7.491,6.868
04/27/2023,0.15733721746617993,7.18,7.494,6.865
04/26/2023,0.15916972073858776,7.18,7.498,6.861
04/25/2023,0.1446893223427355,7.19,7.479,6.9
04/24/2023,0.14551632210855253,7.2,7.491,6.908
04/21/2023,0.14914757792200317,7.18,7.478,6.881
04/20/2023,0.16486357996840909,7.16,7.489,6.83
04/19/2023,0.19086644545335885,7.14,7.521,6.758
04/18/2023,0.23140872930812273,7.13,7.592,6.667
04/17/2023,0.1814662503056698,7.09,7.452,6.727
04/14/2023,0.16736188335460375,7.07,7.404,6.735
04/13/2023,0.17576973573399943,7.08,7.431,6.728
04/12/2023,0.1667782959500426,7.06,7.393,6.726
04/11/2023,0.1824965753103329,7.08,7.444,6.715
04/10/2023,0.17807301873108114,7.05,7.406,6.693
04/06/2023,0.2594706149065824,6.98,7.498,6.461
04/05/2023,0.29832867780352595,6.94,7.536,6.343
04/04/2023,0.3078879666372169,6.95,7.565,6.334
04/03/2023,0.3144201011385882,6.95,7.578,6.321
03/31/2023,0.29765752132274437,6.94,7.535,6.344
03/30/2023,0.31632262012066104,6.96,7.592,6.327
03/29/2023,0.30426961728046403,6.94,7.548,6.331
03/28/2023,0.3092005821469294,6.96,7.578,6.341
03/27/2023,0.3058676184233958,6.95,7.561,6.338
03/24/2023,0.307416655371826,6.94,7.554,6.325
03/23/2023,0.30962073573971116,6.96,7.579,6.34
03/22/2023,0.31225790622496663,6.98,7.604,6.355
03/21/2023,0.3145631892005167,7.02,7.649,6.39
03/20/2023,0.31625938721245894,7.01,7.642,6.377
03/17/2023,0.3270932588727564,7.04,7.694,6.385
03/16/2023,0.34743344686428806,7.06,7.754,6.365
03/15/2023,0.40262886135993786,7.1,7.905,6.294
03/14/2023,0.4224215903573112,7.12,7.964,6.275
03/13/2023,0.47566795141148627,7.09,8.041,6.138
03/10/2023,0.3711266630141252,7.15,7.892,6.407
03/09/2023,0.2897240065993842,7.21,7.789,6.63
03/08/2023,0.2828073549255748,7.22,7.785,6.654
03/07/2023,0.2902585054739999,7.22,7.8,6.639
03/06/2023,0.2942617882090708,7.22,7.808,6.631
03/03/2023,0.2835577542582816,7.19,7.757,6.622
03/02/2023,0.29545727271468547,7.16,7.75,6.569
03/01/2023,0.3011976095522672,7.19,7.792,6.587
02/28/2023,0.3174586587258253,7.19,7.824,6.555
02/27/2023,0.3031913587159107,7.23,7.836,6.623
02/24/2023,0.3123219492767039,7.24,7.864,6.615
02/23/2023,0.31572139617073786,7.27,7.901,6.638
02/22/2023,0.3307567081708246,7.24,7.901,6.578
02/21/2023,0.3033809486437803,7.29,7.896,6.683
02/17/2023,0.3086988824080839,7.3,7.917,6.682
02/16/2023,0.3422133837242489,7.3,7.984,6.615
02/15/2023,0.2802052818916874,7.24,7.8,6.679
02/14/2023,0.3044749579193665,7.13,7.738,6.521
02/13/2023,0.28781070167733513,7.14,7.715,6.564
02/10/2023,0.2923439754809392,7.15,7.734,6.565
02/09/2023,0.31767908335299627,7.12,7.755,6.484
02/08/2023,0.3445939639633869,7.09,7.779,6.4
02/07/2023,0.4170551522280956,7.06,7.894,6.225
02/06/2023,0.528526252895729,6.96,8.017,5.902
02/03/2023,0.6289515084646828,6.86,8.117,5.602
02/02/2023,0.7309240726641858,6.82,8.281,5.358
02/01/2023,0.7847770384000795,6.7,8.269,5.13
01/31/2023,0.8911453304596282,6.56,8.342,4.777
01/30/2023,0.9964813094082599,6.42,8.412,4.427
01/27/2023,1.0405070879143496,6.26,8.341,4.178
01/26/2023,1.050367197698024,6.1,8.2,3.999
01/25/2023,1.0976708295295088,5.96,8.155,3.764
01/24/2023,1.0863177481749988,5.82,7.992,3.647
01/23/2023,1.0053289262723917,5.67,7.68,3.659
01/20/2023,0.9643709089349388,5.57,7.498,3.641
01/19/2023,0.8512468795831208,5.44,7.142,3.737
01/18/2023,0.8638004688584049,5.42,7.147,3.692
01/17/2023,0.8005474689236111,5.37,6.971,3.768
01/13/2023,0.696660785461619,5.29,6.683,3.896
01/12/2023,0.6579295175016849,5.26,6.575,3.944
01/11/2023,0.5546541715339388,5.2,6.309,4.09
01/10/2023,0.5214271281780417,5.17,6.212,4.127
01/09/2023,0.5283145369947717,5.17,6.226,4.113
01/06/2023,0.5409447753699077,5.19,6.271,4.108
01/05/2023,0.5471208732994931,5.2,6.294,4.105
01/04/2023,0.5818945351178338,5.2,6.363,4.036
01/03/2023,0.5893184622935209,5.25,6.428,4.071
12/30/2022,0.5484717403841332,5.32,6.416,4.223
12/29/2022,0.5127535957943152,5.37,6.395,4.344
12/28/2022,0.5163525927116082,5.4,6.432,4.367
12/27/2022,0.4120679555607303,5.48,6.304,4.655
12/23/2022,0.35002857026248574,5.53,6.23,4.829
12/22/2022,0.23728674636397207,5.61,6.084,5.135
12/21/2022,0.17519988584471158,5.66,6.01,5.309
12/20/2022,0.16150851370748215,5.67,5.993,5.346
12/19/2022,0.12924782396620832,5.7,5.958,5.441
12/16/2022,0.13001922934704688,5.69,5.95,5.429
12/15/2022,0.1305565011786084,5.7,5.961,5.438
12/14/2022,0.1337161172035742,5.7,5.967,5.432
12/13/2022,0.12599603168354145,5.67,5.921,5.418
12/12/2022,0.11681181447096858,5.65,5.883,5.416
12/09/2022,0.1200208315251981,5.66,5.9,5.419
12/08/2022,0.1253993620398445,5.66,5.91,5.409
12/07/2022,0.12973048986263788,5.66,5.919,5.4
12/06/2022,0.15223337347638316,5.67,5.974,5.365
12/05/2022,0.19023669467271553,5.67,6.05,5.289
12/02/2022,0.18246917547903807,5.69,6.054,5.325
12/01/2022,0.1907223112276065,5.68,6.061,5.298
11/30/2022,0.1820576831666272,5.69,6.054,5.325
11/29/2022,0.19616319736382767,5.68,6.072,5.287
11/28/2022,0.20004999375156202,5.67,6.07,5.269
11/25/2022,0.20537770083434087,5.66,6.07,5.249
11/23/2022,0.22340546098965444,5.62,6.066,5.173
11/22/2022,0.22305828834634236,5.63,6.076,5.183
11/21/2022,0.2309545409815534,5.61,6.071,5.148
11/18/2022,0.23668544526438468,5.63,6.103,5.156
11/17/2022,0.2685423616489585,5.65,6.187,5.112
11/16/2022,0.29802684442848437,5.67,6.266,5.073
11/15/2022,0.2971447458731183,5.69,6.284,5.095
11/14/2022,0.31480152477394396,5.74,6.369,5.11
11/11/2022,0.38386846705609995,5.79,6.557,5.022
11/10/2022,0.42289478596927643,5.82,6.665,4.974
11/09/2022,0.4526643348000814,5.88,6.785,4.974
11/08/2022,0.4610477198729001,5.9,6.822,4.977
11/07/2022,0.45589472468981274,5.87,6.781,4.958
11/04/2022,0.4550549417378083,5.87,6.78,4.959
11/03/2022,0.46905756576352137,5.87,6.808,4.931
11/02/2022,0.45609757727924866,5.9,6.812,4.987
11/01/2022,0.416461282714252,5.96,6.792,5.127
10/31/2022,0.4169832130913667,5.96,6.793,5.126
10/28/2022,0.41420405599172994,5.97,6.798,5.141
10/27/2022,0.3697904812187573,6.0,6.739,5.26
10/26/2022,0.383888004501313,5.99,6.757,5.222
10/25/2022,0.3289300837564118,6.05,6.707,5.392
10/24/2022,0.33342165496560067,6.06,6.726,5.393
10/21/2022,0.3479583308386222,6.03,6.725,5.334
10/20/2022,0.34078585651402854,5.99,6.671,5.308
10/19/2022,0.34030133705291266,6.02,6.7,5.339
10/18/2022,0.3691815271651604,6.03,6.768,5.291
10/17/2022,0.33781651824622194,6.01,6.685,5.334
10/14/2022,0.29679117237546,5.98,6.573,5.386
10/13/2022,0.5041874651357369,6.02,7.028,5.011
10/12/2022,0.6731641701695064,6.11,7.456,4.763
10/11/2022,0.800933829975985,6.21,7.811,4.608
10/10/2022,0.8883467791352654,6.33,8.106,4.553
10/07/2022,0.9604894585574586,6.43,8.35,4.509
10/06/2022,1.0134742226618298,6.54,8.566,4.513
10/05/2022,1.0791339119868304,6.65,8.808,4.491
10/04/2022,1.1186286247007986,6.75,8.987,4.512
10/03/2022,1.137842256202502,6.85,9.125,4.574
09/30/2022,1.1546774441375394,6.96,9.269,4.65
09/29/2022,1.0761319621682093,7.13,9.282,4.977
09/28/2022,1.0550995213722731,7.21,9.32,5.099
09/27/2022,1.012047429718588,7.27,9.294,5.245
09/26/2022,0.9297123210972306,7.35,9.209,5.49
09/23/2022,0.8513518661517105,7.41,9.112,5.707
09/22/2022,0.7902436333182319,7.47,9.05,5.889
09/21/2022,0.723090589068894,7.52,8.966,6.073
09/20/2022,0.6548014966384852,7.57,8.879,6.26
09/19/2022,0.5144414446756794,7.69,8.718,6.661
09/16/2022,0.5263553932468064,7.64,8.692,6.587
09/15/2022,0.5347850035294559,7.59,8.659,6.52
09/14/2022,0.5478229641042808,7.53,8.625,6.434
09/13/2022,0.5602901034285722,7.47,8.59,6.349
09/12/2022,0.5546034619437568,7.41,8.519,6.3
09/09/2022,0.5842217044923955,7.34,8.508,6.171
09/08/2022,0.5544050865567521,7.24,8.348,6.131
09/07/2022,0.5315590277664373,7.16,8.223,6.096
09/06/2022,0.5112582517671475,7.08,8.102,6.057
09/02/2022,0.4771896897461217,7.01,7.964,6.055
09/01/2022,0.3522144233276086,6.91,7.614,6.205
08/31/2022,0.2255659548779468,6.83,7.281,6.378
08/30/2022,0.22059011763902742,6.8,7.241,6.358
08/29/2022,0.2226319833267448,6.78,7.225,6.334
08/26/2022,0.23830652529882593,6.75,7.226,6.273
08/25/2022,0.22204729226000477,6.72,7.164,6.275
08/24/2022,0.2194994305231792,6.69,7.128,6.251
08/23/2022,0.19828010490213077,6.65,7.046,6.253
08/22/2022,0.22388613177238106,6.64,7.087,6.192
08/19/2022,0.18920887928424496,6.6,6.978,6.221
08/18/2022,0.15107944929738124,6.56,6.862,6.257
08/17/2022,0.13831124321616078,6.54,6.816,6.263
08/16/2022,0.15989058759038946,6.54,6.859,6.22
08/15/2022,0.10714476188783105,6.48,6.694,6.265
08/12/2022,0.1476482306023341,6.45,6.745,6.154
08/11/2022,0.16977926846349653,6.44,6.779,6.1
08/10/2022,0.19773719933285192,6.41,6.805,6.014
08/09/2022,0.22044273632850786,6.39,6.83,5.949
08/08/2022,0.25161478493920036,6.35,6.853,5.846
08/05/2022,0.2650377331626575,6.32,6.85,5.789
08/04/2022,0.2665895721891613,6.29,6.823,5.756
08/03/2022,0.24286827705569125,6.25,6.735,5.764
08/02/2022,0.23099783548769462,6.21,6.671,5.748
08/01/2022,0.23263705637752563,6.21,6.675,5.744
07/29/2022,0.2210316719386614,6.19,6.632,5.747
07/28/2022,0.23807561823924772,6.16,6.636,5.683
07/27/2022,0.21112792330717417,6.13,6.552,5.707
07/26/2022,0.21230873745562154,6.13,6.554,5.705
07/25/2022,0.2233830790368869,6.13,6.576,5.683
07/22/2022,0.2118135972972464,6.12,6.543,5.696
07/21/2022,0.21850629281556183,6.08,6.517,5.642
07/20/2022,0.21679483388678805,6.03,6.463,5.596
07/19/2022,0.2330557873128236,5.99,6.456,5.523
07/18/2022,0.24548930730278265,5.96,6.45,5.469
07/15/2022,0.25370258177637856,5.94,6.447,5.432
07/14/2022,0.27886376602204893,5.96,6.517,5.402
07/13/2022,0.2828161947272469,5.94,6.505,5.374
07/12/2022,0.2776328510821442,5.96,6.515,5.404
07/11/2022,0.2819929077122331,5.97,6.533,5.406
07/08/2022,0.28656587375331355,5.96,6.533,5.386
07/07/2022,0.2858671019897183,5.95,6.521,5.378
07/06/2022,0.29205307736779634,5.97,6.554,5.385
07/05/2022,0.2844995606323497,5.95,6.518,5.381
07/01/2022,0.30344686520048286,5.9,6.506,5.293
06/30/2022,0.34867606743222285,5.88,6.577,5.182
06/29/2022,0.40538870235861296,5.84,6.65,5.029
06/28/2022,0.4428995371413252,5.79,6.675,4.904
06/27/2022,0.44119723480547796,5.7,6.582,4.817
06/24/2022,0.4246410248668869,5.61,6.459,4.76
06/23/2022,0.4558837571135871,5.57,6.481,4.658
06/22/2022,0.5057519154684439,5.51,6.521,4.498
06/21/2022,0.5317612246111971,5.48,6.543,4.416
06/17/2022,0.5421577261277386,5.45,6.534,4.365
06/16/2022,0.5781781732303634,5.44,6.596,4.283
06/15/2022,0.5297593793412252,5.34,6.399,4.28
06/14/2022,0.5170058026753666,5.3,6.334,4.265
06/13/2022,0.5244187258288935,5.22,6.268,4.171
06/10/2022,0.47332335670237113,5.16,6.106,4.213
06/09/2022,0.5012534289159528,5.09,6.092,4.087
06/08/2022,0.4938724531698443,5.03,6.017,4.042
06/07/2022,0.3849480484429036,4.96,5.729,4.19
06/06/2022,0.2945759664331088,4.91,5.499,4.32
06/03/2022,0.33485071300506447,4.92,5.589,4.25
06/02/2022,0.45261462636552097,4.98,5.885,4.074
06/01/2022,0.5953108431735475,5.07,6.26,3.879
05/31/2022,0.6877935736832673,5.14,6.515,3.764
05/27/2022,0.7869180389341701,5.25,6.823,3.676
05/26/2022,0.8722041045535156,5.34,7.084,3.595
05/25/2022,0.9240373369079845,5.42,7.268,3.571
05/24/2022,0.9183272837066314,5.52,7.356,3.683
05/23/2022,0.9177908258421413,5.62,7.455,3.784
05/20/2022,0.9589316972548149,5.73,7.647,3.812
05/19/2022,1.0226656345062153,5.84,7.885,3.794
05/18/2022,1.0222744249955587,5.98,8.024,3.935
05/17/2022,1.1004567233653488,6.1,8.3,3.899
05/16/2022,1.0731635476477945,6.29,8.436,4.143
05/13/2022,1.114522319202267,6.4,8.629,4.17
05/12/2022,1.0998772658801526,6.61,8.809,4.41
05/11/2022,1.0487873950424842,6.87,8.967,4.772
05/10/2022,1.1407870090424417,7.12,9.401,4.838
05/09/2022,1.3979431318905642,7.47,10.265,4.674
05/06/2022,1.6217490558036407,7.8,11.043,4.556
05/05/2022,1.7178052858225812,8.06,11.495,4.624
05/04/2022,1.7868002126706835,8.25,11.823,4.676
05/03/2022,1.793043501982035,8.46,12.046,4.873
05/02/2022,1.8128182479222787,8.64,12.265,5.014
04/29/2022,1.816025880872847,8.8,12.432,5.167
04/28/2022,1.7904329085447463,8.96,12.54,5.379
04/27/2022,1.682047859009963,9.14,12.504,5.775
04/26/2022,1.5535105406787557,9.33,12.437,6.222
04/25/2022,1.453423544600816,9.49,12.396,6.583
04/22/2022,1.3830780889017076,9.59,12.356,6.823
04/21/2022,1.2227489521565742,9.73,12.175,7.284
04/20/2022,1.1626886943631989,9.79,12.115,7.464
04/19/2022,1.091102653282449,9.84,12.022,7.657
04/18/2022,0.94124120181811,9.93,11.812,8.047
04/14/2022,0.9412571380871435,9.94,11.822,8.057
04/13/2022,0.924910806510552,10.05,11.899,8.2
04/12/2022,1.0242363008603044,10.0,12.048,7.951
04/11/2022,1.0543813351914002,9.83,11.938,7.721
04/08/2022,0.9442219018853566,9.61,11.498,7.721
04/07/2022,0.8973600169385753,9.47,11.264,7.675
04/06/2022,0.8527162482326699,9.31,11.015,7.604
04/05/2022,0.8855930216527229,9.17,10.941,7.398
04/04/2022,0.9004748747188897,8.99,10.79,7.189
04/01/2022,0.9357350052231669,8.82,10.691,6.948
03/31/2022,0.9232821887158876,8.66,10.506,6.813
03/30/2022,0.9217646120349816,8.54,10.383,6.696
03/29/2022,0.8920818348111342,8.44,10.224,6.655
03/28/2022,0.7789351706015076,8.28,9.837,6.722
03/25/2022,0.7376008405635124,8.19,9.665,6.714
03/24/2022,0.6433467183408959,8.08,9.366,6.793
03/23/2022,0.6033406997708676,8.0,9.206,6.793
03/22/2022,0.547019195275632,7.89,8.984,6.795
03/21/2022,0.5828164376542585,7.83,8.995,6.664
03/18/2022,0.48861539067041265,7.76,8.737,6.782
03/17/2022,0.4424759880490692,7.73,8.614,6.845
03/16/2022,0.3881430148798249,7.68,8.456,6.903
03/15/2022,0.39039082981033246,7.67,8.45,6.889
03/14/2022,0.40173996564942344,7.66,8.463,6.856
03/11/2022,0.3675731219771108,7.62,8.355,6.884
03/10/2022,0.28781070167733513,7.55,8.125,6.974
03/09/2022,0.3098870762068015,7.56,8.179,6.94
03/08/2022,0.3113438613494732,7.56,8.182,6.937
03/07/2022,0.30016662039607267,7.57,8.17,6.969
03/04/2022,0.3404702630186667,7.56,8.24,6.879
03/03/2022,0.43261414678671806,7.52,8.385,6.654
03/02/2022,0.479259846012578,7.44,8.398,6.481
03/01/2022,0.5144171459039832,7.4,8.428,6.371
02/28/2022,0.5600535688664076,7.33,8.45,6.209
02/25/2022,0.6357318617152989,7.25,8.521,5.978
02/24/2022,0.6655185947815432,7.13,8.461,5.798
02/23/2022,0.7030967216535715,7.09,8.496,5.683
02/22/2022,0.7394795467083589,7.08,8.558,5.601
02/18/2022,0.7474824412653449,7.03,8.524,5.535
02/17/2022,0.6807752933237221,6.96,8.321,5.598
02/16/2022,0.6930404028626325,6.97,8.356,5.583
02/15/2022,0.713722635202219,6.99,8.417,5.562
02/14/2022,0.7688367837194054,7.03,8.567,5.492
02/11/2022,0.8150337416328233,7.07,8.7,5.439
02/10/2022,0.8370095578904698,7.09,8.764,5.415
02/09/2022,0.8301174615679396,7.08,8.74,5.419
02/08/2022,0.8631512034400459,7.1,8.826,5.373
02/07/2022,0.902424512078434,7.13,8.934,5.325
02/04/2022,0.9482562944689582,7.21,9.106,5.313
02/03/2022,0.9609474491354871,7.29,9.211,5.368
02/02/2022,0.9597395480024775,7.42,9.339,5.5
02/01/2022,0.9915820692206974,7.51,9.493,5.526
01/31/2022,1.021398551007392,7.6,9.642,5.557
01/28/2022,0.9367550373496797,7.73,9.603,5.856
01/27/2022,0.8577820235934068,7.85,9.565,6.134
01/26/2022,0.747097717838838,7.98,9.474,6.485
01/25/2022,0.6509608283145768,8.09,9.391,6.788
01/24/2022,0.5565249320560581,8.21,9.323,7.096
01/21/2022,0.31102250722415603,8.4,9.022,7.777
01/20/2022,0.3244148578595009,8.45,9.098,7.801
01/19/2022,0.3201562118716427,8.5,9.14,7.859
01/18/2022,0.32205589576966326,8.5,9.144,7.855
01/14/2022,0.33737960815674706,8.49,9.164,7.815
01/13/2022,0.3238417391257651,8.51,9.157,7.862
01/12/2022,0.320288932059789,8.51,9.15,7.869
01/11/2022,0.38964727639238045,8.47,9.249,7.69
01/10/2022,0.46261755262851856,8.42,9.345,7.494
01/07/2022,0.4785237716143265,8.39,9.347,7.432
01/06/2022,0.4828819731570025,8.44,9.405,7.474
01/05/2022,0.5235551546876414,8.49,9.537,7.442
01/04/2022,0.562169903143169,8.53,9.654,7.405
01/03/2022,0.6014524087573346,8.56,9.762,7.357
12/31/2021,0.6127152682935197,8.6,9.825,7.374
12/30/2021,0.6862652548395555,8.69,10.062,7.317
12/29/2021,0.7409689602135842,8.76,10.241,7.278
12/28/2021,0.7686546688858398,8.84,10.377,7.302
12/27/2021,0.8328085013975302,8.95,10.615,7.284
12/23/2021,0.863368403406101,8.96,10.686,7.233
12/22/2021,0.905643417687116,9.02,10.831,7.208
12/21/2021,0.9618367844910071,9.04,10.963,7.116
12/20/2021,0.9561511386804912,9.15,11.062,7.237
12/17/2021,1.0032073564323578,9.25,11.256,7.243
12/16/2021,0.9730236379451426,9.36,11.306,7.413
12/15/2021,1.0254218644050848,9.4,11.45,7.349
12/14/2021,0.9411933913920135,9.51,11.392,7.627
12/13/2021,0.735187051028512,9.64,11.11,8.169
12/10/2021,0.5357844715928226,9.78,10.851,8.708
12/09/2021,0.36375128865751116,9.89,10.617,9.162
12/08/2021,0.3450652112282547,9.91,10.6,9.219
12/07/2021,0.3354027429822242,9.92,10.59,9.249
12/06/2021,0.3577569007021386,9.93,10.645,9.214
12/03/2021,0.2505094808585095,10.02,10.521,9.518
12/02/2021,0.2594513441861497,9.99,10.508,9.471
12/01/2021,0.3546829570193639,9.94,10.649,9.23
11/30/2021,0.4383662851999454,9.9,10.776,9.023
11/29/2021,0.595739036827368,9.8,10.991,8.608
11/26/2021,0.7016192874344319,9.67,11.073,8.266
11/24/2021,0.8106201329846182,9.56,11.181,7.938
11/23/2021,0.8740251712622469,9.43,11.178,7.681
11/22/2021,0.9565850720139846,9.35,11.263,7.436
11/19/2021,0.9571415778243051,9.19,11.104,7.275
11/18/2021,0.9980881724577245,9.04,11.036,7.043
11/17/2021,0.9927487093922613,8.9,10.885,6.914
11/16/2021,0.9970105315391611,8.79,10.784,6.795
11/15/2021,1.0275967107771415,8.73,10.785,6.674
11/12/2021,1.0134964232793326,8.63,10.656,6.603
11/11/2021,0.9075599153774921,8.5,10.315,6.684
11/10/2021,0.8992191056689134,8.42,10.218,6.621
11/09/2021,0.8816093239071376,8.34,10.103,6.576
11/08/2021,0.8045588853527132,8.26,9.869,6.65
11/05/2021,0.6911222757226104,8.09,9.472,6.707
11/04/2021,0.4747209706764597,7.92,8.869,6.97
11/03/2021,0.4226641692881005,7.84,8.685,6.994
11/02/2021,0.329507207811908,7.73,8.389,7.07
11/01/2021,0.310749094930299,7.69,8.311,7.068
10/29/2021,0.3022416251941482,7.65,8.254,7.045
10/28/2021,0.3201718288669383,7.67,8.31,7.029
10/27/2021,0.3340284419027817,7.69,8.358,7.021
10/26/2021,0.33834154341434336,7.69,8.366,7.013
10/25/2021,0.49225501521061205,7.75,8.734,6.765
10/22/2021,0.5346400658386912,7.84,8.909,6.77
10/21/2021,0.6049628087742254,7.92,9.129,6.71
10/20/2021,0.6051446108162907,7.96,9.17,6.749
10/19/2021,0.6044997932174997,7.97,9.178,6.761
10/18/2021,0.613265847736526,7.96,9.186,6.733
10/15/2021,0.6329928909553407,7.9,9.165,6.634
10/14/2021,0.6323171672507397,7.91,9.174,6.645
10/13/2021,0.6383141859617408,7.9,9.176,6.623
10/12/2021,0.6687039703785225,7.8,9.137,6.462
10/11/2021,0.6628536791781425,7.81,9.135,6.484
10/08/2021,0.6374715679934282,7.84,9.114,6.565
10/07/2021,0.6330876716537766,7.85,9.116,6.583
10/06/2021,0.6159017778834543,7.88,9.111,6.648
10/05/2021,0.608703540321559,7.89,9.107,6.672
10/04/2021,0.6496922348312314,7.88,9.179,6.58
10/01/2021,0.6801507185911074,7.81,9.17,6.449
09/30/2021,0.7066257849809897,7.76,9.173,6.346
09/29/2021,0.8153925435028211,7.75,9.38,6.119
09/28/2021,0.6926037828369117,7.59,8.975,6.204
09/27/2021,0.7117864848393791,7.52,8.943,6.096
09/24/2021,0.5241183072551462,7.33,8.378,6.281
09/23/2021,0.5399722215077365,7.22,8.299,6.14
09/22/2021,0.5301792149830092,7.1,8.16,6.039
09/21/2021,0.5964562012419687,6.98,8.172,5.787
09/20/2021,0.6879207803228509,6.9,8.275,5.524
09/17/2021,0.7458686211391388,6.77,8.261,5.278
09/16/2021,0.7814953614705592,6.63,8.192,5.067
09/15/2021,0.8079108861749543,6.57,8.185,4.954
09/14/2021,0.8575430018372256,6.49,8.205,4.774
09/13/2021,0.8386745495125031,6.36,8.037,4.682
09/10/2021,0.789233805662175,6.28,7.858,4.701
09/09/2021,0.7147691935163405,6.2,7.629,4.77
09/08/2021,0.61211926942386,6.11,7.334,4.885
09/07/2021,0.5950168064853295,6.07,7.26,4.879
09/03/2021,0.566074200083346,6.01,7.142,4.877
09/02/2021,0.5182470453364881,5.94,6.976,4.903
09/01/2021,0.5142275760789187,5.87,6.898,4.841
08/31/2021,0.5186858394057042,5.79,6.827,4.752
08/30/2021,0.43676080410219975,5.7,6.573,4.826
08/27/2021,0.3817328909067177,5.62,6.383,4.856
08/26/2021,0.3724244889907215,5.56,6.304,4.815
08/25/2021,0.34522456459527917,5.52,6.21,4.829
08/24/2021,0.36634000600535027,5.48,6.212,4.747
08/23/2021,0.4331223845519879,5.41,6.276,4.543
08/20/2021,0.4570940822194049,5.39,6.304,4.475
08/19/2021,0.5226423251134567,5.4,6.445,4.354
08/18/2021,0.5331697665847155,5.3,6.366,4.233
08/17/2021,0.5514163581178927,5.27,6.372,4.167
08/16/2021,0.5919032437822925,5.25,6.433,4.066
08/13/2021,0.5966783052868606,5.19,6.383,3.996
08/12/2021,0.5661757677612139,5.12,6.252,3.987
08/11/2021,0.5026629089161045,5.05,6.055,4.044
08/10/2021,0.4306680856529771,5.0,5.861,4.138
08/09/2021,0.46886032035138137,5.02,5.957,4.082
08/06/2021,0.4260927129158629,4.99,5.842,4.137
08/05/2021,0.44601008957197363,5.0,5.892,4.107
08/04/2021,0.45478016667396565,5.0,5.909,4.09
08/03/2021,0.44892649732445067,4.99,5.887,4.092
08/02/2021,0.4444997187850629,4.97,5.858,4.081
07/30/2021,0.45225545878408147,4.98,5.884,4.075
07/29/2021,0.4248058380013156,4.93,5.779,4.08
07/28/2021,0.44455033460790466,4.93,5.819,4.04
07/27/2021,0.4275394718619557,4.98,5.835,4.124
07/26/2021,0.44590357702086214,5.0,5.891,4.108
07/23/2021,0.4294706043491219,5.05,5.908,4.191
07/22/2021,0.4382122773268682,5.13,6.006,4.253
07/21/2021,0.4393119620497489,5.17,6.048,4.291
07/20/2021,0.4103108577651828,5.21,6.03,4.389
07/19/2021,0.36058286148956115,5.25,5.971,4.528
07/16/2021,0.34026460291955146,5.29,5.97,4.609
07/15/2021,0.32072573953457495,5.34,5.981,4.698
07/14/2021,0.4251646739793889,5.44,6.29,4.589
07/13/2021,0.44129355309136353,5.45,6.332,4.567
07/12/2021,0.4178875446815806,5.42,6.255,4.584
07/09/2021,0.43064486528925444,5.39,6.251,4.528
07/08/2021,0.40461092422227063,5.45,6.259,4.64
07/07/2021,0.43779561441384957,5.46,6.335,4.584
07/06/2021,0.3965728180296779,5.49,6.283,4.696
07/02/2021,0.3856099065117493,5.52,6.291,4.748
07/01/2021,0.35253368633366094,5.55,6.255,4.844
06/30/2021,0.36673559958095153,5.58,6.313,4.846
06/29/2021,0.37415905708668873,5.64,6.388,4.891
06/28/2021,0.653153886920992,5.53,6.836,4.223
06/25/2021,0.8183336727765759,5.43,7.066,3.793
06/24/2021,0.9468843646401602,5.29,7.183,3.396
06/23/2021,1.0500714261420507,5.16,7.26,3.059
06/22/2021,1.1342905271578354,5.04,7.308,2.771
06/21/2021,1.2155883349226415,4.96,7.391,2.528
06/18/2021,1.2768535546412518,4.84,7.393,2.286
06/17/2021,1.323075961538112,4.73,7.376,2.083
06/16/2021,1.359494391308769,4.59,7.308,1.871
06/15/2021,1.282253875018516,4.39,6.954,1.825
06/14/2021,1.297308752764738,4.28,6.874,1.685
06/11/2021,1.2852178803611471,4.16,6.73,1.589
06/10/2021,1.247964342439318,4.03,6.525,1.534
06/09/2021,1.1373851590380455,3.86,6.134,1.585
06/08/2021,1.1294644748729372,3.78,6.038,1.521
06/07/2021,1.0291531713015316,3.64,5.698,1.581
06/04/2021,1.026255937863455,3.58,5.632,1.527
06/03/2021,0.928106270854798,3.46,5.316,1.603
06/02/2021,0.7562845033451367,3.34,4.852,1.827
06/01/2021,0.10763944444301071,3.18,3.395,2.964
05/28/2021,0.1761568902995281,3.21,3.562,2.857
05/27/2021,0.20468573472521231,3.23,3.639,2.82
05/26/2021,0.20997023598596057,3.25,3.669,2.83
05/25/2021,0.22509442463108667,3.27,3.72,2.819
05/24/2021,0.23045064547533808,3.29,3.75,2.829
05/21/2021,0.22463859864235258,3.31,3.759,2.86
05/20/2021,0.23104653210987602,3.31,3.772,2.847
05/19/2021,0.23259944109993036,3.31,3.775,2.844
05/18/2021,0.22524986126521804,3.31,3.76,2.859
05/17/2021,0.23933762763092636,3.3,3.778,2.821
05/14/2021,0.24248195809173095,3.3,3.784,2.815
05/13/2021,0.23394978093599483,3.31,3.777,2.842
05/12/2021,0.23387496659540108,3.31,3.777,2.842
05/11/2021,0.2363947968970552,3.31,3.782,2.837
05/10/2021,0.23919918478121946,3.34,3.818,2.861
05/07/2021,0.27189382118760985,3.36,3.903,2.816
05/06/2021,0.47839445021864535,3.47,4.426,2.513
05/05/2021,0.5155203681718113,3.53,4.561,2.498
05/04/2021,0.5438439573995467,3.59,4.677,2.502
05/03/2021,0.570903888583709,3.62,4.761,2.478
04/30/2021,0.5840729834532667,3.63,4.798,2.461
04/29/2021,0.5829193769296059,3.66,4.825,2.494
04/28/2021,0.585649212413028,3.66,4.831,2.488
04/27/2021,0.584541803894298,3.66,4.829,2.49
04/26/2021,0.5853410292299696,3.66,4.83,2.489
04/23/2021,0.5955560599137583,3.65,4.841,2.458
04/22/2021,0.5750749694605044,3.67,4.82,2.519
04/21/2021,0.5749507113657657,3.68,4.829,2.53
04/20/2021,0.5299328452738139,3.73,4.789,2.67
04/19/2021,0.49980172918868543,3.78,4.779,2.78
04/16/2021,0.4875405301100617,3.82,4.795,2.844
04/15/2021,0.46805049780979835,3.85,4.786,2.913
04/14/2021,0.43045181902275664,3.9,4.76,3.039
04/13/2021,0.42363400300259185,3.92,4.767,3.072
04/12/2021,0.5100169296209686,4.01,5.03,2.989
04/09/2021,0.3256689553826094,3.89,4.541,3.238
04/08/2021,0.2975840528321369,3.85,4.445,3.254
04/07/2021,0.2994449340028982,3.81,4.408,3.211
04/06/2021,0.26023694779950063,3.76,4.28,3.239
04/05/2021,0.24351194837214865,3.69,4.177,3.202
04/01/2021,0.257921827304321,3.65,4.165,3.134
03/31/2021,0.2714945100734083,3.61,4.152,3.067
03/30/2021,0.2734577636491603,3.6,4.146,3.053
03/29/2021,0.2740668686652949,3.59,4.138,3.041
03/26/2021,0.277597998011513,3.61,4.165,3.054
03/25/2021,0.29711807164829274,3.6,4.194,3.005
03/24/2021,0.2689240571239397,3.64,4.177,3.102
03/23/2021,0.27729613863160807,3.66,4.214,3.105
03/22/2021,0.5713654701677378,3.76,4.902,2.617
03/19/2021,0.7556107628931711,3.86,5.371,2.348
03/18/2021,0.9068554821469627,3.99,5.803,2.176
03/17/2021,0.9546502320221789,4.05,5.959,2.14
03/16/2021,1.000984847787418,4.13,6.131,2.128
03/15/2021,1.0279911796800594,4.19,6.245,2.134
03/12/2021,1.0402788883275484,4.22,6.3,2.139
03/11/2021,1.0360284578620416,4.26,6.332,2.187
03/10/2021,1.0211291620064527,4.3,6.342,2.257
03/09/2021,1.0070544818926135,4.33,6.344,2.315
03/08/2021,0.9803769323581619,4.37,6.33,2.409
03/05/2021,0.9415243116882326,4.44,6.323,2.556
03/04/2021,0.8942100703973312,4.49,6.278,2.701
03/03/2021,0.8576398136747151,4.56,6.275,2.844
03/02/2021,0.8362383930435148,4.64,6.312,2.967
03/01/2021,0.8075198139983935,4.72,6.335,3.104
02/26/2021,0.7788973295627608,4.81,6.367,3.252
02/25/2021,0.7315278873699894,4.91,6.373,3.446
02/24/2021,0.6765648897186433,5.01,6.363,3.656
02/23/2021,0.6591250674189231,5.06,6.378,3.741
02/22/2021,0.6652695709259518,5.06,6.39,3.729
02/19/2021,0.5691252845375963,4.96,6.098,3.821
02/18/2021,0.584973152802759,4.9,6.069,3.73
02/17/2021,0.580258424755729,4.82,5.98,3.659
02/16/2021,0.5778341799340014,4.81,5.965,3.654
02/12/2021,0.5951385300919442,4.76,5.95,3.569
02/11/2021,0.6613524699432216,4.7,6.022,3.377
02/09/2021,0.6815533489757055,4.67,6.033,3.306
02/08/2021,0.6830082924093966,4.67,6.036,3.303
02/05/2021,0.6662206676469892,4.69,6.022,3.357
02/03/2021,0.7016776165020514,4.64,6.043,3.236
02/01/2021,0.7237010826301146,4.62,6.067,3.172
01/28/2021,0.7070013132943954,4.64,6.054,3.225
01/27/2021,0.7293325064742417,4.59,6.048,3.131
01/20/2021,0.7572803146787852,4.52,6.034,3.005
01/19/2021,0.7532460919248104,4.44,5.946,2.933
01/15/2021,0.7233137058012934,4.36,5.806,2.913
01/12/2021,0.7382527785250795,4.32,5.796,2.843
01/11/2021,0.6271584464870101,4.21,5.464,2.955
01/07/2021,0.5348040374754103,4.11,5.179,3.04
01/05/2021,0.4049697278809861,4.01,4.819,3.2
12/31/2020,0.3941534358596915,3.99,4.778,3.201
12/29/2020,0.40644072446052937,4.01,4.822,3.197
12/28/2020,0.3942044907151616,3.99,4.778,3.201
12/23/2020,0.2416613384470093,3.9,4.383,3.416
12/22/2020,0.2453307573460775,3.91,4.4,3.419
12/17/2020,0.22864762080546558,3.94,4.397,3.482
12/16/2020,0.2775294759120191,3.97,4.525,3.414
12/15/2020,0.2135335102507332,3.88,4.307,3.452
12/14/2020,0.19869224947138722,3.9,4.297,3.502
12/11/2020,0.2018443831272002,3.94,4.343,3.536
12/10/2020,0.17865697579439763,3.91,4.267,3.552
12/08/2020,0.2278130450610763,3.87,4.325,3.414
12/07/2020,0.2345751169668257,3.91,4.379,3.44
12/04/2020,0.24324531958498186,3.95,4.436,3.463
12/03/2020,0.27217546821857397,3.97,4.514,3.425
12/02/2020,0.29564517838111276,4.0,4.591,3.408
12/01/2020,0.30947224673627843,4.02,4.638,3.401
11/30/2020,0.3504545134536006,4.07,4.77,3.369
11/20/2020,0.3537224243669038,4.11,4.817,3.402
11/11/2020,0.3680295660677277,4.15,4.886,3.413
11/05/2020,0.39149885504302556,4.19,4.972,3.407
11/04/2020,0.4259574550351243,4.23,5.081,3.378
11/02/2020,0.5222454437331167,4.31,5.354,3.265
10/28/2020,0.6134958056091336,4.39,5.616,3.163
10/27/2020,0.6425454411946286,4.47,5.755,3.184
10/26/2020,0.6740152368455775,4.54,5.888,3.191
10/23/2020,0.6770916511078836,4.63,5.984,3.275
10/22/2020,0.6839715666604862,4.72,6.087,3.352
10/19/2020,0.7635446954828512,4.86,6.387,3.332
10/16/2020,0.8840858493381737,5.03,6.798,3.261
10/12/2020,0.9783681789081246,5.18,7.136,3.223
09/25/2020,0.8922714906349971,5.33,7.114,3.545
09/24/2020,0.8829430406317272,5.33,7.095,3.564
09/22/2020,0.8802106710895976,5.34,7.1,3.579
09/18/2020,0.8771991207815931,5.34,7.094,3.585
09/17/2020,0.8627000043468182,5.36,7.085,3.634
09/15/2020,0.8726366927307149,5.35,7.095,3.604
09/14/2020,0.8611055669893211,5.37,7.092,3.647
09/11/2020,0.8882622346469539,5.35,7.126,3.573
09/08/2020,0.9105165003996358,5.32,7.141,3.498
09/04/2020,0.9105165003996358,5.32,7.141,3.498
08/31/2020,0.9337134450675968,5.29,7.157,3.422
08/27/2020,0.9338957637231255,5.26,7.127,3.392
08/26/2020,0.9290230608009684,5.21,7.068,3.351
08/25/2020,0.9378264122426921,5.16,7.035,3.284
08/14/2020,0.9435908090904659,5.12,7.007,3.232
08/11/2020,0.9894140766130225,5.08,7.058,3.101
08/10/2020,0.9558474067548648,5.01,6.921,3.098
08/04/2020,0.8816916816552144,4.95,6.713,3.186
07/29/2020,0.7486445895750534,4.88,6.377,3.382
07/28/2020,0.4841163258969894,4.75,5.718,3.781
07/27/2020,0.5651837019943162,4.8,5.93,3.669
07/24/2020,0.6696188595014331,4.91,6.249,3.57
07/22/2020,0.7566378291494551,5.0,6.513,3.486
07/21/2020,0.8637441776938355,5.14,6.867,3.412
07/20/2020,0.9569526135081089,5.25,7.163,3.336
07/17/2020,1.0171891193381888,5.33,7.364,3.295
07/16/2020,1.02524416823506,5.46,7.51,3.409
07/15/2020,1.0304702589109498,5.63,7.69,3.569
07/14/2020,1.0915953998620551,5.77,7.953,3.586
07/13/2020,1.0721143208632185,5.89,8.034,3.745
07/09/2020,1.0512793715278541,6.03,8.132,3.927
07/08/2020,1.033175829663083,6.12,8.186,4.053
07/07/2020,0.991732547111367,6.2,8.183,4.216
07/02/2020,0.9303059953585163,6.32,8.18,4.459
07/01/2020,0.7899347207206427,6.45,8.029,4.87
06/30/2020,0.6530138306345432,6.54,7.846,5.233
06/29/2020,0.5323406104178038,6.61,7.674,5.545
06/26/2020,0.4857510138949789,6.65,7.621,5.678
06/24/2020,0.43843772990015356,6.72,7.596,5.843
06/23/2020,0.38864166979365444,6.83,7.607,6.052
06/22/2020,0.432898458070712,6.9,7.765,6.034
06/17/2020,0.48515874000166165,6.97,7.94,5.999
06/16/2020,0.5782858423824675,7.07,8.226,5.913
06/10/2020,0.6360970267970132,7.13,8.402,5.857
06/04/2020,0.6852420211137086,7.19,8.56,5.819
06/01/2020,0.7162480209396744,7.27,8.702,5.837
05/29/2020,0.7857809745724315,7.37,8.941,5.798
05/28/2020,0.9311445322827173,7.49,9.352,5.627
05/27/2020,1.083022427053106,7.63,9.796,5.463
05/26/2020,1.0747767096006502,7.67,9.819,5.52
05/22/2020,1.0689044155115088,7.7,9.837,5.562
05/21/2020,1.06539037422909,7.7,9.83,5.569
05/20/2020,1.0840901943565397,7.69,9.858,5.521
05/19/2020,1.1110312468603214,7.66,9.882,5.437
05/18/2020,1.066170873500116,7.73,9.862,5.597
05/14/2020,1.0146932053581517,7.8,9.829,5.77
05/11/2020,0.9183312022358819,7.9,9.736,6.063
05/08/2020,0.9985634576730716,7.85,9.847,5.852
05/05/2020,1.0060640034311934,7.84,9.852,5.827
05/04/2020,1.0068587127795041,7.84,9.853,5.826
04/29/2020,1.0128603109511203,7.86,9.885,5.834
04/27/2020,1.0139044565441067,7.85,9.877,5.822
04/24/2020,1.0725913641737008,7.9,10.045,5.754
04/23/2020,1.5467644381094363,8.14,11.233,5.046
04/22/2020,2.0001581243741704,8.42,12.42,4.419
04/20/2020,2.4978599460338042,8.76,13.755,3.764
04/15/2020,2.878138443942542,9.11,14.866,3.353
04/14/2020,3.4073865396370864,9.45,16.264,2.635
04/09/2020,3.736904672385957,9.8,17.273,2.326
04/08/2020,3.991033489586375,10.25,18.232,2.267
04/03/2020,3.954276964882455,10.35,18.258,2.441
04/02/2020,3.8523006969212563,10.48,18.184,2.775
04/01/2020,3.7738306685647673,10.62,18.167,3.072
03/31/2020,3.6691100985116263,10.82,18.158,3.481
03/30/2020,3.611762743453672,10.96,18.183,3.736
03/26/2020,3.5916140724610153,11.18,18.363,3.996
03/25/2020,3.451723139679658,11.45,18.353,4.546
03/20/2020,3.2166500638086197,11.75,18.183,5.316
03/19/2020,3.038059023949337,12.08,18.156,6.003
03/18/2020,2.8548734880901465,12.35,18.059,6.64
03/17/2020,2.6966781426414235,12.53,17.923,7.136
03/12/2020,2.5131335828005636,12.67,17.696,7.643
03/10/2020,2.4501285690755084,12.73,17.63,7.829
03/09/2020,2.5110488161324143,12.54,17.562,7.517
03/03/2020,2.5737451709522445,12.35,17.497,7.202
03/02/2020,2.5714014631130624,12.11,17.252,6.967
02/27/2020,2.421851994755253,11.79,16.633,6.946
02/26/2020,2.1772962785298646,11.39,15.744,7.035
02/25/2020,1.839042001831388,11.11,14.788,7.431
12/31/2019,1.5787241684347524,10.65,13.807,7.492
12/30/2019,1.2479943910130367,10.88,13.375,8.384
12/27/2019,1.167970461955267,10.99,13.325,8.654
12/26/2019,1.2459313785277262,10.9,13.391,8.408
12/24/2019,1.2678130777050693,10.97,13.505,8.434
12/19/2019,1.1947949614892088,10.89,13.279,8.5
12/18/2019,1.1716057357319485,10.87,13.213,8.526
12/17/2019,1.1597672180226513,10.82,13.139,8.5
12/16/2019,1.2306583603908925,10.92,13.381,8.458
12/13/2019,1.290279039587949,10.89,13.47,8.309
12/12/2019,1.2005436268624312,10.86,13.261,8.458
12/11/2019,1.0187983117379023,10.76,12.797,8.722
12/10/2019,1.0211023455070505,10.74,12.782,8.697
12/09/2019,1.0550213267986577,10.82,12.93,8.709
12/06/2019,1.1318038699350697,10.99,13.253,8.726
12/05/2019,1.1728341741269308,11.15,13.495,8.804
12/04/2019,1.2105102230051592,11.31,13.731,8.888
12/03/2019,1.146845674011983,11.51,13.803,9.216
12/02/2019,1.157896800237396,11.6,13.915,9.284
11/29/2019,1.0914783552595075,11.72,13.902,9.537
11/27/2019,1.2560871785031482,11.69,14.202,9.177
11/26/2019,1.0639642851148716,11.79,13.917,9.662
11/25/2019,1.023083574298796,11.85,13.896,9.803
11/18/2019,1.1968374994125142,11.72,14.113,9.326
11/15/2019,1.3274769301196914,11.62,14.274,8.965
11/14/2019,1.4252929523434823,11.45,14.3,8.599
11/13/2019,1.4924208521727373,11.52,14.504,8.535
11/12/2019,1.3655475092430873,11.35,14.081,8.618
11/11/2019,1.4388415479127645,11.42,14.297,8.542
11/08/2019,1.5109847782158492,11.55,14.571,8.528
11/07/2019,1.6159378082092144,11.71,14.941,8.478
11/06/2019,1.6091006805044858,11.74,14.958,8.521
11/05/2019,1.7594715115624917,11.89,15.408,8.371
11/04/2019,1.7955319546028692,11.97,15.561,8.378
10/31/2019,1.889466856020502,12.01,15.788,8.231
10/30/2019,1.99509648889471,12.16,16.15,8.169
10/29/2019,2.076293572691492,12.23,16.382,8.077
10/28/2019,2.0965781645338195,12.26,16.453,8.066
10/25/2019,2.311129593943187,12.42,17.042,7.797
10/24/2019,2.6614206732495336,12.8,18.122,7.477
10/23/2019,2.6698904471906704,12.93,18.269,7.59
10/17/2019,2.7049787429848684,13.2,18.609,7.79
10/15/2019,2.5384877387925275,13.48,18.556,8.403
10/14/2019,2.2067747959408996,13.71,18.123,9.296
10/11/2019,2.128515914904091,13.91,18.167,9.652
10/10/2019,1.8569154531103456,14.15,17.863,10.436
10/09/2019,1.6640537851884476,14.37,17.698,11.041
10/08/2019,1.8171928901467782,14.37,18.004,10.735
10/07/2019,1.4796418485566025,14.61,17.569,11.65
10/03/2019,1.589729536745166,14.47,17.649,11.29
10/02/2019,1.6739474304768356,14.38,17.727,11.032
10/01/2019,1.580219921403347,14.55,17.71,11.389
09/30/2019,1.6453327930847303,14.36,17.65,11.069
09/26/2019,1.6528747683959604,14.46,17.765,11.154
09/25/2019,1.70636455659393,14.4,17.812,10.987
09/24/2019,1.7002823294970748,14.26,17.66,10.859
09/23/2019,1.7023939027146449,14.18,17.584,10.775
09/20/2019,1.8710839104647337,14.37,18.112,10.627
09/19/2019,2.0197710266265334,14.4,18.439,10.36
09/17/2019,1.6399771339869347,14.12,17.399,10.84
09/16/2019,1.4678232182384907,13.94,16.875,11.004
09/13/2019,1.4439477137348153,13.86,16.747,10.972
09/11/2019,1.493865790491234,14.18,17.167,11.192
09/10/2019,1.5781112128110615,14.22,17.376,11.063
09/04/2019,1.7952715672009065,14.48,18.07,10.889
09/03/2019,1.8671355065982758,14.58,18.314,10.845
08/30/2019,1.9317647372286302,14.64,18.503,10.776
08/29/2019,2.0512520566717294,14.88,18.982,10.777
08/27/2019,1.954114889150584,15.09,18.998,11.181
08/20/2019,1.8603749622052002,15.3,19.02,11.579
08/19/2019,1.866713689883909,15.45,19.183,11.716
08/16/2019,1.7436685464846808,15.6,19.087,12.112
08/13/2019,1.7133767828472521,15.71,19.136,12.283
08/12/2019,1.7058443657028033,15.74,19.151,12.328
08/09/2019,1.7922457978748338,16.08,19.664,12.495
08/08/2019,1.7918314652890768,16.41,19.993,12.826
08/07/2019,1.833871587652745,16.81,20.477,13.142
08/06/2019,1.8331325647644796,16.8,20.466,13.133
08/05/2019,1.9790780681923588,16.96,20.918,13.001
08/02/2019,1.8590562121678837,17.4,21.118,13.681
07/31/2019,1.797823684347272,17.58,21.175,13.984
07/30/2019,1.5958085724797944,17.89,21.081,14.698
07/29/2019,1.595756873712283,17.99,21.181,14.798
07/25/2019,1.6376125915490511,18.0,21.275,14.724
07/24/2019,1.6259873923250447,18.2,21.451,14.948
07/23/2019,1.6454877696294186,18.44,21.73,15.149
07/19/2019,1.830592800160647,18.55,22.211,14.888
07/18/2019,1.7812720174077845,18.85,22.412,15.287
07/17/2019,1.7724925951890458,18.95,22.494,15.405
07/16/2019,1.8170883302690595,19.01,22.644,15.375
07/15/2019,1.6604607794223862,19.28,22.6,15.959
07/11/2019,1.6054064905811236,19.53,22.74,16.319
07/10/2019,1.4701870629277076,19.75,22.69,16.809
07/09/2019,1.1437635245102022,20.01,22.297,17.722
07/05/2019,1.222842998916868,20.12,22.565,17.674
07/02/2019,1.344319530468854,20.29,22.978,17.601
07/01/2019,1.3024630512993451,20.46,23.064,17.855
06/27/2019,1.250491903212492,20.69,23.19,18.189
06/26/2019,1.263032066101253,20.76,23.286,18.233
06/25/2019,1.293493332027653,20.81,23.396,18.223
06/24/2019,1.1654913127089366,20.97,23.3,18.639
06/21/2019,1.1938718524196807,20.94,23.327,18.552
06/20/2019,1.315005703409685,20.89,23.52,18.259
06/19/2019,1.1252177567031194,20.99,23.24,18.739
06/18/2019,1.3209882664126884,20.97,23.611,18.328
06/17/2019,1.303836646209946,20.92,23.527,18.312
06/14/2019,1.4367237034308302,20.65,23.523,17.776
06/13/2019,1.50948004292869,20.58,23.598,17.561
06/12/2019,1.5383871424319693,20.54,23.616,17.463
06/11/2019,1.6729524798989361,20.56,23.905,17.214
06/07/2019,1.60142124377067,20.34,23.542,17.137
06/06/2019,1.6137797247456047,20.31,23.537,17.082
06/05/2019,1.7702146762469235,20.11,23.65,16.569
06/04/2019,1.911405242223637,19.99,23.812,16.167
06/03/2019,1.7711380522138864,19.79,23.332,16.247
05/31/2019,1.7024438316725754,19.56,22.964,16.155
05/30/2019,1.4920740598241093,19.23,22.214,16.245
05/29/2019,1.453466545882636,19.19,22.096,16.283
05/28/2019,1.3616423906444748,19.13,21.853,16.406
05/23/2019,1.4176000846501104,19.16,21.995,16.324
05/22/2019,1.614462758938713,19.26,22.488,16.031
05/21/2019,1.9811537042844507,19.6,23.562,15.637
05/17/2019,2.233549865125021,19.77,24.237,15.302
05/15/2019,2.2468900729675227,20.06,24.553,15.566
05/14/2019,2.3930900526306984,20.19,24.976,15.403
05/13/2019,2.5419746261518816,20.2,25.283,15.116
05/10/2019,2.4117555846312455,20.49,25.313,15.666
05/07/2019,2.7212515502981347,20.9,26.342,15.457
05/06/2019,2.975638586925502,21.3,27.251,15.348
05/02/2019,3.020201152241354,21.71,27.75,15.669
05/01/2019,3.6456206604637296,22.19,29.481,14.898
04/30/2019,3.736119644765141,22.91,30.382,15.437
04/29/2019,3.7041125792826546,23.2,30.608,15.791
04/26/2019,3.4965011082509325,23.68,30.673,16.686
04/25/2019,3.4478667317632796,24.09,30.985,17.194
04/24/2019,2.8335490113989557,24.67,30.337,19.002
04/23/2019,2.7154852236755036,24.86,30.29,19.429
04/22/2019,2.449565267552592,25.19,30.089,20.29
04/18/2019,2.3181824777182665,25.34,29.976,20.703
04/17/2019,2.2528171252900226,25.51,30.015,21.004
04/16/2019,2.3200452581792455,25.76,30.4,21.119
04/15/2019,2.4211804971955315,25.69,30.532,20.847
04/12/2019,2.1776041880929604,25.9,30.255,21.544
04/10/2019,2.1353231605543925,25.99,30.26,21.719
04/09/2019,2.087361971484582,26.07,30.244,21.895
04/08/2019,1.682796779174479,26.46,29.825,23.094
04/05/2019,1.67893120764372,26.39,29.747,23.032
04/04/2019,1.941333304716117,26.06,29.942,22.177
04/03/2019,2.3701761537911064,26.2,30.94,21.459
04/02/2019,2.354613556403683,25.85,30.559,21.14
04/01/2019,1.6836522800150868,25.32,28.687,21.952
03/29/2019,1.7301343878439042,25.1,28.56,21.639
03/28/2019,1.7782547624004839,24.98,28.536,21.423
03/27/2019,1.684888720361081,24.8,28.169,21.43
03/26/2019,1.6439616783854787,24.6,27.887,21.312
03/25/2019,1.6257890392052718,24.53,27.781,21.278
03/22/2019,1.6813060399582227,24.41,27.772,21.047
03/21/2019,1.9634866946327902,24.4,28.326,20.473
03/20/2019,1.974013677764164,24.21,28.158,20.261
03/19/2019,1.6899082815348296,23.97,27.349,20.59
03/18/2019,1.6635834815241464,23.71,27.037,20.382
03/13/2019,1.6681351863682994,23.48,26.816,20.143
03/12/2019,1.8463558703565248,23.06,26.752,19.367
03/08/2019,1.7903896224006663,22.82,26.4,19.239
03/07/2019,1.6686072036282238,22.58,25.917,19.242
03/06/2019,1.6632182658929648,22.43,25.756,19.103
03/05/2019,1.4959879678660524,22.19,25.181,19.198
03/04/2019,1.5210654160817674,21.98,25.022,18.937
02/28/2019,1.6255860481684754,21.91,25.161,18.658
02/27/2019,1.8033496610474633,21.73,25.336,18.123
02/26/2019,1.7485422499899739,21.46,24.957,17.962
02/25/2019,1.8916011736092786,21.19,24.973,17.406
02/22/2019,1.9518555274404916,20.92,24.823,17.016
02/21/2019,1.793779529373663,20.75,24.337,17.162
02/20/2019,1.6842743244495535,20.65,24.018,17.281
02/19/2019,1.5912950700608608,20.48,23.662,17.297
02/15/2019,1.483028994996389,20.34,23.306,17.373
02/14/2019,1.549115876879454,20.25,23.348,17.151
02/13/2019,1.6839937648340624,19.88,23.247,16.512
02/11/2019,1.6536263181263173,19.45,22.757,16.142
02/08/2019,1.8734179992729867,19.07,22.816,15.323
02/05/2019,1.8661779122045146,19.13,22.862,15.397
02/04/2019,1.8822486551994135,19.07,22.834,15.305
02/01/2019,1.9551419385814426,18.82,22.73,14.909
01/31/2019,1.8859957582136821,18.63,22.401,14.858
01/30/2019,1.8797765824693107,18.64,22.399,14.88
01/24/2019,1.9844142712649495,18.71,22.678,14.741
01/23/2019,1.9661281748655148,18.65,22.582,14.717
01/22/2019,2.0670849039166246,18.75,22.884,14.615
01/16/2019,2.2788209670792483,19.0,23.557,14.442
01/15/2019,2.412081051706182,19.18,24.004,14.355
01/11/2019,2.6079608892772916,19.63,24.845,14.414
01/10/2019,2.6016581251194406,19.61,24.813,14.406
01/09/2019,2.7369462910331293,19.76,25.233,14.286
01/04/2019,2.8436455475322524,19.77,25.457,14.082
01/03/2019,2.9790241690862467,20.07,26.028,14.111
01/02/2019,3.118607862492494,20.28,26.517,14.042
12/31/2018,3.1048840558062714,20.52,26.729,14.31
12/28/2018,2.9860852298620015,20.82,26.792,14.847
12/27/2018,2.5491174943497605,21.54,26.638,16.441
12/26/2018,2.670948333457613,21.86,27.201,16.518
12/21/2018,2.7560270317977658,22.2,27.712,16.687
12/20/2018,2.754586175816615,22.64,28.149,17.13
12/19/2018,2.2221161085775876,23.41,27.854,18.965
12/18/2018,2.1542376841936455,23.6,27.908,19.291
12/17/2018,2.34391979384961,23.76,28.447,19.072
12/14/2018,2.1337572495483172,24.03,28.297,19.762
12/13/2018,1.831990720500516,24.3,27.963,20.636
12/12/2018,1.798668952308901,24.4,27.997,20.802
12/11/2018,1.65949088578395,24.57,27.888,21.251
12/10/2018,1.6132482759947395,24.74,27.966,21.513
12/07/2018,1.6256291089913468,24.84,28.091,21.588
12/06/2018,1.2818853302850453,25.09,27.653,22.526
12/04/2018,1.2102293171130831,25.25,27.67,22.829
12/03/2018,1.442880798957419,25.03,27.915,22.144
11/29/2018,1.3702736952886456,25.24,27.98,22.499
11/28/2018,1.2444215523688105,25.35,27.838,22.861
11/26/2018,1.2439614141925786,25.46,27.947,22.972
11/23/2018,1.4301887987255393,25.7,28.56,22.839
11/21/2018,1.4219634313160099,25.94,28.783,23.096
11/20/2018,1.5583147948986433,26.11,29.226,22.993
11/19/2018,1.6048738268163019,26.16,29.369,22.95
11/16/2018,1.7776487279549922,26.31,29.865,22.754
11/15/2018,1.9932849771169205,26.46,30.446,22.473
11/13/2018,2.689392124625935,26.75,32.128,21.371
11/08/2018,2.6014332588017712,27.2,32.402,21.997
11/06/2018,3.0405131145910227,27.59,33.671,21.508
11/01/2018,3.0678005150270122,27.8,33.935,21.664
10/30/2018,2.8548161061616564,28.15,33.859,22.44
10/29/2018,2.8774980451774423,28.09,33.844,22.335
10/26/2018,2.8217866680527077,28.35,33.993,22.706
10/25/2018,2.825770691333605,28.5,34.151,22.848
10/24/2018,2.637640043675406,28.84,34.115,23.564
10/23/2018,2.4008904598086103,29.1,33.901,24.298
10/18/2018,2.2901517416974797,29.22,33.8,24.639
10/12/2018,2.240083703793231,29.3,33.78,24.819
10/11/2018,1.8600120967348572,29.58,33.3,25.859
10/10/2018,1.8914637189224643,29.55,33.332,25.767
10/04/2018,1.8785712656165057,29.68,33.437,25.922
10/03/2018,2.002334887075586,29.72,33.724,25.715
10/02/2018,1.9733816154003259,29.81,33.756,25.863
09/28/2018,2.0212520871974378,29.91,33.952,25.867
09/27/2018,2.716631185862372,30.25,35.683,24.816
09/26/2018,2.1951571697716776,30.02,34.41,25.629
09/24/2018,2.1901563871102905,30.11,34.49,25.729
09/21/2018,2.0816219637580695,30.04,34.203,25.876
09/20/2018,1.8432335717428763,29.9,33.586,26.213
09/19/2018,2.030547955602133,30.21,34.271,26.148
09/18/2018,2.03158927935742,30.24,34.303,26.176
09/17/2018,2.0244912941279845,30.61,34.658,26.561
09/14/2018,2.0244912941279845,30.61,34.658,26.561
09/13/2018,2.0853728683379384,30.77,34.94,26.599
09/11/2018,2.109802123422953,30.72,34.939,26.5
09/05/2018,2.442021703425258,30.56,35.444,25.675
08/30/2018,2.0782143777772304,30.98,35.136,26.823
08/29/2018,1.9992986270189854,31.1,35.098,27.101
08/28/2018,1.7008835939005353,31.41,34.811,28.008
08/24/2018,1.7344437148549967,31.47,34.938,28.001
08/23/2018,1.7339665510037965,31.63,35.097,28.162
08/22/2018,1.4339595531255405,32.09,34.957,29.222
08/21/2018,1.4496482331931426,32.17,35.069,29.27
08/20/2018,1.4559824861584016,32.36,35.271,29.448
08/16/2018,1.469125590274705,32.38,35.318,29.441
08/15/2018,1.511633222709795,32.47,35.493,29.446
08/14/2018,1.489567051193064,32.42,35.399,29.44
08/13/2018,1.4871684504453422,32.38,35.354,29.405
08/10/2018,1.507212659182506,32.46,35.474,29.445
08/08/2018,1.5965243499552397,32.52,35.713,29.326
08/07/2018,1.720004360459589,32.8,36.24,29.359
08/06/2018,2.011315489921957,32.98,37.002,28.957
08/02/2018,2.0023623548199265,33.3,37.304,29.295
08/01/2018,2.0462099110306355,33.5,37.592,29.407
07/31/2018,1.9008379731055458,33.75,37.551,29.948
07/30/2018,1.8368968397817012,34.08,37.753,30.406
07/27/2018,1.9137698398710337,34.27,38.097,30.442
07/26/2018,1.892201099249232,34.8,38.584,31.015
07/25/2018,2.034528200836745,35.02,39.089,30.95
07/24/2018,2.0823112159329114,35.31,39.474,31.145
07/23/2018,2.216181400517566,35.63,40.062,31.197
07/20/2018,2.2846925394897233,35.55,40.119,30.98
07/19/2018,2.2381387356462064,35.61,40.086,31.133
07/18/2018,2.2088696204167415,35.65,40.067,31.232
07/17/2018,2.17300483202408,35.69,40.036,31.343
07/13/2018,2.180718918155203,35.77,40.131,31.408
07/12/2018,1.8419921281047862,36.05,39.733,32.366
07/11/2018,1.7858821349685987,36.18,39.751,32.608
07/09/2018,1.8073751685801152,36.17,39.784,32.555
07/06/2018,2.404823278330447,35.94,40.749,31.13
07/05/2018,2.753191784093509,35.51,41.016,30.003
06/29/2018,2.9910992962454452,35.1,41.082,29.117
06/28/2018,3.5079096339558125,34.62,41.635,27.604
06/27/2018,3.8919140535217376,34.21,41.993,26.426
06/26/2018,3.870023255744079,33.75,41.49,26.009
06/25/2018,4.210914390010797,33.57,41.991,25.148
06/22/2018,4.458995963218626,32.84,41.757,23.922
06/21/2018,4.9857010540143705,31.91,41.881,21.938
06/20/2018,4.973225311606141,31.24,41.186,21.293
06/19/2018,4.481145500873633,30.33,39.292,21.367
06/18/2018,4.593567241262503,29.79,38.977,20.602
06/15/2018,4.776553150546951,29.29,38.843,19.736
06/14/2018,4.745185454753059,28.8,38.29,19.309
06/13/2018,4.756740480623259,28.1,37.613,18.586
06/12/2018,4.710396480127761,27.63,37.05,18.209
06/11/2018,4.721604600133307,27.07,36.513,17.626
06/08/2018,3.8426585848862507,26.51,34.195,18.824
06/07/2018,3.548874469462114,25.89,32.987,18.792
06/05/2018,2.9344616201272764,25.44,31.308,19.571
06/04/2018,2.8494552110886042,25.35,31.048,19.651
06/01/2018,2.7596702701591,25.28,30.799,19.76
05/31/2018,2.6332071699735287,25.17,30.436,19.903
05/30/2018,2.9844890685006704,25.43,31.398,19.461
05/29/2018,3.313510223313035,25.7,32.327,19.072
05/24/2018,3.0957559658345164,25.4,31.591,19.208
05/22/2018,3.594536826908301,25.61,32.799,18.42
05/18/2018,3.628722915847943,26.22,33.477,18.962
05/16/2018,3.8139992134241454,26.87,34.497,19.242
05/11/2018,3.9213396945431795,27.18,35.022,19.337
05/10/2018,4.073625535073149,27.54,35.687,19.392
05/08/2018,3.9274571926374953,27.78,35.634,19.925
05/07/2018,3.980488035404704,27.97,35.93,20.009
05/03/2018,3.585911320710539,28.46,35.631,21.288
05/02/2018,3.4460230701491246,28.6,35.492,21.707
05/01/2018,3.2123091382991147,28.91,35.334,22.485
04/25/2018,2.865518277729179,29.28,35.011,23.548
04/24/2018,2.8965583025376858,29.44,35.233,23.646
04/23/2018,2.3214456702666983,29.94,34.582,25.297
04/20/2018,2.088288773134597,30.15,34.326,25.973
04/19/2018,1.9893931235429565,30.25,34.228,26.271
04/16/2018,2.0063798244599655,30.25,34.262,26.237
04/13/2018,2.367320214926574,30.11,34.844,25.375
04/12/2018,2.237656139803433,29.85,34.325,25.374
04/11/2018,2.237565641495239,29.85,34.325,25.374
04/09/2018,2.205479539691992,29.94,34.35,25.529
04/04/2018,2.2396115734653637,29.74,34.219,25.26
04/03/2018,2.081935397652867,29.36,33.523,25.196
04/02/2018,1.9590252678309183,29.04,32.958,25.121
03/29/2018,1.9136718631991227,28.94,32.767,25.112
03/28/2018,1.7043048436239334,28.88,32.288,25.471
03/27/2018,1.6962944909419473,28.82,32.212,25.427
03/26/2018,1.789607498866721,28.98,32.559,25.4
03/23/2018,1.8765233811492996,29.31,33.063,25.556
03/21/2018,1.9168685400934515,29.37,33.203,25.536
03/19/2018,2.240023437377386,29.68,34.16,25.199
03/15/2018,2.4154771785301556,29.83,34.66,24.999
03/14/2018,2.649779236087414,30.01,35.309,24.71
03/09/2018,2.851422452040385,30.17,35.872,24.467
03/08/2018,3.0364181200882068,30.44,36.512,24.367
03/02/2018,3.1402173491655,30.82,37.1,24.539
02/28/2018,2.97784989547828,31.39,37.345,25.434
02/27/2018,3.1174909783349816,31.7,37.934,25.465
02/23/2018,3.110446109483333,32.05,38.27,25.829
02/21/2018,3.1852284062528393,32.36,38.73,25.989
02/15/2018,3.2084856240912165,32.67,39.086,26.253
02/07/2018,3.0761794486017884,32.78,38.932,26.627
02/06/2018,2.770855463570773,33.01,38.551,27.468
02/05/2018,2.6182627828390337,33.21,38.446,27.973
02/02/2018,2.505480991745897,33.68,38.69,28.669
02/01/2018,2.143827185199404,34.24,38.527,29.952
01/31/2018,2.1967897031805297,34.55,38.943,30.156
01/30/2018,2.4723915547501774,35.02,39.964,30.075
01/29/2018,2.630786954506198,35.51,40.771,30.248
01/24/2018,2.935089436456749,35.86,41.73,29.989
01/22/2018,2.9337041432291695,35.86,41.727,29.992
01/16/2018,3.0111135813848,35.78,41.802,29.757
01/12/2018,3.1130684219913953,35.59,41.816,29.363
01/11/2018,3.625677178128245,35.13,42.381,27.878
01/09/2018,3.718565583662603,35.08,42.517,27.642
01/08/2018,3.8694276062487583,34.69,42.428,26.951
01/05/2018,3.876211423542322,34.64,42.392,26.887
01/04/2018,3.8853043638819336,34.43,42.2,26.659
01/03/2018,3.96384598590813,34.42,42.347,26.492
01/02/2018,3.906122117906709,34.17,41.982,26.357
12/28/2017,3.7896635734587303,34.28,41.859,26.7
12/27/2017,3.76525829127299,34.43,41.96,26.899
12/26/2017,3.7599321802394248,34.57,42.089,27.05
12/22/2017,3.702705092226492,34.55,41.955,27.144
12/20/2017,3.6787892029851337,34.42,41.777,27.062
12/19/2017,3.6376049813029443,34.36,41.635,27.084
12/18/2017,3.3890013278250564,34.16,40.938,27.381
12/14/2017,3.072595808107535,33.91,40.055,27.764
12/13/2017,2.2377321108658195,33.31,37.785,28.834
12/12/2017,2.2311768195282053,33.08,37.542,28.617
12/11/2017,2.2719980193653333,32.98,37.523,28.436
12/08/2017,2.2863092529227096,33.1,37.672,28.527
12/07/2017,2.3816769302321417,33.27,38.033,28.506
12/06/2017,2.0085840783995077,33.56,37.577,29.542
12/05/2017,1.8508065809262726,33.74,37.441,30.038
12/04/2017,1.8152548030510753,33.76,37.39,30.129
12/01/2017,1.6432985121395318,33.92,37.206,30.633
11/27/2017,1.6948170992764968,33.89,37.279,30.5
11/17/2017,1.838231487054881,33.78,37.456,30.103
11/16/2017,1.69,33.91,37.29,30.53
11/14/2017,1.6666778332959251,33.94,37.273,30.606
11/13/2017,1.4985743224812038,33.69,36.687,30.692
11/10/2017,2.280858391044915,34.08,38.641,29.518
11/08/2017,2.8036681330000524,34.56,40.167,28.952
11/06/2017,3.1558105139567556,34.75,41.061,28.438
11/02/2017,3.5190140664680496,35.1,42.138,28.061
11/01/2017,3.822093012996936,35.4,43.044,27.755
10/30/2017,3.9910261838279135,35.67,43.652,27.687
10/27/2017,4.1051297178042985,36.07,44.28,27.859
10/26/2017,4.060986333392419,36.58,44.701,28.458
10/24/2017,3.9511321162421282,36.9,44.802,28.997
10/23/2017,4.120655894393512,37.44,45.681,29.198
10/18/2017,4.249811172275775,37.75,46.249,29.25
10/16/2017,4.3685758548982525,38.07,46.807,29.332
10/13/2017,4.145743600368937,38.27,46.561,29.978
10/11/2017,4.044580942446324,38.63,46.719,30.54
10/09/2017,3.833110355833758,38.93,46.596,31.263
10/05/2017,3.60855788369814,39.35,46.567,32.132
09/27/2017,3.194380221576636,39.84,46.228,33.451
09/26/2017,2.6709352294655138,40.35,45.691,35.008
09/25/2017,2.325208592793343,40.61,45.26,35.959
09/18/2017,1.6531727072511209,41.02,44.326,37.713
09/14/2017,1.6627687752661224,41.04,44.365,37.714
09/13/2017,1.6620138386908818,40.97,44.294,37.645
09/12/2017,1.692700505110104,40.87,44.255,37.484
09/11/2017,1.7067849893879432,40.67,44.083,37.256
09/07/2017,1.8481260779503113,40.46,44.156,36.763
09/01/2017,1.8630217390036006,40.59,44.316,36.863
08/30/2017,1.8377241359899479,40.49,44.165,36.814
08/28/2017,1.8659662376366835,40.41,44.141,36.678
08/25/2017,1.8581549989169368,40.55,44.266,36.833
08/23/2017,1.6789282295559864,40.23,43.587,36.872
08/16/2017,1.6348700254148645,40.04,43.309,36.77
08/10/2017,1.336177383433801,40.15,42.822,37.477
08/04/2017,1.4929333541722483,40.38,43.365,37.394
07/07/2017,1.8778418463757804,40.62,44.375,36.864
06/22/2017,1.843352923343764,40.68,44.366,36.993
06/21/2017,2.0011809013679898,40.78,44.782,36.777
06/20/2017,2.0864671097335803,40.92,45.092,36.747
06/19/2017,2.2677488838052593,41.14,45.675,36.604
06/16/2017,2.7133162366373735,41.5,46.926,36.073
06/15/2017,2.929577614605901,41.74,47.599,35.88
06/07/2017,3.6305715803437897,42.22,49.481,34.958
05/31/2017,4.29096434382762,42.85,51.431,34.268
05/30/2017,4.556761459633365,43.43,52.543,34.316
05/25/2017,4.894662909741589,44.14,53.929,34.35
05/19/2017,5.008327065997189,44.9,54.916,34.883
05/18/2017,5.244882744161209,45.49,55.979,35.0
05/17/2017,5.168572336728974,45.95,56.287,35.612
05/08/2017,4.906878335561215,46.31,56.123,36.496
05/03/2017,4.815909052297396,46.52,56.151,36.888
05/01/2017,4.5151146164853895,46.8,55.83,37.769
04/26/2017,4.298215908955715,46.95,55.546,38.353
04/25/2017,3.8948504464228155,47.4,55.189,39.61
04/17/2017,3.869488338269028,47.73,55.468,39.991
04/12/2017,3.824741167713183,47.88,55.529,40.23
04/10/2017,3.3988130281026057,48.32,55.117,41.522
04/07/2017,3.2628223978635433,48.6,55.125,42.074
04/05/2017,3.2944787144554453,48.58,55.168,41.991
04/03/2017,3.891556243972327,48.15,55.933,40.366
03/27/2017,4.4091325677507145,47.79,56.608,38.971
03/22/2017,4.465083985772273,47.68,56.61,38.749
03/21/2017,4.758845448215355,47.04,56.557,37.522
03/16/2017,4.629651714762138,46.58,55.839,37.32
03/15/2017,4.6156337593011,46.24,55.471,37.008
03/08/2017,4.305048199497888,45.77,54.38,37.159
03/07/2017,3.88728118355233,45.42,53.194,37.645
03/03/2017,3.7786498911648327,45.32,52.877,37.762
02/28/2017,3.4663893318552663,45.0,51.932,38.067
02/27/2017,3.469814116058669,44.9,51.839,37.96
02/24/2017,3.4505347411669405,44.82,51.721,37.918
02/23/2017,3.6731110791807,45.04,52.386,37.693
02/21/2017,3.5529712917500476,45.2,52.305,38.094
02/17/2017,3.399762491704384,44.94,51.739,38.14
02/16/2017,3.262373369189983,44.78,51.304,38.255
02/14/2017,3.181103582092227,44.64,51.002,38.277
02/10/2017,3.041590866635419,44.26,50.343,38.176
02/09/2017,2.944404863465621,43.8,49.688,37.911
02/08/2017,3.0471494876359446,43.62,49.714,37.525
02/07/2017,2.869488630400894,43.8,49.538,38.061
01/25/2017,2.8249743361666133,43.74,49.389,38.09
01/23/2017,3.1303162779502003,43.49,49.75,37.229
01/20/2017,3.262553447838058,43.5,50.025,36.974
01/18/2017,3.845831509569809,42.81,50.501,35.118
01/17/2017,3.930938819162669,42.87,50.731,35.008
01/10/2017,3.8606340152881615,42.66,50.381,34.938
01/09/2017,3.562047164202068,42.26,49.384,35.135
01/06/2017,3.557513176363511,42.25,49.365,35.134
01/05/2017,3.47349103928598,42.07,49.016,35.123
12/28/2016,3.450718765706646,41.98,48.881,35.078
12/27/2016,2.914890220917419,41.58,47.409,35.75
12/23/2016,2.933213255118011,41.62,47.486,35.753
12/22/2016,3.403935957094375,41.91,48.717,35.102
12/21/2016,3.684391401575028,42.13,49.498,34.761
12/20/2016,3.817787317282093,42.24,49.875,34.604
12/19/2016,3.7944538473935876,42.22,49.808,34.631
12/16/2016,3.895747040042513,42.44,50.231,34.648
12/15/2016,4.452590257367053,42.81,51.715,33.904
12/12/2016,4.800443208704796,43.7,53.3,34.099
12/09/2016,4.9503919036779305,44.0,53.9,34.099
11/30/2016,4.948961507225531,44.53,54.427,34.632
11/29/2016,4.847091911651769,45.19,54.884,35.495
11/18/2016,4.545421872609846,45.71,54.8,36.619
11/17/2016,3.784019027436305,46.31,53.878,38.741
11/15/2016,3.4351739402830828,46.82,53.69,39.949
11/14/2016,3.7562161812121513,47.57,55.082,40.057
11/11/2016,3.7688778170696913,47.59,55.127,40.052
11/09/2016,3.6480851141386488,48.09,55.386,40.793
11/08/2016,3.894408812644096,48.53,56.318,40.741
11/07/2016,3.3634082416501263,49.25,55.976,42.523
11/03/2016,3.3723723104070222,49.59,56.334,42.845
10/28/2016,2.8965816059624485,49.94,55.733,44.146
10/26/2016,2.9054853295103724,50.0,55.81,44.189
10/13/2016,2.8958617024989293,50.03,55.821,44.238
10/10/2016,3.3000287877532215,49.76,56.36,43.159
10/07/2016,3.449507935923615,49.67,56.569,42.77
10/03/2016,3.8875474273634274,49.59,57.365,41.814
09/30/2016,4.847294606272658,48.67,58.364,38.975
09/27/2016,4.910959682180256,48.09,57.911,38.268
09/26/2016,5.043465574384344,47.95,58.036,37.863
09/23/2016,5.017088797300682,47.29,57.324,37.255
09/22/2016,5.148116645920137,46.99,57.286,36.693
09/16/2016,5.656529854955244,46.39,57.703,35.076
09/14/2016,5.656328314374972,46.51,57.822,35.197
08/22/2016,5.360153915700557,46.12,56.84,35.399
08/15/2016,5.207107162331115,45.95,56.364,35.535
08/12/2016,5.3469248171261965,46.19,56.883,35.496
08/11/2016,5.151964188540134,45.62,55.923,35.316
08/10/2016,4.801298261928747,45.15,54.752,35.547
08/08/2016,4.245716665063744,44.72,53.211,36.228
08/04/2016,4.485584688755749,44.89,53.861,35.918
07/29/2016,5.118864620206321,45.32,55.557,35.082
07/28/2016,5.349080294779656,45.43,56.128,34.731
07/25/2016,5.682551803547417,45.64,57.005,34.274
07/21/2016,5.774020263213492,46.19,57.738,34.641
07/20/2016,6.015378624824875,46.75,58.78,34.719
07/01/2016,5.957897280081287,47.22,59.135,35.304
06/24/2016,5.570722125541715,48.24,59.381,37.098
06/14/2016,5.561466083686927,48.88,60.002,37.757
06/13/2016,5.909663272979265,49.66,61.479,37.84
06/09/2016,6.538840493543179,50.73,63.807,37.652
05/27/2016,6.035959327232085,52.0,64.071,39.928
05/23/2016,7.427553769579861,53.65,68.505,38.794
05/19/2016,8.860082956722245,52.81,70.53,35.089
05/03/2016,9.747006207036087,52.22,71.714,32.725
05/02/2016,10.272952350712039,51.6,72.145,31.054
04/21/2016,10.707270660630561,51.03,72.444,29.615
04/19/2016,10.943885279003979,50.91,72.797,29.022
04/18/2016,11.603648564137059,50.17,73.377,26.962
04/15/2016,12.020023086500291,49.64,73.68,25.599
04/13/2016,12.222646194666686,48.95,73.395,24.504
04/12/2016,12.11550267219648,48.61,72.841,24.378
04/11/2016,11.934683908675588,48.13,71.999,24.26
04/08/2016,12.035479217712938,48.44,72.51,24.369
04/07/2016,12.122489224577599,48.6,72.844,24.355
04/06/2016,12.229565814042623,48.88,73.339,24.42
04/05/2016,12.527485980834303,49.23,74.284,24.175
04/04/2016,12.159668375412219,48.72,73.039,24.4
04/01/2016,12.073818575744792,48.33,72.477,24.182
03/31/2016,11.803274757456085,47.81,71.416,24.203
03/30/2016,12.756102657159827,47.67,73.182,22.157
03/29/2016,8.624558829296719,45.17,62.419,27.92
03/28/2016,8.671016088094866,44.48,61.822,27.137
03/16/2016,7.912874319739951,45.71,61.535,29.884
03/14/2016,7.342512172274555,46.45,61.135,31.764
03/04/2016,7.084388117544098,47.14,61.308,32.971
03/03/2016,6.686083681797589,47.81,61.182,34.437
02/19/2016,6.2898740050974,48.57,61.149,35.99
02/08/2016,5.453827555029586,49.77,60.677,38.862
02/05/2016,4.666678154747764,50.82,60.153,41.486
01/05/2016,4.026297306459124,51.75,59.802,43.697
01/04/2016,4.2946600563956165,52.38,60.969,43.79
12/31/2015,4.896475262880432,52.78,62.572,42.987
12/29/2015,5.509306217664797,53.25,64.268,42.231
12/28/2015,6.014027352781162,53.64,65.668,41.611
12/23/2015,6.2685269401989485,53.95,66.487,41.412
12/22/2015,6.460703522063212,54.32,67.241,41.398
12/18/2015,6.504776322057507,55.16,68.169,42.15
12/10/2015,6.863243402357226,55.74,69.466,42.013
12/09/2015,6.749576653390937,56.28,69.779,42.78
12/08/2015,6.391397343304514,57.2,69.982,44.417
12/07/2015,5.406146039462863,58.13,68.942,47.317
12/04/2015,5.467828179451143,58.62,69.555,47.684
11/30/2015,5.2885437504099375,59.39,69.967,48.812
11/25/2015,4.724150188129078,60.29,69.738,50.841
11/23/2015,4.3347796945173585,61.01,69.679,52.34
11/18/2015,3.588056577034427,61.72,68.896,54.543
11/10/2015,2.9118473517682903,62.46,68.283,56.636
11/09/2015,2.886343707876802,62.89,68.662,57.117
11/06/2015,3.55016126394281,62.64,69.74,55.539
11/04/2015,3.7950250328555164,62.81,70.4,55.219
11/03/2015,3.7721704627442287,62.58,70.124,55.035
11/02/2015,4.306284941803086,62.05,70.662,53.437
10/30/2015,4.715335619020136,61.46,70.89,52.029
10/28/2015,5.193658633372048,60.76,71.147,50.372
10/27/2015,5.531646228746015,60.29,71.353,49.226
10/26/2015,5.637190789746255,59.94,71.214,48.665
10/23/2015,5.779692465867021,59.24,70.799,47.68
10/22/2015,5.942753991206435,59.02,70.905,47.134
10/21/2015,6.0095981562829985,58.36,70.379,46.34
10/20/2015,6.191761461813595,57.94,70.323,45.556
10/19/2015,6.198039206071548,57.33,69.726,44.933
10/15/2015,5.914159703626544,56.88,68.708,45.051
10/13/2015,5.439565699575658,56.17,67.049,45.29
10/09/2015,5.389745355765893,56.09,66.869,45.31
10/08/2015,4.875871716934317,55.7,65.451,45.948
10/02/2015,4.947529181318692,55.69,65.585,45.794
10/01/2015,3.1386740831121664,54.52,60.797,48.242
09/24/2015,3.2236322681099963,54.63,61.077,48.182
09/22/2015,3.2253829230030964,55.03,61.48,48.579
09/21/2015,3.287224513172168,55.1,61.674,48.525
09/18/2015,3.1102925907380476,54.63,60.85,48.409
09/17/2015,3.2648024442529437,55.04,61.569,48.51
09/09/2015,3.2901823657663716,55.21,61.79,48.629
09/04/2015,3.243525859308046,55.65,62.137,49.162
08/28/2015,3.7610131613702182,56.32,63.842,48.797
08/24/2015,3.947903240962221,56.68,64.575,48.784
08/21/2015,3.9146666524750238,56.82,64.649,48.99
08/13/2015,4.151131773384218,57.54,65.842,49.237
08/07/2015,3.954803408514766,57.99,65.899,50.08
08/06/2015,4.198550940503164,59.05,67.447,50.652
08/05/2015,4.564306628612938,59.78,68.908,50.651
08/04/2015,4.621913023846295,60.2,69.443,50.956
07/29/2015,4.546183014353909,60.75,69.842,51.657
07/28/2015,4.575683009125522,60.79,69.941,51.638
07/27/2015,4.5145924511521525,61.0,70.029,51.97
07/24/2015,4.513434944695669,61.05,70.076,52.023
07/23/2015,4.533943096246357,61.25,70.317,52.182
07/22/2015,4.350432162440876,61.84,70.54,53.139
07/21/2015,4.257412359638187,62.24,70.754,53.725
07/20/2015,3.4104112655220917,63.04,69.86,56.219
07/17/2015,3.676603051731312,63.23,70.583,55.876
07/16/2015,3.558541836202014,63.79,70.907,56.672
07/14/2015,4.217831196242921,64.79,73.225,56.354
07/09/2015,4.918467240919674,65.42,75.256,55.583
07/06/2015,5.322146653372115,66.2,76.844,55.555
07/02/2015,5.68100079211401,67.43,78.792,56.067
07/01/2015,5.815525341703878,68.01,79.641,56.378
06/30/2015,6.125655475130805,68.73,80.981,56.478
06/29/2015,5.958557711392918,69.2,81.117,57.282
06/26/2015,5.976359259616176,69.07,81.022,57.117
06/25/2015,5.917866169490487,69.44,81.275,57.604
06/24/2015,5.983681141237391,69.64,81.607,57.672
06/23/2015,6.179008010999825,69.44,81.798,57.081
06/19/2015,5.992343448101086,69.67,81.654,57.685
06/18/2015,5.658285517716477,70.2,81.516,58.883
06/17/2015,5.511344663509987,70.91,81.932,59.887
06/16/2015,5.308691458353934,71.69,82.307,61.072
06/10/2015,5.687508681312057,72.54,83.915,61.164
06/09/2015,6.1149325425551515,73.4,85.629,61.17
06/08/2015,6.719571414904376,74.73,88.169,61.29
06/04/2015,6.517999309604136,75.28,88.315,62.244
06/03/2015,6.323192627146511,75.59,88.236,62.943
06/02/2015,6.316881746558186,75.5,88.133,62.866
06/01/2015,6.321161681210187,75.47,88.112,62.827
05/29/2015,6.785953875469534,76.04,89.611,62.468
05/28/2015,7.582992483182348,76.64,91.805,61.474
05/27/2015,7.972495217935224,77.36,93.304,61.415
05/26/2015,8.769492858768972,78.01,95.548,60.471
05/21/2015,9.394357615079384,79.26,98.048,60.471
05/20/2015,9.009056831877576,80.11,98.128,62.091
05/19/2015,9.888814640794923,80.44,100.217,60.662
05/15/2015,8.826551138468526,81.09,98.743,63.436
05/14/2015,9.259628232278011,80.86,99.379,62.34
05/13/2015,9.661229476624598,80.72,100.042,61.397
05/11/2015,10.3058141357197,80.17,100.781,59.558
05/08/2015,13.452613314891646,78.37,105.275,51.464
05/07/2015,15.889452633744185,76.47,108.248,44.691
05/05/2015,17.13593271462047,74.48,108.751,40.208
05/04/2015,18.023188813303822,72.54,108.586,36.493
05/01/2015,18.532328509930963,70.53,107.594,33.465
04/30/2015,19.10252862843032,68.9,107.105,30.694
04/29/2015,19.633247311639508,67.49,106.756,28.223
04/28/2015,20.18754256961456,66.51,106.885,26.134
04/27/2015,19.836161549049756,65.32,104.992,25.647
04/24/2015,19.324568171113164,63.69,102.339,25.04
04/23/2015,18.531356669170233,62.17,99.232,25.107
04/22/2015,17.925928846227187,59.79,95.641,23.938
04/21/2015,16.33131715447349,56.75,89.412,24.087
04/17/2015,14.776954523852334,54.13,83.683,24.576
04/16/2015,10.889807849544454,51.0,72.779,29.22
04/15/2015,9.157086600005483,49.08,67.394,30.765
04/14/2015,8.381940407805343,47.79,64.553,31.026
04/10/2015,0.0,0.0,0.0,0.0
04/08/2015,0.0,0.0,0.0,0.0
03/27/2015,0.0,0.0,0.0,0.0
03/06/2015,0.0,0.0,0.0,0.0
03/02/2015,0.0,0.0,0.0,0.0
02/03/2015,0.0,0.0,0.0,0.0
01/29/2015,0.0,0.0,0.0,0.0
01/26/2015,0.0,0.0,0.0,0.0
01/23/2015,0.0,0.0,0.0,0.0
01/22/2015,0.0,0.0,0.0,0.0
01/16/2015,0.0,0.0,0.0,0.0
01/15/2015,0.0,0.0,0.0,0.0
01/12/2015,0.0,0.0,0.0,0.0
12/18/2014,0.0,0.0,0.0,0.0
12/17/2014,0.0,0.0,0.0,0.0
12/15/2014,0.0,0.0,0.0,0.0
12/12/2014,0.0,0.0,0.0,0.0
12/11/2014,0.0,0.0,0.0,0.0
12/10/2014,0.0,0.0,0.0,0.0
