12/28/2023,0.611285530664681,35.57,36.792,34.347
12/27/2023,0.666640832832794,35.54,36.873,34.206
12/26/2023,0.7203124322125789,35.47,36.91,34.029
12/22/2023,0.7388572257209107,35.42,36.897,33.942
12/21/2023,0.7434951243955812,35.3,36.786,33.813
12/20/2023,0.8331176387521755,35.26,36.926,33.593
12/19/2023,0.7872850817842293,35.11,36.684,33.535
12/18/2023,0.7048191257336881,35.0,36.409,33.59
12/15/2023,0.6917441723643218,34.91,36.293,33.526
12/14/2023,0.7197325892301952,34.85,36.289,33.41
12/13/2023,0.6269369984296668,34.75,36.003,33.496
12/12/2023,0.5407263633299199,34.71,35.791,33.628
12/11/2023,0.4281530100326286,34.62,35.476,33.763
12/08/2023,0.44342417615642066,34.6,35.486,33.713
12/07/2023,0.39691308872346415,34.54,35.333,33.746
12/06/2023,0.4129891039724903,34.54,35.365,33.714
12/05/2023,0.41938645662443647,34.53,35.368,33.691
12/04/2023,0.42951135025747617,34.52,35.379,33.66
12/01/2023,0.46268779970948076,34.48,35.405,33.554
11/30/2023,0.5872818744010413,34.41,35.584,33.235
11/29/2023,0.6346928390962042,34.36,35.629,33.09
11/28/2023,1.3460739207042087,34.1,36.792,31.407
11/27/2023,1.8079823007983238,33.76,37.375,30.144
11/24/2023,2.154968677266563,33.46,37.769,29.15
11/22/2023,2.329761790398323,33.22,37.879,28.56
11/21/2023,2.4381827248998382,33.05,37.926,28.173
11/20/2023,2.4654299827819086,32.83,37.76,27.899
11/17/2023,2.520366044843487,32.62,37.66,27.579
11/16/2023,2.5549275919289767,32.45,37.559,27.34
11/15/2023,2.590786560101005,32.27,37.451,27.088
11/14/2023,2.496565641035701,31.99,36.983,26.996
11/13/2023,2.3952077154184352,31.78,36.57,26.989
11/10/2023,2.303373612768888,31.6,36.206,26.993
11/09/2023,2.266416775440916,31.45,35.982,26.917
11/08/2023,2.205247151681643,31.28,35.69,26.869
11/07/2023,1.9271286931598526,31.05,34.904,27.195
11/06/2023,1.5617186046148008,30.79,33.913,27.666
11/03/2023,1.3569193048962052,30.61,33.323,27.896
11/02/2023,1.252371749920926,30.5,33.004,27.995
11/01/2023,0.9792880066660681,30.25,32.208,28.291
10/31/2023,0.9086335895177995,30.08,31.897,28.262
10/30/2023,0.8547660498639384,30.11,31.819,28.4
10/27/2023,0.6907713080318264,30.24,31.621,28.858
10/26/2023,0.6203789164696045,30.34,31.58,29.099
10/25/2023,0.6390383400078594,30.41,31.688,29.131
10/24/2023,0.636282170110086,30.41,31.682,29.137
10/23/2023,0.6400429673076649,30.41,31.69,29.129
10/20/2023,0.6436808215257004,30.4,31.687,29.112
10/19/2023,0.646316485941679,30.4,31.692,29.107
10/18/2023,0.6456392181396672,30.46,31.751,29.168
10/17/2023,0.6692122234388735,30.49,31.828,29.151
10/16/2023,0.6553815682486048,30.47,31.78,29.159
10/13/2023,0.6621555708441942,30.47,31.794,29.145
10/12/2023,0.7149860138492227,30.55,31.979,29.12
10/11/2023,0.7111645379235391,30.54,31.962,29.117
10/10/2023,0.7336961223831027,30.55,32.017,29.082
10/09/2023,0.8076509146902523,30.61,32.225,28.994
10/06/2023,0.8727800410183549,30.69,32.435,28.944
10/05/2023,0.9232036611712506,30.77,32.616,28.923
10/04/2023,0.9359754270278688,30.89,32.761,29.018
10/03/2023,0.7809193300207143,31.11,32.671,29.548
10/02/2023,0.7668767828015144,31.26,32.793,29.726
09/29/2023,0.8491760712596655,31.42,33.118,29.721
09/28/2023,0.9254080181195756,31.47,33.32,29.619
09/27/2023,1.003389256470289,31.57,33.576,29.563
09/26/2023,0.995630453531831,31.74,33.731,29.748
09/25/2023,0.8963397793247819,31.89,33.682,30.097
09/22/2023,0.8240813066682188,32.0,33.648,30.351
09/21/2023,0.7273994775912334,32.09,33.544,30.635
09/20/2023,0.680066173250809,32.16,33.52,30.799
09/19/2023,0.6237226947931263,32.24,33.487,30.992
09/18/2023,0.5637242233574846,32.31,33.437,31.182
09/15/2023,0.4882110199493647,32.4,33.376,31.423
09/14/2023,0.4396475861414449,32.47,33.349,31.59
09/13/2023,0.47596218337174584,32.6,33.551,31.648
09/12/2023,0.5971264522695332,32.71,33.904,31.515
09/11/2023,0.7150524456289901,32.85,34.28,31.419
09/08/2023,0.797975563535626,32.95,34.545,31.354
09/07/2023,0.8230643960225713,33.09,34.736,31.443
09/06/2023,0.847844325333372,33.21,34.905,31.514
09/05/2023,0.9599166630494546,33.39,35.309,31.47
09/01/2023,1.1812048933186827,33.54,35.902,31.177
08/31/2023,1.3876995352020556,33.75,36.525,30.974
08/30/2023,1.5275045008116996,33.96,37.015,30.904
08/29/2023,1.6767423773496035,34.1,37.453,30.746
08/28/2023,1.654022369860819,34.21,37.518,30.901
08/25/2023,1.6202175779814267,34.33,37.57,31.089
08/24/2023,1.5485590075938342,34.44,37.537,31.342
08/23/2023,1.4514544429640226,34.56,37.462,31.657
08/22/2023,1.3797590369336237,34.65,37.409,31.89
08/21/2023,1.2473712358395956,34.77,37.264,32.275
08/18/2023,1.1995895131252183,34.81,37.209,32.41
08/17/2023,1.016314419852439,34.96,36.992,32.927
08/16/2023,0.9740020533859257,35.0,36.948,33.051
08/15/2023,0.9556228335488848,35.04,36.951,33.128
08/14/2023,0.9625616863349588,35.02,36.945,33.094
08/11/2023,0.9785116248670732,35.0,36.957,33.042
08/10/2023,0.9834937722222749,35.0,36.966,33.033
08/09/2023,1.0009645348362748,35.02,37.021,33.018
08/08/2023,1.0620287190090483,34.98,37.104,32.855
08/07/2023,1.1200758902860108,34.87,37.11,32.629
08/04/2023,1.0837089092556171,34.68,36.847,32.512
08/03/2023,1.0007746999200169,34.47,36.471,32.468
08/02/2023,0.9879979757064286,34.22,36.195,32.244
08/01/2023,0.8529683464232422,33.95,35.655,32.244
07/31/2023,0.9248297140555117,33.78,35.629,31.93
07/28/2023,0.9915518140773077,33.65,35.633,31.666
07/27/2023,1.1003363122245848,33.51,35.71,31.309
07/26/2023,1.161516250424418,33.32,35.643,30.996
07/25/2023,1.1851835300914368,33.18,35.55,30.809
07/24/2023,1.2686823873609971,33.05,35.587,30.512
07/21/2023,1.320975018688847,32.89,35.531,30.248
07/20/2023,1.3324019663750126,32.73,35.394,30.065
07/19/2023,1.2846555958699586,32.56,35.129,29.99
07/18/2023,1.21081790538462,32.37,34.791,29.948
07/17/2023,1.139001755924897,32.2,34.478,29.921
07/14/2023,1.0806248192596724,32.05,34.211,29.888
07/13/2023,0.9960371479016232,31.91,33.902,29.917
07/12/2023,0.828100235478774,31.77,33.426,30.113
07/11/2023,0.6538921929492659,31.66,32.967,30.352
07/10/2023,0.5313708686030876,31.58,32.642,30.517
07/07/2023,0.40060579127116946,31.51,32.311,30.708
07/06/2023,0.36860548015459565,31.49,32.227,30.752
07/05/2023,0.39745439990016435,31.51,32.304,30.715
07/03/2023,0.3897050166472068,31.49,32.269,30.71
06/30/2023,0.3820536611524613,31.47,32.234,30.705
06/29/2023,0.38375773607837504,31.47,32.237,30.702
06/28/2023,0.40707493167720343,31.47,32.284,30.655
06/27/2023,0.43272393046837593,31.4,32.265,30.534
06/26/2023,0.45438970058750217,31.38,32.288,30.471
06/23/2023,0.43421192982229295,31.41,32.278,30.541
06/22/2023,0.407504601201017,31.45,32.265,30.634
06/21/2023,0.41236512946659304,31.44,32.264,30.615
06/20/2023,0.43040678433314683,31.43,32.29,30.569
06/16/2023,0.4342867716152542,31.42,32.288,30.551
06/15/2023,0.42414620120896984,31.44,32.288,30.591
06/14/2023,0.4207374478222731,31.47,32.311,30.628
06/13/2023,0.43475855368238586,31.48,32.349,30.61
06/12/2023,0.42502352876046756,31.47,32.32,30.619
06/09/2023,0.4211591148247893,31.46,32.302,30.617
06/08/2023,0.4230248219667495,31.42,32.266,30.573
06/07/2023,0.4314452456569665,31.37,32.232,30.507
06/06/2023,0.3411011580162108,31.25,31.932,30.567
06/05/2023,0.40377592796005063,31.2,32.007,30.392
06/02/2023,0.48240543114687257,31.1,32.064,30.135
06/01/2023,0.5110870767295922,31.0,32.022,29.977
05/31/2023,1.0729375564309414,30.77,32.915,28.624
05/30/2023,1.4469519687950942,30.6,33.493,27.706
05/26/2023,1.6075229391831396,30.4,33.615,27.184
05/25/2023,1.715695194374572,30.19,33.621,26.758
05/24/2023,1.8371377193885057,29.96,33.634,26.285
05/23/2023,1.9510292155680293,29.68,33.582,25.777
05/22/2023,2.063167467754375,29.49,33.616,25.363
05/19/2023,2.1084093530431893,29.32,33.536,25.103
05/18/2023,2.0918604159933807,29.1,33.283,24.916
05/17/2023,2.0846342604879156,28.91,33.079,24.74
05/16/2023,2.0189366012829626,28.7,32.737,24.662
05/15/2023,1.8960669819391929,28.48,32.272,24.687
05/12/2023,1.7415754362071143,28.25,31.733,24.766
05/11/2023,1.5920380020589961,28.03,31.214,24.845
05/10/2023,1.5005582294599566,27.88,30.881,24.878
05/09/2023,1.2619924722437925,27.62,30.143,25.096
05/08/2023,1.0845505981741932,27.45,29.619,25.28
05/05/2023,1.0320392434398995,27.34,29.404,25.275
05/04/2023,0.47955187414918954,27.09,28.049,26.13
05/03/2023,0.35548558339263214,27.01,27.72,26.299
05/02/2023,0.35572461258675925,27.11,27.821,26.398
05/01/2023,0.40965839427503487,27.17,27.989,26.35
04/28/2023,0.45291831493107,27.15,28.055,26.244
04/27/2023,0.45874829699956365,27.16,28.077,26.242
04/26/2023,0.42140242049613297,27.19,28.032,26.347
04/25/2023,0.35966651220262336,27.25,27.969,26.53
04/24/2023,0.35876872773417673,27.25,27.967,26.532
04/21/2023,0.4020945162520868,27.21,28.014,26.405
04/20/2023,0.4606462851255828,27.16,28.081,26.238
04/19/2023,0.4622553406938634,27.17,28.094,26.245
04/18/2023,0.48663127725208916,27.2,28.173,26.226
04/17/2023,0.5087681200704303,27.14,28.157,26.122
04/14/2023,0.6446161648609193,27.06,28.349,25.77
04/13/2023,0.6899202852504048,26.93,28.309,25.55
04/12/2023,0.7372448711249201,26.91,28.384,25.435
04/11/2023,0.7659960835409017,26.86,28.391,25.328
04/10/2023,0.7975431022835068,26.77,28.365,25.174
04/06/2023,0.8297740656347367,26.72,28.379,25.06
04/05/2023,0.8522206287106645,26.75,28.454,25.045
04/04/2023,0.843563868358526,26.75,28.437,25.062
04/03/2023,0.8480742891987708,26.75,28.446,25.053
03/31/2023,0.8863351510574321,26.76,28.532,24.987
03/30/2023,0.9435941924365584,26.8,28.687,24.912
03/29/2023,1.1154841997984557,26.96,29.19,24.729
03/28/2023,1.1278009576161925,26.96,29.215,24.704
03/27/2023,1.1691428484150264,27.0,29.338,24.661
03/24/2023,1.2028424668259767,27.08,29.485,24.674
03/23/2023,1.1899894957519588,27.26,29.639,24.88
03/22/2023,1.2279942996610371,27.33,29.785,24.874
03/21/2023,1.252768933203566,27.31,29.815,24.804
03/20/2023,1.310217539189581,27.35,29.97,24.729
03/17/2023,1.2394373723589267,27.51,29.988,25.031
03/16/2023,1.1884717076985891,27.65,30.026,25.273
03/15/2023,1.1928977324146446,27.82,30.205,25.434
03/14/2023,1.0440665687589088,28.04,30.128,25.951
03/13/2023,1.0230151514029497,28.11,30.156,26.063
03/10/2023,0.6761212908938752,28.27,29.622,26.917
03/09/2023,0.6070955443750189,28.32,29.534,27.105
03/08/2023,0.5990242065225749,28.33,29.528,27.131
03/07/2023,0.5998749869764538,28.36,29.559,27.16
03/06/2023,0.6124704074483931,28.29,29.514,27.065
03/03/2023,0.7109711667852646,28.31,29.731,26.888
03/02/2023,0.7825599018605546,28.3,29.865,26.734
03/01/2023,0.5891349590713493,28.16,29.338,26.981
02/28/2023,0.6260351427835344,28.11,29.362,26.857
02/27/2023,0.7101549126775091,28.06,29.48,26.639
02/24/2023,0.7370345989164963,27.96,29.434,26.485
02/23/2023,0.7827387814590514,27.88,29.445,26.314
02/22/2023,0.868757733778526,27.74,29.477,26.002
02/21/2023,0.9496183443889445,27.6,29.499,25.7
02/17/2023,1.0376560123663332,27.49,29.565,25.414
02/16/2023,1.1880614462223746,27.33,29.706,24.953
02/15/2023,1.297264429482286,27.05,29.644,24.455
02/14/2023,1.3231080832645534,26.73,29.376,24.083
02/13/2023,1.3861258961580656,26.47,29.242,23.697
02/10/2023,1.4604947791758793,26.27,29.19,23.349
02/09/2023,1.599559314311289,26.14,29.339,22.94
02/08/2023,1.6626078912359346,25.92,29.245,22.594
02/07/2023,1.7251434722944061,25.64,29.09,22.189
02/06/2023,1.853951185980904,25.35,29.057,21.642
02/03/2023,1.967488246470611,25.09,29.024,21.155
02/02/2023,1.971947007401568,24.75,28.693,20.806
02/01/2023,1.9324945019326705,24.41,28.274,20.545
01/31/2023,1.904149416406181,24.1,27.908,20.291
01/30/2023,1.9317517956507764,23.8,27.663,19.936
01/27/2023,1.9023117515275985,23.5,27.304,19.695
01/26/2023,1.857755366026431,23.14,26.855,19.424
01/25/2023,1.8176041923367139,22.81,26.445,19.174
01/24/2023,1.8316099475597956,22.5,26.163,18.836
01/23/2023,1.7102382874909559,22.17,25.59,18.749
01/20/2023,1.5607225890593108,21.89,25.011,18.768
01/19/2023,1.503056885151057,21.68,24.686,18.673
01/18/2023,1.492358871049453,21.53,24.514,18.545
01/17/2023,1.3973421198833156,21.38,24.174,18.585
01/13/2023,1.2204425426868726,21.23,23.67,18.789
01/12/2023,1.148035278203592,21.18,23.476,18.883
01/11/2023,1.032719710279609,21.11,23.175,19.044
01/10/2023,0.9643935918493028,21.06,22.988,19.131
01/09/2023,0.9891637882575359,21.09,23.068,19.111
01/06/2023,0.9882282125096405,21.08,23.056,19.103
01/05/2023,1.0555306722213236,21.13,23.241,19.018
01/04/2023,1.1156769245619447,21.21,23.441,18.978
01/03/2023,1.1915095467515144,21.29,23.673,18.906
12/30/2022,1.2764991186835966,21.39,23.942,18.837
12/29/2022,1.356543401443536,21.49,24.203,18.776
12/28/2022,1.3890824309593721,21.65,24.428,18.871
12/27/2022,1.3873175555726234,21.79,24.564,19.015
12/23/2022,1.3061584896175495,21.98,24.592,19.367
12/22/2022,1.2102603025795728,22.2,24.62,19.779
12/21/2022,1.1537612404652875,22.38,24.687,20.072
12/20/2022,1.0570501407218105,22.55,24.664,20.435
12/19/2022,0.8562388685407825,22.74,24.452,21.027
12/16/2022,0.7088652904466403,22.87,24.287,21.452
12/15/2022,0.4951060492460174,23.05,24.04,22.059
12/14/2022,0.5208406666150406,23.15,24.191,22.108
12/13/2022,0.5861143233192653,23.27,24.442,22.097
12/12/2022,0.6800367637120808,23.31,24.67,21.949
12/09/2022,0.7215123006574455,23.45,24.893,22.006
12/08/2022,0.6134248120185556,23.61,24.836,22.383
12/07/2022,0.6296427558544608,23.59,24.849,22.33
12/06/2022,0.5764503447826189,23.64,24.792,22.487
12/05/2022,0.6275069720728212,23.61,24.865,22.354
12/02/2022,0.5820781734440834,23.64,24.804,22.475
12/01/2022,0.5687398350739996,23.71,24.847,22.572
11/30/2022,0.8777642052396534,23.54,25.295,21.784
11/29/2022,0.9513096236241914,23.49,25.392,21.587
11/28/2022,0.9987041603998658,23.46,25.457,21.462
11/25/2022,1.0444184984956943,23.38,25.468,21.291
11/23/2022,1.120682827565409,23.26,25.501,21.018
11/22/2022,1.1863094031491113,23.14,25.512,20.767
11/21/2022,1.2160468740965542,23.04,25.472,20.607
11/18/2022,1.3736557064999952,22.94,25.687,20.192
11/17/2022,1.4746881026169574,22.76,25.709,19.81
11/16/2022,1.57026430896203,22.56,25.7,19.419
11/15/2022,1.634914370846376,22.37,25.639,19.1
11/14/2022,1.5725663737979394,22.19,25.335,19.044
11/11/2022,1.4482817405463624,21.98,24.876,19.083
11/10/2022,1.3105933770624667,21.74,24.361,19.118
11/09/2022,1.2262096068780415,21.57,24.022,19.117
11/08/2022,1.205047716897551,21.46,23.87,19.049
11/07/2022,1.166078899560403,21.33,23.662,18.997
11/04/2022,1.078804894315928,21.17,23.327,19.012
11/03/2022,0.6612185720319721,20.92,22.242,19.597
11/02/2022,0.6621706728631225,20.94,22.264,19.615
11/01/2022,0.6865639081687883,20.95,22.323,19.576
10/31/2022,0.6349763775133691,20.92,22.189,19.65
10/28/2022,0.54732988224653,20.84,21.934,19.745
10/27/2022,0.5459212397406795,20.79,21.881,19.698
10/26/2022,0.5883068927014202,20.79,21.966,19.613
10/25/2022,0.4585684245562491,20.67,21.587,19.752
10/24/2022,0.45667822369804345,20.7,21.613,19.786
10/21/2022,0.48674942218763867,20.69,21.663,19.716
10/20/2022,0.4076947387445663,20.75,21.565,19.934
10/19/2022,0.3781798513934872,20.8,21.556,20.043
10/18/2022,0.43078997202813374,20.86,21.721,19.998
10/17/2022,0.5010738468529367,20.9,21.902,19.897
10/14/2022,0.5484660427045601,21.0,22.096,19.903
10/13/2022,0.5957096608248018,21.05,22.241,19.858
10/12/2022,0.6403944097195107,21.13,22.41,19.849
10/11/2022,0.6978180278554003,21.22,22.615,19.824
10/10/2022,0.7722240607492107,21.4,22.944,19.855
10/07/2022,1.0066429357026256,21.6,23.613,19.586
10/06/2022,1.1136606305333776,21.78,24.007,19.552
10/05/2022,1.189850830986809,21.89,24.269,19.51
10/04/2022,1.2508137351340525,21.96,24.461,19.458
10/03/2022,1.2769201227954707,22.04,24.593,19.486
09/30/2022,1.2246060591063561,22.17,24.619,19.72
09/29/2022,1.1643367210562414,22.3,24.628,19.971
09/28/2022,1.1698760618116775,22.41,24.749,20.07
09/27/2022,1.1492649824996843,22.53,24.828,20.231
09/26/2022,1.1013242029484323,22.64,24.842,20.437
09/23/2022,0.9453676533497428,22.79,24.68,20.899
09/22/2022,0.91618229627078,23.04,24.872,21.207
09/21/2022,1.110042791967949,23.3,25.52,21.079
09/20/2022,1.184274039232474,23.49,25.858,21.121
09/19/2022,1.1884864324004711,23.61,25.986,21.233
09/16/2022,1.232848328059863,23.8,26.265,21.334
09/15/2022,1.2689365626381799,24.0,26.537,21.462
09/14/2022,1.2108736515425544,24.26,26.681,21.838
09/13/2022,1.2212329835047855,24.4,26.842,21.957
09/12/2022,1.254583596258137,24.49,26.999,21.98
09/09/2022,1.3032401927503618,24.57,27.176,21.963
09/08/2022,1.320227253165151,24.63,27.27,21.989
09/07/2022,1.3348014833674708,24.71,27.379,22.04
09/06/2022,1.2848891002728604,24.8,27.369,22.23
09/02/2022,1.1952531112697429,24.92,27.31,22.529
09/01/2022,1.1146798867836452,25.08,27.309,22.85
08/31/2022,1.0036763671622442,25.19,27.197,23.182
08/30/2022,0.9768348120332321,25.3,27.253,23.346
08/29/2022,0.9154568531613053,25.43,27.26,23.599
08/26/2022,0.5071008282383297,25.72,26.734,24.705
08/25/2022,0.5500874930408798,25.86,26.96,24.759
08/24/2022,0.5396677218437286,25.82,26.899,24.74
08/23/2022,0.5805740693486059,25.79,26.951,24.628
08/22/2022,0.4924695422054036,25.87,26.854,24.885
08/19/2022,0.4961917472106926,25.91,26.902,24.917
08/18/2022,0.5455879855715298,25.95,27.041,24.858
08/17/2022,0.6062641750920138,25.97,27.182,24.757
08/16/2022,0.6296715413610494,26.04,27.299,24.78
08/15/2022,0.665098676889377,26.11,27.44,24.779
08/12/2022,0.6711343010158249,26.12,27.462,24.777
08/11/2022,0.6542142233244398,26.18,27.488,24.871
08/10/2022,0.6649783831073007,26.17,27.499,24.84
08/09/2022,0.6069524281193708,26.21,27.423,24.996
08/08/2022,0.5185858173918759,26.28,27.317,25.242
08/05/2022,0.6118905130822018,26.21,27.433,24.986
08/04/2022,0.7106511098985213,26.17,27.591,24.748
08/03/2022,0.5726822853904248,26.23,27.375,25.084
08/02/2022,0.6904201619304,26.17,27.55,24.789
08/01/2022,0.7760283499976014,26.07,27.622,24.517
07/29/2022,0.7845699458939273,25.97,27.539,24.4
07/28/2022,0.8650867008572031,25.83,27.56,24.099
07/27/2022,0.9497025850233326,25.71,27.609,23.81
07/26/2022,1.2388886148480014,25.56,28.037,23.082
07/25/2022,1.4400069444276997,25.4,28.28,22.519
07/22/2022,1.627298374607435,25.15,28.404,21.895
07/21/2022,1.700570492511263,24.84,28.241,21.438
07/20/2022,1.841533328506438,24.59,28.273,20.906
07/19/2022,1.8309683230465785,24.27,27.931,20.608
07/18/2022,1.9063525382258133,23.99,27.802,20.177
07/15/2022,1.927132584956209,23.69,27.544,19.835
07/14/2022,1.8730509870262475,23.44,27.186,19.693
07/13/2022,1.8458344996234088,23.19,26.881,19.498
07/12/2022,1.823659781867221,22.94,26.587,19.292
07/11/2022,1.6500227271162058,22.73,26.03,19.429
07/08/2022,1.6137487412853342,22.69,25.917,19.462
07/07/2022,1.5196512757866525,22.63,25.669,19.59
07/06/2022,1.5190342326623192,22.63,25.668,19.591
07/05/2022,1.5047059513406598,22.61,25.619,19.6
07/01/2022,1.4161956079581663,22.55,25.382,19.717
06/30/2022,1.4636085542247967,22.57,25.497,19.642
06/29/2022,1.4974878964452434,22.61,25.604,19.615
06/28/2022,1.5317800103147972,22.65,25.713,19.586
06/27/2022,1.631511569067164,22.77,26.033,19.506
06/24/2022,1.7105130809204587,22.94,26.361,19.518
06/23/2022,1.7284443873032191,23.09,26.546,19.633
06/22/2022,1.7098479464560585,23.23,26.649,19.81
06/21/2022,1.7468085184129372,23.42,26.913,19.926
06/17/2022,1.7680596709387386,23.7,27.236,20.163
06/16/2022,1.7146399038865279,23.97,27.399,20.54
06/15/2022,1.657778634196979,24.26,27.575,20.944
06/14/2022,1.6567151233691328,24.54,27.853,21.226
06/13/2022,1.3253735322542093,24.91,27.56,22.259
06/10/2022,1.1993185565144902,25.2,27.598,22.801
06/09/2022,1.09115993328201,25.42,27.602,23.237
06/08/2022,1.0798495265545107,25.49,27.649,23.33
06/07/2022,1.1169847805588045,25.55,27.783,23.316
06/06/2022,1.054170289848846,25.72,27.828,23.611
06/03/2022,0.9747640740199653,25.89,27.839,23.94
06/02/2022,1.354162102556411,26.08,28.788,23.371
06/01/2022,1.5827602471631637,26.45,29.615,23.284
05/31/2022,1.771327186038762,26.79,30.332,23.247
05/27/2022,2.049756083049883,27.13,31.229,23.03
05/26/2022,2.1670175356927777,27.4,31.734,23.065
05/25/2022,2.3189652865017187,27.71,32.347,23.072
05/24/2022,2.2319139768369207,28.11,32.573,23.646
05/23/2022,2.236315049361337,28.41,32.882,23.937
05/20/2022,2.344614040732504,28.71,33.399,24.02
05/19/2022,2.3252171941562794,29.02,33.67,24.369
05/18/2022,2.3185868540988497,29.29,33.927,24.652
05/17/2022,2.326185719154857,29.53,34.182,24.877
05/16/2022,2.3178438256276026,29.84,34.475,25.204
05/13/2022,2.361457177253062,30.09,34.812,25.367
05/12/2022,2.3637226994721696,30.34,35.067,25.612
05/11/2022,2.1200554238038216,30.67,34.91,26.429
05/10/2022,1.795699028233852,31.01,34.601,27.418
05/09/2022,1.6664918241623632,31.18,34.512,27.847
05/06/2022,1.6669568080787218,31.31,34.643,27.976
05/05/2022,0.6485560885536424,31.66,32.957,30.362
05/04/2022,0.660098477501653,31.66,32.98,30.339
05/03/2022,0.6610295000981427,31.69,33.012,30.367
05/02/2022,0.6991709376111112,31.59,32.988,30.191
04/29/2022,0.7285293405210255,31.6,33.057,30.142
04/28/2022,0.8187887395415255,31.49,33.127,29.852
04/27/2022,0.9070501639931497,31.41,33.224,29.595
04/26/2022,0.9758329775120328,31.41,33.361,29.458
04/25/2022,1.0778798634356241,31.2,33.355,29.044
04/22/2022,1.1798749933785357,31.04,33.399,28.68
04/21/2022,1.2671878313809677,30.94,33.474,28.405
04/20/2022,1.365902631961737,30.81,33.541,28.078
04/19/2022,1.3238636636753802,30.65,33.297,28.002
04/18/2022,1.2404233148405426,30.46,32.94,27.979
04/14/2022,1.0933503555585464,30.31,32.496,28.123
04/13/2022,1.0521216659683417,30.18,32.284,28.075
04/12/2022,0.8646878049330867,29.99,31.719,28.26
04/11/2022,0.81133531908823,29.83,31.452,28.207
04/08/2022,0.812963713827376,29.7,31.325,28.074
04/07/2022,0.8364807230295268,29.51,31.182,27.837
04/06/2022,0.8610284548143575,29.39,31.112,27.667
04/05/2022,0.8178905794786978,29.29,30.925,27.654
04/04/2022,0.7607364852562287,29.15,30.671,27.628
04/01/2022,0.7150139858771996,29.04,30.47,27.609
03/31/2022,0.6885346759604779,29.02,30.397,27.642
03/30/2022,0.7282170006255003,29.05,30.506,27.593
03/29/2022,0.6858097403799395,29.01,30.381,27.638
03/28/2022,0.7199722216863648,29.04,30.479,27.6
03/25/2022,0.745965816911204,29.12,30.611,27.628
03/24/2022,0.8123207494579958,29.18,30.804,27.555
03/23/2022,1.2026616315489578,29.43,31.835,27.024
03/22/2022,1.3963541814310587,29.6,32.392,26.807
03/21/2022,1.6212325558043799,29.83,33.072,26.587
03/18/2022,1.9525496152466915,30.01,33.915,26.104
03/17/2022,2.1765304959958645,30.28,34.633,25.926
03/16/2022,2.3757009491937326,30.55,35.301,25.798
03/15/2022,2.625237132146352,30.9,36.15,25.649
03/14/2022,2.8077811524404828,31.22,36.835,25.604
03/11/2022,2.790338689120015,31.66,37.24,26.079
03/10/2022,2.8244787129663416,32.02,37.668,26.371
03/09/2022,2.8003928295865923,32.46,38.06,26.859
03/08/2022,2.7552341098353152,32.81,38.32,27.299
03/07/2022,2.537677087416758,33.25,38.325,28.174
03/04/2022,2.463736998950984,33.57,38.497,28.642
03/03/2022,2.3185232368902406,33.9,38.537,29.262
03/02/2022,2.2698887637943845,34.22,38.759,29.68
03/01/2022,2.119573070219566,34.56,38.799,30.32
02/28/2022,1.822771241818347,34.89,38.535,31.244
02/25/2022,1.770422266014523,35.05,38.59,31.509
02/24/2022,1.256475228566007,35.26,37.772,32.747
02/23/2022,0.9595624002637867,35.42,37.339,33.5
02/22/2022,0.7536610644049482,35.55,37.057,34.042
02/18/2022,0.7466156976651375,35.63,37.123,34.136
02/17/2022,0.6998428395004126,35.7,37.099,34.3
02/16/2022,0.6053098380168622,35.83,37.04,34.619
02/15/2022,0.6403553700875789,35.88,37.16,34.599
02/14/2022,0.6745405843980036,35.91,37.259,34.56
02/11/2022,0.7557248176419774,36.02,37.531,34.508
02/10/2022,0.8033150067065847,36.1,37.706,34.493
02/09/2022,0.9220466365645504,36.19,38.034,34.345
02/08/2022,1.0232472819411738,36.33,38.376,34.283
02/07/2022,1.0586925899428976,36.4,38.517,34.282
02/04/2022,1.0731751953898305,36.44,38.586,34.293
02/03/2022,1.0916295159072975,36.59,38.773,34.406
02/02/2022,1.0904081804535404,36.58,38.76,34.399
02/01/2022,1.1495977557389372,36.63,38.929,34.33
01/31/2022,1.21011156510464,36.62,39.04,34.199
01/28/2022,1.1846054195385067,36.68,39.049,34.31
01/27/2022,1.067562644531927,36.78,38.915,34.644
01/26/2022,0.88207142567935,36.92,38.684,35.155
01/25/2022,0.7337608602262731,37.02,38.487,35.552
01/24/2022,0.8089221223331706,36.97,38.587,35.352
01/21/2022,0.7558670518021016,37.01,38.521,35.498
01/20/2022,0.8149601217237573,36.99,38.619,35.36
01/19/2022,0.9261695309175317,36.91,38.762,35.057
01/18/2022,1.0513752897990332,36.83,38.932,34.727
01/14/2022,1.1095359390303678,36.69,38.909,34.47
01/13/2022,1.3653570961473778,36.56,39.29,33.829
01/12/2022,1.5327540572446703,36.3,39.365,33.234
01/11/2022,1.5392628105687474,35.98,39.058,32.901
01/10/2022,1.6128499620237462,35.74,38.965,32.514
01/07/2022,1.6484492712849854,35.56,38.856,32.263
01/06/2022,1.5835308648712845,35.4,38.567,32.232
01/05/2022,1.628184571846816,35.37,38.626,32.113
01/04/2022,1.4169121355962755,35.2,38.033,32.366
01/03/2022,1.2649110640673513,35.06,37.589,32.53
12/31/2021,1.2339509714733399,34.92,37.387,32.452
12/30/2021,1.1709504686364827,34.81,37.151,32.468
12/29/2021,1.1383848206999245,34.68,36.956,32.403
12/28/2021,0.9800025510170881,34.54,36.5,32.579
12/27/2021,0.9023857268374762,34.47,36.274,32.665
12/23/2021,0.8784958736385734,34.45,36.206,32.693
12/22/2021,0.9464618322996446,34.5,36.392,32.607
12/21/2021,1.0128351297225036,34.55,36.575,32.524
12/20/2021,1.0777940434053253,34.6,36.755,32.444
12/17/2021,1.2731692738988007,34.68,37.226,32.133
12/16/2021,1.397481663564857,34.86,37.654,32.065
12/15/2021,1.4680786763658142,35.1,38.036,32.163
12/14/2021,1.564910540574125,35.37,38.499,32.24
12/13/2021,1.531262550968971,35.64,38.702,32.577
12/10/2021,1.4342803073318686,35.87,38.738,33.001
12/09/2021,1.3775993612077495,36.0,38.755,33.244
12/08/2021,1.3422592894072294,36.13,38.814,33.445
12/07/2021,1.3574295561833034,36.08,38.794,33.365
12/06/2021,1.4250070175265803,35.99,38.84,33.139
12/03/2021,1.3024400178127205,36.14,38.744,33.535
12/02/2021,1.3806339123750369,36.26,39.021,33.498
12/01/2021,1.3363944028616705,36.62,39.292,33.947
11/30/2021,1.3906437358288428,36.86,39.641,34.078
11/29/2021,1.3026473045302789,37.03,39.635,34.424
11/26/2021,1.2048340134640958,37.16,39.569,34.75
11/24/2021,1.541517109862878,37.45,40.533,34.366
11/23/2021,1.8265240211943565,37.77,41.423,34.116
11/22/2021,2.1154337616668597,38.16,42.39,33.929
11/19/2021,2.5036333597394007,38.47,43.477,33.462
11/18/2021,2.7138634821965533,38.83,44.257,33.402
11/17/2021,2.8567691541319893,39.15,44.863,33.436
11/16/2021,2.9760468746308417,39.34,45.292,33.387
11/15/2021,3.116155483925666,39.54,45.772,33.307
11/12/2021,3.167221179519991,39.81,46.144,33.475
11/11/2021,3.1314693036975476,40.12,46.382,33.857
11/10/2021,3.1348516711321452,40.37,46.639,34.1
11/09/2021,2.952870637193577,40.67,46.575,34.764
11/08/2021,2.56140391192018,41.09,46.212,35.967
11/05/2021,2.1536886961675776,41.48,45.787,37.172
11/04/2021,1.8824584988785276,41.78,45.544,38.015
11/03/2021,1.8349414159585586,41.9,45.569,38.23
11/02/2021,1.8759650849629377,41.98,45.731,38.228
11/01/2021,1.713144769130735,42.13,45.556,38.703
10/29/2021,2.086548585583379,42.13,46.303,37.956
10/28/2021,0.7115089598873657,42.6,44.023,41.176
10/27/2021,0.7441404437335746,42.61,44.098,41.121
10/26/2021,0.876755382076438,42.56,44.313,40.806
10/25/2021,0.8130036900285267,42.37,43.996,40.743
10/22/2021,0.7004141631920366,42.23,43.63,40.829
10/21/2021,0.6257435576975607,42.16,43.411,40.908
10/20/2021,0.6782440563690921,42.2,43.556,40.843
10/19/2021,0.7290953298437729,42.22,43.678,40.761
10/18/2021,0.8851412316687091,42.31,44.08,40.539
10/15/2021,1.0078913631934736,42.4,44.415,40.384
10/14/2021,1.1936079758446656,42.5,44.887,40.112
10/13/2021,1.450091376431154,42.74,45.64,39.839
10/12/2021,1.5573679719321307,42.92,46.034,39.805
10/11/2021,1.725838926435488,43.1,46.551,39.648
10/08/2021,1.817652331993112,43.26,46.895,39.624
10/07/2021,1.8470029777994401,43.43,47.124,39.735
10/06/2021,1.9580079162250594,43.58,47.496,39.663
10/05/2021,2.0157802459593657,43.77,47.801,39.738
10/04/2021,1.869380913564702,44.0,47.738,40.261
10/01/2021,1.7857995408219811,44.11,47.681,40.538
09/30/2021,1.8116415208313144,44.14,47.763,40.516
09/29/2021,1.6618242987752943,44.28,47.603,40.956
09/28/2021,1.4487649912943092,44.43,47.327,41.532
09/27/2021,1.2075636629180264,44.58,46.995,42.164
09/24/2021,1.0698411096980713,44.7,46.839,42.56
09/23/2021,1.1090468880980642,44.69,46.908,42.471
09/22/2021,1.1874152601343808,44.66,47.034,42.285
09/21/2021,1.29811016481653,44.52,47.116,41.923
09/20/2021,1.4212547273448204,44.42,47.262,41.577
09/17/2021,1.595684805968898,44.3,47.491,41.108
09/16/2021,1.5998515556138324,44.0,47.199,40.8
09/15/2021,1.6332008449667177,43.88,47.146,40.613
09/14/2021,1.530089866641826,43.65,46.71,40.589
09/13/2021,1.4313088415852115,43.5,46.362,40.637
09/10/2021,1.437122124246927,43.43,46.304,40.555
09/09/2021,1.258149434685721,43.29,45.806,40.773
09/08/2021,1.0003699315753143,43.15,45.15,41.149
09/07/2021,1.5616358499983278,43.37,46.493,40.246
09/03/2021,0.9886379519318487,43.12,45.097,41.142
09/02/2021,0.995788632190587,43.13,45.121,41.138
09/01/2021,0.9910852637386957,43.12,45.102,41.137
08/31/2021,1.7570998833304843,43.43,46.944,39.915
08/30/2021,2.4187362402709396,43.84,48.677,39.002
08/27/2021,2.8329392863243643,44.07,49.735,38.404
08/26/2021,2.9997641573963776,44.39,50.389,38.39
08/25/2021,3.134328476723523,44.73,50.998,38.461
08/24/2021,3.2823253952038334,45.08,51.644,38.515
08/23/2021,3.3251556354552787,45.43,52.08,38.779
08/20/2021,3.3393217874292977,45.79,52.468,39.111
08/19/2021,3.169208891821427,46.23,52.568,39.891
08/18/2021,3.1106526646348667,46.54,52.761,40.318
08/17/2021,2.9372436058318354,46.9,52.774,41.025
08/16/2021,2.793938975711531,47.16,52.747,41.572
08/13/2021,2.5961009225374885,47.36,52.552,42.167
08/12/2021,2.400045832895697,47.55,52.35,42.749
08/11/2021,2.271739421676703,47.72,52.263,43.176
08/10/2021,2.296327502774812,47.85,52.442,43.257
08/09/2021,2.0135900774487343,48.15,52.177,44.122
08/06/2021,1.7946378464748813,48.41,51.999,44.82
08/05/2021,1.098938123826815,48.87,51.067,46.672
08/04/2021,1.1687536096200941,48.95,51.287,46.612
08/03/2021,1.0256680749638263,48.82,50.871,46.768
08/02/2021,0.8752742427376693,48.69,50.44,46.939
07/30/2021,0.9072127644604656,48.72,50.534,46.905
07/29/2021,0.9714550941757425,48.81,50.752,46.867
07/28/2021,0.9352593223272357,48.76,50.63,46.889
07/27/2021,0.9668040132312237,48.81,50.743,46.876
07/26/2021,1.067731239591687,48.89,51.025,46.754
07/23/2021,1.1013196629498634,48.94,51.142,46.737
07/22/2021,1.1113235352497493,48.95,51.172,46.727
07/21/2021,1.130139371936046,48.98,51.24,46.719
07/20/2021,1.2547609334052443,48.99,51.499,46.48
07/19/2021,1.2719512569277172,49.13,51.673,46.586
07/16/2021,0.7900791099630471,49.45,51.03,47.869
07/15/2021,0.6108723270864381,49.6,50.821,48.378
07/14/2021,0.5935023167604322,49.66,50.847,48.472
07/13/2021,0.5512939324897387,49.75,50.852,48.647
07/12/2021,0.5912909605262036,49.82,51.002,48.637
07/09/2021,0.7563398706930639,49.92,51.432,48.407
07/08/2021,0.7378109513960878,50.04,51.515,48.564
07/07/2021,0.647568529192085,50.21,51.505,48.914
07/06/2021,0.6600909028308152,50.37,51.69,49.049
07/02/2021,0.8091538790613321,50.49,52.108,48.871
07/01/2021,0.8563527310635503,50.63,52.342,48.917
06/30/2021,0.85843753412814,50.72,52.436,49.003
06/29/2021,0.9735964256302506,50.92,52.867,48.972
06/28/2021,1.1700705106958296,51.01,53.35,48.669
06/25/2021,1.3006152390311287,51.18,53.781,48.578
06/24/2021,1.2925149902418924,51.36,53.945,48.774
06/23/2021,1.2524036889118457,51.52,54.024,49.015
06/22/2021,1.2314381835886035,51.68,54.142,49.217
06/21/2021,1.2195265474765196,51.82,54.259,49.38
06/18/2021,1.2511754473294294,51.91,54.412,49.407
06/17/2021,1.1302588199169246,52.05,54.31,49.789
06/16/2021,0.9966167769007299,52.18,54.173,50.186
06/15/2021,0.8727141570984167,52.27,54.015,50.524
06/14/2021,0.8072608004851961,52.32,53.934,50.705
06/11/2021,0.8458073066603287,52.28,53.971,50.588
06/10/2021,0.7664365596707919,52.36,53.892,50.827
06/09/2021,0.7575255771259471,52.36,53.875,50.844
06/08/2021,0.7258133368849042,52.44,53.891,50.988
06/07/2021,0.7608777825643218,52.47,53.991,50.948
06/04/2021,0.782221196337711,52.46,54.024,50.895
06/03/2021,0.8097715727290007,52.5,54.119,50.88
06/02/2021,0.8611503933692419,52.47,54.192,50.747
06/01/2021,0.8424161679360151,52.39,54.074,50.705
05/28/2021,0.7541452114811841,52.32,53.828,50.811
05/27/2021,0.7788677679811894,52.34,53.897,50.782
05/26/2021,0.8311317585076389,52.4,54.062,50.737
05/25/2021,0.8646299786613924,52.43,54.159,50.7
05/24/2021,0.8725995645197171,52.44,54.185,50.694
05/21/2021,1.0223722414072083,52.53,54.574,50.485
05/20/2021,1.1688712503950118,52.63,54.967,50.292
05/19/2021,1.3028967725802376,52.68,55.285,50.074
05/18/2021,1.4386017517019778,52.92,55.797,50.042
05/17/2021,1.4635368119729684,53.18,56.107,50.252
05/14/2021,1.6232221043344621,53.5,56.746,50.253
05/13/2021,1.757977531141965,53.71,57.225,50.194
05/12/2021,1.703155894215206,53.92,57.326,50.513
05/11/2021,1.6874996296295888,54.11,57.484,50.735
05/10/2021,1.6789773673281003,54.2,57.557,50.842
05/07/2021,1.7887313940332121,54.24,57.817,50.662
05/06/2021,1.5474155873584834,54.46,57.554,51.365
05/05/2021,1.3776955396603416,54.63,57.385,51.874
05/04/2021,1.108900356208798,54.81,57.027,52.592
05/03/2021,1.0471485090473078,54.89,56.984,52.795
04/30/2021,0.9920181449953421,54.95,56.934,52.965
04/29/2021,0.9767215570468382,55.0,56.953,53.046
04/28/2021,0.9368644512414802,55.03,56.903,53.156
04/27/2021,0.8547572754881939,55.1,56.809,53.39
04/26/2021,1.0065187529301183,55.04,57.053,53.026
04/23/2021,0.9990995946350897,55.0,56.998,53.001
04/22/2021,1.0240214841496247,55.04,57.088,52.991
04/21/2021,1.0140216960203565,54.94,56.968,52.911
04/20/2021,1.1017100344464508,54.96,57.163,52.756
04/19/2021,1.034185669983877,54.92,56.988,52.851
04/16/2021,0.8460969211621093,54.81,56.502,53.117
04/15/2021,0.9358098097370005,54.88,56.751,53.008
04/14/2021,1.0045720481876856,54.88,56.889,52.87
04/13/2021,1.0578681392309732,54.97,57.085,52.854
04/12/2021,1.0596461673596531,54.95,57.069,52.83
04/09/2021,1.0676563117408158,55.02,57.155,52.884
04/08/2021,1.085898245693399,55.02,57.191,52.848
04/07/2021,1.052309365158365,55.11,57.214,53.005
04/06/2021,1.0797638630737747,55.07,57.229,52.91
04/05/2021,1.0553814476292451,55.18,57.29,53.069
04/01/2021,1.1186286247007988,55.0,57.237,52.762
03/31/2021,1.2151419670145547,54.94,57.37,52.509
03/30/2021,1.3338721827821438,54.83,57.497,52.162
03/29/2021,1.2541052587402703,54.92,57.428,52.411
03/26/2021,1.2851147808658965,54.86,57.43,52.289
03/25/2021,1.399326623773021,54.74,57.538,51.941
03/24/2021,1.5041077089091732,54.67,57.678,51.661
03/23/2021,1.5403863151820074,54.69,57.77,51.609
03/22/2021,1.5284845435921168,54.61,57.666,51.553
03/19/2021,1.4692259867018422,54.53,57.468,51.591
03/18/2021,1.4218245320713812,54.48,57.323,51.636
03/17/2021,1.330710336624767,54.42,57.081,51.758
03/16/2021,1.2927625458683432,54.39,56.975,51.804
03/15/2021,1.384387951406686,54.47,57.238,51.701
03/12/2021,1.556084830592471,54.55,57.662,51.437
03/11/2021,1.646681511404072,54.65,57.943,51.356
03/10/2021,1.6563332997920435,54.64,57.952,51.327
03/09/2021,1.6910248371919316,54.73,58.112,51.347
03/08/2021,1.7048108399467663,54.74,58.149,51.33
03/05/2021,1.7565705223531445,54.7,58.213,51.186
03/04/2021,1.6390439286364478,54.82,58.098,51.541
03/03/2021,1.6157382213712714,54.85,58.081,51.618
03/02/2021,1.5309637487543593,54.97,58.031,51.908
03/01/2021,1.526206080449164,55.01,58.062,51.957
02/26/2021,1.465672200732483,55.1,58.031,52.168
02/25/2021,1.1566222373791708,55.41,57.723,53.096
02/24/2021,1.0964898540342265,55.48,57.672,53.287
02/23/2021,1.0850898580302,55.65,57.82,53.479
02/22/2021,1.0626029361901836,55.74,57.865,53.614
02/19/2021,1.064483442802188,55.76,57.888,53.631
02/18/2021,1.0644035888703116,55.73,57.858,53.601
02/17/2021,1.1132946600069542,55.74,57.966,53.513
02/16/2021,1.2938199256465328,55.68,58.267,53.092
02/12/2021,1.0817532066049078,55.41,57.573,53.246
02/11/2021,1.0127832937010757,55.17,57.195,53.144
02/10/2021,1.0344708792421367,55.07,57.138,53.001
02/09/2021,1.0183614289632141,54.88,56.916,52.843
02/08/2021,1.1382310837435425,54.67,56.946,52.393
02/05/2021,1.2720593539611267,54.51,57.054,51.965
02/04/2021,1.3852779504489339,54.45,57.22,51.679
02/03/2021,1.4943577215646855,54.38,57.368,51.391
02/02/2021,1.7045527272572123,54.15,57.559,50.74
02/01/2021,1.981162537501656,53.91,57.872,49.947
01/29/2021,2.1313986018574753,53.68,57.942,49.417
01/28/2021,2.131784463776768,53.27,57.533,49.006
01/27/2021,2.369638158031728,53.11,57.849,48.37
01/26/2021,2.2593306530917516,52.76,57.278,48.241
01/25/2021,2.1736145012398134,52.48,56.827,48.132
01/22/2021,1.9816747967312904,52.16,56.123,48.196
01/21/2021,1.9007090782126552,51.92,55.721,48.118
01/20/2021,1.6312786395953336,51.58,54.842,48.317
01/19/2021,1.526378065880142,51.42,54.472,48.367
01/15/2021,1.3766935025632983,51.23,53.983,48.476
01/14/2021,1.3977875375034652,51.12,53.915,48.324
01/13/2021,1.177467621635517,50.89,53.244,48.535
01/12/2021,0.9573165620629369,50.65,52.564,48.735
01/11/2021,0.8089808403170011,50.49,52.107,48.872
01/08/2021,0.7333723474470529,50.42,51.886,48.953
01/07/2021,0.6668658035916974,50.34,51.673,49.006
01/06/2021,0.5025186563700896,50.11,51.115,49.104
01/05/2021,0.6361171275795048,49.95,51.222,48.677
01/04/2021,0.7579412906023785,49.9,51.415,48.384
12/31/2020,0.9042510713291964,49.75,51.558,47.941
12/30/2020,1.0383857664663936,49.61,51.686,47.533
12/29/2020,1.1575577739361431,49.55,51.865,47.234
12/28/2020,1.25582841184614,49.43,51.941,46.918
12/24/2020,1.2893874514667802,49.28,51.858,46.701
12/23/2020,1.3606193442693657,49.08,51.801,46.358
12/22/2020,1.485069021964972,48.85,51.82,45.879
12/21/2020,1.569060228289532,48.66,51.798,45.521
12/18/2020,1.6215455590269423,48.47,51.713,45.226
12/17/2020,1.5726506287157354,48.2,51.345,45.054
12/16/2020,1.5855582613073538,48.0,51.171,44.828
12/15/2020,1.466712309895843,47.81,50.743,44.876
12/14/2020,1.493281621128446,47.73,50.716,44.743
12/11/2020,1.4367063026241655,47.56,50.433,44.686
12/10/2020,1.190365490091174,47.29,49.67,44.909
12/09/2020,0.9463006921692496,47.08,48.972,45.187
12/08/2020,0.7881560759139018,46.99,48.566,45.413
12/07/2020,0.7877626546111463,46.99,48.565,45.414
12/04/2020,0.7684757640940926,46.87,48.406,45.333
12/03/2020,0.7692008840348533,46.77,48.308,45.231
12/02/2020,0.8732611293307403,46.6,48.346,44.853
12/01/2020,1.030499878699653,46.45,48.51,44.389
11/30/2020,1.3470541934161373,46.19,48.884,43.495
11/27/2020,1.9172545475236202,45.78,49.614,41.945
11/25/2020,2.351649421151035,45.37,50.073,40.666
11/24/2020,2.628363559327362,45.08,50.336,39.823
11/23/2020,2.7719983766229013,44.84,50.383,39.296
11/20/2020,2.8198244626217424,44.57,50.209,38.93
11/19/2020,2.89034859489301,44.33,50.11,38.549
11/18/2020,2.990784178104465,44.16,50.141,38.178
11/17/2020,2.9345229595285156,43.88,49.749,38.01
11/16/2020,2.8893398900094813,43.6,49.378,37.821
11/13/2020,2.8421690660479713,43.32,49.004,37.635
11/12/2020,2.755872819997323,43.1,48.611,37.588
11/11/2020,2.8311773169478447,43.01,48.672,37.347
11/10/2020,2.4925178033466473,42.69,47.675,37.704
11/09/2020,2.3173627251684183,42.46,47.094,37.825
11/06/2020,1.684366349699494,42.09,45.458,38.721
11/05/2020,1.313552435192444,41.83,44.457,39.202
11/04/2020,1.223603285382971,41.73,44.177,39.282
11/03/2020,0.9357002725232051,41.5,43.371,39.628
11/02/2020,0.9400797838481589,41.34,43.22,39.459
10/30/2020,0.9267011384475584,41.4,43.253,39.546
10/29/2020,0.7007531662432934,41.54,42.941,40.138
10/28/2020,0.5746868712612114,41.61,42.759,40.46
10/27/2020,0.7586797743448822,41.57,43.087,40.052
10/26/2020,0.9432815062323664,41.42,43.306,39.533
10/23/2020,1.0151059058049077,41.35,43.38,39.319
10/22/2020,1.090300417316256,41.29,43.47,39.109
10/21/2020,1.148993037402752,41.16,43.457,38.862
10/20/2020,1.1565011889315124,41.12,43.433,38.806
10/19/2020,1.1980984934470125,41.21,43.606,38.813
10/16/2020,1.2102706308921163,41.22,43.64,38.799
10/15/2020,1.1755849607748483,41.18,43.531,38.828
10/14/2020,1.1660167237222634,41.17,43.502,38.837
10/13/2020,1.2051576660337857,41.2,43.61,38.789
10/12/2020,1.213361034482318,41.2,43.626,38.773
10/09/2020,1.239037933236913,41.23,43.708,38.751
10/08/2020,1.2198155598286164,41.16,43.599,38.72
10/07/2020,1.2344674965344373,41.16,43.628,38.691
10/06/2020,1.217228409132814,41.12,43.554,38.685
10/05/2020,1.2109995871180141,41.08,43.501,38.658
10/02/2020,1.2402136912645338,41.08,43.56,38.599
10/01/2020,1.55319187481779,41.16,44.266,38.053
09/30/2020,1.7450229224855476,41.48,44.97,37.989
09/29/2020,1.6853515953651927,41.83,45.2,38.459
09/28/2020,1.6215517259711452,42.05,45.293,38.806
09/25/2020,1.583466134781543,42.18,45.346,39.013
09/24/2020,1.3771673827098874,42.35,45.104,39.595
09/23/2020,1.2664497621303423,42.47,45.002,39.937
09/22/2020,1.2754940219381667,42.48,45.03,39.929
09/21/2020,1.3146824711693694,42.36,44.989,39.73
09/18/2020,1.358841418267783,42.32,45.037,39.602
09/17/2020,1.3667991805675042,42.35,45.083,39.616
09/16/2020,1.3605807583528442,42.33,45.051,39.608
09/15/2020,1.3595054247777023,42.33,45.049,39.61
09/14/2020,1.3931044469098508,42.29,45.076,39.503
09/11/2020,1.3837557587956049,42.36,45.127,39.592
09/10/2020,1.3088582810984544,42.48,45.097,39.862
09/09/2020,1.3140338656214305,42.62,45.248,39.991
09/08/2020,1.3691055474286853,42.84,45.578,40.101
09/04/2020,1.3885586051730046,43.07,45.847,40.292
09/03/2020,1.496026403510312,43.13,46.122,40.137
09/02/2020,1.359041941957642,43.05,45.768,40.331
09/01/2020,1.3245244429605665,42.78,45.429,40.13
08/31/2020,1.3090592996499428,42.69,45.308,40.071
08/28/2020,1.313092247330704,42.62,45.246,39.993
08/27/2020,1.3334494741084115,42.59,45.256,39.923
08/26/2020,1.3559470859882397,42.58,45.291,39.868
08/25/2020,1.37885006436523,42.55,45.307,39.792
08/24/2020,1.372943006828761,42.56,45.305,39.814
08/21/2020,1.2953291087596226,42.64,45.23,40.049
08/20/2020,1.2527799088427296,42.72,45.225,40.214
08/19/2020,1.2823679269226904,42.79,45.354,40.225
08/18/2020,1.371744327489638,42.93,45.673,40.186
08/17/2020,1.4304483562855386,42.99,45.85,40.129
08/14/2020,1.548693804468785,43.08,46.177,39.982
08/13/2020,1.6233229808020333,43.32,46.566,40.073
08/12/2020,1.7276088967124468,43.46,46.915,40.004
08/11/2020,1.6784226225834773,43.39,46.746,40.033
08/10/2020,1.721017867426134,43.47,46.912,40.027
08/07/2020,1.7418101216837611,43.51,46.993,40.026
08/06/2020,1.817333898874942,43.38,47.014,39.745
08/05/2020,1.7011841464109636,43.58,46.982,40.177
08/04/2020,1.647398327666991,43.65,46.944,40.355
08/03/2020,1.6879192071897278,43.6,46.975,40.224
07/31/2020,1.7225910716127604,43.6,47.045,40.154
07/30/2020,1.6153204016541114,43.7,46.93,40.469
07/29/2020,1.392910621683961,43.9,46.685,41.114
07/28/2020,1.2664517361510461,44.05,46.582,41.517
07/27/2020,1.2382406874271248,44.18,46.656,41.703
07/24/2020,1.0122178619249904,44.4,46.424,42.375
07/23/2020,1.0176664483021927,44.51,46.545,42.474
07/22/2020,1.0104479204788337,44.5,46.52,42.479
07/21/2020,1.0652581846669844,44.57,46.7,42.439
07/20/2020,1.0442006512160389,44.48,46.568,42.391
07/17/2020,0.967486434013418,44.39,46.324,42.455
07/16/2020,0.9944068583834283,44.42,46.408,42.431
07/15/2020,0.9951582788682413,44.42,46.41,42.429
07/14/2020,1.0067969010679363,44.41,46.423,42.396
07/13/2020,1.0900022935755684,44.5,46.68,42.319
07/10/2020,0.9420695303426391,44.29,46.174,42.405
07/09/2020,1.0451770184997373,44.15,46.24,42.059
07/08/2020,1.0640394729520144,44.21,46.338,42.081
07/07/2020,0.9676595475682553,44.37,46.305,42.434
07/06/2020,0.8696579787479674,44.51,46.249,42.77
07/02/2020,0.7339788825300086,44.65,46.117,43.182
07/01/2020,0.7710804108522018,44.63,46.172,43.087
06/30/2020,0.7965393901120019,44.71,46.303,43.116
06/29/2020,0.8383286944868344,44.75,46.426,43.073
06/26/2020,0.9030227018187308,44.84,46.646,43.033
06/25/2020,0.9190484209224236,44.87,46.708,43.031
06/24/2020,0.9389728430577745,44.91,46.787,43.032
06/23/2020,0.9515986548960648,44.86,46.763,42.956
06/22/2020,0.9214336655451653,44.91,46.752,43.067
06/19/2020,0.9946029358492761,44.91,46.899,42.92
06/18/2020,1.015376777359025,44.8,46.83,42.769
06/17/2020,1.0595588704739338,44.75,46.869,42.63
06/16/2020,1.0799606474311918,44.6,46.759,42.44
06/15/2020,1.1382420656433319,44.39,46.666,42.113
06/12/2020,1.1993185565144895,44.34,46.738,41.941
06/11/2020,1.2566562775874712,44.32,46.833,41.806
06/10/2020,1.4556527745310688,44.26,47.171,41.348
06/09/2020,1.4493722779189615,44.03,46.928,41.131
06/08/2020,1.4913886146809625,43.9,46.882,40.917
06/05/2020,1.5050730879262977,43.74,46.75,40.729
06/04/2020,1.6081293480314325,43.73,46.946,40.513
06/03/2020,1.7299132926248066,43.51,46.969,40.05
06/02/2020,1.8592538826099028,43.22,46.938,39.501
06/01/2020,1.9365910771249557,42.8,46.673,38.926
05/29/2020,2.0691495837662384,42.38,46.518,38.241
05/28/2020,2.028208569156535,42.01,46.066,37.953
05/27/2020,2.0405036143070165,41.73,45.811,37.648
05/26/2020,2.1143840710712896,41.36,45.588,37.131
05/22/2020,2.1149172560646434,40.99,45.219,36.76
05/21/2020,2.3475990394443427,40.64,45.335,35.944
05/20/2020,2.435232278449019,40.24,45.11,35.369
05/19/2020,2.519937747246943,39.82,44.859,34.78
05/18/2020,2.5931730081118767,39.39,44.576,34.203
05/15/2020,2.5628677784856553,38.93,44.055,33.804
05/14/2020,2.5529651877767545,38.59,43.695,33.484
05/13/2020,2.767890216392261,38.28,43.815,32.744
05/12/2020,2.751442576177086,37.93,43.432,32.427
05/11/2020,2.5407422635914885,37.65,42.731,32.568
05/08/2020,2.392604490926155,37.36,42.145,32.574
05/07/2020,2.149754927892945,37.07,41.369,32.77
05/06/2020,1.6929534104635016,36.57,39.955,33.184
05/05/2020,1.7429289285567557,36.17,39.655,32.684
05/04/2020,1.8598390387342663,35.81,39.529,32.09
05/01/2020,2.184481917984216,35.49,39.858,31.121
04/30/2020,2.2559601614390266,35.23,39.741,30.718
04/29/2020,2.0353295187757676,34.86,38.93,30.789
04/28/2020,1.9312538025852528,34.72,38.582,30.857
04/27/2020,1.7090658998411965,34.53,37.948,31.111
04/24/2020,1.67828632837189,34.49,37.846,31.133
04/23/2020,1.6603568893463838,34.47,37.79,31.149
04/22/2020,1.6261872585898587,34.41,37.662,31.157
04/21/2020,1.6186985513059555,34.37,37.607,31.132
04/20/2020,1.7058766074953957,34.24,37.651,30.828
04/17/2020,1.6697155446362715,34.12,37.459,30.78
04/16/2020,1.6755133541694023,34.19,37.541,30.838
04/15/2020,1.7505756196177302,34.2,37.701,30.698
04/14/2020,1.6500515143473553,34.11,37.41,30.809
04/13/2020,1.6575871017837949,34.12,37.435,30.804
04/09/2020,1.689107752631549,34.11,37.488,30.731
04/08/2020,1.7885720561386398,34.12,37.697,30.542
04/07/2020,1.9039406503355092,34.38,38.187,30.572
04/06/2020,2.296141328402936,34.7,39.292,30.107
04/03/2020,2.16413608629402,35.19,39.518,30.861
04/02/2020,2.664616295078899,35.76,41.089,30.43
04/01/2020,2.940375826318806,36.34,42.22,30.459
03/31/2020,3.5175417552603405,36.96,43.995,29.924
03/30/2020,3.8629496502025495,37.47,45.195,29.744
03/27/2020,4.195890251186272,37.88,46.271,29.488
03/26/2020,4.277663497752014,38.21,46.765,29.654
03/25/2020,4.365507988768318,38.64,47.371,29.908
03/24/2020,4.607402739071113,39.13,48.344,29.915
03/23/2020,4.338963009752446,39.83,48.507,31.152
03/20/2020,4.236628966525155,40.45,48.923,31.976
03/19/2020,4.396184140820309,40.94,49.732,32.147
03/18/2020,4.175342500921332,41.61,49.96,33.259
03/17/2020,3.601577432181627,42.34,49.543,35.136
03/16/2020,3.6008068540259144,42.65,49.851,35.448
03/13/2020,3.0883474545458784,43.12,49.296,36.943
03/12/2020,3.036616538188516,43.34,49.413,37.266
03/11/2020,2.193383516396529,43.86,48.246,39.473
03/10/2020,1.9322968845392272,44.05,47.914,40.185
03/09/2020,1.5646089767095168,44.26,47.389,41.13
03/06/2020,1.4153926133762322,44.29,47.12,41.459
03/05/2020,1.2768755812529275,44.45,47.003,41.896
03/04/2020,1.288373490102929,44.35,46.926,41.773
03/03/2020,1.2788749938911157,44.27,46.827,41.712
03/02/2020,1.3190024639855686,44.06,46.698,41.421
02/28/2020,1.281494245012439,44.1,46.662,41.537
02/27/2020,1.2681650129222148,44.18,46.716,41.643
02/26/2020,1.2129231220485497,44.02,46.445,41.594
02/25/2020,1.2612325320891467,44.08,46.602,41.557
02/24/2020,1.1632959640607377,43.95,46.276,41.623
02/21/2020,1.1433251943344902,43.95,46.236,41.663
02/20/2020,0.9312236573455379,43.84,45.702,41.977
02/19/2020,0.9469200071811769,43.84,45.733,41.946
02/18/2020,1.2806629142752597,43.92,46.481,41.358
02/14/2020,1.5653809440516397,44.15,47.28,41.019
02/13/2020,1.804495081733392,44.37,47.978,40.761
02/12/2020,1.966808646004995,44.53,48.463,40.596
02/11/2020,2.0585859831447415,44.76,48.877,40.642
02/10/2020,2.1281309287729457,44.91,49.166,40.653
02/07/2020,2.0432146852447985,45.15,49.236,41.063
02/06/2020,1.9897528112808391,45.38,49.359,41.4
02/05/2020,1.9243365739911513,45.63,49.478,41.781
02/04/2020,1.918176542969912,45.81,49.646,41.973
02/03/2020,1.9632613172983373,46.02,49.946,42.093
01/31/2020,1.760634828691061,46.29,49.811,42.768
01/30/2020,1.697020919140362,46.46,49.854,43.065
01/29/2020,1.4382750084736928,46.72,49.596,43.843
01/28/2020,1.2828113657120443,46.87,49.435,44.304
01/27/2020,1.1951380673378285,47.0,49.39,44.609
01/24/2020,0.8176979882572787,47.2,48.835,45.564
01/23/2020,0.6410031201172115,47.33,48.612,46.047
01/22/2020,0.4842468378833255,47.5,48.468,46.531
01/21/2020,0.4566015768698129,47.44,48.353,46.526
01/17/2020,0.5472796360180041,47.35,48.444,46.255
01/16/2020,0.638885748784554,47.17,48.447,45.892
01/15/2020,0.7018439997606307,47.06,48.463,45.656
01/14/2020,0.7275369406428791,46.92,48.375,45.464
01/13/2020,0.7288449766582742,46.92,48.377,45.462
01/10/2020,0.7736730575637233,46.89,48.437,45.342
01/09/2020,0.7906706014517048,46.92,48.501,45.338
01/08/2020,0.8443607049123026,46.82,48.508,45.131
01/07/2020,1.1436520449857117,46.68,48.967,44.392
01/06/2020,0.9945727726013822,46.49,48.479,44.5
01/03/2020,0.9979579149443131,46.37,48.365,44.374
01/02/2020,1.0301504744453602,46.29,48.35,44.229
12/31/2019,1.0073901925272055,46.12,48.134,44.105
12/30/2019,1.0719934701293663,46.04,48.183,43.896
12/27/2019,1.0404301994848095,45.93,48.01,43.849
12/26/2019,1.0246682389925046,45.87,47.919,43.82
12/24/2019,0.9275181938916353,45.76,47.615,43.904
12/23/2019,0.8988381389327006,45.7,47.497,43.902
12/20/2019,0.8334806536447024,45.53,47.196,43.863
12/19/2019,0.8854066862182604,45.36,47.13,43.589
12/18/2019,0.8877471486859312,45.38,47.155,43.604
12/17/2019,0.8910836099940347,45.4,47.182,43.617
12/16/2019,1.0018158513419522,45.41,47.413,43.406
12/13/2019,0.840838866846675,45.18,46.861,43.498
12/12/2019,1.0008046762480685,45.14,47.141,43.138
12/11/2019,0.8762162974973707,44.89,46.642,43.137
12/10/2019,0.9576951498258723,44.62,46.535,42.704
12/09/2019,0.9982484660644364,44.72,46.716,42.723
12/06/2019,0.9376433223779712,44.65,46.525,42.774
12/05/2019,0.9172704072409621,44.58,46.414,42.745
12/04/2019,0.894949719258015,44.53,46.319,42.74
12/03/2019,0.9066256118155939,44.44,46.253,42.626
12/02/2019,1.0825109699213211,44.62,46.785,42.454
11/29/2019,1.3967945446628864,44.82,47.613,42.026
11/27/2019,1.5777737480386722,44.96,48.115,41.804
11/26/2019,1.6812004639542542,45.03,48.392,41.667
11/25/2019,1.7667965361070865,45.09,48.623,41.556
11/22/2019,1.9289880766868417,45.26,49.117,41.402
11/21/2019,1.9446889211388028,45.57,49.459,41.68
11/20/2019,1.9956465117850908,45.66,49.651,41.668
11/19/2019,2.038962971708903,45.68,49.757,41.602
11/18/2019,2.0510619200794498,45.84,49.942,41.737
11/15/2019,2.2558737220864113,46.09,50.601,41.578
11/14/2019,2.387809927527733,46.41,51.185,41.634
11/13/2019,2.4621527673968564,46.78,51.704,41.855
11/12/2019,2.4271312799269844,47.23,52.084,42.375
11/11/2019,2.299353441730958,47.72,52.318,43.121
11/08/2019,2.3481005621565707,47.97,52.666,43.273
11/07/2019,2.2246586816858,48.35,52.799,43.9
11/06/2019,2.2661622294090074,48.63,53.162,44.097
11/05/2019,1.8211936333075633,49.08,52.722,45.437
11/04/2019,1.5238442341656844,49.38,52.427,46.332
11/01/2019,1.5343993124346744,49.41,52.478,46.341
10/31/2019,1.5246938217229062,49.46,52.509,46.41
10/30/2019,1.5094175201050244,49.48,52.498,46.461
10/29/2019,1.4548681211711258,49.53,52.439,46.62
10/28/2019,1.4545862813872552,49.53,52.439,46.62
10/25/2019,1.4675187392329962,49.52,52.455,46.584
10/24/2019,1.5205924010069245,49.49,52.531,46.448
10/23/2019,1.489882965202302,49.7,52.679,46.72
10/22/2019,1.359014808602174,50.09,52.808,47.371
10/21/2019,1.3933484847661062,50.15,52.936,47.363
10/18/2019,1.4273314261235908,50.22,53.074,47.365
10/17/2019,1.5108507537146094,50.34,53.361,47.318
10/16/2019,1.541312752169398,50.37,53.452,47.287
10/15/2019,1.524416281728847,50.33,53.378,47.281
10/14/2019,1.5531612923325135,50.4,53.506,47.293
10/11/2019,1.5850820168054405,50.44,53.61,47.269
10/10/2019,1.5466382899695725,50.38,53.473,47.286
10/09/2019,1.550804629861545,50.35,53.451,47.248
10/08/2019,1.5451634217777754,50.38,53.47,47.289
10/07/2019,1.5900597473051141,50.31,53.49,47.129
10/04/2019,1.6233822716784865,50.29,53.536,47.043
10/03/2019,1.6199907407142806,50.37,53.609,47.13
10/02/2019,1.6049392511867864,50.6,53.809,47.39
10/01/2019,1.4464629272815812,50.8,53.692,47.907
09/30/2019,1.5363284154112364,50.81,53.882,47.737
09/27/2019,0.8591682023911269,51.21,52.928,49.491
09/26/2019,0.8635131730321204,51.24,52.967,49.512
09/25/2019,0.8668131286499992,51.11,52.843,49.376
09/24/2019,0.9301182720493132,51.02,52.88,49.159
09/23/2019,0.9839410551450735,50.96,52.927,48.992
09/20/2019,0.9619823283200168,50.9,52.823,48.976
09/19/2019,0.8885184297469582,50.83,52.607,49.052
09/18/2019,0.892748564826626,50.84,52.625,49.054
09/17/2019,0.8681013765684283,50.78,52.516,49.043
09/16/2019,0.8692899401235472,50.78,52.518,49.041
09/13/2019,0.8729977090462496,50.74,52.485,48.994
09/12/2019,0.9059442587709248,50.58,52.391,48.768
09/11/2019,0.9784145338250044,50.49,52.446,48.533
09/10/2019,0.8181167398360703,50.63,52.266,48.993
09/09/2019,0.8264502404863828,50.67,52.322,49.017
09/06/2019,0.9644869102274019,50.71,52.638,48.781
09/05/2019,0.7542247675593794,50.55,52.058,49.041
09/04/2019,1.565107025094451,50.12,53.25,46.989
09/03/2019,2.1553746774053004,49.77,54.08,45.459
08/30/2019,2.639208214597704,49.35,54.628,44.071
08/29/2019,2.7836513790343793,48.98,54.547,43.412
08/28/2019,2.873794529885531,48.7,54.447,42.952
08/27/2019,2.951641915951188,48.53,54.433,42.626
08/26/2019,2.980260055766946,48.44,54.4,42.479
08/23/2019,2.978829468096487,48.31,54.267,42.352
08/22/2019,2.908875212173943,48.08,53.897,42.262
08/21/2019,2.8187426274848155,47.77,53.407,42.132
08/20/2019,2.7627649194240185,47.41,52.935,41.884
08/19/2019,2.7095405514588635,47.17,52.589,41.75
08/16/2019,2.5006489157816616,46.88,51.881,41.878
08/15/2019,2.4757645283831016,46.75,51.701,41.798
08/14/2019,2.358421081995325,46.54,51.256,41.823
08/13/2019,2.1825409503603823,46.3,50.665,41.934
08/12/2019,2.018332232314591,46.09,50.126,42.053
08/09/2019,1.9210700143409667,45.9,49.742,42.057
08/08/2019,1.8433569920121282,45.72,49.406,42.033
08/07/2019,1.2852081543469915,45.26,47.83,42.689
08/06/2019,1.2273345102293831,45.31,47.764,42.855
08/05/2019,1.0739040925520305,45.39,47.537,43.242
08/02/2019,1.0030204384757075,45.46,47.466,43.453
08/01/2019,1.0314261970688938,45.42,47.482,43.357
07/31/2019,1.0695326081985534,45.37,47.509,43.23
07/30/2019,1.0748953437428226,45.31,47.459,43.16
07/29/2019,0.978434974845033,45.11,47.066,43.153
07/26/2019,0.8935295182589106,44.91,46.697,43.122
07/25/2019,0.9111311650909543,44.72,46.542,42.897
07/24/2019,1.0674338386991482,44.67,46.804,42.535
07/23/2019,1.3921296635012126,44.47,47.254,41.685
07/22/2019,1.4342175567186444,44.22,47.088,41.351
07/19/2019,1.4161691283176592,44.04,46.872,41.207
07/18/2019,1.3848014298086202,43.81,46.579,41.04
07/17/2019,1.424536766812285,43.64,46.489,40.79
07/16/2019,1.3223426182347746,43.41,46.054,40.765
07/15/2019,1.322796280611644,43.25,45.895,40.604
07/12/2019,1.1859869307880246,42.98,45.351,40.608
07/11/2019,1.189544030290598,42.88,45.259,40.5
07/10/2019,1.1598599053333982,42.77,45.089,40.45
07/09/2019,1.0912515750275,42.62,44.802,40.437
07/08/2019,1.1405415380423458,42.55,44.831,40.268
07/05/2019,1.1447860062037793,42.35,44.639,40.06
07/03/2019,1.227664449269424,42.17,44.625,39.714
07/02/2019,1.0646900957555674,41.93,44.059,39.8
07/01/2019,1.0272901245509949,41.73,43.784,39.675
06/28/2019,1.0810481025375327,41.49,43.652,39.327
06/27/2019,0.9269951456183567,41.27,43.123,39.416
06/26/2019,0.8675799674957914,41.14,42.875,39.404
06/25/2019,0.870037355519864,41.18,42.92,39.439
06/24/2019,0.932115872625286,41.2,43.064,39.335
06/21/2019,0.814631818676387,41.09,42.719,39.46
06/20/2019,0.8222378001527283,41.1,42.744,39.455
06/19/2019,0.804919250608406,41.08,42.689,39.47
06/18/2019,0.8035203793308531,41.08,42.687,39.472
06/17/2019,0.8650520215570838,41.12,42.85,39.389
06/14/2019,0.9153223475912723,41.18,43.01,39.349
06/13/2019,0.9010688098031128,41.15,42.952,39.347
06/12/2019,0.8707783874212764,41.08,42.821,39.338
06/11/2019,0.9923003577546459,40.9,42.884,38.915
06/10/2019,1.1036870027322054,40.71,42.917,38.502
06/07/2019,1.1709312533193394,40.62,42.961,38.278
06/06/2019,1.257726122810526,40.55,43.065,38.034
06/05/2019,1.313563854557516,40.45,43.077,37.822
06/04/2019,1.8860302224513792,40.11,43.882,36.337
06/03/2019,2.173070408431351,39.97,44.316,35.623
05/31/2019,2.4167974677245914,39.74,44.573,34.906
05/30/2019,2.571324561388546,39.48,44.622,34.337
05/29/2019,2.6992137744165428,39.21,44.608,33.811
05/28/2019,2.828671949873297,38.96,44.617,33.302
05/24/2019,2.8963822261573147,38.66,44.452,32.867
05/23/2019,2.910232808556731,38.31,44.13,32.489
05/22/2019,2.878747991749191,37.97,43.727,32.212
05/21/2019,2.9605193801088348,37.67,43.591,31.748
05/20/2019,2.7741701461878656,37.18,42.728,31.631
05/17/2019,2.5380228525369906,36.7,41.776,31.623
05/16/2019,2.3205430398938955,36.31,40.951,31.668
05/15/2019,1.9257985356729301,35.88,39.731,32.028
05/14/2019,1.8181625339886422,35.67,39.306,32.033
05/13/2019,1.702655279262365,35.47,38.875,32.064
05/10/2019,1.5026227071357607,35.25,38.255,32.244
05/09/2019,1.3173837709642557,35.08,37.714,32.445
05/08/2019,0.8187185108448454,34.81,36.447,33.172
05/07/2019,0.5400092591798779,34.68,35.76,33.599
05/06/2019,0.5346727971385868,34.66,35.729,33.59
05/03/2019,0.6027603172074288,34.73,35.935,33.524
05/02/2019,0.6026234313400042,34.62,35.825,33.414
05/01/2019,0.5695875700890959,34.55,35.689,33.41
04/30/2019,0.5412300804648615,34.48,35.562,33.397
04/29/2019,0.5078730156249696,34.42,35.435,33.404
04/26/2019,0.49049974515793654,34.4,35.38,33.419
04/25/2019,0.46146505826552053,34.36,35.282,33.437
04/24/2019,0.5771091751133406,34.25,35.404,33.095
04/23/2019,0.7114281411358426,34.16,35.582,32.737
04/22/2019,0.8374574616062601,34.1,35.774,32.425
04/18/2019,0.8894436463317956,34.05,35.828,32.271
04/17/2019,0.9747332968561195,34.0,35.949,32.05
04/16/2019,1.0403941560773977,33.86,35.94,31.779
04/15/2019,1.0293541664558417,33.84,35.898,31.781
04/12/2019,1.1374796701479992,33.94,36.214,31.665
04/11/2019,1.1676193729122522,33.95,36.285,31.614
04/10/2019,1.2267762632199894,34.0,36.453,31.546
04/09/2019,1.2845485588330248,34.08,36.649,31.51
04/08/2019,1.4742065662586097,34.26,37.208,31.311
04/05/2019,1.5005998800479765,34.21,37.211,31.208
04/04/2019,1.5447329866355546,34.35,37.439,31.26
04/03/2019,1.6162255411915756,34.48,37.712,31.247
04/02/2019,1.656687960963078,34.6,37.913,31.286
04/01/2019,1.6706645384397196,34.69,38.031,31.348
03/29/2019,1.6746357812969368,34.72,38.069,31.37
03/28/2019,1.7182476538613407,34.71,38.146,31.273
03/27/2019,1.8547776147020971,34.6,38.309,30.89
03/26/2019,1.8745346089096355,34.59,38.339,30.84
03/25/2019,2.2482971333878448,34.44,38.936,29.943
03/22/2019,2.5933337617823122,34.17,39.356,28.983
03/21/2019,2.858362293342116,33.95,39.666,28.233
03/20/2019,2.9700774400678513,33.96,39.9,28.019
03/19/2019,3.1861504986425233,33.74,40.112,27.367
03/18/2019,3.340434103526067,33.39,40.07,26.709
03/15/2019,3.455030390604401,33.02,39.93,26.109
03/14/2019,3.5460710652777396,32.66,39.752,25.567
03/13/2019,3.6932709080163617,32.35,39.736,24.963
03/12/2019,3.606204375794584,31.86,39.072,24.647
03/11/2019,3.560127104472536,31.36,38.48,24.239
03/08/2019,3.479722690100463,30.94,37.899,23.98
03/07/2019,3.2315367861127626,30.53,36.993,24.066
03/06/2019,2.9367992781257626,30.13,36.003,24.256
03/05/2019,2.5974391234444747,29.79,34.984,24.595
03/04/2019,2.2230103463546897,29.47,33.916,25.023
03/01/2019,1.38899604031113,29.07,31.847,26.292
02/28/2019,1.086393114852998,28.9,31.072,26.727
02/27/2019,0.7512156814124684,28.72,30.222,27.217
02/26/2019,0.7192322295336878,28.73,30.168,27.291
02/25/2019,0.7215296251714128,28.74,30.183,27.296
02/22/2019,0.7203401974067527,28.72,30.16,27.279
02/21/2019,0.7238024592387066,28.7,30.147,27.252
02/20/2019,0.7311566179690911,28.68,30.142,27.217
02/19/2019,0.7365086557536167,28.67,30.143,27.196
02/15/2019,0.7356765593655947,28.68,30.151,27.208
02/14/2019,0.7547251155222008,28.64,30.149,27.13
02/13/2019,0.7546456121915766,28.64,30.149,27.13
02/12/2019,0.8288727284692141,28.58,30.237,26.922
02/11/2019,0.8481921952010641,28.58,30.276,26.883
02/08/2019,0.9739943531663825,28.55,30.497,26.602
02/07/2019,1.076752060597053,28.44,30.593,26.286
02/06/2019,1.1681844888543933,28.38,30.716,26.043
02/05/2019,1.139124663941572,28.29,30.568,26.011
02/04/2019,1.169057312538611,28.26,30.598,25.921
02/01/2019,1.1107902592298873,28.1,30.321,25.878
01/31/2019,1.1506867514662713,27.86,30.161,25.558
01/30/2019,1.1711532777565883,27.74,30.082,25.397
01/29/2019,1.0264696780713984,27.54,29.592,25.487
01/28/2019,1.0470816587067127,27.37,29.464,25.275
01/25/2019,1.1041082374477607,27.22,29.428,25.011
01/24/2019,1.1833279342599836,27.09,29.456,24.723
01/23/2019,1.1845822048300407,26.82,29.189,24.45
01/22/2019,1.3679967105223607,26.58,29.315,23.844
01/18/2019,1.4502189489866693,26.32,29.22,23.419
01/17/2019,1.4640901611581163,26.06,28.988,23.131
01/16/2019,1.5145197258537106,25.81,28.839,22.78
01/15/2019,1.5311678549394903,25.52,28.582,22.457
01/14/2019,1.601663198053823,25.29,28.493,22.086
01/11/2019,1.7459596215262252,25.12,28.611,21.628
01/10/2019,1.8389195197180326,24.91,28.587,21.232
01/09/2019,1.9830027735734512,24.76,28.726,20.793
01/08/2019,1.9177773593407552,24.49,28.325,20.654
01/07/2019,1.7257230368746894,24.18,27.631,20.728
01/04/2019,1.5301519532386318,23.91,26.97,20.849
01/03/2019,1.5414992701911996,23.77,26.852,20.687
01/02/2019,1.4064778704266911,23.6,26.412,20.787
12/31/2018,1.1778561032655903,23.41,25.765,21.054
12/28/2018,1.041227640816359,23.23,25.312,21.147
12/27/2018,0.8881441324469811,23.07,24.846,21.293
12/26/2018,0.6329020461335233,22.91,24.175,21.644
12/24/2018,0.4408401070683114,22.76,23.641,21.878
12/21/2018,0.4747420352149157,22.75,23.699,21.8
12/20/2018,0.4141074739726392,22.71,23.538,21.881
12/19/2018,0.3603886790674756,22.67,23.39,21.949
12/18/2018,0.3311495130601885,22.64,23.302,21.977
12/17/2018,0.46913217753635295,22.55,23.488,21.611
12/14/2018,0.5132104831353312,22.46,23.486,21.433
12/13/2018,0.5158827386141157,22.45,23.481,21.418
12/12/2018,0.5087976021956079,22.47,23.487,21.452
12/11/2018,0.5238415791057445,22.48,23.527,21.432
12/10/2018,0.5209078613344207,22.46,23.501,21.418
12/07/2018,0.5923596880274684,22.4,23.584,21.215
12/06/2018,0.6193585391354509,22.38,23.618,21.141
12/04/2018,0.8204876598706403,22.56,24.2,20.919
12/03/2018,2.8626325296831245,23.18,28.905,17.454
11/30/2018,3.8618933180500994,23.73,31.453,16.006
11/29/2018,4.645384268281797,24.39,33.68,15.099
11/28/2018,5.073330759964306,24.96,35.106,14.813
11/27/2018,5.25003523797698,25.4,35.9,14.899
11/26/2018,5.378414729267352,25.88,36.636,15.123
11/23/2018,5.541823255933015,26.42,37.503,15.336
11/21/2018,5.761132701127444,27.05,38.572,15.527
11/20/2018,6.0323801272797795,27.66,39.724,15.595
11/19/2018,6.403376843509993,28.33,41.136,15.523
11/16/2018,6.438961872848759,29.19,42.067,16.312
11/15/2018,6.402150810469869,29.99,42.794,17.185
11/14/2018,6.3406021007472155,30.83,43.511,18.148
11/13/2018,6.283779515546357,31.64,44.207,19.072
11/12/2018,6.105140047533717,32.59,44.8,20.379
11/09/2018,5.921436481125167,33.41,45.252,21.567
11/08/2018,5.150975635741252,34.44,44.741,24.138
11/07/2018,4.320735469801408,35.35,43.991,26.708
11/06/2018,4.146399643063847,36.28,44.572,27.987
11/05/2018,3.9776136061714187,37.49,45.445,29.534
11/02/2018,4.356180666593157,38.12,46.832,29.407
11/01/2018,4.639902477423421,38.51,47.789,29.23
10/31/2018,4.786581243434608,38.88,48.453,29.306
10/30/2018,4.603284153731985,39.42,48.626,30.213
10/29/2018,4.180306806922189,40.09,48.45,31.729
10/26/2018,3.793862148260002,40.58,48.167,32.992
10/25/2018,3.4283392480908295,40.97,47.826,34.113
10/24/2018,3.1595047080199135,41.45,47.769,35.13
10/23/2018,3.1347591614029935,41.51,47.779,35.24
10/22/2018,3.0179347242775147,41.63,47.665,35.594
10/19/2018,2.8180525190279897,41.79,47.426,36.153
10/18/2018,2.7553012539466533,41.84,47.35,36.329
10/17/2018,2.768169069981095,41.85,47.386,36.313
10/16/2018,2.9081824220636503,41.71,47.526,35.893
10/15/2018,3.066472729374908,41.55,47.682,35.417
10/12/2018,3.3299384378693846,41.72,48.379,35.06
10/11/2018,3.3478478161350163,41.48,48.175,34.784
