05/23/2023,0.6303659651345399,2.39,3.65,1.129
05/22/2023,0.6554816931082057,2.36,3.67,1.049
05/19/2023,0.6813781989468111,2.33,3.692,0.967
05/18/2023,0.688480210681469,2.28,3.656,0.903
05/17/2023,0.7080437634779364,2.23,3.646,0.813
05/16/2023,0.6967535227754503,2.17,3.563,0.776
05/15/2023,0.6985967155662843,2.1,3.497,0.702
05/12/2023,0.6680550658441263,2.0,3.336,0.663
05/11/2023,0.6544710226587577,1.93,3.238,0.621
05/10/2023,0.6472704006054966,1.88,3.174,0.585
05/09/2023,0.6024474014384991,1.81,3.014,0.605
05/08/2023,0.5246599103228681,1.74,2.789,0.69
05/05/2023,0.3207299822280418,1.63,2.271,0.988
05/04/2023,0.229480329222354,1.58,2.038,1.121
05/03/2023,0.1570801833459587,1.55,1.864,1.235
05/02/2023,0.19971009363574993,1.56,1.959,1.16
05/01/2023,0.22302415003761367,1.59,2.036,1.143
04/28/2023,0.23566410842553012,1.62,2.091,1.148
04/27/2023,0.24682191251993818,1.65,2.143,1.156
04/26/2023,0.23684014967906097,1.71,2.183,1.236
04/25/2023,0.24524750967135223,1.75,2.24,1.259
04/24/2023,0.26794839241913726,1.77,2.305,1.234
04/21/2023,0.2993886111728367,1.81,2.408,1.211
04/20/2023,0.2955581499468421,1.83,2.421,1.238
04/19/2023,0.3083092927564785,1.83,2.446,1.213
04/18/2023,0.29673697528282517,1.85,2.443,1.256
04/17/2023,0.2752038017542635,1.86,2.41,1.309
04/14/2023,0.2527159363791686,1.92,2.425,1.414
04/13/2023,0.23355969686570494,1.95,2.417,1.482
04/12/2023,0.2227710304325946,1.99,2.435,1.544
04/11/2023,0.20797025388261658,2.05,2.465,1.634
04/10/2023,0.20911127779247105,2.06,2.478,1.641
04/06/2023,0.22767943802636198,2.12,2.575,1.664
04/05/2023,0.26188790827374986,2.16,2.683,1.636
04/03/2023,0.29559547865283736,2.2,2.791,1.608
03/31/2023,0.3363505418458547,2.25,2.922,1.577
03/30/2023,0.38883375239297324,2.3,3.077,1.522
03/29/2023,0.41242187381369577,2.36,3.184,1.535
03/28/2023,0.4287297540409343,2.4,3.257,1.542
03/27/2023,0.44479053216092634,2.44,3.329,1.55
03/24/2023,0.44297304376225877,2.49,3.375,1.604
03/23/2023,0.4603579232510287,2.5,3.42,1.579
03/22/2023,0.4764269802393647,2.56,3.512,1.607
03/21/2023,0.4735638098503728,2.62,3.567,1.672
03/20/2023,0.4702108564250724,2.66,3.6,1.719
03/17/2023,0.36241516248633976,2.74,3.464,2.015
03/16/2023,0.3212601663761009,2.8,3.442,2.157
03/15/2023,0.2919375695247188,2.84,3.423,2.256
03/14/2023,0.27357648747653734,2.88,3.427,2.332
03/13/2023,0.2694078729361858,2.94,3.478,2.401
03/10/2023,0.2582135743914328,3.03,3.546,2.513
03/09/2023,0.2932629579404804,3.09,3.676,2.503
03/08/2023,0.31205424207980254,3.15,3.774,2.525
03/07/2023,0.3168747883628485,3.2,3.833,2.566
03/06/2023,0.3192689015547866,3.24,3.878,2.601
03/03/2023,0.3247108429048836,3.25,3.899,2.6
03/02/2023,0.3370194823745357,3.25,3.924,2.575
03/01/2023,0.32572477876268485,3.26,3.911,2.608
02/28/2023,0.31723198372799677,3.27,3.904,2.635
02/27/2023,0.3039656748713578,3.29,3.897,2.682
02/24/2023,0.29663973351525247,3.29,3.883,2.696
02/23/2023,0.29649642746582966,3.29,3.882,2.697
02/22/2023,0.31055616480759163,3.29,3.911,2.668
02/21/2023,0.28757031661838817,3.32,3.895,2.744
02/17/2023,0.27698445172969544,3.34,3.893,2.786
02/16/2023,0.2600800684404709,3.36,3.88,2.839
02/15/2023,0.2518787247863543,3.37,3.873,2.866
02/14/2023,0.24572727158376217,3.42,3.911,2.928
02/13/2023,0.24506344484643156,3.41,3.9,2.919
02/10/2023,0.24828453938978967,3.42,3.916,2.923
02/09/2023,0.21886912070915812,3.38,3.817,2.942
02/08/2023,0.22705658435729192,3.37,3.824,2.915
02/07/2023,0.19504576514244037,3.33,3.72,2.939
02/06/2023,0.1718567732153726,3.32,3.663,2.976
02/03/2023,0.1673369370461884,3.31,3.644,2.975
02/02/2023,0.18807086696242992,3.3,3.676,2.923
02/01/2023,0.20988293999274932,3.34,3.759,2.92
01/31/2023,0.21167699567973847,3.36,3.783,2.936
01/30/2023,0.21185242623109138,3.39,3.813,2.966
01/27/2023,0.22152618468253363,3.43,3.873,2.986
01/26/2023,0.20216169394818595,3.48,3.884,3.075
01/25/2023,0.20803233042005756,3.49,3.906,3.073
01/24/2023,0.20622936381611615,3.5,3.912,3.087
01/23/2023,0.2516731024563412,3.48,3.983,2.976
01/20/2023,0.26545837809344053,3.46,3.99,2.929
01/19/2023,0.2670422410406264,3.48,4.014,2.945
01/18/2023,0.3073973007363598,3.5,4.114,2.885
01/17/2023,0.5672779746297225,3.62,4.754,2.485
01/13/2023,0.5960034819529161,3.58,4.772,2.387
01/12/2023,0.5933491914547454,3.59,4.776,2.403
01/11/2023,0.5845765668413335,3.6,4.769,2.43
01/10/2023,0.5747643103916596,3.66,4.809,2.51
01/09/2023,0.5770857496940988,3.67,4.824,2.515
01/06/2023,0.5692871968523445,3.7,4.838,2.561
01/05/2023,0.5721107082549671,3.73,4.874,2.585
01/04/2023,0.5765205763890826,3.73,4.883,2.576
01/03/2023,0.5748295182051806,3.74,4.889,2.59
12/30/2022,0.5741254000651774,3.76,4.908,2.611
12/29/2022,0.5734485373597181,3.75,4.896,2.603
12/28/2022,0.5751577826996693,3.74,4.89,2.589
12/27/2022,0.5733024725221408,3.75,4.896,2.603
12/23/2022,0.6127125957575869,3.72,4.945,2.494
12/22/2022,0.5639227229860488,3.8,4.927,2.672
12/21/2022,0.5082715317623051,3.89,4.906,2.873
12/20/2022,0.5062797151772921,3.91,4.922,2.897
12/19/2022,0.5149051004796903,3.91,4.939,2.88
12/16/2022,0.5622364938351121,3.74,4.864,2.615
12/15/2022,0.23804017518057746,3.88,4.356,3.403
12/14/2022,0.24025374606860972,3.91,4.39,3.429
12/13/2022,0.22395194797098777,4.0,4.447,3.552
12/12/2022,0.2533494128668942,4.0,4.506,3.493
12/09/2022,0.3051359123407142,4.05,4.66,3.439
12/08/2022,0.30453454237573774,4.11,4.719,3.5
12/07/2022,0.3266106627163296,4.14,4.793,3.486
12/06/2022,0.3634367551583081,4.16,4.886,3.433
12/05/2022,0.4042824198502823,4.23,5.038,3.421
12/02/2022,0.41792137418418784,4.29,5.125,3.454
12/01/2022,0.4707779598706804,4.37,5.311,3.428
11/30/2022,0.49067244675037536,4.44,5.421,3.458
11/29/2022,0.5710726748847295,4.53,5.672,3.387
11/28/2022,0.5562755162686921,4.58,5.692,3.467
11/25/2022,0.494759032257118,4.65,5.639,3.66
11/23/2022,0.5340008426959643,4.71,5.778,3.641
11/22/2022,0.5280920966081579,4.81,5.866,3.753
11/21/2022,0.5471562505354388,4.87,5.964,3.775
11/18/2022,0.5648281707740859,4.91,6.039,3.78
11/17/2022,0.46220420270698526,4.99,5.914,4.065
11/16/2022,0.4111918347924725,5.04,5.862,4.217
11/15/2022,0.40301014255226875,5.05,5.856,4.243
11/14/2022,0.37412726778464034,5.08,5.828,4.331
11/11/2022,0.40447042537125016,5.05,5.858,4.241
11/10/2022,0.4618415177309203,5.02,5.943,4.096
11/09/2022,0.4989472792790837,4.99,5.987,3.992
11/08/2022,0.5482666208150921,4.95,6.046,3.853
11/07/2022,0.5697164974792287,4.9,6.039,3.76
11/04/2022,0.650171986861938,4.88,6.18,3.579
11/03/2022,0.6768423653259302,4.79,6.143,3.436
11/02/2022,0.7150132166610629,4.75,6.18,3.319
11/01/2022,0.6426586185526496,4.61,5.895,3.324
10/31/2022,0.6685764354208127,4.53,5.867,3.192
10/28/2022,0.7202303537757904,4.5,5.94,3.059
10/27/2022,0.725121955259941,4.43,5.88,2.979
10/26/2022,0.6639916415136563,4.31,5.637,2.982
10/25/2022,0.5920718284127358,4.25,5.434,3.065
10/24/2022,0.4984035513517133,4.16,5.156,3.163
10/21/2022,0.4317024872525058,4.1,4.963,3.236
10/20/2022,0.5345067703032395,4.15,5.219,3.08
10/19/2022,0.6115613521961636,4.18,5.403,2.956
10/18/2022,0.7437200750282327,4.24,5.727,2.752
10/17/2022,0.8834979555720545,4.31,6.076,2.543
10/14/2022,1.0094644495969138,4.47,6.488,2.451
10/13/2022,1.1807662819118778,4.62,6.981,2.258
10/12/2022,1.3460587886492923,4.83,7.522,2.137
10/11/2022,1.4361285457785455,4.95,7.822,2.077
10/10/2022,1.4701876410853139,5.1,8.04,2.159
10/07/2022,1.4839861395916067,5.29,8.257,2.322
10/06/2022,1.5077919825028916,5.42,8.435,2.404
10/05/2022,1.5549408710623052,5.55,8.659,2.44
10/04/2022,1.4736537966903895,5.69,8.637,2.742
10/03/2022,1.3554852129403698,5.84,8.55,3.129
09/30/2022,1.2706351266197546,5.99,8.531,3.448
09/29/2022,1.1407349056638882,6.17,8.451,3.888
09/28/2022,1.0782205943126852,6.31,8.466,4.153
09/27/2022,0.9335929319034073,6.49,8.357,4.622
09/26/2022,0.5859669465934063,6.7,7.871,5.528
09/23/2022,0.5244010035268811,6.76,7.808,5.711
09/22/2022,0.45194619425325394,6.82,7.723,5.916
09/21/2022,0.4239310232809106,6.84,7.687,5.992
09/20/2022,0.4166009181458917,6.85,7.683,6.016
09/19/2022,0.4574267427687192,6.97,7.884,6.055
09/16/2022,0.540546448050489,7.03,8.111,5.948
09/15/2022,0.5356579832318379,7.01,8.081,5.938
09/14/2022,0.5719236618640638,7.05,8.193,5.906
09/13/2022,0.6346059210250091,7.13,8.399,5.86
09/12/2022,0.7024952490942554,7.18,8.584,5.775
09/09/2022,0.8232156537019932,7.31,8.956,5.663
09/08/2022,0.8903658658102298,7.34,9.12,5.559
09/07/2022,0.903421385622457,7.43,9.236,5.623
09/06/2022,0.8243098856012829,7.58,9.228,5.931
09/02/2022,0.816915746879689,7.66,9.293,6.026
09/01/2022,0.8192557216766937,7.75,9.388,6.111
08/31/2022,0.8002757259220101,7.83,9.43,6.229
08/30/2022,0.8117974655047897,7.84,9.463,6.216
08/29/2022,0.7481749711798705,7.93,9.426,6.433
08/26/2022,0.7608580518073,7.95,9.471,6.428
08/25/2022,0.6665830968453972,8.05,9.383,6.716
08/24/2022,0.6132900516884324,8.12,9.346,6.893
08/23/2022,0.3173259168426054,8.27,8.904,7.635
08/22/2022,0.3201282360242535,8.27,8.91,7.629
08/19/2022,0.28531289841155116,8.3,8.87,7.729
08/18/2022,0.3230269919062494,8.26,8.906,7.613
08/17/2022,0.3361483861332672,8.27,8.942,7.597
08/16/2022,0.3627450034114876,8.25,8.975,7.524
08/15/2022,0.3985014742758175,8.22,9.017,7.422
08/12/2022,0.3181975015615302,8.12,8.756,7.483
08/11/2022,0.30473691522360724,8.07,8.679,7.46
08/10/2022,0.3925768555327734,8.0,8.785,7.214
08/09/2022,0.4360301595073441,7.92,8.792,7.047
08/08/2022,0.4947385546932844,7.88,8.869,6.89
08/05/2022,0.45159416238476763,7.76,8.663,6.856
08/04/2022,0.5056820147088483,7.71,8.721,6.698
08/03/2022,0.5225187676055281,7.63,8.675,6.584
08/02/2022,0.5898544311946804,7.57,8.749,6.39
08/01/2022,0.6357232888608061,7.47,8.741,6.198
07/29/2022,0.6372704782900271,7.36,8.634,6.085
07/28/2022,0.6709681717488543,7.28,8.621,5.938
07/27/2022,0.6122079609903811,7.17,8.394,5.945
07/26/2022,0.5966608018799291,7.11,8.303,5.916
07/25/2022,0.5842674473218581,7.04,8.208,5.871
07/22/2022,0.4878122333439374,6.97,7.945,5.994
07/21/2022,0.5510138156162693,7.01,8.112,5.907
07/20/2022,0.5215255626524936,6.98,8.023,5.936
07/19/2022,0.5373367659112859,6.99,8.064,5.915
07/18/2022,0.558904363464806,7.01,8.127,5.892
07/15/2022,0.5202437289386581,6.95,7.99,5.909
07/14/2022,0.6114638480728032,7.04,8.262,5.817
07/13/2022,0.7132410269326912,7.12,8.546,5.693
07/12/2022,0.7503584560061944,7.19,8.69,5.689
07/11/2022,0.7646667574832843,7.25,8.779,5.72
07/08/2022,0.8372937581876506,7.31,8.984,5.635
07/07/2022,0.8433761542158992,7.37,9.056,5.683
07/06/2022,0.9388905820168822,7.51,9.387,5.632
07/05/2022,0.9189053882201366,7.61,9.447,5.772
07/01/2022,0.8634131470507036,7.68,9.406,5.953
06/30/2022,0.7818107027919227,7.79,9.353,6.226
06/29/2022,0.73148926000318,7.88,9.342,6.417
06/28/2022,0.6471787330405719,7.95,9.244,6.655
06/27/2022,0.5234837270632201,8.05,9.096,7.003
06/24/2022,0.46620930117276715,8.11,9.042,7.177
06/23/2022,0.4853389665996332,8.08,9.05,7.109
06/22/2022,0.4314843131563417,8.14,9.002,7.277
06/21/2022,0.4720346518000558,8.16,9.104,7.215
06/17/2022,0.46985213099442247,8.23,9.169,7.29
06/16/2022,0.4498255356246463,8.32,9.219,7.42
06/15/2022,0.48456605586854706,8.37,9.339,7.4
06/14/2022,0.5138853714594335,8.39,9.417,7.362
06/13/2022,0.5383933274103608,8.38,9.456,7.303
06/10/2022,0.5220984342056582,8.47,9.514,7.425
06/09/2022,0.5529389319807387,8.44,9.545,7.334
06/08/2022,0.6055156996313144,8.6,9.811,7.388
06/07/2022,0.6950594848644251,8.59,9.98,7.199
06/06/2022,0.8229060016186539,8.67,10.315,7.024
06/03/2022,0.8013948153064132,8.84,10.442,7.237
06/02/2022,0.8656099727937521,8.95,10.681,7.218
06/01/2022,0.9919954321971448,9.09,11.073,7.106
05/31/2022,1.0925818275991963,9.28,11.465,7.094
05/27/2022,1.1087406313020192,9.41,11.627,7.192
05/26/2022,1.0855892869773542,9.54,11.711,7.368
05/25/2022,1.0679818818687892,9.69,11.825,7.554
05/24/2022,0.9208709125061993,9.88,11.721,8.038
05/23/2022,0.9086184842936006,9.96,11.777,8.142
05/20/2022,0.9044601981292488,10.05,11.858,8.241
05/19/2022,0.8512922896984326,10.17,11.872,8.467
05/18/2022,0.820528175933039,10.26,11.901,8.618
05/17/2022,0.7971669680813425,10.36,11.954,8.765
05/16/2022,0.733397768949429,10.44,11.906,8.973
05/13/2022,0.6678746420549294,10.53,11.865,9.194
05/12/2022,0.497351711568383,10.67,11.664,9.675
05/11/2022,0.36677288612982273,10.81,11.543,10.076
05/10/2022,0.3548454417066674,10.83,11.539,10.12
05/09/2022,0.4157664157913669,10.81,11.641,9.978
05/06/2022,0.32656465669144297,10.88,11.533,10.226
05/05/2022,0.26982721323098596,10.94,11.479,10.4
05/04/2022,0.3348662606175784,10.99,11.659,10.32
05/03/2022,0.22131369139752738,10.91,11.352,10.467
05/02/2022,0.23192951515492805,10.93,11.393,10.466
04/29/2022,0.21889438092376892,10.97,11.407,10.532
04/28/2022,0.23084407616397712,10.99,11.451,10.528
04/27/2022,0.2170391381755835,11.02,11.454,10.585
04/26/2022,0.2476192641940446,11.08,11.575,10.584
04/25/2022,0.24695576526981514,11.1,11.593,10.606
04/22/2022,0.2513941874825272,11.12,11.622,10.617
04/21/2022,0.2590753510081575,11.15,11.668,10.631
04/20/2022,0.27421102731290736,11.18,11.728,10.631
04/19/2022,0.263583335967963,11.25,11.777,10.722
04/18/2022,0.3208572501907976,11.27,11.911,10.628
04/14/2022,0.3257768791673223,11.36,12.011,10.708
04/13/2022,0.42037967957550004,11.36,12.2,10.519
04/12/2022,0.4209781318548508,11.42,12.261,10.578
04/11/2022,0.42170800027981453,11.52,12.363,10.676
04/08/2022,0.44253104410877225,11.57,12.455,10.684
04/07/2022,0.5791047185095284,11.7,12.858,10.541
04/06/2022,0.7310962145983251,11.82,13.282,10.357
04/05/2022,0.8206824218295405,12.02,13.661,10.378
04/04/2022,0.8525041202246473,12.06,13.765,10.354
04/01/2022,0.8273590741026534,12.17,13.824,10.515
03/31/2022,0.8332987759501391,12.26,13.926,10.593
03/30/2022,0.7880203281007414,12.33,13.906,10.753
03/29/2022,0.8132691666969799,12.42,14.046,10.793
03/28/2022,0.8017154108535024,12.54,14.143,10.936
03/25/2022,0.7659209081230255,12.58,14.111,11.048
03/24/2022,0.7512861222596887,12.69,14.192,11.187
03/23/2022,0.6888383972311647,12.75,14.127,11.372
03/22/2022,0.6778062684130327,12.76,14.115,11.404
03/21/2022,0.6527475296774398,12.8,14.105,11.494
03/18/2022,0.695517828671559,12.81,14.201,11.418
03/17/2022,0.7165240749618955,12.73,14.163,11.296
03/16/2022,0.7180537932495031,12.73,14.166,11.293
03/15/2022,0.7232273155792721,12.73,14.176,11.283
03/14/2022,0.7935584808317533,12.84,14.427,11.252
03/11/2022,0.7633899396769649,12.76,14.286,11.233
03/10/2022,0.7153899286403186,12.66,14.09,11.229
03/09/2022,0.6762048598612702,12.61,13.962,11.257
03/08/2022,0.585968237193792,12.54,13.711,11.368
03/07/2022,0.6055124482618008,12.53,13.741,11.318
03/04/2022,0.5632916429346347,12.42,13.546,11.293
03/03/2022,0.680765368904735,12.47,13.831,11.108
03/02/2022,0.6258535871112348,12.39,13.641,11.138
03/01/2022,0.48080310419131034,12.31,13.271,11.348
02/28/2022,0.5637650330589865,12.32,13.447,11.192
02/25/2022,0.41372925929888016,12.18,13.007,11.352
02/24/2022,0.4037151223325675,12.07,12.877,11.262
02/23/2022,0.3760829695692161,12.19,12.942,11.437
02/22/2022,0.46680772272960525,12.16,13.093,11.226
02/18/2022,0.49987328394304087,12.24,13.239,11.24
02/17/2022,0.44861217939329284,12.29,13.187,11.392
02/16/2022,0.445388019035088,12.32,13.21,11.429
02/15/2022,0.44819603690795834,12.32,13.216,11.423
02/14/2022,0.5150782464829979,12.36,13.39,11.329
02/11/2022,0.687841560608255,12.46,13.835,11.084
02/10/2022,0.7990997121761463,12.6,14.198,11.001
02/09/2022,0.888805539755463,12.71,14.487,10.932
02/08/2022,1.006403808120776,12.77,14.782,10.757
02/07/2022,1.0477890233725489,12.95,15.045,10.854
02/04/2022,1.099508179824052,13.01,15.209,10.81
02/03/2022,1.1310129309605614,13.14,15.402,10.877
02/02/2022,1.1421571695699326,13.32,15.604,11.035
02/01/2022,1.2235455447182992,13.42,15.867,10.972
01/31/2022,1.3346164570767138,13.61,16.279,10.94
01/28/2022,1.341451764880124,13.82,16.502,11.137
01/27/2022,1.2192230107736646,14.0,16.438,11.561
01/26/2022,1.1946765043307748,14.22,16.609,11.83
01/25/2022,1.2078804938817416,14.36,16.775,11.944
01/24/2022,1.4084425263389342,14.44,17.256,11.623
01/21/2022,1.2874939417333189,14.71,17.284,12.135
01/20/2022,1.251805146578332,14.9,17.403,12.396
01/19/2022,0.9261181012700268,15.17,17.022,13.317
01/18/2022,0.8462978568447399,15.22,16.912,13.527
01/14/2022,0.8104692776410465,15.29,16.91,13.669
01/13/2022,0.7748795067621803,15.35,16.899,13.8
01/12/2022,0.7860300566772238,15.33,16.902,13.757
01/11/2022,0.7961121152199605,15.32,16.912,13.727
01/10/2022,0.7895868460783776,15.34,16.919,13.76
01/07/2022,0.7511042371069409,15.42,16.922,13.917
01/06/2022,0.7272971280707767,15.49,16.944,14.035
01/05/2022,0.7437217977846284,15.57,17.057,14.082
01/04/2022,0.7582582755895249,15.7,17.216,14.183
01/03/2022,0.7407085206071279,15.63,17.111,14.148
12/31/2021,0.7426333971078866,15.6,17.085,14.114
12/30/2021,0.716863480726979,15.69,17.123,14.256
12/29/2021,0.7069612789962402,15.65,17.063,14.236
12/28/2021,0.7628717126752046,15.74,17.265,14.214
12/27/2021,0.9957606389087691,15.85,17.841,13.858
12/23/2021,1.2643469658286053,15.99,18.518,13.461
12/22/2021,1.5789636632931108,16.12,19.277,12.962
12/21/2021,1.758804210251954,16.23,19.747,12.712
12/20/2021,1.7993373224606883,16.55,20.148,12.951
12/17/2021,1.9507820995692982,16.79,20.691,12.888
12/16/2021,2.2885510263046354,17.14,21.717,12.562
12/15/2021,2.4920904477967887,17.55,22.534,12.565
12/14/2021,2.624047446217389,17.98,23.228,12.731
12/13/2021,2.7381791395012853,18.4,23.876,12.923
12/10/2021,2.845856637288674,18.83,24.521,13.138
12/09/2021,2.905744310843609,19.17,24.981,13.358
12/08/2021,3.0367046283759636,19.58,25.653,13.506
12/07/2021,3.2328779748082046,20.0,26.465,13.534
12/06/2021,3.3140420938787125,20.5,27.128,13.871
12/03/2021,3.351175167012313,21.05,27.752,14.347
12/02/2021,3.2021086802293266,21.56,27.964,15.155
12/01/2021,2.973482806407328,22.17,28.116,16.223
11/30/2021,2.6586838849325436,22.68,27.997,17.362
11/29/2021,2.470040485498163,23.07,28.01,18.129
11/26/2021,2.377146398520714,23.24,27.994,18.485
11/24/2021,2.3150000000000004,23.44,28.07,18.809
11/23/2021,2.0700422700998162,23.69,27.83,19.549
11/22/2021,1.7861200967460167,24.04,27.612,20.467
11/19/2021,1.5823953361913072,24.49,27.654,21.325
11/18/2021,1.5207892687680302,24.74,27.781,21.698
11/17/2021,1.518099140372591,24.95,27.986,21.913
11/16/2021,1.3935566009315874,25.16,27.947,22.372
11/15/2021,1.3165864954495015,25.29,27.923,22.656
11/12/2021,1.2788862341897342,25.34,27.897,22.782
11/11/2021,1.0449282272003182,25.55,27.639,23.46
11/10/2021,1.0011618250812402,25.66,27.662,23.657
11/09/2021,1.0043032410581976,25.67,27.678,23.661
11/08/2021,1.0249268266564204,25.69,27.739,23.64
11/05/2021,0.9839334327077213,25.6,27.567,23.632
11/04/2021,1.0380149324552126,25.69,27.766,23.613
11/03/2021,0.9532706855872575,25.54,27.446,23.633
11/02/2021,0.9732676918504999,25.5,27.446,23.553
11/01/2021,0.97934927375273,25.48,27.438,23.521
10/29/2021,0.9349197826551753,25.49,27.359,23.62
10/28/2021,0.9462029380635002,25.49,27.382,23.597
10/27/2021,0.8737133397173241,25.55,27.297,23.802
10/26/2021,0.9820132381999747,25.62,27.584,23.655
10/25/2021,0.7912806076228587,25.48,27.062,23.897
10/22/2021,0.7446979253361731,25.43,26.919,23.94
10/21/2021,0.5834166607151361,25.33,26.496,24.163
10/20/2021,0.5948739362251468,25.33,26.519,24.14
10/19/2021,0.5972018084366456,25.28,26.474,24.085
10/18/2021,0.608337899526242,25.42,26.636,24.203
10/15/2021,0.6211481304809668,25.43,26.672,24.187
10/14/2021,0.6371028174478591,25.41,26.684,24.135
10/13/2021,0.6439138141086895,25.4,26.687,24.112
10/12/2021,0.6476109943476872,25.44,26.735,24.144
10/11/2021,0.7694153624668539,25.55,27.088,24.011
10/08/2021,0.981873209737388,25.66,27.623,23.696
10/07/2021,1.2968519576266215,25.81,28.403,23.216
10/06/2021,1.4890097380474043,26.04,29.018,23.061
10/05/2021,1.7823369490643455,26.36,29.924,22.795
10/04/2021,2.3346627165395866,26.78,31.449,22.11
10/01/2021,2.696196394923782,27.19,32.582,21.797
09/30/2021,3.212032067087749,27.81,34.234,21.385
09/29/2021,3.3073252032420397,28.28,34.894,21.665
09/28/2021,3.3821295066865784,28.67,35.434,21.905
09/27/2021,3.404199612243677,29.03,35.838,22.221
09/24/2021,3.39486744954792,29.38,36.169,22.59
09/23/2021,3.3932764402565256,29.62,36.406,22.833
09/22/2021,3.3164853384268107,29.99,36.622,23.357
09/21/2021,3.228827186456407,30.22,36.677,23.762
09/20/2021,3.081071242279217,30.41,36.572,24.247
09/17/2021,3.0341226079379187,30.53,36.598,24.461
09/16/2021,2.640288809960001,30.85,36.13,25.569
09/15/2021,2.2098812185273666,31.19,35.609,26.77
09/14/2021,1.9785853532258848,31.37,35.327,27.412
09/13/2021,1.7940387398269857,31.51,35.098,27.921
09/10/2021,1.7405171645232342,31.56,35.041,28.078
09/09/2021,1.6304370579694265,31.72,34.98,28.459
09/08/2021,1.6437913492898053,31.79,35.077,28.502
09/07/2021,1.6396798467993676,31.79,35.069,28.51
09/03/2021,1.8353473785635237,31.91,35.58,28.239
09/02/2021,1.3020464661447377,31.57,34.174,28.965
09/01/2021,1.2755391017134674,31.46,34.011,28.908
08/31/2021,1.1834589135242506,31.28,33.646,28.913
08/30/2021,1.0990791600244267,31.16,33.358,28.961
08/27/2021,1.0313256093494432,31.0,33.062,28.937
08/26/2021,1.1269760423363044,30.98,33.233,28.726
08/25/2021,0.9221171292194935,30.77,32.614,28.925
08/24/2021,0.9421119890968377,30.68,32.564,28.795
08/23/2021,0.9551570551485237,30.67,32.58,28.759
08/20/2021,0.9374699995199846,30.72,32.594,28.845
08/19/2021,0.9485383492510991,30.71,32.607,28.812
08/18/2021,0.9634054182949149,30.68,32.606,28.753
08/17/2021,1.0054227966383098,30.77,32.78,28.759
08/16/2021,1.0912721933596585,30.95,33.132,28.767
08/13/2021,1.0570477756468721,31.02,33.134,28.905
08/12/2021,1.1943617542436629,30.9,33.288,28.511
08/11/2021,1.3603584086556013,30.89,33.61,28.169
08/10/2021,1.3661350592090078,30.67,33.402,27.937
08/09/2021,1.1682679487172454,30.42,32.756,28.083
08/06/2021,1.0892084281715781,30.32,32.498,28.141
08/05/2021,1.235,30.41,32.88,27.94
08/04/2021,1.2373661543779189,30.46,32.934,27.985
08/03/2021,1.2428093176348494,30.38,32.865,27.894
08/02/2021,1.3653387857964043,30.53,33.26,27.799
07/30/2021,1.55009677117269,30.77,33.87,27.669
07/29/2021,1.6820597492360367,30.91,34.274,27.545
07/28/2021,1.890998413537145,31.1,34.881,27.318
07/27/2021,2.2687221072665555,31.53,36.067,26.992
07/26/2021,2.6223319774582317,31.93,37.174,26.685
07/23/2021,2.873303847489854,32.3,38.046,26.553
07/22/2021,3.079902595862408,32.72,38.879,26.56
07/21/2021,3.3337816365203046,33.12,39.787,26.452
07/20/2021,3.5412321302055307,33.22,40.302,26.137
07/19/2021,3.6581552728116944,33.48,40.796,26.163
07/16/2021,3.5829317604442323,33.98,41.145,26.814
07/15/2021,3.6318831203660733,34.49,41.753,27.226
07/14/2021,3.4346106038385202,35.12,41.989,28.25
07/13/2021,3.386439871014987,35.81,42.582,29.037
07/12/2021,3.357156534926544,36.41,43.124,29.695
07/09/2021,3.4733701213662793,36.74,43.686,29.793
07/08/2021,3.4961907842679296,37.08,44.072,30.087
07/07/2021,2.695779108161498,37.76,43.151,32.368
07/06/2021,2.4074312035860963,38.21,43.024,33.395
07/02/2021,2.307894061693474,38.5,43.115,33.884
07/01/2021,1.9290476925156617,38.89,42.748,35.031
06/30/2021,1.4706716152833028,39.28,42.221,36.338
06/29/2021,1.3933951341956092,39.44,42.226,36.653
06/28/2021,1.3500925894174813,39.56,42.26,36.859
06/25/2021,1.2821271387814857,39.63,42.194,37.065
06/24/2021,1.3306953069730119,39.6,42.261,36.938
06/23/2021,1.3192137810074602,39.59,42.228,36.951
06/22/2021,1.5004499325202427,39.48,42.48,36.479
06/21/2021,1.4554466668346184,39.52,42.43,36.609
06/18/2021,1.5033545822592886,39.61,42.616,36.603
06/17/2021,1.5337291155872346,39.44,42.507,36.372
06/16/2021,1.6989629189596818,39.41,42.807,36.012
06/15/2021,1.7726110684524121,39.23,42.775,35.684
06/14/2021,1.530816775450283,38.93,41.991,35.868
06/11/2021,1.5474575923106915,38.65,41.744,35.555
06/10/2021,1.822608021490085,38.31,41.955,34.664
06/09/2021,1.9560547027115582,38.18,42.092,34.267
06/08/2021,1.8972941258539757,37.91,41.704,34.115
06/07/2021,1.8425457931894125,37.69,41.375,34.004
06/04/2021,1.7139428228502847,37.53,40.957,34.102
06/03/2021,1.5650399355926996,37.38,40.51,34.249
06/02/2021,1.5034460415990991,37.32,40.326,34.313
06/01/2021,1.3323850794721466,37.2,39.864,34.535
05/28/2021,1.1737227100128886,37.1,39.447,34.752
05/27/2021,1.1718041645257964,37.1,39.443,34.756
05/26/2021,1.2242344546695292,37.1,39.548,34.651
05/25/2021,1.3931439265201566,37.32,40.106,34.533
05/24/2021,1.539967532125272,37.5,40.579,34.42
05/21/2021,1.7275922551342955,37.72,41.175,34.264
05/20/2021,1.835224781872782,37.82,41.49,34.149
05/19/2021,1.8875447014574254,37.94,41.715,34.164
05/18/2021,1.879660873668439,38.08,41.839,34.32
05/17/2021,1.9227584351654787,38.0,41.845,34.154
05/14/2021,2.0830446466650683,38.03,42.196,33.863
05/13/2021,1.6628213975048551,38.36,41.685,35.034
05/12/2021,1.584329511181307,38.52,41.688,35.351
05/11/2021,1.5598016700850141,38.64,41.759,35.52
05/10/2021,1.616989873190305,39.2,42.433,35.966
05/07/2021,2.0218694938101223,39.56,43.603,35.516
05/06/2021,2.4866656892312644,40.14,45.113,35.166
05/05/2021,3.0505091788093344,40.56,46.661,34.458
05/04/2021,3.6297907997569223,41.19,48.449,33.93
05/03/2021,4.084884484290835,41.82,49.989,33.65
04/30/2021,4.399264853359024,42.4,51.198,33.601
04/29/2021,4.547269098041153,43.04,52.134,33.945
04/28/2021,4.649570544684745,43.41,52.709,34.11
04/27/2021,4.603588953197277,43.8,53.007,34.592
04/26/2021,4.59306882704799,43.95,53.136,34.763
04/23/2021,4.613705804448307,44.26,53.487,35.032
04/22/2021,4.604248717217609,44.73,53.938,35.521
04/21/2021,4.668921850920188,45.04,54.377,35.702
04/20/2021,4.2571535384573576,45.72,54.234,37.205
04/19/2021,4.157009892939876,46.41,54.724,38.095
04/16/2021,3.7604462833552086,47.18,54.7,39.659
04/15/2021,3.61407405153796,47.7,54.928,40.471
04/14/2021,2.8482143528884905,48.74,54.436,43.043
04/13/2021,2.85260407347392,49.32,55.025,43.614
04/12/2021,2.903140540862602,49.91,55.716,44.103
04/09/2021,3.0132747966290765,50.48,56.506,44.453
04/08/2021,3.236066284858826,50.98,57.452,44.507
04/07/2021,3.336450209429178,51.23,57.902,44.557
04/06/2021,3.351387772251967,51.32,58.022,44.617
04/05/2021,3.4081373211770685,51.24,58.056,44.423
04/01/2021,3.457687088213739,51.12,58.035,44.204
03/31/2021,3.487943520184925,51.15,58.125,44.174
03/30/2021,3.8321632272125368,51.56,59.224,43.895
03/29/2021,3.4815226553908856,52.46,59.423,45.496
03/26/2021,3.62506206843414,53.17,60.42,45.919
03/25/2021,3.750743259675341,53.47,60.971,45.968
03/24/2021,3.5293944239770085,54.13,61.188,47.071
03/23/2021,3.6819152624687064,54.86,62.223,47.496
03/22/2021,3.979836680066156,55.38,63.339,47.42
03/19/2021,4.621431055419955,56.15,65.392,46.907
03/18/2021,4.77299696207739,56.96,66.505,47.414
03/17/2021,4.969615176248559,57.29,67.229,47.35
03/16/2021,5.358171329847526,58.05,68.766,47.333
03/15/2021,6.049535106105261,58.78,70.879,46.68
03/12/2021,6.737568181473194,59.71,73.185,46.234
03/11/2021,7.2088868766266545,60.47,74.887,46.052
03/10/2021,7.88308315318315,61.46,77.226,45.693
03/09/2021,8.61754895547452,62.34,79.575,45.104
03/08/2021,8.156673648001371,63.52,79.833,47.206
03/05/2021,7.316691533746656,64.54,79.173,49.906
03/04/2021,6.110889869732558,65.66,77.881,53.438
03/03/2021,5.790364841700392,66.29,77.87,54.709
03/02/2021,5.420352848293182,66.79,77.63,55.949
03/01/2021,5.329430082100712,66.97,77.628,56.311
02/26/2021,4.996283618851116,67.23,77.222,57.237
02/25/2021,4.263241137913735,67.91,76.436,59.383
02/24/2021,4.243966305238533,67.95,76.437,59.462
02/23/2021,4.796595146559693,67.72,77.313,58.126
02/22/2021,5.472076845220652,67.1,78.044,56.155
02/19/2021,5.841393241342343,66.65,78.332,54.967
02/18/2021,6.197451088955847,66.51,78.904,54.115
02/17/2021,6.641276232773337,66.14,79.422,52.857
02/16/2021,6.879687492902567,65.67,79.429,51.91
02/12/2021,7.125854334744712,64.67,78.921,50.418
02/11/2021,7.506938457187458,63.88,78.893,48.866
02/10/2021,7.613512658425152,62.69,77.917,47.462
02/09/2021,6.671523439215366,61.16,74.503,47.816
02/08/2021,6.464856920303807,60.02,72.949,47.09
02/05/2021,6.211789194748967,59.33,71.753,46.906
02/04/2021,6.17339047849721,58.7,71.046,46.353
02/03/2021,5.725622236927617,57.65,69.101,46.198
02/02/2021,5.239162623931425,56.78,67.258,46.301
02/01/2021,4.857748964283767,55.84,65.555,46.124
01/29/2021,5.075738862471158,55.25,65.401,45.098
01/28/2021,3.605156029910494,54.23,61.44,47.019
01/27/2021,3.212059308294291,53.09,59.514,46.665
01/26/2021,3.230889970271349,53.04,59.501,46.578
01/25/2021,3.287841237042932,52.86,59.435,46.284
01/22/2021,2.872598997423761,52.49,58.235,46.744
01/21/2021,2.848227519001949,52.43,58.126,46.733
01/20/2021,3.5848047366627926,51.98,59.149,44.81
01/19/2021,3.7576721517450133,50.67,58.185,43.154
01/15/2021,4.180239227604085,50.16,58.52,41.799
01/14/2021,4.162198938061467,49.73,58.054,41.405
01/13/2021,4.1999761904087025,49.34,57.739,40.94
01/12/2021,4.125484819993887,49.15,57.4,40.899
01/11/2021,4.324965317780016,49.42,58.069,40.77
01/08/2021,4.253263452926471,48.65,57.156,40.143
01/07/2021,4.541626911140985,47.83,56.913,38.746
01/06/2021,4.930752985092642,47.32,57.181,37.458
01/05/2021,5.03012425293849,46.59,56.65,36.529
01/04/2021,5.4360049668851484,46.11,56.982,35.237
12/31/2020,5.73788724183388,45.63,57.105,34.154
12/30/2020,5.601104801733315,44.6,55.802,33.397
12/29/2020,6.081459528764456,44.34,56.502,32.177
12/28/2020,6.192707404681736,43.48,55.865,31.094
12/24/2020,6.163266844782887,42.79,55.116,30.463
12/23/2020,5.946116379621239,41.87,53.762,29.977
12/22/2020,4.743482370579657,40.48,49.966,30.993
12/21/2020,4.976293801615817,39.6,49.552,29.647
12/18/2020,5.2715984293191385,39.45,49.993,28.906
12/17/2020,5.52987115582271,39.11,50.169,28.05
12/16/2020,5.41206984433867,38.4,49.224,27.575
12/15/2020,5.770669371918651,38.12,49.661,26.578
12/14/2020,5.590093916921253,37.43,48.61,26.249
12/11/2020,3.353188780847269,36.02,42.726,29.313
12/10/2020,2.6681922719324405,35.21,40.546,29.873
12/09/2020,2.695946030617081,34.9,40.291,29.508
12/08/2020,2.581080200226254,34.76,39.922,29.597
12/07/2020,2.1785029263234876,34.4,38.757,30.042
12/04/2020,2.3147084049616273,34.0,38.629,29.37
12/03/2020,2.0536917977145452,33.68,37.787,29.572
12/02/2020,1.9038053997192044,33.41,37.217,29.602
12/01/2020,1.7253260561412735,33.15,36.6,29.699
11/30/2020,1.9317285005921514,32.99,36.853,29.126
11/27/2020,1.6628439493831046,32.57,35.895,29.244
11/25/2020,1.6592468170829804,32.52,35.838,29.201
11/24/2020,1.4003928020380572,32.22,35.02,29.419
11/23/2020,1.5223337347638335,32.4,35.444,29.355
11/20/2020,1.7353890053817906,32.62,36.09,29.149
11/19/2020,1.9319808487663643,32.87,36.733,29.006
11/18/2020,2.082936628896809,33.05,37.215,28.884
11/17/2020,2.285027352133887,33.27,37.84,28.699
11/16/2020,2.4425038382774353,33.44,38.325,28.554
11/13/2020,2.487247474619284,33.53,38.504,28.555
11/12/2020,2.471548097852842,33.74,38.683,28.796
11/11/2020,2.4035026523804803,34.12,38.927,29.312
11/10/2020,2.356135607302772,34.03,38.742,29.317
11/09/2020,2.562445121363578,33.88,39.004,28.755
11/06/2020,2.204988662102371,34.39,38.799,29.98
11/05/2020,2.211933543305495,34.58,39.003,30.156
11/04/2020,2.159224397787317,34.76,39.078,30.441
11/03/2020,2.2309751231244155,34.76,39.221,30.298
11/02/2020,2.038277459032504,34.94,39.016,30.863
10/30/2020,1.390620365160816,35.26,38.041,32.478
10/29/2020,1.480456010829096,35.21,38.17,32.249
10/28/2020,1.3234708156963648,35.33,37.976,32.683
10/27/2020,1.3166529535150868,35.41,38.043,32.776
10/26/2020,1.3752636110942518,35.37,38.12,32.619
10/23/2020,1.3136780427486796,35.25,37.877,32.622
10/22/2020,1.3719147203817013,35.18,37.923,32.436
10/21/2020,1.4057471323107873,34.9,37.711,32.088
10/20/2020,1.3817923143511837,34.53,37.293,31.766
10/19/2020,1.3852978019184183,34.49,37.26,31.719
10/16/2020,1.3785318277065648,34.47,37.227,31.712
10/15/2020,1.7115197924651646,34.64,38.063,31.216
10/14/2020,2.1303755537463345,35.0,39.26,30.739
10/13/2020,2.5890876771557974,35.3,40.478,30.121
10/12/2020,2.852726765745363,35.54,41.245,29.834
10/09/2020,3.0773324487289315,35.74,41.894,29.585
10/08/2020,3.128094467882964,35.74,41.996,29.483
10/07/2020,3.276774328512722,36.11,42.663,29.556
10/06/2020,3.3633056655617852,36.23,42.956,29.503
10/05/2020,3.4028774588574304,36.52,43.325,29.714
10/02/2020,3.2218938530001267,36.93,43.373,30.486
10/01/2020,3.09542404203366,37.28,43.47,31.089
09/30/2020,3.592767039483635,37.76,44.945,30.574
09/29/2020,4.102569316903738,38.48,46.685,30.274
09/28/2020,4.513598896667714,39.08,48.107,30.052
09/25/2020,5.024126789801389,39.72,49.768,29.671
09/24/2020,5.084559961294586,40.55,50.719,30.38
09/23/2020,4.801377406536587,41.59,51.192,31.987
09/22/2020,4.566084208597121,42.5,51.632,33.367
09/21/2020,4.266828447453682,43.12,51.653,34.586
09/18/2020,4.347930542223507,43.8,52.495,35.104
09/17/2020,4.903756213353188,44.48,54.287,34.672
09/16/2020,5.580701120827023,45.34,56.501,34.178
09/15/2020,6.241442141044008,46.23,58.712,33.747
09/14/2020,6.8255768986950835,46.95,60.601,33.298
09/11/2020,6.669769486271621,48.07,61.409,34.73
09/10/2020,7.130936123679696,49.01,63.271,34.748
09/09/2020,7.206715618088451,50.25,64.663,35.836
09/08/2020,7.024978647654383,50.99,65.039,36.94
09/04/2020,6.658885041806924,52.35,65.667,39.032
09/03/2020,6.066123144150636,53.73,65.862,41.597
09/02/2020,7.416112526115013,55.46,70.292,40.627
09/01/2020,8.36315281457896,56.92,73.646,40.193
08/31/2020,9.063509598935722,58.16,76.287,40.032
08/28/2020,9.017311475711594,59.1,77.134,41.065
08/27/2020,8.775592928685787,60.12,77.671,42.568
08/26/2020,8.488511721733085,60.64,77.617,43.662
08/25/2020,8.411794175442003,61.02,77.843,44.196
08/24/2020,7.268444211108729,61.95,76.486,47.413
08/21/2020,6.421178338124553,62.85,75.692,50.007
08/20/2020,6.057654764840928,63.28,75.395,51.164
08/19/2020,5.827172341710857,63.7,75.354,52.045
08/18/2020,5.7601812037469795,63.95,75.47,52.429
08/17/2020,5.756312838962107,64.36,75.872,52.847
08/14/2020,5.501169193907782,65.27,76.272,54.267
08/13/2020,5.76489050199568,65.94,77.469,54.41
08/12/2020,6.026888708114661,66.08,78.133,54.026
08/11/2020,5.368585707614251,67.14,77.877,56.402
08/10/2020,5.326425865437348,67.65,78.302,56.997
08/07/2020,5.2225269266898,68.44,78.885,57.994
08/06/2020,5.679580750372337,68.86,80.219,57.5
08/05/2020,6.0837026143624096,69.1,81.267,56.932
08/04/2020,7.353117111130491,69.38,84.086,54.673
08/03/2020,8.054361008174391,70.32,86.428,54.211
07/31/2020,8.857480242710112,70.72,88.434,53.005
07/30/2020,8.594139354816164,71.49,88.678,54.301
07/29/2020,8.42075004082178,72.18,89.021,55.338
07/28/2020,7.720371186024672,72.81,88.25,57.369
07/27/2020,7.966252647889094,72.62,88.552,56.687
07/24/2020,7.6566690701636055,72.86,88.173,57.546
07/23/2020,7.339216579444976,73.17,87.848,58.491
07/22/2020,6.955052120581125,73.8,87.71,59.889
07/21/2020,7.45759679789676,73.55,88.465,58.634
07/20/2020,8.587873718214539,72.83,90.005,55.654
07/17/2020,9.635591574989052,71.5,90.771,52.228
07/16/2020,10.596826175794336,70.69,91.883,49.496
07/15/2020,11.231144198166099,69.87,92.332,47.407
07/14/2020,11.750314889397647,68.79,92.29,45.289
07/13/2020,12.141766757766352,68.45,92.733,44.166
07/10/2020,13.362169546896192,66.89,93.614,40.165
07/09/2020,14.883742808850199,65.27,95.037,35.502
07/08/2020,13.801793361733829,62.85,90.453,35.246
07/07/2020,13.360404185502771,60.68,87.4,33.959
07/06/2020,12.05782422329999,58.18,82.295,34.064
07/02/2020,12.018080129538161,56.55,80.586,32.513
07/01/2020,10.75474662649009,54.37,75.879,32.86
06/30/2020,9.861163724429282,52.67,72.392,32.947
06/29/2020,9.882884194403978,51.83,71.595,32.064
06/26/2020,10.005698376425304,51.05,71.061,31.038
06/25/2020,9.167982329825902,49.44,67.775,31.104
06/24/2020,6.958771443293708,47.4,61.317,33.482
06/23/2020,6.0392300833798345,46.07,58.148,33.991
06/22/2020,5.966961119363859,45.32,57.253,33.386
06/19/2020,5.665410399962212,44.53,55.86,33.199
06/18/2020,5.833845215636082,44.0,55.667,32.332
06/17/2020,5.567703745710614,43.28,54.415,32.144
06/16/2020,5.494347663735887,42.39,53.378,31.401
06/15/2020,3.265257455393067,40.5,47.03,33.969
06/12/2020,3.676446144036385,39.84,47.192,32.487
06/11/2020,4.504215386723864,39.56,48.568,30.551
06/10/2020,4.509457423016654,38.59,47.608,29.571
06/09/2020,4.568682113038727,38.13,47.267,28.992
06/08/2020,4.446083248208472,37.65,46.542,28.757
06/05/2020,4.401898028123778,37.58,46.383,28.776
06/04/2020,4.607131021579482,37.77,46.984,28.555
06/03/2020,4.522933920587389,37.67,46.715,28.624
06/02/2020,4.272848142632734,37.44,45.985,28.894
06/01/2020,3.8858308313666976,37.07,44.841,29.298
05/29/2020,3.996330347956735,37.15,45.142,29.157
05/28/2020,4.29452631264497,37.46,46.049,28.87
05/27/2020,4.377088787082117,37.64,46.394,28.885
05/26/2020,4.429286765383338,37.73,46.588,28.871
05/22/2020,4.527323298594877,37.2,46.254,28.145
05/21/2020,4.791490504008121,36.99,46.572,27.407
05/20/2020,4.82838547032028,36.32,45.976,26.663
05/19/2020,4.980243467944112,36.08,46.04,26.119
05/18/2020,5.103633509569431,35.93,46.137,25.722
05/15/2020,5.245600537593383,35.78,46.271,25.288
05/14/2020,5.233318736710005,35.8,46.266,25.333
05/13/2020,5.048544344660152,35.99,46.087,25.892
05/12/2020,5.134539901490687,35.96,46.229,25.69
05/11/2020,5.296268933173616,35.78,46.372,25.187
05/08/2020,5.529209673407221,35.08,46.138,24.021
05/07/2020,6.033206080725239,34.52,46.586,22.453
05/06/2020,6.140508253597579,33.46,45.741,21.178
05/05/2020,6.68307979995002,32.72,46.086,19.353
05/04/2020,6.541204561279214,31.73,44.812,18.647
05/01/2020,6.630268064905068,30.88,44.14,17.619
04/30/2020,5.821172657849963,29.69,41.332,18.047
04/29/2020,5.240734787460629,28.69,39.171,18.208
04/28/2020,3.9015124134750616,27.51,35.313,19.706
04/27/2020,3.803384823088508,27.09,34.696,19.483
04/24/2020,3.7509212351767665,26.75,34.251,19.248
04/23/2020,3.601449862555357,26.29,33.492,19.087
04/22/2020,3.5931832840115465,25.79,32.976,18.603
04/21/2020,3.573833181963031,25.24,32.387,18.092
04/20/2020,3.5153331438855124,24.63,31.66,17.599
04/17/2020,3.438271093514879,24.07,30.946,17.193
04/16/2020,3.4666183973001705,23.47,30.403,16.536
04/15/2020,3.3647532766162818,22.78,29.509,16.05
04/14/2020,2.6865963597086933,22.22,27.593,16.846
04/13/2020,2.206071168389633,21.75,26.162,17.337
04/09/2020,2.1268873971134443,21.68,25.933,17.426
04/08/2020,2.107634930437433,21.62,25.835,17.404
04/07/2020,2.465390435610555,21.99,26.92,17.059
04/06/2020,2.920034246374518,22.23,28.07,16.389
04/03/2020,3.2387883536903117,22.55,29.027,16.072
04/02/2020,3.840969929588098,22.97,30.651,15.288
04/01/2020,4.383614376288134,23.56,32.327,14.792
03/31/2020,4.890662020626656,24.14,33.921,14.358
03/30/2020,5.028889042323364,24.41,34.467,14.352
03/27/2020,5.377243717742391,24.75,35.504,13.995
03/26/2020,5.775190473049353,25.21,36.76,13.659
03/25/2020,5.710056917404589,25.5,36.92,14.079
03/24/2020,5.599497745333951,25.82,37.018,14.621
03/23/2020,5.543769024770062,26.0,37.087,14.912
03/20/2020,5.365286572029494,26.42,37.15,15.689
03/19/2020,5.121545176994927,26.89,37.133,16.646
03/18/2020,4.230552564382104,27.68,36.141,19.218
03/17/2020,3.7845711051584168,28.23,35.799,20.66
03/16/2020,3.468497513333403,28.46,35.396,21.523
03/13/2020,3.19266738010711,28.63,35.015,22.244
03/12/2020,2.780579975472743,28.93,34.491,23.368
03/11/2020,2.728795521837428,29.09,34.547,23.632
03/10/2020,2.7828447674996175,28.91,34.475,23.344
03/09/2020,2.8677081441457744,28.95,34.685,23.214
03/06/2020,2.78859283510519,28.76,34.337,23.182
03/05/2020,2.750936204276646,28.71,34.211,23.208
03/04/2020,2.544965618628275,28.17,33.259,23.08
03/03/2020,2.916671904757201,28.09,33.923,22.256
03/02/2020,2.6146844933949485,27.59,32.819,22.36
02/28/2020,1.7518561584787717,26.85,30.353,23.346
02/27/2020,1.7976721058079526,26.87,30.465,23.274
02/26/2020,1.8146900561803934,26.88,30.509,23.25
02/25/2020,1.9258958954211411,27.31,31.161,23.458
02/24/2020,2.5193352297778873,26.84,31.878,21.801
02/21/2020,2.9184456479434395,26.54,32.376,20.703
02/20/2020,3.115120382906574,26.14,32.37,19.909
02/19/2020,3.088146693406905,25.43,31.606,19.253
02/18/2020,3.1798270393214785,25.22,31.579,18.86
02/14/2020,3.286635817975579,25.09,31.663,18.516
02/13/2020,3.3928785713609027,24.88,31.665,18.094
02/12/2020,3.4967306158753493,24.58,31.573,17.586
02/11/2020,3.6847523661706223,24.21,31.579,16.84
02/10/2020,3.943919370372574,23.75,31.637,15.862
02/07/2020,4.258366758512,23.24,31.756,14.723
02/06/2020,3.9218378918563173,22.24,30.083,14.396
02/05/2020,4.2128489128498305,21.75,30.175,13.324
02/04/2020,4.4251170563613345,21.23,30.08,12.379
02/03/2020,4.574990815564552,20.79,29.939,11.64
01/31/2020,4.748511183781712,20.4,29.897,10.902
01/30/2020,4.48275539846867,19.75,28.715,10.784
01/29/2020,4.41541005598574,19.25,28.08,10.419
01/28/2020,3.0113972608242836,18.26,24.282,12.237
01/27/2020,2.7270250411391532,17.88,23.334,12.425
01/24/2020,2.6804692826070586,17.63,22.99,12.269
01/23/2020,2.5524785160702135,17.37,22.474,12.265
01/22/2020,2.569186364396324,17.25,22.388,12.111
01/21/2020,2.4031389004799535,17.07,21.876,12.263
01/17/2020,2.224993387630624,16.83,21.279,12.38
01/16/2020,1.5766853126099702,16.47,19.623,13.316
01/15/2020,1.206560224356828,16.26,18.673,13.846
01/14/2020,1.5863173350562614,16.18,19.352,13.007
01/13/2020,0.9459317562594037,15.7,17.591,13.808
01/10/2020,1.098349893021345,15.54,17.736,13.343
01/09/2020,1.2366534629798276,15.37,17.843,12.896
01/08/2020,1.327712652459108,15.27,17.925,12.614
01/07/2020,1.320947964531533,15.31,17.951,12.668
01/06/2020,1.3463240787418163,15.39,18.082,12.697
01/03/2020,1.3551452043969312,15.43,18.14,12.719
01/02/2020,1.3777911761221293,15.5,18.255,12.744
12/31/2019,1.374521198454211,15.5,18.249,12.75
12/30/2019,1.4011043947543667,15.58,18.382,12.777
12/27/2019,1.4737049950719445,15.68,18.627,12.732
12/26/2019,1.4870268701338252,15.73,18.704,12.755
12/24/2019,1.9848955671520858,16.02,19.989,12.05
12/23/2019,2.052839719145165,16.15,20.255,12.044
12/20/2019,2.042489635836618,16.13,20.214,12.045
12/19/2019,2.0362793061120077,16.1,20.172,12.027
12/18/2019,2.0157808443627996,16.04,20.071,12.008
12/17/2019,2.0257208500926285,15.83,19.881,11.778
12/16/2019,2.0588835081179315,15.79,19.907,11.672
12/13/2019,2.1289504691279224,15.73,19.987,11.472
12/12/2019,2.1870926477860966,15.68,20.054,11.305
12/11/2019,2.220335841714041,15.67,20.11,11.229
12/10/2019,2.290716039800656,15.64,20.221,11.058
12/09/2019,2.5398773912336794,15.55,20.629,10.47
12/06/2019,2.8109995397544982,15.21,20.831,9.588
12/05/2019,2.9749976323519993,14.94,20.889,8.99
12/04/2019,3.0618872305328297,14.67,20.793,8.546
12/03/2019,3.1511888094019374,14.42,20.722,8.117
12/02/2019,3.3221186556924787,14.18,20.824,7.535
11/29/2019,3.322690246622457,13.84,20.485,7.194
11/27/2019,3.654407816254229,13.73,21.038,6.421
11/26/2019,2.818504610161211,13.02,18.657,7.382
11/25/2019,2.553632948859331,12.66,17.767,7.552
11/22/2019,2.148317187358515,12.25,16.546,7.953
11/21/2019,1.978106225029384,12.0,15.956,8.043
11/20/2019,1.6032468774334163,11.68,14.886,8.473
11/19/2019,1.1607761896679307,11.37,13.691,9.048
11/18/2019,0.8821382048749508,11.15,12.914,9.385
11/15/2019,0.8320218221296845,11.1,12.764,9.435
11/14/2019,0.5320334223523934,10.92,11.984,9.855
11/13/2019,0.4905306183104172,10.89,11.871,9.908
11/12/2019,0.38249066982084695,10.81,11.574,10.045
11/11/2019,0.3789627455304811,10.84,11.597,10.082
11/08/2019,0.30524133894346633,10.92,11.53,10.309
11/07/2019,0.30251303690915554,10.92,11.525,10.314
11/06/2019,0.2964332766407984,10.93,11.522,10.337
11/05/2019,0.41034240275652734,10.83,11.65,10.009
11/04/2019,0.39819536662296817,10.85,11.646,10.053
11/01/2019,0.43748394256246703,10.83,11.704,9.955
10/31/2019,0.5090463387551275,10.81,11.828,9.791
10/30/2019,0.5516948771739684,10.76,11.863,9.656
10/29/2019,0.5386825827887886,10.72,11.797,9.642
10/28/2019,0.5447659474489941,10.71,11.799,9.62
10/25/2019,0.5333804927066607,10.69,11.756,9.623
10/24/2019,0.521016554439492,10.63,11.672,9.587
10/23/2019,0.5517830642562348,10.57,11.673,9.466
10/22/2019,0.5849786748249889,10.64,11.809,9.47
10/21/2019,0.6022681192791131,10.65,11.854,9.445
10/18/2019,0.658728282374455,10.7,12.017,9.382
10/17/2019,0.7224674300617293,10.76,12.204,9.315
10/16/2019,0.8664173359299778,10.84,12.572,9.107
10/15/2019,0.9225352432292221,10.89,12.735,9.044
10/14/2019,0.9403781553183804,10.93,12.81,9.049
10/11/2019,0.9602393191283097,10.97,12.89,9.049
10/10/2019,1.0047413224308035,10.96,12.969,8.95
10/09/2019,1.0283822793591886,11.05,13.106,8.993
10/08/2019,0.9701043371720385,11.14,13.08,9.199
10/07/2019,1.0222789186420702,11.11,13.154,9.065
10/04/2019,1.1108767258341494,11.06,13.281,8.838
10/03/2019,1.3383702402549156,10.95,13.626,8.273
10/02/2019,1.5568904585743983,10.8,13.913,7.686
10/01/2019,1.734009569610272,10.65,14.118,7.181
09/30/2019,1.904244269388778,10.44,14.248,6.631
09/27/2019,2.029395839899156,10.35,14.408,6.291
09/26/2019,2.130950726788398,10.22,14.481,5.958
09/25/2019,2.2206476645339306,10.03,14.471,5.588
09/24/2019,2.3045461266809135,9.84,14.449,5.23
09/23/2019,2.2930601360409195,9.57,14.156,4.983
09/20/2019,2.3808136844364785,9.45,14.211,4.688
09/19/2019,2.1235543759225948,9.15,13.397,4.902
09/18/2019,1.981810021798255,8.96,12.923,4.996
09/17/2019,1.8571989392631045,8.79,12.504,5.075
09/16/2019,1.8096755648458096,8.66,12.279,5.04
09/13/2019,1.6454522744522249,8.48,11.77,5.189
09/12/2019,1.3556580136597873,8.29,11.001,5.578
09/11/2019,0.821060198767423,8.03,9.672,6.387
09/10/2019,0.6596476616346033,7.92,9.239,6.6
09/09/2019,0.6022528850076189,7.82,9.024,6.615
09/06/2019,0.5999677387160081,7.88,9.079,6.68
09/05/2019,0.5847507054292455,7.9,9.069,6.73
09/04/2019,0.5813312846389742,7.92,9.082,6.757
09/03/2019,0.5489971311400453,7.95,9.047,6.852
08/30/2019,0.547886678520294,7.98,9.075,6.884
08/29/2019,0.5258284772623103,8.02,9.071,6.968
08/28/2019,0.46298855277425605,8.1,9.025,7.174
08/27/2019,0.428440879818908,8.2,9.056,7.343
08/26/2019,0.3536506574290511,8.18,8.887,7.472
08/23/2019,0.3543301250246726,8.21,8.918,7.501
08/22/2019,0.35210147685006954,8.19,8.894,7.485
08/21/2019,0.3365926506921982,8.17,8.843,7.496
08/20/2019,0.3185244299892868,8.15,8.787,7.512
08/19/2019,0.3121660015120162,8.13,8.754,7.505
08/16/2019,0.3461007440038233,8.16,8.852,7.467
08/15/2019,0.34500856873416935,8.15,8.84,7.459
08/14/2019,0.2655112050366237,8.09,8.621,7.558
08/13/2019,0.2773943492575146,8.11,8.664,7.555
08/12/2019,0.290238608734262,8.11,8.69,7.529
08/09/2019,0.28841725416486447,8.11,8.686,7.533
08/08/2019,0.2968796262797433,8.15,8.743,7.556
08/07/2019,0.36960133928328776,8.13,8.869,7.39
08/06/2019,0.24669482665836356,8.25,8.743,7.756
08/05/2019,0.2847826144623299,8.25,8.819,7.68
08/02/2019,0.4663286260782198,8.37,9.302,7.437
08/01/2019,0.4646600235656174,8.39,9.319,7.46
07/31/2019,0.48409257895572017,8.35,9.318,7.381
07/30/2019,0.4635343433878446,8.37,9.297,7.442
07/29/2019,0.4106841395768775,8.43,9.251,7.608
07/26/2019,0.42176106980137484,8.42,9.263,7.576
07/25/2019,0.41887325051857893,8.44,9.277,7.602
07/24/2019,0.446975586581639,8.49,9.383,7.596
07/23/2019,0.44416719824858764,8.52,9.408,7.631
07/22/2019,0.4959329339739398,8.59,9.581,7.598
07/19/2019,0.4996839751282806,8.64,9.639,7.64
07/18/2019,0.5183264656565398,8.69,9.726,7.653
07/17/2019,0.5162496368037465,8.72,9.752,7.687
07/16/2019,0.5279163167586319,8.72,9.775,7.664
07/15/2019,0.5094797591661518,8.74,9.758,7.721
07/12/2019,0.5111402571701824,8.75,9.772,7.727
07/11/2019,0.5079978223378523,8.8,9.815,7.784
07/10/2019,0.507976746515035,8.81,9.825,7.794
07/09/2019,0.5356002007094471,8.85,9.921,7.778
07/08/2019,0.46119884540185063,8.75,9.672,7.827
07/05/2019,0.4324612121335278,8.79,9.654,7.925
07/03/2019,0.41494686406816006,8.83,9.659,8.0
07/02/2019,0.38011208873173197,8.87,9.63,8.109
07/01/2019,0.4158770250927551,8.96,9.791,8.128
06/28/2019,0.34148396741282017,8.92,9.602,8.237
06/27/2019,0.3763546864328916,8.93,9.682,8.177
06/26/2019,0.3810924428534371,8.89,9.652,8.127
06/25/2019,0.47118101617106795,8.88,9.822,7.937
06/24/2019,0.3975708741847172,8.78,9.575,7.984
06/21/2019,0.4331882385291643,8.81,9.676,7.943
06/20/2019,0.399564387802517,8.72,9.519,7.92
06/19/2019,0.40250111801086985,8.68,9.485,7.874
06/18/2019,0.3956978329483246,8.66,9.451,7.868
06/17/2019,0.41953675345552294,8.64,9.479,7.8
06/14/2019,0.4274471750988656,8.66,9.514,7.805
06/13/2019,0.4259686901639606,8.65,9.501,7.798
06/12/2019,0.4263074008271499,8.65,9.502,7.797
06/11/2019,0.47262903000133233,8.7,9.645,7.754
06/10/2019,0.5242066386454869,8.71,9.758,7.661
06/07/2019,0.587874051136806,8.77,9.945,7.594
06/06/2019,0.7094063010715369,8.87,10.288,7.451
06/05/2019,1.0459644353418525,9.05,11.141,6.958
06/04/2019,1.0897900657924904,9.04,11.219,6.86
06/03/2019,1.1236673606988858,9.15,11.397,6.902
05/31/2019,1.1075817069182754,9.27,11.485,7.054
05/30/2019,1.1098642259303613,9.37,11.589,7.15
05/29/2019,1.0970277058944318,9.5,11.694,7.305
05/28/2019,1.0592979927763482,9.63,11.748,7.511
05/24/2019,1.100151580465165,9.63,11.83,7.429
05/23/2019,1.0619672782152942,9.77,11.893,7.646
05/22/2019,0.9865822760925722,9.91,11.883,7.936
05/21/2019,0.9913430032032304,10.0,11.982,8.017
05/20/2019,0.8636264528139468,10.16,11.887,8.432
05/17/2019,0.8481393974459625,10.3,11.996,8.603
05/16/2019,0.7939297513004537,10.47,12.057,8.882
05/15/2019,0.754906873395653,10.62,12.129,9.11
05/14/2019,0.7564958608611154,10.73,12.242,9.217
05/13/2019,0.7680084960467561,10.89,12.426,9.353
05/10/2019,0.7994429545001946,11.05,12.648,9.451
05/09/2019,0.8988082456786877,11.23,13.027,9.432
05/08/2019,1.0086482290670025,11.19,13.207,9.172
05/07/2019,0.9846891387641077,11.33,13.299,9.36
05/06/2019,1.0690866604256175,11.45,13.588,9.311
05/03/2019,1.165770217495712,11.65,13.981,9.318
05/02/2019,1.186009696419047,11.85,14.222,9.477
05/01/2019,1.2615192428179602,12.01,14.533,9.486
04/30/2019,1.2696331409111845,12.17,14.709,9.63
04/29/2019,1.189058787444927,12.41,14.788,10.031
04/26/2019,1.2126408371813973,12.53,14.955,10.104
04/25/2019,1.1873562649853666,12.75,15.124,10.375
04/24/2019,1.1512307110219044,12.92,15.222,10.617
04/23/2019,1.0039449437095642,13.09,15.097,11.082
04/22/2019,0.9466362157661199,13.18,15.073,11.286
04/18/2019,0.7974128165511262,13.37,14.964,11.775
04/17/2019,0.8820969334489266,13.47,15.234,11.705
04/16/2019,0.9997892277875373,13.76,15.759,11.76
04/15/2019,1.1933168376420407,14.02,16.406,11.633
04/12/2019,1.345187472994006,14.27,16.96,11.579
04/11/2019,1.4225193891472974,14.51,17.355,11.664
04/10/2019,1.5653769673787845,14.63,17.76,11.499
04/09/2019,1.4899905536613312,14.88,17.859,11.9
04/08/2019,1.6789661551085535,15.21,18.567,11.852
04/05/2019,1.9598777768014002,15.49,19.409,11.57
04/04/2019,1.9837319091802703,15.69,19.657,11.722
04/03/2019,1.9392977562767406,15.81,19.688,11.931
04/02/2019,1.9883003545742277,15.77,19.746,11.793
04/01/2019,2.0210074962750633,15.74,19.782,11.697
03/29/2019,1.9973650893114157,15.77,19.764,11.775
03/28/2019,1.9933688319024152,15.88,19.866,11.893
03/27/2019,2.325378958363561,15.67,20.32,11.019
03/26/2019,2.659814502460651,15.44,20.759,10.12
03/25/2019,2.8946111116175866,15.29,21.079,9.5
03/22/2019,3.1113169840117543,15.1,21.322,8.877
03/21/2019,3.339904732922782,14.93,21.609,8.25
03/20/2019,3.4934803384304307,14.63,21.616,7.643
03/19/2019,3.5981105979388683,14.28,21.476,7.083
03/18/2019,3.6811294292648826,13.86,21.222,6.497
03/15/2019,3.7353853716852297,13.41,20.88,5.939
03/14/2019,3.79402278261478,13.01,20.598,5.421
03/13/2019,3.912718859693346,12.71,20.535,4.884
03/12/2019,3.9264273678498114,12.32,20.172,4.467
03/11/2019,3.2320360262534202,11.57,18.034,5.105
03/08/2019,2.895739607595959,11.04,16.831,5.248
03/07/2019,2.297740819805402,10.39,14.985,5.794
03/06/2019,2.3129288061892437,10.21,14.835,5.584
03/05/2019,2.1878285467558922,9.9,14.275,5.524
03/04/2019,2.2414211451666106,9.75,14.232,5.267
03/01/2019,0.8107211296123964,9.08,10.701,7.458
02/28/2019,0.7548261389220698,8.93,10.439,7.42
02/27/2019,0.7768606696184329,8.84,10.393,7.286
02/26/2019,0.7880751867683691,8.8,10.376,7.223
02/25/2019,0.7219158538223135,8.74,10.183,7.296
02/22/2019,0.7041777119449322,8.67,10.078,7.261
02/21/2019,0.6057103268064694,8.58,9.791,7.368
02/20/2019,0.4380353866983808,8.45,9.326,7.573
02/19/2019,0.4659130820228167,8.47,9.401,7.538
02/15/2019,0.6291263784010331,8.54,9.798,7.281
02/14/2019,0.7477131803037846,8.63,10.125,7.134
02/13/2019,0.8856353651475307,8.73,10.501,6.958
02/12/2019,0.9626558315410549,8.78,10.705,6.854
02/11/2019,1.068658621824575,8.86,10.997,6.722
02/08/2019,1.1627494356051091,9.02,11.345,6.694
02/07/2019,1.2274938900051602,9.23,11.684,6.775
02/06/2019,1.3434759022773726,9.39,12.076,6.703
02/05/2019,1.35114488490317,9.62,12.322,6.917
02/04/2019,1.3635275941468878,9.7,12.427,6.972
02/01/2019,1.3517151142160098,9.73,12.433,7.026
01/31/2019,1.3235898156150947,9.77,12.417,7.122
01/30/2019,1.2202643156300195,9.85,12.29,7.409
01/29/2019,1.2200737682615754,9.86,12.3,7.419
01/28/2019,1.3041917995448369,9.79,12.398,7.181
01/25/2019,1.3555409436826318,9.74,12.451,7.028
01/24/2019,1.4349869337384227,9.67,12.539,6.8
01/23/2019,1.4421516043745193,9.71,12.594,6.825
01/22/2019,1.464191329710704,9.72,12.648,6.791
01/18/2019,1.4517373212809541,9.69,12.593,6.786
01/17/2019,1.4974649411588907,9.76,12.754,6.765
01/16/2019,1.4733758006700124,9.68,12.626,6.733
01/15/2019,1.4728480064147829,9.57,12.515,6.624
01/14/2019,1.4425012998261044,9.49,12.375,6.604
01/11/2019,1.4419869104815064,9.48,12.363,6.596
01/10/2019,1.3711587253122812,9.4,12.142,6.657
01/09/2019,1.3226053833248979,9.36,12.005,6.714
01/08/2019,1.269823314481192,9.33,11.869,6.79
01/07/2019,1.2640515218929962,9.27,11.798,6.741
01/04/2019,1.4091899268728825,9.42,12.238,6.601
01/03/2019,1.5970316214777966,9.57,12.764,6.375
01/02/2019,1.696234064037154,9.72,13.112,6.327
12/31/2018,1.8577092748866815,9.96,13.675,6.244
12/28/2018,2.065620366863185,10.38,14.511,6.248
12/27/2018,2.337720577827898,10.76,15.435,6.084
12/26/2018,2.4662395463539224,11.18,16.112,6.247
12/24/2018,2.598954116563046,11.68,16.877,6.482
12/21/2018,2.6732634550301997,12.21,17.556,6.863
12/20/2018,2.8091391029993513,12.61,18.228,6.991
12/19/2018,2.989943561340247,12.83,18.809,6.85
12/18/2018,3.1529093707241254,13.26,19.565,6.954
12/17/2018,3.271534425923102,13.91,20.453,7.366
12/14/2018,3.487511648726066,14.57,21.545,7.594
12/13/2018,3.5820995938136617,15.11,22.274,7.945
12/12/2018,3.6320044396999296,15.68,22.944,8.415
12/11/2018,3.520199745753073,16.22,23.26,9.179
12/10/2018,3.474978417199163,16.76,23.709,9.81
12/07/2018,3.583988699758971,17.36,24.527,10.192
12/06/2018,3.5810124266748917,17.94,25.102,10.777
12/04/2018,3.5351272961521487,18.4,25.47,11.329
12/03/2018,3.398245871034055,18.97,25.766,12.173
11/30/2018,3.000716581085258,19.64,25.641,13.638
11/29/2018,2.9031534578798963,20.09,25.896,14.283
11/28/2018,2.827056773395257,20.45,26.104,14.795
11/27/2018,2.6786283803469266,21.02,26.377,15.662
11/26/2018,2.583519885737286,21.37,26.537,16.202
11/23/2018,2.432087580659874,21.59,26.454,16.725
11/21/2018,2.241439269755038,21.89,26.372,17.407
11/20/2018,1.757370194352914,22.23,25.744,18.715
11/19/2018,1.3197537649122275,22.55,25.189,19.91
11/16/2018,1.5464394588861214,22.46,25.552,19.367
11/15/2018,1.3449163542763538,22.52,25.209,19.83
11/14/2018,1.379247983504054,22.51,25.268,19.751
11/13/2018,1.4358359934198608,22.45,25.321,19.578
11/12/2018,1.3865695078141589,22.49,25.263,19.716
11/09/2018,1.4386538847130672,22.54,25.417,19.662
11/08/2018,1.4367759045863762,22.42,25.293,19.546
11/07/2018,1.4276641761983102,22.24,25.095,19.384
11/06/2018,1.504194136406601,22.23,25.238,19.221
11/05/2018,1.4861359291801,22.08,25.052,19.107
11/02/2018,1.4761944316383258,21.98,24.932,19.027
11/01/2018,1.3994909788919683,21.83,24.628,19.031
10/31/2018,1.5515234448760353,21.86,24.963,18.756
10/30/2018,1.0925085812019966,21.61,23.795,19.424
10/29/2018,0.8341912250797174,21.43,23.098,19.761
10/26/2018,1.0054227966383098,21.55,23.56,19.539
10/25/2018,0.9955274983645603,21.53,23.521,19.538
10/24/2018,1.0899541274750968,21.6,23.779,19.42
10/23/2018,1.387407654584621,21.68,24.454,18.905
10/22/2018,1.5605768164367941,21.81,24.931,18.688
10/19/2018,1.611086589851706,21.93,25.152,18.707
10/18/2018,1.502456322160481,22.15,25.154,19.145
10/17/2018,1.474491437750657,22.3,25.248,19.351
10/16/2018,1.6376202245942129,22.49,25.765,19.214
10/15/2018,1.5384407690905748,22.67,25.746,19.593
10/12/2018,1.5135223817307757,22.7,25.727,19.672
10/11/2018,1.531380096514252,22.78,25.842,19.717
10/10/2018,1.5115058716392733,23.04,26.063,20.016
10/09/2018,1.4566228063572255,23.1,26.013,20.186
10/08/2018,1.421917719138488,23.13,25.973,20.286
10/05/2018,1.303600782448369,23.3,25.907,20.692
10/04/2018,1.4810638068631614,23.57,26.532,20.607
10/03/2018,1.7927841476318336,23.86,27.445,20.274
10/02/2018,1.978225214681079,24.35,28.306,20.393
10/01/2018,2.371840003035618,24.7,29.443,19.956
09/28/2018,3.0141706985504317,25.16,31.188,19.131
09/27/2018,3.422919075876612,25.75,32.595,18.904
09/26/2018,3.9486991528856685,26.14,34.037,18.242
09/25/2018,4.42677365583559,26.62,35.473,17.766
09/24/2018,4.768319934735922,27.17,36.706,17.633
09/21/2018,4.980045180517943,27.78,37.74,17.819
09/20/2018,5.003034079436197,28.47,38.476,18.463
09/19/2018,5.227346363117714,28.88,39.334,18.425
09/18/2018,5.490671634690969,29.36,40.341,18.378
09/17/2018,5.113330617122268,30.23,40.456,20.003
09/14/2018,4.836302823438581,30.91,40.582,21.237
09/13/2018,4.987872793085244,31.22,41.195,21.244
09/12/2018,4.71787558123357,31.83,41.265,22.394
09/11/2018,3.975254708820555,32.64,40.59,24.689
09/10/2018,3.1232435063568134,33.54,39.786,27.293
09/07/2018,3.203147865772044,34.36,40.766,27.953
09/06/2018,3.747920256622331,35.26,42.755,27.764
09/05/2018,4.249827202369528,36.27,44.769,27.77
09/04/2018,4.582647297141687,37.23,46.395,28.064
08/31/2018,4.960245079630643,37.95,47.87,28.029
08/30/2018,5.127855911587221,38.73,48.985,28.474
08/29/2018,5.470059985959935,39.47,50.41,28.529
08/28/2018,5.72536952955877,40.11,51.56,28.659
08/27/2018,5.877908322694392,40.78,52.535,29.024
08/24/2018,5.8876910797017885,41.43,53.205,29.654
08/23/2018,5.829835439358473,42.03,53.689,30.37
08/22/2018,5.7414093435323,42.74,54.222,31.257
08/21/2018,5.618109668740901,43.3,54.536,32.063
08/20/2018,5.3013117480487795,43.92,54.522,33.317
08/17/2018,5.051822072282436,44.4,54.503,34.296
08/16/2018,4.602293585811319,44.94,54.144,35.735
08/15/2018,4.004598138390418,45.58,53.589,37.57
08/14/2018,3.0038693796501876,46.29,52.297,40.282
08/13/2018,1.6346348980735739,47.0,50.269,43.73
08/10/2018,0.8589528508596974,47.39,49.107,45.672
08/09/2018,0.7027268317063188,47.54,48.945,46.134
08/08/2018,0.7051595564125902,47.55,48.96,46.139
08/07/2018,0.7082019485994097,47.54,48.956,46.123
08/06/2018,0.8559205570612265,47.67,49.381,45.958
08/03/2018,1.015800177200221,47.88,49.911,45.848
08/02/2018,1.513794900242434,48.07,51.097,45.042
08/01/2018,1.9906971140783827,48.35,52.331,44.368
07/31/2018,2.1572262282848316,48.5,52.814,44.185
07/30/2018,2.2952995447217774,48.68,53.27,44.089
07/27/2018,2.2302129943124265,48.93,53.39,44.469
07/26/2018,2.2591204040510986,48.88,53.398,44.361
07/25/2018,2.23162496849269,48.99,53.453,44.526
07/24/2018,2.242727134539554,49.12,53.605,44.634
07/23/2018,2.245734846325363,49.34,53.831,44.848
07/20/2018,2.0014057559625433,49.6,53.602,45.597
07/19/2018,2.0740600280609045,49.54,53.688,45.391
07/18/2018,2.1234406043023664,49.5,53.746,45.253
07/17/2018,2.149558094120743,49.47,53.769,45.17
07/16/2018,2.0689550502608802,49.58,53.717,45.442
07/13/2018,2.0304248323934577,49.63,53.69,45.569
07/12/2018,1.9772013048751511,49.72,53.674,45.765
07/11/2018,1.9605165135749305,49.78,53.701,45.858
07/10/2018,2.002935345936059,49.8,53.805,45.794
07/09/2018,2.1562873185176414,49.81,54.122,45.497
07/06/2018,2.060236636893927,49.72,53.84,45.599
07/05/2018,1.8554649013117976,49.61,53.32,45.899
07/03/2018,1.8293851426093963,49.59,53.248,45.931
07/02/2018,1.7519275099158644,49.46,52.963,45.956
06/29/2018,1.8034203614243693,49.57,53.176,45.963
06/28/2018,1.8146142840835355,49.58,53.209,45.95
06/27/2018,1.8556872042453711,49.73,53.441,46.018
06/26/2018,1.9281143638280387,49.82,53.676,45.963
06/25/2018,1.9003946958461029,49.7,53.5,45.899
06/22/2018,2.0464298180001195,49.75,53.842,45.657
06/21/2018,1.9930692411454254,49.88,53.866,45.893
06/20/2018,1.7132863158269849,50.13,53.556,46.703
06/19/2018,1.5096522778441406,50.42,53.439,47.4
06/18/2018,1.5604887055022225,50.53,53.65,47.409
06/15/2018,1.4699064596089102,50.6,53.539,47.66
06/14/2018,1.5457360706149028,50.69,53.781,47.598
06/13/2018,1.2699827754737472,50.91,53.449,48.37
06/12/2018,1.3012614072506725,50.95,53.552,48.347
06/11/2018,0.9187117338969829,51.18,53.017,49.342
06/08/2018,1.1492089670725685,51.13,53.428,48.831
06/07/2018,1.5222372515478653,50.81,53.854,47.765
06/06/2018,1.5606989620038836,50.84,53.961,47.718
06/05/2018,1.5573073717156796,50.81,53.924,47.695
06/04/2018,1.580792918126849,50.82,53.981,47.658
06/01/2018,1.5894515563552096,50.91,54.088,47.731
05/31/2018,1.6502518747148869,50.78,54.08,47.479
05/30/2018,1.6617705166478307,50.82,54.143,47.496
05/29/2018,1.637904530184833,50.76,54.035,47.484
05/25/2018,1.5901591901441812,50.58,53.76,47.399
05/24/2018,1.5940769272528847,50.66,53.848,47.471
05/23/2018,1.5759778710375338,50.74,53.891,47.588
05/22/2018,1.679309754035865,50.66,54.018,47.301
05/21/2018,1.6453741975611498,50.49,53.78,47.199
05/18/2018,1.6098466541879068,50.64,53.859,47.42
05/17/2018,1.5869014619692046,50.49,53.663,47.316
05/16/2018,1.6151857478321183,50.41,53.64,47.179
05/15/2018,1.6475967346410951,50.24,53.535,46.944
05/14/2018,1.7064949457880028,50.15,53.562,46.737
05/11/2018,1.942253845407443,49.98,53.864,46.095
05/10/2018,2.215536052516411,50.37,54.801,45.938
05/09/2018,2.022003956474863,49.91,53.954,45.865
05/08/2018,2.041935356469446,49.55,53.633,45.466
05/07/2018,2.0028854185898908,49.37,53.375,45.364
05/04/2018,1.896536316551835,48.93,52.723,45.136
05/03/2018,2.0807750959678466,48.88,53.041,44.718
05/02/2018,2.055535210109523,48.64,52.751,44.528
05/01/2018,2.1409110210375397,48.41,52.691,44.128
04/30/2018,2.213255520720552,48.2,52.626,43.773
04/27/2018,1.982561474456719,47.87,51.835,43.904
04/26/2018,1.7900418989509712,47.51,51.09,43.929
04/25/2018,2.0522487665972657,47.51,51.614,43.405
04/24/2018,1.7674557985986517,47.16,50.694,43.625
04/23/2018,1.5363105154883234,46.95,50.022,43.877
04/20/2018,1.2722617655184005,46.74,49.284,44.195
04/19/2018,1.1880130470664023,46.67,49.046,44.293
04/18/2018,1.7724629756358796,46.9,50.444,43.355
04/17/2018,1.6197993702925053,46.61,49.849,43.37
04/16/2018,1.6210259097250717,46.54,49.782,43.297
04/13/2018,1.581707937642091,46.64,49.803,43.476
04/12/2018,1.6088505213350295,46.71,49.927,43.492
04/11/2018,1.6310732662881813,46.86,50.122,43.597
04/10/2018,2.3082027640569183,47.12,51.736,42.503
04/09/2018,2.9560277400592843,47.52,53.432,41.607
04/06/2018,3.3278070857548214,48.02,54.675,41.364
04/05/2018,3.6843588316015037,48.41,55.778,41.041
04/04/2018,3.9502373346420585,48.92,56.82,41.019
04/03/2018,3.9225151370007483,49.4,57.245,41.554
04/02/2018,3.9459631270451574,49.6,57.491,41.708
03/29/2018,3.8249934640467034,49.81,57.459,42.16
03/28/2018,3.8084281534512368,49.82,57.436,42.203
03/27/2018,3.7561383094875516,49.88,57.392,42.367
03/26/2018,3.7346318426318814,49.91,57.379,42.44
03/23/2018,3.7446795590544193,50.3,57.789,42.81
03/22/2018,3.7084531815839332,50.2,57.616,42.783
03/21/2018,3.79298694962163,49.55,57.135,41.964
03/20/2018,3.6971272631598713,49.65,57.044,42.255
03/19/2018,3.722479012701079,49.62,57.064,42.175
03/16/2018,3.57380399574459,49.88,57.027,42.732
03/15/2018,3.5753776024358603,49.88,57.03,42.729
03/14/2018,3.766248133089481,50.05,57.582,42.517
03/13/2018,3.9589424092805383,49.69,57.607,41.772
03/12/2018,3.7537414668567672,49.06,56.567,41.552
03/09/2018,3.6572325602838,48.57,55.884,41.255
03/08/2018,3.564663378216798,48.07,55.199,40.94
03/07/2018,2.6569390282804757,47.47,52.783,42.156
03/06/2018,2.2236006835760778,47.03,51.477,42.582
03/05/2018,1.6969973482595664,46.52,49.913,43.126
03/02/2018,1.373062270984095,46.19,48.936,43.443
03/01/2018,1.5519584401651998,46.34,49.443,43.236
02/28/2018,1.8952308566504505,46.74,50.53,42.949
02/27/2018,1.9354521435571586,46.84,50.71,42.969
02/26/2018,2.1255587500702022,46.95,51.201,42.698
02/23/2018,2.390737333962056,47.15,51.931,42.368
02/22/2018,2.685842512136555,47.51,52.881,42.138
02/21/2018,3.1193188358999144,47.93,54.168,41.691
02/20/2018,3.769830898064262,48.58,56.119,41.04
02/16/2018,4.248711569405483,48.92,57.417,40.422
02/15/2018,4.69988031762512,49.33,58.729,39.93
02/14/2018,4.888921148883463,49.82,59.597,40.042
02/13/2018,5.032270859164876,50.4,60.464,40.335
02/12/2018,5.157014640273964,51.17,61.484,40.855
02/09/2018,5.049881186721129,51.77,61.869,41.67
02/08/2018,4.656884688286795,52.51,61.823,43.196
02/07/2018,4.706099765198354,52.85,62.262,43.437
02/06/2018,4.63577124112051,53.45,62.721,44.178
02/05/2018,3.92985050606254,54.04,61.899,46.18
02/02/2018,3.2842388768175796,54.49,61.058,47.921
02/01/2018,3.084898701740464,54.63,60.799,48.46
01/31/2018,3.467005191804593,54.35,61.284,47.415
01/30/2018,3.3075859777184937,54.47,61.085,47.854
01/29/2018,3.7217267497762383,54.26,61.703,46.816
01/26/2018,4.049799377747002,54.02,62.119,45.92
01/25/2018,4.242882275057841,53.87,62.355,45.384
01/24/2018,4.428806272575038,53.77,62.627,44.912
01/23/2018,4.48445091399159,53.27,62.238,44.301
01/22/2018,4.447926483205404,52.79,61.685,43.894
01/19/2018,4.4266296434194725,52.19,61.043,43.336
01/18/2018,4.516220765197379,51.9,60.932,42.867
01/17/2018,4.5704184709936575,51.56,60.7,42.419
01/16/2018,4.054275520977822,50.61,58.718,42.501
01/12/2018,4.1831656672907425,50.05,58.416,41.683
01/11/2018,3.92469425560769,49.46,57.309,41.61
01/10/2018,3.9462007044751286,49.1,56.992,41.207
01/09/2018,2.709197298094031,48.2,53.618,42.781
01/08/2018,2.3733204587665777,47.79,52.536,43.043
01/05/2018,1.8640346026831156,47.3,51.028,43.571
01/04/2018,1.5678249264506545,46.94,50.075,43.804
01/03/2018,1.512630159688746,46.79,49.815,43.764
01/02/2018,1.4936867141405525,46.53,49.517,43.542
12/29/2017,1.528675897631673,46.68,49.737,43.622
12/28/2017,1.6037456157383567,46.85,50.057,43.642
12/27/2017,1.7631222305898142,46.98,50.506,43.453
12/26/2017,1.7684739183827398,46.95,50.486,43.413
12/22/2017,1.8459144075498197,47.04,50.731,43.348
12/21/2017,1.830539537950492,46.97,50.631,43.308
12/20/2017,1.92531166308211,47.18,51.03,43.329
12/19/2017,1.877385149616349,47.09,50.844,43.335
12/18/2017,2.222791038311969,47.12,51.565,42.674
12/15/2017,2.2809263469038195,47.27,51.831,42.708
12/14/2017,2.378339757057431,47.85,52.606,43.093
12/13/2017,2.451071194396442,48.2,53.102,43.297
12/12/2017,2.463564490732889,48.39,53.317,43.462
12/11/2017,2.4440846957501288,48.62,53.508,43.731
12/08/2017,2.4622296805943997,48.83,53.754,43.905
12/07/2017,2.4339782250463946,49.2,54.067,44.332
12/06/2017,2.2481381185327556,49.52,54.016,45.023
12/05/2017,2.254051907121928,49.61,54.118,45.101
12/04/2017,1.577925853771336,50.13,53.285,46.974
12/01/2017,1.5454206547086133,50.17,53.26,47.079
11/30/2017,1.4722941282230257,50.31,53.254,47.365
11/29/2017,1.5638014579862747,50.59,53.717,47.462
11/28/2017,1.8407335494307693,50.72,54.401,47.038
11/27/2017,1.9657886458111409,51.01,54.941,47.078
11/24/2017,2.4263295324419554,51.44,56.292,46.587
11/22/2017,2.6510563932138442,51.72,57.022,46.417
11/21/2017,2.4896736733957723,52.46,57.439,47.48
11/20/2017,2.8879880539919136,52.61,58.385,46.834
11/17/2017,2.9928331059382516,53.27,59.255,47.284
11/16/2017,3.1633566033566307,53.47,59.796,47.143
11/15/2017,3.2886889485021227,53.66,60.237,47.082
11/14/2017,3.3598363055363274,53.96,60.679,47.24
11/13/2017,3.505930689560191,54.47,61.481,47.458
11/10/2017,3.4951216001735896,55.22,62.21,48.229
11/09/2017,3.718208574031317,55.34,62.776,47.903
11/08/2017,3.997605533316162,55.77,63.765,47.774
11/07/2017,3.7926903380054635,56.51,64.095,48.924
11/06/2017,3.713643763206158,56.94,64.367,49.512
11/03/2017,3.3228564519100123,57.7,64.345,51.054
11/02/2017,3.0528879769817956,58.45,64.555,52.344
11/01/2017,3.6637821987667327,59.39,66.717,52.062
10/31/2017,4.748420790115382,60.41,69.906,50.913
10/30/2017,4.967222563968721,61.34,71.274,51.405
10/27/2017,5.280953985787038,61.99,72.551,51.428
10/26/2017,5.1485799012931714,62.23,72.527,51.932
10/25/2017,4.999272447066673,62.81,72.808,52.811
10/24/2017,4.977403941815452,63.29,73.244,53.335
10/23/2017,4.931100282898331,63.6,73.462,53.737
10/20/2017,4.814153612006995,63.98,73.608,54.351
10/19/2017,4.633343824928169,64.45,73.716,55.183
10/18/2017,4.175260470916755,65.09,73.44,56.739
10/17/2017,4.0359757184601595,65.28,73.351,57.208
10/16/2017,3.972851620687589,65.39,73.335,57.444
10/13/2017,3.6246249806014417,65.75,72.999,58.5
10/12/2017,3.5749519227536477,66.15,73.299,59.0
10/11/2017,3.673949679840485,66.46,73.807,59.112
10/10/2017,3.188292058453867,66.94,73.316,60.563
10/09/2017,2.9864956470753476,67.19,73.162,61.217
10/06/2017,3.1992469817130407,67.33,73.728,60.931
10/05/2017,3.970630460015135,67.25,75.191,59.308
10/04/2017,3.541183594506222,66.03,73.112,58.947
10/03/2017,4.706708642990344,65.07,74.483,55.656
10/02/2017,5.694879827529287,63.46,74.849,52.07
09/29/2017,7.712242297153274,62.53,77.954,47.105
09/28/2017,8.956246772504652,61.38,79.292,43.467
09/27/2017,9.854648966350856,59.91,79.619,40.2
09/26/2017,10.52577105251677,58.77,79.821,37.718
09/25/2017,10.88362100819392,57.64,79.407,35.872
09/22/2017,11.119272964092572,56.43,78.668,34.191
09/21/2017,10.95963987775146,55.12,77.039,33.2
09/20/2017,11.036021984845808,54.14,76.212,32.067
09/19/2017,10.983121425623956,53.21,75.176,31.243
09/18/2017,11.137121486272834,52.46,74.734,30.185
09/15/2017,10.62360932075347,51.29,72.537,30.042
09/14/2017,9.403442188900828,49.91,68.716,31.103
09/13/2017,8.499624991727575,48.92,65.919,31.92
09/12/2017,6.915191609782045,47.83,61.66,33.999
09/11/2017,6.398163799091111,47.4,60.196,34.603
09/08/2017,4.809430839506896,46.6,56.218,36.981
09/07/2017,4.925822266383553,46.54,56.391,36.688
09/06/2017,5.534548310386314,46.84,57.909,35.77
09/05/2017,6.796326213477396,47.24,60.832,33.647
09/01/2017,7.417234996951358,48.55,63.384,33.715
08/31/2017,7.9331818963137355,49.55,65.416,33.683
08/30/2017,8.016637387333919,50.74,66.773,34.706
08/29/2017,8.188681212503024,51.9,68.277,35.522
08/28/2017,8.585908513372361,53.02,70.191,35.848
08/25/2017,8.502499632461033,54.15,71.154,37.145
08/24/2017,8.517373421425175,55.13,72.164,38.095
08/23/2017,8.227250452003998,56.16,72.614,39.705
08/22/2017,8.09350820102136,57.17,73.357,40.982
08/21/2017,7.611443686975552,58.13,73.352,42.907
08/18/2017,7.037266870028449,59.08,73.154,45.005
08/17/2017,6.12257298854003,60.06,72.305,47.814
08/16/2017,5.330046904108818,60.99,71.65,50.329
08/15/2017,4.347795418370096,61.64,70.335,52.944
08/14/2017,3.6834087473426025,62.1,69.466,54.733
08/11/2017,2.2256066588685433,62.92,67.371,58.468
08/10/2017,1.8931389278127477,63.19,66.976,59.403
08/09/2017,1.4519814048396067,63.6,66.503,60.696
08/08/2017,1.4483179899455776,63.7,66.596,60.803
08/07/2017,1.482253352163522,63.74,66.704,60.775
08/04/2017,1.5802847844613317,63.59,66.75,60.429
08/03/2017,1.6426731263401118,63.62,66.905,60.334
08/02/2017,2.2446937430304374,63.39,67.879,58.9
08/01/2017,2.0906577912226574,62.97,67.151,58.788
07/31/2017,2.1019276866724033,62.88,67.083,58.676
07/28/2017,2.017975470614051,62.74,66.775,58.704
07/27/2017,2.22582568949143,62.99,67.441,58.538
07/26/2017,2.2753131652587952,62.99,67.54,58.439
07/25/2017,2.8016691453488933,63.33,68.933,57.726
07/24/2017,3.684165441453464,63.82,71.188,56.451
07/21/2017,3.8580273456780994,64.3,72.016,56.583
07/20/2017,4.087954867656931,64.22,72.395,56.044
07/19/2017,3.9639185158123516,64.59,72.517,56.662
07/18/2017,3.776877016795755,64.94,72.493,57.386
07/17/2017,3.7718695629621126,65.0,72.543,57.456
07/14/2017,4.519825770978346,64.49,73.529,55.45
07/13/2017,5.410921825345474,63.82,74.641,52.998
07/12/2017,5.908263281202014,63.38,75.196,51.563
07/11/2017,6.227525592079088,62.56,75.015,50.104
07/10/2017,6.876630715692096,61.94,75.693,48.186
07/07/2017,7.332898471955001,61.26,75.925,46.594
07/06/2017,7.5924716002103025,61.07,76.254,45.885
07/05/2017,7.766524319153323,60.84,76.373,45.306
07/03/2017,8.34679579239842,60.15,76.843,43.456
06/30/2017,8.822535066521413,59.53,77.175,41.884
06/29/2017,8.830004246884595,58.84,76.5,41.179
06/28/2017,9.010029134248123,58.25,76.27,40.229
06/27/2017,9.258327332731328,57.25,75.766,38.733
06/26/2017,8.01798447242198,55.58,71.615,39.544
06/23/2017,7.777796924579606,54.5,70.055,38.944
06/22/2017,6.869750723279557,53.21,66.949,39.47
06/21/2017,6.000020833297164,52.16,64.16,40.159
06/20/2017,5.331843020945009,51.32,61.983,40.656
06/19/2017,2.8441826593944346,49.9,55.588,44.211
06/16/2017,2.576019215766839,49.33,54.482,44.177
06/15/2017,2.6484712571594957,49.28,54.576,43.983
06/14/2017,2.7114387324813367,48.98,54.402,43.557
06/13/2017,2.1952904135899654,48.47,52.86,44.079
06/12/2017,2.311849908622963,48.51,53.133,43.886
06/09/2017,2.227122583065423,48.37,52.824,43.915
06/08/2017,2.4334748817277734,48.47,53.336,43.603
06/07/2017,1.840957631234353,48.02,51.701,44.338
06/06/2017,1.8177114732542126,48.14,51.775,44.504
06/05/2017,1.9902638016102288,48.38,52.36,44.399
06/02/2017,1.732404398516697,48.11,51.574,44.645
06/01/2017,1.4154151334502538,47.64,50.47,44.809
05/31/2017,1.3694250618416477,47.71,50.448,44.971
05/30/2017,1.4234289585363933,47.63,50.476,44.783
05/26/2017,1.5114149000191839,47.57,50.592,44.547
05/25/2017,1.4737282653189494,47.65,50.597,44.702
05/24/2017,1.54544491975612,47.78,50.87,44.689
05/23/2017,1.5560366319595436,47.81,50.922,44.697
05/22/2017,1.9508523778082238,48.01,51.911,44.108
05/19/2017,1.8637931752208994,48.19,51.917,44.462
05/18/2017,2.0034283116697744,48.11,52.116,44.103
05/17/2017,1.9982117004962219,48.57,52.566,44.573
05/16/2017,2.200511304219999,48.8,53.201,44.398
05/15/2017,2.2750604387576177,49.11,53.66,44.559
05/12/2017,2.565077971524453,49.48,54.61,44.349
05/11/2017,3.3669570831835682,49.56,56.293,42.826
05/10/2017,3.9803109175038074,50.23,58.19,42.269
05/09/2017,4.904314427114151,50.99,60.798,41.181
05/08/2017,5.98619871036704,51.83,63.802,39.857
05/05/2017,8.204256517198862,53.32,69.728,36.911
05/04/2017,10.080544380141381,55.03,75.191,34.868
05/03/2017,11.407386861152732,56.81,79.624,33.995
05/02/2017,12.169743218326342,58.29,82.629,33.95
05/01/2017,12.486174354060575,60.14,85.112,35.167
04/28/2017,12.323709871625509,61.64,86.287,36.992
04/27/2017,12.482783143193668,62.9,87.865,37.934
04/26/2017,11.975986389437823,64.46,88.411,40.508
04/25/2017,12.045756514225248,65.1,89.191,41.008
04/24/2017,11.307898788015393,66.31,88.925,43.694
04/21/2017,10.43101744797697,67.55,88.412,46.687
04/20/2017,9.876494823569747,68.49,88.242,48.737
04/19/2017,9.38200671498374,69.62,88.384,50.855
04/18/2017,8.354673841629007,70.94,87.649,54.23
04/17/2017,7.475135450277808,72.53,87.48,57.579
04/13/2017,6.71128899690663,73.89,87.312,60.467
04/12/2017,5.663788484751174,74.81,86.137,63.482
04/11/2017,5.439522037826485,74.94,85.819,64.06
04/10/2017,5.683220917754298,75.26,86.626,63.893
04/07/2017,6.480534314391059,74.56,87.521,61.598
04/06/2017,6.668588681272823,73.79,87.127,60.452
04/05/2017,6.331599324025487,72.96,85.623,60.296
04/04/2017,6.295820041900818,72.57,85.161,59.978
04/03/2017,5.897194248114946,72.06,83.854,60.265
03/31/2017,6.291651214109059,72.25,84.833,59.666
03/30/2017,9.905725617035836,74.01,93.821,54.198
03/29/2017,13.18426429498438,75.76,102.128,49.391
03/28/2017,15.61092005616581,77.92,109.141,46.698
03/27/2017,17.281445252061527,80.13,114.692,45.567
03/24/2017,18.815817149409163,82.39,120.021,44.758
03/23/2017,19.64756091732508,84.69,123.985,45.394
03/22/2017,20.562197718142873,86.59,127.714,45.465
03/21/2017,21.18152496870799,88.91,131.273,46.546
03/20/2017,21.96315949493606,90.55,134.476,46.623
03/17/2017,22.8231729827384,91.99,137.636,46.343
03/16/2017,23.7689945096548,93.42,140.957,45.882
03/15/2017,23.466919269473784,96.14,143.073,49.206
03/14/2017,22.64349244264232,98.85,144.136,53.563
03/13/2017,20.87943485825227,101.99,143.748,60.231
03/10/2017,18.95815325921805,104.84,142.756,66.923
03/09/2017,17.043360877479536,107.33,141.416,73.243
03/08/2017,14.050563155973498,109.79,137.891,81.688
03/07/2017,11.294240789003926,111.88,134.468,89.291
03/06/2017,3.1755668785273605,115.01,121.361,108.658
03/03/2017,2.085809195492244,115.92,120.091,111.748
03/02/2017,2.1479234157669596,116.24,120.535,111.944
03/01/2017,2.3283363159131465,116.61,121.266,111.953
02/28/2017,2.4503775219341204,117.12,122.02,112.219
02/27/2017,3.000224991563133,117.33,123.33,111.329
02/24/2017,5.013591527039275,118.53,128.557,108.502
02/23/2017,6.820894369509031,119.97,133.611,106.328
02/22/2017,8.481764262227523,121.43,138.393,104.466
02/21/2017,9.659767077937232,122.73,142.049,103.41
02/17/2017,10.437770355780014,124.07,144.945,103.194
02/16/2017,11.115091092744136,125.4,147.63,103.169
02/15/2017,11.64913086886743,126.65,149.948,103.351
02/14/2017,12.251483583631822,128.28,152.782,103.777
02/13/2017,12.684207700916918,129.62,154.988,104.251
02/10/2017,13.244583798670309,131.1,157.589,104.61
02/09/2017,13.616324761109366,132.44,159.672,105.207
02/08/2017,13.263891774287062,134.26,160.787,107.732
02/07/2017,13.13263492220811,136.08,162.345,109.814
02/06/2017,11.933383845330713,138.24,162.106,114.373
02/03/2017,11.803380871597767,140.24,163.846,116.633
02/02/2017,11.099939189022615,141.99,164.189,119.79
02/01/2017,10.204551680500229,143.72,164.129,123.31
01/31/2017,8.277700465709062,145.27,161.825,128.714
01/30/2017,5.615411828174317,146.97,158.2,135.739
01/27/2017,4.819011828165605,147.88,157.518,138.241
01/26/2017,4.585340772505353,148.77,157.94,139.599
01/25/2017,5.288277129651963,149.8,160.376,139.223
01/24/2017,6.045814668016213,150.77,162.861,138.678
01/23/2017,5.970391528199805,151.57,163.51,139.629
01/20/2017,7.597851670044633,153.18,168.375,137.984
01/19/2017,7.555635314121507,154.6,169.711,139.488
01/18/2017,7.493006739620618,154.89,169.876,139.903
01/17/2017,7.062002194845312,155.5,169.624,141.375
01/13/2017,7.303307469907043,155.27,169.876,140.663
01/12/2017,8.205479876277803,156.54,172.95,140.129
01/11/2017,8.00335086073327,157.37,173.376,141.363
01/10/2017,7.969209496556105,157.64,173.578,141.701
01/09/2017,7.635939693318695,158.32,173.591,143.048
01/06/2017,7.888242833483261,158.08,173.856,142.303
01/05/2017,8.06538126811126,157.6,173.73,141.469
01/04/2017,8.392833252245632,156.98,173.765,140.194
01/03/2017,8.274252232075112,157.1,173.648,140.551
12/30/2016,8.08728322738854,157.58,173.754,141.405
12/29/2016,8.216605138376798,158.73,175.163,142.296
12/28/2016,8.703697490147505,159.93,177.337,142.522
12/27/2016,9.679879906279826,160.87,180.229,141.51
12/23/2016,12.19342958318126,162.11,186.496,137.723
12/22/2016,13.591893723834067,164.39,191.573,137.206
12/21/2016,13.848981912039596,164.42,192.117,136.722
12/20/2016,14.368903924795374,164.46,193.197,135.722
12/19/2016,14.62018467735616,165.62,194.86,136.379
12/16/2016,15.001508257505307,166.25,196.253,136.246
12/15/2016,13.72884372407232,169.41,196.867,141.952
12/14/2016,13.806053925724031,168.8,196.412,141.187
12/13/2016,13.924030486895663,169.33,197.178,141.481
12/12/2016,13.72849226972867,170.06,197.516,142.603
12/09/2016,13.942506948178288,170.06,197.945,142.174
12/08/2016,13.502939494791491,170.42,197.425,143.414
12/07/2016,13.228543948598421,170.6,197.057,144.142
12/06/2016,13.09886636316288,170.69,196.887,144.492
12/05/2016,11.541806617683383,172.04,195.123,148.956
12/02/2016,10.934627337042627,172.72,194.589,150.85
12/01/2016,10.88852033106427,172.93,194.707,151.152
11/30/2016,11.455274985787115,174.07,196.98,151.159
11/29/2016,12.76186017005358,175.36,200.883,149.836
11/28/2016,12.520059904010042,175.13,200.17,150.089
11/25/2016,12.80153799353812,175.25,200.853,149.646
11/23/2016,13.260365756644875,175.64,202.16,149.119
11/22/2016,13.918050330416254,176.38,204.216,148.543
11/21/2016,14.629151547509514,176.99,206.248,147.731
11/18/2016,15.352512823639001,178.44,209.145,147.734
11/17/2016,16.173339172848628,179.46,211.806,147.113
11/16/2016,17.094701664550918,180.89,215.079,146.7
11/15/2016,17.890383590074308,182.02,217.8,146.239
11/14/2016,18.725540045616842,183.27,220.721,145.818
11/11/2016,18.906158388207796,184.19,222.002,146.377
11/10/2016,18.11097733420259,185.81,222.031,149.588
11/09/2016,17.47728525830027,187.35,222.304,152.395
11/08/2016,13.060967613465703,190.7,216.821,164.578
11/07/2016,11.902384214937781,192.75,216.554,168.945
11/04/2016,10.772514794605758,194.26,215.805,172.714
11/03/2016,5.363056497931008,197.2,207.926,186.473
11/02/2016,4.588899650242966,197.81,206.987,188.632
11/01/2016,4.236112604735621,198.24,206.712,189.767
10/31/2016,4.373191054596175,198.02,206.766,189.273
10/28/2016,4.385954856128824,198.12,206.891,189.348
10/27/2016,4.165681216799961,198.39,206.721,190.058
10/26/2016,4.049854935673623,198.83,206.929,190.73
10/25/2016,4.296161077054725,199.46,208.052,190.867
10/24/2016,4.655947808985838,199.17,208.481,189.858
10/21/2016,4.849079809613369,198.76,208.458,189.061
10/20/2016,4.628055747287411,198.53,207.786,189.273
10/19/2016,4.723041922320829,198.55,207.996,189.103
10/18/2016,4.524709935454431,198.26,207.309,189.21
10/17/2016,4.735411808913775,198.13,207.6,188.659
10/14/2016,4.353234429708563,198.98,207.686,190.273
10/13/2016,5.613791054180768,200.33,211.557,189.102
10/12/2016,8.488393546484518,202.27,219.246,185.293
10/11/2016,8.513474613810745,201.75,218.776,184.723
10/10/2016,8.629430745999414,201.53,218.788,184.271
10/07/2016,8.759136658369934,201.11,218.628,183.591
10/06/2016,8.668119749980386,201.29,218.626,183.953
10/05/2016,8.622899744285563,201.39,218.635,184.144
10/04/2016,8.740570633545616,201.31,218.791,183.828
10/03/2016,9.255147216549286,200.81,219.32,182.299
09/30/2016,9.660978211340712,200.4,219.721,181.078
09/29/2016,10.169968043214293,199.91,220.249,179.57
09/28/2016,10.163815720486081,198.68,219.007,178.352
09/27/2016,9.915772788845052,199.19,219.021,179.358
09/26/2016,10.005402290762724,199.34,219.35,179.329
09/23/2016,10.438685262043299,198.66,219.537,177.782
09/22/2016,10.989839625763423,197.86,219.839,175.88
09/21/2016,11.131402651957208,196.15,218.412,173.887
09/20/2016,11.397129024451727,196.34,219.134,173.545
09/19/2016,12.328802658814842,195.95,220.607,171.292
09/16/2016,12.231529953362335,195.07,219.533,170.606
09/15/2016,5.578409271467984,191.78,202.936,180.623
09/14/2016,5.19906962830851,190.96,201.358,180.561
09/13/2016,6.1254163123823675,190.09,202.34,177.839
09/12/2016,6.362086921757671,189.06,201.784,176.335
09/09/2016,7.1637019061376375,187.93,202.257,173.602
09/08/2016,8.7416560216014,185.57,203.053,168.086
09/07/2016,10.591686598460136,183.52,204.703,162.336
09/06/2016,13.03323060488074,181.92,207.986,155.853
09/02/2016,14.539316524513799,179.66,208.738,150.581
09/01/2016,16.256490242361664,178.54,211.052,146.027
08/31/2016,16.68169355910844,176.18,209.543,142.816
08/30/2016,16.408620447801212,173.41,206.227,140.592
08/29/2016,16.513172772062916,171.2,204.226,138.173
08/26/2016,16.69112488719679,169.29,202.672,135.907
08/25/2016,16.752529659726022,167.66,201.165,134.154
08/24/2016,17.211015368071696,166.52,200.942,132.097
08/23/2016,16.07509331232637,164.57,196.72,132.419
08/22/2016,15.838201444608538,163.63,195.306,131.953
08/19/2016,14.432734494890425,162.01,190.875,133.144
08/18/2016,12.827096319900305,160.86,186.514,135.205
08/17/2016,10.176201403274211,159.31,179.662,138.957
08/16/2016,9.688453178913548,158.9,178.276,139.523
08/15/2016,8.689892116706629,158.36,175.739,140.98
08/12/2016,9.861775955678572,158.45,178.173,138.726
08/11/2016,11.660838306056732,159.69,183.011,136.368
08/10/2016,13.29393658778317,161.45,188.037,134.862
08/09/2016,14.92431991750378,163.06,192.908,133.211
08/08/2016,15.659473969453765,165.2,196.518,133.881
08/05/2016,16.38319413301326,167.42,200.186,134.653
08/04/2016,17.94519852216743,170.03,205.92,134.139
08/03/2016,19.259689120024756,173.05,211.569,134.53
08/02/2016,19.68090762642821,175.93,215.291,136.568
08/01/2016,19.653519404931018,178.49,217.797,139.182
07/29/2016,18.810172115108358,180.61,218.23,142.989
07/28/2016,17.044541648281424,182.76,216.849,148.67
07/27/2016,15.470404002481644,184.74,215.68,153.799
07/26/2016,14.987880937610896,186.44,216.415,156.464
07/25/2016,12.882483262166499,188.68,214.444,162.915
07/22/2016,12.375252522676055,189.58,214.33,164.829
07/21/2016,12.055640795909605,191.74,215.851,167.628
07/20/2016,10.614808052904205,194.31,215.539,173.08
07/19/2016,8.745836152135482,196.86,214.351,179.368
07/18/2016,9.106632198568247,197.9,216.113,179.686
07/15/2016,8.994061929962454,199.28,217.268,181.291
07/14/2016,8.809672241349272,200.47,218.089,182.85
07/13/2016,9.019179563574502,201.27,219.308,183.231
07/12/2016,8.583916646846005,202.48,219.647,185.312
07/11/2016,8.207601659437424,203.81,220.225,187.394
07/08/2016,8.579616832936068,204.53,221.689,187.37
07/07/2016,10.489163455681295,205.67,226.648,184.691
07/06/2016,12.527882901751594,206.88,231.935,181.824
07/05/2016,13.980440801348143,208.24,236.2,180.279
07/01/2016,16.296123005181325,210.4,242.992,177.807
06/30/2016,21.049362223117356,215.03,257.128,172.931
06/29/2016,0.0,0.0,0.0,0.0
06/28/2016,0.0,0.0,0.0,0.0
06/27/2016,0.0,0.0,0.0,0.0
06/24/2016,0.0,0.0,0.0,0.0
06/23/2016,0.0,0.0,0.0,0.0
06/22/2016,0.0,0.0,0.0,0.0
06/21/2016,0.0,0.0,0.0,0.0
06/20/2016,0.0,0.0,0.0,0.0
06/17/2016,0.0,0.0,0.0,0.0
06/16/2016,0.0,0.0,0.0,0.0
06/15/2016,0.0,0.0,0.0,0.0
06/14/2016,0.0,0.0,0.0,0.0
06/13/2016,0.0,0.0,0.0,0.0
06/10/2016,0.0,0.0,0.0,0.0
06/09/2016,0.0,0.0,0.0,0.0
06/08/2016,0.0,0.0,0.0,0.0
06/07/2016,0.0,0.0,0.0,0.0
06/06/2016,0.0,0.0,0.0,0.0
06/03/2016,0.0,0.0,0.0,0.0
