06/20/2023,10.762543147416414,172.9,194.425,151.374
06/16/2023,11.056983313725311,172.95,195.063,150.836
06/15/2023,9.80554638967151,172.0,191.611,152.388
06/14/2023,9.445958924323142,171.32,190.211,152.428
06/13/2023,9.43666863887887,171.25,190.123,152.376
06/12/2023,9.430511385921763,171.12,189.981,152.258
06/09/2023,9.491399264597398,171.16,190.142,152.177
06/08/2023,9.458812887989698,170.61,189.527,151.692
06/07/2023,9.734381079452355,171.48,190.948,152.011
06/06/2023,9.497424914154363,170.52,189.514,151.525
06/05/2023,9.102616382117837,169.19,187.395,150.984
06/02/2023,9.439289697853331,167.96,186.838,149.081
06/01/2023,9.880784381819087,166.76,186.521,146.998
05/31/2023,11.066225417910122,165.61,187.742,143.477
05/30/2023,12.16771753452553,164.58,188.915,140.244
05/26/2023,12.423572465780525,164.37,189.217,139.522
05/25/2023,12.393769805833896,164.4,189.187,139.612
05/24/2023,12.337015441345608,164.14,188.814,139.465
05/23/2023,12.766719625651689,162.9,188.433,137.366
05/22/2023,13.527554472261423,160.73,187.785,133.674
05/19/2023,13.88874688371849,159.24,187.017,131.462
05/18/2023,12.504761693051174,157.03,182.039,132.02
05/17/2023,11.936183016358289,155.27,179.142,131.397
05/16/2023,11.379330823910516,153.81,176.568,131.051
05/15/2023,10.49778024155583,152.38,173.375,131.384
05/12/2023,10.142430182160487,151.35,171.634,131.065
05/11/2023,9.46774497966649,150.0,168.935,131.064
05/10/2023,7.621035690770647,148.25,163.492,133.007
05/09/2023,6.1229004564830225,146.7,158.945,134.454
05/08/2023,5.598993213069654,145.69,156.887,134.492
05/05/2023,4.7272841040072935,145.16,154.614,135.705
05/04/2023,3.419918858686566,144.34,151.179,137.5
05/03/2023,3.2898586595779498,144.18,150.759,137.6
05/02/2023,4.118153712527015,144.83,153.066,136.593
05/01/2023,4.293139876593824,145.07,153.656,136.483
04/28/2023,4.662376539920389,145.26,154.584,135.935
04/27/2023,4.694214524284123,145.06,154.448,135.671
04/26/2023,4.885852023956518,144.3,154.071,134.528
04/25/2023,5.0047322605709885,144.15,154.159,134.14
04/24/2023,5.336787423160116,143.99,154.663,133.316
04/21/2023,5.561778492532761,143.52,154.643,132.396
04/20/2023,5.599732136450814,143.32,154.519,132.12
04/19/2023,5.842725819341517,142.98,154.665,131.294
04/18/2023,5.895016963504007,142.92,154.71,131.129
04/17/2023,5.969969011644868,142.16,154.099,130.22
04/14/2023,6.150118698041527,141.73,154.03,129.429
04/13/2023,6.170755626339452,141.66,154.001,129.318
04/12/2023,6.170902689234372,141.69,154.031,129.348
04/11/2023,6.175476095006765,141.61,153.96,129.259
04/10/2023,6.070951737577889,141.3,153.441,129.158
04/06/2023,6.375361950509162,140.65,153.4,127.899
04/05/2023,7.012086707963615,140.65,154.674,126.625
04/04/2023,5.749757820986896,139.82,151.319,128.32
04/03/2023,5.503533410455503,139.53,150.537,128.522
03/31/2023,3.201500429486148,138.42,144.823,132.016
03/30/2023,3.06427560770894,138.28,144.408,132.151
03/29/2023,3.1268162721848545,137.99,144.243,131.736
03/28/2023,4.691973465398115,138.96,148.343,129.576
03/27/2023,5.656087428602919,139.95,151.262,128.637
03/24/2023,6.36672992987766,141.0,153.733,128.266
03/23/2023,6.595144426015247,141.33,154.52,128.139
03/22/2023,6.870352247155891,142.36,156.1,128.619
03/21/2023,7.206244514308406,142.61,157.022,128.197
03/20/2023,7.416609400527978,143.24,158.073,128.406
03/17/2023,7.29607497220252,144.41,159.002,129.817
03/16/2023,8.320210934826111,145.75,162.39,129.109
03/15/2023,10.545483867514093,147.35,168.44,126.259
03/14/2023,11.456409996154992,149.02,171.932,126.107
03/13/2023,12.057149953450859,149.8,173.914,125.685
03/10/2023,10.967070255998182,151.35,173.284,129.415
03/09/2023,10.214369779873843,152.99,173.418,132.561
03/08/2023,10.0824863005114,153.75,173.914,133.585
03/07/2023,9.788636524051755,154.7,174.277,135.122
03/06/2023,9.246719958990864,155.59,174.083,137.096
03/03/2023,9.522770080181504,156.29,175.335,137.244
03/02/2023,8.957086021692549,158.6,176.514,140.685
03/01/2023,7.856681869593553,159.9,175.613,144.186
02/28/2023,7.780532758108537,160.02,175.581,144.458
02/27/2023,8.057086011704236,159.71,175.824,143.595
02/24/2023,7.6569661093673425,160.24,175.553,144.926
02/23/2023,7.4819709970034,160.39,175.353,145.426
02/22/2023,8.201295629350282,159.88,176.282,143.477
02/21/2023,8.505466183578655,159.66,176.67,142.649
02/17/2023,8.426374368611928,159.97,176.822,143.117
02/16/2023,9.346569691603442,159.51,178.203,140.816
02/15/2023,10.046120893160705,157.53,177.622,137.437
02/14/2023,9.653892220239463,155.41,174.717,136.102
02/13/2023,9.716332641485677,154.53,173.962,135.097
02/10/2023,10.162894272794537,153.76,174.085,133.434
02/09/2023,10.336069852705139,152.85,173.522,132.177
02/08/2023,10.580222823740527,151.85,173.01,130.689
02/07/2023,10.646282214933061,150.54,171.832,129.247
02/06/2023,11.126365084788473,149.45,171.702,127.197
02/03/2023,12.48844646062912,147.9,172.876,122.923
02/02/2023,12.338257980768596,145.37,170.046,120.693
02/01/2023,10.277188574702713,142.87,163.424,122.315
01/31/2023,9.541793070487328,141.58,160.663,122.496
01/30/2023,9.424855967069206,141.26,160.109,122.41
01/27/2023,7.967241366997737,140.1,156.034,124.165
01/26/2023,7.316322163491708,139.3,153.932,124.667
01/25/2023,6.875090544858299,138.45,152.2,124.699
01/24/2023,7.017142580851552,138.58,152.614,124.545
01/23/2023,6.38532458063018,138.0,150.77,125.229
01/20/2023,6.214312512257489,137.59,150.018,125.161
01/19/2023,6.229462256085993,137.95,150.408,125.491
01/18/2023,6.551546382343635,138.34,151.443,125.236
01/17/2023,6.087881815541427,137.86,150.035,125.684
01/13/2023,6.108926255898002,137.86,150.077,125.642
01/12/2023,6.5485231159399575,138.27,151.367,125.172
01/11/2023,7.06722116535205,138.7,152.834,124.565
01/10/2023,7.6044260138422,139.18,154.388,123.971
01/09/2023,8.020081046972031,139.31,155.35,123.269
01/06/2023,7.771550360127636,139.99,155.533,124.446
01/05/2023,5.6669149455413566,141.14,152.473,129.806
01/04/2023,4.537216106821452,141.86,150.934,132.785
01/03/2023,4.506652305203943,142.32,151.333,133.306
12/30/2022,4.75150555087543,142.27,151.773,132.766
12/29/2022,5.403338319964799,142.85,153.656,132.043
12/28/2022,5.400394892968478,142.97,153.77,132.169
12/27/2022,5.509098383583288,142.87,153.888,131.851
12/23/2022,5.309760352407631,143.12,153.739,132.5
12/22/2022,5.178320673731978,143.55,153.906,133.193
12/21/2022,5.183758289118042,143.47,153.837,133.102
12/20/2022,5.477153001331988,143.24,154.194,132.285
12/19/2022,5.07403636171441,143.66,153.808,133.511
12/16/2022,5.042967380421968,143.96,154.045,133.874
12/15/2022,5.080970871792123,144.3,154.461,134.138
12/14/2022,5.630523510296358,144.91,156.171,133.648
12/13/2022,7.444215875429731,145.98,160.868,131.091
12/12/2022,7.168319886835411,145.54,159.876,131.203
12/09/2022,7.801304698574465,146.2,161.802,130.597
12/08/2022,7.879124634120217,146.16,161.918,130.401
12/07/2022,8.902926485150825,145.5,163.305,127.694
12/06/2022,9.466894686221032,145.06,163.993,126.126
12/05/2022,9.70454481158184,145.33,164.739,125.92
12/02/2022,10.075779126201606,144.53,164.681,124.378
12/01/2022,9.869144593124574,144.11,163.848,124.371
11/30/2022,10.109010337317892,143.87,164.088,123.651
11/29/2022,10.292318980676805,145.33,165.914,124.745
11/28/2022,10.697768926276172,146.39,167.785,124.994
11/25/2022,11.049731444700365,147.22,169.319,125.12
11/23/2022,12.047667409087955,148.3,172.395,124.204
11/22/2022,12.859741249340907,149.55,175.269,123.83
11/21/2022,14.46139101193243,151.62,180.542,122.697
11/18/2022,15.08784593638204,153.44,183.615,123.264
11/17/2022,15.889221346560694,154.84,186.618,123.061
11/16/2022,16.38597052359121,156.33,189.101,123.558
11/15/2022,16.73451239205971,157.0,190.469,123.53
11/14/2022,17.00793785266162,157.36,191.375,123.344
11/11/2022,17.319654153590943,157.23,191.869,122.59
11/10/2022,17.412332985559402,157.25,192.074,122.425
11/09/2022,16.942630108693276,158.07,191.955,124.184
11/08/2022,15.150111385729149,159.76,190.06,129.459
11/07/2022,13.251764599478816,161.11,187.613,134.606
11/04/2022,9.968567600212179,163.21,183.147,143.272
11/03/2022,10.017537372029112,164.34,184.375,144.304
11/02/2022,9.818743555058353,166.95,186.587,147.312
11/01/2022,10.191747887384182,168.59,188.973,148.206
10/31/2022,10.71543256243069,169.49,190.92,148.059
10/28/2022,10.339901353494625,170.31,190.989,149.63
10/27/2022,10.186119722445833,170.8,191.172,150.427
10/26/2022,10.182765341497365,170.75,191.115,150.384
10/25/2022,10.00527635800231,170.72,190.73,150.709
10/24/2022,9.989919168842157,170.52,190.499,150.54
10/21/2022,9.774212756022859,169.6,189.148,150.051
10/20/2022,9.740249740124735,169.51,188.99,150.029
10/19/2022,9.73410601955824,169.45,188.918,149.981
10/18/2022,9.975324305505058,169.98,189.93,150.029
10/17/2022,10.61954118594584,169.92,191.159,148.68
10/14/2022,10.439896551211605,171.73,192.609,150.85
10/13/2022,11.110817926687485,172.62,194.841,150.398
10/12/2022,11.186883390828744,174.8,197.173,152.426
10/11/2022,10.848097068149784,177.19,198.886,155.493
10/10/2022,9.054516552527803,179.53,197.639,161.42
10/07/2022,9.568777612631614,180.89,200.027,161.752
10/06/2022,9.57059245815012,180.94,200.081,161.798
10/05/2022,9.467227154769233,180.42,199.354,161.485
10/04/2022,9.450428826249102,180.1,199.0,161.199
10/03/2022,9.782126813735342,179.5,199.064,159.935
09/30/2022,9.81849351988379,179.47,199.106,159.833
09/29/2022,9.618356928290817,179.7,198.936,160.463
09/28/2022,9.521247554811291,180.06,199.102,161.017
09/27/2022,9.28365472214472,180.79,199.357,162.222
09/26/2022,8.560898317349645,181.91,199.031,164.788
09/23/2022,8.996191138476327,183.12,201.112,165.127
09/22/2022,8.526386690738345,184.79,201.842,167.737
09/21/2022,10.033048141018758,184.04,204.106,163.973
09/20/2022,12.114439524798495,182.68,206.908,158.451
09/19/2022,13.770320802363319,180.75,208.29,153.209
09/16/2022,15.18312336115333,179.69,210.056,149.323
09/15/2022,15.24857501539078,178.05,208.547,147.552
09/14/2022,14.596104446049981,175.88,205.072,146.687
09/13/2022,14.279122346979173,174.63,203.188,146.071
09/12/2022,13.824683721517827,173.75,201.399,146.1
09/09/2022,13.01764341192368,172.33,198.365,146.294
09/08/2022,12.795113715790103,171.46,197.05,145.869
09/07/2022,12.700021259824727,171.06,196.46,145.659
09/06/2022,12.904864974109572,170.56,196.369,144.75
09/02/2022,12.939048651272628,170.78,196.658,144.901
09/01/2022,13.046948302189291,170.55,196.643,144.456
08/31/2022,13.433673362115071,170.0,196.867,143.132
08/30/2022,13.200238066035023,168.96,195.36,142.559
08/29/2022,13.446362333359904,167.57,194.462,140.677
08/26/2022,12.231567561028308,165.33,189.793,140.866
08/25/2022,9.676214910800608,162.77,182.122,143.417
08/24/2022,8.292974134772157,160.06,176.645,143.474
08/23/2022,9.207508349168084,159.39,177.805,140.974
08/22/2022,11.1623254745595,158.24,180.564,135.915
08/19/2022,11.681550838822728,158.04,181.403,134.676
08/18/2022,12.13376260687508,157.23,181.497,132.962
08/17/2022,12.143572373893935,157.14,181.427,132.852
08/16/2022,11.858848173410435,156.52,180.237,132.802
08/15/2022,11.833391736945076,155.61,179.276,131.943
08/12/2022,11.506689793333265,154.42,177.433,131.406
08/11/2022,12.180565052574531,154.05,178.411,129.688
08/10/2022,10.406278393354658,152.18,172.992,131.367
08/09/2022,10.114559555413175,151.55,171.779,131.32
08/08/2022,8.986569423311654,150.19,168.163,132.216
08/05/2022,7.628669608785006,149.17,164.427,133.912
08/04/2022,7.589428502858434,149.16,164.338,133.981
08/03/2022,7.265032690910619,148.93,163.46,134.399
08/02/2022,7.233939106738457,148.34,162.807,133.872
08/01/2022,7.264493100003604,148.72,163.248,134.191
07/29/2022,7.343735765943651,148.36,163.047,133.672
07/28/2022,7.7145178073551675,147.91,163.339,132.48
07/27/2022,7.883065076478818,147.81,163.576,132.043
07/26/2022,6.7954470051645615,148.52,162.11,134.929
07/25/2022,6.2137722037422645,149.12,161.547,136.692
07/22/2022,5.9817702229356815,150.37,162.333,138.406
07/21/2022,5.802510663497311,149.54,161.145,137.934
07/20/2022,7.10450596452702,147.68,161.889,133.47
07/19/2022,8.987840953198939,146.54,164.515,128.564
07/18/2022,10.793741705266067,145.26,166.847,123.672
07/15/2022,12.613268410685631,143.4,168.626,118.173
07/14/2022,13.417362445726805,142.3,169.134,115.465
07/13/2022,14.540172454273025,140.21,169.29,111.129
07/12/2022,16.10374630326745,139.33,171.537,107.122
07/11/2022,16.126868263863262,137.73,169.983,105.476
07/08/2022,15.216959124608307,136.32,166.753,105.886
07/07/2022,14.207123565310468,135.09,163.504,106.675
07/06/2022,13.534544691270558,133.94,161.009,106.87
07/05/2022,11.838692284200988,131.95,155.627,108.272
07/01/2022,11.403877629999368,131.12,153.927,108.312
06/30/2022,11.44795680460055,131.17,154.065,108.274
06/29/2022,11.155671427574408,130.32,152.631,108.008
06/28/2022,11.783635474674192,130.16,153.727,106.592
06/27/2022,10.580101370024769,129.04,150.2,107.879
06/24/2022,8.537336821280979,127.48,144.554,110.405
06/23/2022,7.17506515649858,126.58,140.93,112.229
06/22/2022,6.957468648869357,125.92,139.834,112.005
06/21/2022,7.393023062320312,126.82,141.606,112.033
06/17/2022,8.297876535596322,127.52,144.115,110.924
06/16/2022,8.452823197015302,129.33,146.235,112.424
06/15/2022,8.46069264304052,130.11,147.031,113.188
06/14/2022,8.746863152010555,131.44,148.933,113.946
06/13/2022,7.9922165260958735,133.06,149.044,117.075
06/10/2022,8.21132632404778,135.59,152.012,119.167
06/09/2022,8.107182309532703,136.31,152.524,120.095
06/08/2022,8.21174311580678,135.93,152.353,119.506
06/07/2022,8.549911695450428,136.29,153.389,119.19
06/06/2022,8.146175176117932,137.39,153.682,121.097
06/03/2022,8.757880736799287,138.78,156.295,121.264
06/02/2022,10.94055483053762,139.77,161.651,117.888
06/01/2022,14.303785862491093,142.89,171.497,114.282
05/31/2022,15.565164470701877,145.36,176.49,114.229
05/27/2022,16.764881150786604,147.64,181.169,114.11
05/26/2022,17.668390277554998,149.33,184.666,113.993
05/25/2022,17.986667979367386,152.56,188.533,116.586
05/24/2022,17.219340289337456,155.3,189.738,120.861
05/23/2022,17.494431256831415,157.31,192.298,122.321
05/20/2022,17.78445697793441,160.06,195.628,124.491
05/19/2022,18.13347594919408,161.01,197.276,124.743
05/18/2022,17.408280644566826,163.0,197.816,128.183
05/17/2022,17.155799311020168,165.46,199.771,131.148
05/16/2022,17.619561146634727,168.31,203.549,133.07
05/13/2022,18.75505505190534,169.49,207.0,131.979
05/12/2022,19.88970726280304,171.64,211.419,131.86
05/11/2022,18.884023803204656,176.19,213.958,138.421
05/10/2022,17.839528020662428,180.04,215.719,144.36
05/09/2022,16.492421441377246,183.44,216.424,150.455
05/06/2022,14.887577875530996,186.7,216.475,156.924
05/05/2022,14.32194470035407,189.85,218.493,161.206
05/04/2022,15.113108052283621,191.11,221.336,160.883
05/03/2022,16.71303219047938,193.54,226.966,160.113
05/02/2022,19.62265412730908,196.4,235.645,157.154
04/29/2022,19.53036097976686,200.43,239.49,161.369
04/28/2022,20.573867526549307,202.17,243.317,161.022
04/27/2022,20.261153965162006,205.24,245.762,164.717
04/26/2022,20.524116546151262,208.37,249.418,167.321
04/25/2022,21.407428033278542,210.35,253.164,167.535
04/22/2022,19.5151466814882,212.79,251.82,173.759
04/21/2022,16.78474247642781,215.92,249.489,182.35
04/20/2022,14.508727028929862,218.26,247.277,189.242
04/19/2022,14.214695564801941,219.35,247.779,190.92
04/18/2022,12.48965311768105,220.6,245.579,195.62
04/14/2022,10.218489614419537,222.65,243.086,202.213
04/13/2022,10.740766965165939,222.12,243.601,200.638
04/12/2022,11.619197261429033,221.63,244.868,198.391
04/11/2022,16.046110276325535,219.45,251.542,187.357
04/08/2022,19.588315649897005,217.49,256.666,178.313
04/07/2022,21.1602067570239,215.95,258.27,173.629
04/06/2022,21.5427731501773,215.68,258.765,172.594
04/05/2022,22.071379431290648,215.6,259.742,171.457
04/04/2022,21.62149428231083,212.93,256.172,169.687
04/01/2022,21.116089481719857,210.53,252.762,168.297
03/31/2022,20.76395976204924,209.64,251.167,168.112
03/30/2022,20.718720037685724,209.52,250.957,168.082
03/29/2022,23.35116153427919,210.97,257.672,164.267
03/28/2022,24.746371148109777,211.33,260.822,161.837
03/25/2022,27.54960852716423,214.01,269.109,158.91
03/24/2022,29.89522779642263,215.82,275.61,156.029
03/23/2022,32.121704967202476,218.16,282.403,153.916
03/22/2022,32.999472723060286,219.12,285.118,153.121
03/21/2022,34.56325751430267,222.11,291.236,152.983
03/18/2022,36.42802451410177,224.37,297.226,151.513
03/17/2022,39.15438870675929,227.39,305.698,149.081
03/16/2022,42.929165785046415,231.83,317.688,145.971
03/15/2022,43.5829454603518,237.89,325.055,150.724
03/14/2022,40.98617065547841,244.6,326.572,162.627
03/11/2022,37.8490289175297,251.33,327.028,175.631
03/10/2022,37.67899275458409,257.14,332.497,181.782
03/09/2022,37.54784960553666,262.08,337.175,186.984
03/08/2022,35.47938655050282,266.65,337.608,195.691
03/07/2022,28.80877340325339,272.87,330.487,215.252
03/04/2022,24.411185038830045,276.38,325.202,227.557
03/03/2022,21.28200061084484,278.2,320.764,235.635
03/02/2022,17.35831357015998,280.49,315.206,245.773
03/01/2022,16.82248970872029,281.61,315.254,247.965
02/28/2022,16.46193776564594,282.15,315.073,249.226
02/25/2022,17.421095832352226,281.34,316.182,246.497
02/24/2022,20.578547567794963,278.83,319.987,237.672
02/23/2022,18.87959665882722,280.34,318.099,242.58
02/22/2022,19.07711783787058,280.05,318.204,241.895
02/18/2022,19.047200056701246,281.24,319.334,243.145
02/17/2022,19.4908088595625,280.65,319.631,241.668
02/16/2022,18.554222834708007,279.23,316.338,242.121
02/15/2022,18.153610660141414,278.55,314.857,242.242
02/14/2022,17.807384704105207,278.14,313.754,242.525
02/11/2022,18.861190577479462,278.83,316.552,241.107
02/10/2022,16.655312515831096,277.27,310.58,243.959
02/09/2022,16.93577382347792,277.47,311.341,243.598
02/08/2022,16.405555613876658,276.97,309.781,244.158
02/07/2022,17.12689595344118,277.64,311.893,243.386
02/04/2022,17.883760091211244,277.41,313.177,241.642
02/03/2022,18.168374445722986,279.04,315.376,242.703
02/02/2022,17.374506467810818,281.88,316.629,247.13
02/01/2022,18.86457208632096,283.44,321.169,245.71
01/31/2022,22.201927506412584,285.2,329.603,240.796
01/28/2022,25.101251960808646,288.61,338.812,238.407
01/27/2022,24.086267456789564,294.19,342.362,246.017
01/26/2022,23.6196735794549,299.39,346.629,252.15
01/25/2022,23.5279952397139,303.36,350.415,256.304
01/24/2022,26.13739782380794,306.34,358.614,254.065
01/21/2022,24.62809412033339,311.35,360.606,262.093
01/20/2022,24.749966161593033,315.87,365.369,266.37
01/19/2022,24.982883840741852,319.41,369.375,269.444
01/18/2022,23.977240875463558,321.6,369.554,273.645
01/14/2022,23.034981115685774,323.65,369.719,277.58
01/13/2022,20.471601427343202,326.36,367.303,285.416
01/12/2022,20.94878134880404,329.39,371.287,287.492
01/11/2022,21.57624260616292,330.87,374.022,287.717
01/10/2022,21.704062638132985,333.12,376.528,289.711
01/07/2022,21.0894199777993,337.04,379.218,294.861
01/06/2022,19.907871056443984,340.12,379.935,300.304
01/05/2022,16.558704810461478,344.5,377.617,311.382
01/04/2022,13.517756840541258,347.97,375.005,320.934
01/03/2022,12.556474027369305,348.99,374.102,323.877
12/31/2021,12.34048216237923,349.36,374.04,324.679
12/30/2021,12.463099734817174,350.24,375.166,325.313
12/29/2021,15.091632449804756,348.58,378.763,318.396
12/28/2021,15.00367888219419,349.29,379.297,319.282
12/27/2021,15.346476794365534,349.77,380.462,319.077
12/23/2021,15.628916469160615,350.64,381.897,319.382
12/22/2021,15.584543464599786,350.54,381.709,319.37
12/21/2021,15.843311364736854,349.0,380.686,317.313
12/20/2021,15.934961405663957,349.76,381.629,317.89
12/17/2021,18.165800973257408,352.57,388.901,316.238
12/16/2021,18.0058673770524,357.52,393.531,321.508
12/15/2021,20.0926419367887,359.33,399.515,319.144
12/14/2021,22.136629937729904,361.7,405.973,317.426
12/13/2021,22.67288689161572,364.67,410.015,319.324
12/10/2021,23.132179858370456,365.45,411.714,319.185
12/09/2021,23.138256524639015,366.14,412.416,319.863
12/08/2021,23.130875037490473,365.3,411.561,319.038
12/07/2021,23.561943680435192,365.27,412.393,318.146
12/06/2021,23.34012842723878,366.32,413.0,319.639
12/03/2021,22.095164516246538,368.2,412.39,324.009
12/02/2021,22.422776701381117,367.62,412.465,322.774
12/01/2021,19.028731302953435,369.42,407.477,331.362
11/30/2021,16.965719849154645,371.51,405.441,337.578
11/29/2021,17.138908804238383,371.46,405.737,337.182
11/26/2021,18.057570019246775,369.9,406.015,333.784
11/24/2021,19.06530290868729,369.04,407.17,330.909
11/23/2021,18.62121505165546,369.37,406.612,332.127
11/22/2021,19.039660973872405,371.14,409.219,333.06
11/19/2021,19.62495898084885,368.75,407.999,329.5
11/18/2021,19.75008202514612,366.07,405.57,326.569
11/17/2021,19.151543802001964,363.36,401.663,325.056
11/16/2021,17.366104485462476,359.68,394.412,324.947
11/15/2021,14.982695184779006,356.51,386.475,326.544
11/12/2021,12.983724812240899,353.67,379.637,327.702
11/11/2021,12.184511890100481,351.24,375.609,326.87
11/10/2021,13.044487341402116,350.09,376.178,324.001
11/09/2021,12.460471700541678,347.68,372.6,322.759
11/08/2021,13.079079860601817,344.6,370.758,318.441
11/05/2021,13.583156481466299,341.39,368.556,314.223
11/04/2021,14.191621824160901,339.07,367.453,310.686
11/03/2021,14.45692584887949,337.47,366.383,308.556
11/02/2021,14.990592883538662,335.14,365.121,305.158
11/01/2021,15.429262134010166,331.99,362.848,301.131
10/29/2021,16.198784059305193,328.75,361.147,296.352
10/28/2021,16.336887402439917,326.45,359.123,293.776
10/27/2021,16.18308515086045,324.03,356.396,291.663
10/26/2021,17.054971709152728,321.74,355.849,287.63
10/25/2021,16.873619647248184,319.35,353.097,285.602
10/22/2021,16.232457608138084,317.89,350.354,285.425
10/21/2021,14.815894336826245,316.29,345.921,286.658
10/20/2021,14.740095996973697,315.96,345.44,286.479
10/19/2021,13.680559747320283,314.72,342.081,287.358
10/18/2021,11.882762305120808,313.15,336.915,289.384
10/15/2021,11.209076679191734,312.12,334.538,289.701
10/14/2021,10.064044912459408,311.42,331.548,291.291
10/13/2021,8.81514577304312,310.5,328.13,292.869
10/12/2021,9.216895084571592,310.78,329.213,292.346
10/11/2021,9.401471161472546,311.37,330.172,292.567
10/08/2021,9.860978906782021,312.14,331.861,292.418
10/07/2021,9.451756450522831,311.44,330.343,292.536
10/06/2021,10.15834238446411,311.26,331.576,290.943
10/05/2021,10.565223376720436,311.8,332.93,290.669
10/04/2021,8.84724307340993,313.19,330.884,295.495
10/01/2021,8.514821783220128,313.57,330.599,296.54
09/30/2021,8.300330415109991,313.78,330.38,297.179
09/29/2021,7.51038647474283,314.16,329.18,299.139
09/28/2021,6.5155441062124675,314.74,327.771,301.708
09/27/2021,7.345939354500552,314.21,328.901,299.518
09/24/2021,8.311405717446359,313.89,330.512,297.267
09/23/2021,8.19220086423667,312.94,329.324,296.555
09/22/2021,10.205185446624675,311.08,331.49,290.669
09/21/2021,12.071298397438447,309.51,333.652,285.367
09/20/2021,14.009337957234099,307.71,335.728,279.691
09/17/2021,16.52430301101986,305.39,338.438,272.341
09/16/2021,16.9125995932027,303.21,337.035,269.384
09/15/2021,16.573782911574536,300.69,333.837,267.542
09/14/2021,16.84440767732722,298.75,332.438,265.061
09/13/2021,16.54566982627177,296.92,330.011,263.828
09/10/2021,16.072487984129904,295.74,327.884,263.595
09/09/2021,14.495815603131826,293.62,322.611,264.628
09/08/2021,13.779557503780737,291.47,319.029,263.91
09/07/2021,13.066983201948336,289.38,315.513,263.246
09/03/2021,12.189843928451253,287.8,312.179,263.42
09/02/2021,11.022969881116428,285.98,308.025,263.934
09/01/2021,10.969147414452957,285.0,306.938,263.061
08/31/2021,9.846197743291565,283.21,302.902,263.517
08/30/2021,8.814395328098229,282.26,299.888,264.631
08/27/2021,9.09993131842213,281.09,299.289,262.89
08/26/2021,7.746404004439728,279.07,294.562,263.577
08/25/2021,6.556430812568671,277.48,290.592,264.367
08/24/2021,6.632206269409892,276.75,290.014,263.485
08/23/2021,7.442768302184332,275.47,290.355,260.584
08/20/2021,7.337146584333715,275.57,290.244,260.895
08/19/2021,7.470557542780851,275.24,290.181,260.298
08/18/2021,7.663010505016932,274.8,290.126,259.473
08/17/2021,8.21224877850153,273.59,290.014,257.165
08/16/2021,9.45224550040888,272.99,291.894,254.085
08/13/2021,9.234841092298229,270.89,289.359,252.42
08/12/2021,9.017935739402892,268.77,286.805,250.734
08/11/2021,9.512197695590649,267.4,286.424,248.375
08/10/2021,9.99194575645805,266.4,286.383,246.416
08/09/2021,9.479493657363776,265.62,284.578,246.661
08/06/2021,8.95881883955692,264.99,282.907,247.072
08/05/2021,8.33899364431944,264.37,281.047,247.692
08/04/2021,9.064535012895035,263.58,281.709,245.45
08/03/2021,7.732857169248639,261.49,276.955,246.024
08/02/2021,8.664308397096681,259.73,277.058,242.401
07/30/2021,9.786705267862112,258.25,277.823,238.676
07/29/2021,10.805343816834338,256.93,278.54,235.319
07/28/2021,10.50752635019299,255.17,276.185,234.154
07/27/2021,10.857093303458344,254.63,276.344,232.915
07/26/2021,10.103103236134926,253.28,273.486,233.073
07/23/2021,10.111370579698875,252.62,272.842,232.397
07/22/2021,9.158793588677494,251.55,269.867,233.232
07/21/2021,8.718563241727388,250.72,268.157,233.282
07/20/2021,8.566204527093664,250.24,267.372,233.107
07/19/2021,8.624072413888928,249.6,266.848,232.351
07/16/2021,8.542207267445574,249.9,266.984,232.815
07/15/2021,8.649288699078092,249.78,267.078,232.481
07/14/2021,9.876935000292349,249.81,269.563,230.056
07/13/2021,9.167591559400975,248.52,266.855,230.184
07/12/2021,8.280357782125117,247.43,263.99,230.869
07/09/2021,4.624511866132466,245.11,254.359,235.86
07/08/2021,4.4551683469875725,244.63,253.54,235.719
07/07/2021,4.383337769326017,244.55,253.316,235.783
07/06/2021,4.848307952265406,244.77,254.466,235.073
07/02/2021,4.269987119418511,245.66,254.199,237.12
07/01/2021,3.7561862307398974,245.99,253.502,238.477
06/30/2021,3.831620414393888,246.02,253.683,238.356
06/29/2021,3.889196575129623,246.07,253.848,238.291
06/28/2021,4.046156818513093,245.75,253.842,237.657
06/25/2021,4.558560079674281,245.48,254.597,236.362
06/24/2021,4.224924851402683,245.07,253.519,236.62
06/23/2021,4.531271896498817,244.29,253.352,235.227
06/22/2021,5.305162579978108,243.27,253.88,232.659
06/21/2021,5.552974428178109,242.56,253.665,231.454
06/18/2021,5.6032071173569875,241.69,252.896,230.483
06/17/2021,6.0700621907851975,240.37,252.51,228.229
06/16/2021,6.453645094053437,240.14,253.047,227.232
06/15/2021,7.482270377365415,239.49,254.454,224.525
06/14/2021,9.339413525484348,237.81,256.488,219.131
06/11/2021,11.02136470678654,236.1,258.142,214.057
06/10/2021,15.064454188585788,233.48,263.608,203.351
06/09/2021,17.44103207955309,230.85,265.732,195.967
06/08/2021,18.127283304455744,228.54,264.794,192.285
06/07/2021,18.36084162014367,225.29,262.011,188.568
06/04/2021,18.160964869741914,223.27,259.591,186.948
06/03/2021,18.456726280681522,221.3,258.213,184.386
06/02/2021,17.857619942198344,219.87,255.585,184.154
06/01/2021,17.122045292546098,218.69,252.934,184.445
05/28/2021,16.506764825367807,217.9,250.913,184.886
05/27/2021,15.04071557473247,216.64,246.721,186.558
05/26/2021,14.922663468697536,216.58,246.425,186.734
05/25/2021,15.58797068254877,217.19,248.365,186.014
05/24/2021,15.752379820204943,217.33,248.834,185.825
05/21/2021,15.799308054468712,217.34,248.938,185.741
05/20/2021,16.005381282556186,217.54,249.55,185.529
05/19/2021,15.874603774582846,216.92,248.669,185.17
05/18/2021,16.1243069618511,217.55,249.798,185.301
05/17/2021,16.300017944775398,217.62,250.22,185.019
05/14/2021,16.982012837116805,217.96,251.924,183.995
05/13/2021,16.05914754898279,220.03,252.148,187.911
05/12/2021,14.724042243894846,222.43,251.878,192.981
05/11/2021,14.652213484658212,223.5,252.804,194.195
05/10/2021,11.77472037884552,226.34,249.889,202.79
05/07/2021,10.420768205847395,227.92,248.761,207.078
05/06/2021,7.744703351323405,229.45,244.939,213.96
05/05/2021,5.776969361178919,230.88,242.433,219.326
05/04/2021,4.843913706910973,231.75,241.437,222.062
05/03/2021,3.640719022391044,232.96,240.241,225.678
04/30/2021,3.876550657478888,232.71,240.463,224.956
04/29/2021,3.684224477417196,233.56,240.928,226.191
04/28/2021,3.7053056554082024,233.17,240.58,225.759
04/27/2021,4.478862578825122,232.56,241.517,223.602
04/26/2021,4.456556406015747,231.64,240.553,222.726
04/23/2021,4.327813535724478,231.39,240.045,222.734
04/22/2021,5.380563167550402,230.76,241.521,219.998
04/21/2021,7.354612838212493,229.06,243.769,214.35
04/20/2021,7.413356190012728,229.15,243.976,214.323
04/19/2021,7.640918138548535,228.78,244.061,213.498
04/16/2021,7.938044154576114,228.47,244.346,212.593
04/15/2021,7.996336973889984,227.35,243.342,211.357
04/14/2021,8.394075887195685,227.76,244.548,210.971
04/13/2021,7.781108532850574,227.19,242.752,211.627
04/12/2021,7.927205371377734,226.98,242.834,211.125
04/09/2021,8.058358393618395,227.56,243.676,211.443
04/08/2021,8.423679718507822,227.95,244.797,211.102
04/07/2021,8.174672776325668,227.47,243.819,211.12
04/06/2021,7.865850557949853,227.05,242.781,211.318
04/05/2021,8.553711475143409,226.42,243.527,209.312
04/01/2021,8.591260966819714,226.42,243.602,209.237
03/31/2021,9.787603383872888,226.8,246.375,207.224
03/30/2021,10.69614346388454,227.98,249.372,206.587
03/29/2021,13.944251145185248,230.79,258.678,202.901
03/26/2021,16.82884250327396,232.12,265.777,198.462
03/25/2021,18.246699427567723,233.57,270.063,197.076
03/24/2021,17.249218677957565,236.89,271.388,202.391
03/23/2021,18.38623656434345,239.72,276.492,202.947
03/22/2021,19.067910478078083,241.97,280.105,203.834
03/19/2021,19.611921247037476,244.2,283.423,204.976
03/18/2021,20.229776568217453,248.42,288.879,207.96
03/17/2021,21.943802200165763,251.16,295.047,207.272
03/16/2021,22.107302300371245,254.8,299.014,210.585
03/15/2021,23.77132810761737,257.18,304.722,209.637
03/12/2021,24.441672405954545,260.8,309.683,211.916
03/11/2021,25.10333931970008,263.9,314.106,213.693
03/10/2021,25.558695878311166,267.59,318.707,216.472
03/09/2021,26.65991391584002,271.4,324.719,218.08
03/08/2021,22.744356772615053,276.58,322.068,231.091
03/05/2021,20.57208654949712,280.68,321.824,239.535
03/04/2021,19.394682003064663,283.67,322.459,244.88
03/03/2021,16.990788239513794,287.26,321.241,253.278
03/02/2021,16.780530682907504,288.77,322.331,255.208
03/01/2021,16.4691683153704,289.22,322.158,256.281
02/26/2021,15.890389863058749,289.61,321.39,257.829
02/25/2021,14.45699086947212,290.55,319.463,261.636
02/24/2021,15.056486808017343,290.12,320.232,260.007
02/23/2021,15.29822816537916,290.23,320.826,259.633
02/22/2021,12.657677314578697,292.52,317.835,267.204
02/19/2021,12.686875895980073,292.56,317.933,267.186
02/18/2021,12.848150255970708,292.01,317.706,266.313
02/17/2021,12.948353756366101,291.87,317.766,265.973
02/16/2021,13.28862502292845,292.24,318.817,265.662
02/12/2021,12.963533083230056,291.54,317.467,265.612
02/11/2021,13.387684265772036,292.11,318.885,265.334
02/10/2021,14.670960602496352,292.62,321.961,263.278
02/09/2021,11.949601457789296,290.55,314.449,266.65
02/08/2021,11.834142765743534,290.2,313.868,266.531
02/05/2021,11.298778252536867,289.77,312.367,267.172
02/04/2021,11.628658564082102,289.99,313.247,266.732
02/03/2021,11.984993950770276,288.12,312.089,264.15
02/02/2021,10.563454690583004,286.31,307.436,265.183
02/01/2021,10.898041108382738,285.39,307.186,263.593
01/29/2021,10.5814835217941,285.79,306.952,264.627
01/28/2021,10.498501321617297,287.32,308.317,266.322
01/27/2021,9.91732347964914,289.21,309.044,269.375
01/26/2021,9.726772332073992,290.79,310.243,271.336
01/25/2021,11.87256080211848,292.87,316.615,269.124
01/22/2021,14.617941886599496,294.76,323.995,265.524
01/21/2021,17.493726304021113,297.68,332.667,262.692
01/20/2021,20.415755068084067,301.13,341.961,260.298
01/19/2021,21.187518731555148,303.77,346.145,261.394
01/15/2021,21.32316451655336,306.14,348.786,263.493
01/14/2021,21.939708065514463,307.36,351.239,263.48
01/13/2021,22.455251278932515,308.46,353.37,263.549
01/12/2021,22.51396877496281,310.4,355.427,265.372
01/11/2021,24.1407459495352,313.29,361.571,265.008
01/08/2021,26.753576116100817,317.95,371.457,264.442
01/07/2021,30.81119001272103,319.18,380.802,257.557
01/06/2021,31.554114628681944,325.65,388.758,262.541
01/05/2021,32.83025769012482,330.94,396.6,265.279
01/04/2021,32.318774033060095,336.65,401.287,272.012
12/31/2020,28.568457343720883,340.29,397.426,283.153
12/30/2020,28.902873732554685,340.09,397.895,282.284
12/29/2020,28.72835863741609,340.23,397.686,282.773
12/28/2020,26.677996457755214,342.37,395.725,289.014
12/24/2020,26.264172459835848,343.11,395.638,290.581
12/23/2020,27.542299105194537,342.04,397.124,286.955
12/22/2020,30.575630574037223,339.52,400.671,278.368
12/21/2020,33.46675006629714,334.69,401.623,267.756
12/18/2020,36.66198085210345,331.47,404.793,258.146
12/17/2020,39.509143941624444,328.44,407.458,249.421
12/16/2020,42.141960502567976,324.7,408.983,240.416
12/15/2020,45.34032587002435,319.7,410.38,229.019
12/14/2020,48.96453966902987,317.51,415.439,219.58
12/11/2020,51.70100434227559,311.95,415.352,208.547
12/10/2020,52.339932460789434,305.13,409.809,200.45
12/09/2020,54.14168569595889,300.18,408.463,191.896
12/08/2020,51.29272082859321,292.23,394.815,189.644
12/07/2020,47.903112320599796,285.01,380.816,189.203
12/04/2020,35.27319619767962,275.97,346.516,205.423
12/03/2020,29.0712746538572,269.89,328.032,211.747
12/02/2020,28.749828086442534,268.62,326.119,211.12
12/01/2020,29.467639878347907,267.83,326.765,208.894
11/30/2020,28.431132935569064,264.99,321.852,208.127
11/27/2020,20.476815304143365,259.63,300.583,218.676
11/25/2020,14.308147853583284,256.16,284.776,227.543
11/24/2020,13.361161813255613,255.55,282.272,228.827
11/23/2020,12.429072974280906,254.78,279.638,229.921
11/20/2020,12.283223518278904,254.14,278.706,229.573
11/19/2020,11.917379326009556,253.71,277.544,229.875
11/18/2020,15.165956943101211,255.22,285.551,224.888
11/17/2020,15.611029114059068,255.95,287.172,224.727
11/16/2020,15.89747306964223,255.9,287.694,224.105
11/13/2020,15.090868927931218,256.65,286.831,226.468
11/12/2020,14.275169000750914,257.34,285.89,228.789
11/11/2020,14.367527449077654,257.25,285.985,228.514
11/10/2020,13.537945745200778,258.02,285.095,230.944
11/09/2020,12.92688206800077,259.23,285.083,233.376
11/06/2020,13.25405371952294,258.15,284.658,231.641
11/05/2020,14.192924469608084,257.29,285.675,228.904
11/04/2020,14.540533690343002,256.07,285.151,226.988
11/03/2020,14.192973966015714,254.53,282.915,226.144
11/02/2020,14.328819735065407,254.07,282.727,225.412
10/30/2020,14.72387279216986,253.92,283.367,224.472
10/29/2020,16.159987159648363,252.62,284.939,220.3
10/28/2020,14.835414554369551,250.4,280.07,220.729
10/27/2020,14.26555098830746,249.44,277.971,220.908
10/26/2020,14.814416120792608,250.38,280.008,220.751
10/23/2020,16.61338376129318,250.86,284.086,217.633
10/22/2020,10.564631560068719,246.39,267.519,225.26
10/21/2020,8.247833958076509,243.33,259.825,226.834
10/20/2020,9.566357195923642,241.38,260.512,222.247
10/19/2020,9.518534025783595,240.7,259.737,221.662
10/16/2020,9.793873340001904,239.86,259.447,220.272
10/15/2020,9.81030580563114,239.52,259.14,219.899
10/14/2020,10.483999236932444,239.53,260.497,218.562
10/13/2020,0.0,0.0,0.0,0.0
10/12/2020,0.0,0.0,0.0,0.0
10/09/2020,0.0,0.0,0.0,0.0
10/08/2020,0.0,0.0,0.0,0.0
10/07/2020,0.0,0.0,0.0,0.0
10/06/2020,0.0,0.0,0.0,0.0
10/05/2020,0.0,0.0,0.0,0.0
10/02/2020,0.0,0.0,0.0,0.0
10/01/2020,0.0,0.0,0.0,0.0
09/30/2020,0.0,0.0,0.0,0.0
09/29/2020,0.0,0.0,0.0,0.0
09/28/2020,0.0,0.0,0.0,0.0
09/25/2020,0.0,0.0,0.0,0.0
09/24/2020,0.0,0.0,0.0,0.0
09/23/2020,0.0,0.0,0.0,0.0
09/22/2020,0.0,0.0,0.0,0.0
09/21/2020,0.0,0.0,0.0,0.0
09/18/2020,0.0,0.0,0.0,0.0
09/17/2020,0.0,0.0,0.0,0.0
