02/26/2024,0.07342479826325711,2.71,2.856,2.563
02/23/2024,0.08826778007857686,2.69,2.866,2.513
02/22/2024,0.09439915783522652,2.69,2.878,2.501
02/21/2024,0.10793609451893287,2.68,2.895,2.464
02/20/2024,0.12413782864219919,2.68,2.928,2.431
02/16/2024,0.12173906727094638,2.66,2.903,2.416
02/15/2024,0.12099834916229235,2.64,2.881,2.398
02/14/2024,0.12452148609778159,2.64,2.889,2.39
02/13/2024,0.1287050892544658,2.62,2.877,2.362
02/12/2024,0.12833549781724468,2.61,2.866,2.353
02/09/2024,0.13285330255586425,2.6,2.865,2.334
02/08/2024,0.13065221008463657,2.59,2.851,2.328
02/07/2024,0.13448048185517483,2.58,2.848,2.311
02/06/2024,0.129383151917087,2.56,2.818,2.301
02/05/2024,0.12733813254481163,2.55,2.804,2.295
02/02/2024,0.12648053012222873,2.55,2.802,2.297
02/01/2024,0.11496966773893016,2.54,2.769,2.31
01/31/2024,0.08399062150026038,2.52,2.687,2.352
01/30/2024,0.057750536794041955,2.51,2.625,2.394
01/29/2024,0.04297120547529465,2.49,2.575,2.404
01/26/2024,0.04155146808477404,2.49,2.573,2.406
01/25/2024,0.044695911446126654,2.49,2.579,2.4
01/24/2024,0.0442834562788407,2.5,2.588,2.411
01/23/2024,0.04898427298633709,2.51,2.607,2.412
01/22/2024,0.055096955451276915,2.52,2.63,2.409
01/19/2024,0.07244221835366442,2.53,2.674,2.385
01/18/2024,0.08023263051901011,2.54,2.7,2.379
01/17/2024,0.07976042251643352,2.55,2.709,2.39
01/16/2024,0.07913074623684523,2.55,2.708,2.391
01/12/2024,0.07691602563835442,2.56,2.713,2.406
01/11/2024,0.07862362876387731,2.55,2.707,2.392
01/10/2024,0.07804533938679488,2.56,2.716,2.403
01/09/2024,0.07232617092035216,2.56,2.704,2.415
01/08/2024,0.06971710693940186,2.57,2.709,2.43
01/05/2024,0.0723855544981179,2.56,2.704,2.415
01/04/2024,0.07442894934096542,2.56,2.708,2.411
01/03/2024,0.07632279148458865,2.55,2.702,2.397
01/02/2024,0.07854723737980857,2.56,2.717,2.402
12/29/2023,0.07806835786667986,2.56,2.716,2.403
12/28/2023,0.07262347072400216,2.57,2.715,2.424
12/27/2023,0.07175770690316127,2.57,2.713,2.426
12/26/2023,0.08166803842385344,2.56,2.723,2.396
12/22/2023,0.0836864296048051,2.56,2.727,2.392
12/21/2023,0.08392805549993397,2.55,2.717,2.382
12/20/2023,0.09258519320064092,2.53,2.715,2.344
12/19/2023,0.08921585060963098,2.51,2.688,2.331
12/18/2023,0.08961399444283238,2.49,2.669,2.31
12/15/2023,0.0989002932250456,2.48,2.677,2.282
12/14/2023,0.11042516923238109,2.46,2.68,2.239
12/13/2023,0.1320248764437975,2.45,2.714,2.185
12/12/2023,0.1499577223753415,2.42,2.719,2.12
12/11/2023,0.16677100617313548,2.39,2.723,2.056
12/08/2023,0.1753181935795598,2.37,2.72,2.019
12/07/2023,0.18866491724748408,2.35,2.727,1.972
12/06/2023,0.19498423269587728,2.32,2.709,1.93
12/05/2023,0.19926979449981877,2.3,2.698,1.901
12/04/2023,0.2008811862768637,2.29,2.691,1.888
12/01/2023,0.1814597779123517,2.26,2.622,1.897
11/30/2023,0.16622891144442958,2.23,2.562,1.897
11/29/2023,0.15516652667376432,2.21,2.52,1.899
11/28/2023,0.15250065901496954,2.2,2.505,1.894
11/27/2023,0.13409344130120612,2.18,2.448,1.911
11/24/2023,0.10023323301181102,2.15,2.35,1.949
11/22/2023,0.09469266603069112,2.15,2.339,1.96
11/21/2023,0.09272751209862155,2.15,2.335,1.964
11/20/2023,0.07443286236602756,2.14,2.288,1.991
11/17/2023,0.07615937893654334,2.14,2.292,1.987
11/16/2023,0.08272847756365398,2.14,2.305,1.974
11/15/2023,0.08915015984281802,2.14,2.318,1.961
11/14/2023,0.10106593145071192,2.16,2.362,1.957
11/13/2023,0.1139392403871467,2.17,2.397,1.942
11/10/2023,0.11812070097997214,2.19,2.426,1.953
11/09/2023,0.11647961194990303,2.21,2.442,1.977
11/08/2023,0.11902205677940533,2.22,2.458,1.981
11/07/2023,0.12215256853623666,2.24,2.484,1.995
11/06/2023,0.12694979322551095,2.27,2.523,2.016
11/03/2023,0.1330648338217126,2.29,2.556,2.023
11/02/2023,0.14258769231599197,2.3,2.585,2.014
11/01/2023,0.14128245467856224,2.33,2.612,2.047
10/31/2023,0.14973726990966543,2.35,2.649,2.05
10/30/2023,0.13705217984402873,2.37,2.644,2.095
10/27/2023,0.11744807363256327,2.39,2.624,2.155
10/26/2023,0.10538050104265023,2.4,2.61,2.189
10/25/2023,0.09917686222098383,2.41,2.608,2.211
10/24/2023,0.08785243309095092,2.43,2.605,2.254
10/23/2023,0.08102653886227648,2.44,2.602,2.277
10/20/2023,0.07358702331253796,2.45,2.597,2.302
10/19/2023,0.07022143547379252,2.46,2.6,2.319
10/18/2023,0.06799301434706363,2.48,2.615,2.344
10/17/2023,0.09054032527001438,2.49,2.671,2.308
10/16/2023,0.09055964885090934,2.51,2.691,2.328
10/13/2023,0.08736160483873909,2.52,2.694,2.345
10/12/2023,0.08036199350439237,2.53,2.69,2.369
10/11/2023,0.07578951114765159,2.54,2.691,2.388
10/10/2023,0.0799252776035217,2.53,2.689,2.37
10/09/2023,0.08889910010793137,2.53,2.707,2.352
10/06/2023,0.09026101040870307,2.52,2.7,2.339
10/05/2023,0.09408001913265114,2.51,2.698,2.321
10/04/2023,0.10074745654357735,2.5,2.701,2.298
10/03/2023,0.10856109800476416,2.49,2.707,2.272
10/02/2023,0.11484772527133486,2.48,2.709,2.25
09/29/2023,0.11275110864199965,2.48,2.705,2.254
09/28/2023,0.1153161415414165,2.48,2.71,2.249
09/27/2023,0.11726691988792068,2.47,2.704,2.235
09/26/2023,0.12376515058771595,2.46,2.707,2.212
09/25/2023,0.12668489452180162,2.46,2.713,2.206
09/22/2023,0.13065818956345598,2.45,2.711,2.188
09/21/2023,0.1270887976967286,2.43,2.684,2.175
09/20/2023,0.12441488054087424,2.42,2.668,2.171
09/19/2023,0.09990776996810607,2.39,2.589,2.19
09/18/2023,0.08057023333713262,2.37,2.531,2.208
09/15/2023,0.06625009433955545,2.36,2.492,2.227
09/14/2023,0.05154102249664825,2.35,2.453,2.246
09/13/2023,0.04302879268582843,2.35,2.436,2.263
09/12/2023,0.04643788324202559,2.35,2.442,2.257
09/11/2023,0.06172987526311716,2.36,2.483,2.236
09/08/2023,0.08025320865859512,2.36,2.52,2.199
09/07/2023,0.10920062957693977,2.38,2.598,2.161
09/06/2023,0.11204453355697458,2.4,2.624,2.175
09/05/2023,0.117307619104643,2.41,2.644,2.175
09/01/2023,0.12134131818964224,2.42,2.662,2.177
08/31/2023,0.12280743259265704,2.42,2.665,2.174
08/30/2023,0.13011981209639062,2.43,2.69,2.169
08/29/2023,0.1299910708471932,2.44,2.699,2.18
08/28/2023,0.13618527086289475,2.45,2.722,2.177
08/25/2023,0.13288697641228808,2.47,2.735,2.204
08/24/2023,0.13882156892932745,2.49,2.767,2.212
08/23/2023,0.13415076593146985,2.51,2.778,2.241
08/22/2023,0.12317235079351212,2.53,2.776,2.283
08/21/2023,0.11030153217430848,2.54,2.76,2.319
08/18/2023,0.10144032728653833,2.56,2.762,2.357
08/17/2023,0.09732696440349924,2.57,2.764,2.375
08/16/2023,0.08607286448120577,2.58,2.752,2.407
08/15/2023,0.04915829533252762,2.61,2.708,2.511
08/14/2023,0.04813250460967109,2.61,2.706,2.513
08/11/2023,0.046453611269738834,2.62,2.712,2.527
08/10/2023,0.04644069336261043,2.61,2.702,2.517
08/09/2023,0.04850709226494624,2.62,2.717,2.522
08/08/2023,0.05838782407317474,2.63,2.746,2.513
08/07/2023,0.05761889880933168,2.63,2.745,2.514
08/04/2023,0.04540085351620606,2.64,2.73,2.549
08/03/2023,0.04052823090143462,2.65,2.731,2.568
08/02/2023,0.04074340437420517,2.65,2.731,2.568
08/01/2023,0.039507277810550266,2.66,2.739,2.58
07/31/2023,0.04220929992312118,2.67,2.754,2.585
07/28/2023,0.04539631042276451,2.66,2.75,2.569
07/27/2023,0.04088551088099547,2.67,2.751,2.588
07/26/2023,0.04031169805403886,2.67,2.75,2.589
07/25/2023,0.0477496910984773,2.67,2.765,2.574
07/24/2023,0.04799175970935012,2.67,2.765,2.574
07/21/2023,0.04793963913089046,2.67,2.765,2.574
07/20/2023,0.047309713590340016,2.67,2.764,2.575
07/19/2023,0.048147782918842724,2.67,2.766,2.573
07/18/2023,0.051112703900302515,2.68,2.782,2.577
07/17/2023,0.052268618692289937,2.69,2.794,2.585
07/14/2023,0.05240714168889582,2.7,2.804,2.595
07/13/2023,0.05217287130300574,2.69,2.794,2.585
07/12/2023,0.049769553946162726,2.69,2.789,2.59
07/11/2023,0.04956822066606791,2.69,2.789,2.59
07/10/2023,0.05011495285840349,2.7,2.8,2.599
07/07/2023,0.049563176855403485,2.7,2.799,2.6
07/06/2023,0.05938020292993284,2.71,2.828,2.591
07/05/2023,0.07025317430550738,2.72,2.86,2.579
07/03/2023,0.07305312108322275,2.72,2.866,2.573
06/30/2023,0.07305312108322275,2.72,2.866,2.573
06/29/2023,0.07264130023616044,2.72,2.865,2.574
06/28/2023,0.08282723284041309,2.72,2.885,2.554
06/27/2023,0.06221133739118618,2.73,2.854,2.605
06/26/2023,0.06411902993651726,2.75,2.878,2.621
06/23/2023,0.06079679267856154,2.76,2.881,2.638
06/22/2023,0.06507038112689979,2.76,2.89,2.629
06/21/2023,0.08176949308880417,2.78,2.943,2.616
06/20/2023,0.09217510509893649,2.8,2.984,2.615
06/16/2023,0.09418731337075069,2.79,2.978,2.601
06/15/2023,0.09998124824185778,2.79,2.989,2.59
06/14/2023,0.09927864825832386,2.79,2.988,2.591
06/13/2023,0.10047512378693539,2.78,2.98,2.579
06/12/2023,0.09815880245805768,2.79,2.986,2.593
06/09/2023,0.0971069050068016,2.79,2.984,2.595
06/08/2023,0.09625253762888535,2.8,2.992,2.607
06/07/2023,0.09679644105027824,2.8,2.993,2.606
06/06/2023,0.09348663540849028,2.79,2.976,2.603
06/05/2023,0.09385361474125539,2.79,2.977,2.602
06/02/2023,0.09451719949300229,2.79,2.979,2.6
06/01/2023,0.0924851393468161,2.79,2.974,2.605
05/31/2023,0.09425126524349682,2.8,2.988,2.611
05/30/2023,0.09786981659326838,2.79,2.985,2.594
05/26/2023,0.09704896186976959,2.79,2.984,2.595
05/25/2023,0.09712621170415323,2.79,2.984,2.595
05/24/2023,0.10636494253277248,2.79,3.002,2.577
05/23/2023,0.0900205587629848,2.78,2.96,2.599
05/22/2023,0.058260629931369545,2.75,2.866,2.633
05/19/2023,0.06491764783169514,2.75,2.879,2.62
05/18/2023,0.08089809021231587,2.74,2.901,2.578
05/17/2023,0.08648526464086233,2.73,2.902,2.557
05/16/2023,0.09098903780126477,2.73,2.911,2.548
05/15/2023,0.09124253668108963,2.73,2.912,2.547
05/12/2023,0.09332738076256071,2.73,2.916,2.543
05/11/2023,0.08997221793420448,2.72,2.899,2.54
05/10/2023,0.08860474310103261,2.72,2.897,2.542
05/09/2023,0.08369587803470366,2.71,2.877,2.542
05/08/2023,0.08252272414311097,2.71,2.875,2.544
05/05/2023,0.08319365660914294,2.71,2.876,2.543
05/04/2023,0.08028075734570515,2.71,2.87,2.549
05/03/2023,0.0828552955459094,2.71,2.875,2.544
05/02/2023,0.08324662155306961,2.72,2.886,2.553
05/01/2023,0.0868043777697876,2.72,2.893,2.546
04/28/2023,0.08910667763978185,2.72,2.898,2.541
04/27/2023,0.09733961166965889,2.72,2.914,2.525
04/26/2023,0.10324727599312243,2.74,2.946,2.533
04/25/2023,0.11366617790706256,2.73,2.957,2.502
04/24/2023,0.11473883387938018,2.74,2.969,2.51
04/21/2023,0.10630145812734645,2.77,2.982,2.557
04/20/2023,0.10141498903022172,2.78,2.982,2.577
04/19/2023,0.08896628574915326,2.81,2.987,2.632
04/18/2023,0.08405355435673134,2.82,2.988,2.651
04/17/2023,0.08432081593533114,2.83,2.998,2.661
04/14/2023,0.07990619500389184,2.84,2.999,2.68
04/13/2023,0.07912016177940986,2.85,3.008,2.691
04/12/2023,0.07130918594402826,2.86,3.002,2.717
04/11/2023,0.07355270219373315,2.88,3.027,2.732
04/10/2023,0.08009369513263823,2.89,3.05,2.729
04/06/2023,0.0827647267862342,2.9,3.065,2.734
04/05/2023,0.06833739825307952,2.92,3.056,2.783
04/04/2023,0.06881133627535507,2.93,3.067,2.792
04/03/2023,0.07375635565834308,2.94,3.087,2.792
03/31/2023,0.08446892919884803,2.96,3.128,2.791
03/30/2023,0.10832820500682172,2.98,3.196,2.763
03/29/2023,0.12369316876852976,3.0,3.247,2.752
03/28/2023,0.14249561396758847,3.03,3.314,2.745
03/27/2023,0.14650938536489733,3.05,3.343,2.756
03/24/2023,0.15760710643876433,3.06,3.375,2.744
03/23/2023,0.1642102311063473,3.09,3.418,2.761
03/22/2023,0.16844880527923015,3.1,3.436,2.763
03/21/2023,0.15849290204927158,3.12,3.436,2.803
03/20/2023,0.15760710643876433,3.12,3.435,2.804
03/17/2023,0.15152557539900643,3.12,3.423,2.816
03/16/2023,0.14786818454285555,3.12,3.415,2.824
03/15/2023,0.1358491810796075,3.14,3.411,2.868
03/14/2023,0.1392120684423588,3.13,3.408,2.851
03/13/2023,0.14973309587395828,3.12,3.419,2.82
03/10/2023,0.14026760139105535,3.13,3.41,2.849
03/09/2023,0.1352035502492445,3.14,3.41,2.869
03/08/2023,0.13407087677791915,3.14,3.408,2.871
03/07/2023,0.13354774427147761,3.15,3.417,2.882
03/06/2023,0.13776792079435612,3.15,3.425,2.874
03/03/2023,0.1336974195712093,3.15,3.417,2.882
03/02/2023,0.14342245291445824,3.15,3.436,2.863
03/01/2023,0.11766477807738383,3.13,3.365,2.894
02/28/2023,0.1275539101713467,3.13,3.385,2.874
02/27/2023,0.1251598977308626,3.12,3.37,2.869
02/24/2023,0.08860022573334671,3.08,3.257,2.902
02/23/2023,0.08215838362577486,3.07,3.234,2.905
02/22/2023,0.08674675786448732,3.06,3.233,2.886
02/21/2023,0.09159694318043583,3.04,3.223,2.856
02/17/2023,0.08772114910328065,3.05,3.225,2.874
02/16/2023,0.08763560920082655,3.05,3.225,2.874
02/15/2023,0.08809086218218093,3.05,3.226,2.873
02/14/2023,0.08876936408468855,3.05,3.227,2.872
02/13/2023,0.08706319543871564,3.05,3.224,2.875
02/10/2023,0.08789197915623471,3.05,3.225,2.874
02/09/2023,0.09224966124599049,3.06,3.244,2.875
02/08/2023,0.0980815986819138,3.07,3.266,2.873
02/07/2023,0.1904468429772465,3.1,3.48,2.719
02/06/2023,0.24343376922686794,3.13,3.616,2.643
02/03/2023,0.26999074058196887,3.16,3.699,2.62
02/02/2023,0.28321370023358683,3.18,3.746,2.613
02/01/2023,0.31249799999359995,3.2,3.824,2.575
01/31/2023,0.3628498311974252,3.25,3.975,2.524
01/30/2023,0.4377442175517571,3.31,4.185,2.434
01/27/2023,0.49944469163261707,3.39,4.388,2.391
01/26/2023,0.5345979797941627,3.46,4.529,2.39
01/25/2023,0.5701052534400993,3.54,4.68,2.399
01/24/2023,0.6046073105743925,3.62,4.829,2.41
01/23/2023,0.5910668320926153,3.7,4.882,2.517
01/20/2023,0.5982307247208221,3.76,4.956,2.563
01/19/2023,0.5836094584565948,3.83,4.997,2.662
01/18/2023,0.5519827895867768,3.88,4.983,2.776
01/17/2023,0.5072524026557192,3.94,4.954,2.925
01/13/2023,0.45185174559804453,4.0,4.903,3.096
01/12/2023,0.4232552421411931,4.05,4.896,3.203
01/11/2023,0.4298139132229202,4.08,4.939,3.22
01/10/2023,0.31247399891830996,4.13,4.754,3.505
01/09/2023,0.3019188632728998,4.15,4.753,3.546
01/06/2023,0.30351276744150313,4.15,4.757,3.542
01/05/2023,0.2505094808585096,4.18,4.681,3.678
01/04/2023,0.23882001591156463,4.2,4.677,3.722
01/03/2023,0.24859605789312103,4.21,4.707,3.712
12/30/2022,0.2679925372095275,4.18,4.715,3.644
12/29/2022,0.2852718002186686,4.13,4.7,3.559
12/28/2022,0.3082207001484488,4.1,4.716,3.483
12/27/2022,0.3191238004286111,4.05,4.688,3.411
12/23/2022,0.3397131142596647,3.96,4.639,3.28
12/22/2022,0.37888157780499165,3.9,4.657,3.142
12/21/2022,0.4065110699599705,3.83,4.643,3.016
12/20/2022,0.41119490512407864,3.74,4.562,2.917
12/19/2022,0.44076212405332654,3.68,4.561,2.798
12/16/2022,0.4710268039082277,3.64,4.582,2.697
12/15/2022,0.4748381303138997,3.57,4.519,2.62
12/14/2022,0.4600394004865236,3.5,4.42,2.579
12/13/2022,0.44075077991989986,3.44,4.321,2.558
12/12/2022,0.47332995890815954,3.41,4.356,2.463
12/09/2022,0.42664534451930913,3.33,4.183,2.476
12/08/2022,0.41064126680108515,3.25,4.071,2.428
12/07/2022,0.42354013977426036,3.18,4.027,2.332
12/06/2022,0.4451923741485247,3.12,4.01,2.229
12/05/2022,0.39474200435220974,3.05,3.839,2.26
12/02/2022,0.3506387029407906,2.98,3.681,2.278
12/01/2022,0.34393676744424984,2.93,3.617,2.242
11/30/2022,0.3127499000799201,2.87,3.495,2.244
11/29/2022,0.2476842748339103,2.81,3.305,2.314
11/28/2022,0.2295375786227606,2.78,3.239,2.32
11/25/2022,0.21536306554281773,2.75,3.18,2.319
11/23/2022,0.2025987413583806,2.72,3.125,2.314
11/22/2022,0.19197981664747993,2.71,3.093,2.326
11/21/2022,0.19591133198465063,2.69,3.081,2.298
11/18/2022,0.18478703958881967,2.67,3.039,2.3
11/17/2022,0.19292809541380956,2.66,3.045,2.274
11/16/2022,0.18348365049780319,2.63,2.996,2.263
11/15/2022,0.16128003596229756,2.6,2.922,2.277
11/14/2022,0.11874868420323652,2.57,2.807,2.332
11/11/2022,0.10443299287102711,2.54,2.748,2.331
11/10/2022,0.11059498180297334,2.51,2.731,2.288
11/09/2022,0.12886523968859875,2.5,2.757,2.242
11/08/2022,0.20430675466073067,2.48,2.888,2.071
11/07/2022,0.2477221225486331,2.42,2.915,1.924
11/04/2022,0.28494736356036005,2.39,2.959,1.82
11/03/2022,0.3077498984565226,2.34,2.955,1.724
11/02/2022,0.3321219655488026,2.31,2.974,1.645
11/01/2022,0.34224260401066375,2.29,2.974,1.605
10/31/2022,0.35390676738372784,2.24,2.947,1.532
10/28/2022,0.36063139075793166,2.2,2.921,1.478
10/27/2022,0.3636413067845841,2.16,2.887,1.432
10/26/2022,0.3526825768307814,2.11,2.815,1.404
10/25/2022,0.34361315457939035,2.06,2.747,1.372
10/24/2022,0.31980462785894764,2.02,2.659,1.38
10/21/2022,0.29718680993610735,1.98,2.574,1.385
10/20/2022,0.28425340807103794,1.96,2.528,1.391
10/19/2022,0.25953805116013334,1.92,2.439,1.4
10/18/2022,0.22281157959136683,1.86,2.305,1.414
10/17/2022,0.21042813500100213,1.83,2.25,1.409
10/14/2022,0.17421251390184345,1.78,2.128,1.431
10/13/2022,0.11536897329871666,1.74,1.97,1.509
10/12/2022,0.11034038245356954,1.73,1.95,1.509
10/11/2022,0.11049886877249016,1.74,1.96,1.519
10/10/2022,0.11015897603009933,1.73,1.95,1.509
10/07/2022,0.11031772296417289,1.73,1.95,1.509
10/06/2022,0.11406138698087095,1.73,1.958,1.501
10/05/2022,0.10062305898749054,1.72,1.921,1.518
10/04/2022,0.10290772565750349,1.72,1.925,1.514
10/03/2022,0.1113777356566383,1.7,1.922,1.477
09/30/2022,0.12666885963013957,1.68,1.933,1.426
09/29/2022,0.16309506430300091,1.66,1.986,1.333
09/28/2022,0.18867962264113208,1.64,2.017,1.262
09/27/2022,0.20478037015300074,1.61,2.019,1.2
09/26/2022,0.22360679774997896,1.6,2.047,1.152
09/23/2022,0.19520502042724208,1.56,1.95,1.169
09/22/2022,0.18692244381026052,1.53,1.903,1.156
09/21/2022,0.18696256309753564,1.53,1.903,1.156
09/20/2022,0.18730990363565936,1.54,1.914,1.165
09/19/2022,0.18879883474216677,1.54,1.917,1.162
09/16/2022,0.18832126937762497,1.53,1.906,1.153
09/15/2022,0.18231812992678484,1.53,1.894,1.165
09/14/2022,0.18001361198531624,1.53,1.89,1.169
09/13/2022,0.18794919659312193,1.53,1.905,1.154
09/12/2022,0.20946288573396482,1.55,1.968,1.131
09/09/2022,0.22816573033652535,1.56,2.016,1.103
09/08/2022,0.23095367609111572,1.56,2.021,1.098
09/07/2022,0.24290492172864672,1.57,2.055,1.084
09/06/2022,0.25530844286862114,1.59,2.1,1.079
09/02/2022,0.2684339788476861,1.62,2.156,1.083
09/01/2022,0.2773110185333428,1.64,2.194,1.085
08/31/2022,0.2590281857250287,1.68,2.198,1.161
08/30/2022,0.24148457714727867,1.72,2.202,1.237
08/29/2022,0.24880514665094852,1.76,2.257,1.262
08/26/2022,0.2177806258600613,1.79,2.225,1.354
08/25/2022,0.19161889520608347,1.82,2.203,1.436
08/24/2022,0.17974204015755468,1.85,2.209,1.49
08/23/2022,0.16996176334693636,1.86,2.199,1.52
08/22/2022,0.16020736874438704,1.89,2.21,1.569
08/19/2022,0.12645117832586616,1.91,2.162,1.657
08/18/2022,0.12539697165402364,1.96,2.21,1.709
08/17/2022,0.17776107701068875,2.0,2.355,1.644
08/16/2022,0.23228969090340632,2.05,2.514,1.585
08/15/2022,0.2608029917389753,2.08,2.601,1.558
08/12/2022,0.27429527976252166,2.11,2.658,1.561
08/11/2022,0.9019095301082033,2.32,4.123,0.516
08/10/2022,0.898359616189419,2.33,4.126,0.533
08/09/2022,0.9122307822037141,2.4,4.224,0.575
08/08/2022,1.0028833431660935,2.52,4.525,0.514
08/05/2022,1.4038571864687663,2.77,5.577,-0.037
08/04/2022,1.7221178821439604,3.05,6.494,-0.394
08/03/2022,1.907185098515611,3.31,7.124,-0.504
08/02/2022,0.0,0.0,0.0,0.0
08/01/2022,0.0,0.0,0.0,0.0
07/29/2022,0.0,0.0,0.0,0.0
07/28/2022,0.0,0.0,0.0,0.0
07/27/2022,0.0,0.0,0.0,0.0
07/26/2022,0.0,0.0,0.0,0.0
07/25/2022,0.0,0.0,0.0,0.0
07/22/2022,0.0,0.0,0.0,0.0
07/21/2022,0.0,0.0,0.0,0.0
07/20/2022,0.0,0.0,0.0,0.0
07/19/2022,0.0,0.0,0.0,0.0
07/18/2022,0.0,0.0,0.0,0.0
07/15/2022,0.0,0.0,0.0,0.0
07/14/2022,0.0,0.0,0.0,0.0
07/13/2022,0.0,0.0,0.0,0.0
07/12/2022,0.0,0.0,0.0,0.0
07/11/2022,0.0,0.0,0.0,0.0
07/08/2022,0.0,0.0,0.0,0.0
07/07/2022,0.0,0.0,0.0,0.0
