12/01/2022,7.53568178733683,90.64,105.711,75.568
11/01/2022,8.01640599021781,90.95,106.982,74.917
10/01/2022,7.402999392138297,90.67,105.475,75.864
09/01/2022,7.88133713274594,90.93,106.692,75.167
08/01/2022,9.154951119476278,91.79,110.099,73.48
07/01/2022,10.655382911937046,93.19,114.5,71.879
06/01/2022,10.736140135076479,93.51,114.982,72.037
05/01/2022,10.504659918341002,94.22,115.229,73.21
04/01/2022,10.212728088028193,94.77,115.195,74.344
03/01/2022,9.93157414511919,95.24,115.103,75.376
02/01/2022,9.924180822617048,95.4,115.248,75.551
01/01/2022,9.663639842212664,95.77,115.097,76.442
12/01/2021,8.959187463157582,96.73,114.648,78.811
11/01/2021,9.57601613407162,96.11,115.262,76.957
10/01/2021,11.28805851331397,95.13,117.706,72.553
09/01/2021,12.01342832000924,94.26,118.286,70.233
08/01/2021,11.54373271520092,94.99,118.077,71.902
07/01/2021,11.49284016246637,95.36,118.345,72.374
06/01/2021,11.337644155643623,95.68,118.355,73.004
05/01/2021,11.468890094512199,95.53,118.467,72.592
04/01/2021,12.00006395816289,94.68,118.68,70.679
03/01/2021,11.801511132054236,93.79,117.393,70.186
02/01/2021,11.862616279725144,92.59,116.315,68.864
01/01/2021,11.933487126569501,90.96,114.826,67.093
12/01/2020,11.820477570724458,88.75,112.39,65.109
11/01/2020,10.736277520630695,86.29,107.762,64.817
10/01/2020,11.378376641683117,84.51,107.266,61.753
09/01/2020,11.55858879794588,82.99,106.107,59.872
08/01/2020,12.251767831623319,81.27,105.773,56.766
07/01/2020,12.237029664097411,79.99,104.464,55.515
06/01/2020,11.691353215090203,78.88,102.262,55.497
05/01/2020,11.594843681568113,77.52,100.709,54.33
04/01/2020,10.58801988097869,76.08,97.256,54.903
03/01/2020,10.793053553096083,75.28,96.866,53.693
02/01/2020,10.849099962669714,75.2,96.898,53.501
01/01/2020,11.526450017242949,74.25,97.302,51.197
12/01/2019,11.122076919352788,72.4,94.644,50.155
11/01/2019,10.377527402999231,70.16,90.915,49.404
10/01/2019,9.965396379472319,67.93,87.86,47.999
09/01/2019,11.672420271734564,65.44,88.784,42.095
08/01/2019,12.873912381246036,63.27,89.017,37.522
07/01/2019,12.987115923098555,60.61,86.584,34.635
06/01/2019,13.431710427194298,58.25,85.113,31.386
05/01/2019,13.689889334833937,56.3,83.679,28.92
04/01/2019,14.121889037943896,54.65,82.893,26.406
03/01/2019,14.456352409926927,52.95,81.862,24.037
02/01/2019,14.804956095848445,51.47,81.079,21.86
01/01/2019,14.653702262568324,49.97,79.277,20.662
12/01/2018,14.714039724018692,48.82,78.248,19.391
11/01/2018,14.37038725991753,47.12,75.86,18.379
10/01/2018,13.295343169696675,45.01,71.6,18.419
09/01/2018,12.696722017906827,43.35,68.743,17.956
08/01/2018,11.236936860194598,41.55,64.023,19.076
07/01/2018,9.943722894369092,40.05,59.937,20.162
06/01/2018,7.986447896280298,38.48,54.452,22.507
05/01/2018,7.2319655004708085,36.88,51.343,22.416
04/01/2018,5.906919671029901,35.33,47.143,23.516
03/01/2018,4.955118565685386,33.9,43.81,23.989
02/01/2018,4.772054588958513,32.41,41.954,22.865
01/01/2018,5.7526398288090315,31.57,43.075,20.064
12/01/2017,6.18357420914474,30.77,43.137,18.402
11/01/2017,6.655409078336207,29.96,43.27,16.649
10/01/2017,7.158205431531006,29.15,43.466,14.833
09/01/2017,7.10889056041799,28.49,42.707,14.272
08/01/2017,7.097113497753859,27.78,41.974,13.585
07/01/2017,7.009294187006279,27.25,41.268,13.231
06/01/2017,6.896657523757433,26.69,40.483,12.896
05/01/2017,6.466120552541532,26.08,39.012,13.147
04/01/2017,6.077280641866064,25.78,37.934,13.625
03/01/2017,5.828000943719895,25.52,37.176,13.863
02/01/2017,5.651330374345496,25.28,36.582,13.977
01/01/2017,5.461407785543943,25.06,35.982,14.137
12/01/2016,5.102501837334309,24.75,34.955,14.544
11/01/2016,4.558744344663341,24.34,33.457,15.222
10/01/2016,3.893958140504338,23.76,31.547,15.972
09/01/2016,3.897100203997839,23.59,31.384,15.795
08/01/2016,3.862091402336304,23.39,31.114,15.665
07/01/2016,3.8648305266854845,23.4,31.129,15.67
06/01/2016,3.723692387939691,23.61,31.057,16.162
05/01/2016,3.5552658128471912,23.74,30.85,16.629
04/01/2016,3.5772803915824096,23.72,30.874,16.565
03/01/2016,3.401876687947404,23.89,30.693,17.086
02/01/2016,3.069584662458424,24.13,30.269,17.99
01/01/2016,3.0750886166092837,24.12,30.27,17.969
12/01/2015,3.01975578482764,24.2,30.239,18.16
11/01/2015,3.066343914175316,24.12,30.252,17.987
10/01/2015,3.061237494870334,24.13,30.252,18.007
09/01/2015,3.22046037081657,24.32,30.76,17.879
08/01/2015,2.814235242477075,23.94,29.568,18.311
07/01/2015,2.604207173018307,23.63,28.838,18.421
06/01/2015,2.756694578657563,23.72,29.233,18.206
05/01/2015,2.6380731604714835,23.62,28.896,18.343
04/01/2015,2.724802745154225,23.67,29.119,18.22
03/01/2015,2.6742232517125415,23.39,28.738,18.041
02/01/2015,2.79603826869376,23.22,28.812,17.627
01/01/2015,2.885118715061826,23.11,28.88,17.339
12/01/2014,3.08983413794333,22.9,29.079,16.72
11/01/2014,3.8964766135574327,22.28,30.072,14.487
10/01/2014,4.362961723416789,21.78,30.505,13.054
09/01/2014,5.192506620120961,21.23,31.615,10.844
08/01/2014,5.907168103245413,20.66,32.474,8.845
07/01/2014,6.588359431603592,19.93,33.106,6.753
06/01/2014,7.156392946170578,19.16,33.472,4.847
05/01/2014,7.70454638508978,18.31,33.719,2.9
04/01/2014,8.124292584588519,17.44,33.688,1.191
03/01/2014,8.504271573744573,16.6,33.608,-0.408
02/01/2014,8.76232874297695,15.67,33.194,-1.854
01/01/2014,8.518913076208724,14.48,31.517,-2.557
12/01/2013,8.538352007266976,13.49,30.566,-3.586
11/01/2013,8.487219803916945,12.6,29.574,-4.374
10/01/2013,7.750317735422207,11.4,26.9,-4.1
09/01/2013,7.171354125965332,10.29,24.632,-4.052
08/01/2013,5.8798622432842755,9.02,20.779,-2.739
07/01/2013,5.281036356625468,8.14,18.702,-2.422
06/01/2013,4.646565936258733,7.35,16.643,-1.943
05/01/2013,3.7272335585525087,6.55,14.004,-0.904
04/01/2013,2.679453302448094,5.86,11.218,0.501
03/01/2013,2.3039585499743698,5.51,10.117,0.902
02/01/2013,1.4940230921910143,5.15,8.138,2.161
01/01/2013,1.2395543554035862,4.98,7.459,2.5
12/01/2012,0.9986515908964447,4.85,6.847,2.852
11/01/2012,0.891069582019272,4.79,6.572,3.007
10/01/2012,0.7683228488077131,4.7,6.236,3.163
09/01/2012,0.7507862545358699,4.65,6.151,3.148
08/01/2012,0.7335666295572612,4.62,6.087,3.152
07/01/2012,0.7394558810368608,4.58,6.058,3.101
06/01/2012,0.7447784905594415,4.56,6.049,3.07
05/01/2012,0.8100432087240779,4.47,6.09,2.849
04/01/2012,0.810647889036911,4.47,6.091,2.848
03/01/2012,0.8265893781074132,4.5,6.153,2.846
02/01/2012,0.8386208917025618,4.52,6.197,2.842
01/01/2012,0.8684612829596954,4.64,6.376,2.903
12/01/2011,0.8993997998665554,4.76,6.558,2.961
11/01/2011,0.8568342896966717,4.83,6.543,3.116
10/01/2011,0.8618439533929562,4.94,6.663,3.216
09/01/2011,1.039927882114909,5.14,7.219,3.06
08/01/2011,1.2815166795637114,5.38,7.943,2.816
07/01/2011,1.523745385554949,5.59,8.637,2.542
06/01/2011,1.6305029898776635,5.71,8.971,2.448
05/01/2011,0.0,0.0,0.0,0.0
04/01/2011,0.0,0.0,0.0,0.0
03/01/2011,0.0,0.0,0.0,0.0
02/01/2011,0.0,0.0,0.0,0.0
01/01/2011,0.0,0.0,0.0,0.0
12/01/2010,0.0,0.0,0.0,0.0
11/01/2010,0.0,0.0,0.0,0.0
10/01/2010,0.0,0.0,0.0,0.0
09/01/2010,0.0,0.0,0.0,0.0
08/01/2010,0.0,0.0,0.0,0.0
07/01/2010,0.0,0.0,0.0,0.0
06/01/2010,0.0,0.0,0.0,0.0
05/01/2010,0.0,0.0,0.0,0.0
04/01/2010,0.0,0.0,0.0,0.0
03/01/2010,0.0,0.0,0.0,0.0
02/01/2010,0.0,0.0,0.0,0.0
01/01/2010,0.0,0.0,0.0,0.0
12/01/2009,0.0,0.0,0.0,0.0
11/01/2009,0.0,0.0,0.0,0.0
