12/01/2022,1.9508293154451009,2.76,6.661,-1.141
11/01/2022,1.8795851185833539,2.86,6.619,-0.899
10/01/2022,1.8132398076371474,2.96,6.586,-0.666
09/01/2022,1.7517161505221102,3.06,6.563,-0.443
08/01/2022,1.6823599495946164,3.17,6.534,-0.194
07/01/2022,1.658274705831335,3.19,6.506,-0.126
06/01/2022,1.6172662118525818,3.22,6.454,-0.014
05/01/2022,1.6043908501359636,3.24,6.448,0.031
04/01/2022,1.6221174433437302,3.21,6.454,-0.034
03/01/2022,1.6280601954473306,3.2,6.456,-0.056
02/01/2022,1.6334977808371827,3.23,6.496,-0.036
01/01/2022,1.6269388433496816,3.25,6.503,-0.003
12/01/2021,1.6374782441302846,3.21,6.484,-0.064
11/01/2021,1.645360142947434,3.2,6.49,-0.09
10/01/2021,1.6720152511266158,3.14,6.484,-0.204
09/01/2021,1.6227353450270319,2.99,6.235,-0.255
08/01/2021,1.425114030525277,2.79,5.64,-0.06
07/01/2021,0.7266532873386041,2.48,3.933,1.026
06/01/2021,0.0,0.0,0.0,0.0
05/01/2021,0.0,0.0,0.0,0.0
04/01/2021,0.0,0.0,0.0,0.0
03/01/2021,0.0,0.0,0.0,0.0
02/01/2021,0.0,0.0,0.0,0.0
01/01/2021,0.0,0.0,0.0,0.0
12/01/2020,0.0,0.0,0.0,0.0
11/01/2020,0.0,0.0,0.0,0.0
10/01/2020,0.0,0.0,0.0,0.0
09/01/2020,0.0,0.0,0.0,0.0
08/01/2020,0.0,0.0,0.0,0.0
07/01/2020,0.0,0.0,0.0,0.0
06/01/2020,0.0,0.0,0.0,0.0
05/01/2020,0.0,0.0,0.0,0.0
04/01/2020,0.0,0.0,0.0,0.0
03/01/2020,0.0,0.0,0.0,0.0
02/01/2020,0.0,0.0,0.0,0.0
01/01/2020,0.0,0.0,0.0,0.0
12/01/2019,0.0,0.0,0.0,0.0
