12/01/2022,5.66628802656554,43.71,55.042,32.377
11/01/2022,6.296381897566252,42.89,55.482,30.297
10/01/2022,6.693039668192622,41.71,55.096,28.323
09/01/2022,7.217784632420117,40.47,54.905,26.034
08/01/2022,7.951025405568768,39.4,55.302,23.497
07/01/2022,8.541030090100374,38.13,55.212,21.047
06/01/2022,8.58083824576597,36.62,53.781,19.458
05/01/2022,9.29042813868123,35.15,53.73,16.569
04/01/2022,9.995775107514174,34.12,54.111,14.128
03/01/2022,10.366265721078154,33.11,53.842,12.377
02/01/2022,10.46709128650362,31.75,52.684,10.815
01/01/2022,10.153682090749149,30.52,50.827,10.212
12/01/2021,9.61469474294426,29.24,48.469,10.01
11/01/2021,8.930466953076976,27.96,45.82,10.099
10/01/2021,8.521265164281651,26.54,43.582,9.497
09/01/2021,7.821981846054106,26.0,41.643,10.356
08/01/2021,7.191963918151981,25.55,39.933,11.166
07/01/2021,6.130385387559252,24.99,37.25,12.729
06/01/2021,6.1609897743787885,25.0,37.321,12.678
05/01/2021,6.624324116466524,25.3,38.548,12.051
04/01/2021,6.850085400927495,25.5,39.2,11.799
03/01/2021,7.2064030556165815,25.81,40.222,11.397
02/01/2021,7.561221462171307,26.22,41.342,11.097
01/01/2021,7.746956499167916,26.63,42.123,11.136
12/01/2020,7.78174530552112,26.99,42.553,11.426
11/01/2020,7.711220396279696,27.3,42.722,11.877
10/01/2020,7.629924966865664,27.46,42.719,12.2
09/01/2020,7.249457565914846,27.92,42.418,13.421
08/01/2020,6.920847130229073,28.25,42.091,14.408
07/01/2020,6.783273546010069,28.38,41.946,14.813
06/01/2020,6.460693461231542,28.66,41.581,15.738
05/01/2020,6.410943768276243,28.71,41.531,15.888
04/01/2020,6.294609201531101,28.82,41.409,16.23
03/01/2020,6.068260047163437,29.07,41.206,16.933
02/01/2020,5.295635467061531,29.57,40.161,18.978
01/01/2020,5.385685193176444,29.22,39.991,18.448
12/01/2019,5.357858714075988,29.03,39.745,18.314
11/01/2019,5.395956356383918,28.64,39.431,17.848
10/01/2019,5.0596521619573815,28.14,38.259,18.02
09/01/2019,4.518298352256079,27.53,36.566,18.493
08/01/2019,4.196148233797277,27.22,35.612,18.827
07/01/2019,3.804400084113132,26.42,34.028,18.811
06/01/2019,3.2725616877302715,25.6,32.145,19.054
05/01/2019,2.92633900975263,24.87,30.722,19.017
04/01/2019,2.714785442719185,24.33,29.759,18.9
03/01/2019,2.7901424694807253,23.84,29.42,18.259
02/01/2019,2.9856724535688777,23.51,29.481,17.538
01/01/2019,3.0611305101220365,23.17,29.292,17.047
12/01/2018,3.1355804885220215,22.94,29.211,16.668
11/01/2018,3.1548716297180777,22.89,29.199,16.58
10/01/2018,3.2017713847181533,22.71,29.113,16.306
09/01/2018,3.366017676721262,22.49,29.222,15.757
08/01/2018,3.523464204444257,22.19,29.236,15.143
07/01/2018,3.458970222479517,21.91,28.827,14.992
06/01/2018,3.362796455332972,21.68,28.405,14.954
05/01/2018,3.3714944757481065,21.36,28.102,14.617
04/01/2018,3.08215914579374,20.85,27.014,14.685
03/01/2018,3.125081598934658,20.44,26.69,14.189
02/01/2018,2.866289413161204,19.92,25.652,14.187
01/01/2018,2.6833002068348595,19.39,24.756,14.023
12/01/2017,1.7758096744865426,18.72,22.271,15.168
11/01/2017,1.775561882897918,18.5,22.051,14.948
10/01/2017,1.7465809457336925,18.38,21.873,14.886
09/01/2017,1.7457978118900253,18.27,21.761,14.778
08/01/2017,1.685353078734542,18.14,21.51,14.769
07/01/2017,1.7046803219372246,18.04,21.449,14.63
06/01/2017,1.796052616155774,17.87,21.462,14.277
05/01/2017,1.7718013432662252,17.76,21.303,14.216
04/01/2017,1.747133366403378,17.58,21.074,14.085
03/01/2017,1.5371873665887317,17.35,20.424,14.275
02/01/2017,1.440326351907789,17.29,20.17,14.409
01/01/2017,1.5779036725985525,17.4,20.555,14.244
12/01/2016,1.6757610211483018,17.53,20.881,14.178
11/01/2016,1.587652354893854,17.45,20.625,14.274
10/01/2016,1.4552869132923583,17.38,20.29,14.469
09/01/2016,1.445164350515193,17.36,20.25,14.469
08/01/2016,1.4503447865938637,17.37,20.27,14.469
07/01/2016,1.487837356702674,17.53,20.505,14.554
06/01/2016,1.493070661422292,17.65,20.636,14.663
05/01/2016,1.451647340093316,17.86,20.763,14.956
04/01/2016,1.3720003644314385,18.08,20.824,15.335
03/01/2016,1.3363364097412,18.21,20.882,15.537
02/01/2016,1.3357020625873122,18.27,20.941,15.598
01/01/2016,1.3735501446980376,18.41,21.157,15.662
12/01/2015,1.5420505828279436,18.62,21.704,15.535
11/01/2015,1.5191823458689875,18.79,21.828,15.751
10/01/2015,1.3066809097863181,19.01,21.623,16.396
09/01/2015,1.2965589072618335,19.2,21.793,16.606
08/01/2015,1.0788187985013977,19.36,21.517,17.202
07/01/2015,0.8987074051102505,19.51,21.307,17.712
06/01/2015,0.9050497223909856,19.59,21.4,17.779
05/01/2015,0.9053949414482058,19.51,21.32,17.699
04/01/2015,0.9591141746424146,19.41,21.328,17.491
03/01/2015,1.2463165729460552,19.26,21.752,16.767
02/01/2015,1.420132036114952,19.11,21.95,16.269
01/01/2015,1.8679708241832897,18.89,22.625,15.154
12/01/2014,2.1698974630152454,18.67,23.009,14.33
11/01/2014,2.380998740024866,18.41,23.171,13.648
10/01/2014,2.5223857754118417,18.19,23.234,13.145
09/01/2014,2.6707012187813146,17.9,23.241,12.558
08/01/2014,2.7778876867144935,17.62,23.175,12.064
07/01/2014,2.9372070066646647,17.31,23.184,11.435
06/01/2014,3.1045418341520215,16.98,23.189,10.77
05/01/2014,3.1949530512982505,16.57,22.959,10.18
04/01/2014,3.110798932750235,16.09,22.311,9.868
03/01/2014,3.194030369298326,15.59,21.978,9.201
02/01/2014,3.2329166398161275,15.12,21.585,8.654
01/01/2014,3.107969594445866,14.59,20.805,8.374
12/01/2013,3.134953747665187,14.09,20.359,7.82
11/01/2013,3.004508279236388,13.56,19.569,7.55
10/01/2013,2.6996573856695223,13.02,18.419,7.62
09/01/2013,2.501029787907373,12.52,17.522,7.517
08/01/2013,2.2936357600979282,12.06,16.647,7.472
07/01/2013,2.260009955730284,11.7,16.22,7.179
06/01/2013,2.0681223368069888,11.36,15.496,7.223
05/01/2013,2.041492101380752,11.17,15.252,7.087
04/01/2013,2.0891828546108644,10.86,15.038,6.681
03/01/2013,1.9706280724682677,10.63,14.571,6.688
02/01/2013,1.763967119874971,10.46,13.987,6.932
01/01/2013,1.5925828078941453,10.26,13.445,7.074
12/01/2012,1.3733972477036642,10.02,12.766,7.273
11/01/2012,1.2122953435528818,9.84,12.264,7.415
10/01/2012,1.0927602664811709,9.65,11.835,7.464
09/01/2012,0.9959618466587963,9.46,11.451,7.468
08/01/2012,0.8705716512728862,9.25,10.991,7.508
07/01/2012,0.8434127103618961,9.16,10.846,7.473
06/01/2012,0.8265984514865726,9.04,10.693,7.386
05/01/2012,0.7904777036703816,8.95,10.53,7.369
04/01/2012,0.8165751649419665,8.89,10.523,7.256
03/01/2012,1.0105048243328678,8.73,10.751,6.708
02/01/2012,1.1331107624588161,8.57,10.836,6.303
01/01/2012,1.2172181398582589,8.45,10.884,6.015
12/01/2011,1.2580321935467311,8.36,10.876,5.843
11/01/2011,1.2619825672330025,8.33,10.853,5.806
10/01/2011,1.2413198620822918,8.26,10.742,5.777
09/01/2011,1.3035336589440258,8.07,10.677,5.462
08/01/2011,1.4402083182651042,7.95,10.83,5.069
07/01/2011,1.4356740577164442,7.79,10.661,4.918
06/01/2011,1.2972220318819752,7.5,10.094,4.905
05/01/2011,1.2863533729111922,7.28,9.852,4.707
04/01/2011,1.247160775521745,7.11,9.604,4.615
03/01/2011,1.1927153893532187,6.93,9.315,4.544
02/01/2011,1.1270204079784891,6.82,9.074,4.565
01/01/2011,1.0920050366184215,6.72,8.904,4.535
12/01/2010,1.0848986127744842,6.61,8.779,4.44
11/01/2010,1.1068830109817387,6.4,8.613,4.186
10/01/2010,1.1222254675420622,6.21,8.454,3.965
09/01/2010,1.0937892850087718,6.0,8.187,3.812
08/01/2010,1.071533947199061,5.81,7.953,3.666
07/01/2010,1.0709154961993967,5.81,7.951,3.668
06/01/2010,1.0790644095696975,5.75,7.908,3.591
05/01/2010,1.0732753607532413,5.68,7.826,3.533
04/01/2010,1.0940292500660118,5.69,7.878,3.501
03/01/2010,1.218776025363151,5.75,8.187,3.312
02/01/2010,1.3273394441513444,5.8,8.454,3.145
01/01/2010,1.4687562765823334,5.94,8.877,3.002
12/01/2009,1.532992172191365,6.08,9.145,3.014
11/01/2009,1.57277302876162,6.15,9.295,3.004
10/01/2009,1.5887731115549506,6.26,9.437,3.082
09/01/2009,1.6004936738394187,6.38,9.58,3.179
08/01/2009,1.613370695159671,6.47,9.696,3.243
07/01/2009,1.6280110564735117,6.58,9.836,3.323
06/01/2009,1.6302085756123355,6.61,9.87,3.349
05/01/2009,1.632640499313918,6.66,9.925,3.394
04/01/2009,1.6277868410820873,6.76,10.015,3.504
03/01/2009,1.5242096312515545,6.92,9.968,3.871
02/01/2009,1.4424111757747857,7.12,10.004,4.235
01/01/2009,1.2743370825648919,7.31,9.858,4.761
12/01/2008,1.041875712357285,7.48,9.563,5.396
11/01/2008,0.989517559217622,7.56,9.539,5.58
10/01/2008,0.8027702037320519,7.7,9.305,6.094
09/01/2008,0.5365631370118524,7.84,8.913,6.766
08/01/2008,0.5492176253544673,7.83,8.928,6.731
07/01/2008,0.5140671162406715,7.73,8.758,6.701
06/01/2008,0.5840847541239199,7.58,8.748,6.411
05/01/2008,0.664623953826523,7.43,8.759,6.1
04/01/2008,0.7669159015172394,7.3,8.833,5.766
03/01/2008,0.8306533573037553,7.2,8.861,5.538
02/01/2008,0.8743969350357995,7.12,8.868,5.371
01/01/2008,0.8661235477690237,7.1,8.832,5.367
12/01/2007,0.8847739824384532,7.13,8.899,5.36
11/01/2007,0.9663203402598955,7.18,9.112,5.247
10/01/2007,0.9754742436374219,7.23,9.18,5.279
09/01/2007,0.9825756968295115,7.26,9.225,5.294
08/01/2007,0.9795330520201961,7.23,9.189,5.27
07/01/2007,0.997251222110056,7.18,9.174,5.185
06/01/2007,0.9553376366499962,7.09,9.0,5.179
05/01/2007,0.9419076387841857,7.04,8.923,5.156
04/01/2007,0.936560195609444,7.02,8.893,5.146
03/01/2007,0.9238614614756913,6.99,8.837,5.142
02/01/2007,0.9033631606391751,6.96,8.766,5.153
01/01/2007,0.8917538898148973,6.94,8.723,5.156
12/01/2006,0.9057593499379402,6.9,8.711,5.088
11/01/2006,1.1303738319688756,6.74,9.0,4.479
10/01/2006,1.4805877211431953,6.56,9.521,3.598
09/01/2006,1.7078451334942522,6.41,9.825,2.994
08/01/2006,1.9095601587800266,6.26,10.079,2.44
07/01/2006,2.0818177153631874,6.09,10.253,1.926
06/01/2006,2.265891656721477,5.89,10.421,1.358
05/01/2006,2.400379136719864,5.62,10.42,0.819
04/01/2006,2.4664225104389557,5.31,10.242,0.377
03/01/2006,2.4257658584455344,4.95,9.801,0.098
02/01/2006,2.3925509398965783,4.67,9.455,-0.115
01/01/2006,2.3220131351910998,4.41,9.054,-0.234
12/01/2005,2.2696739853996655,4.18,8.719,-0.359
11/01/2005,2.2353579131763217,4.0,8.47,-0.47
10/01/2005,2.16231473194815,3.78,8.104,-0.544
09/01/2005,2.061481263557833,3.58,7.702,-0.542
08/01/2005,1.8989233791809506,3.36,7.157,-0.437
07/01/2005,1.7069710015111563,3.15,6.563,-0.263
06/01/2005,1.447214565985293,2.86,5.754,-0.034
05/01/2005,0.9691104168256577,2.56,4.498,0.621
04/01/2005,0.5471151615519351,2.32,3.414,1.225
03/01/2005,0.4674291390146746,2.2,3.134,1.265
02/01/2005,0.5239561050317096,2.14,3.187,1.092
01/01/2005,0.5196248646860541,2.1,3.139,1.06
12/01/2004,0.5653582934741472,2.02,3.15,0.889
11/01/2004,0.606803098212262,1.95,3.163,0.736
10/01/2004,0.6637243403703077,1.88,3.207,0.552
09/01/2004,0.6988812488541956,1.83,3.227,0.432
08/01/2004,0.7219972299115835,1.79,3.233,0.346
07/01/2004,0.7350068026896078,1.76,3.23,0.289
06/01/2004,0.7220976388273265,1.73,3.174,0.285
05/01/2004,0.694100136867873,1.68,3.068,0.291
04/01/2004,0.6785499244712948,1.62,2.977,0.262
03/01/2004,0.6421487366646453,1.59,2.874,0.305
02/01/2004,0.6292574989620704,1.58,2.838,0.321
01/01/2004,0.6483479004361778,1.59,2.886,0.293
12/01/2003,0.6817770896708102,1.6,2.963,0.236
11/01/2003,0.6732904276759027,1.6,2.946,0.253
10/01/2003,0.7047730131042192,1.65,3.059,0.24
09/01/2003,0.7230456417128867,1.68,3.126,0.233
08/01/2003,0.7969410266763783,1.78,3.373,0.186
07/01/2003,1.214635747868471,2.02,4.449,-0.409
06/01/2003,1.4978784997455568,2.27,5.265,-0.725
05/01/2003,1.5174238036883434,2.36,5.394,-0.674
04/01/2003,1.4931979105262638,2.47,5.456,-0.516
03/01/2003,1.5096075648989047,2.65,5.669,-0.369
02/01/2003,1.5309408871671042,2.87,5.931,-0.191
01/01/2003,1.561934697738673,3.1,6.223,-0.023
12/01/2002,1.7044999266647096,3.4,6.808,-0.008
11/01/2002,1.7585391664674404,3.67,7.187,0.152
10/01/2002,1.9421315609401955,3.99,7.874,0.105
09/01/2002,2.088667039046674,4.33,8.507,0.152
08/01/2002,2.1357551357775075,4.7,8.971,0.428
07/01/2002,2.1332955725824774,4.96,9.226,0.693
06/01/2002,2.1390956032865853,5.25,9.528,0.971
05/01/2002,2.1478431041395925,5.5,9.795,1.204
04/01/2002,2.104080559294249,5.72,9.928,1.511
03/01/2002,1.9948383393147426,5.92,9.909,1.93
02/01/2002,1.8864941028267224,6.19,9.962,2.417
01/01/2002,1.6774072254524242,6.42,9.774,3.065
12/01/2001,1.5386552570345313,6.64,9.717,3.562
11/01/2001,1.6233175906149726,6.79,10.036,3.543
10/01/2001,1.6202330079343528,6.85,10.09,3.609
09/01/2001,1.4541973731237448,7.08,9.988,4.171
08/01/2001,1.1517139401778551,7.32,9.623,5.016
07/01/2001,0.9522525925404457,7.46,9.364,5.555
06/01/2001,0.7857035064195654,7.57,9.141,5.998
05/01/2001,0.6314348739181264,7.7,8.962,6.437
04/01/2001,0.6131924657071384,7.73,8.956,6.503
03/01/2001,0.5557157546803941,7.79,8.901,6.678
02/01/2001,0.5764937120212154,7.73,8.882,6.577
01/01/2001,0.5568213357981177,7.68,8.793,6.566
12/01/2000,0.7027268317063182,7.75,9.155,6.344
11/01/2000,0.8169700116895356,7.86,9.493,6.226
10/01/2000,0.8539555023536063,7.91,9.617,6.202
09/01/2000,1.2260750384866335,8.1,10.552,5.647
08/01/2000,2.2111535450981235,8.57,12.992,4.147
07/01/2000,2.793760906018981,9.07,14.657,3.482
06/01/2000,3.484370100893417,9.61,16.578,2.641
05/01/2000,4.063802406613786,10.25,18.377,2.122
04/01/2000,4.492874914795648,10.84,19.825,1.854
03/01/2000,4.789083941632262,11.32,20.898,1.741
02/01/2000,5.026586814131434,11.95,22.003,1.896
01/01/2000,5.1885590485220465,12.5,22.877,2.122
12/01/1999,5.325461951793478,13.1,23.75,2.449
11/01/1999,5.73945816257946,13.99,25.468,2.511
10/01/1999,5.942750205081818,14.84,26.725,2.954
09/01/1999,6.075019341532996,15.65,27.8,3.499
08/01/1999,0.0,0.0,0.0,0.0
07/01/1999,0.0,0.0,0.0,0.0
06/01/1999,0.0,0.0,0.0,0.0
05/01/1999,0.0,0.0,0.0,0.0
04/01/1999,0.0,0.0,0.0,0.0
03/01/1999,0.0,0.0,0.0,0.0
02/01/1999,0.0,0.0,0.0,0.0
01/01/1999,0.0,0.0,0.0,0.0
12/01/1998,0.0,0.0,0.0,0.0
11/01/1998,0.0,0.0,0.0,0.0
10/01/1998,0.0,0.0,0.0,0.0
09/01/1998,0.0,0.0,0.0,0.0
08/01/1998,0.0,0.0,0.0,0.0
07/01/1998,0.0,0.0,0.0,0.0
06/01/1998,0.0,0.0,0.0,0.0
05/01/1998,0.0,0.0,0.0,0.0
04/01/1998,0.0,0.0,0.0,0.0
03/01/1998,0.0,0.0,0.0,0.0
02/01/1998,0.0,0.0,0.0,0.0
