12/01/2022,12.762937945473213,22.11,47.635,-3.415
11/01/2022,13.08629607643049,23.23,49.402,-2.942
10/01/2022,13.108439838516253,24.24,50.456,-1.976
09/01/2022,12.70871846410959,25.35,50.767,-0.067
08/01/2022,12.39632465692957,26.77,51.562,1.977
07/01/2022,11.899620162005172,28.12,51.919,4.32
06/01/2022,12.147401162388604,27.98,52.274,3.685
05/01/2022,12.58593043839032,27.73,52.901,2.558
04/01/2022,0.0,0.0,0.0,0.0
03/01/2022,0.0,0.0,0.0,0.0
02/01/2022,0.0,0.0,0.0,0.0
01/01/2022,0.0,0.0,0.0,0.0
12/01/2021,0.0,0.0,0.0,0.0
11/01/2021,0.0,0.0,0.0,0.0
10/01/2021,0.0,0.0,0.0,0.0
09/01/2021,0.0,0.0,0.0,0.0
08/01/2021,0.0,0.0,0.0,0.0
07/01/2021,0.0,0.0,0.0,0.0
06/01/2021,0.0,0.0,0.0,0.0
05/01/2021,0.0,0.0,0.0,0.0
04/01/2021,0.0,0.0,0.0,0.0
03/01/2021,0.0,0.0,0.0,0.0
02/01/2021,0.0,0.0,0.0,0.0
01/01/2021,0.0,0.0,0.0,0.0
12/01/2020,0.0,0.0,0.0,0.0
11/01/2020,0.0,0.0,0.0,0.0
10/01/2020,0.0,0.0,0.0,0.0
