12/01/2022,18.142986248134566,30.24,66.525,-6.045
11/01/2022,18.509800782288284,32.6,69.619,-4.419
10/01/2022,18.024593476691784,34.42,70.469,-1.629
09/01/2022,17.265394145515476,36.4,70.93,1.869
08/01/2022,16.34837163145003,38.4,71.096,5.703
07/01/2022,15.207016143872538,39.98,70.394,9.565
06/01/2022,14.293337084110204,40.92,69.506,12.333
05/01/2022,13.055417266407074,41.92,68.03,15.809
04/01/2022,11.552908508250207,43.02,66.125,19.914
03/01/2022,10.254629442354316,43.75,64.259,23.24
02/01/2022,9.662400840370886,44.18,63.504,24.855
01/01/2022,9.490178343951182,44.29,63.27,25.309
12/01/2021,9.712085769802488,44.15,63.574,24.725
11/01/2021,10.399910336151942,43.5,64.299,22.7
10/01/2021,11.066690336320068,42.64,64.773,20.506
09/01/2021,11.124368970867517,41.53,63.778,19.281
08/01/2021,11.105978345017606,40.66,62.871,18.448
07/01/2021,10.695733261445893,39.67,61.061,18.278
06/01/2021,9.830570939675884,38.75,58.411,19.088
05/01/2021,9.132364972995768,37.58,55.844,19.315
04/01/2021,8.424628478455297,36.48,53.329,19.63
03/01/2021,6.912920149980036,35.58,49.405,21.754
02/01/2021,0.0,0.0,0.0,0.0
01/01/2021,0.0,0.0,0.0,0.0
12/01/2020,0.0,0.0,0.0,0.0
11/01/2020,0.0,0.0,0.0,0.0
10/01/2020,0.0,0.0,0.0,0.0
09/01/2020,0.0,0.0,0.0,0.0
08/01/2020,0.0,0.0,0.0,0.0
07/01/2020,0.0,0.0,0.0,0.0
06/01/2020,0.0,0.0,0.0,0.0
05/01/2020,0.0,0.0,0.0,0.0
04/01/2020,0.0,0.0,0.0,0.0
03/01/2020,0.0,0.0,0.0,0.0
02/01/2020,0.0,0.0,0.0,0.0
01/01/2020,0.0,0.0,0.0,0.0
12/01/2019,0.0,0.0,0.0,0.0
11/01/2019,0.0,0.0,0.0,0.0
10/01/2019,0.0,0.0,0.0,0.0
09/01/2019,0.0,0.0,0.0,0.0
08/01/2019,0.0,0.0,0.0,0.0
