12/01/2022,6.965100501787465,39.32,53.25,25.389
11/01/2022,6.547384974170986,40.16,53.254,27.065
10/01/2022,6.119852122396423,40.82,53.059,28.58
09/01/2022,5.405570737674237,41.41,52.221,30.598
08/01/2022,4.390315478413823,41.93,50.71,33.149
07/01/2022,3.562101907582095,42.39,49.514,35.265
06/01/2022,3.3435931271612582,42.53,49.217,35.842
05/01/2022,3.974178531470372,42.31,50.258,34.361
04/01/2022,4.3675376357851805,42.02,50.755,33.284
03/01/2022,4.484179412110983,41.84,50.808,32.871
02/01/2022,4.452672792829044,41.47,50.375,32.564
01/01/2022,4.512310937867646,41.16,50.184,32.135
12/01/2021,4.530800701862751,40.92,49.981,31.858
11/01/2021,4.4713448759853,40.63,49.572,31.687
10/01/2021,4.5681697647964,40.24,49.376,31.103
09/01/2021,4.57019200909546,40.24,49.38,31.099
08/01/2021,5.000307990514184,40.56,50.56,30.559
07/01/2021,5.2104740667236795,40.72,51.14,30.299
06/01/2021,5.271045437102586,40.76,51.302,30.217
05/01/2021,5.350618188583446,40.84,51.541,30.138
04/01/2021,5.319493866901248,40.8,51.438,30.161
03/01/2021,5.2712176012758185,40.72,51.262,30.177
02/01/2021,5.3466400664342455,40.84,51.533,30.146
01/01/2021,5.3435362822759975,40.91,51.597,30.222
12/01/2020,5.319925281430181,41.23,51.869,30.59
11/01/2020,5.354785709998112,41.48,52.189,30.77
10/01/2020,5.421749717572731,41.9,52.743,31.056
09/01/2020,4.724970899381286,42.73,52.179,33.28
08/01/2020,4.239072422122556,43.27,51.748,34.791
07/01/2020,4.14826108146534,43.34,51.636,35.043
06/01/2020,3.9870245798088573,43.59,51.564,35.615
05/01/2020,3.7299369967869422,43.85,51.309,36.39
04/01/2020,3.5681038381751162,44.3,51.436,37.163
03/01/2020,3.5215820308492036,44.85,51.893,37.806
02/01/2020,2.8972668154659145,45.53,51.324,39.735
01/01/2020,3.104324403151191,45.83,52.038,39.621
12/01/2019,2.984498282793944,45.71,51.678,39.741
11/01/2019,2.9119950206001386,45.47,51.293,39.646
10/01/2019,2.843392340145834,45.23,50.916,39.543
09/01/2019,2.85882930585231,45.04,50.757,39.322
08/01/2019,2.924608520810948,45.19,51.039,39.34
07/01/2019,3.1377404290348814,45.57,51.845,39.294
06/01/2019,3.335858959848273,45.85,52.521,39.178
05/01/2019,3.3480785534392705,46.34,53.036,39.643
04/01/2019,3.519943891598274,46.75,53.789,39.71
03/01/2019,3.6759270939451447,47.13,54.481,39.778
02/01/2019,3.7966090133170156,47.37,54.963,39.776
01/01/2019,3.85606016550572,47.59,55.302,39.877
12/01/2018,3.8261416596879947,47.89,55.542,40.237
11/01/2018,3.2377268260308805,48.5,54.975,42.024
10/01/2018,3.0173208314662197,48.79,54.824,42.755
09/01/2018,2.7672188204043424,49.28,54.814,43.745
08/01/2018,2.763562013054891,49.49,55.017,43.962
07/01/2018,2.7831546848854805,49.55,55.116,43.983
06/01/2018,2.8008257710896616,49.5,55.101,43.898
05/01/2018,2.786870108203825,49.44,55.013,43.866
04/01/2018,2.8193332545124914,49.66,55.298,44.021
03/01/2018,2.5937964453672917,50.11,55.297,44.922
02/01/2018,2.4434320125593834,50.7,55.586,45.813
01/01/2018,1.729313447585485,51.19,54.648,47.731
12/01/2017,1.6616151780722268,51.23,54.553,47.906
11/01/2017,1.930211128348399,51.02,54.88,47.159
10/01/2017,2.053563975141753,50.87,54.977,46.762
09/01/2017,2.599491296388584,50.5,55.698,45.301
08/01/2017,3.1241902951004765,50.01,56.258,43.761
07/01/2017,3.3737116059319594,49.58,56.327,42.832
06/01/2017,3.5840996079908267,49.18,56.348,42.011
05/01/2017,3.7734082736963406,48.82,56.366,41.273
04/01/2017,4.340650296902527,48.23,56.911,39.548
03/01/2017,4.834410512151404,47.59,57.258,37.921
02/01/2017,4.951668910579543,47.25,57.153,37.346
01/01/2017,5.041267201805513,46.62,56.702,36.537
12/01/2016,5.013418494400801,46.15,56.176,36.123
11/01/2016,4.9270873749102515,45.75,55.604,35.895
10/01/2016,4.89859469644101,45.64,55.437,35.842
09/01/2016,4.81226038364509,45.43,55.054,35.805
08/01/2016,4.580370072384981,45.18,54.34,36.019
07/01/2016,4.211616079369058,44.74,53.163,36.316
06/01/2016,3.3823261226558263,44.11,50.874,37.345
05/01/2016,2.7380093133515815,43.62,49.096,38.143
04/01/2016,2.6642043840516445,43.13,48.458,37.801
03/01/2016,2.5341813273718206,42.92,47.988,37.851
02/01/2016,2.2758218295815693,42.63,47.181,38.078
01/01/2016,2.2702433790234915,42.55,47.09,38.009
12/01/2015,2.3103311450958715,42.47,47.09,37.849
11/01/2015,2.3389730652574863,42.3,46.977,37.622
10/01/2015,2.4664792721610294,42.05,46.982,37.117
09/01/2015,2.6158402091870983,41.76,46.991,36.528
08/01/2015,2.7295045337936337,41.68,47.139,36.22
07/01/2015,2.8741468299305795,41.59,47.338,35.841
06/01/2015,3.120587284470665,41.27,47.511,35.028
05/01/2015,3.162715605298712,41.2,47.525,34.874
04/01/2015,3.405928654566915,40.87,47.681,34.058
03/01/2015,3.6964780534990327,40.41,47.802,33.017
02/01/2015,3.5841972601964853,39.93,47.098,32.761
01/01/2015,3.4523137169150773,39.43,46.334,32.525
12/01/2014,3.037846276558443,38.9,44.975,32.824
11/01/2014,2.8253663479272904,38.74,44.39,33.089
10/01/2014,2.6473156215306095,38.56,43.854,33.265
09/01/2014,2.4881428817493574,38.24,43.216,33.263
08/01/2014,2.5297539406037095,38.1,43.159,33.04
07/01/2014,2.506263154578944,37.64,42.652,32.627
06/01/2014,2.553231286037361,37.15,42.256,32.043
05/01/2014,2.5165949217146566,36.67,41.703,31.636
04/01/2014,2.495469895630881,36.27,41.26,31.279
03/01/2014,2.431770959609478,35.88,40.743,31.016
02/01/2014,2.396749882653591,35.65,40.443,30.856
01/01/2014,2.385923301365742,35.45,40.221,30.678
12/01/2013,2.4494060504538653,35.21,40.108,30.311
11/01/2013,2.441194379806738,35.14,40.022,30.257
10/01/2013,2.4650415817993827,35.01,39.94,30.079
09/01/2013,2.4026714298879908,34.68,39.485,29.874
08/01/2013,2.4219723367536634,34.56,39.403,29.716
07/01/2013,2.643961989136758,34.36,39.647,29.072
06/01/2013,2.8618604088948856,33.99,39.713,28.266
05/01/2013,2.9080629291677993,33.76,39.576,27.943
04/01/2013,3.073270245194848,33.35,39.496,27.203
03/01/2013,2.5178989256918154,32.93,37.965,27.894
02/01/2013,2.045381382529918,32.68,36.77,28.589
01/01/2013,1.8532431033191512,32.51,36.216,28.803
12/01/2012,1.8608465815321793,32.51,36.231,28.788
11/01/2012,2.0860836512469954,32.68,36.852,28.507
10/01/2012,2.1431448854428847,32.82,37.106,28.533
09/01/2012,2.1519456312834664,32.91,37.213,28.606
08/01/2012,2.1511961788735117,32.91,37.212,28.607
07/01/2012,2.1629181676614575,32.88,37.205,28.554
06/01/2012,2.209218187504348,32.71,37.128,28.291
05/01/2012,2.2009293491613935,32.68,37.081,28.278
04/01/2012,2.199391961429339,32.69,37.088,28.291
03/01/2012,2.1678906799006255,32.52,36.855,28.184
02/01/2012,2.1750528729205634,32.42,36.77,28.069
01/01/2012,2.400555144128124,32.21,37.011,27.408
12/01/2011,2.46337776234178,32.03,36.956,27.103
11/01/2011,2.4036659501686164,32.14,36.947,27.332
10/01/2011,2.284811808442874,32.29,36.859,27.72
09/01/2011,2.3768129922229884,32.19,36.943,27.436
08/01/2011,2.250269983801943,32.29,36.79,27.789
07/01/2011,2.260130527204125,32.32,36.84,27.799
06/01/2011,2.234678947858058,32.13,36.599,27.66
05/01/2011,2.4341127747086815,31.84,36.708,26.971
04/01/2011,2.232064067180868,31.61,36.074,27.145
03/01/2011,1.9220548899550185,31.24,35.084,27.395
02/01/2011,2.0842996425658185,30.77,34.938,26.601
01/01/2011,2.6523357630586664,30.19,35.494,24.885
12/01/2010,3.050939199656394,29.68,35.781,23.578
11/01/2010,3.2462177992241985,29.29,35.782,22.797
10/01/2010,3.6540354404411564,28.83,36.138,21.521
09/01/2010,4.1073945512940435,28.12,36.334,19.905
08/01/2010,4.1505078002576985,27.63,35.931,19.328
07/01/2010,4.0650258301762365,27.43,35.56,19.299
06/01/2010,4.032889782773638,27.06,35.125,18.994
05/01/2010,4.058162145602366,26.91,35.026,18.793
04/01/2010,4.448644737445327,27.22,36.117,18.322
03/01/2010,4.765763317664863,27.43,36.961,17.898
02/01/2010,5.083640919655912,27.67,37.837,17.502
01/01/2010,5.141706915023454,27.79,38.073,17.506
12/01/2009,5.425062672449047,28.08,38.93,17.229
11/01/2009,5.518864013544817,28.16,39.197,17.122
10/01/2009,5.529962025186069,28.19,39.249,17.13
09/01/2009,5.534656267556279,28.28,39.349,17.21
08/01/2009,5.500222268236076,28.21,39.21,17.209
07/01/2009,5.500328172027556,28.21,39.21,17.209
06/01/2009,5.517601834130478,28.51,39.545,17.474
05/01/2009,5.5560449062260115,29.19,40.302,18.077
04/01/2009,5.568959507843454,29.89,41.027,18.752
03/01/2009,5.532439787290957,30.48,41.544,19.415
02/01/2009,5.138714333371724,31.03,41.307,20.752
01/01/2009,4.500694390869036,31.97,40.971,22.968
12/01/2008,4.663926457396172,33.03,42.357,23.702
11/01/2008,4.7643457053408715,33.7,43.228,24.171
10/01/2008,4.352515939086267,34.48,43.185,25.774
09/01/2008,4.265552719167823,35.46,43.991,26.928
08/01/2008,4.628835706740952,35.86,45.117,26.602
07/01/2008,4.750368933040886,36.09,45.59,26.589
06/01/2008,4.860168206965682,36.3,46.02,26.579
05/01/2008,4.7427539468119155,36.64,46.125,27.154
04/01/2008,4.741889918587314,36.7,46.183,27.216
03/01/2008,4.731044282185488,36.84,46.302,27.377
02/01/2008,4.542268706274433,37.15,46.234,28.065
01/01/2008,4.198561063031001,37.48,45.877,29.082
12/01/2007,4.1031859572775895,37.54,45.746,29.333
11/01/2007,3.910977499296052,37.65,45.471,29.828
10/01/2007,3.781883789859229,37.75,45.313,30.186
09/01/2007,3.945407456778071,37.57,45.46,29.679
08/01/2007,4.156369208816754,37.31,45.622,28.997
07/01/2007,4.575701585549478,36.95,46.101,27.798
06/01/2007,4.818860342446127,36.76,46.397,27.122
05/01/2007,5.160891395873391,36.3,46.621,25.978
04/01/2007,5.0576422372484995,35.58,45.695,25.464
03/01/2007,5.008765816046904,35.09,45.107,25.072
02/01/2007,4.95522098397236,34.69,44.6,24.779
01/01/2007,4.536145941214855,33.96,43.032,24.887
12/01/2006,4.1543856344831545,33.16,41.468,24.851
11/01/2006,3.9026715208943736,32.52,40.325,24.714
10/01/2006,3.597738873236912,31.82,39.015,24.624
09/01/2006,3.5138454718442023,31.2,38.227,24.172
08/01/2006,3.519490730205153,30.57,37.608,23.531
07/01/2006,3.1582772202579052,30.07,36.386,23.753
06/01/2006,2.8211859208495986,29.5,35.142,23.857
05/01/2006,2.549961764419223,28.93,34.029,23.83
04/01/2006,2.6681041958664204,28.61,33.946,23.273
03/01/2006,2.7153526474474723,28.26,33.69,22.829
02/01/2006,2.623592003341983,27.74,32.987,22.492
01/01/2006,2.5535485113856757,27.29,32.397,22.182
12/01/2005,2.5429598895774976,26.85,31.935,21.764
11/01/2005,2.679211637777053,26.56,31.918,21.201
10/01/2005,2.6285176430832644,26.43,31.687,21.172
09/01/2005,2.5994201276438558,26.31,31.508,21.111
08/01/2005,2.506150434431261,26.2,31.212,21.187
07/01/2005,2.2671193175481523,25.92,30.454,21.385
06/01/2005,1.8621909139505541,25.57,29.294,21.845
05/01/2005,1.5987010352157778,25.32,28.517,22.122
04/01/2005,1.5446795784239524,25.13,28.219,22.04
03/01/2005,1.4522069411760845,24.88,27.784,21.975
02/01/2005,1.4270861922112483,24.69,27.544,21.835
01/01/2005,1.4939076276664498,24.52,27.507,21.532
12/01/2004,1.6439054109041673,24.36,27.647,21.072
11/01/2004,1.6884519537138152,23.99,27.366,20.613
10/01/2004,1.797076793016926,23.72,27.314,20.125
09/01/2004,1.8707899401055157,23.53,27.271,19.788
08/01/2004,1.8753826276256265,23.41,27.16,19.659
07/01/2004,1.8748759958994619,23.28,27.029,19.53
06/01/2004,1.977361878867902,23.14,27.094,19.185
05/01/2004,2.089464046113261,22.97,27.148,18.791
04/01/2004,2.0907929117920787,23.0,27.181,18.818
03/01/2004,2.097009775847504,23.07,27.264,18.875
02/01/2004,2.1318935245457262,23.09,27.353,18.826
01/01/2004,2.1537560214657554,23.1,27.407,18.792
12/01/2003,2.1144325479901216,23.08,27.308,18.851
11/01/2003,2.3350214131780462,23.22,27.89,18.549
10/01/2003,2.550628353955158,23.4,28.501,18.298
09/01/2003,2.6407025580326153,23.5,28.781,18.218
08/01/2003,2.7230837298915356,23.63,29.076,18.183
07/01/2003,2.7638442430788315,23.78,29.307,18.252
06/01/2003,2.7815328507856956,23.89,29.453,18.326
05/01/2003,2.7586545633696145,23.96,29.477,18.442
04/01/2003,2.6978259765967114,24.13,29.525,18.734
03/01/2003,2.5552446066864123,24.38,29.49,19.269
02/01/2003,2.3994874452682597,24.63,29.428,19.831
01/01/2003,2.2858565134321096,24.92,29.491,20.348
12/01/2002,2.198179928941214,25.05,29.446,20.653
11/01/2002,2.0938803690755594,25.23,29.417,21.042
10/01/2002,1.7855167319294434,25.45,29.021,21.878
09/01/2002,1.2884059919140396,25.69,28.266,23.113
08/01/2002,1.1764905439483992,25.82,28.172,23.467
07/01/2002,1.1144460507355212,25.87,28.098,23.641
06/01/2002,1.4052579834322239,25.62,28.43,22.809
05/01/2002,1.6463945456663782,25.4,28.692,22.107
04/01/2002,1.6526282098524159,25.24,28.545,21.934
03/01/2002,1.5309016950803862,25.03,28.091,21.968
02/01/2002,1.4409233151004257,24.98,27.861,22.098
01/01/2002,1.394223798391062,24.84,27.628,22.051
12/01/2001,1.3463264834355744,24.72,27.412,22.027
11/01/2001,1.3838153778593443,24.55,27.317,21.782
10/01/2001,1.5303153269832985,24.35,27.41,21.289
09/01/2001,1.696424180445445,24.22,27.612,20.827
08/01/2001,1.7209169067680168,24.12,27.561,20.678
07/01/2001,1.7030780956843992,24.04,27.446,20.633
06/01/2001,1.720985182969336,23.86,27.301,20.418
05/01/2001,1.6052959228752808,23.75,26.96,20.539
04/01/2001,1.6522166928099955,23.8,27.104,20.495
03/01/2001,1.6117924804390915,23.75,26.973,20.526
02/01/2001,1.5991435207635365,23.69,26.888,20.491
01/01/2001,1.780528011574095,23.82,27.381,20.258
12/01/2000,1.8113751682078454,23.84,27.462,20.217
11/01/2000,1.8458480435832199,23.89,27.581,20.198
10/01/2000,1.7857995408219813,23.98,27.551,20.408
09/01/2000,1.7031808477081933,24.09,27.496,20.683
08/01/2000,1.6999102917507145,24.12,27.519,20.72
07/01/2000,1.7366519513132157,24.2,27.673,20.726
06/01/2000,1.7523912234429846,24.21,27.714,20.705
05/01/2000,1.929880825336114,24.41,28.269,20.55
04/01/2000,2.0598046023834398,24.59,28.709,20.47
03/01/2000,2.019608873024676,24.73,28.769,20.69
02/01/2000,2.2841672443146543,25.21,29.778,20.641
01/01/2000,2.550561702841161,25.78,30.881,20.678
12/01/1999,2.897181388867463,26.29,32.084,20.495
11/01/1999,3.277847616958421,26.81,33.365,20.254
10/01/1999,3.5721730081282463,27.47,34.614,20.325
09/01/1999,3.83708157327936,27.99,35.664,20.315
08/01/1999,4.19467638799467,28.51,36.899,20.12
07/01/1999,4.510768227253535,29.13,38.151,20.108
06/01/1999,4.549214217862245,29.75,38.848,20.651
05/01/1999,4.629402769256527,30.1,39.358,20.841
04/01/1999,4.68265629744486,30.55,39.915,21.184
03/01/1999,4.566045882380071,30.89,40.022,21.757
02/01/1999,4.269635230321204,31.38,39.919,22.84
01/01/1999,3.914745202436552,31.8,39.629,23.97
12/01/1998,3.5229973034335407,32.1,39.145,25.054
11/01/1998,3.2155582719024074,32.39,38.821,25.958
10/01/1998,2.9921062815347983,32.7,38.684,26.715
09/01/1998,2.8059900213650084,33.03,38.641,27.418
08/01/1998,2.557933736436501,33.39,38.505,28.274
07/01/1998,1.7931815301301761,33.81,37.396,30.223
06/01/1998,1.8087799755636391,33.8,37.417,30.182
05/01/1998,2.0983862847435883,33.62,37.816,29.423
04/01/1998,2.2116950513124545,33.49,37.913,29.066
03/01/1998,2.391725318676875,33.25,38.033,28.466
02/01/1998,2.6345227271746965,32.87,38.139,27.6
01/01/1998,2.82743169678774,32.51,38.164,26.855
12/01/1997,2.7730479620807142,32.17,37.716,26.623
11/01/1997,2.5415634951737878,31.82,36.903,26.736
10/01/1997,2.494512978519054,31.41,36.399,26.42
09/01/1997,2.4074831255898768,31.19,36.004,26.375
08/01/1997,2.209573488255143,30.95,35.369,26.53
07/01/1997,2.2537768301231607,30.73,35.237,26.222
06/01/1997,2.3567159353642944,30.38,35.093,25.666
05/01/1997,2.4505325951719152,30.1,35.001,25.198
04/01/1997,2.58054936011695,29.91,35.071,24.748
03/01/1997,2.766563753106008,29.59,35.123,24.056
02/01/1997,2.7677951513795236,29.18,34.715,23.644
01/01/1997,2.5918121073874163,28.73,33.913,23.546
12/01/1996,2.347593448619245,28.18,32.875,23.484
11/01/1996,2.3512826286943898,27.6,32.302,22.897
10/01/1996,2.5309059642744534,27.16,32.221,22.098
09/01/1996,2.858720867800842,26.76,32.477,21.042
08/01/1996,2.9924195895629344,26.29,32.274,20.305
07/01/1996,3.0751804825083027,25.91,32.06,19.759
06/01/1996,3.403988836644445,25.47,32.277,18.662
05/01/1996,3.521837588532441,25.12,32.163,18.076
04/01/1996,3.4885469754612735,24.7,31.677,17.722
03/01/1996,3.3379402331377954,24.23,30.905,17.554
02/01/1996,3.3284883956534985,23.86,30.516,17.203
01/01/1996,0.0,0.0,0.0,0.0
12/01/1995,0.0,0.0,0.0,0.0
11/01/1995,0.0,0.0,0.0,0.0
10/01/1995,0.0,0.0,0.0,0.0
09/01/1995,0.0,0.0,0.0,0.0
08/01/1995,0.0,0.0,0.0,0.0
07/01/1995,0.0,0.0,0.0,0.0
06/01/1995,0.0,0.0,0.0,0.0
05/01/1995,0.0,0.0,0.0,0.0
04/01/1995,0.0,0.0,0.0,0.0
03/01/1995,0.0,0.0,0.0,0.0
02/01/1995,0.0,0.0,0.0,0.0
01/01/1995,0.0,0.0,0.0,0.0
12/01/1994,0.0,0.0,0.0,0.0
11/01/1994,0.0,0.0,0.0,0.0
10/01/1994,0.0,0.0,0.0,0.0
09/01/1994,0.0,0.0,0.0,0.0
08/01/1994,0.0,0.0,0.0,0.0
07/01/1994,0.0,0.0,0.0,0.0
