12/01/2022,8.250499173534896,22.86,39.36,6.359
11/01/2022,8.805766185432134,23.47,41.081,5.858
10/01/2022,9.34914416470834,24.06,42.758,5.361
09/01/2022,9.427222237356027,24.21,43.064,5.355
08/01/2022,9.519296644841992,24.34,43.378,5.301
07/01/2022,9.076764793278496,23.91,42.063,5.756
06/01/2022,9.10180147621887,24.75,42.953,6.546
05/01/2022,8.543606241658145,26.0,43.087,8.912
04/01/2022,7.977433146852438,27.28,43.234,11.325
03/01/2022,8.051251835118562,28.89,44.992,12.787
02/01/2022,7.8777887125766455,30.2,45.955,14.444
01/01/2022,7.557910430932614,31.73,46.845,16.614
12/01/2021,6.69733492383351,32.23,45.624,18.835
11/01/2021,5.744440379532196,33.24,44.728,21.751
10/01/2021,8.34709134213829,32.23,48.924,15.535
09/01/2021,10.02799473843101,31.12,51.175,11.064
08/01/2021,11.321561891982926,30.05,52.693,7.406
07/01/2021,12.363636579663769,29.02,53.747,4.292
06/01/2021,13.241125559181137,27.96,54.442,1.477
05/01/2021,13.786207546820119,26.81,54.382,-0.762
04/01/2021,14.901439511805563,25.21,55.012,-4.592
03/01/2021,15.031886878100167,23.81,53.873,-6.253
02/01/2021,14.871034500531563,22.51,52.252,-7.232
01/01/2021,15.522220798455354,20.98,52.024,-10.064
12/01/2020,15.410711255373648,20.01,50.831,-10.811
11/01/2020,15.299446584648086,19.25,49.848,-11.348
10/01/2020,14.998647855606851,18.32,48.317,-11.677
09/01/2020,14.570387743519388,17.47,46.61,-11.67
08/01/2020,13.952838513954784,16.53,44.435,-11.375
07/01/2020,12.407066566940793,15.25,40.064,-9.564
06/01/2020,10.892237713000025,14.11,35.894,-7.674
05/01/2020,8.760718241930853,11.87,29.391,-5.651
04/01/2020,8.30100681330283,11.37,27.972,-5.232
03/01/2020,5.972588711982435,10.29,22.235,-1.655
02/01/2020,6.030803414347047,10.96,23.021,-1.101
01/01/2020,6.051524718820869,11.44,23.543,-0.663
12/01/2019,5.9883801793556835,11.79,23.766,-0.186
11/01/2019,5.9179032834695775,11.92,23.755,0.084
10/01/2019,6.396907172415433,11.55,24.343,-1.243
09/01/2019,6.380956238879874,11.63,24.391,-1.131
08/01/2019,5.838098065509006,12.08,23.756,0.403
07/01/2019,5.832507242215821,12.09,23.755,0.424
06/01/2019,5.833495794161507,12.07,23.736,0.403
05/01/2019,5.13452740575995,12.72,22.989,2.45
04/01/2019,5.140541557073535,12.79,23.071,2.508
03/01/2019,5.130679535889959,12.75,23.011,2.488
02/01/2019,5.119385949506054,12.63,22.868,2.391
01/01/2019,5.037276297762512,12.36,22.434,2.285
12/01/2018,4.918569659972297,12.11,21.947,2.272
11/01/2018,4.695980462054756,11.88,21.271,2.488
10/01/2018,4.457756442427065,11.64,20.555,2.724
09/01/2018,3.7488281502357506,12.51,20.007,5.012
08/01/2018,4.60267232159753,11.79,20.995,2.584
07/01/2018,4.706564830106986,11.9,21.313,2.486
06/01/2018,4.656187012996794,11.85,21.162,2.537
05/01/2018,5.057932631026238,12.13,22.245,2.014
04/01/2018,5.469326398195668,12.52,23.458,1.581
03/01/2018,5.801053460363901,13.13,24.732,1.527
02/01/2018,5.404332174283886,14.31,25.118,3.501
01/01/2018,5.596919353537265,14.87,26.063,3.676
12/01/2017,5.686320976694861,15.56,26.932,4.187
11/01/2017,5.668635307549781,16.19,27.527,4.852
10/01/2017,5.7256501814204475,16.74,28.191,5.288
09/01/2017,5.698451544060018,17.08,28.476,5.683
08/01/2017,5.848747729215203,17.6,29.297,5.902
07/01/2017,6.43536867630752,18.46,31.33,5.589
06/01/2017,6.631356573130418,19.3,32.562,6.037
05/01/2017,6.862388432608577,20.31,34.034,6.585
04/01/2017,6.656112979810363,20.95,34.262,7.637
03/01/2017,6.52718162762459,21.48,34.534,8.425
02/01/2017,6.926726860502008,22.54,36.393,8.686
01/01/2017,7.098796376851501,23.25,37.447,9.052
12/01/2016,4.972185636116174,24.86,34.804,14.915
11/01/2016,5.300994717975108,25.81,36.411,15.208
10/01/2016,5.421286286482204,26.81,37.652,15.967
09/01/2016,5.6029800106728915,27.49,38.695,16.284
08/01/2016,5.47969296585128,27.66,38.619,16.7
07/01/2016,8.091089852424085,26.56,42.742,10.377
06/01/2016,8.064291041374933,26.71,42.838,10.581
05/01/2016,8.13254880096025,27.3,43.565,11.034
04/01/2016,0.0,0.0,0.0,0.0
03/01/2016,0.0,0.0,0.0,0.0
02/01/2016,0.0,0.0,0.0,0.0
01/01/2016,0.0,0.0,0.0,0.0
12/01/2015,0.0,0.0,0.0,0.0
11/01/2015,0.0,0.0,0.0,0.0
10/01/2015,0.0,0.0,0.0,0.0
09/01/2015,0.0,0.0,0.0,0.0
08/01/2015,0.0,0.0,0.0,0.0
07/01/2015,0.0,0.0,0.0,0.0
06/01/2015,0.0,0.0,0.0,0.0
05/01/2015,0.0,0.0,0.0,0.0
04/01/2015,0.0,0.0,0.0,0.0
03/01/2015,0.0,0.0,0.0,0.0
02/01/2015,0.0,0.0,0.0,0.0
01/01/2015,0.0,0.0,0.0,0.0
12/01/2014,0.0,0.0,0.0,0.0
11/01/2014,0.0,0.0,0.0,0.0
10/01/2014,0.0,0.0,0.0,0.0
