12/01/2022,13.270292385625872,77.63,104.17,51.089
11/01/2022,14.121654294026602,76.74,104.983,48.496
10/01/2022,14.936194127019105,75.41,105.282,45.537
09/01/2022,15.480097706409994,73.88,104.84,42.919
08/01/2022,16.209142173477286,72.17,104.588,39.751
07/01/2022,16.358813985127405,69.99,102.707,37.272
06/01/2022,16.537768591923154,68.17,101.245,35.094
05/01/2022,17.34515854640712,66.22,100.91,31.529
04/01/2022,16.761162996641968,63.32,96.842,29.797
03/01/2022,15.66908819938161,60.26,91.598,28.921
02/01/2022,13.244209866956956,56.69,83.178,30.201
01/01/2022,12.467293210637184,53.99,78.924,29.055
12/01/2021,12.6378431704148,52.2,77.475,26.924
11/01/2021,11.956855564905013,50.23,74.143,26.316
10/01/2021,11.874756629085077,48.62,72.369,24.87
09/01/2021,10.93253881767634,47.14,69.005,25.274
08/01/2021,10.180669182327849,46.04,66.401,25.678
07/01/2021,9.626886568356355,45.4,64.653,26.146
06/01/2021,9.095007696533303,44.8,62.99,26.609
05/01/2021,8.381859280613103,44.16,60.923,27.396
04/01/2021,7.438416498153353,43.54,58.416,28.663
03/01/2021,7.128333255397085,43.3,57.556,29.043
02/01/2021,7.199123905031779,43.35,57.748,28.951
01/01/2021,7.163008795192144,43.32,57.646,28.993
12/01/2020,7.146052756592272,43.3,57.592,29.007
11/01/2020,7.464047829428748,43.6,58.528,28.671
10/01/2020,7.6333704875369435,43.78,59.046,28.513
09/01/2020,7.937237239745326,44.47,60.344,28.595
08/01/2020,7.996085292191423,45.1,61.092,29.107
07/01/2020,7.77687180040921,45.6,61.153,30.046
06/01/2020,7.272572447215635,46.55,61.095,32.004
05/01/2020,6.587919626103525,47.59,60.765,34.414
04/01/2020,6.1537886704046,48.78,61.087,36.472
03/01/2020,5.596623535668628,49.82,61.013,38.626
02/01/2020,4.31796711427959,50.84,59.475,42.204
01/01/2020,3.656786157269796,51.53,58.843,44.216
12/01/2019,3.0565217159379063,51.93,58.043,45.816
11/01/2019,3.2509237148847405,51.81,58.311,45.308
10/01/2019,3.261903585331731,51.8,58.323,45.276
09/01/2019,3.186712255601375,51.88,58.253,45.506
08/01/2019,0.0,0.0,0.0,0.0
07/01/2019,0.0,0.0,0.0,0.0
06/01/2019,0.0,0.0,0.0,0.0
05/01/2019,0.0,0.0,0.0,0.0
04/01/2019,0.0,0.0,0.0,0.0
03/01/2019,0.0,0.0,0.0,0.0
02/01/2019,0.0,0.0,0.0,0.0
01/01/2019,0.0,0.0,0.0,0.0
12/01/2018,0.0,0.0,0.0,0.0
11/01/2018,0.0,0.0,0.0,0.0
10/01/2018,0.0,0.0,0.0,0.0
09/01/2018,0.0,0.0,0.0,0.0
08/01/2018,0.0,0.0,0.0,0.0
07/01/2018,0.0,0.0,0.0,0.0
06/01/2018,0.0,0.0,0.0,0.0
05/01/2018,0.0,0.0,0.0,0.0
04/01/2018,0.0,0.0,0.0,0.0
03/01/2018,0.0,0.0,0.0,0.0
02/01/2018,0.0,0.0,0.0,0.0
