12/01/2022,4.415495306531307,7.21,16.04,-1.62
11/01/2022,4.2696733366851385,7.63,16.169,-0.909
10/01/2022,4.004147225065532,8.08,16.088,0.071
09/01/2022,0.0,0.0,0.0,0.0
08/01/2022,0.0,0.0,0.0,0.0
07/01/2022,0.0,0.0,0.0,0.0
06/01/2022,0.0,0.0,0.0,0.0
05/01/2022,0.0,0.0,0.0,0.0
04/01/2022,0.0,0.0,0.0,0.0
03/01/2022,0.0,0.0,0.0,0.0
02/01/2022,0.0,0.0,0.0,0.0
01/01/2022,0.0,0.0,0.0,0.0
12/01/2021,0.0,0.0,0.0,0.0
11/01/2021,0.0,0.0,0.0,0.0
10/01/2021,0.0,0.0,0.0,0.0
09/01/2021,0.0,0.0,0.0,0.0
08/01/2021,0.0,0.0,0.0,0.0
07/01/2021,0.0,0.0,0.0,0.0
06/01/2021,0.0,0.0,0.0,0.0
05/01/2021,0.0,0.0,0.0,0.0
04/01/2021,0.0,0.0,0.0,0.0
03/01/2021,0.0,0.0,0.0,0.0
