12/01/2022,7.000317492799881,35.97,49.97,21.969
11/01/2022,6.532600936839783,36.38,49.445,23.314
10/01/2022,6.326632200468114,36.58,49.233,23.926
09/01/2022,6.196900838322331,36.71,49.103,24.316
08/01/2022,5.788719633908695,36.95,48.527,25.372
07/01/2022,6.185761472931204,36.74,49.111,24.368
06/01/2022,6.986221439376225,36.26,50.232,22.287
05/01/2022,7.664542713039051,35.86,51.189,20.53
04/01/2022,8.35632784182143,34.94,51.652,18.227
03/01/2022,9.014068171475076,34.15,52.178,16.121
02/01/2022,9.732369444282313,33.22,52.684,13.755
01/01/2022,10.516744505786951,32.12,53.153,11.086
12/01/2021,11.469115920593008,30.68,53.618,7.741
11/01/2021,11.729803706797485,28.88,52.339,5.42
10/01/2021,11.990263133059258,27.14,51.12,3.159
09/01/2021,12.22918415103804,25.41,49.868,0.951
08/01/2021,12.325395936845194,23.77,48.42,-0.88
07/01/2021,12.157371837695843,22.1,46.414,-2.214
06/01/2021,11.749087411369446,20.49,43.988,-3.008
05/01/2021,10.506498703183663,18.51,39.522,-2.502
04/01/2021,9.112711177251258,16.64,34.865,-1.585
03/01/2021,8.635903832257513,15.29,32.561,-1.981
02/01/2021,7.8887730351430445,14.05,29.827,-1.727
01/01/2021,6.845261499752949,12.91,26.6,-0.78
12/01/2020,5.819008076983568,11.84,23.478,0.201
11/01/2020,5.166784299736152,11.08,21.413,0.746
10/01/2020,4.712735935738389,10.45,19.875,1.024
09/01/2020,4.206007608171911,9.91,18.322,1.497
08/01/2020,3.4862501344567915,9.4,16.372,2.427
07/01/2020,2.6775436504378405,8.99,14.345,3.634
06/01/2020,2.0124624220094147,8.71,12.734,4.685
05/01/2020,1.763697819922676,8.61,12.137,5.082
04/01/2020,2.6813410823690447,9.02,14.382,3.657
03/01/2020,3.379585033698664,9.44,16.199,2.68
02/01/2020,3.684842601794546,9.81,17.179,2.44
01/01/2020,3.8373174223668283,10.21,17.884,2.535
12/01/2019,4.0463353790806815,10.69,18.782,2.597
11/01/2019,4.180787605224642,11.15,19.511,2.788
10/01/2019,4.270734714308534,11.56,20.101,3.018
09/01/2019,4.2887247521845,12.08,20.657,3.502
08/01/2019,4.11428000991668,12.53,20.758,4.301
07/01/2019,3.811246515249309,12.98,20.602,5.357
06/01/2019,3.58164557152156,13.34,20.503,6.176
05/01/2019,3.7865089462458688,13.94,21.513,6.366
04/01/2019,3.9796438282841344,14.7,22.659,6.74
03/01/2019,3.91404138966363,15.3,23.128,7.471
02/01/2019,3.889886887815634,16.05,23.829,8.27
01/01/2019,3.768779643332839,16.73,24.267,9.192
12/01/2018,3.538926390870542,17.28,24.357,10.202
11/01/2018,3.2947723745351514,17.69,24.279,11.1
10/01/2018,3.01403052406574,18.15,24.178,12.121
09/01/2018,2.74838952843297,18.54,24.036,13.043
08/01/2018,3.536906133897251,19.08,26.153,12.006
07/01/2018,5.245117729851256,20.01,30.5,9.519
06/01/2018,6.757360801378005,21.2,34.714,7.685
05/01/2018,7.612161650937268,22.36,37.584,7.135
04/01/2018,8.394893388245022,23.51,40.299,6.72
03/01/2018,8.953639483472628,24.66,42.567,6.752
02/01/2018,10.299427896732906,26.35,46.948,5.751
01/01/2018,11.066153577463128,27.87,50.002,5.737
12/01/2017,11.669774633642245,29.62,52.959,6.28
11/01/2017,11.786110681645578,31.29,54.862,7.717
10/01/2017,11.932985586180854,33.17,57.035,9.304
09/01/2017,12.07803336640531,34.59,58.746,10.433
08/01/2017,12.115139495688853,35.85,60.08,11.619
07/01/2017,11.717527896275731,37.05,60.485,13.614
06/01/2017,11.353584456020926,38.1,60.807,15.392
05/01/2017,10.849400213836706,39.21,60.908,17.511
04/01/2017,10.053822158761314,40.38,60.487,20.272
03/01/2017,8.920940533374269,41.74,59.581,23.898
02/01/2017,7.544340925488454,43.07,58.158,27.981
01/01/2017,5.429070362410124,44.31,55.168,33.451
12/01/2016,4.108769280453697,45.17,53.387,36.952
11/01/2016,3.666666742424241,45.51,52.843,38.176
10/01/2016,3.514440211470384,45.65,52.678,38.621
09/01/2016,0.0,0.0,0.0,0.0
08/01/2016,0.0,0.0,0.0,0.0
07/01/2016,0.0,0.0,0.0,0.0
06/01/2016,0.0,0.0,0.0,0.0
05/01/2016,0.0,0.0,0.0,0.0
04/01/2016,0.0,0.0,0.0,0.0
03/01/2016,0.0,0.0,0.0,0.0
02/01/2016,0.0,0.0,0.0,0.0
01/01/2016,0.0,0.0,0.0,0.0
12/01/2015,0.0,0.0,0.0,0.0
11/01/2015,0.0,0.0,0.0,0.0
10/01/2015,0.0,0.0,0.0,0.0
09/01/2015,0.0,0.0,0.0,0.0
08/01/2015,0.0,0.0,0.0,0.0
07/01/2015,0.0,0.0,0.0,0.0
06/01/2015,0.0,0.0,0.0,0.0
05/01/2015,0.0,0.0,0.0,0.0
04/01/2015,0.0,0.0,0.0,0.0
03/01/2015,0.0,0.0,0.0,0.0
