12/01/2022,3.159850471145747,7.0,13.319,0.68
11/01/2022,3.0812026872635303,7.54,13.702,1.377
10/01/2022,3.0015779183622735,7.99,13.993,1.986
09/01/2022,2.775176570959044,8.38,13.93,2.829
08/01/2022,2.4810491732329694,8.78,13.742,3.817
07/01/2022,2.2524642061528968,9.09,13.594,4.585
06/01/2022,2.030769558566407,9.36,13.421,5.298
05/01/2022,0.0,0.0,0.0,0.0
04/01/2022,0.0,0.0,0.0,0.0
03/01/2022,0.0,0.0,0.0,0.0
02/01/2022,0.0,0.0,0.0,0.0
01/01/2022,0.0,0.0,0.0,0.0
12/01/2021,0.0,0.0,0.0,0.0
11/01/2021,0.0,0.0,0.0,0.0
10/01/2021,0.0,0.0,0.0,0.0
09/01/2021,0.0,0.0,0.0,0.0
08/01/2021,0.0,0.0,0.0,0.0
07/01/2021,0.0,0.0,0.0,0.0
06/01/2021,0.0,0.0,0.0,0.0
05/01/2021,0.0,0.0,0.0,0.0
04/01/2021,0.0,0.0,0.0,0.0
03/01/2021,0.0,0.0,0.0,0.0
02/01/2021,0.0,0.0,0.0,0.0
01/01/2021,0.0,0.0,0.0,0.0
12/01/2020,0.0,0.0,0.0,0.0
11/01/2020,0.0,0.0,0.0,0.0
