12/29/2023,1703860500000,110.4599,110.48,110.52,110.53,110.4,4753
12/28/2023,1703774100000,110.1119,110.11,110.11,110.15,110.08,6742
12/27/2023,1703687700000,109.4263,109.46,109.4787,109.48,109.335,3994
12/26/2023,1703601300000,108.9672,108.96,108.9232,109.057,108.9232,2640
12/22/2023,1703255700000,109.1817,109.14,109.2457,109.2457,109.09,6710
12/21/2023,1703169300000,107.5798,107.5,107.6,107.63,107.5,7704
12/20/2023,1703082900000,107.6297,107.795,107.65,107.795,107.53,19634
12/19/2023,1702996500000,107.6155,107.711,107.51,107.77,107.5,20712
12/18/2023,1702910100000,108.0012,107.945,108.09,108.09,107.945,16023
12/15/2023,1702650900000,106.8615,107.175,107.04,107.3,106.74,1191811
12/14/2023,1702564500000,107.9808,107.61,108.07,108.1,107.6,142529
12/13/2023,1702478100000,106.4532,106.52,106.4,106.53,106.4,4629
12/12/2023,1702391700000,106.0495,106.16,106.065,106.16,105.97,14863
12/11/2023,1702305300000,105.0479,104.99,105.13,105.14,104.99,6624
12/08/2023,1702046100000,104.4801,104.615,104.36,104.615,104.36,10905
12/07/2023,1701959700000,104.5908,104.525,104.635,104.66,104.51,12235
12/06/2023,1701873300000,104.2319,104.34,104.15,104.36,104.15,6755
12/05/2023,1701786900000,104.7703,104.75,104.79,104.835,104.69,6775
12/04/2023,1701700500000,104.9978,104.92,104.9753,105.07,104.895,39598
12/01/2023,1701441300000,104.331,104.4399,104.35,104.44,104.26,17645
11/30/2023,1701354900000,103.1732,103.36,103.145,103.36,103.11,9784
11/29/2023,1701268500000,102.3343,102.365,102.33,102.4,102.295,17604
11/28/2023,1701182100000,101.9239,101.93,101.96,101.98,101.875,5606
11/27/2023,1701095700000,102.892,102.935,102.95,102.96,102.84,20071
11/24/2023,1700836500000,102.6363,102.57,102.685,102.709,102.57,3979
11/22/2023,1700663700000,102.3139,102.38,102.33,102.38,102.28,4801
11/21/2023,1700577300000,101.3811,101.445,101.365,101.45,101.29,20463
11/20/2023,1700490900000,99.2386,99.29,99.31,99.31,99.175,12467
11/17/2023,1700231700000,100.6246,100.5672,100.605,100.73,100.55,11449
11/16/2023,1700145300000,99.1948,99.19,99.21,99.32,99.02,23605
11/15/2023,1700058900000,97.3082,97.33,97.32,97.385,97.23,86374
11/14/2023,1699972500000,96.4807,96.42,96.51,96.5443,96.4,15411
11/13/2023,1699886100000,95.866,95.7,95.835,96.01,95.615,42823
11/10/2023,1699626900000,93.4354,93.54,93.3,93.54,93.3,8060
11/09/2023,1699540500000,94.522,94.59,94.46,94.605,94.44,7582
11/08/2023,1699454100000,95.1473,95.09,95.23,95.25,95.07,8132
11/07/2023,1699367700000,94.9411,94.93,94.96,94.995,94.86,15963
11/06/2023,1699281300000,95.5217,95.63,95.38,95.63,95.38,6654
11/03/2023,1699018500000,96.7168,97.02,96.49,97.02,96.45,18510
11/02/2023,1698932100000,95.0936,95.145,95.14,95.2041,94.95,20251
11/01/2023,1698845700000,94.976,94.95,94.83,95.07,94.83,6850
10/31/2023,1698759300000,94.0358,94.15,93.9,94.185,93.9,19986
10/30/2023,1698672900000,93.3689,93.39,93.25,93.53,93.23,38205
10/27/2023,1698413700000,94.7768,94.89,94.99,94.99,94.55,26858
10/26/2023,1698327300000,93.4248,93.55,93.37,93.59,93.27,14356
10/25/2023,1698240900000,94.3617,94.43,94.27,94.44,94.27,5800
10/24/2023,1698154500000,95.411,95.345,95.31,95.49,95.305,22209
10/23/2023,1698068100000,97.3641,97.2887,97.63,97.63,97.24,18294
10/20/2023,1697808900000,96.249,96.26,96.165,96.41,96.12,16408
10/19/2023,1697722500000,95.9804,95.95,96.065,96.09,95.91,49019
10/18/2023,1697636100000,92.9805,93.18,93.0,93.69,92.63,75897
10/17/2023,1697549700000,91.5427,91.74,91.437,91.76,91.41,11090
10/16/2023,1697463300000,91.3422,91.25,91.3313,91.4,91.25,16966
10/13/2023,1697204100000,90.2755,90.25,90.37,90.37,90.2,12308
10/12/2023,1697117700000,92.8883,92.96,92.94,93.01,92.77,18623
10/11/2023,1697031300000,95.9542,95.985,95.97,96.12,95.82,8037
10/10/2023,1696944900000,96.9282,96.8,96.97,97.0,96.77,10096
10/09/2023,1696858500000,96.5999,96.59,96.64,96.64,96.58,3360
10/06/2023,1696599300000,95.719,95.75,95.67,95.75,95.65,2873
10/05/2023,1696512900000,96.3753,96.355,96.4694,96.509,96.29,19111
10/04/2023,1696426500000,96.0343,96.14,95.97,96.14,95.95,10379
10/03/2023,1696340100000,95.9611,96.01,95.9,96.04,95.9,14293
10/02/2023,1696253700000,94.8198,94.83,94.78,94.91,94.74,23606
09/29/2023,1695994500000,97.8099,97.965,97.73,97.97,97.73,11290
09/28/2023,1695908100000,96.6188,96.57,96.58,96.7,96.56,19346
09/27/2023,1695821700000,96.6821,96.63,96.7,96.72,96.62,15431
09/26/2023,1695735300000,97.4144,97.44,97.36,97.44,97.36,3137
09/25/2023,1695648900000,97.7353,97.745,97.6868,97.79,97.6868,2115
09/22/2023,1695389700000,98.6633,98.55,98.7,98.73,98.55,8988
09/21/2023,1695303300000,99.2105,99.21,99.25,99.25,99.15,13894
09/20/2023,1695216900000,101.0128,100.98,101.05,101.07,100.95,20558
09/19/2023,1695130500000,100.9857,100.9,101.04,101.06,100.9,7701
09/18/2023,1695044100000,101.8219,101.795,101.87,101.875,101.75,14747
09/15/2023,1694784900000,102.6111,102.77,102.78,102.81,102.54,1089584
09/14/2023,1694698500000,103.238,103.35,103.24,103.35,103.17,3261
09/13/2023,1694612100000,102.7528,102.85,102.6801,102.86,102.665,4312
09/12/2023,1694525700000,102.5411,102.61,102.55,102.695,102.45,13776
09/11/2023,1694439300000,101.1053,101.04,101.12,101.15,101.04,4984
09/08/2023,1694180100000,100.4011,100.405,100.42,100.435,100.34,3323
09/07/2023,1694093700000,102.2101,102.16,102.1,102.28,102.1,9204
09/06/2023,1694007300000,100.2822,100.44,100.33,100.44,100.17,32058
09/05/2023,1693920900000,102.2382,102.23,102.26,102.31,102.2,6221
09/01/2023,1693575300000,103.537,103.57,103.47,103.62,103.45,4194
08/31/2023,1693488900000,104.4475,104.41,104.445,104.47,104.41,1864
08/30/2023,1693402500000,104.4564,104.39,104.475,104.57,104.375,16467
08/29/2023,1693316100000,103.4791,103.51,103.46,103.54,103.41,13926
08/28/2023,1693229700000,104.4487,104.56,104.38,104.63,104.35,19254
08/25/2023,1692970500000,104.5749,104.5425,104.54,104.64,104.52,4876
08/24/2023,1692884100000,104.8535,104.87,104.92,104.92,104.76,8463
08/23/2023,1692797700000,105.8848,105.89,105.875,105.94,105.8,9281
08/22/2023,1692711300000,104.213,103.985,104.4,104.4,103.98,20975
08/21/2023,1692624900000,104.0277,103.97,103.97,104.08,103.97,14163
08/18/2023,1692365700000,104.9697,104.855,105.0,105.06,104.8525,9515
08/17/2023,1692279300000,105.0595,104.99,105.19,105.19,104.95,3935
08/16/2023,1692192900000,105.1243,105.035,105.12,105.19,105.0,22178
08/15/2023,1692106500000,105.8328,105.85,105.825,105.9,105.785,14647
08/14/2023,1692020100000,105.4308,105.3588,105.48,105.5,105.3588,1492
08/11/2023,1691760900000,104.0642,104.0,103.99,104.17,103.97,23591
08/10/2023,1691674500000,105.781,105.83,105.8,105.83,105.74,4483
08/09/2023,1691588100000,106.4396,106.36,106.545,106.55,106.33,5210
08/08/2023,1691501700000,106.1158,106.14,106.02,106.22,106.0,27540
08/07/2023,1691415300000,108.5207,108.495,108.53,108.59,108.495,3039
08/04/2023,1691156100000,108.0361,108.08,108.06,108.11,107.99,4305
08/03/2023,1691069700000,107.4709,107.43,107.435,107.52,107.41,10757
08/02/2023,1690983300000,109.6914,109.76,109.62,109.785,109.59,8206
08/01/2023,1690896900000,110.9745,111.05,110.88,111.066,110.87,13873
07/31/2023,1690810500000,111.9381,111.96,111.91,112.005,111.89,5650
07/28/2023,1690551300000,113.0343,113.13,112.91,113.14,112.91,11135
07/27/2023,1690464900000,114.1817,114.25,114.08,114.32,114.08,7211
07/26/2023,1690378500000,112.8538,112.88,112.92,112.92,112.79,9550
07/25/2023,1690292100000,112.7515,112.65,112.895,112.902,112.5661,21652
07/24/2023,1690205700000,113.6001,113.57,113.64,113.715,113.47,17466
07/21/2023,1689946500000,112.873,113.02,113.13,113.14,112.64,24755
07/20/2023,1689860100000,108.619,108.01,108.9,109.1,107.98,53251
07/19/2023,1689773700000,107.5218,107.47,107.56,107.62,107.47,19881
07/18/2023,1689687300000,106.337,106.3775,106.27,106.44,106.27,6763
07/17/2023,1689600900000,107.052,107.16,106.995,107.16,106.98,5769
07/14/2023,1689341700000,108.0736,108.095,108.129,108.129,108.01,4070
07/13/2023,1689255300000,106.9712,106.83,107.03,107.04,106.83,24055
07/12/2023,1689168900000,107.7676,107.83,107.71,107.8483,107.67,6489
07/11/2023,1689082500000,107.3516,107.325,107.415,107.42,107.3,5307
07/10/2023,1688996100000,107.0493,107.0,107.13,107.14,106.97,28555
07/07/2023,1688736900000,106.7712,106.845,106.71,106.87,106.6965,4012
07/06/2023,1688650500000,106.8388,106.96,106.75,106.96,106.7,13388
07/05/2023,1688564100000,107.0509,106.92,107.08,107.17,106.92,13343
07/03/2023,1688391300000,107.8085,107.78,107.7,107.88,107.69,8675
06/30/2023,1688132100000,108.5271,108.49,108.52,108.57,108.49,9404
06/29/2023,1688045700000,107.3087,107.285,107.37,107.37,107.285,2534
06/28/2023,1687959300000,107.681,107.645,107.69,107.7,107.6301,11502
06/27/2023,1687872900000,108.2996,108.24,108.38,108.38,108.24,8894
06/26/2023,1687786500000,107.6537,107.66,107.675,107.69,107.61,3805
06/23/2023,1687527300000,107.7899,107.79,107.78,107.91,107.68,6172
06/22/2023,1687440900000,106.7292,106.72,106.78,106.81,106.63,10151
06/21/2023,1687354500000,106.3045,106.41,106.26,106.42,106.225,8707
06/20/2023,1687268100000,105.4643,105.4,105.485,105.51,105.4,10312
06/16/2023,1686922500000,105.7237,105.83,105.6,105.85,105.5875,6306
06/15/2023,1686836100000,103.2463,103.21,103.3,103.3,103.1975,2957
06/14/2023,1686749700000,103.2421,103.17,103.33,103.33,103.16,26975
06/13/2023,1686663300000,101.3007,101.2,101.39,101.41,101.2,6979
06/12/2023,1686576900000,101.779,101.8,101.73,101.81,101.72,3891
06/09/2023,1686317700000,100.6148,100.63,100.635,100.68,100.55,7009
06/08/2023,1686231300000,101.2155,101.245,101.215,101.245,101.18,3154
06/07/2023,1686144900000,102.1566,102.155,102.12,102.21,102.11,4342
06/06/2023,1686058500000,103.5185,103.5506,103.45,103.64,103.44,10280
06/05/2023,1685972100000,104.4313,104.39,104.49,104.49,104.39,3917
06/02/2023,1685712900000,103.4009,103.4,103.35,103.48,103.3349,13764
06/01/2023,1685626500000,101.5983,101.65,101.45,101.745,101.44,9437
05/31/2023,1685540100000,101.3636,101.35,101.375,101.41,101.32,17199
05/30/2023,1685453700000,102.134,102.185,102.15,102.185,102.1,11455
05/26/2023,1685108100000,102.5735,102.75,102.5,102.77,102.445,8396
05/25/2023,1685021700000,101.9831,102.04,101.99,102.06,101.9,25375
05/24/2023,1684935300000,105.0546,105.1,104.96,105.13,104.96,4772
05/23/2023,1684848900000,107.1151,107.05,107.155,107.155,107.05,11654
05/22/2023,1684762500000,108.8982,108.87,108.99,108.99,108.855,10194
05/19/2023,1684503300000,109.2363,109.2,109.19,109.27,109.19,7678
05/18/2023,1684416900000,108.0318,108.06,107.99,108.08,107.99,7533
05/17/2023,1684330500000,109.7497,109.82,109.62,109.82,109.62,4557
05/16/2023,1684244100000,109.4741,109.47,109.47,109.51,109.44,9178
05/15/2023,1684157700000,110.3026,110.315,110.36,110.37,110.23,8515
05/12/2023,1683898500000,109.9638,109.96,110.0,110.005,109.92,8079
05/11/2023,1683812100000,110.1911,110.18,110.17,110.22,110.15,13199
05/10/2023,1683725700000,110.8654,110.82,110.9,110.9,110.82,5461
05/09/2023,1683639300000,109.484,109.55,109.405,109.55,109.405,8484
05/08/2023,1683552900000,110.5388,110.51,110.6494,110.67,110.49,3492
05/05/2023,1683293700000,111.4205,111.47,111.4,111.5,111.37,6245
05/04/2023,1683207300000,111.1487,111.13,111.17,111.19,111.07,4744
05/03/2023,1683120900000,112.2094,112.24,112.27,112.27,112.13,9603
05/02/2023,1683034500000,110.9338,110.88,110.98,111.0,110.86,8419
05/01/2023,1682948100000,110.4368,110.39,110.41,110.47,110.39,2551
04/28/2023,1682688900000,109.5361,109.53,109.61,109.61,109.48,3784
04/27/2023,1682602500000,108.5568,108.63,108.57,108.63,108.52,6466
04/26/2023,1682516100000,108.7766,108.85,108.67,108.85,108.67,8200
04/25/2023,1682429700000,110.1835,110.03,110.2518,110.26,110.03,5666
04/24/2023,1682343300000,111.0231,111.01,111.0005,111.06,110.982,10634
04/21/2023,1682084100000,111.4966,111.36,111.42,111.58,111.36,13399
04/20/2023,1681997700000,112.1099,112.22,112.025,112.28,112.0,21521
04/19/2023,1681911300000,109.3144,109.23,109.065,109.6,109.005,78667
04/18/2023,1681824900000,105.167,105.145,105.14,105.21,105.14,7875
04/17/2023,1681738500000,104.7779,104.815,104.775,104.83,104.7101,12234
04/14/2023,1681479300000,103.9076,103.86,103.93,103.99,103.845,14588
04/13/2023,1681392900000,101.9539,101.975,101.9745,101.99,101.91,12481
04/12/2023,1681306500000,103.6986,103.66,103.75,103.77,103.64,14462
04/11/2023,1681220100000,104.0392,104.01,104.065,104.07,103.98,6973
04/10/2023,1681133700000,103.8351,103.89,103.855,103.89,103.8,18587
04/06/2023,1680788100000,104.8062,104.79,104.76,104.865,104.74,14338
04/05/2023,1680701700000,102.6785,102.675,102.69,102.73,102.63,12592
04/04/2023,1680615300000,102.9235,102.94,102.95,102.97,102.88,12466
04/03/2023,1680528900000,100.1623,100.19,100.2,100.2,100.125,13226
03/31/2023,1680269700000,99.8662,99.9,99.83,99.9,99.8,7313
03/30/2023,1680183300000,98.9385,98.95,98.8286,99.05,98.8286,8987
03/29/2023,1680096900000,98.0454,98.01,98.097,98.1,98.0,6701
03/28/2023,1680010500000,97.9099,97.82,97.98,97.99,97.82,4476
03/27/2023,1679924100000,99.2765,99.295,99.32,99.34,99.24,4592
03/24/2023,1679664900000,97.0047,96.96,96.93,97.07,96.93,9856
03/23/2023,1679578500000,97.0216,97.06,97.02,97.09,96.97,5060
03/22/2023,1679492100000,98.6619,98.67,98.675,98.71,98.63,4899
03/21/2023,1679405700000,98.1595,98.2,98.105,98.205,98.093,2953
03/20/2023,1679319300000,97.6925,97.55,97.75,97.79,97.55,5403
03/17/2023,1679060100000,98.8217,98.92,98.68,98.9325,98.66,6298
03/16/2023,1678973700000,97.4854,97.485,97.51,97.55,97.43,7075
03/15/2023,1678887300000,97.0097,97.03,97.0,97.145,96.83,11030
03/14/2023,1678800900000,99.0604,99.09,99.22,99.22,98.93,4265
03/13/2023,1678714500000,96.7969,96.94,96.85,96.94,96.74,13214
03/10/2023,1678458900000,97.881,97.85,97.9,97.93,97.84,4060
03/09/2023,1678372500000,99.5626,99.52,99.51,99.62,99.49,14801
03/08/2023,1678286100000,99.9291,99.86,99.995,100.0,99.83,8451
03/07/2023,1678199700000,102.5769,102.51,102.615,102.64,102.44,13841
03/06/2023,1678113300000,104.1177,104.12,104.1,104.2148,103.93,17685
03/03/2023,1677854100000,103.3124,103.36,103.31,103.36,103.275,10626
03/02/2023,1677767700000,101.648,101.7,101.65,101.77,101.54,21536
03/01/2023,1677681300000,101.0651,101.07,101.12,101.13,100.97,9635
02/28/2023,1677594900000,100.1345,100.2,100.06,100.2,100.05,12132
02/27/2023,1677508500000,100.8638,100.87,100.8205,100.87,100.8205,1453
02/24/2023,1677249300000,101.3238,101.36,101.39,101.39,101.27,13426
02/23/2023,1677162900000,103.0054,103.015,103.04,103.04,102.95,7991
02/22/2023,1677076500000,103.3846,103.41,103.4,103.42,103.34,14667
02/21/2023,1676990100000,105.5247,105.59,105.48,105.66,105.43,11790
02/17/2023,1676644500000,105.8878,105.94,105.825,105.95,105.8,4282
02/16/2023,1676558100000,105.9918,106.03,105.9263,106.069,105.9263,5366
02/15/2023,1676471700000,106.5307,106.46,106.6,106.61,106.46,9549
02/14/2023,1676385300000,107.7872,107.77,107.81,107.82,107.73,4412
02/13/2023,1676298900000,108.4653,108.385,108.47,108.52,108.385,11154
02/10/2023,1676039700000,108.2875,108.245,108.3246,108.36,108.22,4398
02/09/2023,1675953300000,110.7997,110.71,110.8139,110.97,110.63,16066
02/08/2023,1675866900000,111.7036,111.7,111.64,111.79,111.64,5144
02/07/2023,1675780500000,110.4752,110.42,110.465,110.54,110.4,4978
02/06/2023,1675694100000,111.0969,111.13,111.03,111.16,111.01,7470
02/03/2023,1675434900000,111.5082,111.52,111.53,111.55,111.4675,5067
02/02/2023,1675348500000,111.8462,111.77,111.76,111.91,111.76,11660
02/01/2023,1675262100000,110.6801,110.675,110.6977,110.785,110.59,5479
01/31/2023,1675175700000,109.9025,109.97,109.79,109.98,109.79,5495
01/30/2023,1675089300000,109.94,109.935,109.93,109.975,109.9,6611
01/27/2023,1674830100000,110.3099,110.285,110.34,110.3616,110.26,5750
01/26/2023,1674743700000,111.3117,111.23,111.36,111.4,111.21,18181
01/25/2023,1674657300000,110.6264,110.86,109.92,111.0,109.92,56434
01/24/2023,1674570900000,112.977,113.025,112.89,113.05,112.85,9789
01/23/2023,1674484500000,113.3011,113.1609,113.29,113.37,113.1609,12061
01/20/2023,1674225300000,112.324,112.3209,112.33,112.39,112.27,8175
01/19/2023,1674138900000,111.2851,111.26,111.3,111.34,111.23,18137
01/18/2023,1674052500000,113.0021,113.1,113.0,113.11,112.92,6323
01/17/2023,1673966100000,113.1642,113.105,113.16,113.3,113.1,8586
01/13/2023,1673620500000,112.1312,111.97,112.08,112.2,111.95,58886
01/12/2023,1673534100000,111.1168,111.11,111.08,111.195,111.05,12904
01/11/2023,1673447700000,115.0658,115.03,115.09,115.18,114.89,16007
01/10/2023,1673361300000,112.8575,112.7677,112.86,112.9597,112.7677,5329
01/09/2023,1673274900000,112.7748,112.83,112.63,112.87,112.63,6823
01/06/2023,1673015700000,111.8417,111.79,111.875,111.9275,111.78,9963
01/05/2023,1672929300000,111.3266,111.34,111.12,111.39,111.12,9783
01/04/2023,1672842900000,111.0131,110.965,111.035,111.09,110.95,11292
01/03/2023,1672756500000,111.0156,111.08,110.9604,111.1067,110.95,10350
