12/29/2023,1703860500000,6.7879,6.79,6.79,6.79,6.79,223
12/28/2023,no data
12/27/2023,1703687700000,6.6476,6.65,6.62,6.65,6.62,1569
12/26/2023,1703601300000,6.81,6.81,6.81,6.81,6.81,300
12/22/2023,1703255700000,6.682,6.6202,6.7396,6.76,6.6202,16647
12/21/2023,1703169300000,6.325,6.33,6.29,6.33,6.29,902
12/20/2023,1703082900000,6.3517,6.35,6.39,6.39,6.35,10869
12/19/2023,1702996500000,6.4851,6.44,6.5,6.5,6.44,2880
12/18/2023,1702910100000,5.8265,5.81,5.82,5.84,5.7921,2454
12/15/2023,no data
12/14/2023,1702564500000,5.7618,5.7659,5.75,5.78,5.75,1683
12/13/2023,no data
12/12/2023,1702391700000,5.6043,5.595,5.64,5.64,5.595,331
12/11/2023,1702305300000,5.5485,5.52,5.535,5.56,5.52,2202
12/08/2023,1702046100000,5.6308,5.655,5.585,5.655,5.585,2105
12/07/2023,1701959700000,6.4425,6.4302,6.47,6.47,6.4302,331
12/06/2023,1701873300000,6.1516,6.18,6.12,6.18,6.12,6083
12/05/2023,no data
12/04/2023,1701700500000,6.2662,6.28,6.2862,6.2862,6.25,2851
12/01/2023,1701441300000,5.9876,5.98,5.98,6.0,5.98,1112
11/30/2023,1701354900000,5.9595,5.98,5.95,5.98,5.95,3186
11/29/2023,1701268500000,6.1834,6.1918,6.1918,6.1918,6.1918,125
11/28/2023,1701182100000,6.0525,6.0525,6.0525,6.0525,6.0525,100
11/27/2023,1701095700000,6.1337,6.1025,6.15,6.15,6.1025,444
11/24/2023,no data
11/22/2023,no data
11/21/2023,1700577300000,5.6552,5.66,5.62,5.66,5.62,3392
11/20/2023,1700490900000,6.0396,6.065,6.03,6.08,6.01,16455
11/17/2023,1700231700000,5.9388,5.93,5.96,5.96,5.93,2613
11/16/2023,no data
11/15/2023,1700058900000,5.69,5.69,5.69,5.69,5.69,100
11/14/2023,1699972500000,5.5244,5.5354,5.5,5.5354,5.5,883
11/13/2023,1699886100000,5.0022,5.01,5.03,5.03,5.0,6331
11/10/2023,1699626900000,5.3372,5.32,5.36,5.36,5.32,1510
11/09/2023,1699540500000,5.4338,5.45,5.39,5.45,5.38,3444
11/08/2023,1699454100000,5.3997,5.3948,5.3948,5.3948,5.3948,241
11/07/2023,1699367700000,5.3618,5.36,5.36,5.36,5.36,463
11/06/2023,1699281300000,5.9804,5.955,6.0,6.0,5.955,3353
11/03/2023,1699018500000,5.8811,5.83,5.89,5.9,5.83,2688
11/02/2023,no data
11/01/2023,no data
10/31/2023,no data
10/30/2023,no data
10/27/2023,no data
10/26/2023,1698327300000,5.2042,5.21,5.19,5.21,5.19,1902
10/25/2023,1698240900000,5.4031,5.3999,5.41,5.41,5.3999,3050
10/24/2023,1698154500000,5.5595,5.6,5.55,5.6,5.55,4745
10/23/2023,1698068100000,5.1533,5.15,5.175,5.1798,5.15,3895
10/20/2023,no data
10/19/2023,no data
10/18/2023,1697636100000,5.2734,5.27,5.2767,5.2767,5.27,400
10/17/2023,1697549700000,5.8278,5.83,5.85,5.85,5.82,1202
10/16/2023,1697463300000,5.7754,5.76,5.78,5.8,5.75,7471
10/13/2023,1697204100000,5.4145,5.415,5.415,5.415,5.415,110
10/12/2023,1697117700000,5.2981,5.3,5.3,5.3,5.3,307
10/11/2023,1697031300000,5.0503,5.055,5.07,5.08,5.01,11271
10/10/2023,1696944900000,4.5,4.5,4.5,4.5,4.5,2350
10/09/2023,1696858500000,4.5125,4.51,4.51,4.51,4.51,114
10/06/2023,no data
10/05/2023,1696512900000,4.3689,4.37,4.366,4.37,4.366,695
10/04/2023,1696426500000,4.4885,4.5,4.48,4.5,4.48,470
10/03/2023,1696340100000,4.1923,4.2,4.18,4.2,4.18,744
10/02/2023,no data
09/29/2023,1695994500000,4.6175,4.5888,4.62,4.63,4.5888,1107
09/28/2023,no data
09/27/2023,no data
09/26/2023,1695735300000,4.9491,4.95,4.95,4.95,4.95,321
09/25/2023,1695648900000,4.963,4.97,4.95,4.97,4.95,1582
09/22/2023,1695389700000,5.0881,5.09,5.0876,5.09,5.075,886
09/21/2023,1695303300000,4.4685,4.45,4.5,4.5,4.45,12080
09/20/2023,1695216900000,5.7838,5.7,5.75,5.83,5.7,126632
09/19/2023,1695130500000,5.1581,5.16,5.16,5.16,5.16,515
09/18/2023,no data
09/15/2023,1694784900000,5.0891,5.09,5.0827,5.1,5.0827,2000
09/14/2023,1694698500000,5.3157,5.31,5.3,5.4195,5.3,7404
09/13/2023,no data
09/12/2023,1694525700000,5.6694,5.65,5.65,5.65,5.65,245
09/11/2023,no data
09/08/2023,no data
09/07/2023,1694093700000,5.6048,5.58,5.605,5.605,5.58,41315
09/06/2023,1694007300000,5.8839,5.88,5.86,5.92,5.86,1379
09/05/2023,1693920900000,6.316,6.2767,6.37,6.39,6.2767,4484
09/01/2023,no data
08/31/2023,no data
08/30/2023,no data
08/29/2023,no data
08/28/2023,1693229700000,6.7279,6.7,6.7,6.7,6.7,170
08/25/2023,no data
08/24/2023,1692884100000,6.9702,6.97,6.97,6.97,6.97,1494
08/23/2023,1692797700000,6.33,6.33,6.33,6.33,6.33,725
08/22/2023,1692711300000,6.7702,6.78,6.78,6.78,6.78,189
08/21/2023,1692624900000,6.5982,6.48,6.6,6.64,6.48,3739
08/18/2023,no data
08/17/2023,no data
08/16/2023,no data
08/15/2023,1692106500000,6.0725,6.085,6.06,6.085,6.06,200
08/14/2023,1692020100000,6.3552,6.39,6.35,6.39,6.33,3494
08/11/2023,no data
08/10/2023,1691674500000,7.3735,7.401,7.31,7.401,7.31,4614
08/09/2023,1691588100000,7.7041,7.71,7.71,7.71,7.71,570
08/08/2023,no data
08/07/2023,1691415300000,8.1216,8.14,8.14,8.14,8.14,212
08/04/2023,1691156100000,8.55,8.55,8.55,8.55,8.55,290
08/03/2023,1691069700000,8.0208,8.0254,8.03,8.12,7.9901,1938
08/02/2023,no data
08/01/2023,1690896900000,8.7841,8.775,8.775,8.775,8.775,222
07/31/2023,1690810500000,7.9268,7.95,7.945,8.01,7.945,1046
07/28/2023,1690551300000,7.5358,7.535,7.535,7.535,7.535,359
07/27/2023,1690464900000,7.6305,7.65,7.62,7.65,7.62,513
07/26/2023,1690378500000,7.7046,7.7,7.7,7.7109,7.7,1376
07/25/2023,1690292100000,7.7148,7.7146,7.725,7.75,7.71,3903
07/24/2023,1690205700000,8.0434,8.054,8.02,8.054,8.02,530
07/21/2023,1689946500000,8.1307,8.14,8.07,8.14,8.07,1829
07/20/2023,no data
07/19/2023,1689773700000,7.5908,7.56,7.61,7.61,7.56,322
07/18/2023,1689687300000,7.5674,7.5957,7.52,7.6,7.52,1291
07/17/2023,1689600900000,7.055,7.055,7.055,7.055,7.055,290
07/14/2023,1689341700000,7.499,7.5,7.515,7.515,7.5,350
07/13/2023,1689255300000,7.2003,7.2,7.21,7.22,7.18,12335
07/12/2023,1689168900000,8.0327,8.055,8.06,8.1,7.98,12350
07/11/2023,1689082500000,6.6452,6.62,6.62,6.62,6.62,130
07/10/2023,1688996100000,6.4781,6.4799,6.4799,6.4799,6.4799,101
07/07/2023,1688736900000,6.0346,6.0101,6.23,6.23,6.0101,3263
07/06/2023,1688650500000,6.2218,6.19,6.19,6.19,6.19,127
07/05/2023,1688564100000,6.19,6.19,6.19,6.19,6.19,100
07/03/2023,no data
06/30/2023,1688132100000,5.6076,5.6,5.665,5.665,5.6,2231
06/29/2023,1688045700000,5.9498,5.93,5.91,5.96,5.91,5611
06/28/2023,1687959300000,5.8067,5.8019,5.79,5.89,5.79,6780
06/27/2023,1687872900000,5.8355,5.83,5.84,5.84,5.83,506
06/26/2023,1687786500000,6.315,6.32,6.31,6.32,6.31,200
06/23/2023,no data
06/22/2023,1687440900000,6.5098,6.51,6.51,6.51,6.51,221
06/21/2023,1687354500000,7.125,7.11,7.11,7.11,7.11,120
06/20/2023,no data
06/16/2023,1686922500000,7.4557,7.47,7.4586,7.47,7.405,1050
06/15/2023,1686836100000,6.9135,6.96,6.83,6.96,6.83,301
06/14/2023,no data
06/13/2023,1686663300000,7.54,7.575,7.575,7.575,7.575,500
06/12/2023,1686576900000,7.7725,7.76,7.76,7.76,7.76,458
06/09/2023,no data
06/08/2023,no data
06/07/2023,1686144900000,7.8395,7.82,7.87,7.913,7.8,3239
06/06/2023,1686058500000,7.8492,7.85,7.84,7.89,7.84,3038
06/05/2023,1685972100000,7.0472,7.025,7.05,7.05,7.01,5003
06/02/2023,1685712900000,7.1592,7.155,7.15,7.17,7.15,2666
06/01/2023,no data
05/31/2023,1685540100000,7.2472,7.22,7.22,7.27,7.22,1567
05/30/2023,1685453700000,7.3912,7.39,7.2,7.59,7.2,12413
05/26/2023,no data
05/25/2023,1685021700000,8.4329,8.425,8.425,8.425,8.425,1810
05/24/2023,1684935300000,6.4917,6.5098,6.5277,6.64,6.46,8173
05/23/2023,no data
05/22/2023,1684762500000,6.2906,6.2906,6.2906,6.2906,6.2906,100
05/19/2023,no data
05/18/2023,1684416900000,5.604,5.605,5.605,5.605,5.6,3083
05/17/2023,no data
05/16/2023,1684244100000,5.38,5.38,5.38,5.38,5.38,401
05/15/2023,no data
05/12/2023,1683898500000,5.1701,5.1701,5.1701,5.1701,5.1701,500
05/11/2023,no data
05/10/2023,no data
05/09/2023,1683639300000,5.03,5.05,5.01,5.05,5.01,300
05/08/2023,no data
05/05/2023,no data
05/04/2023,no data
05/03/2023,no data
05/02/2023,no data
05/01/2023,no data
04/28/2023,no data
04/27/2023,no data
04/26/2023,1682516100000,5.3,5.36,5.24,5.36,5.24,200
04/25/2023,no data
04/24/2023,no data
04/21/2023,1682084100000,6.0375,6.035,6.035,6.035,6.035,3257
04/20/2023,no data
04/19/2023,1681911300000,5.3583,5.35,5.35,5.35,5.35,120
04/18/2023,1681824900000,5.2046,5.205,5.205,5.205,5.205,575
04/17/2023,1681738500000,4.9386,4.91,4.95,4.95,4.893,8642
04/14/2023,1681479300000,5.7695,5.765,5.765,5.765,5.765,332
04/13/2023,1681392900000,5.4195,5.43,5.4,5.43,5.4,287
04/12/2023,no data
04/11/2023,no data
04/10/2023,1681133700000,5.0974,5.085,5.11,5.11,5.085,216
04/06/2023,no data
04/05/2023,no data
04/04/2023,1680615300000,5.16,5.16,5.16,5.16,5.16,200
04/03/2023,1680528900000,5.31,5.31,5.31,5.31,5.31,100
03/31/2023,1680269700000,5.2605,5.2605,5.2605,5.2605,5.2605,103
03/30/2023,no data
03/29/2023,1680096900000,5.3555,5.34,5.4,5.4,5.34,728
03/28/2023,1680010500000,5.54,5.54,5.54,5.54,5.54,502
03/27/2023,no data
03/24/2023,no data
03/23/2023,no data
03/22/2023,no data
03/21/2023,no data
03/20/2023,1679319300000,6.3545,6.35,6.355,6.355,6.35,1100
03/17/2023,no data
03/16/2023,1678973700000,6.8253,6.8,6.83,6.83,6.8,1460
03/15/2023,no data
03/14/2023,1678800900000,6.8785,6.8841,6.8841,6.8841,6.8841,743
03/13/2023,no data
03/10/2023,1678458900000,6.3205,6.36,6.28,6.36,6.28,1206
03/09/2023,1678372500000,6.825,6.825,6.825,6.825,6.825,100
03/08/2023,no data
03/07/2023,no data
03/06/2023,1678113300000,6.5623,6.57,6.5469,6.57,6.5469,756
03/03/2023,1677854100000,6.1,6.1,6.1,6.1,6.1,410
03/02/2023,no data
03/01/2023,1677681300000,6.5153,6.52,6.52,6.52,6.52,210
02/28/2023,no data
02/27/2023,1677508500000,6.9433,6.95,6.95,6.95,6.95,415
02/24/2023,no data
02/23/2023,1677162900000,7.3546,7.345,7.38,7.38,7.345,368
02/22/2023,1677076500000,7.0654,7.0695,7.0695,7.0695,7.0695,212
02/21/2023,no data
02/17/2023,no data
02/16/2023,1676558100000,7.6725,7.57,7.68,7.68,7.57,1450
02/15/2023,no data
02/14/2023,1676385300000,7.2243,7.26,7.26,7.26,7.2051,496
02/13/2023,1676298900000,7.911,7.9227,7.9227,7.9227,7.9227,156
02/10/2023,1676039700000,8.7301,8.67,8.72,8.75,8.67,3596
02/09/2023,1675953300000,11.2841,11.274,11.25,11.3,11.25,1836
02/08/2023,1675866900000,10.5604,10.525,10.55,10.62,10.52,2135
02/07/2023,1675780500000,8.9653,8.95,8.996,8.996,8.94,2027
02/06/2023,no data
02/03/2023,1675434900000,8.9803,8.9663,8.98,8.99,8.9663,669
02/02/2023,1675348500000,8.0316,8.045,8.01,8.045,8.01,1144
02/01/2023,1675262100000,7.8501,7.81,7.81,7.9399,7.8,4436
01/31/2023,no data
01/30/2023,no data
01/27/2023,no data
01/26/2023,no data
01/25/2023,1674657300000,5.9699,5.97,5.97,5.97,5.97,1693
01/24/2023,no data
01/23/2023,no data
01/20/2023,no data
01/19/2023,no data
01/18/2023,1674052500000,6.42,6.42,6.42,6.42,6.42,176
01/17/2023,1673966100000,6.8875,6.88,6.88,6.88,6.88,178
01/13/2023,no data
01/12/2023,no data
01/11/2023,1673447700000,6.0348,6.0348,6.0348,6.0348,6.0348,335
01/10/2023,no data
01/09/2023,no data
01/06/2023,no data
01/05/2023,no data
01/04/2023,no data
01/03/2023,1672756500000,5.5,5.5,5.5,5.5,5.5,100
