12/29/2023,1703860500000,18.1029,18.12,18.09,18.1299,18.08,12253
12/28/2023,1703774100000,18.1771,18.16,18.21,18.21,18.13,17912
12/27/2023,1703687700000,17.4418,17.5178,17.4208,17.52,17.41,19184
12/26/2023,1703601300000,16.9617,17.0,16.96,17.0,16.94,10023
12/22/2023,1703255700000,16.787,16.75,16.82,16.82,16.74,11215
12/21/2023,1703169300000,17.2752,17.265,17.27,17.32,17.26,13626
12/20/2023,1703082900000,17.5539,17.571,17.56,17.572,17.5394,5262
12/19/2023,1702996500000,18.4236,18.4,18.3801,18.45,18.3801,27106
12/18/2023,1702910100000,17.726,17.6458,17.8206,17.84,17.61,46783
12/15/2023,1702650900000,17.2963,17.28,17.38,17.4,17.2,37190
12/14/2023,1702564500000,17.2186,17.35,17.21,17.35,17.15,82164
12/13/2023,1702478100000,15.2985,15.33,15.3,15.34,15.26,25137
12/12/2023,1702391700000,14.8819,14.88,14.8608,14.9,14.84,32507
12/11/2023,1702305300000,15.4616,15.41,15.509,15.53,15.405,26309
12/08/2023,1702046100000,15.8308,15.75,15.8965,15.9691,15.72,62682
12/07/2023,1701959700000,14.1027,14.2474,14.13,14.2474,13.952,127528
12/06/2023,1701873300000,15.3906,15.405,15.395,15.4201,15.34,61548
12/05/2023,1701786900000,16.3427,16.08,16.34,16.53,16.07,110067
12/04/2023,1701700500000,15.3928,15.45,15.389,15.45,15.32,84395
12/01/2023,1701441300000,14.7622,14.8925,14.605,14.9,14.601,80261
11/30/2023,1701354900000,15.6606,15.78,15.6098,15.82,15.56,130551
11/29/2023,1701268500000,15.6915,15.66,15.51,15.84,15.505,372088
11/28/2023,1701182100000,11.9792,11.975,11.965,11.995,11.9601,11101
11/27/2023,1701095700000,12.0117,12.0026,12.03,12.03,11.9876,24809
11/24/2023,1700836500000,12.1986,12.21,12.2,12.21,12.19,4460
11/22/2023,1700663700000,12.4443,12.45,12.46,12.47,12.415,3838
11/21/2023,1700577300000,12.4666,12.48,12.47,12.49,12.44,9827
11/20/2023,1700490900000,12.8346,12.84,12.83,12.85,12.8195,12597
11/17/2023,1700231700000,12.7268,12.75,12.7301,12.75,12.72,22526
11/16/2023,1700145300000,12.9546,13.035,12.93,13.035,12.93,30727
11/15/2023,1700058900000,13.3393,13.325,13.37,13.41,13.294,28096
11/14/2023,1699972500000,12.9619,12.96,12.95,12.98,12.94,26892
11/13/2023,1699886100000,12.3211,12.3,12.36,12.36,12.2913,15003
11/10/2023,1699626900000,12.5228,12.565,12.515,12.59,12.51,69710
11/09/2023,1699540500000,13.1716,13.225,13.155,13.23,13.1301,16126
11/08/2023,1699454100000,13.5392,13.54,13.51,13.55,13.51,12253
11/07/2023,1699367700000,13.268,13.29,13.2975,13.3,13.24,21271
11/06/2023,1699281300000,13.9855,13.99,13.96,14.01,13.96,14740
11/03/2023,1699018500000,14.042,13.95,14.06,14.0799,13.95,37618
11/02/2023,1698932100000,13.63,13.64,13.62,13.66,13.61,16641
11/01/2023,1698845700000,13.6114,13.62,13.59,13.64,13.59,14844
10/31/2023,1698759300000,13.0323,13.02,13.0585,13.06,13.01,15091
10/30/2023,1698672900000,13.2001,13.22,13.1837,13.22,13.1837,8712
10/27/2023,1698413700000,13.4688,13.47,13.48,13.49,13.459,7386
10/26/2023,1698327300000,13.7439,13.78,13.71,13.7824,13.71,6588
10/25/2023,1698240900000,13.9369,13.94,13.92,13.955,13.92,6554
10/24/2023,1698154500000,13.763,13.73,13.76,13.795,13.7204,6574
10/23/2023,1698068100000,13.0974,13.1,13.1,13.11,13.0842,17244
10/20/2023,1697808900000,13.2227,13.23,13.22,13.245,13.18,20807
10/19/2023,1697722500000,13.6292,13.69,13.5708,13.69,13.5708,34474
10/18/2023,1697636100000,14.0641,14.08,14.035,14.08,14.035,3074
10/17/2023,1697549700000,14.475,14.49,14.495,14.495,14.455,5703
10/16/2023,1697463300000,14.7405,14.76,14.75,14.775,14.72,19624
10/13/2023,1697204100000,14.882,14.9,14.88,14.905,14.85,4660
10/12/2023,1697117700000,15.604,15.66,15.57,15.66,15.56,35275
10/11/2023,1697031300000,16.0597,16.06,16.075,16.075,16.05,3704
10/10/2023,1696944900000,15.5482,15.525,15.56,15.56,15.525,3312
10/09/2023,1696858500000,14.8395,14.8203,14.85,14.86,14.8203,4422
10/06/2023,1696599300000,14.7115,14.71,14.72,14.73,14.69,10478
10/05/2023,1696512900000,14.6457,14.64,14.64,14.67,14.6193,14637
10/04/2023,1696426500000,14.7893,14.8,14.77,14.81,14.77,5543
10/03/2023,1696340100000,15.2317,15.25,15.2099,15.27,15.1989,19493
10/02/2023,1696253700000,15.8596,15.88,15.85,15.988,15.81,56297
09/29/2023,1695994500000,17.1995,17.21,17.13,17.26,17.12,15817
09/28/2023,1695908100000,17.7774,17.83,17.8,17.87,17.711,68099
09/27/2023,1695821700000,17.0123,16.99,17.005,17.03,16.99,8933
09/26/2023,1695735300000,17.6062,17.575,17.65,17.6598,17.575,14421
09/25/2023,1695648900000,16.9501,16.92,16.97,16.97,16.92,3864
09/22/2023,1695389700000,17.235,17.28,17.215,17.29,17.18,20684
09/21/2023,1695303300000,16.976,17.01,16.97,17.01,16.92,63617
09/20/2023,1695216900000,17.6412,17.66,17.6,17.675,17.6,5006
09/19/2023,1695130500000,17.5397,17.59,17.527,17.59,17.505,4179
09/18/2023,1695044100000,17.7478,17.81,17.73,17.81,17.73,20648
09/15/2023,1694784900000,18.2778,18.27,18.2968,18.2968,18.27,6835
09/14/2023,1694698500000,17.8905,17.92,17.88,17.92,17.853,9920
09/13/2023,1694612100000,17.4513,17.47,17.3704,17.4999,17.3704,22833
09/12/2023,1694525700000,18.0936,18.0855,18.11,18.155,18.03,93357
09/11/2023,1694439300000,17.7905,17.79,17.77,17.81,17.77,12495
09/08/2023,1694180100000,18.2654,18.24,18.23,18.3599,18.21,25966
09/07/2023,1694093700000,17.9409,18.051,17.8899,18.15,17.8,69425
09/06/2023,1694007300000,18.9768,19.03,18.91,19.03,18.91,21636
09/05/2023,1693920900000,18.4946,18.515,18.48,18.5182,18.47,4208
09/01/2023,1693575300000,18.5583,18.5882,18.55,18.5994,18.54,9045
08/31/2023,1693488900000,18.2664,18.211,18.25,18.3,18.211,4061
08/30/2023,1693402500000,18.0983,18.13,18.07,18.13,18.0627,8820
08/29/2023,1693316100000,17.8948,17.87,17.85,17.95,17.83,8194
08/28/2023,1693229700000,17.5077,17.4,17.5786,17.5892,17.4,25763
08/25/2023,1692970500000,16.7075,16.68,16.73,16.74,16.67,6425
08/24/2023,1692884100000,16.7959,16.82,16.8,16.835,16.76,13614
08/23/2023,1692797700000,16.9868,16.965,17.03,17.03,16.96,24668
08/22/2023,1692711300000,18.473,18.4724,18.46,18.49,18.46,5219
08/21/2023,1692624900000,18.4217,18.44,18.42,18.44,18.41,5089
08/18/2023,1692365700000,18.3264,18.37,18.29,18.371,18.29,12460
08/17/2023,1692279300000,18.724,18.74,18.7198,18.75,18.7182,6664
08/16/2023,1692192900000,19.2684,19.26,19.28,19.28,19.2501,4124
08/15/2023,1692106500000,19.5919,19.6,19.5778,19.625,19.56,5498
08/14/2023,1692020100000,19.6603,19.69,19.66,19.69,19.63,14493
08/11/2023,1691760900000,20.0888,20.06,20.105,20.13,20.06,6903
08/10/2023,1691674500000,20.0578,20.07,20.02,20.08,19.98,11028
08/09/2023,1691588100000,20.6185,20.63,20.6,20.64,20.6,3571
08/08/2023,1691501700000,20.5564,20.57,20.51,20.5789,20.51,10182
08/07/2023,1691415300000,20.9936,21.03,20.97,21.03,20.96,7536
08/04/2023,1691156100000,20.9603,21.0,20.921,21.01,20.92,4715
08/03/2023,1691069700000,20.9766,20.96,21.0,21.0,20.92,8261
08/02/2023,1690983300000,20.9119,20.95,20.96,20.96,20.865,7302
08/01/2023,1690896900000,21.7744,21.735,21.8448,21.8448,21.72,10429
07/31/2023,1690810500000,21.8892,21.9101,21.8883,21.9101,21.86,11708
07/28/2023,1690551300000,21.8681,21.8525,21.8645,21.92,21.85,33198
07/27/2023,1690464900000,22.8905,22.9024,22.895,22.92,22.86,5297
07/26/2023,1690378500000,22.7201,22.68,22.77,22.77,22.68,2915
07/25/2023,1690292100000,22.8469,22.86,22.8398,22.8601,22.815,8250
07/24/2023,1690205700000,22.6269,22.5568,22.66,22.69,22.5568,60479
07/21/2023,1689946500000,23.0043,23.01,23.0357,23.04,22.97,8124
07/20/2023,1689860100000,22.9987,23.0,23.0,23.02,22.98,15365
07/19/2023,1689773700000,23.497,23.4813,23.48,23.55,23.4001,37888
07/18/2023,1689687300000,23.0424,22.99,23.15,23.15,22.99,31341
07/17/2023,1689600900000,22.9266,22.87,22.96,22.97,22.8504,16090
07/14/2023,1689341700000,23.4336,23.47,23.48,23.48,23.42,20117
07/13/2023,1689255300000,23.5707,23.555,23.58,23.58,23.55,3940
07/12/2023,1689168900000,24.1378,24.19,24.143,24.21,24.1,8471
07/11/2023,1689082500000,23.3905,23.39,23.42,23.42,23.369,3573
07/10/2023,1688996100000,22.534,22.46,22.5,22.59,22.45,34916
07/07/2023,1688736900000,23.155,23.15,23.15,23.19,23.13,10395
07/06/2023,1688650500000,23.2638,23.26,23.22,23.32,23.22,19593
07/05/2023,1688564100000,24.5708,24.69,24.54,24.69,24.53,12090
07/03/2023,1688391300000,24.4798,24.45,24.4874,24.5,24.43,8373
06/30/2023,1688132100000,25.0557,25.0469,25.0469,25.08,25.0161,8252
06/29/2023,1688045700000,24.8286,24.97,24.8658,24.97,24.71,22687
06/28/2023,1687959300000,23.6771,23.545,23.749,23.749,23.51,51115
06/27/2023,1687872900000,23.231,23.2552,23.224,23.2552,23.22,2494
06/26/2023,1687786500000,23.5192,23.52,23.53,23.55,23.49,8176
06/23/2023,1687527300000,23.9996,23.98,24.02,24.02,23.975,6242
06/22/2023,1687440900000,24.0399,24.038,24.055,24.0599,24.02,2785
06/21/2023,1687354500000,24.9956,24.9869,25.03,25.04,24.93,14407
06/20/2023,1687268100000,24.6032,24.565,24.6,24.6293,24.565,13168
06/16/2023,1686922500000,24.981,24.99,25.02,25.0499,24.94,50032
06/15/2023,1686836100000,25.59,25.5803,25.605,25.6327,25.5436,10691
06/14/2023,1686749700000,26.2095,26.38,26.1687,26.38,26.12,33905
06/13/2023,1686663300000,25.7026,25.8,25.65,25.8,25.61,115607
06/12/2023,1686576900000,23.0986,23.14,23.062,23.14,23.06,21776
06/09/2023,1686317700000,21.8338,21.74,21.88,21.94,21.7001,38181
06/08/2023,1686231300000,21.0482,21.0572,21.0601,21.11,21.0,107608
06/07/2023,1686144900000,26.0686,26.115,26.0101,26.165,26.0,103205
06/06/2023,1686058500000,24.3238,24.3,24.31,24.36,24.28,8070
06/05/2023,1685972100000,24.8985,24.89,24.89,24.98,24.8165,20334
06/02/2023,1685712900000,24.7183,24.745,24.6301,24.77,24.6301,17381
06/01/2023,1685626500000,23.998,23.975,24.01,24.03,23.975,5603
05/31/2023,1685540100000,24.3071,24.44,24.3,24.44,24.25,45179
05/30/2023,1685453700000,23.8596,23.87,23.8299,23.9,23.82,50066
05/26/2023,1685108100000,23.248,23.26,23.27,23.28,23.212,9399
05/25/2023,1685021700000,23.6407,23.57,23.66,23.6851,23.57,15369
05/24/2023,1684935300000,23.4162,23.4,23.4,23.45,23.4,2928
05/23/2023,1684848900000,23.4422,23.55,23.39,23.56,23.32,28939
05/22/2023,1684762500000,22.238,22.23,22.23,22.2536,22.21,8952
05/19/2023,1684503300000,22.9419,22.9297,22.9201,22.96,22.9057,8760
05/18/2023,1684416900000,23.0449,23.036,23.05,23.12,23.0,20358
05/17/2023,1684330500000,22.2158,22.22,22.194,22.2399,22.185,10314
05/16/2023,1684244100000,21.5318,21.535,21.55,21.555,21.51,6887
05/15/2023,1684157700000,20.7127,20.7,20.7295,20.7295,20.7,3255
05/12/2023,1683898500000,20.8375,20.87,20.81,20.875,20.795,2769
05/11/2023,1683812100000,20.7914,20.77,20.835,20.835,20.74,7763
05/10/2023,1683725700000,20.4752,20.54,20.44,20.54,20.43,8497
05/09/2023,1683639300000,20.2118,20.22,20.2,20.22,20.19,4666
05/08/2023,1683552900000,20.3093,20.3,20.35,20.35,20.27,8526
05/05/2023,1683293700000,19.6342,19.62,19.612,19.65,19.6,9521
05/04/2023,1683207300000,19.2549,19.25,19.23,19.28,19.23,6364
05/03/2023,1683120900000,18.7647,18.78,18.765,18.78,18.73,7745
05/02/2023,1683034500000,18.4863,18.48,18.48,18.5,18.48,3352
05/01/2023,1682948100000,19.1495,19.17,19.17,19.17,19.13,4091
04/28/2023,1682688900000,18.9561,18.94,18.96,18.995,18.93,2499
04/27/2023,1682602500000,18.9,18.8959,18.85,18.94,18.85,19680
04/26/2023,1682516100000,18.9764,18.97,18.96,19.015,18.9479,3960
04/25/2023,1682429700000,19.7541,19.81,19.72,19.81,19.72,11235
04/24/2023,1682343300000,20.2786,20.29,20.3,20.31,20.23,10636
04/21/2023,1682084100000,20.2185,20.2,20.1703,20.2799,20.1703,4997
04/20/2023,1681997700000,21.1909,21.12,21.1701,21.22,21.12,16951
04/19/2023,1681911300000,21.101,21.09,21.1315,21.18,21.06,13998
04/18/2023,1681824900000,22.0857,22.11,22.06,22.13,22.05,8093
04/17/2023,1681738500000,22.2965,22.32,22.31,22.33,22.24,10453
04/14/2023,1681479300000,22.7484,22.75,22.74,22.7849,22.72,4326
04/13/2023,1681392900000,22.4365,22.47,22.4,22.47,22.4,5438
04/12/2023,1681306500000,23.1083,23.15,23.06,23.15,23.041,11372
04/11/2023,1681220100000,22.7999,22.78,22.8,22.82,22.75,29081
04/10/2023,1681133700000,21.9458,21.96,21.95,21.9699,21.9001,7872
04/06/2023,1680788100000,21.8335,21.8701,21.86,21.95,21.77,23791
04/05/2023,1680701700000,21.8124,21.91,21.7392,21.9304,21.73,43428
04/04/2023,1680615300000,22.8552,22.8219,22.965,22.965,22.79,9950
04/03/2023,1680528900000,23.3469,23.33,23.34,23.405,23.3,62061
03/31/2023,1680269700000,22.2508,22.2999,22.22,22.3,22.19,19198
03/30/2023,1680183300000,22.4327,22.47,22.43,22.4799,22.41,15845
03/29/2023,1680096900000,23.124,23.11,23.1271,23.14,23.08,5097
03/28/2023,1680010500000,23.0169,23.07,23.0,23.09,22.95,5645
03/27/2023,1679924100000,23.633,23.6999,23.5201,23.7376,23.52,47425
03/24/2023,1679664900000,22.7429,22.75,22.84,22.84,22.62,41808
03/23/2023,1679578500000,23.1346,22.92,23.1679,23.37,22.89,139098
03/22/2023,1679492100000,24.7905,25.235,24.3,25.355,24.23,1181974
03/21/2023,1679405700000,17.3562,17.32,17.36,17.37,17.27,55645
03/20/2023,1679319300000,16.356,16.39,16.3399,16.4,16.32,22111
03/17/2023,1679060100000,16.449,16.5504,16.4026,16.5504,16.38,14169
03/16/2023,1678973700000,15.661,15.63,15.7,15.7,15.6149,14752
03/15/2023,1678887300000,16.385,16.43,16.37,16.43,16.35,8305
03/14/2023,1678800900000,17.2353,17.24,17.23,17.28,17.21,5283
03/13/2023,1678714500000,16.7731,16.83,16.79,16.83,16.75,10968
03/10/2023,1678458900000,17.2147,17.27,17.19,17.29,17.17,25140
03/09/2023,1678372500000,18.1725,18.19,18.19,18.19,18.15,3538
03/08/2023,1678286100000,17.7556,17.805,17.76,17.805,17.745,35469
03/07/2023,1678199700000,18.6541,18.59,18.7,18.7,18.58,12240
03/06/2023,1678113300000,18.9413,18.9488,18.9,19.0,18.89,20645
03/03/2023,1677854100000,18.1807,18.2087,18.16,18.21,18.12,4391
03/02/2023,1677767700000,17.8026,17.85,17.76,17.855,17.76,26282
03/01/2023,1677681300000,18.7021,18.76,18.66,18.76,18.65,18865
02/28/2023,1677594900000,19.0218,18.9851,19.04,19.06,18.97,9702
02/27/2023,1677508500000,19.6018,19.54,19.62,19.65,19.54,7994
02/24/2023,1677249300000,19.8773,19.822,19.85,19.9128,19.8,14302
02/23/2023,1677162900000,20.7311,20.7,20.72,20.7549,20.6741,1911
02/22/2023,1677076500000,20.7275,20.71,20.82,20.82,20.67,5623
02/21/2023,1676990100000,21.6494,21.65,21.68,21.68,21.62,5425
02/17/2023,1676644500000,21.6467,21.75,21.59,21.76,21.59,17029
02/16/2023,1676558100000,20.9711,20.97,21.0,21.0,20.9101,6691
02/15/2023,1676471700000,19.8937,19.89,19.88,19.9149,19.85,7623
02/14/2023,1676385300000,19.3273,19.3874,19.295,19.4,19.28,3072
02/13/2023,1676298900000,19.0816,19.16,19.03,19.165,19.03,17683
02/10/2023,1676039700000,19.6093,19.51,19.6301,19.6627,19.51,18350
02/09/2023,1675953300000,21.3127,21.3,21.2725,21.37,21.2725,10290
02/08/2023,1675866900000,21.1163,21.1,21.2,21.2224,21.0601,19733
02/07/2023,1675780500000,22.4027,22.4898,22.385,22.4933,22.33,98294
02/06/2023,1675694100000,22.4993,22.5,22.44,22.57,22.3901,22441
02/03/2023,1675434900000,22.3874,22.5,22.31,22.535,22.27,31132
02/02/2023,1675348500000,22.3639,22.35,22.43,22.44,22.3,26417
02/01/2023,1675262100000,21.6555,21.78,21.5947,21.78,21.58,10504
01/31/2023,1675175700000,21.7947,21.8933,21.85,21.91,21.73,24933
01/30/2023,1675089300000,22.0203,22.06,22.04,22.09,21.96,29237
01/27/2023,1674830100000,20.0077,19.99,20.0419,20.05,19.97,4468
01/26/2023,1674743700000,20.6385,20.66,20.655,20.6799,20.5871,8855
01/25/2023,1674657300000,20.5368,20.5851,20.52,20.61,20.5,18607
01/24/2023,1674570900000,21.546,21.56,21.515,21.64,21.4567,14848
01/23/2023,1674484500000,19.7191,19.62,19.7208,19.78,19.61,9398
01/20/2023,1674225300000,19.0982,19.07,19.11,19.15,19.03,6276
01/19/2023,1674138900000,19.9774,20.0115,19.95,20.02,19.93,51463
01/18/2023,1674052500000,21.5811,21.89,21.44,21.95,21.43,69394
01/17/2023,1673966100000,20.9079,20.9196,20.8414,20.973,20.81,11925
01/13/2023,1673620500000,20.2246,20.22,20.197,20.3079,20.13,22173
01/12/2023,1673534100000,18.9662,19.057,18.82,19.057,18.82,41636
01/11/2023,1673447700000,18.0102,17.9,18.09,18.09,17.9,54989
01/10/2023,1673361300000,16.5706,16.55,16.5972,16.63,16.545,6700
01/09/2023,1673274900000,16.8507,16.84,16.89,16.89,16.82,22563
01/06/2023,1673015700000,16.0472,15.94,16.1,16.104,15.94,21357
01/05/2023,1672929300000,17.0302,17.03,17.01,17.07,17.0,19601
01/04/2023,1672842900000,17.2433,17.22,17.216,17.29,17.2,7079
01/03/2023,1672756500000,19.0275,19.052,18.9589,19.08,18.95,9748
