12/29/2023,1703860500000,103.5586,103.5194,103.48,103.62,103.38,2433
12/28/2023,1703774100000,103.5408,103.57,103.47,103.615,103.46,1361
12/27/2023,1703687700000,103.5151,103.4852,103.52,103.56,103.4852,627
12/26/2023,1703601300000,103.7455,103.74,103.785,103.785,103.74,657
12/22/2023,1703255700000,103.6868,103.7,103.56,103.7,103.56,3821
12/21/2023,1703169300000,103.398,103.33,103.44,103.44,103.33,3433
12/20/2023,1703082900000,103.5881,103.555,103.56,103.61,103.555,378
12/19/2023,1702996500000,102.021,101.9021,102.055,102.055,101.9021,1795
12/18/2023,1702910100000,101.5547,101.38,101.775,101.845,101.2861,6605
12/15/2023,1702650900000,104.072,104.23,103.985,104.285,103.88,11851
12/14/2023,1702564500000,100.7847,101.17,100.395,101.29,100.31,24180
12/13/2023,1702478100000,92.6644,92.78,92.52,92.78,92.52,3521
12/12/2023,1702391700000,92.8368,92.875,92.86,92.875,92.8,2196
12/11/2023,1702305300000,92.7885,92.6,92.83,92.83,92.6,5429
12/08/2023,1702046100000,91.4878,91.28,91.63,91.63,91.28,7937
12/07/2023,1701959700000,89.7967,89.815,89.86,89.865,89.75,5059
12/06/2023,1701873300000,90.1559,90.08,90.05,90.47,89.92,9015
12/05/2023,1701786900000,87.0802,87.055,87.085,87.14,87.02,2787
12/04/2023,1701700500000,88.3216,88.3,88.3497,88.3579,88.29,3976
12/01/2023,1701441300000,86.2148,86.235,86.17,86.235,86.16,1166
11/30/2023,1701354900000,84.8702,84.785,84.97,84.97,84.785,12403
11/29/2023,1701268500000,85.776,85.68,85.815,85.839,85.66,5498
11/28/2023,1701182100000,84.7531,84.76,84.78,84.78,84.73,1088
11/27/2023,1701095700000,85.7476,85.67,85.745,85.83,85.67,7356
11/24/2023,1700836500000,85.1333,85.16,85.25,85.25,85.03,515
11/22/2023,1700663700000,85.8093,85.75,85.89,85.89,85.745,3408
11/21/2023,1700577300000,85.3507,85.38,85.33,85.38,85.33,447
11/20/2023,1700490900000,85.0708,85.0901,85.01,85.15,85.01,2528
11/17/2023,1700231700000,85.7584,85.76,85.745,85.8,85.67,1928
11/16/2023,1700145300000,85.968,85.99,85.98,86.0,85.9228,3489
11/15/2023,1700058900000,86.0786,85.92,86.23,86.25,85.88,4070
11/14/2023,no data
11/13/2023,1699886100000,79.8305,79.92,79.835,79.96,79.8,1863
11/10/2023,1699626900000,78.542,78.56,78.505,78.59,78.5,2432
11/09/2023,1699540500000,79.5822,79.57,79.57,79.57,79.57,277
11/08/2023,1699454100000,80.3031,80.2215,80.31,80.35,80.2215,1892
11/07/2023,1699367700000,79.9996,80.0825,80.0899,80.0899,79.94,2272
11/06/2023,1699281300000,80.9228,81.045,80.885,81.045,80.8401,5199
11/03/2023,1699018500000,80.7657,80.835,80.97,80.97,80.66,22403
11/02/2023,1698932100000,77.4737,77.48,77.58,77.58,77.3179,2607
11/01/2023,1698845700000,70.5655,70.52,70.645,70.645,70.52,1040
10/31/2023,1698759300000,70.2711,70.32,70.1,70.37,70.1,3470
10/30/2023,1698672900000,69.1329,69.17,69.12,69.17,69.07,884
10/27/2023,1698413700000,69.0342,69.03,68.98,69.08,68.98,5126
10/26/2023,1698327300000,69.1129,69.08,69.15,69.15,69.06,1791
10/25/2023,no data
10/24/2023,1698154500000,69.8558,69.66,69.57,69.98,69.57,6472
10/23/2023,1698068100000,68.9963,69.04,68.985,69.04,68.9,3190
10/20/2023,1697808900000,69.8119,69.905,69.85,69.905,69.73,553
10/19/2023,1697722500000,70.603,70.71,70.575,70.71,70.45,997
10/18/2023,1697636100000,71.0618,71.1,71.03,71.125,71.0,4149
10/17/2023,1697549700000,72.1168,72.06,72.1,72.27,72.04,4261
10/16/2023,1697463300000,72.4369,72.375,72.435,72.48,72.375,931
10/13/2023,1697204100000,71.5428,71.57,71.598,71.62,71.47,5702
10/12/2023,1697117700000,73.4978,73.46,73.55,73.59,73.41,8719
10/11/2023,1697031300000,76.4413,76.3,76.5759,76.58,76.29,10514
10/10/2023,1696944900000,72.7528,72.75,72.765,72.765,72.75,974
10/09/2023,1696858500000,70.4237,70.4799,70.495,70.495,70.34,2019
10/06/2023,1696599300000,70.3468,70.23,70.31,70.4,70.23,1624
10/05/2023,1696512900000,72.0302,71.8,72.005,72.15,71.8,4466
10/04/2023,1696426500000,71.1134,70.93,71.235,71.28,70.93,16732
10/03/2023,1696340100000,72.6175,72.6,72.62,72.66,72.59,3268
10/02/2023,1696253700000,73.9933,73.935,74.0661,74.115,73.925,5219
09/29/2023,1695994500000,75.3598,75.25,75.46,75.47,75.225,2432
09/28/2023,1695908100000,73.6589,73.65,73.73,73.73,73.6201,1594
09/27/2023,1695821700000,73.5501,73.48,73.58,73.63,73.46,2894
09/26/2023,1695735300000,74.1837,74.26,74.2,74.34,74.05,6909
09/25/2023,1695648900000,74.405,74.315,74.285,74.4775,74.285,6480
09/22/2023,1695389700000,73.8783,73.8,73.935,73.98,73.8,5485
09/21/2023,1695303300000,74.852,74.4101,74.88,75.11,74.4101,12161
09/20/2023,1695216900000,78.7702,78.78,78.77,78.85,78.7,2903
09/19/2023,1695130500000,78.0221,77.96,78.04,78.11,77.96,3418
09/18/2023,1695044100000,77.9434,77.88,77.98,78.05,77.88,2378
09/15/2023,1694784900000,78.9539,79.14,78.68,79.14,78.68,6896
09/14/2023,1694698500000,80.5272,80.505,80.58,80.61,80.46,2870
09/13/2023,1694612100000,80.4183,80.465,80.53,80.53,80.465,649
09/12/2023,1694525700000,82.5244,82.44,82.54,82.63,82.39,3399
09/11/2023,1694439300000,81.832,81.75,81.885,81.9641,81.7312,8893
09/08/2023,1694180100000,81.7793,81.74,81.645,81.94,81.645,3332
09/07/2023,1694093700000,81.1624,81.32,81.065,81.32,81.04,3315
09/06/2023,1694007300000,79.9048,79.675,79.945,80.0,79.675,4389
09/05/2023,1693920900000,83.2257,83.17,83.3,83.42,83.12,4114
09/01/2023,1693575300000,83.1256,83.21,83.14,83.236,83.08,6341
08/31/2023,1693488900000,81.5779,81.52,81.57,81.58,81.51,1976
08/30/2023,1693402500000,79.4021,79.35,79.43,79.43,79.35,1898
08/29/2023,1693316100000,76.6589,76.61,76.69,76.695,76.61,1453
08/28/2023,1693229700000,77.1419,77.04,77.26,77.27,77.03,7183
08/25/2023,1692970500000,77.9745,78.02,78.0,78.02,77.92,5028
08/24/2023,1692884100000,79.4288,79.74,78.995,79.82,78.995,38050
08/23/2023,1692797700000,76.8141,76.5,77.1,77.18,76.3,19068
08/22/2023,1692711300000,75.9,75.81,75.84,75.97,75.81,2496
08/21/2023,1692624900000,76.5985,76.6,76.62,76.62,76.6,589
08/18/2023,1692365700000,76.184,76.24,76.18,76.26,75.9901,16428
08/17/2023,1692279300000,80.4167,80.4,80.525,80.525,80.39,1545
08/16/2023,1692192900000,81.3975,81.38,81.41,81.43,81.36,1401
08/15/2023,1692106500000,81.9198,81.81,81.955,82.01,81.79,9968
08/14/2023,1692020100000,79.2996,79.33,79.18,79.33,79.18,700
08/11/2023,1691760900000,79.7777,79.79,79.78,79.79,79.75,1116
08/10/2023,1691674500000,80.8864,80.87,80.8,80.99,80.8,3181
08/09/2023,1691588100000,80.4408,80.35,80.49,80.51,80.35,1353
08/08/2023,1691501700000,79.5321,79.585,79.585,79.585,79.585,629
08/07/2023,1691415300000,79.8493,79.86,79.86,79.905,79.82,1798
08/04/2023,1691156100000,77.849,77.94,77.78,77.94,77.78,4188
08/03/2023,1691069700000,78.7749,78.66,78.81,78.85,78.65,4742
08/02/2023,1690983300000,79.7777,79.66,79.745,79.83,79.66,3141
08/01/2023,1690896900000,80.5237,80.54,80.54,80.54,80.54,405
07/31/2023,1690810500000,80.7996,80.86,80.845,80.86,80.76,2827
07/28/2023,1690551300000,79.98,80.0,80.0,80.01,79.93,2266
07/27/2023,1690464900000,80.8866,80.9,80.75,80.97,80.75,4634
07/26/2023,1690378500000,80.9852,80.96,80.955,81.0,80.95,7317
07/25/2023,1690292100000,79.0696,79.07,79.05,79.1399,79.04,1287
07/24/2023,1690205700000,78.9239,79.035,78.84,79.035,78.84,1163
07/21/2023,1689946500000,78.7358,78.67,78.8,78.84,78.66,10578
07/20/2023,1689860100000,81.9539,82.02,81.92,82.02,81.87,3364
07/19/2023,1689773700000,82.2238,82.265,82.21,82.27,82.15,4179
07/18/2023,1689687300000,83.0332,82.9,83.0501,83.13,82.9,2711
07/17/2023,1689600900000,82.9851,83.02,82.843,83.035,82.843,4628
07/14/2023,1689341700000,83.5464,83.52,83.46,83.67,83.415,7730
07/13/2023,1689255300000,81.5618,81.66,81.52,81.6715,81.48,12497
07/12/2023,1689168900000,80.7717,80.74,80.68,80.802,80.68,3046
07/11/2023,1689082500000,79.9815,79.82,79.995,80.06,79.82,13093
07/10/2023,1688996100000,77.7229,77.67,77.71,77.77,77.67,6382
07/07/2023,1688736900000,76.404,76.44,76.39,76.4899,76.39,2089
07/06/2023,1688650500000,76.5438,76.57,76.5,76.63,76.475,13510
07/05/2023,1688564100000,78.5954,78.61,78.58,78.6225,78.53,3073
07/03/2023,1688391300000,79.5629,79.6169,79.53,79.6169,79.53,3953
06/30/2023,1688132100000,78.3381,78.4,78.24,78.416,78.24,2943
06/29/2023,1688045700000,78.3066,78.25,78.24,78.37,78.235,4026
06/28/2023,1687959300000,78.3082,78.33,78.27,78.34,78.27,1298
06/27/2023,1687872900000,76.533,76.45,76.59,76.61,76.4498,5183
06/26/2023,1687786500000,76.5379,76.55,76.4875,76.56,76.4875,2284
06/23/2023,1687527300000,75.7882,75.73,75.7925,75.81,75.73,2084
06/22/2023,1687440900000,75.542,75.52,75.5301,75.61,75.49,2863
06/21/2023,1687354500000,74.7592,74.69,74.75,74.8,74.69,4991
06/20/2023,1687268100000,74.4992,74.52,74.55,74.55,74.44,3155
06/16/2023,1686922500000,74.2306,74.27,74.2075,74.33,74.16,2659
06/15/2023,1686836100000,74.377,74.47,74.315,74.49,74.28,5565
06/14/2023,1686749700000,75.1782,75.11,75.07,75.22,75.07,16936
06/13/2023,1686663300000,75.6589,75.865,75.58,75.865,75.58,5913
06/12/2023,1686576900000,73.9139,73.91,73.93,73.93,73.91,382
06/09/2023,1686317700000,73.9998,74.0,73.99,74.05,73.96,3626
06/08/2023,1686231300000,74.3332,74.25,74.25,74.45,74.25,4063
06/07/2023,1686144900000,73.9519,74.015,73.925,74.015,73.92,1707
06/06/2023,1686058500000,71.3926,71.41,71.4069,71.42,71.35,5150
06/05/2023,1685972100000,70.8621,70.8,70.97,70.97,70.8,4140
06/02/2023,1685712900000,69.5124,69.5,69.51,69.53,69.4885,5346
06/01/2023,1685626500000,68.1619,67.985,68.1999,68.24,67.985,7023
05/31/2023,1685540100000,68.2086,68.28,68.075,68.28,68.075,2616
05/30/2023,1685453700000,68.703,68.63,68.59,68.755,68.59,1592
05/26/2023,1685108100000,68.0078,67.995,68.045,68.045,67.92,10393
05/25/2023,1685021700000,67.2709,67.455,67.26,67.4999,67.18,45725
05/24/2023,1684935300000,65.3346,65.72,65.41,65.72,64.93,27535
05/23/2023,1684848900000,63.7138,63.87,63.585,63.87,63.57,10026
05/22/2023,1684762500000,66.6913,66.69,66.77,66.78,66.6443,4947
05/19/2023,1684503300000,67.1798,67.22,67.08,67.25,67.08,4481
05/18/2023,1684416900000,65.7688,65.705,65.77,65.81,65.705,2515
05/17/2023,1684330500000,65.4304,65.43,65.43,65.43,65.43,1620
05/16/2023,1684244100000,63.7282,63.825,63.7,63.825,63.61,4881
05/15/2023,1684157700000,63.856,63.88,63.96,64.07,63.7501,6794
05/12/2023,no data
05/11/2023,1683812100000,64.3481,64.35,64.35,64.35,64.35,105
05/10/2023,1683725700000,65.0029,65.055,65.0,65.055,65.0,3115
05/09/2023,1683639300000,64.3664,64.405,64.42,64.425,64.3,4004
05/08/2023,1683552900000,63.4355,63.385,63.4791,63.4791,63.3,770
05/05/2023,1683293700000,62.8319,62.85,62.783,62.875,62.783,1257
05/04/2023,1683207300000,63.704,63.705,63.72,63.72,63.6925,755
05/03/2023,1683120900000,63.5051,63.5099,63.51,63.51,63.44,3836
05/02/2023,no data
05/01/2023,1682948100000,64.0493,64.04,64.1,64.1,64.04,914
04/28/2023,1682688900000,63.2072,63.185,63.2153,63.25,63.14,2538
04/27/2023,1682602500000,62.0125,62.06,61.985,62.06,61.96,2578
04/26/2023,1682516100000,62.0752,62.08,62.09,62.12,62.04,3986
04/25/2023,1682429700000,62.1788,62.185,62.195,62.195,62.1746,703
04/24/2023,1682343300000,61.911,61.97,61.89,61.97,61.89,321
04/21/2023,1682084100000,62.2487,62.26,62.255,62.26,62.185,2348
04/20/2023,1681997700000,63.5095,63.7038,63.5,63.7038,63.25,15519
04/19/2023,1681911300000,61.4463,61.46,61.42,61.46,61.3901,731
04/18/2023,1681824900000,61.1332,61.1,61.1,61.15,61.1,4002
04/17/2023,1681738500000,59.7292,59.74,59.715,59.76,59.68,1437
04/14/2023,1681479300000,59.8352,59.81,59.85,59.85,59.81,1178
04/13/2023,1681392900000,59.5465,59.59,59.46,59.59,59.46,7115
04/12/2023,1681306500000,60.1044,60.11,60.04,60.135,60.04,3141
04/11/2023,1681220100000,58.5957,58.59,58.65,58.65,58.53,1642
04/10/2023,1681133700000,57.8958,57.87,57.91,57.94,57.86,3596
04/06/2023,1680788100000,57.963,57.965,57.94,57.99,57.94,3518
04/05/2023,1680701700000,58.9393,58.95,58.85,58.95,58.85,5102
04/04/2023,no data
04/03/2023,1680528900000,60.4609,60.355,60.465,60.51,60.355,15713
03/31/2023,1680269700000,59.0335,58.995,59.085,59.085,58.975,2260
03/30/2023,1680183300000,59.3833,59.38,59.3799,59.4,59.3799,2537
03/29/2023,1680096900000,59.3848,59.38,59.39,59.4,59.37,2054
03/28/2023,1680010500000,58.6916,58.69,58.7,58.7,58.69,620
03/27/2023,1679924100000,58.9752,58.98,59.02,59.02,58.9401,1281
03/24/2023,1679664900000,58.0489,58.05,58.05,58.05,58.05,230
03/23/2023,1679578500000,59.0529,59.05,59.105,59.105,58.95,5114
03/22/2023,1679492100000,58.1236,58.13,58.12,58.13,58.12,1693
03/21/2023,1679405700000,58.1415,58.12,58.18,58.18,58.09,1569
03/20/2023,1679319300000,58.1189,58.09,58.15,58.15,58.09,2734
03/17/2023,1679060100000,58.7331,58.66,58.76,58.77,58.66,2097
03/16/2023,1678973700000,57.6608,57.67,57.74,57.74,57.59,4525
03/15/2023,1678887300000,58.1724,58.27,58.045,58.35,58.045,9523
03/14/2023,1678800900000,57.8318,57.78,57.885,57.885,57.78,839
03/13/2023,1678714500000,57.1956,57.2,57.3,57.3,57.15,3816
03/10/2023,1678458900000,58.2991,58.3,58.28,58.34,58.28,4200
03/09/2023,1678372500000,59.7624,59.74,59.81,59.81,59.74,3424
03/08/2023,1678286100000,59.0197,59.01,58.98,59.06,58.98,2686
03/07/2023,1678199700000,59.2438,59.26,59.2001,59.26,59.2001,1296
03/06/2023,1678113300000,59.8013,59.67,59.86,59.9,59.67,3548
03/03/2023,1677854100000,59.827,59.83,59.83,59.83,59.83,832
03/02/2023,1677767700000,58.319,58.32,58.34,58.35,58.27,7073
03/01/2023,1677681300000,59.8481,59.89,59.88,59.89,59.8,5137
02/28/2023,1677594900000,59.3157,59.37,59.25,59.37,59.25,1523
02/27/2023,1677508500000,59.5365,59.49,59.505,59.6,59.49,5441
02/24/2023,1677249300000,58.0209,58.0,57.985,58.05,57.985,4739
02/23/2023,1677162900000,58.3949,58.44,58.38,58.45,58.33,4456
02/22/2023,1677076500000,57.2312,57.71,57.185,57.71,56.85,17036
02/21/2023,1676990100000,56.9179,56.9,56.88,56.975,56.88,1736
02/17/2023,1676644500000,58.2555,58.25,58.25,58.29,58.19,3578
02/16/2023,1676558100000,58.4322,58.4912,58.39,58.4912,58.39,1525
02/15/2023,1676471700000,58.8989,58.89,58.89,58.94,58.89,2244
02/14/2023,1676385300000,59.1472,59.13,59.19,59.19,59.13,520
02/13/2023,1676298900000,58.633,58.64,58.625,58.67,58.625,1270
02/10/2023,no data
02/09/2023,1675953300000,59.2306,59.3,59.21,59.3,59.2,701
02/08/2023,1675866900000,59.4435,59.46,59.41,59.46,59.39,1265
02/07/2023,no data
02/06/2023,1675694100000,60.1145,60.17,60.125,60.18,60.06,4050
02/03/2023,1675434900000,60.911,60.955,60.98,60.98,60.85,3310
02/02/2023,1675348500000,61.478,61.41,61.44,61.5,61.37,7845
02/01/2023,1675262100000,59.4669,59.45,59.425,59.52,59.425,2876
01/31/2023,1675175700000,58.4094,58.63,58.0,58.63,57.96,23485
01/30/2023,1675089300000,57.0982,57.13,57.12,57.13,57.06,1849
01/27/2023,1674830100000,57.1536,57.1,57.1825,57.22,57.1,1837
01/26/2023,1674743700000,57.2927,57.28,57.39,57.39,57.28,997
01/25/2023,no data
01/24/2023,no data
01/23/2023,1674484500000,55.7472,55.73,55.72,55.78,55.72,552
01/20/2023,1674225300000,55.2314,55.24,55.19,55.31,55.19,2184
01/19/2023,1674138900000,55.9942,55.97,56.01,56.05,55.97,4447
01/18/2023,1674052500000,56.992,57.055,57.03,57.055,56.87,3274
01/17/2023,1673966100000,55.8875,55.865,55.91,55.93,55.865,729
01/13/2023,1673620500000,55.6161,55.525,55.7,55.7,55.525,1000
01/12/2023,1673534100000,55.1441,55.25,55.08,55.25,55.08,8115
01/11/2023,1673447700000,55.6384,55.675,55.6,55.675,55.49,6884
01/10/2023,no data
01/09/2023,1673274900000,53.2686,53.285,53.215,53.3,53.215,2634
01/06/2023,1673015700000,52.8715,52.88,52.87,52.91,52.84,2019
01/05/2023,1672929300000,51.097,51.005,51.17,51.17,51.005,6208
01/04/2023,1672842900000,51.3637,51.24,51.41,51.42,51.24,2020
01/03/2023,1672756500000,50.7669,50.69,50.75,50.79,50.69,4006
