12/29/2023,no data
12/28/2023,1703774100000,10.2837,10.28,10.28,10.29,10.26,2772
12/27/2023,1703687700000,10.2217,10.23,10.2,10.23,10.2,2034
12/26/2023,1703601300000,10.1636,10.22,10.15,10.22,10.15,3984
12/22/2023,1703255700000,10.1959,10.2,10.2,10.2,10.2,111
12/21/2023,1703169300000,9.9271,9.945,9.9,9.945,9.9,7840
12/20/2023,1703082900000,9.8724,9.86,9.88,9.88,9.86,805
12/19/2023,1702996500000,9.8723,9.89,9.84,9.9,9.84,4402
12/18/2023,1702910100000,9.9387,9.91,9.945,9.945,9.91,717
12/15/2023,1702650900000,10.172,10.21,10.14,10.21,10.14,2247
12/14/2023,1702564500000,10.331,10.34,10.32,10.3499,10.31,1220
12/13/2023,1702478100000,9.3318,9.34,9.29,9.35,9.29,5540
12/12/2023,1702391700000,9.2115,9.21,9.21,9.21,9.21,157
12/11/2023,1702305300000,9.3932,9.38,9.38,9.42,9.38,2273
12/08/2023,1702046100000,9.5332,9.51,9.545,9.55,9.51,1672
12/07/2023,no data
12/06/2023,1701873300000,9.2873,9.2934,9.2934,9.2934,9.2934,578
12/05/2023,1701786900000,9.4322,9.44,9.435,9.44,9.42,2033
12/04/2023,no data
12/01/2023,1701441300000,9.1611,9.18,9.16,9.18,9.14,1225
11/30/2023,1701354900000,9.9509,9.97,9.94,9.97,9.94,1188
11/29/2023,1701268500000,9.8117,9.81,9.82,9.82,9.81,1689
11/28/2023,1701182100000,9.4483,9.45,9.44,9.45,9.44,259
11/27/2023,1701095700000,9.5133,9.54,9.4906,9.54,9.48,3789
11/24/2023,1700836500000,9.8341,9.845,9.84,9.845,9.84,571
11/22/2023,1700663700000,9.5509,9.5,9.615,9.615,9.5,797
11/21/2023,1700577300000,9.6721,9.7,9.65,9.7,9.65,2603
11/20/2023,1700490900000,9.6685,9.69,9.65,9.69,9.65,2976
11/17/2023,1700231700000,9.8442,9.82,9.83,9.88,9.82,2125
11/16/2023,1700145300000,9.5602,9.58,9.55,9.58,9.55,1332
11/15/2023,1700058900000,9.7848,9.7,9.83,9.83,9.7,9970
11/14/2023,1699972500000,9.319,9.31,9.335,9.35,9.3,2870
11/13/2023,1699886100000,8.7078,8.71,8.72,8.72,8.69,1731
11/10/2023,1699626900000,8.3479,8.375,8.33,8.375,8.32,7795
11/09/2023,1699540500000,8.5807,8.58,8.53,8.59,8.53,4458
11/08/2023,1699454100000,8.3227,8.31,8.31,8.35,8.29,1600
11/07/2023,no data
11/06/2023,1699281300000,8.8326,8.85,8.81,8.86,8.81,2213
11/03/2023,1699018500000,9.0587,9.05,8.995,9.12,8.9511,11174
11/02/2023,1698932100000,7.9364,7.93,7.96,7.96,7.91,3503
11/01/2023,1698845700000,7.8832,7.89,7.91,7.91,7.87,3162
10/31/2023,1698759300000,7.9672,7.97,7.96,7.97,7.96,1421
10/30/2023,1698672900000,7.9438,7.92,7.9706,7.9706,7.92,4302
10/27/2023,1698413700000,8.1169,8.12,8.11,8.12,8.11,1595
10/26/2023,1698327300000,8.3179,8.31,8.3,8.33,8.3,2141
10/25/2023,1698240900000,8.4047,8.37,8.42,8.45,8.37,8956
10/24/2023,1698154500000,8.3026,8.31,8.27,8.35,8.265,6981
10/23/2023,1698068100000,8.3619,8.38,8.35,8.39,8.34,3265
10/20/2023,1697808900000,8.1424,8.17,8.12,8.17,8.115,1107
10/19/2023,1697722500000,8.211,8.23,8.1905,8.23,8.19,3234
10/18/2023,1697636100000,8.4459,8.45,8.44,8.45,8.44,1026
10/17/2023,1697549700000,8.6474,8.66,8.6263,8.68,8.6263,8053
10/16/2023,1697463300000,8.3369,8.36,8.301,8.36,8.3,4281
10/13/2023,no data
10/12/2023,1697117700000,8.7271,8.73,8.73,8.73,8.73,338
10/11/2023,1697031300000,8.9449,8.97,8.93,8.97,8.93,481
10/10/2023,1696944900000,8.6944,8.68,8.7,8.7,8.68,1200
10/09/2023,1696858500000,8.7338,8.735,8.7445,8.7445,8.735,489
10/06/2023,1696599300000,8.7701,8.8,8.76,8.8,8.76,1265
10/05/2023,1696512900000,9.0535,9.04,9.04,9.04,9.04,220
10/04/2023,1696426500000,9.0708,9.07,9.07,9.07,9.07,276
10/03/2023,1696340100000,8.9129,8.92,8.91,8.94,8.91,6562
10/02/2023,1696253700000,9.2238,9.22,9.23,9.23,9.21,1278
09/29/2023,no data
09/28/2023,no data
09/27/2023,1695821700000,9.3643,9.35,9.38,9.38,9.35,749
09/26/2023,1695735300000,9.3159,9.3,9.33,9.33,9.3,2096
09/25/2023,1695648900000,9.0856,9.05,9.2,9.2,9.025,49473
09/22/2023,1695389700000,9.0359,9.03,9.04,9.045,9.03,5257
09/21/2023,1695303300000,9.1865,9.19,9.161,9.19,9.16,5800
09/20/2023,1695216900000,9.7343,9.75,9.73,9.75,9.73,4473
09/19/2023,1695130500000,9.6465,9.64,9.65,9.66,9.64,1334
09/18/2023,1695044100000,9.6539,9.66,9.66,9.66,9.63,2661
09/15/2023,1694784900000,10.1075,10.11,10.13,10.13,10.09,927
09/14/2023,1694698500000,10.1436,10.13,10.16,10.16,10.12,1178
09/13/2023,1694612100000,10.5721,10.5703,10.57,10.585,10.57,822
09/12/2023,1694525700000,10.7156,10.715,10.71,10.72,10.71,3781
09/11/2023,1694439300000,10.9951,11.02,10.99,11.02,10.99,1934
09/08/2023,1694180100000,10.8555,10.85,10.8789,10.8789,10.82,695
09/07/2023,1694093700000,11.8596,11.86,11.84,11.88,11.84,2527
09/06/2023,1694007300000,12.1409,12.165,12.11,12.165,12.1,5421
09/05/2023,1693920900000,12.3888,12.37,12.37,12.406,12.37,2254
09/01/2023,no data
08/31/2023,no data
08/30/2023,1693402500000,12.9929,12.95,12.98,13.03,12.95,3314
08/29/2023,1693316100000,13.0109,13.005,13.03,13.03,13.0,3971
08/28/2023,1693229700000,13.0567,13.0403,13.069,13.07,13.0403,1355
08/25/2023,no data
08/24/2023,no data
08/23/2023,1692797700000,12.9118,12.8625,12.89,12.93,12.8625,767
08/22/2023,1692711300000,12.9423,12.95,12.91,12.955,12.91,479
08/21/2023,1692624900000,12.2931,12.27,12.29,12.305,12.27,2311
08/18/2023,1692365700000,12.6259,12.6299,12.6299,12.6299,12.6299,725
08/17/2023,1692279300000,12.8929,12.8899,12.91,12.91,12.8899,1045
08/16/2023,1692192900000,13.1245,13.12,13.13,13.13,13.12,433
08/15/2023,1692106500000,13.1063,13.115,13.09,13.12,13.08,1355
08/14/2023,1692020100000,13.1135,13.1,13.1,13.1,13.1,438
08/11/2023,1691760900000,13.3797,13.3743,13.35,13.39,13.35,3684
08/10/2023,1691674500000,13.5025,13.525,13.5,13.525,13.49,2709
08/09/2023,1691588100000,13.3674,13.37,13.37,13.37,13.37,577
08/08/2023,1691501700000,12.9781,12.995,12.96,12.9951,12.96,1555
08/07/2023,1691415300000,13.2682,13.26,13.275,13.275,13.26,1596
08/04/2023,1691156100000,14.0209,13.99,14.005,14.07,13.99,1594
08/03/2023,1691069700000,13.9094,13.94,13.91,13.94,13.9,1571
08/02/2023,1690983300000,14.0121,14.0108,14.01,14.0108,14.01,1211
08/01/2023,1690896900000,13.8987,13.8714,13.93,13.93,13.8714,791
07/31/2023,1690810500000,14.1921,14.19,14.2,14.2,14.19,602
07/28/2023,1690551300000,13.9143,13.92,13.92,13.92,13.92,409
07/27/2023,1690464900000,14.0155,14.02,14.01,14.02,14.01,377
07/26/2023,1690378500000,13.9224,13.91,13.925,13.927,13.91,837
07/25/2023,1690292100000,14.0998,14.135,14.055,14.135,14.05,3638
07/24/2023,1690205700000,14.2284,14.13,14.3,14.3,14.13,18952
07/21/2023,1689946500000,13.111,13.0501,13.15,13.15,13.0501,12947
07/20/2023,1689860100000,13.4521,13.6453,13.35,13.68,13.3492,75536
07/19/2023,1689773700000,23.1269,23.12,23.14,23.15,23.12,1244
07/18/2023,1689687300000,23.0035,23.0,23.0,23.0,23.0,286
07/17/2023,no data
07/14/2023,1689341700000,23.3209,23.32,23.3251,23.3251,23.32,411
07/13/2023,1689255300000,23.768,23.7571,23.7571,23.7571,23.7571,248
07/12/2023,1689168900000,23.5744,23.62,23.5701,23.62,23.57,779
07/11/2023,1689082500000,23.3194,23.32,23.34,23.34,23.32,586
07/10/2023,no data
07/07/2023,no data
07/06/2023,1688650500000,24.0014,24.045,23.96,24.045,23.96,1562
07/05/2023,1688564100000,24.573,24.56,24.56,24.56,24.56,290
07/03/2023,1688391300000,24.5492,24.53,24.57,24.57,24.53,751
06/30/2023,1688132100000,24.6647,24.68,24.69,24.69,24.61,478
06/29/2023,1688045700000,24.7554,24.76,24.75,24.76,24.75,888
06/28/2023,1687959300000,24.5152,24.51,24.51,24.51,24.51,756
06/27/2023,1687872900000,24.0242,23.99,24.0,24.06,23.99,1821
06/26/2023,1687786500000,24.1139,24.1,24.13,24.145,24.1,1232
06/23/2023,1687527300000,24.81,24.82,24.8,24.82,24.8,200
06/22/2023,no data
06/21/2023,1687354500000,24.6539,24.675,24.64,24.685,24.64,1959
06/20/2023,1687268100000,25.1379,25.14,25.14,25.14,25.14,254
06/16/2023,1686922500000,25.455,25.49,25.472,25.49,25.44,518
06/15/2023,1686836100000,25.7827,25.84,25.71,25.85,25.71,1415
06/14/2023,no data
06/13/2023,1686663300000,27.1971,27.155,27.115,27.25,27.115,1099
06/12/2023,1686576900000,25.4753,25.495,25.43,25.495,25.43,1106
06/09/2023,1686317700000,25.8955,25.895,25.895,25.895,25.895,116
06/08/2023,1686231300000,25.8227,25.86,25.77,25.86,25.77,406
06/07/2023,no data
06/06/2023,1686058500000,26.8359,26.86,26.84,26.9,26.765,1337
06/05/2023,1685972100000,27.0976,27.1,27.135,27.135,27.06,1697
06/02/2023,1685712900000,27.2207,27.13,27.35,27.35,27.13,6147
06/01/2023,1685626500000,25.7715,25.73,25.76,25.84,25.69,1641
05/31/2023,1685540100000,26.4906,26.54,26.405,26.54,26.405,612
05/30/2023,1685453700000,26.4164,26.46,26.42,26.46,26.4,1127
05/26/2023,1685108100000,25.8831,25.9,25.9,25.9,25.9,700
05/25/2023,no data
05/24/2023,1684935300000,27.1748,27.23,27.12,27.24,27.09,5697
05/23/2023,no data
05/22/2023,1684762500000,25.7081,25.73,25.68,25.73,25.68,342
05/19/2023,1684503300000,25.2517,25.3,25.17,25.3,25.17,569
05/18/2023,no data
05/17/2023,1684330500000,24.5975,24.71,24.52,24.71,24.52,4600
05/16/2023,1684244100000,25.5605,25.56,25.54,25.565,25.54,772
05/15/2023,no data
05/12/2023,no data
05/11/2023,1683812100000,24.0996,24.07,24.14,24.15,24.04,2949
05/10/2023,no data
05/09/2023,1683639300000,23.5975,23.685,23.54,23.685,23.54,2697
05/08/2023,no data
05/05/2023,1683293700000,24.7125,24.75,24.645,24.75,24.645,423
05/04/2023,1683207300000,25.0853,25.02,25.12,25.13,25.02,1249
05/03/2023,1683120900000,24.8152,24.83,24.805,24.83,24.805,542
05/02/2023,no data
05/01/2023,1682948100000,25.1272,25.13,25.13,25.13,25.13,245
04/28/2023,1682688900000,24.4299,24.44,24.44,24.44,24.44,325
04/27/2023,no data
04/26/2023,1682516100000,24.9701,24.98,24.98,24.98,24.98,134
04/25/2023,no data
04/24/2023,1682343300000,25.8172,25.81,25.81,25.81,25.81,258
04/21/2023,1682084100000,25.2006,25.15,25.15,25.245,25.15,3920
04/20/2023,1681997700000,24.8996,24.9,24.9,24.9,24.9,280
04/19/2023,1681911300000,24.9627,24.98,24.99,24.99,24.891,3874
04/18/2023,1681824900000,25.1451,25.18,25.16,25.23,25.07,4003
04/17/2023,1681738500000,24.7071,24.705,24.705,24.705,24.705,241
04/14/2023,1681479300000,24.9487,24.92,24.92,24.92,24.92,473
04/13/2023,1681392900000,23.8815,23.95,23.95,23.95,23.95,231
04/12/2023,no data
04/11/2023,1681220100000,23.8139,23.76,23.805,23.87,23.76,642
04/10/2023,1681133700000,23.5155,23.55,23.5,23.55,23.46,2007
04/06/2023,1680788100000,23.1759,23.215,23.14,23.215,23.14,262
04/05/2023,1680701700000,23.4471,23.47,23.41,23.47,23.41,817
04/04/2023,1680615300000,23.166,23.17,23.23,23.23,23.165,33811
04/03/2023,no data
03/31/2023,1680269700000,23.0344,23.02,23.05,23.05,23.015,843
03/30/2023,1680183300000,22.8586,22.855,22.8625,22.8625,22.855,212
03/29/2023,1680096900000,22.7659,22.83,22.66,22.83,22.66,2001
03/28/2023,1680010500000,22.8516,22.81,22.875,22.875,22.81,301
03/27/2023,1679924100000,22.4476,22.465,22.44,22.465,22.44,319
03/24/2023,1679664900000,22.1202,22.1325,22.105,22.1325,22.105,206
03/23/2023,1679578500000,22.6343,22.555,22.68,22.68,22.555,2330
03/22/2023,1679492100000,22.5339,22.53,22.52,22.56,22.52,2326
03/21/2023,1679405700000,23.7534,23.785,23.785,23.785,23.73,551
03/20/2023,1679319300000,23.7232,23.74,23.74,23.74,23.705,2075
03/17/2023,1679060100000,24.2624,24.275,24.2313,24.275,24.2313,718
03/16/2023,no data
03/15/2023,1678887300000,23.0451,23.08,23.0,23.11,23.0,3935
03/14/2023,1678800900000,23.05,23.03,23.075,23.075,23.03,823
03/13/2023,1678714500000,22.5575,22.48,22.64,22.64,22.48,5497
03/10/2023,1678458900000,22.9054,22.931,22.874,22.94,22.874,1708
03/09/2023,1678372500000,22.685,22.7,22.64,22.7,22.64,902
03/08/2023,1678286100000,22.3376,22.285,22.325,22.42,22.26,4935
03/07/2023,1678199700000,22.8653,22.85,22.93,22.93,22.83,2075
03/06/2023,1678113300000,24.0125,23.95,24.03,24.0901,23.91,2886
03/03/2023,1677854100000,23.1749,23.18,23.19,23.2,23.15,2621
03/02/2023,no data
03/01/2023,no data
02/28/2023,no data
02/27/2023,1677508500000,22.5054,22.45,22.54,22.6,22.45,3762
02/24/2023,1677249300000,23.3352,23.25,23.73,23.73,23.21,19726
02/23/2023,1677162900000,26.6906,26.66,26.7,26.73,26.63,2267
02/22/2023,1677076500000,27.7134,27.73,27.6099,27.84,27.512,7082
02/21/2023,1676990100000,28.6403,28.8576,28.71,28.9483,28.31,25361
02/17/2023,1676644500000,25.1544,25.16,25.155,25.195,25.11,1733
02/16/2023,1676558100000,25.8962,25.95,25.811,25.95,25.811,1399
02/15/2023,1676471700000,26.5493,26.53,26.535,26.56,26.53,553
02/14/2023,1676385300000,26.1295,26.185,26.135,26.2,26.08,1726
02/13/2023,1676298900000,25.3709,25.35,25.46,25.46,25.31,3534
02/10/2023,1676039700000,26.1186,25.985,26.17,26.17,25.985,1559
02/09/2023,no data
02/08/2023,1675866900000,28.8492,28.78,28.78,28.946,28.77,2090
02/07/2023,1675780500000,29.3553,29.365,29.365,29.365,29.365,154
02/06/2023,1675694100000,29.8071,29.81,29.81,29.81,29.81,603
02/03/2023,1675434900000,29.7335,29.7101,29.77,29.77,29.7101,1580
02/02/2023,1675348500000,29.3779,29.34,29.32,29.52,29.32,4563
02/01/2023,1675262100000,29.1911,29.225,29.175,29.225,29.175,408
01/31/2023,1675175700000,29.0868,29.08,29.09,29.09,29.08,407
01/30/2023,1675089300000,30.0611,30.23,29.82,30.2333,29.82,6459
01/27/2023,1674830100000,31.0175,30.9999,31.07,31.09,30.97,4235
01/26/2023,1674743700000,31.0682,31.09,31.07,31.1507,31.015,920
01/25/2023,1674657300000,29.3366,29.3,29.25,29.42,29.245,4848
01/24/2023,1674570900000,29.7878,29.8,29.68,29.8439,29.68,5437
01/23/2023,1674484500000,27.7093,27.72,27.72,27.72,27.72,419
01/20/2023,1674225300000,26.921,26.92,26.95,26.95,26.89,1996
01/19/2023,no data
01/18/2023,1674052500000,26.5272,26.55,26.43,26.56,26.43,839
01/17/2023,1673966100000,26.1959,26.05,26.28,26.28,26.05,3818
01/13/2023,no data
01/12/2023,1673534100000,25.5627,25.56,25.56,25.56,25.56,555
01/11/2023,1673447700000,26.2053,26.235,26.12,26.235,26.12,1323
01/10/2023,1673361300000,26.5509,26.4232,26.52,26.6399,26.4232,1089
01/09/2023,1673274900000,25.8071,25.78,25.78,25.78,25.78,613
01/06/2023,1673015700000,25.4291,25.41,25.46,25.46,25.41,282
01/05/2023,1672929300000,24.9611,25.01,24.94,25.01,24.94,468
01/04/2023,1672842900000,25.1622,25.095,25.2,25.21,25.095,700
01/03/2023,1672756500000,25.7067,25.66,25.77,25.77,25.66,565
