01/17/2024,0.5901228685621325,11.71,12.89,10.529
01/16/2024,0.6147316487704207,11.62,12.849,10.39
01/12/2024,0.613758910322286,11.54,12.767,10.312
01/11/2024,0.7232254143764584,11.4,12.846,9.953
01/10/2024,0.8289813025635739,11.25,12.907,9.592
01/09/2024,0.9190892230899022,11.1,12.938,9.261
01/08/2024,0.9518271901978846,10.93,12.833,9.026
01/05/2024,0.9310021482252336,10.78,12.642,8.917
01/04/2024,0.9061429247089005,10.65,12.462,8.837
01/03/2024,0.8833515721387495,10.51,12.276,8.743
01/02/2024,0.866865041399179,10.4,12.133,8.666
