03/20/2024,0.07855289619103806,0.54,0.697,0.382
03/19/2024,0.08327999459654162,0.54,0.706,0.373
03/18/2024,0.08519210644185295,0.56,0.73,0.389
03/15/2024,0.08270607595576035,0.57,0.735,0.404
03/14/2024,0.06934865175329655,0.58,0.718,0.441
03/13/2024,0.05086782381820555,0.59,0.691,0.488
03/12/2024,0.04496095528344565,0.59,0.679,0.5
03/11/2024,0.0429020687146902,0.6,0.685,0.514
03/08/2024,0.04000734307599044,0.6,0.68,0.519
03/07/2024,0.037997203844493614,0.6,0.675,0.524
03/06/2024,0.036852238737965434,0.61,0.683,0.536
03/05/2024,0.03663195326487519,0.61,0.683,0.536
03/04/2024,0.03708352734031648,0.61,0.684,0.535
03/01/2024,0.035652068663683464,0.61,0.681,0.538
02/29/2024,0.03392742253693906,0.61,0.677,0.542
02/28/2024,0.03409835773171489,0.61,0.678,0.541
02/27/2024,0.034027900317239686,0.61,0.678,0.541
02/26/2024,0.03379364585243801,0.61,0.677,0.542
02/23/2024,0.0338527768432665,0.61,0.677,0.542
02/22/2024,0.03295467341667947,0.61,0.675,0.544
02/21/2024,0.03151504402662323,0.61,0.673,0.546
02/20/2024,0.028826350792287268,0.6,0.657,0.542
02/16/2024,0.022455745367277395,0.6,0.644,0.555
02/15/2024,0.020597584809875166,0.6,0.641,0.558
02/14/2024,0.02074748177490464,0.6,0.641,0.558
02/13/2024,0.021214617602021493,0.6,0.642,0.557
02/12/2024,0.021097879040320622,0.6,0.642,0.557
02/09/2024,0.019680459852351014,0.6,0.639,0.56
02/08/2024,0.01959747432706572,0.6,0.639,0.56
02/07/2024,0.019597793243117962,0.6,0.639,0.56
02/06/2024,0.019788573825569138,0.6,0.639,0.56
02/05/2024,0.018946256993137185,0.61,0.647,0.572
02/02/2024,0.01584713646372744,0.61,0.641,0.578
02/01/2024,0.01406085822771854,0.61,0.638,0.581
01/31/2024,0.014517497515067816,0.61,0.639,0.58
01/30/2024,0.012427297940421324,0.62,0.644,0.595
01/29/2024,0.011616786737303911,0.62,0.643,0.596
01/26/2024,0.012334392327958445,0.62,0.644,0.595
01/25/2024,0.012326789285941418,0.62,0.644,0.595
01/24/2024,0.012122303168127752,0.62,0.644,0.595
01/23/2024,0.011916825672132664,0.62,0.643,0.596
01/22/2024,0.015205878274535808,0.61,0.64,0.579
01/19/2024,0.015168016814995956,0.61,0.64,0.579
01/18/2024,0.015168016814995956,0.61,0.64,0.579
01/17/2024,0.016593092963640012,0.62,0.653,0.586
01/16/2024,0.016594539285560168,0.62,0.653,0.586
01/12/2024,0.024031609061816884,0.62,0.668,0.571
01/11/2024,0.037971176359180646,0.63,0.705,0.554
01/10/2024,0.03802360101437,0.63,0.706,0.553
01/09/2024,0.04620523492094807,0.64,0.732,0.547
01/08/2024,0.0698795147382264,0.65,0.789,0.51
01/05/2024,0.11655944440520469,0.67,0.903,0.436
01/04/2024,0.14960795099191754,0.7,0.999,0.4
01/03/2024,0.1651797853855005,0.72,1.05,0.389
01/02/2024,0.1739871015334183,0.74,1.087,0.392
