02/06/2024,0.01903907823399031,10.43,10.468,10.391
02/05/2024,0.019684676781700088,10.43,10.469,10.39
02/01/2024,0.02669056949561025,10.42,10.473,10.366
01/31/2024,0.032208484906930894,10.42,10.484,10.355
01/30/2024,0.03668062840246869,10.41,10.483,10.336
01/26/2024,0.03886474623614566,10.41,10.487,10.332
01/25/2024,0.03962030413815621,10.4,10.479,10.32
01/24/2024,0.04018418221141255,10.4,10.48,10.319
01/22/2024,0.04007089342652593,10.39,10.47,10.309
01/19/2024,0.04207940707757186,10.39,10.474,10.305
01/17/2024,0.04248030720227901,10.38,10.464,10.295
01/16/2024,0.04122592024442882,10.38,10.462,10.297
01/12/2024,0.041695041671642584,10.37,10.453,10.286
01/11/2024,0.040969214051529076,10.37,10.451,10.288
01/10/2024,0.04022074713378656,10.37,10.45,10.289
01/05/2024,0.040831464583088464,10.36,10.441,10.278
01/04/2024,0.03777841314825181,10.36,10.435,10.284
01/03/2024,0.03648230392943962,10.36,10.432,10.287
01/02/2024,0.03471971342047643,10.35,10.419,10.28
