03/20/2024,0.415445543964549,5.95,6.78,5.119
03/19/2024,0.4545822257853908,5.88,6.789,4.97
03/18/2024,0.514499757045618,5.79,6.818,4.761
03/15/2024,0.5284600268705288,5.69,6.746,4.633
03/14/2024,0.4961098668641856,5.58,6.572,4.587
03/13/2024,0.5126792369503568,5.5,6.525,4.474
03/12/2024,0.5672257046361704,5.41,6.544,4.275
03/11/2024,0.588302643203309,5.38,6.556,4.203
03/08/2024,0.6611618561290419,5.31,6.632,3.987
03/07/2024,0.7168751634699028,5.22,6.653,3.786
03/06/2024,0.740327630174641,5.12,6.6,3.639
03/05/2024,0.7614230098966014,5.04,6.562,3.517
03/04/2024,0.7748257868708294,4.95,6.499,3.4
03/01/2024,0.7938639681960631,4.88,6.467,3.292
02/29/2024,0.7833645383855463,4.78,6.346,3.213
02/28/2024,0.7638193503702299,4.68,6.207,3.152
02/27/2024,0.7261508107824435,4.58,6.032,3.127
02/26/2024,0.6258514200670955,4.47,5.721,3.218
02/23/2024,0.5771091751133403,4.39,5.544,3.235
02/22/2024,0.44288260295477855,4.28,5.165,3.394
02/21/2024,0.35414686219137964,4.2,4.908,3.491
02/20/2024,0.3176869528325015,4.14,4.775,3.504
02/16/2024,0.3049508157064021,4.09,4.699,3.48
02/15/2024,0.27529983654190576,4.06,4.61,3.509
02/14/2024,0.2380966190436144,4.02,4.496,3.543
02/13/2024,0.23412603443444732,4.02,4.488,3.551
02/12/2024,0.26472627372438884,4.04,4.569,3.51
02/09/2024,0.2469007897921755,4.04,4.533,3.546
02/08/2024,0.26728262195660984,4.06,4.594,3.525
02/07/2024,0.29536418198556175,4.1,4.69,3.509
02/06/2024,0.3226995506659407,4.13,4.775,3.484
02/05/2024,0.36168356335338214,4.17,4.893,3.446
02/02/2024,0.3730951621235526,4.2,4.946,3.453
02/01/2024,0.373389876670485,4.23,4.976,3.483
01/31/2024,0.3801907416021595,4.26,5.02,3.499
01/30/2024,0.37695490446471186,4.31,5.063,3.556
01/29/2024,0.3906980931614589,4.36,5.141,3.578
01/26/2024,0.40668784097880284,4.41,5.223,3.596
01/25/2024,0.41654531566205377,4.46,5.293,3.626
01/24/2024,0.4140350226732033,4.52,5.348,3.691
01/23/2024,0.3973977856002723,4.58,5.374,3.785
01/22/2024,0.3653696758079411,4.65,5.38,3.919
01/19/2024,0.3179543992461812,4.71,5.345,4.074
01/18/2024,0.27008332047721867,4.76,5.3,4.219
01/17/2024,0.21897488440458185,4.82,5.257,4.382
01/16/2024,0.2224522420655723,4.84,5.284,4.395
01/12/2024,0.22170926908904817,4.87,5.313,4.426
01/11/2024,0.22231734075415704,4.9,5.344,4.455
01/10/2024,0.2142895237756619,4.94,5.368,4.511
01/09/2024,0.22929238975596203,4.98,5.438,4.521
01/08/2024,0.24291973983190412,5.02,5.505,4.534
01/05/2024,0.26244046944021415,5.05,5.574,4.525
01/04/2024,0.2530810146968752,5.09,5.596,4.583
01/03/2024,0.22836374493338468,5.14,5.596,4.683
01/02/2024,0.20437710243566914,5.17,5.578,4.761
