03/18/2024,1.0560113635752226,45.62,47.732,43.507
03/15/2024,1.0724248225400235,45.6,47.744,43.455
03/14/2024,1.060471593207475,45.61,47.73,43.489
03/13/2024,1.1116834081697902,45.56,47.783,43.336
03/12/2024,1.1894452488450238,45.41,47.788,43.031
03/11/2024,1.1303384448916174,45.32,47.58,43.059
03/08/2024,1.0806664610322652,45.22,47.381,43.058
03/07/2024,0.969886591308489,45.13,47.069,43.19
03/06/2024,0.8012864656288663,44.96,46.562,43.357
03/05/2024,1.143431239734161,44.66,46.946,42.373
03/04/2024,1.4394790724425277,44.38,47.258,41.501
03/01/2024,1.5712860974373823,44.13,47.272,40.987
02/29/2024,1.7099020439779584,43.87,47.289,40.45
02/28/2024,1.8400896717279835,43.58,47.26,39.899
02/27/2024,1.9062253277091876,43.37,47.182,39.557
02/26/2024,1.9346382090716596,43.18,47.049,39.31
02/23/2024,2.005761700701257,43.02,47.031,39.008
02/22/2024,2.0173844452657006,42.84,46.874,38.805
02/21/2024,2.0616740770548576,42.57,46.693,38.446
02/20/2024,2.1020418644736836,42.32,46.524,38.115
02/16/2024,2.115375853128706,42.11,46.34,37.879
02/15/2024,2.0957075177610074,41.86,46.051,37.668
02/14/2024,2.077043572003246,41.56,45.714,37.405
02/13/2024,2.0906338751680082,41.29,45.471,37.108
02/12/2024,2.119440964028015,41.04,45.278,36.801
02/09/2024,1.9063590952388798,40.74,44.552,36.927
02/08/2024,1.6890026642963,40.47,43.848,37.091
02/07/2024,1.2185503682655061,40.16,42.597,37.722
02/06/2024,0.7963133805230197,39.91,41.502,38.317
02/05/2024,0.7745127500564466,39.87,41.419,38.32
02/02/2024,0.7761894098736465,39.82,41.372,38.267
02/01/2024,0.7534221923994537,39.72,41.226,38.213
01/31/2024,0.7391413937806484,39.65,41.128,38.171
01/30/2024,0.7384138406070132,39.64,41.116,38.163
01/29/2024,0.7332530259057917,39.64,41.106,38.173
01/26/2024,0.7978095010715278,39.67,41.265,38.074
01/25/2024,0.8913052226931016,39.72,41.502,37.937
01/24/2024,0.8859034936154161,39.72,41.491,37.948
01/23/2024,0.9113396732283742,39.77,41.592,37.947
01/22/2024,0.9436604262127344,39.83,41.717,37.942
01/19/2024,0.9488387639636143,39.85,41.747,37.952
01/18/2024,1.0114173223748935,39.94,41.962,37.917
01/17/2024,1.0528508916271095,40.09,42.195,37.984
01/16/2024,1.0615177812924284,40.25,42.373,38.126
01/12/2024,1.0417485301165539,40.43,42.513,38.346
01/11/2024,1.0697289376285943,40.4,42.539,38.26
01/10/2024,1.2960150462089557,40.28,42.872,37.687
01/09/2024,1.4981471890305043,40.15,43.146,37.153
01/08/2024,1.645533348188362,40.03,43.321,36.738
01/05/2024,1.8370955337161978,39.85,43.524,36.175
01/04/2024,2.067979690422515,39.66,43.795,35.524
01/03/2024,2.2643762938169094,39.49,44.018,34.961
01/02/2024,2.4150031055880654,39.31,44.14,34.479
