02/06/2024,2.0265598930206825,51.69,55.743,47.636
02/05/2024,2.0905800630447047,51.31,55.491,47.128
02/02/2024,2.188806752548064,50.9,55.277,46.522
02/01/2024,2.302355315758191,50.44,55.044,45.835
01/31/2024,2.4757594794325235,49.97,54.921,45.018
01/30/2024,2.584796897243572,49.58,54.749,44.41
01/29/2024,2.6500037735822186,49.18,54.48,43.879
01/26/2024,2.657987020284335,48.8,54.115,43.484
01/25/2024,2.761738582849578,48.44,53.963,42.916
01/24/2024,2.8101307798748434,48.06,53.68,42.439
01/23/2024,2.8203182444539827,47.7,53.34,42.059
01/22/2024,2.858011546512714,47.35,53.066,41.633
01/19/2024,2.7690079450951375,46.94,52.478,41.401
01/18/2024,2.5383144013301417,46.5,51.576,41.423
01/17/2024,2.3828890028702547,46.08,50.845,41.314
01/16/2024,2.1964152612837125,45.72,50.112,41.327
01/12/2024,1.9030199683660705,45.42,49.226,41.613
01/11/2024,1.639046979192482,45.15,48.428,41.871
01/10/2024,1.494039825439737,44.91,47.898,41.921
01/09/2024,1.2480264420275717,44.74,47.236,42.243
01/08/2024,1.0163439378478136,44.56,46.592,42.527
01/05/2024,0.8846326921383817,44.5,46.269,42.73
01/04/2024,0.8215047169675903,44.47,46.113,42.826
01/03/2024,0.8330606220437984,44.48,46.146,42.813
01/02/2024,0.9923381480120579,44.6,46.584,42.615
