02/06/2024,0.30469862159189387,15.22,15.829,14.61
02/05/2024,0.2966921805508196,15.25,15.843,14.656
02/02/2024,0.5662684875569186,15.16,16.292,14.027
02/01/2024,0.7888219063895221,15.03,16.607,13.452
01/31/2024,0.9460443964212252,14.9,16.792,13.007
01/30/2024,1.0104578170314684,14.82,16.84,12.799
01/29/2024,1.0438462530468748,14.75,16.837,12.662
01/26/2024,1.0459708408937605,14.67,16.761,12.578
01/25/2024,1.031707322839186,14.62,16.683,12.556
01/24/2024,1.009076310295708,14.57,16.588,12.551
01/23/2024,0.9917333310925877,14.53,16.513,12.546
01/22/2024,0.9584205757390646,14.47,16.386,12.553
01/19/2024,0.9541042919932811,14.36,16.268,12.451
01/18/2024,0.9501789305178262,14.3,16.2,12.399
01/17/2024,0.9574131814425787,14.25,16.164,12.335
01/16/2024,0.9664677956352195,14.18,16.112,12.247
01/12/2024,0.9398297718204079,14.11,15.989,12.23
01/11/2024,0.8939491036966255,14.02,15.807,12.232
01/10/2024,0.829897584042754,13.91,15.569,12.25
01/09/2024,0.7561811952171251,13.83,15.342,12.317
01/08/2024,0.6802426037819155,13.77,15.13,12.409
01/05/2024,0.5784505164661883,13.72,14.876,12.563
01/04/2024,0.5592226747906418,13.77,14.888,12.651
01/03/2024,0.5364606229724601,13.88,14.952,12.807
01/02/2024,0.5383075329214705,14.02,15.096,12.943
