03/20/2024,0.1813043022103999,8.63,8.992,8.267
03/19/2024,0.16120251238736943,8.61,8.932,8.287
03/18/2024,0.1540008116861726,8.59,8.898,8.281
03/15/2024,0.15695938965222814,8.59,8.903,8.276
03/14/2024,0.13808059240892612,8.57,8.846,8.293
03/13/2024,0.13474512978211864,8.56,8.829,8.29
03/12/2024,0.1300624849831802,8.55,8.81,8.289
03/11/2024,0.1414787969979954,8.56,8.842,8.277
03/08/2024,0.1367159463998257,8.56,8.833,8.286
03/07/2024,0.1380805924089262,8.56,8.836,8.283
03/06/2024,0.13851443968048968,8.56,8.837,8.282
03/05/2024,0.138166566143912,8.56,8.836,8.283
03/04/2024,0.135683455144686,8.57,8.841,8.298
03/01/2024,0.13306013678032952,8.58,8.846,8.313
02/29/2024,0.1348517704741024,8.58,8.849,8.31
02/28/2024,0.13421996870808756,8.59,8.858,8.321
02/27/2024,0.13023536386097279,8.62,8.88,8.359
02/26/2024,0.13295205902880936,8.64,8.905,8.374
02/23/2024,0.1318758886225985,8.65,8.913,8.386
02/22/2024,0.12500499990000394,8.66,8.91,8.409
02/21/2024,0.11868550880372881,8.67,8.907,8.432
02/20/2024,0.11807836380980212,8.68,8.916,8.443
02/16/2024,0.10827049459571156,8.69,8.906,8.473
02/15/2024,0.10257923766532878,8.68,8.885,8.474
02/14/2024,0.09766012492312302,8.69,8.885,8.494
02/13/2024,0.08079294523657357,8.7,8.861,8.538
02/12/2024,0.08147085368400152,8.69,8.852,8.527
02/09/2024,0.07438077708655631,8.69,8.838,8.541
02/08/2024,0.07012488859171172,8.68,8.82,8.539
02/07/2024,0.07030291601349108,8.68,8.82,8.539
02/06/2024,0.07441438033068593,8.68,8.828,8.531
02/05/2024,0.07441438033068593,8.68,8.828,8.531
02/02/2024,0.07627253765281441,8.68,8.832,8.527
02/01/2024,0.08113260750154652,8.67,8.832,8.507
01/31/2024,0.08776388778991055,8.67,8.845,8.494
01/30/2024,0.087963060428796,8.66,8.835,8.484
01/29/2024,0.10469598846183194,8.67,8.879,8.46
01/26/2024,0.13253773047702325,8.68,8.945,8.414
01/25/2024,0.1712636855845396,8.7,9.042,8.357
01/24/2024,0.18709957242067674,8.72,9.094,8.345
01/23/2024,0.19242531018553685,8.73,9.114,8.345
01/22/2024,0.1953618437668934,8.74,9.13,8.349
01/19/2024,0.19529784945052533,8.74,9.13,8.349
01/18/2024,0.1973733771307571,8.75,9.144,8.355
01/17/2024,0.19896293624693034,8.76,9.157,8.362
01/16/2024,0.1989378043510083,8.78,9.177,8.382
01/12/2024,0.19794254216817586,8.79,9.185,8.394
01/11/2024,0.19895037069580965,8.8,9.197,8.402
01/10/2024,0.19895037069580965,8.8,9.197,8.402
01/09/2024,0.1979299118374989,8.8,9.195,8.404
01/08/2024,0.19292809541380979,8.81,9.195,8.424
01/05/2024,0.1935620055692751,8.81,9.197,8.422
01/04/2024,0.19285033056751574,8.81,9.195,8.424
01/03/2024,0.19844709622466145,8.8,9.196,8.403
01/02/2024,0.21350936747599636,8.8,9.227,8.372
