01/17/2024,0.4897193073588175,9.48,10.459,8.5
01/16/2024,0.46735425535668335,9.51,10.444,8.575
01/12/2024,0.4567712775558463,9.53,10.443,8.616
01/11/2024,0.44160502714529865,9.55,10.433,8.666
01/10/2024,0.4769538761767221,9.52,10.473,8.566
01/09/2024,0.48123279190013635,9.52,10.482,8.557
01/08/2024,0.47977598939505084,9.52,10.479,8.56
01/05/2024,0.47792258787381037,9.52,10.475,8.564
01/04/2024,0.4556259430717264,9.54,10.451,8.628
01/03/2024,0.4422951503238534,9.55,10.434,8.665
01/02/2024,0.44333395989930663,9.55,10.436,8.663
