02/26/2024,7.100252460300269,142.25,156.45,128.049
02/23/2024,6.877230910766339,141.07,154.824,127.315
02/22/2024,6.6793334248261615,139.9,153.258,126.541
02/21/2024,6.439880821878616,138.81,151.689,125.93
02/20/2024,6.262796100784379,137.86,150.385,125.334
02/16/2024,5.904889499389469,136.99,148.799,125.18
02/15/2024,5.394078697979853,136.02,146.808,125.231
02/14/2024,4.824412399453431,135.03,144.678,125.381
02/13/2024,4.364719349511491,134.05,142.779,125.32
02/12/2024,4.175912475136423,133.36,141.711,125.008
02/09/2024,3.9349313844081215,132.84,140.709,124.97
02/08/2024,3.692886404968343,132.37,139.755,124.984
02/07/2024,3.396981748552678,131.9,138.693,125.106
02/06/2024,3.0999314508550033,131.41,137.609,125.21
02/05/2024,2.8250938037523636,130.95,136.6,125.299
02/02/2024,2.5400836600395644,130.38,135.46,125.299
02/01/2024,2.4150496889298148,129.78,134.61,124.949
01/31/2024,2.3586436780488897,129.21,133.927,124.492
01/30/2024,2.340362151462888,128.89,133.57,124.209
01/29/2024,2.046388281827277,128.58,132.672,124.487
01/26/2024,1.9629021880878312,128.44,132.365,124.514
01/25/2024,1.8585854836407165,128.29,132.007,124.572
01/24/2024,1.8269154331823887,128.16,131.813,124.506
01/23/2024,1.8066709717045861,128.0,131.613,124.386
01/22/2024,1.7622088411990209,127.85,131.374,124.325
01/19/2024,1.839994565209364,127.46,131.139,123.78
01/18/2024,1.7853697096119885,127.27,130.84,123.699
01/17/2024,1.924180344978088,127.02,130.868,123.171
01/16/2024,2.0944581638218494,126.84,131.028,122.651
01/12/2024,2.391519391516614,126.51,131.293,121.726
01/11/2024,2.5326685531273125,126.08,131.145,121.014
01/10/2024,2.5049760477896768,125.7,130.709,120.69
01/09/2024,2.5929317383996042,125.23,130.415,120.044
01/08/2024,2.6461991610610096,124.82,130.112,119.527
01/05/2024,2.763485118469066,124.38,129.906,118.853
01/04/2024,2.8973039191634666,124.06,129.854,118.265
01/03/2024,3.0098895328566435,123.84,129.859,117.82
01/02/2024,3.05068189098765,123.71,129.811,117.608
