02/06/2024,1.0598797101558266,45.88,47.999,43.76
02/05/2024,1.2440639051109867,46.03,48.518,43.541
02/02/2024,1.26411233678024,46.22,48.748,43.691
02/01/2024,1.3855035185808797,46.43,49.201,43.658
01/31/2024,1.5343989051090978,46.63,49.698,43.561
01/30/2024,1.6939893742287753,46.89,50.277,43.502
01/29/2024,1.886276755940124,47.14,50.912,43.367
01/26/2024,2.0713437667369456,47.41,51.552,43.267
01/25/2024,2.2263029892626918,47.77,52.222,43.317
01/24/2024,2.314979481550538,48.12,52.749,43.49
01/23/2024,2.2687463498593217,48.44,52.977,43.902
01/22/2024,2.2177725311672516,48.73,53.165,44.294
01/19/2024,2.1406844699768337,48.94,53.221,44.658
01/18/2024,1.9890713913783984,49.18,53.158,45.201
01/17/2024,1.806039866669614,49.37,52.982,45.757
01/16/2024,1.5977859681446696,49.56,52.755,46.364
01/12/2024,1.4157948297687764,49.74,52.571,46.908
01/11/2024,1.286207603771646,49.84,52.412,47.267
01/10/2024,1.254123199689727,49.85,52.358,47.341
01/09/2024,1.2441523218641675,49.86,52.348,47.371
01/08/2024,1.2447529875441146,49.86,52.349,47.37
01/05/2024,1.2901104603870162,49.82,52.4,47.239
01/04/2024,1.3264049155518083,49.79,52.442,47.137
01/03/2024,1.451630118177492,49.69,52.593,46.786
01/02/2024,1.5322499796051554,49.58,52.644,46.515
