02/26/2024,0.39295037854670667,14.44,15.225,13.654
02/23/2024,0.39295037854670667,14.44,15.225,13.654
02/22/2024,0.39209055076601884,14.44,15.224,13.655
02/21/2024,0.3601527453734041,14.47,15.19,13.749
02/20/2024,0.3311872582090078,14.5,15.162,13.837
02/16/2024,0.3234810659064916,14.51,15.156,13.863
02/15/2024,0.3218773058169836,14.51,15.153,13.866
02/14/2024,0.3229318813619987,14.51,15.155,13.864
02/13/2024,0.31648064711763974,14.51,15.142,13.877
02/12/2024,0.3084071983595713,14.53,15.146,13.913
02/09/2024,0.2971868099361073,14.51,15.104,13.915
02/08/2024,0.32735302045345477,14.47,15.124,13.815
02/07/2024,0.3490558694535875,14.43,15.128,13.731
02/06/2024,0.3396468754456605,14.37,15.049,13.69
02/05/2024,0.3370163200796068,14.3,14.974,13.625
02/02/2024,0.3567632268045574,14.25,14.963,13.536
02/01/2024,0.3356784175367849,14.21,14.881,13.538
01/31/2024,0.29581244057679534,14.14,14.731,13.548
01/30/2024,0.2800089284290772,14.12,14.68,13.559
01/29/2024,0.2716523513610733,14.11,14.653,13.566
01/26/2024,0.2712194683277733,14.11,14.652,13.567
01/25/2024,0.30754674441456864,14.15,14.765,13.534
01/24/2024,0.33437254671997224,14.17,14.838,13.501
01/23/2024,0.3514541221838207,14.19,14.892,13.487
01/22/2024,0.3609709129556009,14.2,14.921,13.478
01/19/2024,0.3641428291206625,14.21,14.938,13.481
01/18/2024,0.39079406341447914,14.24,15.021,13.458
01/17/2024,0.39291856662672475,14.26,15.045,13.474
01/16/2024,0.3930139946617677,14.26,15.046,13.473
01/12/2024,0.38830400461494075,14.26,15.036,13.483
01/11/2024,0.3913821661752103,14.23,15.012,13.447
01/10/2024,0.43313392847940213,14.2,15.066,13.333
01/09/2024,0.44313654780439843,14.19,15.076,13.303
01/08/2024,0.4475768090506923,14.18,15.075,13.284
01/05/2024,0.4411745686233511,14.19,15.072,13.307
01/04/2024,0.42249260348555207,14.21,15.054,13.365
01/03/2024,0.4203094098399415,14.22,15.06,13.379
01/02/2024,0.4065402809070706,14.24,15.053,13.426
