02/26/2024,0.5062904304843219,7.0,8.012,5.987
02/23/2024,0.47928071106607245,7.03,7.988,6.071
02/22/2024,0.43270659805461714,7.06,7.925,6.194
02/21/2024,0.39896741721599266,7.08,7.877,6.282
02/20/2024,0.37243120170039457,7.11,7.854,6.365
02/16/2024,0.3512975946402138,7.13,7.832,6.427
02/15/2024,0.37249832214387224,7.1,7.844,6.355
02/14/2024,0.3864970892516527,7.07,7.842,6.297
02/13/2024,0.37148351242013417,7.02,7.762,6.277
02/12/2024,0.35643372455479005,7.0,7.712,6.287
02/09/2024,0.3072295558698739,6.97,7.584,6.355
02/08/2024,0.37633097135367416,7.0,7.752,6.247
02/07/2024,0.46041828808160956,7.04,7.96,6.119
02/06/2024,0.562107640937214,7.1,8.224,5.975
02/05/2024,0.6751851597895202,7.17,8.52,5.819
02/02/2024,0.7444561773536438,7.27,8.758,5.781
02/01/2024,0.8605434329538515,7.39,9.111,5.668
01/31/2024,0.8779293821259202,7.37,9.125,5.614
01/30/2024,0.881722745538528,7.36,9.123,5.596
01/29/2024,0.8835836123423747,7.36,9.127,5.592
01/26/2024,0.8835836123423747,7.36,9.127,5.592
01/25/2024,0.8681589716175258,7.39,9.126,5.653
01/24/2024,0.8516190462877166,7.42,9.123,5.716
01/23/2024,0.837132008705915,7.45,9.124,5.775
01/22/2024,0.8321448191270555,7.46,9.124,5.795
01/19/2024,0.828658554532565,7.47,9.127,5.812
01/18/2024,0.8016607761391348,7.52,9.123,5.916
01/17/2024,0.7742577090349182,7.56,9.108,6.011
01/16/2024,0.745446175119304,7.61,9.1,6.119
01/12/2024,0.7308967095287816,7.64,9.101,6.178
01/11/2024,0.7434312342106699,7.62,9.106,6.133
01/10/2024,0.7686123860568472,7.55,9.087,6.012
01/09/2024,0.7585907987841666,7.48,8.997,5.962
01/08/2024,0.725906330045413,7.4,8.851,5.948
01/05/2024,0.6529663084723437,7.31,8.615,6.004
01/04/2024,0.5730095985234455,7.22,8.366,6.073
01/03/2024,0.3232027227608084,7.09,7.736,6.443
01/02/2024,0.2966142275751451,7.11,7.703,6.516
