03/20/2024,0.1376814929465831,4.1,4.375,3.824
03/19/2024,0.1456989293028607,4.11,4.401,3.818
03/18/2024,0.16052173684582413,4.13,4.451,3.808
03/15/2024,0.1623577161701901,4.15,4.474,3.825
03/14/2024,0.18060406418461353,4.17,4.531,3.808
03/13/2024,0.17809892756555273,4.18,4.536,3.823
03/12/2024,0.17747402063400716,4.2,4.554,3.845
03/11/2024,0.2036728455145654,4.24,4.647,3.832
03/08/2024,0.20260905211761893,4.26,4.665,3.854
03/07/2024,0.2115141319155768,4.28,4.703,3.856
03/06/2024,0.2028694851376126,4.3,4.705,3.894
03/05/2024,0.2149242378141656,4.31,4.739,3.88
03/04/2024,0.20471645756997653,4.32,4.729,3.91
03/01/2024,0.21705671033165508,4.34,4.774,3.905
02/29/2024,0.20915141763803569,4.37,4.788,3.951
02/28/2024,0.21618227725694822,4.37,4.802,3.937
02/27/2024,0.21036391682035213,4.37,4.79,3.949
02/26/2024,0.2043721544144408,4.37,4.778,3.961
02/23/2024,0.20974016544286414,4.37,4.789,3.95
02/21/2024,0.2176394656306618,4.36,4.795,3.924
02/20/2024,0.22597331037093746,4.34,4.791,3.888
02/16/2024,0.2284284406548362,4.34,4.796,3.883
02/15/2024,0.22868690933238833,4.32,4.777,3.862
02/14/2024,0.23335038568641794,4.31,4.776,3.843
02/13/2024,0.23123970787907516,4.29,4.752,3.827
02/12/2024,0.23339195037532898,4.29,4.756,3.823
02/09/2024,0.23548254075408656,4.28,4.75,3.809
02/08/2024,0.2119410932311146,4.25,4.673,3.826
02/06/2024,0.2086936199312284,4.24,4.657,3.822
02/05/2024,0.1899303543407425,4.22,4.599,3.84
02/02/2024,0.19032351273555248,4.21,4.59,3.829
01/31/2024,0.15930617533542132,4.19,4.508,3.871
01/30/2024,0.15796663413518694,4.19,4.505,3.874
01/29/2024,0.1100511585581905,4.17,4.39,3.949
01/26/2024,0.07255382484748818,4.15,4.295,4.004
01/25/2024,0.07261787314428862,4.16,4.305,4.014
01/24/2024,0.06773518288157195,4.17,4.305,4.034
01/23/2024,0.07158110784278206,4.18,4.323,4.036
01/22/2024,0.09244163023227145,4.2,4.384,4.015
01/19/2024,0.10063326984650751,4.22,4.421,4.018
01/17/2024,0.1008397491071849,4.24,4.441,4.038
01/12/2024,0.12169923993189107,4.25,4.493,4.006
01/11/2024,0.1445271773750529,4.28,4.569,3.99
01/10/2024,0.1471553770679142,4.3,4.594,4.005
01/09/2024,0.17279208604562885,4.33,4.675,3.984
01/08/2024,0.1872664011508738,4.35,4.724,3.975
01/04/2024,0.1957640940009173,4.38,4.771,3.988
01/03/2024,0.199822122148675,4.41,4.809,4.01
01/02/2024,0.19525388728524717,4.43,4.82,4.039
