02/06/2024,7.572020205995221,548.15,563.294,533.005
02/05/2024,7.167795337479996,547.21,561.545,532.874
02/02/2024,7.881835128953152,546.19,561.953,530.426
02/01/2024,7.9942276049659675,545.46,561.448,529.471
01/31/2024,8.607920190150455,544.29,561.505,527.074
01/30/2024,8.521713736097913,544.55,561.593,527.506
01/29/2024,7.30194494638243,542.73,557.333,528.126
01/26/2024,6.728233423418059,541.49,554.946,528.033
01/25/2024,6.913348320459479,540.71,554.536,526.883
01/24/2024,7.30483196247524,540.28,554.889,525.67
01/23/2024,7.704939324874656,539.74,555.149,524.33
01/22/2024,7.780125320327428,538.53,554.09,522.969
01/19/2024,8.052109661448984,536.83,552.934,520.725
01/18/2024,7.489059687303879,535.65,550.628,520.671
01/17/2024,8.066811327903988,534.36,550.493,518.226
01/16/2024,8.72252171106499,533.3,550.745,515.854
01/12/2024,8.84209336073761,532.27,549.954,514.585
01/11/2024,8.871056588704645,530.98,548.722,513.237
01/10/2024,10.863098545074516,528.55,550.276,506.823
01/09/2024,12.510805329793925,526.11,551.131,501.088
01/08/2024,14.260469487362611,523.5,552.02,494.979
01/05/2024,15.000507658076108,521.14,551.141,491.138
01/04/2024,15.929945072096135,519.27,551.129,487.41
01/03/2024,16.44486272365932,516.98,549.869,484.09
01/02/2024,16.853281876240004,515.31,549.016,481.603
