03/18/2024,1.0314577063554269,54.39,56.452,52.327
03/15/2024,0.9885595581450809,54.24,56.217,52.262
03/14/2024,0.9496788931001877,54.06,55.959,52.16
03/13/2024,0.93744599844471,53.86,55.734,51.985
03/12/2024,0.9397153824430032,53.64,55.519,51.76
03/11/2024,0.8775904511786806,53.5,55.255,51.744
03/08/2024,0.7345202515928345,53.34,54.809,51.87
03/07/2024,0.7278186587330672,53.34,54.795,51.884
03/06/2024,0.7363185451963035,53.35,54.822,51.877
03/05/2024,0.8603022724600935,53.45,55.17,51.729
03/04/2024,1.2332700434211483,53.64,56.106,51.173
03/01/2024,1.3658129447329164,53.79,56.521,51.058
02/29/2024,1.4907783202072673,53.96,56.941,50.978
02/28/2024,1.4999466657184855,53.99,56.989,50.99
02/27/2024,1.517773039686765,54.04,57.075,51.004
02/26/2024,1.5236436591276852,54.07,57.117,51.022
02/23/2024,1.5367904866962192,54.11,57.183,51.036
02/22/2024,1.5353273266636018,54.13,57.2,51.059
02/21/2024,1.532408235425535,54.13,57.194,51.065
02/20/2024,1.538551266614149,54.12,57.197,51.042
02/16/2024,1.5759885786388184,54.04,57.191,50.888
02/15/2024,1.5765785740013094,54.04,57.193,50.886
02/14/2024,1.5447329866355552,54.09,57.179,51.0
02/13/2024,1.4672065294293106,54.21,57.144,51.275
02/12/2024,1.34241014596881,54.36,57.044,51.675
02/09/2024,1.2800839816199567,54.47,57.03,51.909
02/08/2024,1.2058876398736331,54.56,56.971,52.148
02/07/2024,1.1984907175276749,54.58,56.976,52.183
02/06/2024,1.1994311151541803,54.65,57.048,52.251
02/05/2024,1.1890920906304947,54.63,57.008,52.251
02/02/2024,0.9946858800646567,54.5,56.489,52.51
02/01/2024,0.9000555538409842,54.39,56.19,52.589
01/31/2024,0.7425900618780191,54.29,55.775,52.804
01/30/2024,0.78477703840008,54.33,55.899,52.76
01/29/2024,0.7755191809362295,54.26,55.811,52.708
01/26/2024,0.7801185807298787,54.21,55.77,52.649
01/25/2024,0.8145857843100383,54.1,55.729,52.47
01/24/2024,0.8927345630141135,54.02,55.805,52.234
01/23/2024,0.9872157818835762,53.96,55.934,51.985
01/22/2024,1.101877942423752,53.88,56.083,51.676
01/19/2024,1.220774344422425,53.81,56.251,51.368
01/18/2024,1.291640429841061,53.74,56.323,51.156
01/17/2024,1.3654248423109934,53.65,56.38,50.919
01/16/2024,1.4126694588614848,53.52,56.345,50.694
01/12/2024,1.4114478382143636,53.41,56.232,50.587
01/11/2024,1.3896168536686653,53.28,56.059,50.5
01/10/2024,1.523745385554949,53.07,56.117,50.022
01/09/2024,1.5366847432053197,52.91,55.983,49.836
01/08/2024,1.4651365124110447,52.71,55.64,49.779
01/05/2024,1.395670089956792,52.54,55.331,49.748
01/04/2024,1.3736739059907923,52.31,55.057,49.562
01/03/2024,1.3969037189441516,52.1,54.893,49.306
01/02/2024,1.3555275725709164,51.86,54.571,49.148
