03/20/2024,0.9002694041230106,36.66,38.46,34.859
03/19/2024,0.8986016915185506,36.62,38.417,34.822
03/18/2024,0.9156964562561116,36.58,38.411,34.748
03/15/2024,0.9201277085274634,36.54,38.38,34.699
03/14/2024,0.9140541559448219,36.48,38.308,34.651
03/13/2024,0.9775709692907215,36.39,38.345,34.434
03/12/2024,1.0211096904838388,36.25,38.292,34.207
03/11/2024,1.01299555773952,36.18,38.205,34.154
03/08/2024,0.9515539921622947,36.05,37.953,34.146
03/07/2024,0.8337565591945888,35.92,37.587,34.252
03/06/2024,0.7371668739166187,35.81,37.284,34.335
03/05/2024,0.6594998104624442,35.72,37.038,34.401
03/04/2024,0.5728656037850414,35.63,36.775,34.484
03/01/2024,0.46178999556075273,35.59,36.513,34.666
02/29/2024,0.4988637088424051,35.61,36.607,34.612
02/28/2024,0.5057024817024335,35.64,36.651,34.628
02/27/2024,0.5342939265984593,35.69,36.758,34.621
02/26/2024,0.5607405817309818,35.78,36.901,34.658
02/23/2024,0.5661051139143685,35.86,36.992,34.727
02/22/2024,0.5845895996337945,35.89,37.059,34.72
02/21/2024,0.6090443333617023,35.92,37.138,34.701
02/20/2024,0.6950683419635805,35.98,37.37,34.589
02/16/2024,0.8022967032214462,36.08,37.684,34.475
02/15/2024,0.8684727975014539,36.16,37.896,34.423
02/14/2024,0.8974101626346792,36.22,38.014,34.425
02/13/2024,0.8820969334489271,36.35,38.114,34.585
02/12/2024,0.8899803368614394,36.54,38.319,34.76
02/09/2024,0.9662789452326909,36.69,38.622,34.757
02/08/2024,0.9934686708698975,36.84,38.826,34.853
02/07/2024,0.9857053312222679,36.98,38.951,35.008
02/06/2024,0.9382750129892625,37.12,38.996,35.243
02/05/2024,0.9185722617192408,37.27,39.107,35.432
02/02/2024,0.8215716645551994,37.39,39.033,35.746
02/01/2024,0.7883812529480906,37.47,39.046,35.893
01/31/2024,0.7577268637180556,37.53,39.045,36.014
01/30/2024,0.7110766484704734,37.66,39.082,36.237
01/29/2024,0.6694811423781857,37.75,39.088,36.411
01/26/2024,0.6628876224519514,37.85,39.175,36.524
01/25/2024,0.6140846847137619,37.93,39.158,36.701
01/24/2024,0.5233163479196885,38.0,39.046,36.953
01/23/2024,0.4407720499305741,38.05,38.931,37.168
01/22/2024,0.45621814957320644,38.04,38.952,37.127
01/19/2024,0.5044749746023094,38.0,39.008,36.991
01/18/2024,0.5040932453425664,38.0,39.008,36.991
01/17/2024,0.4730856159301409,38.03,38.976,37.083
01/16/2024,0.465601761165055,38.04,38.971,37.108
01/12/2024,0.4659291791678225,38.04,38.971,37.108
01/11/2024,0.48847210769909977,37.96,38.936,36.983
01/10/2024,0.7191175147359437,37.81,39.248,36.371
01/09/2024,0.9399840424177429,37.65,39.529,35.77
01/08/2024,1.0549549753425507,37.51,39.619,35.4
01/05/2024,1.1567692077506218,37.33,39.643,35.016
01/04/2024,1.2868138948581496,37.18,39.753,34.606
01/03/2024,1.3971435144608448,37.01,39.804,34.215
01/02/2024,1.4816662917134886,36.86,39.823,33.896
