03/18/2024,0.6074907406701767,5.3,6.514,4.085
03/15/2024,0.8310024067353836,5.46,7.122,3.797
03/14/2024,0.9916299713098631,5.62,7.603,3.636
03/13/2024,1.0633367293571685,5.75,7.876,3.623
03/12/2024,1.0815197640357757,5.85,8.013,3.686
03/11/2024,1.1032270845116159,5.96,8.166,3.753
03/08/2024,1.1141409246589948,6.05,8.278,3.821
03/07/2024,1.1173607295766215,6.13,8.364,3.895
03/06/2024,1.1055993849491776,6.2,8.411,3.988
03/05/2024,1.0836719983463632,6.27,8.437,4.102
03/04/2024,1.0533992595402752,6.34,8.446,4.233
03/01/2024,1.0274993917273139,6.41,8.464,4.355
02/29/2024,0.985,6.5,8.47,4.53
02/28/2024,0.9384774904066693,6.58,8.456,4.703
02/27/2024,0.8961584681293817,6.67,8.462,4.877
02/26/2024,0.8762191506695115,6.76,8.512,5.007
02/23/2024,0.8352634314993085,6.85,8.52,5.179
02/22/2024,0.7591673069883872,6.96,8.478,5.441
02/21/2024,0.616757650945653,7.08,8.313,5.846
02/20/2024,0.43926074261194803,7.2,8.078,6.321
02/16/2024,0.41948778289719,7.18,8.018,6.341
02/15/2024,0.38883158307935856,7.11,7.887,6.332
02/14/2024,0.3528384899638927,7.03,7.735,6.324
02/13/2024,0.3662239751845857,6.96,7.692,6.227
02/12/2024,0.3912543929465841,6.93,7.712,6.147
02/09/2024,0.4032802995436301,6.89,7.696,6.083
02/08/2024,0.4270245894559235,6.85,7.704,5.995
02/07/2024,0.44673258220102996,6.82,7.713,5.926
02/06/2024,0.46145964070544676,6.8,7.722,5.877
02/05/2024,0.4643866923157898,6.79,7.718,5.861
02/02/2024,0.4608361964950236,6.8,7.721,5.878
02/01/2024,0.5066902406796484,6.76,7.773,5.746
01/31/2024,0.554152506084742,6.69,7.798,5.581
01/30/2024,0.594487173957521,6.64,7.828,5.451
01/29/2024,0.6221695910280411,6.56,7.804,5.315
01/26/2024,0.6114981602588841,6.48,7.702,5.257
01/25/2024,0.6003915389143987,6.42,7.62,5.219
01/24/2024,0.566400918078352,6.33,7.462,5.197
01/23/2024,0.5278778267743399,6.24,7.295,5.184
01/22/2024,0.4580775043592515,6.14,7.056,5.223
01/19/2024,0.4054318685056714,6.04,6.85,5.229
01/18/2024,0.39477208614591797,5.97,6.759,5.18
01/17/2024,0.408778668719394,5.91,6.727,5.092
01/16/2024,0.4264328786573569,5.86,6.712,5.007
01/12/2024,0.4159807687862506,5.83,6.661,4.998
01/11/2024,0.4089009660052175,5.77,6.587,4.952
01/10/2024,0.40654643031270127,5.73,6.543,4.916
01/09/2024,0.39314119600977976,5.69,6.476,4.903
01/08/2024,0.3705131576611012,5.65,6.391,4.908
01/05/2024,0.31632262012066104,5.6,6.232,4.967
01/04/2024,0.2119433886678233,5.53,5.953,5.106
01/03/2024,0.22685898703820404,5.49,5.943,5.036
01/02/2024,0.2251888096686867,5.47,5.92,5.019
