03/20/2024,0.7379668014213105,27.38,28.855,25.904
03/19/2024,0.818190075715906,27.22,28.856,25.583
03/18/2024,0.8953463017179443,27.11,28.9,25.319
03/15/2024,0.8407794003185378,26.99,28.671,25.308
03/14/2024,0.8129145096503078,26.91,28.535,25.284
03/13/2024,0.8176888161152752,26.9,28.535,25.264
03/12/2024,0.8189139148897157,26.85,28.487,25.212
03/11/2024,0.8100246909817012,26.79,28.41,25.169
03/08/2024,0.8559556063254687,26.68,28.391,24.968
03/07/2024,0.8464986709971851,26.56,28.252,24.867
03/06/2024,0.8234561311933992,26.48,28.126,24.833
03/05/2024,0.7880101522188662,26.43,28.006,24.853
03/04/2024,0.7824033486635908,26.42,27.984,24.855
03/01/2024,0.8524846039665471,26.49,28.194,24.785
02/29/2024,0.8499941176267048,26.48,28.179,24.78
02/28/2024,0.8665506332580921,26.38,28.113,24.646
02/27/2024,0.7617151698633815,26.25,27.773,24.726
02/26/2024,0.6779159239905785,26.14,27.495,24.784
02/23/2024,0.6582438757785748,26.08,27.396,24.763
02/22/2024,0.6689170352143827,26.04,27.377,24.702
02/21/2024,0.6834105647412835,26.03,27.396,24.663
02/20/2024,0.6818174242420033,26.03,27.393,24.666
02/16/2024,0.6878662660721194,26.02,27.395,24.644
02/15/2024,0.7479705876570278,25.94,27.435,24.444
02/14/2024,0.818373386664058,25.83,27.466,24.193
02/13/2024,0.9067083323759633,25.7,27.513,23.886
02/12/2024,1.003356865726248,25.57,27.576,23.563
02/09/2024,1.0838819123871382,25.42,27.587,23.252
02/08/2024,1.1408067320979485,25.35,27.631,23.068
02/07/2024,1.1770641443863628,25.27,27.624,22.915
02/06/2024,1.182080792501088,25.2,27.564,22.835
02/05/2024,1.13926072520736,25.12,27.398,22.841
02/02/2024,1.0683702541722135,25.04,27.176,22.903
02/01/2024,0.8426891479068661,24.85,26.535,23.164
01/31/2024,0.7356085915757102,24.73,26.201,23.258
01/30/2024,0.7372109603091913,24.73,26.204,23.255
01/29/2024,0.7347380485588044,24.73,26.199,23.26
01/26/2024,0.7453287865096853,24.74,26.23,23.249
01/25/2024,0.7507829246859575,24.74,26.241,23.238
01/24/2024,0.7562043374644184,24.75,26.262,23.237
01/23/2024,0.7828984608491705,24.77,26.335,23.204
01/22/2024,0.816281201547604,24.8,26.432,23.167
01/19/2024,0.8512109021858215,24.84,26.542,23.137
01/18/2024,0.9341546981094727,24.94,26.808,23.071
01/17/2024,0.9413076011591536,25.01,26.892,23.127
01/16/2024,1.0022873839373614,25.17,27.174,23.165
01/12/2024,1.0380269746013349,25.36,27.436,23.283
01/11/2024,0.944828026679988,25.48,27.369,23.59
01/10/2024,0.8779891798877706,25.53,27.285,23.774
01/09/2024,0.8135723692456621,25.58,27.207,23.952
01/08/2024,0.7925559917128883,25.6,27.185,24.014
01/05/2024,0.8197774088129044,25.57,27.209,23.93
01/04/2024,0.8968193798084427,25.5,27.293,23.706
01/03/2024,0.9367897309428621,25.47,27.343,23.596
01/02/2024,1.0169046169626728,25.43,27.463,23.396
