02/06/2024,0.9211270270706419,47.49,49.332,45.647
02/05/2024,0.8354370113898472,47.63,49.3,45.959
02/02/2024,0.6901521571363809,47.77,49.15,46.389
02/01/2024,0.5305704477258416,47.88,48.941,46.818
01/31/2024,0.44735332791877197,47.94,48.834,47.045
01/30/2024,0.39479741640492105,47.98,48.769,47.19
01/29/2024,0.41915987403376354,48.01,48.848,47.171
01/26/2024,0.4399772721402781,48.03,48.909,47.15
01/25/2024,0.45420259796703083,48.04,48.948,47.131
01/24/2024,0.4531280172313341,48.04,48.946,47.133
01/23/2024,0.4470178967334532,48.02,48.914,47.125
01/22/2024,0.4460941604639095,48.02,48.912,47.127
01/19/2024,0.44765500108900846,48.02,48.915,47.124
01/18/2024,0.4522720420278046,48.04,48.944,47.135
01/17/2024,0.5432954997052718,48.15,49.236,47.063
01/16/2024,1.996480653550142,47.76,51.752,43.767
01/12/2024,2.784505342067061,47.34,52.909,41.77
01/11/2024,3.374127294575591,46.9,53.648,40.151
01/10/2024,4.067901793308192,46.33,54.465,38.194
01/09/2024,4.602222832501703,45.72,54.924,36.515
01/08/2024,5.025480574034686,45.1,55.15,35.049
01/05/2024,5.3373930902641975,44.47,55.144,33.795
01/04/2024,5.575937140965633,43.84,54.991,32.688
01/03/2024,5.730534006530282,43.26,54.721,31.798
01/02/2024,5.807550258069231,42.69,54.305,31.074
