12/26/2022,9.67,10.49,9.43,10.44,0.0,0.0,174500.0
12/19/2022,9.8,10.22,9.655,9.79,0.0,0.0,246000.0
12/12/2022,9.29,10.09,9.29,9.97,0.0,0.0,460500.0
12/05/2022,9.82,9.98,9.23,9.33,0.0,0.0,396700.0
11/28/2022,10.07,10.2,9.31,9.97,0.0,0.0,384300.0
11/21/2022,9.44,10.25,9.2,10.15,0.0,0.0,340200.0
11/14/2022,10.0,10.0,9.12,9.44,0.0,0.0,497400.0
11/07/2022,10.83,11.08,8.69,10.04,0.0,0.0,2027800.0
10/31/2022,11.89,12.23,10.82,10.9,0.0,0.0,498700.0
10/24/2022,11.91,12.1866,11.215,11.94,0.0,0.0,307101.0
10/17/2022,11.1,11.72,10.84,11.6,0.0,0.0,685600.0
10/10/2022,11.51,11.51,10.52,11.03,0.0,0.0,220100.0
10/03/2022,11.72,12.585,11.48,11.55,0.0,0.0,660800.0
09/26/2022,10.52,11.9997,10.52,11.61,0.0,0.0,398500.0
09/19/2022,10.42,11.17,10.42,10.69,0.0,0.0,545400.0
09/12/2022,11.45,11.45,10.26,10.55,0.0,0.0,311800.0
09/05/2022,10.83,11.295,10.37,11.29,0.0,0.0,373600.0
08/29/2022,11.82,12.41,10.5,10.87,0.0,0.0,933501.0
08/22/2022,10.1,12.37,10.04,12.06,0.0,0.0,685084.0
08/15/2022,10.74,10.81,10.21,10.24,0.0,0.0,256400.0
08/08/2022,10.04,10.86,9.84,10.84,0.0,0.0,199400.0
08/01/2022,9.25,9.97,8.99,9.96,0.0,0.0,242200.0
07/25/2022,9.19,9.25,8.865,9.25,0.0,0.0,156400.0
07/18/2022,8.38,9.54,8.38,9.24,0.0,0.0,173800.0
07/11/2022,9.45,9.45,8.14,8.38,0.0,0.0,208700.0
07/04/2022,8.34,9.66,8.34,9.52,0.0,0.0,214700.0
06/27/2022,8.63,9.05,8.3,8.48,0.0,0.0,308600.0
06/20/2022,8.04,8.69,7.75,8.62,0.0,0.0,179500.0
06/13/2022,8.392,8.64,7.59,7.89,0.0,0.0,331300.0
06/06/2022,9.52,9.525,8.7,8.76,0.0,0.0,299700.0
05/30/2022,9.35,9.65,9.08,9.43,0.0,0.0,274000.0
05/23/2022,9.13,9.6094,8.62,9.37,0.0,0.0,561300.0
05/16/2022,8.42,9.25,8.25,9.05,0.0,0.0,699800.0
05/09/2022,7.0,8.58,6.79,8.35,0.0,0.0,1529800.0
05/02/2022,7.77,8.07,7.11,7.14,0.0,0.0,560300.0
04/25/2022,7.81,8.27,7.67,7.7,0.0,0.0,817600.0
04/18/2022,8.14,8.36,7.87,7.9,0.0,0.0,249800.0
04/11/2022,7.98,8.34,7.94,8.09,0.0,0.0,339400.0
04/04/2022,8.64,9.01,8.03,8.11,0.0,0.0,259500.0
03/28/2022,8.34,8.88,8.14,8.64,0.0,0.0,345000.0
03/21/2022,7.88,8.82,7.86,8.43,0.0,0.0,499800.0
03/14/2022,8.32,8.52,7.61,7.8,0.0,0.0,968200.0
03/07/2022,8.38,8.8,8.065,8.35,0.0,0.0,533700.0
02/28/2022,9.04,9.28,8.51,8.67,0.0,0.0,340900.0
02/21/2022,9.2,9.225,8.44,9.05,0.0,0.0,294300.0
02/14/2022,9.37,9.84,9.22,9.24,0.0,0.0,433900.0
02/07/2022,8.09,9.6693,7.67,9.29,0.0,0.0,959500.0
01/31/2022,7.73,8.24,7.67,7.75,0.0,0.0,504600.0
01/24/2022,7.57,7.69,7.22,7.67,0.0,0.0,774700.0
01/17/2022,8.06,8.1,7.53,7.66,0.0,0.0,995400.0
01/10/2022,8.22,8.63,7.96,8.08,0.0,0.0,1162300.0
01/03/2022,9.4,9.6881,8.45,8.46,0.0,0.0,795200.0
12/27/2021,9.44,9.71,9.0,9.41,0.0,0.0,353200.0
12/20/2021,9.07,9.42,8.83,9.4,0.0,0.0,635500.0
12/13/2021,8.8,9.48,8.52,9.27,0.0,0.0,908818.0
12/06/2021,8.45,9.19,8.41,8.82,0.0,0.0,862528.0
11/29/2021,8.92,9.07,8.36,8.49,0.0,0.0,1432000.0
11/22/2021,9.25,9.25,8.61,8.99,0.0,0.0,1862000.0
11/15/2021,10.51,10.51,9.21,9.26,0.0,0.0,1332475.0
11/08/2021,11.63,11.63,10.13,10.18,0.0,0.0,969801.0
11/01/2021,11.3,11.54,11.04,11.54,0.0,0.0,314500.0
10/25/2021,11.4,11.5,11.11,11.24,0.0,0.0,686800.0
10/18/2021,11.4,11.504,11.29,11.35,0.0,0.0,218000.0
10/11/2021,11.04,11.475,10.92,11.44,0.0,0.0,297872.0
10/04/2021,11.465,11.465,10.73,11.03,0.0,0.0,798328.0
09/27/2021,11.93,11.93,10.91,11.17,0.0,0.0,1044611.0
09/20/2021,11.45,11.6,11.07,11.6,0.0,0.0,287100.0
09/13/2021,12.085,12.085,11.3,11.71,0.0,0.0,433100.0
09/06/2021,12.54,12.54,11.53,11.79,0.0,0.0,210400.0
08/30/2021,11.95,12.62,11.91,12.5,0.0,0.0,219600.0
08/23/2021,11.22,11.86,11.22,11.84,0.0,0.0,262100.0
08/16/2021,11.52,11.55,11.0,11.22,0.0,0.0,542900.0
08/09/2021,14.01,14.17,10.37,11.54,0.0,0.0,1321100.0
08/02/2021,13.78,14.25,13.7018,14.11,0.0,0.0,211800.0
07/26/2021,13.98,14.02,13.43,13.7,0.0,0.0,274700.0
07/19/2021,13.51,13.87,13.17,13.83,0.0,0.0,170200.0
07/12/2021,14.5,14.5,13.48,13.55,0.0,0.0,268100.0
07/05/2021,14.48,14.5,13.81,14.42,0.0,0.0,230600.0
06/28/2021,14.45,14.54,14.17,14.47,0.0,0.0,351700.0
06/21/2021,14.15,14.58,13.88,14.36,0.0,0.0,659000.0
06/14/2021,13.9,14.53,13.9,14.34,0.0,0.0,566500.0
06/07/2021,14.07,14.27,13.75,13.9,0.0,0.0,573000.0
05/31/2021,13.9,14.06,13.5031,13.91,0.0,0.0,366100.0
05/24/2021,14.16,14.355,13.9,13.9,0.0,0.0,345200.0
05/17/2021,14.32,14.485,13.95,14.08,0.0,0.0,614400.0
05/10/2021,14.76,15.5,13.41,14.57,0.0,0.0,468100.0
05/03/2021,15.04,15.33,13.591,14.14,0.0,0.0,719500.0
04/26/2021,14.74,15.67,14.66,14.96,0.0,0.0,308300.0
04/19/2021,14.11,14.6999,13.71,14.58,0.0,0.0,411400.0
04/12/2021,14.62,14.62,13.11,14.16,0.0,0.0,591200.0
04/05/2021,14.06,14.66,13.75,14.62,0.0,0.0,241900.0
03/29/2021,14.01,14.33,12.715,13.99,0.0,0.0,1012500.0
03/22/2021,14.53,15.33,13.38,13.55,0.0,0.0,419600.0
03/15/2021,15.98,16.22,14.15,14.2,0.0,0.0,296200.0
03/08/2021,13.89,16.15,13.54,15.86,0.0,0.0,707800.0
03/01/2021,15.54,15.71,12.87,13.85,0.0,0.0,500200.0
02/22/2021,15.55,15.75,14.2901,15.19,0.0,0.0,350000.0
02/15/2021,15.64,16.3081,15.45,15.69,0.0,0.0,757000.0
02/08/2021,13.92,21.2,13.71,15.64,0.0,0.0,1625600.0
02/01/2021,12.71,13.84,12.63,13.74,0.0,0.0,541000.0
01/25/2021,13.4,13.61,12.53,12.63,0.0,0.0,262700.0
01/18/2021,13.02,13.71,12.68,13.29,0.0,0.0,328800.0
01/11/2021,12.05,13.87,11.94,12.7,0.0,0.0,870200.0
01/04/2021,11.98,12.0995,11.58,12.06,0.0,0.0,414400.0
12/28/2020,12.11,12.34,11.65,11.91,0.0,0.0,252300.0
12/21/2020,11.9,12.35,11.28,11.84,0.0,0.0,345500.0
12/14/2020,10.4,11.94,10.3601,11.75,0.0,0.0,584900.0
12/07/2020,10.29,10.55,10.12,10.37,0.0,0.0,882800.0
11/30/2020,10.2,10.45,10.05,10.28,0.0,0.0,711000.0
11/23/2020,11.0,11.0,9.83,10.21,0.0,0.0,393400.0
11/16/2020,10.5,10.5,9.36,9.83,0.0,0.0,900700.0
11/09/2020,11.42,12.15,10.1,10.41,0.0,0.0,442300.0
11/02/2020,11.35,12.14,11.1,11.79,0.0,0.0,278000.0
10/26/2020,12.1423,12.28,10.91,11.28,0.0,0.0,1241400.0
10/19/2020,13.74,13.74,12.05,12.2,0.0,0.0,9800.0
10/12/2020,12.82,13.95,12.82,13.45,0.0,0.0,42800.0
10/05/2020,12.3181,12.6389,12.1932,12.6389,0.0,0.0,13300.0
09/28/2020,11.3874,12.4322,11.25,12.286,0.0,0.0,39600.0
09/21/2020,10.82,11.253,10.4,11.25,0.0,0.0,7100.0
09/14/2020,10.24,10.5,10.0,10.43,0.0,0.0,6800.0
09/07/2020,11.04,11.04,10.1311,10.37,0.0,0.0,6300.0
08/31/2020,12.2224,12.76,11.11,11.34,0.0,0.0,21800.0
08/24/2020,11.76,12.23,11.56,12.2156,0.0,0.0,13300.0
08/17/2020,11.5022,11.89,11.4448,11.76,0.0,0.0,8200.0
08/10/2020,12.0,12.0,11.1,11.5,0.0,0.0,11600.0
08/03/2020,11.845,12.35,11.845,12.25,0.0,0.0,10500.0
07/27/2020,11.37,11.8365,11.235,11.8346,0.0,0.0,10200.0
07/20/2020,11.12,11.75,11.0233,11.04,0.0,0.0,11900.0
07/13/2020,10.7,11.0,10.7,10.99,0.0,0.0,14900.0
07/06/2020,10.5502,10.75,10.5,10.625,0.0,0.0,23700.0
06/29/2020,9.855,10.298,9.855,10.26,0.0,0.0,6800.0
06/22/2020,9.9907,10.005,9.75,9.85,0.0,0.0,13900.0
06/15/2020,9.12,9.75,9.12,9.75,0.0,0.0,3600.0
06/08/2020,9.65,9.65,8.98,9.099,0.0,0.0,7800.0
06/01/2020,9.75,9.75,9.36,9.61,0.0,0.0,5000.0
05/25/2020,10.2094,10.2094,9.5105,9.58,0.0,0.0,12400.0
05/18/2020,8.49,9.08,8.49,9.08,0.0,0.0,6400.0
05/11/2020,7.928,8.6313,7.928,8.63,0.0,0.0,14400.0
05/04/2020,7.4187,7.94,7.4187,7.94,0.0,0.0,2600.0
04/27/2020,7.0883,7.7,7.0037,7.42,0.0,0.0,18400.0
04/20/2020,7.08,7.1053,6.77,7.081,0.0,0.0,12200.0
04/13/2020,6.76,7.0039,6.7493,6.9892,0.0,0.0,4400.0
04/06/2020,6.46,6.8112,6.44,6.6,0.0,0.0,1500.0
03/30/2020,5.6666,6.42,5.6666,6.42,0.0,0.0,19900.0
03/23/2020,5.2444,6.0,5.19,5.7958,0.0,0.0,12000.0
03/16/2020,5.9,5.91,4.9,5.4,0.0,0.0,35700.0
03/09/2020,6.72,6.87,6.12,6.36,0.0,0.0,22600.0
03/02/2020,7.16,7.29,7.05,7.05,0.0,0.0,9900.0
02/24/2020,7.4798,7.558,7.06,7.14,0.0,0.0,8000.0
02/17/2020,7.8854,7.97,7.827,7.827,0.0,0.0,11200.0
02/10/2020,7.77,7.9,7.72,7.8774,0.0,0.0,12700.0
02/03/2020,7.44,7.62,7.235,7.62,0.0,0.0,15400.0
01/27/2020,6.91,7.31,6.8894,7.3089,0.0,0.0,28700.0
01/20/2020,6.977,7.01,6.89,6.89,0.0,0.0,22900.0
01/13/2020,6.9168,6.97,6.89,6.9494,0.0,0.0,14500.0
01/06/2020,6.75,6.92,6.75,6.8628,0.0,0.0,3300.0
12/30/2019,6.75,6.75,6.7,6.7,0.0,0.0,2700.0
12/23/2019,6.64,6.68,6.14,6.64,0.0,0.0,6500.0
12/16/2019,6.47,6.64,6.46,6.64,0.0,0.0,4000.0
12/09/2019,6.45,6.4885,6.39,6.438,0.0,0.0,18000.0
12/02/2019,6.31,6.31,6.3026,6.31,0.0,0.0,700.0
11/25/2019,6.35,6.35,6.26,6.3347,0.0,0.0,900.0
11/18/2019,6.24,6.31,6.23,6.31,0.0,0.0,5700.0
11/11/2019,5.925,6.2461,5.925,6.22,0.0,0.0,5700.0
11/04/2019,5.97,5.97,5.97,5.97,0.0,0.0,400.0
