12/26/2022,9.13,9.29,8.94,9.07,0.0,0.0,8676100.0
12/19/2022,9.05,9.29,8.875,9.16,0.0,0.0,15053800.0
12/12/2022,9.63,10.095,9.05,9.13,0.0,0.0,29492700.0
12/05/2022,9.73,9.98,9.4,9.64,0.0,0.0,13913800.0
11/28/2022,8.94,9.825,8.895,9.75,0.0,0.0,17869200.0
11/21/2022,8.9,9.0775,8.88,9.0,0.0,0.0,8537400.0
11/14/2022,9.14,9.52,8.77,8.95,0.0,0.0,15555800.0
11/07/2022,8.48,9.24,8.475,9.15,0.0,0.0,42983200.0
10/31/2022,8.63,8.69,8.205,8.49,0.0,0.0,32004000.0
10/24/2022,8.8,8.86,8.42,8.7,0.0,0.0,26511400.0
10/17/2022,8.15,8.91,8.14,8.8,0.0,0.0,64685700.0
10/10/2022,8.3,8.38,7.99,8.01,0.0,0.0,30307600.0
10/03/2022,7.58,8.5,7.47,8.29,0.0,0.0,19206800.0
09/26/2022,7.66,7.82,7.365,7.49,0.0,0.0,16774700.0
09/19/2022,8.14,8.285,7.64,7.7,0.0,0.0,12688000.0
09/12/2022,8.15,8.72,8.02,8.17,0.0,0.0,18100400.0
09/05/2022,8.09,8.54,7.91,8.39,0.0,0.0,27838600.0
08/29/2022,7.47,7.575,7.14,7.21,0.0,0.0,6726000.0
08/22/2022,7.75,7.87,7.56,7.56,0.0,0.0,5435700.0
08/15/2022,8.16,8.3,7.795,7.87,0.0,0.0,6983700.0
08/08/2022,8.01,8.35,7.775,8.25,0.0,0.0,11321100.0
08/01/2022,7.26,8.0553,7.125,8.02,0.0,0.0,12876500.0
07/25/2022,7.1,7.32,6.89,7.3,0.0,0.0,8056600.0
07/18/2022,6.9,7.27,6.83,7.07,0.0,0.0,8264100.0
07/11/2022,6.59,6.84,6.45,6.81,0.0,0.0,7462600.0
07/04/2022,6.12,6.68,6.0,6.65,0.0,0.0,4978100.0
06/27/2022,6.45,6.74,6.04,6.29,0.0,0.0,12259100.0
06/20/2022,6.41,6.63,6.045,6.45,0.0,0.0,12719800.0
06/13/2022,6.67,6.75,6.05,6.3,0.0,0.0,22824300.0
06/06/2022,7.55,7.69,6.775,6.87,0.0,0.0,9223000.0
05/30/2022,7.46,7.54,7.265,7.46,0.0,0.0,6485800.0
05/23/2022,7.0,7.66,6.78,7.56,0.0,0.0,9873300.0
05/16/2022,6.91,7.21,6.7,6.97,0.0,0.0,8291400.0
05/09/2022,6.9,7.125,6.43,6.99,0.0,0.0,10686400.0
05/02/2022,6.84,7.36,6.68,7.0,0.0,0.0,9005300.0
04/25/2022,7.02,7.12,6.65,6.85,0.0,0.0,8895800.0
04/18/2022,6.99,7.53,6.84,7.08,0.0,0.0,8597900.0
04/11/2022,7.06,7.25,6.99,6.99,0.0,0.0,5518800.0
04/04/2022,7.75,7.78,6.96,7.1,0.0,0.0,9867900.0
03/28/2022,7.4,7.955,7.34,7.74,0.0,0.0,8992100.0
03/21/2022,7.57,7.775,7.35,7.36,0.0,0.0,9932300.0
03/14/2022,7.62,7.95,7.27,7.57,0.0,0.0,16467700.0
03/07/2022,7.66,7.8,7.0,7.64,0.0,0.0,19016631.0
02/28/2022,7.23,8.015,7.14,7.59,0.0,0.0,16017900.0
02/21/2022,7.22,7.38,6.68,7.32,0.0,0.0,5919700.0
02/14/2022,7.61,7.92,7.23,7.36,0.0,0.0,9658300.0
02/07/2022,7.3,8.04,7.3,7.52,0.0,0.0,10796800.0
01/31/2022,7.21,7.82,7.0447,7.3,0.0,0.0,10496900.0
01/24/2022,7.0,7.52,6.68,7.37,0.0,0.0,13328300.0
01/17/2022,7.8,8.22,7.135,7.18,0.0,0.0,12029700.0
01/10/2022,7.81,8.11,7.5,7.92,0.0,0.0,6666600.0
01/03/2022,8.45,8.97,7.66,7.89,0.0,0.0,14799900.0
12/27/2021,8.56,8.76,8.28,8.41,0.0,0.0,5810400.0
12/20/2021,7.95,8.67,7.775,8.56,0.0,0.0,7876700.0
12/13/2021,8.38,8.42,7.772,8.07,0.0,0.0,11372200.0
12/06/2021,8.2,8.72,8.07,8.5,0.0,0.0,6107800.0
11/29/2021,8.72,8.76,7.965,8.11,0.0,0.0,6966500.0
11/22/2021,8.94,9.055,8.3777,8.51,0.0,0.0,4684900.0
11/15/2021,9.14,9.32,8.87,8.99,0.0,0.0,6980800.0
11/08/2021,9.2,10.3899,8.65,9.1,0.0,0.0,21082200.0
11/01/2021,8.38,9.33,8.35,9.04,0.0,0.0,13463600.0
10/25/2021,8.27,8.445,8.16,8.35,0.0,0.0,4335100.0
10/18/2021,8.45,8.685,8.37,8.41,0.0,0.0,5387800.0
10/11/2021,8.4,8.64,8.24,8.48,0.0,0.0,5181000.0
10/04/2021,8.17,8.5,8.04,8.36,0.0,0.0,10590600.0
09/27/2021,8.17,8.51,7.985,8.17,0.0,0.0,8151300.0
09/20/2021,8.11,8.37,7.91,8.17,0.0,0.0,9914200.0
09/13/2021,8.19,8.51,7.845,8.3,0.0,0.0,13503700.0
09/06/2021,8.7,8.79,8.1,8.11,0.0,0.0,4835500.0
08/30/2021,8.46,8.96,8.305,8.73,0.0,0.0,9413900.0
08/23/2021,8.25,8.505,8.22,8.43,0.0,0.0,5990900.0
08/16/2021,8.7,8.76,7.89,8.21,0.0,0.0,13703000.0
08/09/2021,9.23,9.45,8.75,8.78,0.0,0.0,9978700.0
08/02/2021,10.51,10.815,9.12,9.28,0.0,0.0,15877000.0
07/26/2021,10.46,10.76,10.24,10.49,0.0,0.0,6143400.0
07/19/2021,10.01,10.55,9.76,10.44,0.0,0.0,10446000.0
07/12/2021,10.58,10.68,10.15,10.18,0.0,0.0,8450900.0
07/05/2021,10.67,10.75,9.98,10.64,0.0,0.0,8276600.0
06/28/2021,11.12,11.18,10.7,10.75,0.0,0.0,8530500.0
06/21/2021,10.95,11.4,10.62,11.07,0.0,0.0,16649800.0
06/14/2021,11.65,11.74,10.87,10.9,0.0,0.0,10858700.0
06/07/2021,11.09,11.775,10.95,11.63,0.0,0.0,14827700.0
05/31/2021,10.4,11.105,10.31,11.04,0.0,0.0,13784200.0
05/24/2021,10.29,10.665,10.115,10.34,0.0,0.0,15719800.0
05/17/2021,9.18,10.29,8.995,10.2,0.0,0.0,27257500.0
05/10/2021,9.73,9.93,9.07,9.3,0.0,0.0,24697800.0
05/03/2021,9.33,9.795,8.24,9.69,0.0,0.0,20467600.0
04/26/2021,9.32,10.1,9.14,9.2,0.0,0.0,24051900.0
04/19/2021,9.56,9.695,8.675,9.26,0.0,0.0,12159900.0
04/12/2021,9.47,9.65,9.065,9.62,0.0,0.0,19227800.0
04/05/2021,8.56,9.5,8.52,9.5,0.0,0.0,22986400.0
03/29/2021,8.24,8.62,8.115,8.46,0.0,0.0,13293400.0
03/22/2021,8.0,8.255,7.59,8.21,0.0,0.0,17926200.0
03/15/2021,8.31,8.41,7.83,7.95,0.0,0.0,14736200.0
03/08/2021,7.6,8.68,7.33,8.32,0.0,0.0,25379000.0
03/01/2021,7.71,7.85,6.73,7.24,0.0,0.0,35074900.0
02/22/2021,9.72,10.31,7.6,7.61,0.0,0.0,32158300.0
02/15/2021,9.34,9.795,9.14,9.68,0.0,0.0,14738700.0
02/08/2021,9.4,9.73,9.13,9.33,0.0,0.0,9238500.0
02/01/2021,9.07,9.6399,8.64,9.3,0.0,0.0,16412600.0
01/25/2021,9.0,10.65,8.76,9.03,0.0,0.0,36265300.0
01/18/2021,8.81,9.25,8.73,9.0,0.0,0.0,12087400.0
01/11/2021,8.8,9.13,8.38,8.78,0.0,0.0,18461900.0
01/04/2021,7.93,9.39,7.675,8.83,0.0,0.0,24858400.0
12/28/2020,8.13,8.195,7.75,7.85,0.0,0.0,10999500.0
12/21/2020,8.28,8.31,8.0,8.1,0.0,0.0,9870400.0
12/14/2020,8.5,8.66,8.18,8.43,0.0,0.0,19672700.0
12/07/2020,8.56,9.2299,7.92,8.46,0.0,0.0,30699800.0
11/30/2020,8.05,8.47,7.57,8.45,0.0,0.0,23509900.0
11/23/2020,7.78,8.25,7.775,8.08,0.0,0.0,9894300.0
11/16/2020,7.59,8.105,7.44,7.76,0.0,0.0,20262000.0
11/09/2020,7.4,7.63,7.15,7.54,0.0,0.0,19170100.0
11/02/2020,6.68,7.455,6.59,7.21,0.0,0.0,21154700.0
10/26/2020,7.42,7.7199,6.48,6.59,0.0,0.0,19028100.0
10/19/2020,7.92,7.995,7.33,7.47,0.0,0.0,12177900.0
10/12/2020,8.36,8.405,7.93,7.94,0.0,0.0,10952900.0
10/05/2020,8.23,8.605,8.08,8.34,0.0,0.0,18493400.0
09/28/2020,8.28,8.53,7.905,8.19,0.0,0.0,21477000.0
09/21/2020,8.6,8.9,8.09,8.17,0.0,0.0,27293500.0
09/14/2020,11.09,11.09,8.71,8.72,0.0,0.0,60616000.0
09/07/2020,10.12,11.35,10.01,10.95,0.0,0.0,11384300.0
08/31/2020,10.97,11.26,9.945,10.29,0.0,0.0,9987300.0
08/24/2020,11.47,11.49,10.82,10.95,0.0,0.0,8240300.0
08/17/2020,11.77,11.88,11.1939,11.46,0.0,0.0,10742800.0
08/10/2020,12.18,12.5665,11.55,11.79,0.0,0.0,18503000.0
08/03/2020,13.9,17.21,11.51,12.2,0.0,0.0,237486396.0
07/27/2020,7.96,9.1625,7.84,8.61,0.0,0.0,11500200.0
07/20/2020,8.18,8.25,7.88,7.96,0.0,0.0,5684100.0
07/13/2020,7.65,8.49,7.55,8.18,0.0,0.0,7916500.0
07/06/2020,7.86,7.91,7.385,7.6,0.0,0.0,7383700.0
06/29/2020,7.66,8.16,7.5075,7.71,0.0,0.0,8331500.0
06/22/2020,7.99,8.215,7.47,7.62,0.0,0.0,10053400.0
06/15/2020,7.78,8.64,7.7,7.99,0.0,0.0,11554200.0
06/08/2020,8.46,8.735,7.875,8.02,0.0,0.0,12146100.0
06/01/2020,7.6,8.62,7.295,8.37,0.0,0.0,15556100.0
05/25/2020,6.52,7.21,6.52,7.08,0.0,0.0,8003400.0
05/18/2020,6.12,6.52,6.04,6.52,0.0,0.0,8321500.0
05/11/2020,5.66,6.08,5.45,6.02,0.0,0.0,8047300.0
05/04/2020,5.45,5.845,5.31,5.65,0.0,0.0,6744400.0
04/27/2020,5.38,5.99,5.34,5.49,0.0,0.0,10595900.0
04/20/2020,5.24,5.4201,5.0,5.29,0.0,0.0,6137700.0
04/13/2020,5.38,5.77,5.06,5.37,0.0,0.0,14412300.0
04/06/2020,4.29,5.4,4.09,5.35,0.0,0.0,12367100.0
03/30/2020,4.6,4.65,3.995,4.17,0.0,0.0,11959400.0
03/23/2020,3.88,4.8,3.405,4.71,0.0,0.0,14314500.0
03/16/2020,4.33,4.47,3.69,3.87,0.0,0.0,18956000.0
03/09/2020,5.41,5.49,3.93,4.7,0.0,0.0,12829300.0
03/02/2020,6.38,6.86,5.65,5.92,0.0,0.0,12127800.0
02/24/2020,6.75,7.06,6.04,6.39,0.0,0.0,8411900.0
02/17/2020,7.0,7.34,6.92,6.98,0.0,0.0,3782700.0
02/10/2020,6.55,7.1,6.505,7.04,0.0,0.0,6791100.0
02/03/2020,6.2,6.68,6.15,6.59,0.0,0.0,4414400.0
01/27/2020,6.4,6.56,6.17,6.2,0.0,0.0,6007100.0
01/20/2020,6.49,6.67,6.32,6.5,0.0,0.0,5418500.0
01/13/2020,6.26,6.6,6.02,6.5,0.0,0.0,9022100.0
01/06/2020,7.45,7.8,6.26,6.3,0.0,0.0,12346300.0
12/30/2019,7.78,8.09,7.43,7.45,0.0,0.0,6196700.0
12/23/2019,7.86,7.91,7.49,7.78,0.0,0.0,4223600.0
12/16/2019,8.54,8.6,7.76,7.83,0.0,0.0,7834700.0
12/09/2019,8.91,9.3,8.1337,8.48,0.0,0.0,6223100.0
12/02/2019,8.96,9.495,8.63,8.95,0.0,0.0,4611900.0
11/25/2019,8.73,9.705,8.72,9.24,0.0,0.0,6048900.0
11/18/2019,8.4,8.75,8.23,8.69,0.0,0.0,5725100.0
11/11/2019,7.9,8.47,7.57,8.39,0.0,0.0,14573700.0
11/04/2019,7.93,8.105,7.68,7.95,0.0,0.0,6863100.0
10/28/2019,7.66,7.98,7.66,7.92,0.0,0.0,6852000.0
10/21/2019,7.38,7.76,7.1,7.7,0.0,0.0,10194800.0
10/14/2019,6.56,7.38,6.475,7.38,0.0,0.0,5525600.0
10/07/2019,6.21,6.66,6.155,6.58,0.0,0.0,4894400.0
09/30/2019,6.19,6.63,5.93,6.25,0.0,0.0,11373400.0
09/23/2019,6.07,6.655,6.05,6.16,0.0,0.0,8487300.0
09/16/2019,5.91,6.27,5.88,6.1,0.0,0.0,11794800.0
09/09/2019,5.43,6.11,5.35,5.94,0.0,0.0,11038000.0
09/02/2019,4.7,5.38,4.57,5.34,0.0,0.0,5847900.0
08/26/2019,4.65,4.92,4.55,4.76,0.0,0.0,5128000.0
08/19/2019,4.65,4.84,4.56,4.6,0.0,0.0,10500800.0
08/12/2019,4.96,4.96,4.25,4.53,0.0,0.0,11689500.0
08/05/2019,5.96,6.0,4.71,4.94,0.0,0.0,18573900.0
07/29/2019,6.32,6.48,5.93,5.98,0.0,0.0,5734600.0
07/22/2019,6.24,6.355,5.835,6.3,0.0,0.0,9251500.0
07/15/2019,6.35,6.46,6.08,6.23,0.0,0.0,8580600.0
07/08/2019,6.28,6.42,6.13,6.36,0.0,0.0,6549700.0
07/01/2019,6.2,6.27,6.09,6.22,0.0,0.0,4137600.0
06/24/2019,6.17,6.2,5.84,6.12,0.0,0.0,8557100.0
06/17/2019,6.44,6.525,6.13,6.2,0.0,0.0,11530700.0
06/10/2019,6.17,6.53,6.06,6.46,0.0,0.0,16354000.0
06/03/2019,5.86,6.27,5.83,6.17,0.0,0.0,18424700.0
05/27/2019,6.18,6.38,5.85,5.85,0.0,0.0,13296500.0
05/20/2019,6.01,6.5,5.95,6.19,0.0,0.0,12204800.0
05/13/2019,6.1,6.41,5.89,6.07,0.0,0.0,13848800.0
05/06/2019,6.75,7.02,5.89,6.37,0.0,0.0,17822900.0
04/29/2019,6.47,6.9,6.46,6.87,0.0,0.0,8975300.0
04/22/2019,6.66,6.72,6.265,6.44,0.0,0.0,8839000.0
04/15/2019,6.6,6.78,6.545,6.65,0.0,0.0,6074300.0
04/08/2019,6.64,6.81,6.36,6.62,0.0,0.0,16678700.0
04/01/2019,6.43,6.83,6.41,6.68,0.0,0.0,8458400.0
03/25/2019,6.21,6.51,6.085,6.39,0.0,0.0,10169500.0
03/18/2019,6.44,6.95,6.12,6.21,0.0,0.0,21099300.0
03/11/2019,7.42,7.69,6.09,6.47,0.0,0.0,40558700.0
03/04/2019,7.97,8.18,7.305,7.38,0.0,0.0,10044300.0
02/25/2019,8.3,8.305,7.945,7.96,0.0,0.0,5723700.0
02/18/2019,8.06,8.22,7.96,8.15,0.0,0.0,4519800.0
02/11/2019,7.67,8.13,7.635,8.05,0.0,0.0,6683800.0
02/04/2019,7.32,7.79,7.28,7.65,0.0,0.0,8341900.0
01/28/2019,7.17,7.38,6.97,7.31,0.0,0.0,6372200.0
01/21/2019,7.3,7.41,6.9,7.19,0.0,0.0,5757600.0
01/14/2019,7.08,7.36,6.86,7.33,0.0,0.0,10999800.0
01/07/2019,6.68,7.13,6.61,7.1,0.0,0.0,7402600.0
12/31/2018,6.15,6.76,5.88,6.67,0.0,0.0,11183100.0
12/24/2018,6.12,6.3,5.92,6.11,0.0,0.0,8948000.0
12/17/2018,6.82,6.89,5.91,6.21,0.0,0.0,18415800.0
12/10/2018,7.4,7.77,6.8,6.82,0.0,0.0,10984700.0
12/03/2018,7.95,7.95,7.28,7.45,0.0,0.0,7073000.0
11/26/2018,7.72,8.05,7.43,7.81,0.0,0.0,6139600.0
11/19/2018,8.07,8.08,7.32,7.66,0.0,0.0,4368700.0
11/12/2018,7.82,8.14,7.45,8.06,0.0,0.0,7247200.0
11/05/2018,7.79,8.39,7.06,7.85,0.0,0.0,13693100.0
10/29/2018,7.5,7.94,7.225,7.77,0.0,0.0,7714000.0
10/22/2018,7.79,7.81,7.17,7.42,0.0,0.0,9688600.0
10/15/2018,7.47,8.02,7.4,7.77,0.0,0.0,6261400.0
10/08/2018,8.64,8.765,7.41,7.52,0.0,0.0,11350200.0
10/01/2018,9.46,9.54,8.59,8.69,0.0,0.0,10484700.0
09/24/2018,9.35,9.58,9.175,9.39,0.0,0.0,9941500.0
09/17/2018,8.52,9.84,8.32,9.37,0.0,0.0,29464600.0
09/10/2018,8.85,8.89,8.44,8.56,0.0,0.0,8675000.0
09/03/2018,8.96,9.25,8.295,8.8,0.0,0.0,15070500.0
08/27/2018,9.05,9.595,8.84,8.95,0.0,0.0,13731400.0
08/20/2018,8.75,9.22,8.63,9.01,0.0,0.0,12295300.0
08/13/2018,8.89,9.23,8.545,8.71,0.0,0.0,11854500.0
08/06/2018,8.92,9.515,8.41,8.9,0.0,0.0,21916300.0
07/30/2018,9.0,9.18,8.56,8.91,0.0,0.0,10376600.0
07/23/2018,9.4,9.53,8.87,9.01,0.0,0.0,8400900.0
07/16/2018,9.02,9.6,9.0,9.35,0.0,0.0,9634000.0
07/09/2018,8.23,9.21,8.22,8.96,0.0,0.0,11179400.0
07/02/2018,8.55,8.65,7.8,8.18,0.0,0.0,7097900.0
06/25/2018,8.73,9.03,8.39,8.65,0.0,0.0,15244400.0
06/18/2018,8.0,8.94,7.9,8.73,0.0,0.0,16451900.0
06/11/2018,8.22,8.34,7.86,7.98,0.0,0.0,15713300.0
06/04/2018,7.63,8.255,7.62,8.22,0.0,0.0,8675600.0
05/28/2018,7.42,7.72,7.35,7.64,0.0,0.0,12547400.0
05/21/2018,7.35,7.95,7.32,7.47,0.0,0.0,13398600.0
05/14/2018,7.45,7.57,6.93,7.27,0.0,0.0,27729000.0
05/07/2018,8.15,9.12,7.32,7.4,0.0,0.0,29292200.0
04/30/2018,9.19,9.22,8.01,8.08,0.0,0.0,14307000.0
04/23/2018,9.25,9.33,8.74,9.11,0.0,0.0,10546700.0
04/16/2018,9.05,9.66,8.89,9.3,0.0,0.0,10230100.0
04/09/2018,8.76,9.36,8.76,8.99,0.0,0.0,15578600.0
04/02/2018,7.97,8.9,7.36,8.75,0.0,0.0,24671100.0
03/26/2018,8.22,8.25,7.51,7.93,0.0,0.0,14523400.0
03/19/2018,8.72,9.24,8.025,8.1,0.0,0.0,19910500.0
03/12/2018,10.61,10.8,8.7,8.73,0.0,0.0,38711700.0
03/05/2018,10.98,11.25,10.23,10.53,0.0,0.0,15683700.0
02/26/2018,12.03,12.38,10.55,11.07,0.0,0.0,15692300.0
02/19/2018,11.53,12.09,11.42,11.98,0.0,0.0,9603900.0
02/12/2018,12.64,13.02,11.18,11.58,0.0,0.0,21817000.0
02/05/2018,12.8,12.85,12.14,12.64,0.0,0.0,19443100.0
01/29/2018,11.89,12.95,11.85,12.86,0.0,0.0,33859500.0
