12/26/2022,85.25,86.0999,82.4,85.66,0.0,0.0,424800.0
12/19/2022,81.95,85.72,80.71,84.72,0.0,0.0,892900.0
12/12/2022,83.2,91.5099,81.34,81.86,0.0,0.0,1835500.0
12/05/2022,91.79,91.79,80.575,82.13,0.0,0.0,1165400.0
11/28/2022,91.5,93.82,87.67,92.68,0.0,0.0,783000.0
11/21/2022,92.73,94.32,88.15,92.08,0.0,0.0,819200.0
11/14/2022,92.54,94.32,88.18,92.73,0.0,0.0,895900.0
11/07/2022,85.07,94.02,81.45,92.93,0.0,0.0,835100.0
10/31/2022,90.28,93.81,83.19,84.96,0.0,0.0,706600.0
10/24/2022,80.36,90.5076,78.6185,90.14,0.0,0.0,882800.0
10/17/2022,76.03,81.36,76.03,79.74,0.0,0.0,847300.0
10/10/2022,76.63,80.42,74.91,75.59,0.0,0.0,1024200.0
10/03/2022,84.07,88.34,76.11,76.84,0.0,0.0,1273000.0
09/26/2022,87.81,90.36,81.215,83.36,0.0,0.0,1169500.0
09/19/2022,90.97,96.38,87.1103,88.65,0.0,0.0,1453600.0
09/12/2022,99.94,101.14,91.72,92.13,0.0,0.0,1619700.0
09/05/2022,82.7,105.36,82.62,100.07,0.0,0.0,2261200.0
08/29/2022,95.58,95.79,81.5,82.91,0.0,0.0,1658500.0
08/22/2022,101.0,102.49,93.96,97.12,0.0,0.0,987000.0
08/15/2022,96.21,106.54,96.21,102.62,0.0,0.0,1044800.0
08/08/2022,90.78,98.08,88.9,97.93,0.0,0.0,799400.0
08/01/2022,85.87,92.705,85.36,90.17,0.0,0.0,617000.0
07/25/2022,80.98,87.42,79.68,86.64,0.0,0.0,633800.0
07/18/2022,80.1,84.07,77.264,81.21,0.0,0.0,934200.0
07/11/2022,82.63,82.63,74.56,78.68,0.0,0.0,893000.0
07/04/2022,84.7,86.12,79.28,82.81,0.0,0.0,1013600.0
06/27/2022,83.52,85.9999,70.08,85.91,0.0,0.0,3169200.0
06/20/2022,83.97,84.964,80.61,82.8,0.0,0.0,748800.0
06/13/2022,86.81,88.35,79.03,83.52,0.0,0.0,1671900.0
06/06/2022,97.04,97.04,88.35,90.53,0.0,0.0,1234200.0
05/30/2022,95.8,98.22,89.46,96.27,0.0,0.0,934600.0
05/23/2022,84.16,96.3,82.01,95.99,0.0,0.0,958000.0
05/16/2022,79.18,90.0,77.97,84.54,0.0,0.0,1185500.0
05/09/2022,79.68,81.23,72.53,80.15,0.0,0.0,1402700.0
05/02/2022,80.78,91.38,79.82,81.25,0.0,0.0,1751600.0
04/25/2022,86.02,87.64,79.1409,80.32,0.0,0.0,1458600.0
04/18/2022,109.13,109.77,86.55,86.78,0.0,0.0,2063900.0
04/11/2022,103.25,114.11,101.81,109.18,0.0,0.0,1615700.0
04/04/2022,95.05,106.968,94.53,103.09,0.0,0.0,2033100.0
03/28/2022,99.3,100.0,90.64,94.28,0.0,0.0,1550900.0
03/21/2022,95.11,101.4199,93.1,99.32,0.0,0.0,1812900.0
03/14/2022,76.09,99.48,72.2032,93.19,0.0,0.0,4012600.0
03/07/2022,74.25,81.67,72.56,75.74,0.0,0.0,2036400.0
02/28/2022,64.42,75.99,63.99,74.24,0.0,0.0,2364000.0
02/21/2022,59.37,63.841,56.0,62.27,0.0,0.0,894900.0
02/14/2022,60.83,61.67,58.84,59.46,0.0,0.0,953900.0
02/07/2022,57.135,62.47,56.5029,60.79,0.0,0.0,726700.0
01/31/2022,53.8,57.95,53.8,56.71,0.0,0.0,758900.0
01/24/2022,56.32,58.54,52.03,53.78,0.0,0.0,1291800.0
01/17/2022,60.69,60.77,56.76,57.31,0.0,0.0,1129800.0
01/10/2022,62.25,62.72,59.57,60.96,0.0,0.0,992900.0
01/03/2022,62.53,64.1974,62.1027,62.53,0.0,0.0,994100.0
12/27/2021,63.69,63.9,61.36,62.03,0.0,0.0,774200.0
12/20/2021,63.09,64.43,61.99,63.75,0.0,0.0,1233800.0
12/13/2021,63.07,64.54,59.23,64.13,0.0,0.0,2623700.0
12/06/2021,78.61,81.11,53.5,63.07,0.0,0.0,5704200.0
11/29/2021,84.17,84.71,76.16,77.75,0.0,0.0,655100.0
11/22/2021,88.56,90.17,81.01,83.19,0.0,0.0,333412.0
11/15/2021,91.75,92.73,88.0,88.74,0.0,0.0,445500.0
11/08/2021,95.44,95.85,90.91,91.59,0.0,0.0,355600.0
11/01/2021,89.75,96.12,89.28,95.14,0.0,0.0,482800.0
10/25/2021,90.61,92.62,87.92,89.11,0.0,0.0,564000.0
10/18/2021,89.45,93.94,89.27,90.88,0.0,0.0,414800.0
10/11/2021,87.27,91.7575,87.27,90.09,0.0,0.0,511500.0
10/04/2021,86.51,88.03,83.9261,86.79,0.0,0.0,593100.0
09/27/2021,84.44,87.71,84.23,87.07,0.0,0.0,1050600.0
09/20/2021,84.88,86.73,83.31,84.22,0.0,0.0,1073300.0
09/13/2021,94.04,94.285,83.46,86.25,0.0,0.0,2408900.0
09/06/2021,103.56,106.32,90.0004,93.85,0.0,0.0,1707200.0
08/30/2021,104.535,105.575,101.53,103.86,0.0,0.0,480500.0
08/23/2021,100.76,104.18,99.8,103.44,0.0,0.0,601800.0
08/16/2021,100.03,101.635,96.0,99.51,0.0,0.0,590300.0
08/09/2021,105.14,105.98,100.7195,100.87,0.0,0.0,410100.0
08/02/2021,101.85,105.0,99.71,104.99,0.0,0.0,660400.0
07/26/2021,96.81,101.6999,93.33,101.1,0.0,0.0,641200.0
07/19/2021,92.4,98.66,91.296,96.4,0.0,0.0,681400.0
07/12/2021,99.34,99.61,92.945,94.16,0.0,0.0,622400.0
07/05/2021,97.0,99.6592,94.09,99.34,0.0,0.0,803800.0
06/28/2021,111.67,113.01,95.55,97.69,0.0,0.0,2762000.0
06/21/2021,110.52,114.12,109.92,111.61,0.0,0.0,715600.0
06/14/2021,112.62,115.9499,109.1258,109.81,0.0,0.0,761800.0
06/07/2021,112.15,113.98,108.95,112.49,0.0,0.0,459000.0
05/31/2021,109.91,113.245,108.72,111.34,0.0,0.0,417700.0
05/24/2021,108.49,111.45,105.875,109.63,0.0,0.0,539400.0
05/17/2021,105.96,111.15,103.77,108.06,0.0,0.0,625800.0
05/10/2021,110.4,110.4,98.18,107.28,0.0,0.0,816400.0
05/03/2021,110.35,111.72,105.2,109.45,0.0,0.0,667300.0
04/26/2021,111.22,114.35,108.72,110.37,0.0,0.0,603100.0
04/19/2021,107.36,111.84,101.31,111.46,0.0,0.0,824400.0
04/12/2021,113.5,115.0,107.24,108.4,0.0,0.0,698000.0
04/05/2021,126.76,126.76,111.78,113.18,0.0,0.0,1381500.0
03/29/2021,118.32,121.85,114.43,119.35,0.0,0.0,862500.0
03/22/2021,121.12,121.8696,107.75,118.81,0.0,0.0,816000.0
03/15/2021,121.68,128.98,114.4,119.46,0.0,0.0,1964900.0
03/08/2021,106.19,123.65,101.82,121.68,0.0,0.0,1441100.0
03/01/2021,112.96,119.99,97.77,105.42,0.0,0.0,1570000.0
02/22/2021,126.4,127.89,107.73,110.08,0.0,0.0,1231300.0
02/15/2021,137.96,138.81,122.15,127.295,0.0,0.0,986600.0
02/08/2021,124.94,142.29,123.78,136.59,0.0,0.0,1088100.0
02/01/2021,120.04,125.18,114.71,122.67,0.0,0.0,943200.0
01/25/2021,138.13,143.715,114.4201,114.77,0.0,0.0,1439500.0
01/18/2021,121.47,139.73,120.0,133.25,0.0,0.0,1889000.0
01/11/2021,91.67,127.7443,91.67,116.64,0.0,0.0,2064100.0
01/04/2021,87.2,94.04,85.19,92.69,0.0,0.0,834300.0
12/28/2020,89.56,90.4,85.54,86.9,0.0,0.0,471800.0
12/21/2020,85.56,91.7663,84.9417,88.97,0.0,0.0,543200.0
12/14/2020,84.4,86.76,80.7878,86.13,0.0,0.0,1597100.0
12/07/2020,90.99,99.8134,83.29,83.9,0.0,0.0,987500.0
11/30/2020,86.02,90.96,84.89,90.47,0.0,0.0,503700.0
11/23/2020,84.18,89.34,83.7,86.66,0.0,0.0,477400.0
11/16/2020,82.07,85.03,81.3955,83.3,0.0,0.0,653500.0
11/09/2020,80.5,81.6,77.81,81.22,0.0,0.0,672700.0
11/02/2020,76.9,77.825,75.13,76.7,0.0,0.0,538500.0
10/26/2020,76.48,77.12,74.1,76.36,0.0,0.0,676100.0
10/19/2020,75.49,77.59,74.43,77.51,0.0,0.0,680900.0
10/12/2020,71.22,75.5,69.35,75.0,0.0,0.0,976400.0
10/05/2020,63.7,74.56,62.83,71.14,0.0,0.0,1288600.0
09/28/2020,62.27,63.31,59.58,62.97,0.0,0.0,757800.0
09/21/2020,62.0,63.69,59.13,61.72,0.0,0.0,814900.0
09/14/2020,64.48,66.88,62.89,63.42,0.0,0.0,1213500.0
09/07/2020,70.96,71.41,63.19,63.95,0.0,0.0,1234600.0
08/31/2020,76.6,79.68,70.68,71.87,0.0,0.0,853700.0
08/24/2020,79.33,79.47,75.2,76.87,0.0,0.0,570700.0
08/17/2020,82.18,82.9,77.27,78.47,0.0,0.0,764400.0
08/10/2020,81.05,82.83,79.0,81.33,0.0,0.0,618200.0
08/03/2020,77.06,86.9999,76.0,81.05,0.0,0.0,1101500.0
07/27/2020,75.09,78.56,75.02,76.55,0.0,0.0,566900.0
07/20/2020,78.0,79.9799,74.65,75.29,0.0,0.0,1066700.0
07/13/2020,77.01,79.08,74.06,78.0,0.0,0.0,735300.0
07/06/2020,78.85,79.7999,75.38,76.42,0.0,0.0,825900.0
06/29/2020,77.55,80.765,75.78,77.71,0.0,0.0,1128800.0
06/22/2020,67.81,79.41,67.59,77.02,0.0,0.0,2388800.0
06/15/2020,68.15,72.81,67.56,67.59,0.0,0.0,1373500.0
06/08/2020,77.91,79.5359,67.21,69.57,0.0,0.0,1329000.0
06/01/2020,70.96,79.45,69.2,76.41,0.0,0.0,1073500.0
05/25/2020,67.0,71.07,66.0,70.83,0.0,0.0,947200.0
05/18/2020,62.91,66.5862,62.08,65.35,0.0,0.0,849300.0
05/11/2020,61.0,63.74,57.6091,61.88,0.0,0.0,1097700.0
05/04/2020,58.48,62.19,57.62,61.27,0.0,0.0,715000.0
04/27/2020,56.0,61.87,55.82,59.22,0.0,0.0,1057000.0
04/20/2020,57.28,58.55,53.78,55.67,0.0,0.0,581800.0
04/13/2020,57.24,60.765,53.15,58.56,0.0,0.0,1213300.0
04/06/2020,54.54,59.8,53.7,59.0,0.0,0.0,874200.0
03/30/2020,55.61,61.55,52.58,53.72,0.0,0.0,1465700.0
03/23/2020,53.45,58.5,50.78,55.29,0.0,0.0,1970700.0
03/16/2020,45.36,59.13,45.0,53.45,0.0,0.0,2071100.0
03/09/2020,55.16,58.86,46.01,50.41,0.0,0.0,1591100.0
03/02/2020,51.9,61.28,50.3,61.15,0.0,0.0,1736400.0
02/24/2020,61.92,64.155,50.52,51.39,0.0,0.0,1736700.0
02/17/2020,63.82,64.19,61.285,64.03,0.0,0.0,996600.0
02/10/2020,67.75,70.38,62.5,63.82,0.0,0.0,1152900.0
02/03/2020,66.46,72.7,66.4,67.8,0.0,0.0,869800.0
01/27/2020,66.79,68.25,65.94,66.61,0.0,0.0,923200.0
01/20/2020,70.32,71.1082,67.09,67.93,0.0,0.0,589300.0
01/13/2020,69.91,72.7,69.865,70.84,0.0,0.0,1001900.0
01/06/2020,71.52,71.6,66.19,69.63,0.0,0.0,1570800.0
12/30/2019,62.04,67.48,61.52,67.31,0.0,0.0,845300.0
12/23/2019,63.5,64.75,61.93,62.05,0.0,0.0,467000.0
12/16/2019,61.51,64.6879,61.51,63.4,0.0,0.0,1196700.0
12/09/2019,62.51,63.45,59.947,61.81,0.0,0.0,796800.0
12/02/2019,65.0,68.35,59.95,62.5,0.0,0.0,1883800.0
11/25/2019,58.73,63.4,58.55,61.34,0.0,0.0,687300.0
11/18/2019,62.58,62.67,58.03,58.4,0.0,0.0,668400.0
11/11/2019,61.43,63.27,60.2201,62.68,0.0,0.0,617500.0
11/04/2019,61.1,62.26,58.635,61.78,0.0,0.0,693700.0
10/28/2019,57.26,60.92,57.26,60.415,0.0,0.0,809800.0
10/21/2019,58.17,59.21,56.45,56.79,0.0,0.0,679100.0
10/14/2019,56.06,62.33,55.59,57.84,0.0,0.0,1025600.0
10/07/2019,54.12,57.31,53.31,56.38,0.0,0.0,587100.0
09/30/2019,53.11,54.51,51.35,54.42,0.0,0.0,921300.0
09/23/2019,61.25,61.96,52.28,53.28,0.0,0.0,1317900.0
09/16/2019,63.01,63.96,60.32,61.27,0.0,0.0,1727300.0
09/09/2019,58.16,62.61,56.1,60.88,0.0,0.0,1112800.0
09/02/2019,51.03,58.55,50.39,56.94,0.0,0.0,1597600.0
08/26/2019,50.35,53.2425,48.61,51.53,0.0,0.0,904000.0
08/19/2019,53.17,53.685,50.59,50.78,0.0,0.0,678900.0
08/12/2019,52.11,53.305,49.69,52.52,0.0,0.0,574800.0
08/05/2019,51.46,54.16,50.15,52.44,0.0,0.0,863800.0
07/29/2019,54.18,56.99,51.59,52.54,0.0,0.0,738300.0
07/22/2019,54.36,55.625,53.0,54.22,0.0,0.0,713700.0
07/15/2019,55.9,56.365,53.1,54.27,0.0,0.0,870200.0
07/08/2019,56.45,58.24,54.2,55.85,0.0,0.0,1052200.0
07/01/2019,57.21,57.59,53.9,56.31,0.0,0.0,841500.0
06/24/2019,63.87,63.895,54.61,56.77,0.0,0.0,3228400.0
06/17/2019,62.47,65.42,60.95,63.99,0.0,0.0,1497100.0
06/10/2019,64.5,64.93,61.385,62.55,0.0,0.0,931900.0
06/03/2019,64.77,67.6707,63.17,64.02,0.0,0.0,762500.0
05/27/2019,66.28,67.8694,64.52,64.75,0.0,0.0,462400.0
05/20/2019,67.06,69.93,65.18,66.2,0.0,0.0,624100.0
05/13/2019,64.37,70.85,62.5,66.76,0.0,0.0,1216400.0
05/06/2019,67.63,68.95,64.22,65.84,0.0,0.0,853500.0
04/29/2019,69.53,71.24,66.09,68.96,0.0,0.0,1000700.0
04/22/2019,67.0,69.68,65.94,69.53,0.0,0.0,1027100.0
04/15/2019,67.93,68.78,64.05,67.14,0.0,0.0,791000.0
04/08/2019,68.37,68.76,65.38,67.82,0.0,0.0,1069400.0
04/01/2019,68.72,70.81,67.75,68.6,0.0,0.0,1096700.0
03/25/2019,67.69,70.975,65.67,68.41,0.0,0.0,1217800.0
03/18/2019,71.35,72.7,67.2564,67.69,0.0,0.0,1617200.0
03/11/2019,78.72,82.2593,70.9,71.04,0.0,0.0,2616200.0
03/04/2019,79.69,95.38,76.34,78.69,0.0,0.0,4095200.0
02/25/2019,82.79,83.5,77.5,79.44,0.0,0.0,1060500.0
02/18/2019,82.31,82.95,80.8,82.46,0.0,0.0,631800.0
02/11/2019,76.23,82.05,75.46,82.0,0.0,0.0,856000.0
02/04/2019,74.84,79.01,73.72,75.87,0.0,0.0,808700.0
01/28/2019,78.0,78.41,73.67,74.76,0.0,0.0,1247900.0
01/21/2019,76.29,78.78,72.21,78.7,0.0,0.0,807300.0
01/14/2019,72.96,77.49,72.48,76.75,0.0,0.0,840600.0
01/07/2019,68.1,75.21,67.2,73.75,0.0,0.0,1124200.0
12/31/2018,68.32,69.38,66.01,68.37,0.0,0.0,1035800.0
12/24/2018,64.0,69.92,63.01,67.57,0.0,0.0,947700.0
12/17/2018,74.75,75.165,64.54,64.82,0.0,0.0,2473800.0
12/10/2018,69.88,75.9,68.0,75.41,0.0,0.0,1353800.0
12/03/2018,78.42,78.525,68.22,69.81,0.0,0.0,1905300.0
11/26/2018,91.61,94.49,75.27,76.6,0.0,0.0,2555700.0
11/19/2018,100.07,100.33,85.74,90.37,0.0,0.0,761900.0
11/12/2018,102.45,102.45,93.01,100.03,0.0,0.0,986000.0
11/05/2018,94.04,103.46,93.2,102.42,0.0,0.0,1154300.0
10/29/2018,89.96,96.12,84.345,93.88,0.0,0.0,1413300.0
10/22/2018,92.83,95.31,87.1,89.95,0.0,0.0,1285900.0
10/15/2018,92.68,97.95,91.5,92.84,0.0,0.0,1154000.0
10/08/2018,101.37,103.84,91.01,92.69,0.0,0.0,1996500.0
10/01/2018,113.28,113.63,100.34,102.07,0.0,0.0,1861600.0
09/24/2018,106.82,112.95,105.26,112.17,0.0,0.0,1604900.0
09/17/2018,116.81,121.32,106.37,107.16,0.0,0.0,4108700.0
09/10/2018,100.5,119.95,100.17,116.51,0.0,0.0,3312300.0
09/03/2018,88.98,103.98,85.22,100.43,0.0,0.0,2943100.0
08/27/2018,85.52,88.46,85.1,87.96,0.0,0.0,966900.0
08/20/2018,84.94,87.53,83.24,85.32,0.0,0.0,1062600.0
08/13/2018,79.86,84.69,79.73,84.47,0.0,0.0,1031000.0
08/06/2018,75.2,80.03,74.98,79.79,0.0,0.0,946600.0
07/30/2018,72.37,76.59,71.21,75.02,0.0,0.0,1161100.0
07/23/2018,75.27,76.32,71.72,72.09,0.0,0.0,1942600.0
07/16/2018,73.17,76.11,71.63,75.24,0.0,0.0,1362200.0
07/09/2018,72.95,74.05,71.31,73.37,0.0,0.0,1434300.0
07/02/2018,71.21,72.61,68.55,72.07,0.0,0.0,1356400.0
06/25/2018,59.48,73.63,56.0,71.43,0.0,0.0,5357000.0
06/18/2018,59.0,60.31,57.37,59.42,0.0,0.0,1797800.0
06/11/2018,60.86,60.86,58.19,59.33,0.0,0.0,2101800.0
06/04/2018,58.64,61.15,57.76,61.02,0.0,0.0,1056900.0
05/28/2018,57.6,59.29,56.96,58.5,0.0,0.0,811700.0
05/21/2018,55.89,58.86,55.12,57.94,0.0,0.0,1193000.0
05/14/2018,60.15,60.15,49.69,56.09,0.0,0.0,3767100.0
05/07/2018,56.61,62.195,56.61,59.86,0.0,0.0,1230600.0
04/30/2018,54.78,56.76,53.34,56.48,0.0,0.0,1067600.0
04/23/2018,56.67,56.98,53.05,54.58,0.0,0.0,888100.0
04/16/2018,56.84,58.06,56.12,56.69,0.0,0.0,1074100.0
04/09/2018,45.34,56.88,45.305,56.24,0.0,0.0,2824800.0
04/02/2018,45.52,46.85,44.68,45.08,0.0,0.0,1216600.0
03/26/2018,45.9,47.03,44.26,45.51,0.0,0.0,992700.0
03/19/2018,46.59,48.96,45.01,45.05,0.0,0.0,1373400.0
03/12/2018,47.37,49.2,46.76,46.92,0.0,0.0,2622700.0
03/05/2018,49.81,51.015,41.6,47.28,0.0,0.0,4997500.0
02/26/2018,50.24,51.86,47.44,49.98,0.0,0.0,1178600.0
02/19/2018,51.48,51.76,49.41,50.19,0.0,0.0,608300.0
02/12/2018,48.26,53.11,47.005,51.74,0.0,0.0,1079400.0
02/05/2018,49.23,49.78,45.6,47.98,0.0,0.0,1645800.0
01/29/2018,53.0,53.5,49.14,49.78,0.0,0.0,1355800.0
01/22/2018,53.5,54.4,52.56,53.17,0.0,0.0,999200.0
01/15/2018,54.62,55.34,52.02,53.6,0.0,0.0,885100.0
01/08/2018,53.25,54.76,52.33,54.07,0.0,0.0,1672600.0
01/01/2018,56.4,56.93,52.69,53.4,0.0,0.0,1831000.0
12/25/2017,56.67,57.83,55.71,56.16,0.0,0.0,947900.0
12/18/2017,56.78,58.99,56.34,56.67,0.0,0.0,1992700.0
12/11/2017,55.83,56.51,53.4,55.75,0.0,0.0,3438500.0
12/04/2017,45.5,58.23,42.96,55.66,0.0,0.0,7201000.0
11/27/2017,45.0,46.0,43.22,44.72,0.0,0.0,1206400.0
11/20/2017,42.67,45.5,42.52,45.0,0.0,0.0,751600.0
11/13/2017,43.46,43.87,41.53,42.73,0.0,0.0,1162700.0
11/06/2017,50.37,51.25,42.115,43.77,0.0,0.0,3207600.0
10/30/2017,50.93,51.72,50.08,50.35,0.0,0.0,1116800.0
10/23/2017,52.66,53.33,51.06,51.38,0.0,0.0,822800.0
10/16/2017,53.28,53.86,49.5,52.65,0.0,0.0,1414700.0
10/09/2017,53.8,55.0,53.08,53.21,0.0,0.0,939900.0
10/02/2017,54.11,55.75,53.08,53.3,0.0,0.0,1577400.0
09/25/2017,51.9,54.7,51.6,54.12,0.0,0.0,2130200.0
09/18/2017,48.96,53.405,48.69,51.69,0.0,0.0,2206900.0
09/11/2017,48.87,49.33,48.22,48.49,0.0,0.0,1699000.0
09/04/2017,49.1,51.04,48.58,48.71,0.0,0.0,1536500.0
08/28/2017,39.16,50.0,38.71,49.15,0.0,0.0,4938400.0
08/21/2017,37.47,39.88,37.07,38.83,0.0,0.0,1026900.0
08/14/2017,38.75,38.75,37.01,37.47,0.0,0.0,755600.0
08/07/2017,37.28,40.07,37.165,38.31,0.0,0.0,1207100.0
07/31/2017,37.76,38.0,36.71,37.26,0.0,0.0,1104300.0
07/24/2017,38.45,38.71,37.14,37.75,0.0,0.0,903600.0
07/17/2017,39.47,39.63,37.9,38.3,0.0,0.0,1454400.0
07/10/2017,38.8,40.0,38.49,39.47,0.0,0.0,1453000.0
07/03/2017,37.45,40.1,37.21,38.67,0.0,0.0,1965500.0
06/26/2017,30.93,38.6,30.05,38.2,0.0,0.0,3306700.0
06/19/2017,31.14,31.49,30.51,30.77,0.0,0.0,853500.0
06/12/2017,31.08,31.57,30.42,31.0,0.0,0.0,737100.0
06/05/2017,32.45,32.53,30.53,31.09,0.0,0.0,884400.0
05/29/2017,31.15,32.65,30.69,32.4,0.0,0.0,595500.0
05/22/2017,31.05,31.66,31.0,31.21,0.0,0.0,641100.0
05/15/2017,30.53,31.6,30.03,30.85,0.0,0.0,770100.0
05/08/2017,28.97,30.5,28.78,30.4,0.0,0.0,497000.0
05/01/2017,28.63,29.16,28.13,28.96,0.0,0.0,526600.0
04/24/2017,29.14,29.96,28.54,28.57,0.0,0.0,794300.0
04/17/2017,27.47,29.14,27.33,28.73,0.0,0.0,543300.0
04/10/2017,27.95,28.37,27.07,27.41,0.0,0.0,461100.0
04/03/2017,28.27,28.34,26.92,27.96,0.0,0.0,742700.0
03/27/2017,26.93,28.17,26.42,28.03,0.0,0.0,707200.0
03/20/2017,29.77,29.84,26.81,26.97,0.0,0.0,779400.0
03/13/2017,27.34,29.92,26.85,29.79,0.0,0.0,1115400.0
03/06/2017,26.93,28.08,25.66,27.26,0.0,0.0,1609100.0
02/27/2017,26.58,27.66,26.58,26.93,0.0,0.0,655000.0
02/20/2017,27.03,27.28,25.92,26.58,0.0,0.0,395300.0
02/13/2017,26.69,27.22,26.4,26.97,0.0,0.0,598100.0
02/06/2017,26.24,26.88,25.8,26.4,0.0,0.0,631500.0
01/30/2017,25.92,26.48,25.42,26.41,0.0,0.0,490100.0
01/23/2017,25.22,26.5,24.7,25.96,0.0,0.0,504800.0
01/16/2017,25.95,25.95,25.04,25.23,0.0,0.0,397600.0
01/09/2017,26.18,26.39,25.12,25.86,0.0,0.0,551800.0
01/02/2017,27.13,27.43,26.02,26.38,0.0,0.0,539300.0
12/26/2016,26.74,27.51,26.51,26.83,0.0,0.0,465100.0
12/19/2016,27.17,28.19,26.54,26.84,0.0,0.0,710500.0
12/12/2016,28.89,28.89,27.14,27.26,0.0,0.0,1205500.0
12/05/2016,28.0,29.42,25.76,28.88,0.0,0.0,2428900.0
11/28/2016,28.38,28.84,27.53,28.0,0.0,0.0,754000.0
11/21/2016,27.67,28.68,27.01,28.54,0.0,0.0,533200.0
11/14/2016,28.29,28.8,27.06,27.55,0.0,0.0,784100.0
11/07/2016,24.44,28.13,23.82,27.95,0.0,0.0,1156000.0
10/31/2016,23.62,24.35,23.4,24.0,0.0,0.0,667900.0
10/24/2016,22.64,24.07,22.62,23.69,0.0,0.0,720900.0
10/17/2016,22.35,22.72,22.16,22.28,0.0,0.0,425700.0
10/10/2016,23.48,23.91,22.24,22.44,0.0,0.0,535400.0
10/03/2016,24.35,24.8,23.35,23.42,0.0,0.0,566800.0
09/26/2016,24.5,25.01,24.06,24.41,0.0,0.0,727500.0
09/19/2016,23.51,25.62,23.51,24.66,0.0,0.0,933500.0
09/12/2016,23.69,24.16,23.03,23.48,0.0,0.0,801100.0
09/05/2016,24.98,25.18,23.7,23.71,0.0,0.0,721100.0
08/29/2016,29.47,30.08,23.51,24.83,0.0,0.0,2861800.0
08/22/2016,29.39,29.85,29.07,29.5,0.0,0.0,438300.0
08/15/2016,28.4,29.33,28.4,29.31,0.0,0.0,376200.0
08/08/2016,28.77,29.09,28.0,28.43,0.0,0.0,367600.0
08/01/2016,28.44,29.04,27.82,28.65,0.0,0.0,316600.0
07/25/2016,27.48,28.73,27.37,28.35,0.0,0.0,556800.0
07/18/2016,27.49,27.95,27.24,27.49,0.0,0.0,494900.0
07/11/2016,27.22,27.87,27.05,27.63,0.0,0.0,804800.0
07/04/2016,27.95,27.99,26.48,27.13,0.0,0.0,666600.0
06/27/2016,29.29,29.42,26.02,27.97,0.0,0.0,1999200.0
06/20/2016,30.81,31.39,28.57,29.5,0.0,0.0,1362300.0
06/13/2016,31.82,31.98,30.12,30.5,0.0,0.0,729600.0
06/06/2016,29.53,32.44,29.53,32.01,0.0,0.0,1254800.0
05/30/2016,29.39,30.2,28.64,29.58,0.0,0.0,496600.0
05/23/2016,28.02,29.4,27.6,29.39,0.0,0.0,436200.0
05/16/2016,27.99,28.38,27.11,28.0,0.0,0.0,475200.0
05/09/2016,28.3,28.91,27.66,27.84,0.0,0.0,447200.0
05/02/2016,28.86,29.4,27.57,28.49,0.0,0.0,526000.0
04/25/2016,28.69,29.94,28.5,28.88,0.0,0.0,511000.0
04/18/2016,27.96,29.31,27.8,28.91,0.0,0.0,611500.0
04/11/2016,28.07,28.74,27.68,28.18,0.0,0.0,485600.0
04/04/2016,27.93,28.93,26.99,28.02,0.0,0.0,763400.0
03/28/2016,27.75,29.0,27.26,28.07,0.0,0.0,797500.0
03/21/2016,28.21,28.36,26.65,27.63,0.0,0.0,417300.0
03/14/2016,26.8,28.3,26.52,28.18,0.0,0.0,727500.0
03/07/2016,26.23,28.47,25.85,26.88,0.0,0.0,1472200.0
02/29/2016,25.17,26.52,24.85,26.29,0.0,0.0,602300.0
02/22/2016,26.22,26.28,24.43,25.21,0.0,0.0,524300.0
02/15/2016,24.27,26.42,24.0,26.09,0.0,0.0,524300.0
02/08/2016,24.0,24.75,23.13,24.0,0.0,0.0,559600.0
02/01/2016,25.26,25.65,24.17,24.18,0.0,0.0,571700.0
01/25/2016,24.7,25.62,24.14,25.51,0.0,0.0,889100.0
01/18/2016,26.23,26.23,23.69,24.67,0.0,0.0,751300.0
01/11/2016,26.94,27.49,25.26,26.04,0.0,0.0,785100.0
01/04/2016,28.71,29.04,26.67,26.73,0.0,0.0,1108600.0
12/28/2015,30.13,30.32,28.86,29.47,0.0,0.0,590100.0
12/21/2015,29.23,29.99,28.89,29.77,0.0,0.0,475900.0
12/14/2015,28.29,29.98,28.01,29.06,0.0,0.0,1233700.0
12/07/2015,25.05,30.65,24.01,28.64,0.0,0.0,2323400.0
11/30/2015,25.58,25.92,24.7,25.03,0.0,0.0,817200.0
11/23/2015,24.06,26.21,23.75,25.53,0.0,0.0,746500.0
11/16/2015,22.07,24.17,22.06,24.01,0.0,0.0,766500.0
11/09/2015,23.67,23.81,21.85,22.01,0.0,0.0,505800.0
11/02/2015,23.03,25.13,22.81,23.72,0.0,0.0,556900.0
10/26/2015,22.64,23.23,22.01,23.07,0.0,0.0,614900.0
10/19/2015,21.17,22.83,21.1,22.58,0.0,0.0,723400.0
10/12/2015,21.75,22.14,20.79,21.34,0.0,0.0,770000.0
10/05/2015,20.81,21.78,20.69,21.75,0.0,0.0,921100.0
09/28/2015,20.94,20.95,19.38,20.68,0.0,0.0,1123900.0
09/21/2015,20.32,21.2,19.1,20.98,0.0,0.0,1756600.0
09/14/2015,22.1,22.1,20.12,20.17,0.0,0.0,1018300.0
09/07/2015,20.68,20.93,20.13,20.44,0.0,0.0,797200.0
08/31/2015,25.0,25.0,20.35,20.37,0.0,0.0,2464500.0
08/24/2015,22.5,24.26,22.0,24.08,0.0,0.0,806600.0
08/17/2015,26.24,26.39,24.0,24.38,0.0,0.0,869500.0
08/10/2015,26.18,27.0,25.8,26.28,0.0,0.0,699500.0
08/03/2015,26.1,26.81,25.51,26.04,0.0,0.0,560100.0
07/27/2015,26.04,26.6,25.56,26.06,0.0,0.0,464900.0
07/20/2015,28.45,28.45,26.13,26.24,0.0,0.0,682800.0
07/13/2015,27.27,28.55,27.26,28.28,0.0,0.0,933100.0
07/06/2015,27.45,28.14,26.37,27.16,0.0,0.0,1021500.0
06/29/2015,26.32,29.22,25.76,27.56,0.0,0.0,1775400.0
06/22/2015,27.12,27.5,26.39,26.46,0.0,0.0,844100.0
06/15/2015,26.77,27.46,26.46,27.23,0.0,0.0,457800.0
06/08/2015,26.41,27.17,26.04,27.09,0.0,0.0,410800.0
06/01/2015,26.0,27.23,25.43,26.55,0.0,0.0,489500.0
05/25/2015,26.01,26.44,25.39,25.85,0.0,0.0,375200.0
05/18/2015,26.47,26.69,26.0,26.24,0.0,0.0,480100.0
05/11/2015,26.21,27.07,25.7,26.61,0.0,0.0,551000.0
05/04/2015,25.56,26.26,25.01,26.2,0.0,0.0,701700.0
04/27/2015,26.26,26.82,25.18,25.46,0.0,0.0,589400.0
04/20/2015,26.06,26.66,25.85,26.26,0.0,0.0,541400.0
04/13/2015,26.42,26.69,25.9,25.98,0.0,0.0,669400.0
04/06/2015,26.26,27.1,26.26,26.51,0.0,0.0,515800.0
03/30/2015,26.58,26.8,26.02,26.45,0.0,0.0,341800.0
03/23/2015,26.89,27.31,26.28,26.53,0.0,0.0,594100.0
03/16/2015,25.69,26.97,25.29,26.85,0.0,0.0,761600.0
03/09/2015,25.55,26.25,25.0,25.58,0.0,0.0,616200.0
03/02/2015,27.45,28.92,25.31,25.51,0.0,0.0,1292900.0
02/23/2015,27.78,28.5,27.31,27.41,0.0,0.0,495200.0
02/16/2015,27.0,28.19,27.0,27.88,0.0,0.0,551400.0
02/09/2015,27.18,27.58,25.94,26.86,0.0,0.0,793600.0
02/02/2015,25.69,27.3,25.43,27.21,0.0,0.0,774200.0
01/26/2015,25.71,26.11,25.21,25.59,0.0,0.0,777200.0
01/19/2015,25.13,26.0,24.8,25.7,0.0,0.0,638600.0
01/12/2015,26.06,26.24,24.88,25.17,0.0,0.0,731000.0
01/05/2015,26.68,26.83,24.73,26.14,0.0,0.0,1149600.0
12/29/2014,27.73,28.2,26.65,26.95,0.0,0.0,678200.0
12/22/2014,28.24,28.24,27.16,27.82,0.0,0.0,519900.0
12/15/2014,26.86,28.36,26.43,28.26,0.0,0.0,1488600.0
12/08/2014,27.66,27.92,26.44,26.76,0.0,0.0,1313200.0
12/01/2014,27.44,27.9,26.04,27.74,0.0,0.0,1212800.0
11/24/2014,29.54,30.78,27.14,27.71,0.0,0.0,2059900.0
11/17/2014,29.18,30.2,28.83,29.62,0.0,0.0,681700.0
11/10/2014,28.75,30.17,28.35,29.18,0.0,0.0,871000.0
11/03/2014,30.57,30.87,29.62,29.81,0.0,0.0,663500.0
10/27/2014,29.0,30.96,28.27,30.65,0.0,0.0,700100.0
10/20/2014,27.94,29.37,27.91,29.25,0.0,0.0,817500.0
10/13/2014,27.75,29.77,27.2,28.2,0.0,0.0,1155200.0
10/06/2014,30.06,30.49,27.68,27.75,0.0,0.0,1465800.0
09/29/2014,30.72,31.23,28.61,30.08,0.0,0.0,1237700.0
09/22/2014,30.35,31.32,29.14,31.23,0.0,0.0,1475700.0
09/15/2014,31.32,31.94,30.37,30.44,0.0,0.0,1055000.0
09/08/2014,30.05,32.15,30.0,31.3,0.0,0.0,1560200.0
09/01/2014,31.8,33.85,29.99,30.09,0.0,0.0,2689600.0
08/25/2014,31.99,32.22,31.1,31.54,0.0,0.0,737300.0
08/18/2014,31.28,32.48,31.11,31.68,0.0,0.0,849300.0
08/11/2014,31.05,31.87,30.53,31.1,0.0,0.0,930400.0
08/04/2014,31.46,31.59,29.46,30.89,0.0,0.0,1308600.0
07/28/2014,32.87,32.88,30.5,31.27,0.0,0.0,1291800.0
07/21/2014,33.64,34.69,32.5,32.58,0.0,0.0,1315500.0
07/14/2014,33.5,35.93,33.05,33.8,0.0,0.0,2104600.0
07/07/2014,32.1,36.45,30.3,33.43,0.0,0.0,5722300.0
06/30/2014,31.51,33.43,31.19,31.99,0.0,0.0,1041000.0
06/23/2014,31.65,32.62,31.15,31.39,0.0,0.0,1514500.0
06/16/2014,34.82,35.19,31.31,31.42,0.0,0.0,1771900.0
06/09/2014,33.29,36.5,33.29,34.64,0.0,0.0,1161400.0
06/02/2014,32.24,33.77,31.48,33.42,0.0,0.0,745300.0
05/26/2014,32.85,32.93,31.71,32.12,0.0,0.0,648500.0
05/19/2014,31.05,32.57,30.2,32.53,0.0,0.0,1174500.0
05/12/2014,33.89,35.17,31.16,31.53,0.0,0.0,1373600.0
05/05/2014,33.25,34.23,31.82,33.11,0.0,0.0,1197300.0
04/28/2014,33.83,34.37,32.5,33.67,0.0,0.0,1250000.0
04/21/2014,36.44,36.97,33.47,33.79,0.0,0.0,1339000.0
04/14/2014,35.0,36.68,34.41,36.28,0.0,0.0,1350900.0
04/07/2014,37.01,37.9,34.35,34.89,0.0,0.0,1981100.0
03/31/2014,39.6,41.67,37.25,37.37,0.0,0.0,2156200.0
03/24/2014,39.67,41.45,38.54,39.19,0.0,0.0,3171700.0
03/17/2014,37.59,40.5,36.43,39.25,0.0,0.0,2994500.0
03/10/2014,35.83,38.0,34.59,37.22,0.0,0.0,2418300.0
03/03/2014,31.0,39.5,30.27,36.0,0.0,0.0,6611700.0
02/24/2014,33.07,34.25,31.14,31.24,0.0,0.0,1481700.0
02/17/2014,31.7,33.22,31.26,32.98,0.0,0.0,1151000.0
02/10/2014,29.81,31.69,29.23,31.5,0.0,0.0,1091700.0
02/03/2014,29.82,31.27,27.34,29.72,0.0,0.0,1392400.0
01/27/2014,29.23,30.16,28.05,29.82,0.0,0.0,1129500.0
01/20/2014,30.5,31.2,29.19,29.23,0.0,0.0,977200.0
01/13/2014,29.72,30.82,29.27,29.91,0.0,0.0,2074600.0
01/06/2014,28.85,29.0,27.34,27.99,0.0,0.0,1215100.0
12/30/2013,28.76,29.43,28.14,28.5,0.0,0.0,1353600.0
12/23/2013,28.41,29.09,28.05,28.5,0.0,0.0,634700.0
12/16/2013,28.42,28.97,28.0,28.35,0.0,0.0,900400.0
12/09/2013,29.66,30.16,27.11,28.03,0.0,0.0,1596900.0
12/02/2013,30.5,31.5,29.28,29.55,0.0,0.0,1361700.0
11/25/2013,27.46,30.55,26.73,30.17,0.0,0.0,1638000.0
11/18/2013,27.55,27.76,27.11,27.49,0.0,0.0,1050900.0
11/11/2013,27.86,28.07,27.01,27.33,0.0,0.0,617800.0
11/04/2013,27.15,28.6,27.07,27.83,0.0,0.0,1012900.0
10/28/2013,26.39,27.65,26.14,27.15,0.0,0.0,792800.0
10/21/2013,25.06,26.5,24.58,26.42,0.0,0.0,745100.0
10/14/2013,23.55,25.01,23.28,24.98,0.0,0.0,854300.0
10/07/2013,22.44,23.74,21.66,23.68,0.0,0.0,882700.0
09/30/2013,22.76,23.3,22.21,22.6,0.0,0.0,661500.0
09/23/2013,22.96,23.06,22.3,22.94,0.0,0.0,847100.0
09/16/2013,23.29,23.48,22.65,22.86,0.0,0.0,892100.0
09/09/2013,22.46,23.47,22.29,23.26,0.0,0.0,864000.0
09/02/2013,22.05,22.5,21.86,22.32,0.0,0.0,608300.0
08/26/2013,22.63,23.08,20.78,21.91,0.0,0.0,1332400.0
08/19/2013,22.54,23.43,22.08,22.65,0.0,0.0,730200.0
08/12/2013,22.8,23.39,22.32,22.56,0.0,0.0,640500.0
08/05/2013,22.92,23.56,22.62,22.75,0.0,0.0,471900.0
07/29/2013,22.66,23.11,22.22,22.9,0.0,0.0,640800.0
07/22/2013,22.85,23.34,22.36,22.66,0.0,0.0,1115300.0
07/15/2013,20.75,23.97,20.5,22.8,0.0,0.0,1964100.0
07/08/2013,20.09,21.11,20.01,20.58,0.0,0.0,586200.0
07/01/2013,20.18,20.48,19.61,20.0,0.0,0.0,588500.0
06/24/2013,19.57,20.49,19.3,20.18,0.0,0.0,2529600.0
06/17/2013,19.73,19.85,19.25,19.61,0.0,0.0,1121700.0
06/10/2013,19.79,20.0,19.56,19.61,0.0,0.0,1036100.0
06/03/2013,20.1,20.36,19.64,19.81,0.0,0.0,1363600.0
05/27/2013,20.66,21.37,20.01,20.07,0.0,0.0,776300.0
05/20/2013,20.13,20.81,19.52,20.42,0.0,0.0,785900.0
05/13/2013,19.82,20.56,19.56,20.13,0.0,0.0,1152100.0
05/06/2013,19.88,20.75,19.85,19.88,0.0,0.0,1035200.0
04/29/2013,18.96,20.33,18.88,19.88,0.0,0.0,838300.0
04/22/2013,18.0,19.04,17.87,18.97,0.0,0.0,865700.0
04/15/2013,18.17,18.39,17.82,18.05,0.0,0.0,1300400.0
04/08/2013,18.17,18.87,17.74,18.18,0.0,0.0,912700.0
04/01/2013,18.13,18.16,17.69,18.12,0.0,0.0,1456300.0
03/25/2013,18.54,18.64,17.85,18.13,0.0,0.0,1077100.0
03/18/2013,19.26,19.49,18.31,18.53,0.0,0.0,1446500.0
03/11/2013,19.05,19.65,18.99,19.46,0.0,0.0,1593700.0
03/04/2013,22.0,22.1,16.98,19.01,0.0,0.0,6839000.0
02/25/2013,22.54,22.55,21.8,22.03,0.0,0.0,666400.0
02/18/2013,22.56,23.06,22.04,22.48,0.0,0.0,664400.0
02/11/2013,22.45,23.18,22.25,22.43,0.0,0.0,1027800.0
02/04/2013,21.67,22.55,21.14,22.34,0.0,0.0,997800.0
01/28/2013,22.93,22.93,21.45,21.66,0.0,0.0,947200.0
01/21/2013,22.03,23.01,21.81,22.93,0.0,0.0,795400.0
01/14/2013,21.63,22.2,21.29,22.02,0.0,0.0,647200.0
01/07/2013,22.45,22.54,21.4,21.74,0.0,0.0,1011000.0
12/31/2012,21.72,22.86,21.25,22.63,0.0,0.0,540100.0
12/24/2012,21.45,22.14,21.35,21.64,0.0,0.0,522200.0
12/17/2012,22.24,22.47,21.25,21.63,0.0,0.0,1931000.0
12/10/2012,22.36,23.33,22.04,22.22,0.0,0.0,1044100.0
12/03/2012,20.25,23.7,19.96,22.37,0.0,0.0,2606500.0
11/26/2012,20.43,21.17,20.26,20.41,0.0,0.0,999900.0
11/19/2012,20.04,20.57,19.84,20.47,0.0,0.0,794500.0
11/12/2012,21.29,21.9,19.25,19.82,0.0,0.0,1660200.0
11/05/2012,22.04,23.14,20.07,21.26,0.0,0.0,737300.0
10/29/2012,22.17,22.88,21.94,21.97,0.0,0.0,627200.0
10/22/2012,22.75,22.98,21.8,21.95,0.0,0.0,514100.0
10/15/2012,23.47,24.04,22.72,22.78,0.0,0.0,507800.0
10/08/2012,24.19,24.21,23.17,23.4,0.0,0.0,738700.0
10/01/2012,23.5,24.64,23.39,24.3,0.0,0.0,910900.0
09/24/2012,22.95,23.9,22.79,23.45,0.0,0.0,786100.0
09/17/2012,22.9,23.21,22.58,22.97,0.0,0.0,590000.0
09/10/2012,23.15,23.31,22.03,23.02,0.0,0.0,835600.0
09/03/2012,23.81,24.24,21.56,23.37,0.0,0.0,1392600.0
08/27/2012,23.84,24.12,23.33,23.86,0.0,0.0,355800.0
08/20/2012,23.76,24.87,23.02,23.74,0.0,0.0,663700.0
08/13/2012,24.5,24.5,23.05,23.84,0.0,0.0,570000.0
08/06/2012,22.96,24.88,22.95,24.58,0.0,0.0,761900.0
07/30/2012,23.74,23.96,21.97,22.89,0.0,0.0,600300.0
07/23/2012,24.39,24.39,22.57,23.77,0.0,0.0,599600.0
07/16/2012,25.28,25.7,24.5,24.74,0.0,0.0,658300.0
07/09/2012,25.21,25.74,23.55,25.1,0.0,0.0,1216600.0
07/02/2012,26.44,26.46,25.17,25.36,0.0,0.0,858500.0
06/25/2012,25.6,27.82,24.89,26.31,0.0,0.0,2614400.0
06/18/2012,23.46,26.25,23.45,26.07,0.0,0.0,1635100.0
06/11/2012,23.84,23.98,23.0,23.54,0.0,0.0,652200.0
06/04/2012,22.21,23.94,22.0,23.58,0.0,0.0,955400.0
05/28/2012,21.72,22.39,21.14,22.2,0.0,0.0,1210900.0
05/21/2012,22.06,22.44,21.4,21.53,0.0,0.0,941100.0
05/14/2012,22.9,24.15,21.98,22.07,0.0,0.0,1303800.0
05/07/2012,23.35,23.86,22.49,23.13,0.0,0.0,927800.0
04/30/2012,24.4,25.14,23.2,23.36,0.0,0.0,1016300.0
04/23/2012,24.5,24.96,23.7,24.4,0.0,0.0,1170200.0
04/16/2012,26.14,26.15,24.39,24.74,0.0,0.0,1170500.0
04/09/2012,25.72,26.79,25.38,26.11,0.0,0.0,1037500.0
04/02/2012,26.87,27.07,25.96,26.16,0.0,0.0,1017400.0
03/26/2012,27.17,27.82,26.4,26.81,0.0,0.0,1330900.0
03/19/2012,27.31,27.6,26.31,27.14,0.0,0.0,1172800.0
03/12/2012,26.35,27.72,26.29,27.42,0.0,0.0,1536500.0
03/05/2012,27.81,27.95,25.33,26.14,0.0,0.0,2938800.0
02/27/2012,28.72,29.13,27.57,27.86,0.0,0.0,1609500.0
02/20/2012,29.15,29.37,28.16,28.72,0.0,0.0,966100.0
02/13/2012,30.65,30.76,27.65,28.7,0.0,0.0,2340100.0
02/06/2012,30.19,31.87,29.33,30.64,0.0,0.0,1901100.0
01/30/2012,28.21,29.01,27.6,28.76,0.0,0.0,1640200.0
01/23/2012,29.57,29.7,28.33,28.48,0.0,0.0,1066400.0
01/16/2012,29.61,29.88,29.29,29.59,0.0,0.0,573800.0
01/09/2012,30.22,30.69,29.17,29.29,0.0,0.0,884600.0
01/02/2012,31.61,32.0,28.61,29.95,0.0,0.0,1226800.0
12/26/2011,31.62,32.13,31.35,31.47,0.0,0.0,182900.0
12/19/2011,31.89,32.34,30.62,31.66,0.0,0.0,474000.0
12/12/2011,31.58,32.1,30.35,31.57,0.0,0.0,863900.0
12/05/2011,31.88,33.0,30.66,32.04,0.0,0.0,1299000.0
11/28/2011,30.0,31.4,29.3,31.24,0.0,0.0,997700.0
11/21/2011,30.66,30.98,28.65,28.78,0.0,0.0,362200.0
11/14/2011,31.92,33.24,31.04,31.22,0.0,0.0,530500.0
11/07/2011,32.37,33.1,31.3,31.95,0.0,0.0,537300.0
10/31/2011,33.87,33.87,31.0,32.36,0.0,0.0,520300.0
10/24/2011,32.35,34.28,31.89,34.04,0.0,0.0,883100.0
10/17/2011,29.27,32.1,28.55,31.98,0.0,0.0,975900.0
10/10/2011,30.6,30.89,29.66,30.11,0.0,0.0,534300.0
10/03/2011,28.11,30.59,26.83,30.01,0.0,0.0,810800.0
09/26/2011,27.26,30.16,26.97,28.15,0.0,0.0,750100.0
09/19/2011,29.5,30.11,26.43,26.93,0.0,0.0,914600.0
09/12/2011,27.51,30.2,27.51,29.99,0.0,0.0,1685000.0
09/05/2011,27.45,30.46,27.02,27.91,0.0,0.0,2097600.0
08/29/2011,28.12,30.15,27.78,28.43,0.0,0.0,982000.0
08/22/2011,25.99,28.52,25.27,27.73,0.0,0.0,1272400.0
08/15/2011,26.24,28.84,24.54,25.08,0.0,0.0,1434500.0
08/08/2011,26.78,27.61,24.01,26.16,0.0,0.0,1639700.0
08/01/2011,29.25,30.0,26.27,27.55,0.0,0.0,2197700.0
07/25/2011,31.02,31.25,28.03,28.83,0.0,0.0,1139600.0
07/18/2011,31.54,32.18,31.04,31.15,0.0,0.0,1147400.0
07/11/2011,35.89,36.0,31.21,31.52,0.0,0.0,2011500.0
07/04/2011,34.83,36.49,34.49,36.24,0.0,0.0,1586800.0
06/27/2011,34.32,35.96,34.07,35.52,0.0,0.0,1456200.0
06/20/2011,27.03,35.0,26.81,34.4,0.0,0.0,5447800.0
06/13/2011,29.19,29.52,26.83,27.05,0.0,0.0,1410700.0
06/06/2011,29.45,29.9,28.5,28.97,0.0,0.0,721100.0
05/30/2011,30.21,30.66,29.29,29.35,0.0,0.0,808200.0
05/23/2011,29.66,29.88,28.1,29.7,0.0,0.0,669000.0
05/16/2011,28.6,30.13,28.38,30.05,0.0,0.0,810800.0
05/09/2011,29.29,30.23,28.45,28.64,0.0,0.0,818900.0
05/02/2011,28.56,29.56,28.4,28.85,0.0,0.0,1201100.0
04/25/2011,27.8,29.27,27.67,28.65,0.0,0.0,834100.0
04/18/2011,28.26,28.26,27.2,27.61,0.0,0.0,742900.0
04/11/2011,29.23,29.23,27.86,28.51,0.0,0.0,1223400.0
04/04/2011,30.86,31.07,29.05,29.17,0.0,0.0,2165800.0
03/28/2011,34.75,35.96,30.04,30.82,0.0,0.0,2897400.0
03/21/2011,33.73,35.8,33.53,34.53,0.0,0.0,940800.0
03/14/2011,33.23,34.78,32.0,33.03,0.0,0.0,1296400.0
03/07/2011,29.03,34.35,28.05,33.59,0.0,0.0,3429000.0
02/28/2011,29.63,29.67,28.0,29.02,0.0,0.0,1116000.0
02/21/2011,29.15,29.78,28.05,29.39,0.0,0.0,561100.0
02/14/2011,28.47,29.92,27.95,29.43,0.0,0.0,727100.0
02/07/2011,27.92,29.93,27.69,28.39,0.0,0.0,1057900.0
01/31/2011,27.99,29.49,27.45,27.83,0.0,0.0,943700.0
01/24/2011,28.36,29.13,27.52,27.7,0.0,0.0,793300.0
01/17/2011,28.5,29.36,28.1,28.25,0.0,0.0,570100.0
01/10/2011,27.59,28.49,26.36,28.48,0.0,0.0,1066500.0
01/03/2011,27.01,29.91,26.93,27.99,0.0,0.0,1332700.0
12/27/2010,26.98,27.5,26.83,26.83,0.0,0.0,525300.0
12/20/2010,25.49,27.24,25.01,27.13,0.0,0.0,605700.0
12/13/2010,26.26,26.73,24.8,25.38,0.0,0.0,1368000.0
12/06/2010,24.06,27.29,23.26,26.37,0.0,0.0,2554300.0
11/29/2010,24.74,25.32,23.37,23.41,0.0,0.0,1073300.0
11/22/2010,24.03,25.39,23.89,25.01,0.0,0.0,520800.0
11/15/2010,22.92,24.15,22.25,24.08,0.0,0.0,869400.0
11/08/2010,23.62,23.99,22.63,22.81,0.0,0.0,379200.0
11/01/2010,23.5,24.41,23.0,23.62,0.0,0.0,957000.0
10/25/2010,22.93,24.0,22.77,23.46,0.0,0.0,492800.0
10/18/2010,22.55,22.94,21.82,22.8,0.0,0.0,649200.0
10/11/2010,23.26,23.78,22.48,22.51,0.0,0.0,648000.0
10/04/2010,22.49,23.49,22.01,23.39,0.0,0.0,460700.0
09/27/2010,22.31,22.64,21.8,22.59,0.0,0.0,594200.0
09/20/2010,21.9,22.99,21.25,22.26,0.0,0.0,738400.0
09/13/2010,22.08,22.36,21.25,21.91,0.0,0.0,1161700.0
09/06/2010,23.84,23.95,21.92,22.09,0.0,0.0,1589700.0
08/30/2010,22.98,24.4,22.21,23.99,0.0,0.0,887900.0
08/23/2010,23.25,23.69,22.5,23.11,0.0,0.0,593900.0
08/16/2010,22.44,23.96,22.4,23.21,0.0,0.0,520600.0
08/09/2010,23.8,24.36,22.5,22.57,0.0,0.0,761200.0
08/02/2010,24.15,24.47,23.2,23.74,0.0,0.0,754700.0
07/26/2010,24.61,25.5,23.7,23.91,0.0,0.0,818800.0
07/19/2010,23.35,24.6,22.83,24.49,0.0,0.0,834900.0
07/12/2010,23.01,25.48,22.89,23.3,0.0,0.0,1782700.0
07/05/2010,22.5,23.21,21.78,22.96,0.0,0.0,1443200.0
06/28/2010,21.59,22.95,21.15,21.38,0.0,0.0,2577500.0
06/21/2010,24.99,25.0,20.7,21.43,0.0,0.0,4697000.0
06/14/2010,25.15,25.7,24.44,24.77,0.0,0.0,1264400.0
06/07/2010,25.48,25.86,24.26,25.02,0.0,0.0,845700.0
05/31/2010,24.91,25.9,24.46,25.48,0.0,0.0,681400.0
05/24/2010,25.28,25.44,24.23,25.04,0.0,0.0,647400.0
05/17/2010,26.85,28.17,24.63,25.35,0.0,0.0,1146700.0
05/10/2010,25.55,27.88,24.55,26.76,0.0,0.0,1085100.0
05/03/2010,26.4,27.18,24.06,24.52,0.0,0.0,1376100.0
04/26/2010,27.49,27.58,26.13,26.18,0.0,0.0,846800.0
04/19/2010,25.54,28.15,25.3,27.34,0.0,0.0,2258100.0
04/12/2010,24.65,25.92,24.41,25.11,0.0,0.0,1336500.0
04/05/2010,26.14,26.14,23.82,24.64,0.0,0.0,1807100.0
03/29/2010,24.48,27.25,24.4,25.99,0.0,0.0,2475400.0
03/22/2010,24.26,24.89,23.74,24.48,0.0,0.0,1402800.0
03/15/2010,24.2,24.87,23.05,24.24,0.0,0.0,2128300.0
03/08/2010,24.9,25.12,21.64,24.27,0.0,0.0,5328300.0
03/01/2010,24.25,25.15,23.21,24.96,0.0,0.0,1790700.0
02/22/2010,25.49,27.42,24.0,24.25,0.0,0.0,1942600.0
02/15/2010,24.54,25.72,24.24,25.35,0.0,0.0,1744100.0
02/08/2010,24.28,24.43,22.31,24.37,0.0,0.0,3316900.0
02/01/2010,34.1,34.11,23.0,24.15,0.0,0.0,6923300.0
01/25/2010,34.44,35.38,33.23,34.07,0.0,0.0,1776500.0
01/18/2010,33.77,34.61,32.33,33.79,0.0,0.0,1040800.0
01/11/2010,29.27,35.21,29.1,33.32,0.0,0.0,2559300.0
01/04/2010,30.01,30.01,28.0,29.08,0.0,0.0,1207400.0
12/28/2009,29.0,30.13,28.53,29.08,0.0,0.0,516600.0
12/21/2009,28.52,29.6,28.51,29.02,0.0,0.0,430200.0
12/14/2009,29.66,30.38,28.35,28.4,0.0,0.0,661000.0
12/07/2009,29.01,31.45,28.33,29.52,0.0,0.0,1350300.0
11/30/2009,28.98,30.9,28.12,29.1,0.0,0.0,1135900.0
11/23/2009,28.41,29.32,28.41,28.95,0.0,0.0,204800.0
11/16/2009,29.41,30.84,27.93,28.15,0.0,0.0,551900.0
11/09/2009,27.98,28.79,27.53,28.16,0.0,0.0,414300.0
11/02/2009,26.57,27.97,25.64,27.94,0.0,0.0,877400.0
10/26/2009,28.94,29.23,26.28,26.66,0.0,0.0,939200.0
10/19/2009,28.78,31.25,28.28,28.98,0.0,0.0,1396500.0
10/12/2009,28.59,28.85,27.92,28.52,0.0,0.0,504200.0
10/05/2009,27.26,28.7,26.75,28.58,0.0,0.0,970300.0
09/28/2009,28.21,28.59,27.0,27.4,0.0,0.0,672800.0
09/21/2009,29.28,29.38,28.14,28.23,0.0,0.0,574900.0
09/14/2009,27.0,29.4,26.97,29.4,0.0,0.0,1373100.0
09/07/2009,29.73,30.74,26.63,26.79,0.0,0.0,1945200.0
08/31/2009,28.43,29.54,28.08,29.54,0.0,0.0,512900.0
08/24/2009,28.61,29.36,27.85,28.52,0.0,0.0,624900.0
08/17/2009,28.69,28.78,27.62,28.5,0.0,0.0,876200.0
08/10/2009,29.84,29.92,28.78,29.1,0.0,0.0,649100.0
08/03/2009,28.58,29.73,27.12,29.53,0.0,0.0,1178400.0
07/27/2009,30.22,30.31,27.82,28.44,0.0,0.0,1106200.0
07/20/2009,31.25,31.68,29.75,30.33,0.0,0.0,560100.0
07/13/2009,30.5,31.85,29.81,31.25,0.0,0.0,666900.0
07/06/2009,31.64,31.7,29.62,30.23,0.0,0.0,662600.0
06/29/2009,30.28,32.9,29.88,31.68,0.0,0.0,781000.0
06/22/2009,27.93,30.4,26.52,30.05,0.0,0.0,1889400.0
06/15/2009,27.18,28.51,26.33,28.1,0.0,0.0,718000.0
06/08/2009,27.71,28.0,26.75,27.28,0.0,0.0,618800.0
06/01/2009,27.99,28.97,25.6,27.73,0.0,0.0,1276300.0
05/25/2009,26.56,28.05,26.31,27.92,0.0,0.0,416500.0
05/18/2009,27.0,28.97,26.16,26.64,0.0,0.0,620200.0
05/11/2009,27.6,29.35,26.73,26.94,0.0,0.0,1024900.0
05/04/2009,23.94,29.38,23.15,28.09,0.0,0.0,3032100.0
04/27/2009,23.21,24.75,22.2,24.02,0.0,0.0,1697900.0
04/20/2009,23.14,23.85,22.03,23.57,0.0,0.0,1177600.0
04/13/2009,24.52,24.52,23.0,23.3,0.0,0.0,732700.0
04/06/2009,22.8,25.85,22.69,24.66,0.0,0.0,2306900.0
03/30/2009,22.09,23.6,20.56,22.69,0.0,0.0,1724100.0
03/23/2009,20.0,22.98,19.3,22.51,0.0,0.0,2102800.0
03/16/2009,20.62,20.79,18.6,19.8,0.0,0.0,2251500.0
03/09/2009,31.46,31.72,18.5,20.57,0.0,0.0,9375300.0
03/02/2009,30.41,34.39,29.51,31.78,0.0,0.0,2620000.0
02/23/2009,37.55,38.06,30.85,31.22,0.0,0.0,2636400.0
02/16/2009,39.0,39.5,36.55,37.25,0.0,0.0,1445900.0
02/09/2009,39.29,41.22,37.28,40.03,0.0,0.0,1613200.0
02/02/2009,37.35,40.0,36.0,39.2,0.0,0.0,2041200.0
01/26/2009,40.0,40.0,36.5,37.06,0.0,0.0,1828100.0
01/19/2009,38.36,40.5,37.11,39.37,0.0,0.0,2433200.0
01/12/2009,35.88,39.3,33.0,39.24,0.0,0.0,4476300.0
01/05/2009,39.22,40.0,35.27,35.65,0.0,0.0,3529800.0
12/29/2008,33.4,38.74,32.67,38.26,0.0,0.0,1877100.0
12/22/2008,33.7,34.42,32.67,32.89,0.0,0.0,792200.0
12/15/2008,34.78,37.6,32.12,34.0,0.0,0.0,3147200.0
12/08/2008,33.67,36.22,31.81,34.28,0.0,0.0,2788300.0
12/01/2008,31.34,34.19,29.69,32.24,0.0,0.0,1737600.0
11/24/2008,32.87,34.17,29.83,32.23,0.0,0.0,1069100.0
11/17/2008,29.53,32.45,28.5,32.41,0.0,0.0,1526300.0
11/10/2008,33.23,34.25,29.53,29.84,0.0,0.0,1425900.0
11/03/2008,36.0,38.7,30.5,32.32,0.0,0.0,3107500.0
10/27/2008,27.37,36.64,27.15,35.92,0.0,0.0,2367100.0
10/20/2008,31.87,31.98,25.64,27.98,0.0,0.0,1523800.0
10/13/2008,31.94,35.0,28.84,30.92,0.0,0.0,1466900.0
10/06/2008,30.57,32.0,25.08,30.24,0.0,0.0,1479300.0
09/29/2008,30.72,32.47,29.39,31.25,0.0,0.0,1104800.0
09/22/2008,32.49,33.38,30.64,30.99,0.0,0.0,923600.0
09/15/2008,34.54,35.39,30.02,32.39,0.0,0.0,1776400.0
09/08/2008,31.64,35.63,29.34,34.55,0.0,0.0,1764300.0
09/01/2008,33.48,34.5,29.14,31.15,0.0,0.0,1018400.0
08/25/2008,33.42,34.03,33.11,33.46,0.0,0.0,443000.0
08/18/2008,32.68,34.61,31.75,33.01,0.0,0.0,837600.0
08/11/2008,32.33,33.8,31.29,32.68,0.0,0.0,705800.0
08/04/2008,32.82,32.82,30.53,31.91,0.0,0.0,931200.0
07/28/2008,30.21,32.98,29.78,32.67,0.0,0.0,1360600.0
07/21/2008,30.73,32.75,28.13,30.21,0.0,0.0,1744900.0
07/14/2008,30.67,32.19,28.5,30.26,0.0,0.0,1260700.0
07/07/2008,28.33,31.6,28.08,30.0,0.0,0.0,2034200.0
06/30/2008,28.25,29.24,26.31,28.32,0.0,0.0,1556500.0
06/23/2008,25.1,28.7,24.58,28.38,0.0,0.0,2285500.0
06/16/2008,25.6,25.84,24.54,25.0,0.0,0.0,710700.0
06/09/2008,25.61,26.07,25.2,25.6,0.0,0.0,631600.0
06/02/2008,26.41,26.68,25.01,25.85,0.0,0.0,678700.0
05/26/2008,25.49,26.89,24.98,26.58,0.0,0.0,695200.0
05/19/2008,24.41,25.3,23.29,25.24,0.0,0.0,662100.0
05/12/2008,23.44,24.79,23.42,24.41,0.0,0.0,396200.0
05/05/2008,24.25,24.4,22.82,23.53,0.0,0.0,291400.0
04/28/2008,24.24,24.48,23.62,24.36,0.0,0.0,600800.0
04/21/2008,21.26,24.26,21.1,24.25,0.0,0.0,1126900.0
04/14/2008,20.65,21.37,20.05,21.35,0.0,0.0,427200.0
04/07/2008,21.7,21.7,20.57,20.69,0.0,0.0,433500.0
03/31/2008,20.37,21.9,19.86,21.71,0.0,0.0,952300.0
03/24/2008,20.21,21.51,19.94,20.42,0.0,0.0,622500.0
03/17/2008,20.0,20.51,19.8,20.04,0.0,0.0,604100.0
03/10/2008,20.0,20.63,19.81,20.22,0.0,0.0,734600.0
03/03/2008,21.25,21.43,18.44,20.0,0.0,0.0,1281600.0
02/25/2008,23.52,23.61,21.24,21.24,0.0,0.0,1000800.0
02/18/2008,23.42,24.1,23.05,23.46,0.0,0.0,243200.0
02/11/2008,23.2,23.76,22.5,23.1,0.0,0.0,306200.0
02/04/2008,23.37,23.72,22.64,23.12,0.0,0.0,451600.0
01/28/2008,23.24,23.9,22.35,23.47,0.0,0.0,393900.0
01/21/2008,21.34,24.13,20.26,23.3,0.0,0.0,546900.0
01/14/2008,23.63,25.06,22.91,22.95,0.0,0.0,765100.0
01/07/2008,23.0,23.85,20.95,23.42,0.0,0.0,617400.0
12/31/2007,24.45,25.4,23.06,23.08,0.0,0.0,448100.0
12/24/2007,24.81,25.82,24.13,24.52,0.0,0.0,245100.0
12/17/2007,24.65,25.1,23.31,25.04,0.0,0.0,553600.0
12/10/2007,24.62,26.13,24.5,25.2,0.0,0.0,536300.0
12/03/2007,23.69,26.52,22.8,24.97,0.0,0.0,876400.0
11/26/2007,23.8,24.79,22.25,24.09,0.0,0.0,643200.0
11/19/2007,24.9,25.6,23.96,24.07,0.0,0.0,296400.0
11/12/2007,22.58,25.5,22.36,25.41,0.0,0.0,382200.0
11/05/2007,23.31,25.71,22.64,23.04,0.0,0.0,580800.0
10/29/2007,25.6,26.23,23.43,24.66,0.0,0.0,420100.0
10/22/2007,23.48,26.75,23.22,25.5,0.0,0.0,606500.0
10/15/2007,25.29,25.53,23.53,23.8,0.0,0.0,760500.0
10/08/2007,24.54,26.93,24.54,25.53,0.0,0.0,1185200.0
10/01/2007,22.96,24.95,22.5,24.86,0.0,0.0,929800.0
09/24/2007,21.63,24.68,21.45,23.01,0.0,0.0,1705500.0
09/17/2007,19.94,21.98,19.87,21.97,0.0,0.0,434600.0
09/10/2007,20.12,20.59,19.8,20.2,0.0,0.0,798100.0
09/03/2007,19.42,21.1,19.42,20.29,0.0,0.0,767800.0
08/27/2007,18.89,20.05,18.89,19.76,0.0,0.0,348500.0
08/20/2007,19.25,19.6,18.74,19.17,0.0,0.0,355500.0
08/13/2007,19.35,20.36,18.15,19.85,0.0,0.0,284200.0
08/06/2007,18.81,21.0,18.81,19.89,0.0,0.0,715900.0
07/30/2007,20.04,20.3,17.97,18.91,0.0,0.0,795100.0
07/23/2007,21.78,21.78,19.81,20.05,0.0,0.0,944500.0
07/16/2007,20.28,22.58,20.02,21.68,0.0,0.0,857200.0
07/09/2007,21.24,21.95,19.76,20.0,0.0,0.0,611600.0
07/02/2007,20.79,21.33,20.5,21.24,0.0,0.0,484100.0
06/25/2007,22.18,23.0,20.5,20.61,0.0,0.0,747600.0
06/18/2007,23.31,23.43,21.96,22.18,0.0,0.0,490400.0
06/11/2007,20.45,23.42,20.1,23.39,0.0,0.0,618400.0
06/04/2007,20.91,21.76,20.33,20.41,0.0,0.0,405600.0
05/28/2007,20.73,21.35,20.05,20.48,0.0,0.0,332300.0
05/21/2007,20.85,21.74,20.38,20.56,0.0,0.0,349000.0
05/14/2007,21.61,21.89,20.38,20.89,0.0,0.0,395300.0
05/07/2007,22.01,22.61,20.95,21.62,0.0,0.0,466600.0
04/30/2007,22.22,22.22,21.17,22.04,0.0,0.0,540100.0
04/23/2007,23.07,23.34,22.13,22.22,0.0,0.0,259200.0
04/16/2007,22.5,23.71,22.5,23.2,0.0,0.0,315100.0
04/09/2007,22.78,23.21,22.0,22.5,0.0,0.0,446200.0
04/02/2007,22.65,23.09,21.87,23.0,0.0,0.0,457100.0
03/26/2007,23.96,23.96,22.64,22.86,0.0,0.0,1056900.0
03/19/2007,23.2,24.5,22.96,23.82,0.0,0.0,427900.0
03/12/2007,23.91,24.25,22.5,23.11,0.0,0.0,808300.0
03/05/2007,21.51,24.25,20.65,23.5,0.0,0.0,1587300.0
02/26/2007,23.25,23.5,20.88,22.0,0.0,0.0,751900.0
02/19/2007,20.9,23.18,20.9,23.1,0.0,0.0,962000.0
02/12/2007,21.83,21.83,20.5,21.07,0.0,0.0,723300.0
02/05/2007,21.9,22.4,21.52,21.82,0.0,0.0,1112000.0
01/29/2007,23.2,23.83,21.9,22.07,0.0,0.0,1527500.0
