12/26/2022,2.97,3.02,2.6,2.82,-0.15,-5.05,1329300.0
12/19/2022,2.65,3.24,2.53,2.97,0.43,16.93,2741500.0
12/12/2022,2.39,2.7,2.02,2.54,0.56,28.28,4303900.0
12/05/2022,3.46,3.51,1.46,1.98,-1.52,-43.43,7393300.0
11/28/2022,3.51,3.57,3.25,3.5,-0.04,-1.13,365100.0
11/21/2022,3.63,3.6865,3.39,3.54,-0.1,-2.75,253400.0
11/14/2022,3.64,3.71,3.495,3.64,-0.02,-0.55,422100.0
11/07/2022,3.6,3.7108,3.3367,3.66,0.08,2.23,468000.0
10/31/2022,3.35,3.6,3.34,3.58,0.19,5.6,551300.0
10/24/2022,3.06,3.415,3.03,3.39,0.32,10.42,423100.0
10/17/2022,3.0,3.105,2.85,3.07,0.1,3.37,428200.0
10/10/2022,2.81,2.98,2.67,2.97,0.17,6.07,615100.0
10/03/2022,2.74,2.9,2.69,2.8,0.09,3.32,607300.0
09/26/2022,2.8,2.82,2.65,2.71,-0.1,-3.56,661900.0
09/19/2022,2.91,2.97,2.81,2.81,-0.08,-2.77,594800.0
09/12/2022,3.06,3.09,2.85,2.89,-0.16,-5.25,818600.0
09/05/2022,3.1,3.11,2.92,3.05,-0.02,-0.65,956400.0
08/29/2022,4.22,4.315,2.93,3.07,-1.2,-28.1,1496300.0
08/22/2022,4.17,4.29,4.08,4.27,0.06,1.43,551600.0
08/15/2022,4.1,4.32,4.04,4.21,0.14,3.44,728600.0
08/08/2022,3.86,4.08,3.8,4.07,0.21,5.44,745400.0
08/01/2022,3.75,3.91,3.68,3.86,0.08,2.12,992600.0
07/25/2022,3.54,3.8075,3.43,3.78,0.28,8.0,1041100.0
07/18/2022,3.3,3.59,3.235,3.5,0.25,7.69,1148700.0
07/11/2022,3.0,3.27,2.98,3.25,0.24,7.97,1230800.0
07/04/2022,2.89,3.04,2.82,3.01,0.1,3.44,1000800.0
06/27/2022,3.1,3.225,2.89,2.91,-0.19,-6.13,979650.0
06/20/2022,3.05,3.38,2.9,3.1,0.11,3.68,6559600.0
06/13/2022,3.03,3.08,2.83,2.99,-0.08,-2.61,1702900.0
06/06/2022,3.28,3.61,3.05,3.07,-0.22,-6.69,1343400.0
05/30/2022,3.42,3.42,3.19,3.29,-0.12,-3.52,607800.0
05/23/2022,3.16,3.435,3.09,3.41,0.25,7.91,661100.0
05/16/2022,3.17,3.39,3.11,3.16,-0.03,-0.94,1110000.0
05/09/2022,3.22,3.4,3.14,3.19,-0.08,-2.45,1144800.0
05/02/2022,3.37,3.44,3.25,3.27,-0.08,-2.39,1016500.0
04/25/2022,3.65,3.67,3.32,3.35,-0.3,-8.22,1291200.0
04/18/2022,3.62,3.725,3.57,3.65,0.0,0.0,1118100.0
04/11/2022,3.8,3.845,3.63,3.65,-0.14,-3.69,918100.0
04/04/2022,3.88,3.945,3.67,3.79,-0.05,-1.3,1410800.0
03/28/2022,3.88,4.02,3.8,3.84,-0.07,-1.79,1144300.0
03/21/2022,4.08,4.12,3.89,3.91,-0.19,-4.63,988700.0
03/14/2022,4.16,4.17,3.78,4.1,-0.07,-1.68,1852500.0
03/07/2022,4.49,4.755,4.17,4.17,-0.3,-6.71,1157600.0
02/28/2022,4.58,4.7,4.4502,4.47,-0.16,-3.46,771700.0
02/21/2022,4.62,4.67,4.42,4.63,-0.02,-0.43,724200.0
02/14/2022,4.65,4.8058,4.57,4.65,-0.02,-0.43,795300.0
02/07/2022,4.68,4.82,4.64,4.67,-0.01,-0.21,742700.0
01/31/2022,4.89,4.91,4.62,4.68,-0.24,-4.88,715300.0
01/24/2022,4.76,4.94,4.58,4.92,0.12,2.5,1563700.0
01/17/2022,5.11,5.11,4.69,4.8,-0.35,-6.8,960600.0
01/10/2022,5.13,5.19,4.99,5.15,0.0,0.0,1103800.0
01/03/2022,5.08,5.38,4.98,5.15,0.1,1.98,1230300.0
12/27/2021,5.06,5.09,4.95,5.05,-0.03,-0.59,1427300.0
12/20/2021,4.88,5.14,4.8321,5.08,0.11,2.21,886700.0
12/13/2021,5.29,5.38,4.92,4.97,-0.33,-6.23,1439400.0
12/06/2021,4.55,5.375,4.55,5.3,0.74,16.23,2409600.0
11/29/2021,4.92,5.06,4.56,4.56,-0.21,-4.4,2024000.0
11/22/2021,4.99,5.08,4.68,4.77,-0.22,-4.41,1086600.0
11/15/2021,5.17,5.35,4.91,4.99,-0.14,-2.73,10378600.0
11/08/2021,5.93,6.0,5.0,5.13,-0.79,-13.34,3566300.0
11/01/2021,5.55,5.95,5.44,5.92,0.37,6.67,750900.0
10/25/2021,5.54,5.7,5.4301,5.55,0.01,0.18,432300.0
10/18/2021,5.46,5.59,5.43,5.54,0.09,1.65,330300.0
10/11/2021,5.68,5.74,5.42,5.45,-0.21,-3.71,379400.0
10/04/2021,5.55,5.72,5.4,5.66,0.13,2.35,475000.0
09/27/2021,5.59,5.73,5.37,5.53,-0.06,-1.07,625300.0
09/20/2021,5.3,5.61,5.22,5.59,0.19,3.52,718000.0
09/13/2021,5.56,5.71,5.33,5.4,-0.15,-2.7,1128600.0
09/06/2021,5.63,5.72,5.53,5.55,-0.08,-1.42,465600.0
08/30/2021,6.32,6.32,5.62,5.63,-0.65,-10.35,835400.0
08/23/2021,6.02,6.31,5.91,6.28,0.34,5.72,432900.0
08/16/2021,6.04,6.2618,5.76,5.94,-0.1,-1.66,402600.0
08/09/2021,5.99,6.28,5.9,6.04,0.06,1.0,596400.0
08/02/2021,6.18,6.24,5.8,5.98,-0.13,-2.13,670600.0
07/26/2021,6.06,6.26,6.0,6.11,0.05,0.83,349900.0
07/19/2021,6.04,6.42,5.9,6.06,-0.07,-1.14,534100.0
07/12/2021,6.32,6.43,6.0931,6.13,-0.17,-2.7,461200.0
07/05/2021,6.41,6.47,6.15,6.3,-0.13,-2.02,520400.0
06/28/2021,6.46,6.73,6.39,6.43,0.01,0.16,597000.0
06/21/2021,6.51,6.73,6.37,6.42,-0.03,-0.47,1139400.0
06/14/2021,6.8,7.03,6.37,6.45,-0.35,-5.15,1049200.0
06/07/2021,6.89,7.23,6.63,6.8,-0.05,-0.73,995500.0
05/31/2021,6.78,7.06,6.73,6.85,0.09,1.33,471400.0
05/24/2021,6.72,6.8803,6.48,6.76,0.04,0.6,653600.0
05/17/2021,6.47,6.74,6.36,6.72,0.25,3.86,553800.0
05/10/2021,6.76,6.76,6.2,6.47,-0.02,-0.31,520200.0
05/03/2021,6.2,6.51,6.18,6.49,0.32,5.19,1173100.0
04/26/2021,6.1,6.42,6.06,6.17,0.08,1.31,544400.0
04/19/2021,6.36,6.5698,6.06,6.09,-0.32,-4.99,706500.0
04/12/2021,6.35,6.57,6.18,6.41,0.03,0.47,587000.0
04/05/2021,6.48,6.69,6.3,6.38,-0.05,-0.78,1034400.0
03/29/2021,6.18,6.43,5.97,6.43,0.24,3.88,1176200.0
03/22/2021,6.26,6.57,5.85,6.19,-0.35,-5.35,1407000.0
03/15/2021,7.2,7.215,6.45,6.54,-0.6,-8.4,1722900.0
03/08/2021,6.4,7.23,6.19,7.14,0.75,11.74,2663800.0
03/01/2021,5.46,6.4,5.42,6.39,0.98,18.11,2118300.0
02/22/2021,5.32,5.57,5.25,5.41,0.08,1.5,739000.0
02/15/2021,5.4,5.525,5.27,5.33,-0.05,-0.93,654200.0
02/08/2021,5.28,5.59,5.18,5.38,0.16,3.07,854600.0
02/01/2021,4.84,5.3,4.78,5.22,0.42,8.75,788800.0
01/25/2021,5.19,5.32,4.77,4.8,-0.43,-8.22,1266100.0
01/18/2021,5.31,5.4,5.07,5.23,-0.08,-1.51,635100.0
01/11/2021,5.16,5.39,5.04,5.31,0.09,1.72,676200.0
01/04/2021,4.68,5.35,4.64,5.22,0.54,11.54,1213400.0
12/28/2020,4.8,4.99,4.59,4.68,-0.12,-2.5,935300.0
12/21/2020,4.87,5.07,4.7,4.8,-0.15,-3.03,646000.0
12/14/2020,4.6,5.45,4.6,4.95,0.36,7.84,2535000.0
12/07/2020,4.66,4.73,4.5,4.59,-0.1,-2.13,983100.0
11/30/2020,4.54,4.72,4.36,4.69,0.11,2.4,874400.0
11/23/2020,4.41,4.85,4.37,4.58,0.22,5.05,535600.0
11/16/2020,4.31,4.46,4.15,4.36,0.13,3.07,1108200.0
11/09/2020,4.37,4.45,4.16,4.23,0.06,1.44,658900.0
11/02/2020,3.92,4.21,3.917,4.17,0.27,6.92,581300.0
10/26/2020,4.0,4.05,3.88,3.9,-0.12,-2.99,776700.0
10/19/2020,4.06,4.1,3.85,4.02,-0.04,-0.99,708600.0
10/12/2020,4.21,4.23,4.02,4.06,-0.17,-4.02,610000.0
10/05/2020,4.01,4.24,3.97,4.23,0.23,5.75,808900.0
09/28/2020,3.98,4.15,3.88,4.0,0.03,0.76,582000.0
09/21/2020,4.41,4.415,3.85,3.97,-0.49,-10.99,931400.0
09/14/2020,4.33,4.49,4.07,4.46,0.135,3.12,1673000.0
09/07/2020,4.1,4.34,4.01,4.325,0.225,5.49,715500.0
08/31/2020,4.44,4.46,4.04,4.1,-0.36,-8.07,765800.0
08/24/2020,3.86,4.46,3.72,4.46,0.645,16.91,1199200.0
08/17/2020,4.27,4.29,3.76,3.815,-0.475,-11.07,1163400.0
08/10/2020,4.24,4.59,4.21,4.29,0.05,1.18,785100.0
08/03/2020,4.17,4.35,4.0,4.24,0.07,1.68,983600.0
07/27/2020,4.2,4.36,3.96,4.17,-0.03,-0.71,686500.0
07/20/2020,4.36,4.43,4.17,4.2,-0.16,-3.67,603000.0
07/13/2020,4.2,4.39,4.04,4.36,0.2,4.81,666800.0
07/06/2020,4.43,4.43,3.88,4.16,-0.19,-4.37,816800.0
06/29/2020,4.24,4.41,4.16,4.35,0.155,3.69,723400.0
06/22/2020,4.33,4.34,3.94,4.195,-0.165,-3.78,1338900.0
06/15/2020,4.46,4.83,4.25,4.36,-0.22,-4.8,1527300.0
06/08/2020,5.1,5.4,4.395,4.58,-0.44,-8.76,1181800.0
06/01/2020,4.25,5.09,4.22,5.02,0.78,18.4,1215900.0
05/25/2020,4.43,4.61,4.05,4.24,-0.04,-0.93,1172600.0
05/18/2020,3.94,4.6,3.82,4.28,0.49,12.93,1257700.0
05/11/2020,4.3,4.34,3.69,3.79,-0.56,-12.87,1223600.0
05/04/2020,4.41,4.45,4.15,4.35,-0.1,-2.25,734800.0
04/27/2020,4.34,4.87,4.33,4.45,0.14,3.25,878500.0
04/20/2020,4.56,4.6232,4.31,4.31,-0.32,-6.91,724300.0
04/13/2020,4.73,5.08,4.6,4.63,-0.15,-3.14,993900.0
04/06/2020,4.21,5.045,4.09,4.78,0.58,13.81,1614100.0
03/30/2020,4.42,4.93,4.1,4.2,-0.17,-3.89,1643900.0
03/23/2020,4.63,4.98,4.3,4.37,-0.2,-4.38,2107700.0
03/16/2020,4.37,5.29,4.2834,4.57,-0.05,-1.08,1594500.0
03/09/2020,4.93,5.12,4.29,4.62,-0.51,-9.94,1294100.0
03/02/2020,4.92,5.5,4.92,5.13,0.21,4.27,1150400.0
02/24/2020,5.85,5.9291,4.82,4.92,-1.03,-17.31,1575700.0
02/17/2020,6.21,6.3,5.93,5.95,-0.29,-4.65,562600.0
02/10/2020,5.93,6.35,5.92,6.24,0.3,5.05,570500.0
02/03/2020,5.91,6.02,5.83,5.94,0.04,0.68,697700.0
01/27/2020,6.02,6.0751,5.855,5.9,-0.2,-3.28,612200.0
01/20/2020,6.18,6.27,5.98,6.1,-0.09,-1.45,587700.0
01/13/2020,6.04,6.24,5.99,6.19,0.14,2.31,509700.0
01/06/2020,6.0,6.27,5.96,6.05,0.02,0.33,740600.0
12/30/2019,6.01,6.16,5.95,6.03,0.02,0.33,755100.0
12/23/2019,6.12,6.31,5.98,6.01,-0.105,-1.72,708800.0
12/16/2019,6.2,6.52,6.09,6.115,-0.035,-0.57,1574500.0
12/09/2019,6.04,6.41,5.99,6.15,0.075,1.23,825600.0
12/02/2019,6.19,6.2873,5.85,6.075,-0.085,-1.38,1197800.0
11/25/2019,6.73,6.96,6.03,6.16,-0.57,-8.47,1535600.0
11/18/2019,6.73,6.83,6.65,6.73,-0.01,-0.15,437000.0
11/11/2019,6.86,6.9,6.65,6.74,-0.19,-2.74,379200.0
11/04/2019,6.81,7.11,6.77,6.93,0.15,2.21,420600.0
10/28/2019,7.07,7.29,6.78,6.78,-0.26,-3.69,532100.0
10/21/2019,7.29,7.3425,7.02,7.04,-0.16,-2.22,379800.0
10/14/2019,7.04,7.25,7.01,7.2,0.095,1.34,483800.0
10/07/2019,7.05,7.2,6.83,7.105,0.035,0.5,599000.0
09/30/2019,7.55,7.57,6.99,7.07,-0.48,-6.36,586100.0
09/23/2019,7.38,7.64,7.37,7.55,0.14,1.89,864100.0
09/16/2019,7.76,7.9,7.31,7.41,-0.37,-4.76,2893600.0
09/09/2019,7.51,7.95,7.39,7.78,0.31,4.15,1175700.0
09/02/2019,7.15,7.56,7.07,7.47,0.24,3.32,1364700.0
08/26/2019,6.02,7.38,5.9,7.23,1.28,21.51,1609600.0
08/19/2019,6.14,6.27,5.93,5.95,-0.11,-1.82,611100.0
08/12/2019,5.92,6.09,5.775,6.06,0.14,2.36,492700.0
08/05/2019,6.09,6.21,5.92,5.92,-0.3,-4.82,944800.0
07/29/2019,6.3,6.5,6.09,6.22,-0.08,-1.27,719200.0
07/22/2019,6.22,6.42,6.16,6.3,0.08,1.29,707800.0
07/15/2019,6.4,6.53,6.19,6.22,-0.18,-2.81,829100.0
07/08/2019,6.51,6.51,6.235,6.4,-0.14,-2.14,500000.0
07/01/2019,6.25,6.57,6.11,6.54,0.37,6.0,1229200.0
06/24/2019,6.15,6.24,5.96,6.17,0.01,0.16,1641200.0
06/17/2019,6.28,6.34,6.11,6.16,-0.11,-1.75,942700.0
06/10/2019,6.07,6.36,6.0,6.27,0.23,3.81,1815200.0
06/03/2019,6.34,6.46,5.85,6.04,-0.17,-2.74,1517200.0
05/27/2019,7.16,7.33,6.18,6.21,-0.97,-13.51,1501000.0
05/20/2019,7.19,7.44,7.04,7.18,-0.08,-1.1,487200.0
05/13/2019,7.38,7.42,7.12,7.26,-0.21,-2.81,505600.0
05/06/2019,7.5,7.62,7.26,7.47,-0.13,-1.71,425900.0
04/29/2019,7.3,7.67,7.3,7.6,0.3,4.11,579700.0
04/22/2019,7.52,7.62,7.24,7.3,-0.27,-3.57,345100.0
04/15/2019,7.51,7.6,7.45,7.57,0.06,0.8,270300.0
04/08/2019,7.38,7.75,7.37,7.51,0.13,1.76,566000.0
04/01/2019,7.46,7.59,7.36,7.38,-0.07,-0.94,482800.0
03/25/2019,7.51,7.61,7.33,7.45,-0.07,-0.93,570100.0
03/18/2019,7.55,7.8,7.48,7.52,-0.01,-0.13,890100.0
03/11/2019,7.8,7.87,7.4,7.53,-0.27,-3.46,805000.0
03/04/2019,8.24,8.29,7.76,7.8,-0.42,-5.11,460400.0
02/25/2019,8.3,8.41,8.06,8.22,-0.08,-0.96,662000.0
02/18/2019,8.27,8.64,7.9,8.3,-0.03,-0.36,1014900.0
02/11/2019,7.9,8.4,7.77,8.33,0.46,5.84,580400.0
02/04/2019,7.72,8.045,7.67,7.87,0.17,2.21,447400.0
01/28/2019,7.6,7.74,7.28,7.7,0.05,0.65,764800.0
01/21/2019,7.41,7.67,7.29,7.65,0.24,3.24,487900.0
01/14/2019,7.41,7.55,7.33,7.41,-0.02,-0.27,718900.0
01/07/2019,7.62,7.795,7.34,7.43,-0.2,-2.62,695400.0
12/31/2018,7.57,7.65,7.21,7.63,0.09,1.19,1132300.0
12/24/2018,7.41,7.65,7.25,7.54,0.12,1.62,574100.0
12/17/2018,8.14,8.3,7.35,7.42,-0.76,-9.29,1427800.0
12/10/2018,8.24,8.62,8.0,8.18,-0.07,-0.85,876400.0
12/03/2018,8.98,9.03,8.25,8.25,-0.7,-7.82,966700.0
11/26/2018,8.85,9.14,8.45,8.95,0.1,1.13,1352400.0
11/19/2018,7.64,8.93,7.585,8.85,1.18,15.38,712700.0
11/12/2018,7.65,7.7,7.4,7.67,0.0,0.0,523200.0
11/05/2018,7.65,7.87,7.46,7.67,0.01,0.13,643300.0
10/29/2018,7.46,7.7,7.29,7.66,0.27,3.65,523000.0
10/22/2018,7.33,7.52,7.26,7.39,0.07,0.96,574900.0
10/15/2018,7.2,7.49,7.14,7.32,0.11,1.53,547100.0
10/08/2018,7.33,7.57,7.16,7.21,-0.14,-1.9,729400.0
10/01/2018,7.83,7.85,7.26,7.35,-0.49,-6.25,848000.0
09/24/2018,7.94,8.07,7.765,7.84,-0.18,-2.24,619400.0
09/17/2018,7.73,8.05,7.66,8.02,0.27,3.48,1059900.0
09/10/2018,7.79,7.99,7.68,7.75,-0.03,-0.39,574100.0
09/03/2018,8.1,8.13,7.71,7.78,-0.33,-4.07,840400.0
08/27/2018,7.48,8.15,7.45,8.11,0.67,9.01,1273100.0
08/20/2018,8.89,9.1,7.38,7.44,-1.4,-15.84,2706100.0
08/13/2018,8.53,8.95,8.35,8.84,0.31,3.63,2839700.0
08/06/2018,8.48,8.65,8.4,8.53,0.04,0.47,837500.0
07/30/2018,8.34,8.665,8.3,8.49,0.17,2.04,742700.0
07/23/2018,8.4,8.55,8.28,8.32,-0.09,-1.07,603400.0
07/16/2018,8.5,8.58,8.33,8.41,-0.1,-1.18,698000.0
07/09/2018,8.67,8.73,8.39,8.51,-0.13,-1.5,684600.0
07/02/2018,8.46,8.8,8.46,8.64,0.13,1.53,741200.0
06/25/2018,8.6,8.77,8.47,8.51,-0.14,-1.62,863600.0
06/18/2018,8.57,8.68,8.11,8.65,0.04,0.46,1888700.0
06/11/2018,8.13,8.65,8.11,8.61,0.51,6.3,1290800.0
06/04/2018,7.99,8.35,7.95,8.1,0.15,1.89,1420500.0
05/28/2018,9.86,10.08,7.85,7.95,-1.91,-19.37,2292900.0
05/21/2018,9.88,10.02,9.66,9.86,-0.01,-0.1,628200.0
05/14/2018,9.36,10.11,9.275,9.87,0.52,5.56,855800.0
05/07/2018,9.2,9.43,8.92,9.35,0.2,2.19,605100.0
04/30/2018,9.04,9.21,8.85,9.15,0.14,1.55,569000.0
04/23/2018,9.12,9.17,8.89,9.01,-0.11,-1.21,520700.0
04/16/2018,9.09,9.37,9.06,9.12,0.08,0.88,552700.0
04/09/2018,9.03,9.19,8.79,9.04,0.04,0.44,637400.0
04/02/2018,8.8,9.15,8.54,9.0,0.19,2.16,822500.0
03/26/2018,8.8,9.06,8.7,8.81,0.11,1.26,610900.0
03/19/2018,9.22,9.325,8.7,8.7,-0.59,-6.35,910600.0
03/12/2018,9.25,9.38,9.04,9.29,0.03,0.32,800600.0
03/05/2018,8.92,9.3,8.92,9.26,0.31,3.46,737700.0
02/26/2018,9.04,9.14,8.67,8.95,-0.1,-1.1,1068200.0
02/19/2018,9.29,9.41,8.75,9.05,-0.4,-4.23,1259600.0
02/12/2018,9.3,9.7,9.2,9.45,0.16,1.72,3439400.0
02/05/2018,9.28,9.4,8.58,9.29,-0.09,-0.96,1480400.0
01/29/2018,9.35,9.48,9.14,9.38,-0.04,-0.42,1222500.0
01/22/2018,9.55,9.55,9.29,9.42,-0.12,-1.26,740700.0
01/15/2018,9.35,9.55,9.2,9.54,0.2,2.14,482200.0
01/08/2018,9.47,9.55,9.23,9.34,-0.15,-1.58,675600.0
01/01/2018,9.15,9.52,9.08,9.49,0.36,3.94,651000.0
12/25/2017,9.15,9.28,9.04,9.13,-0.14,-1.51,538100.0
12/18/2017,9.37,9.48,9.25,9.27,-0.04,-0.43,436400.0
12/11/2017,9.01,9.43,9.0,9.31,0.27,2.99,995800.0
12/04/2017,9.4,9.53,8.97,9.04,-0.33,-3.52,594200.0
11/27/2017,9.63,9.7,9.21,9.37,-0.28,-2.9,685500.0
11/20/2017,9.95,10.1,9.29,9.65,-0.29,-2.92,572100.0
11/13/2017,9.9,10.14,9.72,9.94,0.0,0.0,442100.0
11/06/2017,9.7,10.145,9.65,9.94,0.22,2.26,598600.0
10/30/2017,10.46,10.46,9.71,9.72,-0.74,-7.07,740300.0
10/23/2017,10.33,10.55,10.06,10.46,0.14,1.36,444100.0
10/16/2017,10.66,10.73,10.19,10.32,-0.33,-3.1,496900.0
10/09/2017,10.67,10.75,10.55,10.65,-0.005,-0.05,611300.0
10/02/2017,10.57,10.86,10.53,10.655,0.085,0.8,614600.0
09/25/2017,10.27,10.67,9.92,10.57,0.3,2.92,705500.0
09/18/2017,9.96,10.41,9.96,10.27,0.32,3.22,855600.0
09/11/2017,9.64,10.08,9.6,9.95,0.36,3.75,1127400.0
09/04/2017,9.58,9.69,9.47,9.59,0.01,0.1,499600.0
08/28/2017,9.42,9.67,9.32,9.58,0.18,1.91,597600.0
08/21/2017,9.35,10.25,9.29,9.4,0.03,0.32,949600.0
08/14/2017,9.46,9.76,9.12,9.37,-0.03,-0.32,761200.0
08/07/2017,9.61,9.64,9.27,9.4,-0.22,-2.29,561800.0
07/31/2017,9.65,9.95,9.52,9.62,-0.03,-0.31,502600.0
07/24/2017,9.72,9.73,9.43,9.65,-0.09,-0.92,425800.0
07/17/2017,9.63,9.89,9.5,9.74,0.1,1.04,423800.0
07/10/2017,9.53,9.86,9.43,9.64,0.12,1.26,515800.0
07/03/2017,9.63,9.81,9.3,9.52,-0.11,-1.14,484700.0
06/26/2017,9.74,9.84,9.51,9.63,-0.05,-0.52,738900.0
06/19/2017,9.68,9.94,9.55,9.68,0.03,0.31,1205100.0
06/12/2017,9.79,10.18,9.58,9.65,-0.17,-1.73,688800.0
06/05/2017,9.79,10.09,9.62,9.82,0.09,0.92,803300.0
05/29/2017,9.14,10.12,9.0,9.73,0.59,6.46,996400.0
05/22/2017,9.01,9.3,8.93,9.14,0.11,1.22,433600.0
05/15/2017,9.44,9.5,8.91,9.03,-0.41,-4.34,501200.0
05/08/2017,9.62,9.96,9.43,9.44,-0.22,-2.28,691600.0
05/01/2017,9.48,9.67,9.24,9.66,0.2,2.11,635300.0
04/24/2017,9.23,9.57,9.14,9.46,0.3,3.28,665700.0
04/17/2017,8.99,9.28,8.92,9.16,0.19,2.12,430100.0
04/10/2017,9.2,9.28,8.93,8.97,-0.23,-2.5,440800.0
04/03/2017,9.41,9.58,8.95,9.2,-0.25,-2.65,712100.0
03/27/2017,9.0,9.56,9.0,9.45,0.26,2.83,760000.0
03/20/2017,9.43,9.48,9.0,9.19,-0.28,-2.96,641500.0
03/13/2017,9.33,9.53,9.21,9.47,0.1,1.07,737700.0
03/06/2017,9.25,9.5,9.15,9.37,0.1,1.08,703000.0
02/27/2017,9.75,9.79,9.19,9.27,-0.45,-4.63,849100.0
02/20/2017,8.03,9.84,7.84,9.72,-0.39,-3.86,1753500.0
02/13/2017,10.11,10.17,9.74,10.11,0.02,0.2,745900.0
02/06/2017,10.1,10.18,9.84,10.09,-0.08,-0.79,593200.0
01/30/2017,10.3,10.3,9.93,10.17,-0.22,-2.12,522000.0
01/23/2017,10.25,10.5,10.11,10.39,0.09,0.87,553300.0
01/16/2017,10.5,10.55,10.15,10.3,-0.3,-2.83,642100.0
01/09/2017,10.62,10.86,10.36,10.6,-0.05,-0.47,530500.0
01/02/2017,10.76,11.12,10.62,10.65,-0.05,-0.47,933500.0
12/26/2016,10.56,10.89,10.35,10.7,0.1,0.94,902800.0
12/19/2016,10.27,10.75,10.25,10.6,0.39,3.82,823700.0
12/12/2016,10.56,10.7,10.03,10.21,-0.41,-3.86,1365800.0
12/05/2016,10.25,10.8,10.25,10.62,0.27,2.61,931900.0
11/28/2016,10.54,10.81,10.15,10.35,-0.29,-2.73,1093400.0
11/21/2016,9.33,10.78,9.26,10.64,1.3,13.92,1183800.0
11/14/2016,9.39,9.59,9.05,9.34,-0.05,-0.53,665400.0
11/07/2016,8.43,9.4,8.17,9.39,1.09,13.13,1022700.0
10/31/2016,8.41,8.45,8.16,8.3,-0.06,-0.72,794000.0
10/24/2016,8.48,8.89,8.34,8.36,-0.02,-0.24,630100.0
10/17/2016,8.81,8.87,8.32,8.38,-0.46,-5.2,499600.0
10/10/2016,9.22,9.36,8.61,8.84,-0.34,-3.7,641500.0
10/03/2016,9.46,9.64,9.15,9.18,-0.36,-3.77,738800.0
09/26/2016,9.74,9.83,9.37,9.54,-0.3,-3.05,924500.0
09/19/2016,9.83,10.0,9.71,9.84,0.14,1.44,1439900.0
09/12/2016,9.43,9.79,9.37,9.7,0.27,2.86,1813600.0
09/05/2016,9.74,9.88,9.43,9.43,-0.3,-3.08,1201800.0
08/29/2016,9.58,10.07,9.25,9.73,0.21,2.21,2724900.0
08/22/2016,7.02,9.77,6.83,9.52,2.51,35.81,6732200.0
08/15/2016,6.84,7.15,6.84,7.01,0.15,2.19,1037800.0
08/08/2016,6.66,6.88,6.63,6.86,0.21,3.16,980500.0
08/01/2016,6.47,6.73,6.34,6.65,0.18,2.78,964600.0
07/25/2016,6.59,6.77,6.41,6.47,-0.11,-1.67,808900.0
07/18/2016,6.69,6.75,6.3,6.58,-0.1,-1.5,1071200.0
07/11/2016,6.54,7.0,6.54,6.68,0.15,2.3,1473000.0
07/04/2016,6.34,6.55,6.3,6.53,0.19,3.0,1685900.0
06/27/2016,6.16,6.5,6.05,6.34,0.1,1.6,2669800.0
06/20/2016,6.71,6.71,6.05,6.24,-0.38,-5.74,2136200.0
06/13/2016,6.46,6.72,6.16,6.62,0.15,2.32,1589600.0
06/06/2016,6.1,6.67,5.92,6.47,0.47,7.83,4104500.0
05/30/2016,8.0,8.15,5.96,6.0,-1.98,-24.81,5667600.0
05/23/2016,7.34,7.98,7.34,7.98,0.47,6.26,1038500.0
05/16/2016,8.03,8.31,7.09,7.51,-0.53,-6.59,1155700.0
05/09/2016,8.16,8.42,7.99,8.04,-0.16,-1.95,455400.0
05/02/2016,8.69,8.69,8.05,8.2,-0.5,-5.75,573900.0
04/25/2016,8.53,8.79,8.17,8.7,0.03,0.35,665400.0
04/18/2016,8.32,8.8,8.25,8.67,0.33,3.96,713500.0
04/11/2016,8.18,8.48,7.95,8.34,0.18,2.21,580800.0
04/04/2016,8.0,8.19,7.69,8.16,0.13,1.62,798300.0
03/28/2016,7.8,8.27,7.66,8.03,0.29,3.75,960400.0
03/21/2016,7.89,8.08,7.61,7.74,-0.14,-1.78,563700.0
03/14/2016,7.64,8.19,7.57,7.88,0.27,3.55,1089900.0
03/07/2016,7.56,7.8,7.18,7.61,0.04,0.53,1205900.0
02/29/2016,6.9,7.61,6.8,7.57,0.66,9.55,1610500.0
02/22/2016,8.44,8.74,6.56,6.91,-1.46,-17.44,2803700.0
02/15/2016,7.81,8.43,7.58,8.37,0.64,8.28,563300.0
02/08/2016,7.39,7.83,7.23,7.73,0.29,3.9,628600.0
02/01/2016,7.98,8.08,7.42,7.44,-0.59,-7.35,672700.0
01/25/2016,7.69,8.05,7.36,8.03,0.31,4.02,605400.0
01/18/2016,7.77,7.77,7.06,7.72,0.07,0.92,741300.0
01/11/2016,7.47,7.77,7.34,7.65,0.22,2.96,1053900.0
01/04/2016,8.6,8.6,7.43,7.43,-1.29,-14.79,1156700.0
12/28/2015,9.02,9.2,8.72,8.72,-0.42,-4.6,695500.0
12/21/2015,8.79,9.24,8.56,9.14,0.43,4.94,656800.0
12/14/2015,8.92,9.24,8.59,8.71,-0.2,-2.24,1458200.0
12/07/2015,9.06,9.31,8.79,8.91,-0.2,-2.2,1218100.0
11/30/2015,8.26,9.24,8.26,9.11,0.86,10.42,1388700.0
11/23/2015,9.97,10.19,7.16,8.25,-1.7,-17.09,2328800.0
11/16/2015,9.75,10.1,9.47,9.95,0.21,2.16,1223000.0
11/09/2015,10.25,10.27,9.55,9.74,-0.51,-4.98,696500.0
11/02/2015,9.64,10.28,9.33,10.25,0.55,5.67,727000.0
10/26/2015,9.71,9.79,9.29,9.7,0.0,0.0,967200.0
10/19/2015,9.41,9.7,9.28,9.7,0.28,2.97,736500.0
10/12/2015,9.56,9.59,9.03,9.42,-0.07,-0.74,731900.0
10/05/2015,8.75,9.74,8.71,9.49,0.83,9.58,1124400.0
09/28/2015,8.64,8.76,8.28,8.66,-0.04,-0.46,1036100.0
09/21/2015,8.36,8.85,8.13,8.7,0.37,4.44,1254600.0
09/14/2015,8.55,8.83,8.3,8.33,-0.2,-2.34,1444300.0
09/07/2015,8.53,8.62,8.32,8.53,0.12,1.43,918500.0
08/31/2015,8.61,8.83,8.31,8.41,-0.23,-2.66,1316300.0
08/24/2015,11.16,11.72,8.18,8.64,-3.06,-26.15,3747300.0
08/17/2015,12.07,12.35,11.45,11.7,-0.39,-3.23,944200.0
08/10/2015,11.71,12.11,11.58,12.09,0.44,3.78,787700.0
08/03/2015,11.43,11.85,11.26,11.65,0.22,1.92,689900.0
07/27/2015,10.85,11.63,10.85,11.43,0.48,4.38,868900.0
07/20/2015,11.21,11.21,10.0,10.95,-0.21,-1.88,683100.0
07/13/2015,11.41,11.52,11.09,11.16,-0.17,-1.5,563000.0
07/06/2015,11.75,11.82,11.03,11.33,-0.52,-4.39,1007000.0
06/29/2015,12.1,12.27,11.74,11.85,-0.38,-3.11,694300.0
06/22/2015,11.65,12.25,11.54,12.23,0.59,5.07,1245500.0
06/15/2015,11.45,11.7,11.2,11.64,0.06,0.52,695200.0
06/08/2015,11.18,11.63,11.01,11.58,0.38,3.39,853000.0
06/01/2015,10.72,11.5,10.1,11.2,0.42,3.9,1518300.0
05/25/2015,10.71,10.94,10.43,10.78,0.07,0.65,522500.0
05/18/2015,10.54,10.83,10.49,10.71,0.16,1.52,639300.0
05/11/2015,10.55,10.77,10.25,10.55,-0.14,-1.31,500900.0
05/04/2015,10.75,10.94,10.1,10.69,-0.06,-0.56,774100.0
04/27/2015,11.21,11.39,10.53,10.75,-0.44,-3.93,555300.0
04/20/2015,11.2,11.42,10.92,11.19,0.03,0.27,579000.0
04/13/2015,11.05,11.41,10.99,11.16,0.12,1.09,652900.0
04/06/2015,10.6,11.2,10.58,11.04,0.43,4.05,688400.0
03/30/2015,10.47,10.91,10.28,10.61,0.12,1.14,663300.0
03/23/2015,11.05,11.3,10.34,10.49,-0.61,-5.5,951800.0
03/16/2015,10.64,11.12,10.51,11.1,0.48,4.52,1134400.0
03/09/2015,10.04,10.74,9.83,10.62,0.59,5.88,1349500.0
03/02/2015,10.19,10.35,9.8,10.03,-0.2,-1.96,1218300.0
02/23/2015,12.62,12.96,10.17,10.23,-2.45,-19.32,3270700.0
02/16/2015,12.65,13.17,12.63,12.68,-0.13,-1.01,519800.0
02/09/2015,12.76,13.0,12.5,12.81,-0.06,-0.47,437800.0
02/02/2015,12.49,13.15,12.13,12.87,0.49,3.96,731000.0
01/26/2015,12.34,12.76,12.11,12.38,0.07,0.57,899600.0
01/19/2015,11.78,12.49,11.6,12.31,0.56,4.77,666900.0
01/12/2015,12.01,12.06,11.36,11.75,-0.22,-1.84,766300.0
01/05/2015,12.04,12.28,11.8,11.97,-0.17,-1.4,1160000.0
12/29/2014,12.71,12.84,12.03,12.14,-0.56,-4.41,559500.0
12/22/2014,12.37,12.78,12.2,12.7,0.29,2.34,455100.0
12/15/2014,12.05,12.5,11.91,12.41,0.38,3.16,1731200.0
12/08/2014,12.21,12.56,11.94,12.03,-0.19,-1.55,855100.0
12/01/2014,11.87,12.35,11.74,12.22,0.29,2.43,981500.0
11/24/2014,13.44,13.77,11.9,11.93,-1.47,-10.97,1289400.0
11/17/2014,13.48,13.79,13.25,13.4,-0.2,-1.47,566500.0
11/10/2014,13.5,13.9,13.3,13.6,0.03,0.22,562600.0
11/03/2014,13.38,13.67,13.21,13.57,0.26,1.95,718100.0
10/27/2014,12.19,13.43,12.11,13.31,0.99,8.04,797600.0
10/20/2014,12.23,12.34,11.75,12.32,-0.05,-0.4,778800.0
10/13/2014,11.79,12.51,11.75,12.37,0.55,4.65,904600.0
10/06/2014,12.26,12.37,11.76,11.82,-0.42,-3.43,1014700.0
09/29/2014,12.59,12.63,12.11,12.24,-0.47,-3.7,1035200.0
09/22/2014,12.95,13.0,12.23,12.71,-0.34,-2.61,616800.0
09/15/2014,13.33,13.38,12.88,13.05,-0.25,-1.88,772800.0
09/08/2014,13.55,13.75,13.19,13.3,-0.24,-1.77,1020400.0
09/01/2014,13.2,13.58,13.04,13.54,0.38,2.89,743300.0
08/25/2014,11.99,13.21,11.77,13.16,1.31,11.05,1485800.0
08/18/2014,11.83,12.09,11.51,11.85,0.12,1.02,612500.0
08/11/2014,11.32,12.1,11.32,11.73,0.41,3.62,887200.0
08/04/2014,11.05,11.46,10.84,11.32,0.27,2.44,729100.0
07/28/2014,11.73,11.76,10.95,11.05,-0.7,-5.96,1030800.0
07/21/2014,11.39,11.84,11.27,11.75,0.33,2.89,1228100.0
07/14/2014,11.61,11.64,11.19,11.42,-0.1,-0.87,983700.0
07/07/2014,12.2,12.2,11.41,11.52,-0.7,-5.73,1077200.0
06/30/2014,11.89,12.3,11.82,12.22,0.28,2.35,561700.0
06/23/2014,12.12,12.28,11.64,11.94,-0.07,-0.58,1455400.0
06/16/2014,11.83,12.08,11.68,12.01,0.18,1.52,917700.0
06/09/2014,11.82,12.01,11.64,11.83,0.01,0.08,910900.0
06/02/2014,12.42,12.47,11.3,11.82,-0.59,-4.75,1682300.0
05/26/2014,14.05,14.48,11.54,12.41,-1.55,-11.1,2890700.0
05/19/2014,13.62,14.02,13.32,13.96,0.36,2.65,560800.0
05/12/2014,14.0,14.37,13.18,13.6,-0.33,-2.37,768900.0
05/05/2014,13.79,14.0,13.4,13.93,0.11,0.8,869600.0
04/28/2014,13.1,14.06,12.65,13.82,0.76,5.82,914500.0
04/21/2014,13.5,13.82,12.97,13.06,-0.46,-3.4,494800.0
04/14/2014,13.43,13.57,12.98,13.52,0.24,1.81,438600.0
04/07/2014,13.76,14.1,13.25,13.28,-0.51,-3.7,709600.0
03/31/2014,14.24,14.67,13.74,13.79,-0.4,-2.82,755200.0
03/24/2014,14.39,14.8,14.08,14.19,-0.24,-1.66,665700.0
03/17/2014,13.78,14.49,13.69,14.43,0.7,5.1,693000.0
03/10/2014,14.0,14.17,13.54,13.73,-0.33,-2.35,461400.0
03/03/2014,14.04,14.9,13.7,14.06,-0.11,-0.78,687400.0
02/24/2014,14.26,14.53,14.0,14.17,-0.08,-0.56,614300.0
02/17/2014,13.68,14.95,13.65,14.25,-0.03,-0.21,661000.0
02/10/2014,13.52,14.43,13.43,14.28,0.71,5.23,656100.0
02/03/2014,14.5,14.56,13.44,13.57,-1.04,-7.12,769400.0
01/27/2014,14.21,14.85,14.18,14.61,0.43,3.03,876700.0
01/20/2014,14.84,14.99,14.06,14.18,-0.56,-3.8,658000.0
01/13/2014,14.92,14.99,14.48,14.74,-0.3,-1.99,995000.0
01/06/2014,15.5,15.5,14.8,15.04,-0.5,-3.22,834500.0
12/30/2013,15.66,15.72,15.15,15.54,-0.08,-0.51,971200.0
12/23/2013,15.16,15.65,14.74,15.62,0.49,3.24,971700.0
12/16/2013,14.91,15.56,14.65,15.13,0.25,1.68,1909100.0
12/09/2013,15.87,16.09,14.76,14.88,-0.92,-5.82,1751800.0
12/02/2013,15.3,16.02,14.83,15.8,0.5,3.27,1892900.0
11/25/2013,15.0,15.61,14.82,15.3,0.31,2.07,1196800.0
11/18/2013,12.48,15.42,12.38,14.99,2.52,20.21,2246100.0
11/11/2013,12.02,12.5,12.01,12.47,0.39,3.23,435100.0
11/04/2013,11.8,12.13,11.61,12.08,0.29,2.46,472000.0
10/28/2013,12.21,12.35,11.57,11.79,-0.45,-3.68,441300.0
10/21/2013,11.99,12.4,11.97,12.24,0.24,2.0,403800.0
10/14/2013,11.4,12.0,11.35,12.0,0.67,5.91,667900.0
10/07/2013,10.91,11.33,10.54,11.33,0.3,2.72,408100.0
09/30/2013,10.99,11.23,10.85,11.03,-0.11,-0.99,377300.0
09/23/2013,11.34,11.45,11.01,11.14,-0.25,-2.19,286400.0
09/16/2013,11.1,11.5,11.02,11.39,0.4,3.64,457700.0
09/09/2013,10.93,11.1,10.81,10.99,0.07,0.64,285900.0
09/02/2013,10.85,11.0,10.75,10.92,0.23,2.15,362600.0
08/26/2013,10.76,11.08,10.55,10.69,-0.12,-1.11,598000.0
08/19/2013,10.41,11.27,10.41,10.81,0.36,3.44,627800.0
08/12/2013,10.78,10.98,10.45,10.45,-0.26,-2.43,294400.0
08/05/2013,11.14,11.54,10.7,10.71,-0.49,-4.38,423900.0
07/29/2013,11.18,11.26,10.76,11.2,-0.01,-0.09,278100.0
07/22/2013,11.36,11.5,11.02,11.21,-0.21,-1.84,276300.0
07/15/2013,11.24,11.55,11.19,11.42,0.16,1.42,350500.0
07/08/2013,10.78,11.3,10.64,11.26,0.47,4.36,458600.0
07/01/2013,10.27,10.79,10.24,10.79,0.53,5.17,288100.0
06/24/2013,10.04,10.46,10.0,10.26,0.13,1.28,660300.0
06/17/2013,10.33,10.39,9.93,10.13,-0.08,-0.78,717300.0
06/10/2013,10.5,10.65,10.12,10.21,-0.27,-2.58,430900.0
06/03/2013,10.3,10.64,10.2,10.48,0.21,2.04,719100.0
05/27/2013,10.9,11.1,10.1,10.27,-0.51,-4.73,913800.0
05/20/2013,10.77,10.97,10.54,10.78,-0.05,-0.46,428700.0
05/13/2013,10.08,10.85,9.85,10.83,0.76,7.55,533200.0
05/06/2013,9.89,10.22,9.89,10.07,0.15,1.51,322600.0
04/29/2013,9.62,10.04,9.6,9.92,0.35,3.66,553400.0
04/22/2013,9.72,10.19,9.44,9.57,-0.08,-0.83,512700.0
04/15/2013,10.07,10.13,9.53,9.65,-0.51,-5.02,734000.0
04/08/2013,10.05,10.48,9.99,10.16,0.15,1.5,607700.0
04/01/2013,10.41,10.79,9.98,10.01,-0.49,-4.67,618600.0
03/25/2013,10.61,10.72,10.31,10.5,-0.05,-0.47,736400.0
03/18/2013,10.93,11.08,10.5,10.55,-0.52,-4.7,487600.0
03/11/2013,10.54,11.2,10.54,11.07,0.52,4.93,1271100.0
03/04/2013,10.4,10.67,10.24,10.55,0.12,1.15,908800.0
02/25/2013,10.08,10.48,9.89,10.43,0.34,3.37,1424700.0
02/18/2013,11.81,12.05,9.89,10.09,-2.31,-18.63,2110100.0
02/11/2013,11.84,12.47,11.64,12.4,0.54,4.55,666600.0
02/04/2013,11.98,12.19,11.47,11.86,-0.2,-1.66,690600.0
01/28/2013,11.65,12.1,11.45,12.06,0.41,3.52,751600.0
01/21/2013,11.4,11.84,11.25,11.65,0.31,2.73,1176100.0
01/14/2013,11.5,11.73,11.23,11.34,-0.23,-1.99,881800.0
01/07/2013,11.45,11.65,11.35,11.57,0.09,0.78,722700.0
12/31/2012,10.5,11.64,10.49,11.48,0.73,6.79,771300.0
12/24/2012,10.49,10.99,10.26,10.75,0.24,2.28,616300.0
12/17/2012,9.99,10.57,9.8,10.51,0.59,5.95,1342900.0
12/10/2012,9.91,10.21,9.77,9.92,0.0,0.0,478500.0
12/03/2012,10.47,10.69,9.41,9.92,-0.54,-5.16,1016300.0
11/26/2012,9.62,10.49,9.37,10.46,0.78,8.06,919000.0
11/19/2012,8.33,9.84,7.99,9.68,1.41,17.05,973700.0
11/12/2012,8.02,8.39,7.85,8.27,0.03,0.36,544800.0
11/05/2012,8.68,9.07,7.57,8.24,-0.48,-5.5,476700.0
10/29/2012,8.88,9.19,8.63,8.72,-0.18,-2.02,320100.0
10/22/2012,8.61,8.99,8.6,8.9,0.3,3.49,380800.0
10/15/2012,9.25,9.44,8.46,8.6,-0.65,-7.03,490400.0
10/08/2012,9.23,9.68,9.07,9.25,0.0,0.0,471000.0
10/01/2012,9.52,9.56,9.06,9.25,-0.26,-2.73,614200.0
09/24/2012,9.65,9.82,9.37,9.51,-0.21,-2.16,825900.0
09/17/2012,9.57,9.9,9.37,9.72,0.07,0.73,1448200.0
09/10/2012,9.85,10.0,9.45,9.65,-0.18,-1.83,1327600.0
09/03/2012,9.55,9.91,9.26,9.83,0.27,2.82,1169100.0
08/27/2012,9.55,9.87,9.49,9.56,0.05,0.53,1169800.0
08/20/2012,7.99,10.09,7.85,9.51,1.5,18.73,1898600.0
08/13/2012,7.77,8.03,7.56,8.01,0.24,3.09,423400.0
08/06/2012,7.65,7.84,7.58,7.77,0.13,1.7,351200.0
07/30/2012,7.95,8.13,7.32,7.64,-0.28,-3.54,610000.0
07/23/2012,8.08,8.08,7.55,7.92,-0.3,-3.65,419400.0
07/16/2012,7.89,8.41,7.72,8.22,0.34,4.31,564900.0
07/09/2012,7.22,7.95,7.17,7.88,0.62,8.54,712300.0
07/02/2012,6.92,7.29,6.77,7.26,0.35,5.07,323900.0
06/25/2012,6.63,6.96,6.37,6.91,0.23,3.44,716900.0
06/18/2012,6.65,6.82,6.45,6.68,-0.01,-0.15,835700.0
06/11/2012,7.0,7.0,6.47,6.69,-0.2,-2.9,590700.0
06/04/2012,6.45,7.07,6.45,6.89,0.5,7.82,871400.0
05/28/2012,7.23,7.34,6.32,6.39,-0.76,-10.63,1047600.0
05/21/2012,7.39,7.51,6.92,7.15,-0.24,-3.25,448000.0
05/14/2012,7.45,7.75,7.36,7.39,-0.15,-1.99,428200.0
05/07/2012,7.77,7.85,7.5,7.54,-0.24,-3.08,471300.0
04/30/2012,8.43,8.45,7.73,7.78,-0.68,-8.04,526900.0
04/23/2012,8.0,8.46,7.83,8.46,0.38,4.7,656900.0
04/16/2012,8.28,8.41,8.05,8.08,-0.05,-0.62,436400.0
04/09/2012,8.31,8.42,8.1,8.13,-0.32,-3.79,535300.0
04/02/2012,8.82,8.98,8.35,8.45,-0.44,-4.95,512100.0
03/26/2012,8.77,8.92,8.65,8.89,0.27,3.13,850900.0
03/19/2012,8.79,8.93,8.5,8.62,-0.17,-1.93,586700.0
03/12/2012,8.66,8.9,8.55,8.79,0.13,1.5,483700.0
03/05/2012,8.65,8.85,8.41,8.66,-0.03,-0.35,688900.0
02/27/2012,9.14,9.44,8.65,8.69,-0.56,-6.05,778100.0
02/20/2012,10.32,10.59,8.93,9.25,-2.02,-17.92,1102500.0
02/13/2012,11.39,11.45,10.93,11.27,0.16,1.44,449200.0
02/06/2012,11.55,11.79,11.09,11.11,-0.7,-5.93,456700.0
01/30/2012,11.15,11.94,10.84,11.81,0.56,4.98,623800.0
01/23/2012,10.55,11.27,10.19,11.25,0.67,6.33,937100.0
01/16/2012,10.02,10.63,9.75,10.58,0.64,6.44,743300.0
01/09/2012,9.81,10.09,9.67,9.94,0.18,1.84,1220400.0
01/02/2012,9.89,10.03,9.64,9.76,0.19,1.99,338500.0
12/26/2011,9.77,10.03,9.55,9.57,-0.17,-1.75,476500.0
12/19/2011,9.61,10.1,9.33,9.74,0.24,2.53,623500.0
12/12/2011,9.75,9.97,9.26,9.5,-0.44,-4.43,843400.0
12/05/2011,10.15,10.15,9.43,9.94,0.08,0.81,611300.0
11/28/2011,9.11,9.98,8.77,9.86,1.07,12.17,842100.0
11/21/2011,9.69,9.78,8.78,8.79,-1.16,-11.66,485300.0
11/14/2011,9.71,10.12,9.59,9.95,0.14,1.43,413600.0
11/07/2011,10.24,10.24,9.5,9.81,-0.47,-4.57,614500.0
10/31/2011,10.23,10.39,9.54,10.28,-0.22,-2.1,504900.0
10/24/2011,9.54,10.73,9.21,10.5,0.98,10.29,697200.0
10/17/2011,9.28,9.67,8.99,9.52,-0.1,-1.04,586900.0
10/10/2011,9.04,9.64,8.87,9.62,0.81,9.19,480300.0
10/03/2011,8.51,9.06,8.01,8.81,0.23,2.68,795100.0
09/26/2011,9.06,9.66,8.54,8.58,-0.38,-4.24,741800.0
09/19/2011,9.35,9.68,8.61,8.96,-0.55,-5.78,797400.0
09/12/2011,8.45,9.76,8.3,9.51,0.87,10.07,826500.0
09/05/2011,8.86,9.5,8.49,8.64,-0.56,-6.09,581000.0
08/29/2011,9.24,9.85,8.99,9.2,0.09,0.99,897100.0
08/22/2011,8.7,9.24,8.0,9.11,0.7,8.32,1116100.0
08/15/2011,9.13,9.13,8.04,8.41,-0.47,-5.29,884600.0
08/08/2011,9.5,10.03,8.33,8.88,-0.78,-8.07,1130700.0
08/01/2011,10.09,10.55,9.3,9.66,-0.27,-2.72,993900.0
07/25/2011,10.69,10.86,9.69,9.93,-0.95,-8.73,506900.0
07/18/2011,10.48,10.95,10.04,10.88,0.34,3.23,438600.0
07/11/2011,10.81,11.15,10.35,10.54,-0.48,-4.36,474500.0
07/04/2011,10.88,11.37,10.7,11.02,0.1,0.92,419900.0
06/27/2011,10.38,10.95,10.2,10.92,0.56,5.41,710000.0
06/20/2011,9.81,10.5,9.75,10.36,0.51,5.18,1492000.0
06/13/2011,9.9,10.07,9.65,9.85,-0.02,-0.2,1781800.0
06/06/2011,10.92,10.97,9.75,9.87,-1.07,-9.78,838000.0
05/30/2011,10.29,12.25,10.19,10.94,0.84,8.32,2477200.0
05/23/2011,9.5,10.33,9.45,10.1,0.36,3.7,807100.0
05/16/2011,9.6,9.99,9.43,9.74,0.01,0.1,815700.0
05/09/2011,9.99,10.65,9.69,9.73,-0.27,-2.7,623400.0
05/02/2011,10.79,10.91,9.76,10.0,-0.72,-6.72,611900.0
04/25/2011,10.47,10.97,10.35,10.72,0.23,2.19,651800.0
04/18/2011,10.09,10.87,10.0,10.49,0.14,1.35,551100.0
04/11/2011,10.54,10.78,9.91,10.35,-0.21,-1.99,890400.0
04/04/2011,10.99,11.26,10.53,10.56,-0.42,-3.83,730100.0
03/28/2011,10.86,11.18,10.71,10.98,0.18,1.67,934600.0
03/21/2011,11.08,11.39,10.77,10.8,-0.01,-0.09,877600.0
03/14/2011,10.62,10.85,10.09,10.81,0.06,0.56,998400.0
03/07/2011,11.32,11.39,10.6,10.75,-0.55,-4.87,880500.0
02/28/2011,11.69,11.78,10.7,11.3,-0.34,-2.92,1265600.0
02/21/2011,14.0,14.12,10.75,11.64,-4.62,-28.41,3750800.0
02/14/2011,15.92,16.45,15.67,16.26,0.32,2.01,831500.0
02/07/2011,15.35,16.01,14.98,15.94,0.58,3.78,560900.0
01/31/2011,14.85,15.77,14.6,15.36,0.55,3.71,659700.0
01/24/2011,15.08,15.85,14.76,14.81,-0.32,-2.12,700000.0
01/17/2011,16.5,16.52,14.53,15.13,-1.37,-8.3,1204600.0
01/10/2011,15.93,16.65,15.68,16.5,0.4,2.48,871600.0
01/03/2011,16.02,16.51,15.51,16.1,0.18,1.13,1104300.0
12/27/2010,16.5,16.6,15.9,15.92,-0.57,-3.46,742000.0
12/20/2010,16.22,17.3,16.22,16.49,0.32,1.98,732100.0
12/13/2010,15.68,16.2,15.65,16.17,0.26,1.63,1458200.0
12/06/2010,14.64,16.4,14.61,15.91,1.29,8.82,1639300.0
11/29/2010,13.8,14.72,13.33,14.62,0.68,4.88,1132500.0
11/22/2010,12.65,14.5,12.54,13.94,1.25,9.85,2053700.0
11/15/2010,11.5,12.84,11.11,12.69,1.26,11.02,1002700.0
11/08/2010,11.74,12.25,11.38,11.43,-0.38,-3.22,796900.0
11/01/2010,10.95,12.06,10.82,11.81,0.89,8.15,1366500.0
10/25/2010,10.77,11.0,10.68,10.92,0.26,2.44,719800.0
10/18/2010,10.48,11.01,10.26,10.66,0.2,1.91,754600.0
10/11/2010,10.18,10.93,9.85,10.46,0.3,2.95,1038900.0
10/04/2010,9.86,10.25,9.65,10.16,0.3,3.04,847300.0
09/27/2010,10.28,10.38,9.28,9.86,-0.41,-3.99,2073400.0
09/20/2010,10.35,10.74,10.03,10.27,-0.08,-0.77,1715100.0
09/13/2010,10.25,10.58,9.91,10.35,0.18,1.77,1490200.0
09/06/2010,9.85,10.63,9.71,10.17,0.28,2.83,1343100.0
08/30/2010,9.8,9.99,9.19,9.89,0.04,0.41,1294300.0
08/23/2010,7.77,9.92,7.65,9.85,2.15,27.92,3624700.0
08/16/2010,7.44,7.85,7.3,7.7,0.23,3.08,590200.0
08/09/2010,8.35,8.52,7.46,7.47,-0.81,-9.78,672000.0
08/02/2010,8.68,8.8,8.03,8.28,-0.24,-2.82,577300.0
07/26/2010,8.71,8.95,8.29,8.52,-0.17,-1.96,1052700.0
07/19/2010,8.0,8.73,7.85,8.69,0.69,8.63,891500.0
07/12/2010,8.03,8.54,7.84,8.0,-0.04,-0.5,1235500.0
07/05/2010,7.79,8.06,7.37,8.04,0.35,4.55,694900.0
06/28/2010,8.02,8.07,7.35,7.69,-0.36,-4.47,1065400.0
06/21/2010,8.44,8.54,7.55,8.05,-0.3,-3.59,1989700.0
06/14/2010,8.26,8.61,8.19,8.35,0.16,1.95,1139500.0
06/07/2010,7.94,8.2,7.46,8.19,0.31,3.93,953700.0
05/31/2010,8.37,8.56,7.86,7.88,-0.54,-6.41,1216700.0
05/24/2010,7.99,8.75,7.64,8.42,0.4,4.99,967700.0
05/17/2010,8.63,8.84,7.85,8.02,-0.53,-6.2,839200.0
05/10/2010,8.5,8.96,8.37,8.55,0.26,3.14,770500.0
05/03/2010,8.38,8.64,7.3,8.29,-0.08,-0.96,1725400.0
04/26/2010,9.25,9.25,8.34,8.37,-0.86,-9.32,976900.0
04/19/2010,8.15,9.29,8.15,9.23,1.06,12.97,1381300.0
04/12/2010,7.69,8.24,7.61,8.17,0.46,5.97,1330900.0
04/05/2010,7.65,7.83,7.61,7.71,0.11,1.45,701600.0
03/29/2010,7.8,7.95,7.52,7.6,-0.21,-2.69,487600.0
03/22/2010,7.85,8.07,7.63,7.81,-0.13,-1.64,645900.0
03/15/2010,8.24,8.32,7.76,7.94,-0.29,-3.52,744700.0
03/08/2010,7.91,8.24,7.81,8.23,0.29,3.65,899200.0
03/01/2010,7.59,7.95,7.5,7.94,0.37,4.89,821900.0
02/22/2010,7.48,7.86,7.06,7.57,0.13,1.75,1781100.0
02/15/2010,7.45,7.9,7.26,7.44,0.03,0.4,779900.0
02/08/2010,7.38,7.44,7.2,7.41,0.03,0.41,1029900.0
02/01/2010,7.83,7.93,7.25,7.38,-0.43,-5.51,878200.0
01/25/2010,8.25,8.25,7.78,7.81,-0.36,-4.41,722400.0
01/18/2010,8.43,8.7,8.12,8.17,-0.26,-3.08,868300.0
01/11/2010,9.51,9.51,8.35,8.43,-1.13,-11.82,924900.0
01/04/2010,9.28,9.56,9.02,9.56,0.35,3.8,740800.0
12/28/2009,9.15,9.28,8.89,9.21,0.04,0.44,537900.0
12/21/2009,8.99,9.33,8.83,9.17,0.2,2.23,583900.0
12/14/2009,8.98,9.18,8.83,8.97,-0.01,-0.11,963400.0
12/07/2009,8.82,9.0,8.58,8.98,0.18,2.05,610400.0
11/30/2009,8.27,8.97,8.15,8.8,0.54,6.54,919600.0
11/23/2009,8.17,8.93,7.8,8.26,0.19,2.35,965000.0
11/16/2009,8.08,8.38,7.95,8.07,0.01,0.12,424700.0
11/09/2009,8.23,8.6,7.95,8.06,-0.11,-1.35,679400.0
11/02/2009,7.54,8.25,7.2,8.17,0.65,8.64,1143600.0
10/26/2009,7.91,8.12,7.36,7.52,-0.41,-5.17,1198200.0
10/19/2009,8.88,8.94,7.91,7.93,-0.9,-10.19,1782200.0
10/12/2009,8.71,9.01,8.55,8.83,0.1,1.15,562200.0
10/05/2009,8.46,8.95,8.31,8.73,0.37,4.43,739900.0
09/28/2009,8.2,8.72,8.19,8.36,0.18,2.2,890100.0
09/21/2009,8.0,8.18,7.81,8.18,0.07,0.86,1571000.0
09/14/2009,7.82,8.61,7.79,8.11,0.26,3.31,920000.0
09/07/2009,8.07,8.07,7.84,7.85,-0.17,-2.12,638700.0
08/31/2009,8.17,8.21,7.74,8.02,-0.19,-2.31,1006100.0
08/24/2009,9.07,9.43,8.11,8.21,-0.81,-8.98,1866200.0
08/17/2009,8.59,9.5,8.24,9.02,0.32,3.68,1079800.0
08/10/2009,8.6,9.19,8.58,8.7,0.0,0.0,1101800.0
08/03/2009,8.48,8.77,8.32,8.7,0.32,3.82,1153000.0
07/27/2009,8.71,8.79,8.27,8.38,-0.37,-4.23,652200.0
07/20/2009,8.19,8.91,8.11,8.75,0.6,7.36,853300.0
07/13/2009,7.23,8.16,7.0,8.15,0.94,13.04,1168000.0
07/06/2009,7.46,7.49,7.0,7.21,-0.29,-3.87,881800.0
06/29/2009,7.59,7.96,7.2,7.5,-0.12,-1.57,1144000.0
06/22/2009,7.52,7.63,7.08,7.62,0.08,1.06,1586100.0
06/15/2009,7.63,7.88,7.27,7.54,-0.21,-2.71,1482600.0
06/08/2009,7.27,8.05,7.13,7.75,0.47,6.46,1584000.0
06/01/2009,9.02,9.25,7.03,7.28,-1.29,-15.05,3940900.0
05/25/2009,8.34,9.18,8.19,8.57,0.25,3.0,828500.0
05/18/2009,8.73,9.13,8.32,8.32,-0.27,-3.14,1351800.0
05/11/2009,9.3,9.31,8.16,8.59,-0.53,-5.81,1062500.0
05/04/2009,9.08,9.88,8.67,9.12,0.16,1.79,1563200.0
04/27/2009,8.78,9.46,8.45,8.96,0.23,2.63,1270800.0
04/20/2009,8.12,8.83,7.44,8.73,0.4,4.8,1399700.0
04/13/2009,8.7,8.7,7.46,8.33,-0.3,-3.48,1451900.0
04/06/2009,7.77,8.63,7.32,8.63,0.76,9.66,1549100.0
03/30/2009,6.72,8.11,6.52,7.87,1.01,14.72,1594700.0
03/23/2009,6.94,7.38,6.46,6.86,0.1,1.48,1364200.0
03/16/2009,6.59,7.31,6.51,6.76,0.2,3.05,1413900.0
03/09/2009,6.18,6.69,5.89,6.56,0.3,4.79,2013300.0
03/02/2009,6.76,6.86,6.05,6.26,-0.6,-8.75,2669800.0
02/23/2009,8.0,8.06,6.17,6.86,-1.12,-14.04,4063500.0
02/16/2009,8.26,8.85,7.85,7.98,-0.55,-6.45,1151300.0
02/09/2009,8.65,8.91,8.09,8.53,-0.12,-1.39,1234400.0
02/02/2009,8.43,9.1,8.39,8.65,0.02,0.23,1304900.0
01/26/2009,8.95,9.4,8.55,8.63,-0.35,-3.9,815000.0
01/19/2009,9.36,9.71,8.56,8.98,-0.39,-4.16,977700.0
01/12/2009,9.49,9.87,9.18,9.37,-0.16,-1.68,1578200.0
01/05/2009,9.91,10.65,9.49,9.53,-0.31,-3.15,1247600.0
12/29/2008,8.86,9.94,8.67,9.84,0.94,10.56,1190700.0
12/22/2008,9.16,9.43,8.55,8.9,-0.22,-2.41,889600.0
12/15/2008,9.06,9.99,8.15,9.12,0.12,1.33,1767200.0
12/08/2008,9.24,9.96,8.63,9.0,-0.06,-0.66,1334100.0
12/01/2008,8.99,9.22,8.07,9.06,-0.05,-0.55,1535100.0
11/24/2008,6.35,9.26,6.23,9.11,2.88,46.23,2768400.0
11/17/2008,7.75,8.08,5.69,6.23,-1.62,-20.64,3617500.0
11/10/2008,9.27,9.3,7.42,7.85,-1.29,-14.11,2208700.0
11/03/2008,10.1,10.69,8.75,9.14,-0.82,-8.23,3754900.0
10/27/2008,9.42,10.74,9.2,9.96,0.66,7.1,2296100.0
10/20/2008,12.22,12.99,9.02,9.3,-2.68,-22.37,2858400.0
10/13/2008,13.44,14.2,10.65,11.98,-0.92,-7.13,2920500.0
10/06/2008,14.62,15.24,11.58,12.9,-2.08,-13.89,3427500.0
09/29/2008,16.94,16.99,14.79,14.98,-2.15,-12.55,1562300.0
09/22/2008,18.55,18.69,16.45,17.13,-1.67,-8.88,1403800.0
09/15/2008,16.26,19.94,15.88,18.8,2.32,14.08,3881300.0
09/08/2008,16.44,17.23,16.21,16.48,0.32,1.98,1855300.0
09/01/2008,17.8,17.92,15.74,16.16,-1.37,-7.82,2291000.0
08/25/2008,18.37,21.15,17.32,17.53,-1.17,-6.26,6586500.0
08/18/2008,19.17,19.35,18.0,18.7,-0.3,-1.58,1248900.0
08/11/2008,19.0,19.46,18.8,19.0,0.0,0.0,1722100.0
08/04/2008,17.99,20.16,17.34,19.0,1.04,5.79,2711700.0
07/28/2008,18.03,18.38,17.45,17.96,0.06,0.34,2025900.0
07/21/2008,18.27,18.54,16.71,17.9,-0.19,-1.05,3302300.0
07/14/2008,18.95,19.2,16.25,18.09,-0.68,-3.62,3394300.0
07/07/2008,19.83,21.17,18.59,18.77,-0.98,-4.96,3767200.0
06/30/2008,20.77,20.98,19.51,19.75,-1.05,-5.05,1690700.0
06/23/2008,19.85,21.32,19.57,20.8,1.12,5.69,3018500.0
06/16/2008,20.03,20.26,19.27,19.68,-0.31,-1.55,1586700.0
06/09/2008,19.39,20.48,19.16,19.99,0.65,3.36,1518500.0
06/02/2008,20.01,20.7,19.18,19.34,-0.85,-4.21,2284900.0
05/26/2008,16.3,20.44,15.98,20.19,3.88,23.79,4600300.0
05/19/2008,16.78,17.3,16.15,16.31,-0.37,-2.22,1418400.0
05/12/2008,15.7,17.26,15.7,16.68,0.97,6.17,1302800.0
05/05/2008,15.42,16.32,15.25,15.71,0.16,1.03,1499000.0
04/28/2008,14.75,15.84,14.62,15.55,0.76,5.14,1721400.0
04/21/2008,19.4,19.46,13.88,14.79,-4.69,-24.08,5446700.0
04/14/2008,18.76,19.73,18.13,19.48,0.64,3.4,1137700.0
04/07/2008,19.76,20.47,18.78,18.84,-0.67,-3.43,2011100.0
03/31/2008,17.46,19.96,17.22,19.51,2.05,11.74,2548100.0
03/24/2008,16.75,17.6,16.57,17.46,0.83,4.99,1311600.0
03/17/2008,14.75,16.65,14.62,16.63,1.48,9.77,1465200.0
03/10/2008,16.1,16.49,14.93,15.15,-0.86,-5.37,2060200.0
03/03/2008,17.14,17.15,15.8,16.01,-1.27,-7.35,2683400.0
02/25/2008,17.27,18.09,16.97,17.28,0.05,0.29,2146900.0
02/18/2008,17.55,18.09,16.81,17.23,0.01,0.06,1886000.0
02/11/2008,19.41,19.78,16.53,17.22,-2.14,-11.05,6017000.0
02/04/2008,20.68,20.97,19.01,19.36,-1.42,-6.83,1446300.0
01/28/2008,19.47,21.0,19.03,20.78,1.62,8.46,1847300.0
01/21/2008,18.67,19.72,18.2,19.16,-0.28,-1.44,2082600.0
01/14/2008,22.42,22.45,19.18,19.44,-2.83,-12.71,2334600.0
01/07/2008,21.85,23.11,21.66,22.27,0.66,3.05,1995200.0
12/31/2007,23.39,23.54,21.44,21.61,-2.1,-8.86,1357500.0
12/24/2007,24.4,24.82,23.14,23.71,-0.46,-1.9,891000.0
12/17/2007,21.87,24.24,20.88,24.17,2.18,9.91,2217800.0
12/10/2007,23.76,24.42,21.73,21.99,-1.73,-7.29,1774700.0
12/03/2007,23.07,23.96,22.41,23.72,0.39,1.67,1597700.0
11/26/2007,21.13,23.58,21.13,23.33,2.2,10.41,2523300.0
11/19/2007,20.8,21.6,20.35,21.13,0.2,0.96,2671200.0
11/12/2007,27.79,29.1,19.76,20.93,-6.95,-24.93,7529500.0
11/05/2007,27.56,29.0,27.28,27.88,-0.05,-0.18,1649800.0
10/29/2007,28.22,30.08,27.53,27.93,-0.3,-1.06,1784300.0
10/22/2007,27.41,28.33,27.06,28.23,0.59,2.13,2081500.0
10/15/2007,29.98,30.98,27.64,27.64,-2.63,-8.69,2038700.0
10/08/2007,31.42,31.89,29.7,30.27,-1.62,-5.08,1522100.0
10/01/2007,27.1,32.37,27.05,31.89,4.67,17.16,3499100.0
09/24/2007,28.0,28.7,27.16,27.22,-0.78,-2.79,1463700.0
09/17/2007,27.65,29.06,27.01,28.0,0.1,0.36,1904400.0
09/10/2007,27.3,28.62,26.8,27.9,0.6,2.2,1534500.0
09/03/2007,27.33,28.85,26.86,27.3,-0.2,-0.73,1442400.0
08/27/2007,26.75,27.9,26.25,27.5,0.76,2.84,1488300.0
08/20/2007,25.24,27.0,25.02,26.74,1.82,7.3,1840700.0
08/13/2007,26.26,27.35,24.07,24.92,-1.17,-4.48,3609800.0
08/06/2007,21.85,28.69,21.09,26.09,4.24,19.41,7865400.0
07/30/2007,21.64,22.47,20.87,21.85,0.21,0.97,2246800.0
07/23/2007,23.87,24.28,21.6,21.64,-2.04,-8.61,2911400.0
07/16/2007,24.05,24.64,23.29,23.68,0.28,1.2,3882500.0
07/09/2007,22.22,24.12,21.87,23.4,1.24,5.6,3268900.0
07/02/2007,21.6,22.26,21.0,22.16,0.68,3.17,1951700.0
06/25/2007,21.08,21.89,20.37,21.48,0.25,1.18,3847600.0
06/18/2007,21.04,21.98,20.83,21.23,0.29,1.38,3901900.0
06/11/2007,21.91,21.98,20.56,20.94,-1.19,-5.38,4461300.0
06/04/2007,23.94,23.94,22.0,22.13,-1.73,-7.25,3583400.0
05/28/2007,24.64,27.3,23.58,23.86,-0.62,-2.53,6144700.0
05/21/2007,23.04,25.0,22.94,24.48,1.55,6.76,3738900.0
05/14/2007,22.14,23.05,21.55,22.93,0.64,2.87,2685200.0
05/07/2007,22.87,23.12,21.8,22.29,-0.4,-1.76,2755400.0
04/30/2007,23.87,23.87,22.01,22.69,-1.23,-5.14,4664000.0
04/23/2007,24.78,25.09,23.53,23.92,-0.83,-3.35,2881400.0
04/16/2007,23.81,24.8,23.71,24.75,0.97,4.08,3322200.0
04/09/2007,22.4,23.95,21.62,23.78,-4.13,-14.8,12648900.0
04/02/2007,27.46,28.17,27.25,27.91,0.47,1.71,2977000.0
03/26/2007,26.9,27.5,26.17,27.44,0.54,2.01,3476500.0
03/19/2007,24.64,27.12,24.17,26.9,2.43,9.93,4407800.0
03/12/2007,25.15,25.51,23.79,24.47,-0.84,-3.32,3524900.0
03/05/2007,25.79,26.16,24.38,25.31,-0.86,-3.29,7031500.0
02/26/2007,28.38,28.73,25.35,26.17,-2.19,-7.72,6348700.0
02/19/2007,29.61,29.85,27.85,28.36,-1.29,-4.35,5014800.0
02/12/2007,37.5,39.5,28.25,29.65,-6.95,-18.99,17484200.0
02/05/2007,34.36,37.91,33.7,36.6,2.13,6.18,2870200.0
01/29/2007,34.76,35.31,33.6,34.47,-0.45,-1.29,2362800.0
01/22/2007,34.4,36.44,33.2,34.92,0.48,1.39,3066900.0
01/15/2007,37.3,37.34,34.14,34.44,-2.8,-7.52,2070200.0
01/08/2007,34.99,37.4,34.32,37.24,2.33,6.67,3216600.0
01/01/2007,37.13,37.14,34.6,34.91,-1.94,-5.26,1868800.0
12/25/2006,36.06,37.6,36.0,36.85,0.71,1.96,1175600.0
12/18/2006,38.89,39.45,35.57,36.14,-2.23,-5.81,2503400.0
12/11/2006,38.23,40.05,36.54,38.37,0.27,0.71,5332300.0
12/04/2006,36.13,39.09,36.13,38.1,2.22,6.19,2643400.0
11/27/2006,37.16,37.16,35.05,35.88,-1.38,-3.7,2944000.0
11/20/2006,33.48,38.85,33.47,37.26,3.64,10.83,3488300.0
11/13/2006,26.5,35.11,26.07,33.62,7.27,27.59,7675400.0
11/06/2006,23.53,26.5,23.49,26.35,3.01,12.9,2435800.0
10/30/2006,23.49,24.0,22.47,23.34,-0.13,-0.55,1547100.0
10/23/2006,22.0,24.08,21.7,23.47,1.39,6.3,1365800.0
10/16/2006,21.83,22.54,21.32,22.08,0.32,1.47,1609400.0
10/09/2006,22.55,22.7,21.64,21.76,-0.74,-3.29,2714800.0
10/02/2006,20.58,22.62,19.93,22.5,1.81,8.75,2602300.0
09/25/2006,18.56,21.65,18.37,20.69,1.97,10.52,3387100.0
09/18/2006,20.4,21.16,18.31,18.72,-1.79,-8.73,3289700.0
09/11/2006,20.65,20.85,19.82,20.51,-0.27,-1.3,2077000.0
09/04/2006,21.16,21.58,20.23,20.78,-0.16,-0.76,2292700.0
08/28/2006,20.65,21.8,20.65,20.94,0.21,1.01,2792300.0
08/21/2006,22.15,22.75,20.35,20.73,-2.14,-9.36,3885200.0
08/14/2006,28.85,31.14,21.8,22.87,-5.51,-19.42,20040200.0
08/07/2006,28.16,29.94,27.41,28.38,0.21,0.75,2360400.0
07/31/2006,27.79,29.19,27.16,28.17,0.37,1.33,2070500.0
07/24/2006,27.65,30.46,26.29,27.8,0.27,0.98,3607800.0
07/17/2006,25.81,29.42,25.26,27.53,1.48,5.68,4087800.0
07/10/2006,28.3,28.87,25.03,26.05,-2.25,-7.95,4369300.0
07/03/2006,29.2,30.18,28.23,28.3,-0.57,-1.97,2438500.0
06/26/2006,26.75,29.25,25.7,28.87,2.54,9.65,4395200.0
06/19/2006,25.005,27.405,24.34,26.33,1.475,5.93,3694900.0
06/12/2006,25.245,25.245,22.25,24.855,-0.155,-0.62,3736599.0
06/05/2006,25.0,26.415,23.825,25.01,0.135,0.54,3769800.0
05/29/2006,24.005,25.355,23.31,24.875,0.97,4.06,3082400.0
05/22/2006,19.65,24.075,18.95,23.905,4.165,21.1,4619600.0
05/15/2006,20.375,20.98,19.25,19.74,-0.765,-3.73,1361600.0
05/08/2006,20.675,22.785,20.1,20.505,-0.225,-1.09,1748000.0
05/01/2006,19.47,21.3,19.355,20.73,1.12,5.71,1089397.0
04/24/2006,19.5,21.275,18.82,19.61,0.155,0.8,1980000.0
04/17/2006,19.095,19.5,18.605,19.455,0.305,1.59,760400.0
04/10/2006,19.47,19.5,18.595,19.15,-0.245,-1.26,787200.0
04/03/2006,18.205,19.625,18.175,19.395,1.145,6.27,1732399.0
03/27/2006,19.685,19.705,17.9,18.25,-1.425,-7.24,1580600.0
03/20/2006,19.415,19.96,18.62,19.675,0.195,1.0,1328000.0
03/13/2006,18.925,19.56,18.89,19.48,0.61,3.23,1550398.0
03/06/2006,17.505,18.87,17.38,18.87,1.37,7.83,1545399.0
02/27/2006,18.125,18.265,17.33,17.5,-0.61,-3.37,860199.0
02/20/2006,16.695,18.355,16.45,18.11,1.56,9.43,1939199.0
02/13/2006,15.15,17.065,13.855,16.55,1.265,8.28,2303400.0
02/06/2006,15.415,15.8,15.035,15.285,-0.035,-0.23,771200.0
01/30/2006,15.72,15.75,14.71,15.32,-0.44,-2.79,778200.0
01/23/2006,15.735,16.26,15.305,15.76,0.115,0.74,669400.0
01/16/2006,15.495,16.1,15.19,15.645,0.115,0.74,596400.0
01/09/2006,15.8,16.095,15.405,15.53,-0.31,-1.96,759200.0
01/02/2006,14.7,15.985,14.3,15.84,1.055,7.14,871600.0
12/26/2005,15.155,15.24,14.31,14.785,-0.45,-2.95,665800.0
12/19/2005,14.575,15.4,13.825,15.235,0.765,5.29,1008400.0
12/12/2005,14.155,14.84,13.735,14.47,0.415,2.95,1313000.0
12/05/2005,13.625,14.245,13.44,14.055,0.055,0.39,1116400.0
11/28/2005,13.175,14.19,12.865,14.0,0.705,5.3,1466799.0
11/21/2005,13.405,13.75,13.14,13.295,-0.205,-1.52,838399.0
11/14/2005,11.55,14.07,11.43,13.5,1.83,15.68,2418200.0
11/07/2005,11.015,11.745,11.015,11.67,0.58,5.23,555000.0
10/31/2005,10.68,11.22,10.635,11.09,0.425,3.98,348600.0
10/24/2005,10.895,11.095,10.265,10.665,-0.205,-1.89,398600.0
10/17/2005,11.05,11.325,10.5,10.87,-0.235,-2.12,390400.0
10/10/2005,11.3,11.395,10.65,11.105,-0.235,-2.07,842200.0
10/03/2005,11.85,12.025,10.96,11.34,-0.65,-5.42,654000.0
09/26/2005,11.105,12.125,11.005,11.99,0.885,7.97,986400.0
09/19/2005,11.52,11.62,11.015,11.105,-0.445,-3.85,427200.0
09/12/2005,11.385,11.625,11.205,11.55,0.055,0.48,671800.0
09/05/2005,10.73,11.625,10.73,11.495,0.7,6.48,533800.0
08/29/2005,10.67,11.125,10.6,10.795,0.12,1.12,457000.0
08/22/2005,10.46,10.985,10.395,10.675,0.19,1.81,508800.0
08/15/2005,10.08,10.935,9.96,10.485,0.455,4.54,687800.0
08/08/2005,10.0,10.415,9.6,10.03,0.1,1.01,416000.0
08/01/2005,10.235,10.365,9.925,9.93,-0.305,-2.98,597600.0
07/25/2005,10.945,11.05,10.01,10.235,-0.755,-6.87,752800.0
07/18/2005,10.69,11.05,10.5,10.99,0.23,2.14,427200.0
07/11/2005,10.605,10.985,10.325,10.76,0.07,0.65,548800.0
07/04/2005,10.08,10.75,10.08,10.69,0.585,5.79,385000.0
06/27/2005,10.03,10.25,9.925,10.105,0.06,0.6,750400.0
06/20/2005,10.125,10.32,9.955,10.045,-0.15,-1.47,996000.0
06/13/2005,10.075,10.32,9.725,10.195,0.09,0.89,853000.0
06/06/2005,10.325,10.725,10.105,10.105,-0.305,-2.93,574400.0
05/30/2005,11.32,11.695,10.35,10.41,-1.075,-9.36,1148200.0
05/23/2005,11.2,11.695,11.055,11.485,-0.14,-1.2,847200.0
05/16/2005,11.275,11.875,11.135,11.625,0.25,2.2,356600.0
05/09/2005,11.05,11.49,10.83,11.375,0.25,2.25,524000.0
05/02/2005,10.13,11.245,10.115,11.125,0.945,9.28,867800.0
04/25/2005,10.345,10.45,9.81,10.18,-0.215,-2.07,451800.0
04/18/2005,10.45,10.67,10.02,10.395,0.03,0.29,437000.0
04/11/2005,10.5,11.135,10.325,10.365,-0.325,-3.04,545000.0
04/04/2005,10.54,10.75,10.325,10.69,0.1,0.94,629400.0
03/28/2005,10.77,11.15,10.5,10.59,-0.18,-1.67,486000.0
03/21/2005,10.655,10.87,10.51,10.77,0.0,0.0,378200.0
03/14/2005,10.665,11.09,10.44,10.77,0.04,0.37,698000.0
03/07/2005,11.54,11.635,10.675,10.73,-0.795,-6.9,1068000.0
02/28/2005,11.03,11.595,10.8,11.525,0.235,2.08,827800.0
02/21/2005,10.625,11.365,10.5,11.29,0.39,3.58,743599.0
02/14/2005,11.06,11.36,10.51,10.9,-0.235,-2.11,1637800.0
02/07/2005,12.82,12.85,11.035,11.135,-1.665,-13.01,1538600.0
01/31/2005,12.225,12.8,12.005,12.8,0.675,5.57,723400.0
01/24/2005,11.575,12.245,11.495,12.125,0.55,4.75,649200.0
01/17/2005,11.43,11.705,11.23,11.575,0.085,0.74,381000.0
01/10/2005,11.57,11.93,11.355,11.49,-0.18,-1.54,739800.0
01/03/2005,12.445,12.63,11.3,11.67,-0.775,-6.23,1020000.0
12/27/2004,12.5,12.85,12.34,12.445,-0.125,-0.99,625600.0
12/20/2004,12.5,12.91,12.37,12.57,-0.12,-0.95,497400.0
12/13/2004,12.65,12.93,12.38,12.69,0.09,0.71,716600.0
12/06/2004,13.015,13.15,12.3,12.6,-0.44,-3.37,541200.0
11/29/2004,12.6,13.435,12.54,13.04,0.385,3.04,704600.0
11/22/2004,12.51,13.08,12.3,12.655,0.03,0.24,503800.0
11/15/2004,14.595,14.97,12.625,12.625,-1.915,-13.17,1632999.0
11/08/2004,13.395,14.54,13.375,14.54,1.105,8.22,951000.0
11/01/2004,12.19,13.495,12.19,13.435,1.095,8.87,773600.0
10/25/2004,12.155,12.46,12.065,12.34,0.165,1.36,563200.0
10/18/2004,12.25,12.525,12.125,12.175,-0.045,-0.37,651399.0
10/11/2004,12.29,12.405,12.015,12.22,-0.1,-0.81,439000.0
10/04/2004,12.995,13.245,12.29,12.32,-0.625,-4.83,582400.0
09/27/2004,12.085,12.945,11.915,12.945,0.845,6.98,503200.0
09/20/2004,12.05,12.425,11.915,12.1,-0.11,-0.9,384200.0
09/13/2004,12.31,12.63,12.05,12.21,-0.185,-1.49,469800.0
09/06/2004,12.005,12.58,12.0,12.395,0.305,2.52,346200.0
08/30/2004,11.765,12.275,11.425,12.09,0.26,2.2,476000.0
08/23/2004,11.825,11.9,11.54,11.83,0.11,0.94,660200.0
08/16/2004,11.365,11.76,10.775,11.72,0.36,3.17,1440600.0
08/09/2004,11.75,12.325,11.19,11.36,-0.485,-4.09,758400.0
08/02/2004,12.905,13.225,11.75,11.845,-1.105,-8.53,739800.0
07/26/2004,12.185,12.995,11.79,12.95,0.92,7.65,886800.0
07/19/2004,12.095,12.275,11.785,12.03,-0.135,-1.11,638000.0
07/12/2004,12.29,12.465,11.835,12.165,-0.24,-1.93,929800.0
07/05/2004,12.2,12.475,12.18,12.405,0.115,0.94,689000.0
06/28/2004,11.875,12.475,11.735,12.29,0.295,2.46,882199.0
06/21/2004,11.515,12.05,11.505,11.995,0.46,3.99,790000.0
06/14/2004,11.74,12.235,11.5,11.535,-0.295,-2.49,875200.0
06/07/2004,11.505,12.0,11.5,11.83,0.23,1.98,664000.0
05/31/2004,11.795,11.915,11.525,11.6,-0.095,-0.81,745400.0
05/24/2004,11.105,12.0,10.59,11.695,0.615,5.55,2094599.0
05/17/2004,10.47,11.35,10.22,11.08,0.53,5.02,920200.0
05/10/2004,10.505,10.84,10.275,10.55,0.035,0.33,979999.0
05/03/2004,10.615,11.065,10.485,10.515,-0.1,-0.94,1278799.0
04/26/2004,11.345,11.575,10.56,10.615,-0.925,-8.02,809200.0
04/19/2004,11.6,11.94,11.295,11.54,-0.06,-0.52,910600.0
04/12/2004,11.93,12.045,11.6,11.6,-0.215,-1.82,1451800.0
04/05/2004,11.835,12.05,11.585,11.815,0.12,1.03,907199.0
03/29/2004,11.15,11.73,11.115,11.695,0.56,5.03,779200.0
03/22/2004,11.265,11.35,10.725,11.135,-0.105,-0.93,1029600.0
03/15/2004,11.78,11.78,11.01,11.24,-0.46,-3.93,1123599.0
03/08/2004,12.11,12.11,11.25,11.7,-0.19,-1.6,1223600.0
03/01/2004,11.9,12.495,11.68,11.89,0.115,0.98,1138199.0
02/23/2004,12.125,12.42,11.555,11.775,-0.31,-2.57,1367000.0
02/16/2004,13.33,13.47,11.5,12.085,-1.245,-9.34,2538400.0
02/09/2004,12.205,13.75,12.205,13.33,0.87,6.98,5384000.0
02/02/2004,11.34,12.55,11.05,12.46,1.025,8.96,2342599.0
01/26/2004,12.505,12.6,11.39,11.435,-1.455,-11.29,2010200.0
01/19/2004,13.54,13.745,12.57,12.89,-0.65,-4.8,1384599.0
01/12/2004,13.78,13.8,13.05,13.54,0.195,1.46,1365400.0
01/05/2004,13.27,13.875,13.055,13.345,0.425,3.29,1699999.0
12/29/2003,13.375,13.375,12.565,12.92,0.01,0.08,1350598.0
12/22/2003,12.5,12.985,11.93,12.91,0.78,6.43,919600.0
12/15/2003,11.72,12.875,10.515,12.13,1.81,17.54,4062599.0
12/08/2003,10.08,10.375,9.735,10.32,0.14,1.38,1047200.0
12/01/2003,9.18,10.18,9.18,10.18,0.9,9.7,1978200.0
11/24/2003,9.17,9.335,8.89,9.28,0.305,3.4,973998.0
11/17/2003,7.505,9.175,7.5,8.975,1.46,19.43,2714400.0
11/10/2003,7.95,8.015,7.31,7.515,-0.41,-5.17,638000.0
11/03/2003,7.745,7.95,7.48,7.925,0.18,2.32,524600.0
10/27/2003,7.34,7.945,7.3,7.745,0.475,6.53,487400.0
10/20/2003,8.0,8.1,7.155,7.27,-0.73,-9.13,635399.0
10/13/2003,8.1,8.275,7.95,8.0,-0.1,-1.23,342000.0
10/06/2003,8.32,8.595,8.075,8.1,-0.17,-2.06,474200.0
09/29/2003,7.925,8.34,7.875,8.27,0.395,5.02,400600.0
09/22/2003,8.4,8.49,7.805,7.875,-0.525,-6.25,616800.0
09/15/2003,8.35,8.55,8.21,8.4,0.01,0.12,598000.0
09/08/2003,8.325,8.48,8.05,8.39,0.05,0.6,874800.0
09/01/2003,8.2,8.475,8.02,8.34,0.235,2.9,750600.0
08/25/2003,7.88,8.195,7.73,8.105,0.11,1.38,591600.0
08/18/2003,8.26,8.95,7.88,7.995,-0.13,-1.6,1343600.0
08/11/2003,7.85,8.235,7.575,8.125,0.375,4.84,565000.0
08/04/2003,8.21,8.27,7.625,7.75,-0.475,-5.78,746000.0
07/28/2003,8.49,8.545,8.14,8.225,-0.21,-2.49,1119399.0
07/21/2003,8.5,8.635,7.87,8.435,-0.1,-1.17,1132199.0
07/14/2003,8.77,9.16,8.38,8.535,-0.235,-2.68,1024800.0
07/07/2003,8.44,9.05,8.11,8.77,0.335,3.97,1338198.0
06/30/2003,8.375,8.435,7.86,8.435,0.07,0.84,432200.0
06/23/2003,8.125,8.5,7.555,8.365,0.245,3.02,1185200.0
06/16/2003,8.5,8.67,8.0,8.12,-0.425,-4.97,1648400.0
06/09/2003,8.845,8.885,8.295,8.545,-0.38,-4.26,1986799.0
06/02/2003,7.875,9.69,7.81,8.925,1.055,13.41,3256000.0
05/26/2003,7.5,8.0,7.475,7.87,0.385,5.14,579000.0
05/19/2003,7.375,7.5,7.115,7.485,0.085,1.15,679000.0
05/12/2003,7.285,7.415,7.1,7.4,0.065,0.89,484600.0
05/05/2003,7.2,7.45,7.11,7.335,-0.005,-0.07,615199.0
04/28/2003,6.805,7.41,6.69,7.34,0.54,7.94,714200.0
04/21/2003,7.36,7.46,6.43,6.8,-0.6,-8.11,1508200.0
04/14/2003,7.075,7.65,6.975,7.4,0.17,2.35,502800.0
04/07/2003,7.855,8.025,7.125,7.23,-0.58,-7.43,1031400.0
03/31/2003,7.7,8.08,7.64,7.81,-0.17,-2.13,723400.0
03/24/2003,8.03,8.125,7.655,7.98,-0.055,-0.68,674200.0
03/17/2003,7.545,8.24,7.095,8.035,0.44,5.79,2076199.0
03/10/2003,8.06,8.55,7.5,7.595,-0.495,-6.12,1748000.0
03/03/2003,8.1,8.365,8.025,8.09,-0.03,-0.37,1207200.0
02/24/2003,8.225,8.5,7.875,8.12,-0.06,-0.73,2014800.0
02/17/2003,6.975,8.47,6.975,8.18,1.195,17.11,4138600.0
02/10/2003,7.955,8.1,6.7,6.985,-1.125,-13.87,1758199.0
02/03/2003,7.75,8.2,7.355,8.11,0.49,6.43,1673400.0
01/27/2003,7.58,7.725,7.315,7.62,0.045,0.59,1190800.0
01/20/2003,7.51,7.7,7.0,7.575,0.07,0.93,923600.0
01/13/2003,7.2,7.65,7.14,7.505,-0.02,-0.27,983799.0
01/06/2003,6.275,7.835,6.25,7.525,0.855,12.82,1871399.0
12/30/2002,6.7,6.96,6.22,6.67,0.32,5.04,869600.0
12/23/2002,7.075,7.125,6.16,6.35,-0.7,-9.93,972999.0
12/16/2002,6.695,7.15,6.575,7.05,0.36,5.38,1152200.0
12/09/2002,6.42,6.99,5.975,6.69,0.295,4.61,1346800.0
12/02/2002,7.345,7.5,5.87,6.395,-0.79,-11.0,1491800.0
11/25/2002,5.75,7.2,5.75,7.185,1.4,24.2,1159400.0
11/18/2002,4.855,5.975,4.7,5.785,0.935,19.28,1270800.0
11/11/2002,4.905,5.0,4.75,4.85,-0.055,-1.12,153600.0
11/04/2002,4.9,4.975,4.565,4.905,0.025,0.51,134800.0
10/28/2002,4.89,4.9,4.615,4.88,0.095,1.99,130600.0
10/21/2002,4.69,4.92,4.65,4.785,-0.065,-1.34,148600.0
10/14/2002,4.4,4.85,4.395,4.85,0.405,9.11,157400.0
10/07/2002,4.5,4.67,4.275,4.445,-0.06,-1.33,560600.0
09/30/2002,4.675,4.995,4.5,4.505,-0.22,-4.66,233000.0
09/23/2002,4.75,4.875,4.525,4.725,-0.09,-1.87,220400.0
09/16/2002,4.83,4.95,4.625,4.815,-0.135,-2.73,236200.0
09/09/2002,4.735,5.0,4.625,4.95,0.1,2.06,145400.0
09/02/2002,4.805,4.945,4.59,4.85,-0.005,-0.1,116200.0
08/26/2002,4.675,5.03,4.675,4.855,0.055,1.15,200600.0
08/19/2002,4.765,5.475,4.675,4.8,0.04,0.84,678800.0
08/12/2002,4.5,4.875,4.225,4.76,0.17,3.7,110600.0
08/05/2002,4.63,4.95,4.5,4.59,0.015,0.33,136800.0
07/29/2002,4.395,4.92,4.395,4.575,0.2,4.57,152400.0
07/22/2002,4.05,4.575,3.65,4.375,0.275,6.71,280400.0
07/15/2002,4.65,4.74,4.06,4.1,-0.54,-11.64,308600.0
07/08/2002,4.975,5.0,4.54,4.64,-0.36,-7.2,162600.0
07/01/2002,4.575,5.125,4.575,5.0,0.08,1.63,253400.0
06/24/2002,4.71,5.01,4.485,4.92,0.135,2.82,351400.0
06/17/2002,4.475,4.875,4.475,4.785,0.26,5.75,312400.0
06/10/2002,4.67,4.715,4.4,4.525,-0.145,-3.1,306200.0
06/03/2002,4.55,4.67,4.5,4.67,0.085,1.85,207200.0
05/27/2002,4.615,4.755,4.5,4.585,0.085,1.89,190600.0
05/20/2002,4.7,4.715,4.455,4.5,-0.295,-6.15,180000.0
05/13/2002,4.85,5.245,4.75,4.795,-0.055,-1.13,200600.0
05/06/2002,5.04,5.2,4.675,4.85,-0.215,-4.24,191200.0
04/29/2002,4.55,5.435,4.45,5.065,0.44,9.51,803399.0
04/22/2002,4.625,4.785,4.475,4.625,0.02,0.43,287400.0
04/15/2002,4.44,4.805,4.43,4.605,0.16,3.6,209200.0
04/08/2002,3.985,4.455,3.875,4.445,0.54,13.83,448600.0
04/01/2002,3.91,4.015,3.815,3.905,-0.09,-2.25,374600.0
03/25/2002,3.94,4.16,3.9,3.995,-0.095,-2.32,267800.0
03/18/2002,3.74,4.12,3.735,4.09,0.13,3.28,117200.0
03/11/2002,3.8,3.995,3.505,3.96,0.235,6.31,277200.0
03/04/2002,3.325,3.75,3.16,3.725,0.505,15.68,211200.0
02/25/2002,3.345,3.45,3.155,3.22,-0.05,-1.53,274800.0
02/18/2002,3.495,3.5,3.055,3.27,-0.23,-6.57,321600.0
02/11/2002,3.535,3.91,3.275,3.5,-0.18,-4.89,407200.0
02/04/2002,3.045,3.68,3.0,3.68,0.445,13.76,438000.0
01/28/2002,3.575,3.575,3.2,3.235,-0.295,-8.36,414200.0
01/21/2002,3.58,3.715,3.5,3.53,-0.05,-1.4,114600.0
01/14/2002,4.345,4.4,3.35,3.58,-0.775,-17.8,992399.0
01/07/2002,4.21,4.565,4.2,4.355,0.15,3.57,830600.0
12/31/2001,4.26,4.45,4.05,4.205,-0.17,-3.89,302000.0
12/24/2001,4.155,4.375,4.15,4.375,0.125,2.94,247400.0
12/17/2001,4.075,4.375,4.015,4.25,0.055,1.31,494000.0
12/10/2001,4.32,4.45,4.045,4.195,-0.125,-2.89,229800.0
12/03/2001,4.175,4.355,4.0,4.32,0.225,5.49,274800.0
11/26/2001,4.225,4.225,3.785,4.095,-0.105,-2.5,329400.0
11/19/2001,4.045,4.5,4.02,4.2,0.05,1.2,259600.0
11/12/2001,3.525,4.19,3.33,4.15,0.625,17.73,1014000.0
11/05/2001,3.4,3.73,3.315,3.525,0.13,3.83,217800.0
10/29/2001,3.625,3.625,3.255,3.395,-0.145,-4.1,365200.0
10/22/2001,3.2,3.625,3.125,3.54,0.265,8.09,562000.0
10/15/2001,3.175,3.575,3.05,3.275,0.2,6.5,2173600.0
10/08/2001,4.71,4.71,3.0,3.075,-1.225,-28.49,3999000.0
10/01/2001,4.25,5.005,4.0,4.3,-0.1,-2.27,609800.0
09/24/2001,4.25,4.7,3.625,4.4,0.3,7.32,1358200.0
09/17/2001,4.735,5.1,4.0,4.1,-0.97,-19.13,682600.0
09/10/2001,4.7,5.075,4.625,5.07,0.32,6.74,70400.0
09/03/2001,5.45,5.585,4.7,4.75,-0.725,-13.24,1738400.0
08/27/2001,5.6,5.855,5.35,5.475,-0.04,-0.73,1428200.0
08/20/2001,4.655,5.71,4.65,5.515,0.815,17.34,764199.0
08/13/2001,4.975,5.235,4.575,4.7,-0.2,-4.08,1005200.0
08/06/2001,4.56,5.075,4.41,4.9,0.375,8.29,858800.0
07/30/2001,4.5,4.685,4.3,4.525,0.04,0.89,1049000.0
07/23/2001,5.05,5.05,4.0,4.485,-0.215,-4.57,1404600.0
07/16/2001,4.835,5.205,4.575,4.7,-0.395,-7.75,2868600.0
07/09/2001,7.44,7.725,5.0,5.095,-2.085,-29.04,3249400.0
07/02/2001,7.54,7.635,6.975,7.18,-0.515,-6.69,1323400.0
06/25/2001,7.475,8.675,7.275,7.695,0.335,4.55,3021200.0
06/18/2001,7.25,7.375,6.5025,7.36,0.035,0.48,1928000.0
06/11/2001,7.3775,8.625,7.1875,7.325,0.015,0.21,4034400.0
06/04/2001,7.0325,7.7225,6.125,7.31,0.3,4.28,1859600.0
05/28/2001,7.6675,7.7625,6.8325,7.01,-0.69,-8.96,1268400.0
05/21/2001,7.5,8.0925,7.1275,7.7,0.3725,5.08,2664400.0
05/14/2001,6.6725,7.5375,6.5125,7.3275,0.685,10.31,1772799.0
05/07/2001,6.425,6.8125,6.05,6.6425,0.1925,2.98,1981999.0
04/30/2001,5.9275,6.4625,5.31,6.45,0.625,10.73,1508000.0
04/23/2001,4.9025,5.845,4.75,5.825,0.9,18.27,1791200.0
04/16/2001,4.395,4.97,4.39,4.925,0.3625,7.95,835600.0
04/09/2001,4.2625,4.6375,4.25,4.5625,0.125,2.82,313600.0
04/02/2001,4.7825,4.8125,3.8125,4.4375,-0.25,-5.33,656400.0
03/26/2001,4.3125,4.7825,4.25,4.6875,0.405,9.46,939600.0
03/19/2001,4.2725,4.4075,4.1575,4.2825,0.095,2.27,734800.0
03/12/2001,4.9925,5.095,3.845,4.1875,-0.8125,-16.25,1815599.0
03/05/2001,4.5075,5.25,4.485,5.0,0.515,11.48,2581599.0
02/26/2001,4.25,4.625,4.095,4.485,0.2975,7.1,1014000.0
02/19/2001,4.055,4.9375,3.875,4.1875,0.155,3.84,2459200.0
02/12/2001,3.47,4.125,3.47,4.0325,0.5325,15.21,613200.0
02/05/2001,3.72,3.875,3.4375,3.5,-0.1875,-5.08,291600.0
01/29/2001,3.97,4.0,3.595,3.6875,-0.2825,-7.12,205600.0
01/22/2001,3.7025,4.095,3.625,3.97,0.25,6.72,947200.0
01/15/2001,3.4375,3.75,3.22,3.72,0.25,7.2,336400.0
01/08/2001,3.1875,3.47,3.125,3.47,0.2825,8.86,357600.0
01/01/2001,3.125,3.2425,3.0,3.1875,0.2175,7.32,215600.0
12/25/2000,3.0,3.095,2.47,2.97,-0.17,-5.41,265600.0
12/18/2000,3.375,3.39,2.985,3.14,-0.0625,-1.95,270400.0
12/11/2000,3.125,3.4375,3.125,3.2025,0.2025,6.75,268000.0
12/04/2000,3.3125,3.5,3.0,3.0,-0.345,-10.31,206800.0
11/27/2000,3.39,3.5775,3.2975,3.345,0.0325,0.98,290800.0
11/20/2000,3.4375,3.595,3.2825,3.3125,0.0,0.0,293200.0
11/13/2000,3.375,3.97,3.125,3.3125,-0.0625,-1.85,710000.0
11/06/2000,3.4525,3.5,3.345,3.375,-0.0625,-1.82,207200.0
10/30/2000,3.0,3.5,3.0,3.4375,0.2175,6.75,107600.0
10/23/2000,3.1875,3.22,2.97,3.22,0.0475,1.5,111600.0
10/16/2000,3.25,3.375,3.0325,3.1725,0.235,8.0,213200.0
10/09/2000,3.3125,3.3125,2.9075,2.9375,-0.375,-11.32,250800.0
10/02/2000,3.4375,3.595,3.2825,3.3125,-0.0625,-1.85,316800.0
09/25/2000,3.625,3.625,3.095,3.375,-0.25,-6.9,962000.0
09/18/2000,3.89,4.0325,3.595,3.625,-0.265,-6.81,770400.0
09/11/2000,3.86,4.22,3.86,3.89,0.03,0.78,1159200.0
09/04/2000,3.6875,4.0,3.5625,3.86,0.3275,9.27,1663600.0
08/28/2000,3.0775,3.5625,3.0325,3.5325,0.455,14.78,952400.0
08/21/2000,3.015,3.095,2.8275,3.0775,0.0625,2.07,383600.0
08/14/2000,2.75,3.125,2.6875,3.015,0.3125,11.56,779600.0
08/07/2000,2.765,2.765,2.64,2.7025,-0.08,-2.88,317200.0
07/31/2000,2.61,2.8125,2.5775,2.7825,0.1875,7.23,400400.0
07/24/2000,2.7825,2.875,2.595,2.595,-0.155,-5.64,259200.0
07/17/2000,2.75,2.875,2.6575,2.75,-0.0625,-2.22,235600.0
07/10/2000,2.735,2.9225,2.625,2.8125,0.125,4.65,418800.0
07/03/2000,2.4525,2.75,2.345,2.6875,0.2025,8.15,593200.0
06/26/2000,2.4375,2.5475,2.375,2.485,0.0475,1.95,219600.0
06/19/2000,2.4225,2.5325,2.3125,2.4375,0.0925,3.94,333600.0
06/12/2000,2.46,2.61,2.3125,2.345,-0.1075,-4.38,501600.0
06/05/2000,2.25,2.5625,2.22,2.4525,0.1875,8.28,291200.0
05/29/2000,2.22,2.36,2.125,2.265,0.015,0.67,331200.0
05/22/2000,2.3275,2.375,2.1875,2.25,-0.0775,-3.33,268400.0
05/15/2000,2.375,2.5325,2.25,2.3275,-0.0625,-2.62,324400.0
05/08/2000,2.4075,2.61,2.375,2.39,0.0775,3.35,464000.0
05/01/2000,2.3125,2.375,2.22,2.3125,0.0475,2.1,218000.0
04/24/2000,2.25,2.2825,2.0625,2.265,-0.0175,-0.77,402000.0
04/17/2000,2.125,2.4075,1.9375,2.2825,0.1875,8.95,417600.0
04/10/2000,2.5,2.595,1.75,2.095,-0.3125,-12.98,715600.0
04/03/2000,2.61,2.6575,2.345,2.4075,-0.125,-4.94,373600.0
03/27/2000,2.5225,2.72,2.5,2.5325,0.0625,2.53,981200.0
03/20/2000,2.5325,2.6725,2.335,2.47,-0.015,-0.6,700000.0
03/13/2000,2.305,2.845,2.2825,2.485,0.0475,1.95,792000.0
03/06/2000,2.3125,2.6875,2.265,2.4375,0.125,5.41,682000.0
02/28/2000,2.515,2.735,2.235,2.3125,-0.265,-10.28,1488000.0
02/21/2000,2.86,2.875,2.39,2.5775,-0.2975,-10.35,1450399.0
02/14/2000,3.3825,3.72,2.5625,2.875,-0.515,-15.19,2565999.0
02/07/2000,3.0075,3.4375,2.61,3.39,0.17,5.28,1604800.0
01/31/2000,3.1875,3.5325,2.9075,3.22,-0.015,-0.46,1047600.0
01/24/2000,2.945,3.2825,2.47,3.235,0.015,0.47,3250000.0
01/17/2000,3.64,3.75,3.1875,3.22,-0.375,-10.43,1455600.0
01/10/2000,3.5625,4.5625,3.125,3.595,0.095,2.71,3515599.0
01/03/2000,3.18,3.555,3.0238,3.5,0.3437,10.89,2265600.0
12/27/1999,3.5475,3.5788,3.0162,3.1563,-0.3512,-10.01,1418400.0
12/20/1999,3.2662,3.7188,3.25,3.5075,0.2262,6.89,1732800.0
12/13/1999,3.3288,3.3438,3.0787,3.2813,0.07,2.18,2055999.0
12/06/1999,2.4963,3.4375,2.25,3.2113,0.7263,29.23,5648000.0
11/29/1999,2.7575,2.7975,2.375,2.485,-0.1562,-5.91,1825600.0
11/22/1999,2.9925,3.0,2.6412,2.6412,0.0,0.0,1864000.0
11/15/1999,2.0162,2.7425,1.9063,2.6412,0.6799,34.67,2884000.0
11/08/1999,1.8913,2.1412,1.8288,1.9613,0.0863,4.6,444800.0
11/01/1999,1.6638,1.9063,1.6638,1.875,0.1562,9.09,183200.0
10/25/1999,1.735,1.75,1.5862,1.7188,-0.0475,-2.69,446400.0
10/18/1999,1.7575,1.8125,1.7263,1.7663,-0.0312,-1.74,268800.0
10/11/1999,1.8788,1.9225,1.7975,1.7975,-0.0625,-3.36,296000.0
10/04/1999,2.0313,2.0625,1.8438,1.86,-0.0938,-4.8,319200.0
09/27/1999,1.9613,2.0313,1.875,1.9538,0.0788,4.2,395200.0
09/20/1999,2.0625,2.1875,1.6875,1.875,-0.18,-8.76,754400.0
09/13/1999,2.0162,2.0938,1.9538,2.055,0.0,0.0,532800.0
09/06/1999,2.1875,2.25,2.0162,2.055,-0.1013,-4.7,771200.0
08/30/1999,1.9375,2.25,1.9138,2.1563,0.1638,8.22,1140800.0
08/23/1999,2.1838,2.305,1.9225,1.9925,-0.1175,-5.57,974400.0
08/16/1999,1.895,2.1725,1.875,2.11,0.2037,10.69,1248800.0
08/09/1999,1.5313,1.985,1.5313,1.9063,0.375,24.49,2599200.0
08/02/1999,1.5,1.625,1.5,1.5313,0.0313,2.09,469600.0
07/26/1999,1.5,1.5625,1.4375,1.5,0.0,0.0,220800.0
07/19/1999,1.4688,1.5625,1.4375,1.5,-0.0475,-3.07,149600.0
07/12/1999,1.5,1.5938,1.4063,1.5475,0.0787,5.36,509600.0
07/05/1999,1.5275,1.5938,1.4688,1.4688,-0.0312,-2.08,256800.0
06/28/1999,1.4063,1.625,1.3438,1.5,0.1562,11.62,946400.0
06/21/1999,1.3913,1.5,1.2188,1.3438,-0.0312,-2.27,361600.0
06/14/1999,1.3825,1.6563,1.3288,1.375,0.0625,4.76,1127200.0
06/07/1999,1.3825,1.4375,1.3125,1.3125,-0.07,-5.06,373600.0
05/31/1999,1.2888,1.3825,1.2888,1.3825,0.085,6.55,418400.0
05/24/1999,1.375,1.3913,1.2425,1.2975,0.0162,1.26,134400.0
05/17/1999,1.3438,1.3513,1.2813,1.2813,-0.0825,-6.05,93600.0
05/10/1999,1.2975,1.4225,1.2975,1.3638,-0.0275,-1.98,83200.0
05/03/1999,1.3438,1.3913,1.235,1.3913,0.1563,12.66,286400.0
04/26/1999,1.2188,1.3362,1.1563,1.235,-0.015,-1.2,207200.0
04/19/1999,1.2188,1.2663,1.125,1.25,0.0237,1.93,227200.0
04/12/1999,1.2813,1.2813,1.125,1.2263,-0.055,-4.29,229600.0
04/05/1999,1.25,1.2813,1.1875,1.2813,0.0625,5.13,378400.0
03/29/1999,1.25,1.4063,1.1875,1.2188,-0.0625,-4.88,52800.0
03/22/1999,1.3438,1.3438,1.2188,1.2813,-0.125,-8.89,95200.0
03/15/1999,1.1875,1.4538,1.125,1.4063,0.2576,22.43,216800.0
03/08/1999,1.0625,1.1875,1.0625,1.1487,0.0237,2.11,125600.0
03/01/1999,1.1563,1.1563,1.0313,1.125,-0.0475,-4.05,176800.0
02/22/1999,1.25,1.2975,1.125,1.1725,-0.0625,-5.06,252800.0
02/15/1999,1.375,1.375,1.0475,1.235,-0.0775,-5.9,617600.0
02/08/1999,1.5163,1.5163,1.3125,1.3125,-0.1875,-12.5,267200.0
02/01/1999,1.375,1.5313,1.375,1.5,0.1087,7.81,170400.0
01/25/1999,1.5475,1.5788,1.2975,1.3913,-0.1712,-10.96,212000.0
01/18/1999,1.61,1.625,1.5625,1.5625,-0.0313,-1.96,80000.0
01/11/1999,1.5938,1.61,1.5313,1.5938,0.0,0.0,296800.0
01/04/1999,1.375,1.6725,1.375,1.5938,0.1088,7.33,456000.0
12/28/1998,1.5938,1.5938,1.375,1.485,-0.14,-8.62,188000.0
12/21/1998,1.5313,1.6563,1.5,1.625,0.0625,4.0,136000.0
12/14/1998,1.3438,1.6875,1.3438,1.5625,0.2025,14.89,340000.0
12/07/1998,1.375,1.4225,1.2663,1.36,-0.015,-1.09,369600.0
11/30/1998,1.375,1.3825,1.2813,1.375,0.0,0.0,601600.0
11/23/1998,1.3438,1.3913,1.3438,1.375,0.0075,0.55,665600.0
11/16/1998,1.735,2.0625,1.25,1.3675,-0.3513,-20.44,2417600.0
11/09/1998,1.625,1.735,1.625,1.7188,0.0313,1.85,677600.0
11/02/1998,1.4375,1.7344,1.4375,1.6875,0.25,17.39,1058400.0
10/26/1998,1.3281,1.4375,1.2969,1.4375,0.1094,8.24,306400.0
10/19/1998,1.125,1.4219,1.0938,1.3281,0.2031,18.05,172800.0
10/12/1998,1.0781,1.1563,1.0469,1.125,0.0625,5.88,65600.0
10/05/1998,1.2969,1.2969,0.9219,1.0625,-0.3125,-22.73,292000.0
09/28/1998,1.2188,1.375,1.1719,1.375,0.0937,7.31,319200.0
09/21/1998,1.1875,1.2813,1.1563,1.2813,0.0625,5.13,178400.0
09/14/1998,1.2188,1.2813,1.1719,1.2188,0.0,0.0,129600.0
09/07/1998,1.25,1.2969,1.2031,1.2188,-0.0234,-1.88,160800.0
08/31/1998,1.3906,1.4375,1.2188,1.2422,-0.1484,-10.67,332800.0
08/24/1998,1.4219,1.4336,1.3125,1.3906,-0.0157,-1.12,532800.0
08/17/1998,1.1563,1.4688,1.125,1.4063,0.25,21.62,1063200.0
08/10/1998,1.1875,1.2109,1.125,1.1563,-0.0312,-2.63,342400.0
08/03/1998,1.2656,1.2656,1.125,1.1875,-0.0781,-6.17,289600.0
07/27/1998,1.3281,1.3438,1.1719,1.2656,-0.0625,-4.71,500800.0
07/20/1998,1.5313,1.5742,1.3047,1.3281,-0.1875,-12.37,795200.0
07/13/1998,1.5,1.5625,1.4375,1.5156,0.0312,2.1,669600.0
07/06/1998,1.5313,1.6094,1.4219,1.4844,-0.0312,-2.06,1463200.0
06/29/1998,1.25,1.5313,1.2344,1.5156,0.2968,24.35,1312800.0
06/22/1998,1.2344,1.375,1.1875,1.2188,-0.0156,-1.26,1618400.0
06/15/1998,1.0156,1.2813,0.9922,1.2344,0.2344,23.44,3674400.0
06/08/1998,1.0156,1.0703,1.0,1.0,0.0,0.0,413600.0
06/01/1998,0.9844,1.0156,0.9375,1.0,0.0156,1.58,118400.0
05/25/1998,0.9219,0.9844,0.9063,0.9844,0.0469,5.0,150400.0
05/18/1998,1.0,1.0313,0.9063,0.9375,-0.0625,-6.25,625600.0
05/11/1998,1.0156,1.0469,1.0,1.0,-0.0469,-4.48,128000.0
05/04/1998,1.0,1.0469,1.0,1.0469,0.0313,3.08,181600.0
04/27/1998,1.0313,1.0625,1.0,1.0156,-0.0625,-5.8,539200.0
04/20/1998,1.0156,1.125,1.0156,1.0781,0.0468,4.54,788800.0
04/13/1998,1.0,1.0469,1.0,1.0313,0.0313,3.13,328800.0
04/06/1998,1.0,1.0156,1.0,1.0,-0.0078,-0.77,200800.0
03/30/1998,0.9688,1.0938,0.9688,1.0078,0.039,4.03,527200.0
03/23/1998,0.9688,0.9844,0.9531,0.9688,0.0,0.0,776000.0
03/16/1998,0.9063,0.9688,0.8906,0.9688,0.0469,5.09,759200.0
03/09/1998,0.8281,0.9688,0.8281,0.9219,0.0938,11.33,1320000.0
03/02/1998,0.8125,0.8438,0.8047,0.8281,0.0156,1.92,378400.0
02/23/1998,0.7891,0.8125,0.7344,0.8125,0.0,0.0,440000.0
02/16/1998,0.7344,0.8281,0.7344,0.8125,0.0625,8.33,400800.0
02/09/1998,0.7813,0.7813,0.7188,0.75,0.0312,4.34,130400.0
02/02/1998,0.7813,0.7969,0.7188,0.7188,-0.0703,-8.91,72000.0
01/26/1998,0.8125,0.8125,0.75,0.7891,0.0391,5.21,100800.0
01/19/1998,0.75,0.8125,0.7344,0.75,-0.0313,-4.01,185600.0
01/12/1998,0.6875,0.7813,0.6563,0.7813,0.0625,8.7,159200.0
01/05/1998,0.6563,0.7188,0.625,0.7188,0.0625,9.52,187200.0
12/29/1997,0.6875,0.7188,0.6563,0.6563,-0.0625,-8.7,63200.0
12/22/1997,0.7031,0.7188,0.6875,0.7188,0.0157,2.23,42400.0
12/15/1997,0.75,0.7656,0.7031,0.7031,-0.0625,-8.16,76000.0
12/08/1997,0.8125,0.8125,0.75,0.7656,-0.0469,-5.77,151200.0
12/01/1997,0.7969,0.8125,0.7656,0.8125,0.0,0.0,152000.0
11/24/1997,0.7656,0.8281,0.7656,0.8125,0.0156,1.96,188000.0
11/17/1997,0.75,0.8125,0.7188,0.7969,0.0625,8.51,758400.0
11/10/1997,0.7578,0.7578,0.6875,0.7344,-0.0156,-2.08,216800.0
11/03/1997,0.75,0.7969,0.7344,0.75,0.0,0.0,362400.0
10/27/1997,0.7344,0.7813,0.7031,0.75,0.0,0.0,341600.0
10/20/1997,0.7344,0.75,0.7031,0.75,0.0156,2.12,276800.0
10/13/1997,0.7344,0.75,0.7031,0.7344,0.0,0.0,418400.0
10/06/1997,0.7344,0.75,0.6875,0.7344,0.0156,2.17,595200.0
09/29/1997,0.7188,0.75,0.7188,0.7188,-0.0156,-2.12,186400.0
09/22/1997,0.7344,0.7344,0.6875,0.7344,0.0313,4.45,342400.0
09/15/1997,0.6875,0.7188,0.6875,0.7031,-0.0157,-2.18,55200.0
09/08/1997,0.7656,0.7656,0.6875,0.7188,-0.0156,-2.12,258400.0
09/01/1997,0.6719,0.7344,0.6406,0.7344,0.0625,9.3,171200.0
08/25/1997,0.6406,0.6875,0.6406,0.6719,0.0156,2.38,248000.0
08/18/1997,0.7031,0.7813,0.625,0.6563,-0.0156,-2.32,884800.0
08/11/1997,0.7656,0.7813,0.6563,0.6719,-0.0937,-12.24,296000.0
08/04/1997,0.7188,0.8438,0.6875,0.7656,0.0625,8.89,984000.0
07/28/1997,0.625,0.7969,0.625,0.7031,0.0781,12.5,662400.0
07/21/1997,0.6094,0.6563,0.6094,0.625,0.0156,2.56,198400.0
07/14/1997,0.5938,0.6406,0.5938,0.6094,-0.0156,-2.5,415200.0
07/07/1997,0.6406,0.6406,0.5469,0.625,0.0312,5.25,722400.0
06/30/1997,0.625,0.6875,0.5938,0.5938,-0.0781,-11.62,355200.0
06/23/1997,0.75,0.7969,0.625,0.6719,-0.0781,-10.41,379200.0
06/16/1997,0.7031,0.8281,0.6719,0.75,0.1094,17.08,3153600.0
06/09/1997,0.5,0.7031,0.4688,0.6406,0.1406,28.12,1183999.0
06/02/1997,0.5156,0.5156,0.4844,0.5,0.0156,3.22,298400.0
05/26/1997,0.4688,0.5156,0.4688,0.4844,0.0156,3.33,62400.0
05/19/1997,0.5156,0.5156,0.4688,0.4688,-0.0468,-9.08,17600.0
05/12/1997,0.4688,0.5156,0.4688,0.5156,0.0312,6.44,246400.0
05/05/1997,0.4844,0.5156,0.4375,0.4844,-0.0156,-3.12,354400.0
04/28/1997,0.4844,0.5156,0.4844,0.5,0.0156,3.22,158400.0
04/21/1997,0.5,0.5156,0.4844,0.4844,-0.0469,-8.83,123200.0
04/14/1997,0.5078,0.5313,0.4844,0.5313,0.0313,6.26,46400.0
04/07/1997,0.4844,0.5313,0.4844,0.5,0.0156,3.22,332000.0
03/31/1997,0.4844,0.5313,0.4844,0.4844,-0.0469,-8.83,68800.0
03/24/1997,0.5,0.5313,0.5,0.5313,0.0,0.0,120000.0
03/17/1997,0.4844,0.5313,0.4844,0.5313,0.0469,9.68,207200.0
03/10/1997,0.4844,0.5313,0.4844,0.4844,0.0,0.0,151200.0
03/03/1997,0.5156,0.5313,0.4844,0.4844,-0.0312,-6.05,60800.0
02/24/1997,0.5,0.5156,0.4844,0.5156,-0.0157,-2.96,196000.0
02/17/1997,0.5469,0.5625,0.5,0.5313,0.0313,6.26,297600.0
02/10/1997,0.5,0.5313,0.5,0.5,0.0,0.0,120000.0
02/03/1997,0.5,0.5313,0.4922,0.5,-0.0156,-3.03,169600.0
01/27/1997,0.5,0.5313,0.5,0.5156,0.0,0.0,50400.0
01/20/1997,0.5313,0.5625,0.5,0.5156,-0.0547,-9.59,103200.0
01/13/1997,0.5,0.5781,0.5,0.5703,0.0703,14.06,202400.0
01/06/1997,0.4844,0.5469,0.4844,0.5,0.0,0.0,89600.0
12/30/1996,0.4844,0.5156,0.4844,0.5,0.0156,3.22,684000.0
12/23/1996,0.5156,0.5156,0.4844,0.4844,0.0,0.0,489600.0
12/16/1996,0.4844,0.5156,0.4844,0.4844,0.0,0.0,81600.0
12/09/1996,0.5,0.5313,0.4844,0.4844,-0.0312,-6.05,304000.0
12/02/1996,0.5781,0.5781,0.5,0.5156,-0.0625,-10.81,229600.0
11/25/1996,0.5039,0.5781,0.4844,0.5781,0.0937,19.34,635200.0
11/18/1996,0.4844,0.5313,0.4844,0.4844,-0.0156,-3.12,262400.0
11/11/1996,0.4844,0.5469,0.4844,0.5,0.0156,3.22,268800.0
11/04/1996,0.4844,0.5313,0.4844,0.4844,0.0,0.0,316000.0
10/28/1996,0.4609,0.5313,0.4531,0.4844,0.0313,6.91,724800.0
10/21/1996,0.5,0.5156,0.4531,0.4531,-0.0469,-9.38,413600.0
10/14/1996,0.5,0.5,0.5,0.5,0.0,0.0,63200.0
10/07/1996,0.5,0.5469,0.5,0.5,0.0,0.0,137600.0
09/30/1996,0.5469,0.5469,0.5,0.5,0.0,0.0,193600.0
09/23/1996,0.5469,0.5469,0.5,0.5,0.0,0.0,207200.0
09/16/1996,0.5,0.5469,0.5,0.5,-0.0195,-3.75,119200.0
09/09/1996,0.5469,0.5469,0.5,0.5195,0.0039,0.76,139200.0
09/02/1996,0.5,0.5469,0.5,0.5156,0.0156,3.12,176000.0
08/26/1996,0.5469,0.5469,0.5,0.5,-0.0781,-13.51,86400.0
08/19/1996,0.5156,0.6719,0.5156,0.5781,0.0468,8.81,876800.0
08/12/1996,0.5156,0.5469,0.4844,0.5313,0.0157,3.04,114400.0
08/05/1996,0.5625,0.5625,0.5,0.5156,-0.0469,-8.34,72000.0
07/29/1996,0.625,0.6406,0.5625,0.5625,-0.0469,-7.7,113600.0
07/22/1996,0.5156,0.6094,0.5156,0.6094,0.0625,11.43,168800.0
07/15/1996,0.5156,0.5469,0.5,0.5469,0.0313,6.07,180800.0
07/08/1996,0.5469,0.5625,0.5156,0.5156,-0.0313,-5.72,99200.0
07/01/1996,0.5625,0.5781,0.5469,0.5469,-0.0156,-2.77,123200.0
06/24/1996,0.5625,0.5938,0.5625,0.5625,-0.0313,-5.27,34400.0
06/17/1996,0.5781,0.6094,0.5469,0.5938,0.0157,2.72,108800.0
06/10/1996,0.6094,0.6094,0.5781,0.5781,0.0156,2.77,118400.0
06/03/1996,0.5469,0.5938,0.5469,0.5625,0.0,0.0,31200.0
05/27/1996,0.5781,0.5781,0.5469,0.5625,-0.0156,-2.7,104800.0
05/20/1996,0.625,0.625,0.5781,0.5781,-0.0469,-7.5,77600.0
05/13/1996,0.6094,0.6406,0.5938,0.625,0.0156,2.56,152000.0
05/06/1996,0.5781,0.6563,0.5781,0.6094,0.0235,4.01,204000.0
04/29/1996,0.5313,0.6406,0.5,0.5859,0.1015,20.95,309600.0
04/22/1996,0.5156,0.5313,0.4844,0.4844,-0.0156,-3.12,90400.0
04/15/1996,0.4531,0.5156,0.4531,0.5,0.0,0.0,252000.0
04/08/1996,0.4688,0.5156,0.4531,0.5,0.0625,14.29,56000.0
04/01/1996,0.5,0.5,0.4375,0.4375,-0.0313,-6.68,282400.0
03/25/1996,0.4688,0.5156,0.4688,0.4688,-0.0468,-9.08,469600.0
03/18/1996,0.5,0.5156,0.4688,0.5156,0.0468,9.98,72000.0
03/11/1996,0.5,0.5,0.4375,0.4688,-0.0312,-6.24,307200.0
03/04/1996,0.4844,0.5,0.4375,0.5,0.0312,6.66,565600.0
02/26/1996,0.5469,0.5469,0.4375,0.4688,-0.0625,-11.76,429600.0
02/19/1996,0.5,0.5469,0.5,0.5313,0.0235,4.63,92000.0
02/12/1996,0.4844,0.5469,0.4844,0.5078,0.0078,1.56,101600.0
02/05/1996,0.4688,0.5,0.4531,0.5,0.0312,6.66,188000.0
01/29/1996,0.5313,0.5313,0.4688,0.4688,-0.0625,-11.76,208800.0
01/22/1996,0.5,0.5313,0.4844,0.5313,0.0625,13.33,131200.0
01/15/1996,0.4688,0.5156,0.4063,0.4688,-0.0156,-3.22,933600.0
01/08/1996,0.5313,0.5781,0.4844,0.4844,-0.1094,-18.42,325600.0
01/01/1996,0.5625,0.6094,0.5625,0.5938,0.0313,5.56,148000.0
12/25/1995,0.5625,0.5781,0.5469,0.5625,0.0,0.0,488000.0
12/18/1995,0.5781,0.6094,0.5469,0.5625,-0.0156,-2.7,335200.0
12/11/1995,0.5781,0.6406,0.5781,0.5781,0.0,0.0,208800.0
12/04/1995,0.625,0.625,0.5781,0.5781,0.0,0.0,96000.0
11/27/1995,0.5625,0.625,0.5625,0.5781,0.0,0.0,257600.0
11/20/1995,0.625,0.625,0.5469,0.5781,0.0312,5.7,140800.0
11/13/1995,0.5938,0.6406,0.5469,0.5469,-0.0625,-10.26,318400.0
11/06/1995,0.6719,0.6875,0.5625,0.6094,-0.0625,-9.3,524000.0
10/30/1995,0.6875,0.75,0.6719,0.6719,-0.0156,-2.27,74400.0
10/23/1995,0.6563,0.7344,0.6563,0.6875,0.0312,4.75,133600.0
10/16/1995,0.5781,0.6563,0.5781,0.6563,0.0782,13.53,636800.0
10/09/1995,0.5781,0.625,0.5781,0.5781,0.0,0.0,129600.0
10/02/1995,0.625,0.625,0.5625,0.5781,-0.0157,-2.64,264000.0
09/25/1995,0.625,0.625,0.5781,0.5938,0.0,0.0,261600.0
09/18/1995,0.6875,0.6875,0.5938,0.5938,-0.0625,-9.52,646400.0
09/11/1995,0.7031,0.7344,0.6094,0.6563,-0.0468,-6.66,390400.0
09/04/1995,0.7188,0.7656,0.7031,0.7031,0.0,0.0,42400.0
08/28/1995,0.7656,0.7656,0.7031,0.7031,-0.0469,-6.25,68800.0
08/21/1995,0.7656,0.7656,0.7031,0.75,-0.0156,-2.04,80800.0
08/14/1995,0.7031,0.7656,0.7031,0.7656,0.0625,8.89,148800.0
08/07/1995,0.7031,0.75,0.7031,0.7031,-0.0469,-6.25,132000.0
07/31/1995,0.75,0.7656,0.7031,0.75,0.0312,4.34,109600.0
07/24/1995,0.75,0.7656,0.7188,0.7188,-0.0312,-4.16,56000.0
07/17/1995,0.75,0.75,0.7031,0.75,0.0469,6.67,112000.0
07/10/1995,0.7188,0.7656,0.7031,0.7031,-0.0157,-2.18,248000.0
07/03/1995,0.7656,0.7656,0.7188,0.7188,0.0,0.0,110400.0
06/26/1995,0.75,0.75,0.6875,0.7188,-0.0312,-4.16,135200.0
06/19/1995,0.9063,0.9063,0.75,0.75,-0.1094,-12.73,191200.0
06/12/1995,0.875,0.9063,0.8594,0.8594,0.0,0.0,64000.0
06/05/1995,0.9063,0.9063,0.8594,0.8594,-0.0156,-1.78,225600.0
05/29/1995,0.8594,0.9063,0.8594,0.875,0.0156,1.82,145600.0
05/22/1995,0.8594,0.9063,0.8594,0.8594,-0.0469,-5.17,191200.0
05/15/1995,0.8125,0.9063,0.8125,0.9063,0.0938,11.54,165600.0
05/08/1995,0.8125,0.8906,0.8125,0.8125,-0.0313,-3.71,72800.0
05/01/1995,0.8906,0.8906,0.8438,0.8438,-0.0468,-5.25,184000.0
04/24/1995,0.8906,0.8906,0.8438,0.8906,0.0,0.0,292000.0
04/17/1995,0.7813,0.9375,0.75,0.8906,0.125,16.33,455200.0
04/10/1995,0.7813,0.7813,0.7188,0.7656,-0.0157,-2.01,162400.0
04/03/1995,0.7813,0.7813,0.7188,0.7813,0.0469,6.39,166400.0
03/27/1995,0.75,0.7813,0.7188,0.7344,-0.0312,-4.08,248800.0
03/20/1995,0.7188,0.7813,0.7188,0.7656,0.0156,2.08,149600.0
03/13/1995,0.7813,0.7813,0.7188,0.75,-0.0625,-7.69,98400.0
03/06/1995,0.75,0.8125,0.7344,0.8125,0.0,0.0,137600.0
02/27/1995,0.75,0.8125,0.75,0.8125,0.0078,0.97,259200.0
02/20/1995,0.875,0.9063,0.7188,0.8047,-0.0703,-8.03,332800.0
02/13/1995,0.6875,0.9063,0.6875,0.875,0.125,16.67,408800.0
02/06/1995,0.6641,0.75,0.6563,0.75,0.0937,14.28,1463200.0
01/30/1995,0.6875,0.6875,0.6563,0.6563,0.0,0.0,517600.0
01/23/1995,0.6875,0.6875,0.6563,0.6563,0.0,0.0,546400.0
01/16/1995,0.6563,0.7031,0.6563,0.6563,-0.0468,-6.66,305600.0
01/09/1995,0.6563,0.7031,0.6563,0.7031,0.0468,7.13,312800.0
01/02/1995,0.6563,0.7031,0.625,0.6563,0.0,0.0,1528000.0
12/26/1994,0.6406,0.6719,0.6094,0.6563,0.0391,6.34,812800.0
12/19/1994,0.7188,0.7188,0.5938,0.6172,-0.0703,-10.23,702400.0
12/12/1994,0.6563,0.7188,0.6563,0.6875,-0.0313,-4.35,239200.0
12/05/1994,0.7188,0.7188,0.6563,0.7188,0.0,0.0,244000.0
11/28/1994,0.7188,0.7188,0.6563,0.7188,-0.0312,-4.16,821600.0
11/21/1994,0.8281,0.8281,0.7188,0.75,-0.0625,-7.69,176800.0
11/14/1994,0.9063,0.9063,0.7969,0.8125,-0.0469,-5.46,396000.0
11/07/1994,0.9844,0.9844,0.8594,0.8594,-0.0781,-8.33,192000.0
10/31/1994,0.9688,0.9844,0.9063,0.9375,-0.0313,-3.23,102400.0
10/24/1994,0.9063,0.9688,0.9063,0.9688,0.0313,3.34,88800.0
10/17/1994,0.9063,0.9688,0.875,0.9375,0.0625,7.14,132000.0
10/10/1994,0.9063,0.9063,0.8438,0.875,0.0312,3.7,102400.0
10/03/1994,0.9063,0.9063,0.8438,0.8438,0.0,0.0,44000.0
09/26/1994,0.875,0.9375,0.8438,0.8438,-0.0937,-9.99,161600.0
09/19/1994,0.9375,0.9375,0.875,0.9375,0.0312,3.44,516000.0
09/12/1994,0.9375,0.9375,0.875,0.9063,-0.0312,-3.33,130400.0
09/05/1994,0.8906,0.9375,0.8438,0.9375,0.0937,11.1,154400.0
08/29/1994,0.875,0.9375,0.8125,0.8438,-0.0312,-3.57,220000.0
08/22/1994,0.9688,1.0,0.8125,0.875,-0.0938,-9.68,571200.0
08/15/1994,0.9766,1.0313,0.9688,0.9688,-0.0078,-0.8,471200.0
08/08/1994,1.0938,1.0938,0.9766,0.9766,-0.1172,-10.71,161600.0
08/01/1994,1.0938,1.125,1.0625,1.0938,0.0,0.0,260800.0
07/25/1994,1.0625,1.0938,1.0313,1.0938,0.0313,2.95,450400.0
07/18/1994,0.9844,1.0781,0.9375,1.0625,0.0781,7.93,578400.0
07/11/1994,1.0,1.0,0.9375,0.9844,-0.0156,-1.56,38400.0
07/04/1994,1.0,1.0,0.9375,1.0,0.0,0.0,141600.0
06/27/1994,0.9844,1.0313,0.9375,1.0,0.0625,6.67,311200.0
06/20/1994,0.9844,0.9844,0.9063,0.9375,-0.0625,-6.25,175200.0
06/13/1994,1.0469,1.0469,0.9375,1.0,-0.0625,-5.88,345600.0
06/06/1994,0.9688,1.0625,0.9375,1.0625,0.0937,9.67,365600.0
05/30/1994,1.0,1.0,0.9375,0.9688,-0.0312,-3.12,95200.0
05/23/1994,0.9375,1.0,0.9063,1.0,0.0625,6.67,148000.0
05/16/1994,0.9531,0.9688,0.9063,0.9375,0.0312,3.44,148000.0
05/09/1994,1.0313,1.0313,0.9063,0.9063,-0.125,-12.12,293600.0
05/02/1994,1.0938,1.0938,0.9688,1.0313,-0.0625,-5.71,188000.0
04/25/1994,1.0313,1.0938,1.0,1.0938,0.0625,6.06,126400.0
04/18/1994,1.0625,1.125,1.0313,1.0313,-0.0312,-2.94,547200.0
04/11/1994,1.0,1.1719,1.0,1.0625,0.0937,9.67,441600.0
04/04/1994,1.0156,1.0625,0.9688,0.9688,-0.0468,-4.61,556000.0
03/28/1994,1.0625,1.0625,1.0,1.0156,-0.0782,-7.15,382400.0
03/21/1994,1.125,1.125,1.0313,1.0938,-0.0312,-2.77,825600.0
03/14/1994,1.0625,1.125,1.0625,1.125,0.0625,5.88,409600.0
03/07/1994,1.125,1.125,1.0625,1.0625,-0.0625,-5.56,1203200.0
02/28/1994,1.0938,1.125,1.0625,1.125,0.0312,2.85,860000.0
