12/26/2022,6.17,6.17,5.66,5.83,0.0,0.0,4310600.0
12/19/2022,6.86,6.87,6.18,6.21,0.0,0.0,5698400.0
12/12/2022,6.95,7.35,6.72,6.86,0.0,0.0,5937500.0
12/05/2022,8.21,8.24,6.99,7.01,0.0,0.0,4300400.0
11/28/2022,8.0,8.26,7.5801,8.16,0.0,0.0,6988700.0
11/21/2022,7.17,8.22,7.17,8.17,0.0,0.0,6933000.0
11/14/2022,9.03,9.135,6.565,7.69,0.0,0.0,25911300.0
11/07/2022,7.6,9.33,7.36,9.16,0.0,0.0,9668900.0
10/31/2022,7.67,8.005,7.25,7.68,0.0,0.0,3082500.0
10/24/2022,7.352,8.05,7.352,7.75,0.0,0.0,4397500.0
10/17/2022,6.92,7.645,6.89,7.51,0.0,0.0,3013000.0
10/10/2022,7.59,7.63,6.69,6.72,0.0,0.0,4243300.0
10/03/2022,7.34,8.03,7.26,7.67,0.0,0.0,5141000.0
09/26/2022,7.26,7.78,7.25,7.32,0.0,0.0,4228100.0
09/19/2022,8.13,8.45,7.14,7.31,0.0,0.0,6603900.0
09/12/2022,8.65,8.745,8.09,8.23,0.0,0.0,5102000.0
09/05/2022,8.34,8.92,8.12,8.58,0.0,0.0,8143000.0
08/29/2022,7.9,8.53,7.83,8.36,0.0,0.0,9275600.0
08/22/2022,7.38,8.28,7.11,8.04,0.0,0.0,5906100.0
08/15/2022,8.08,8.26,7.54,7.58,0.0,0.0,5085100.0
08/08/2022,7.66,8.11,7.075,8.1,0.0,0.0,5932400.0
08/01/2022,7.1,7.685,6.91,7.62,0.0,0.0,3698800.0
07/25/2022,6.62,7.24,6.42,7.2,0.0,0.0,4431210.0
07/18/2022,6.11,7.08,5.86,6.63,0.0,0.0,5514117.0
07/11/2022,5.92,6.04,5.45,6.0,0.0,0.0,4004900.0
07/04/2022,5.3,6.09,5.225,6.05,0.0,0.0,3804203.0
06/27/2022,6.41,6.63,5.365,5.46,0.0,0.0,6854600.0
06/20/2022,6.66,6.95,6.28,6.38,0.0,0.0,16642600.0
06/13/2022,6.58,6.771,6.07,6.6,0.0,0.0,9913300.0
06/06/2022,7.7,8.42,6.9,6.91,0.0,0.0,5915500.0
05/30/2022,7.75,7.94,7.39,7.49,0.0,0.0,3972300.0
05/23/2022,6.85,7.78,6.37,7.75,0.0,0.0,6231900.0
05/16/2022,6.81,7.29,6.64,6.84,0.0,0.0,9105100.0
05/09/2022,6.61,7.24,5.07,6.94,0.0,0.0,11730631.0
05/02/2022,6.97,7.83,6.67,6.72,0.0,0.0,6926800.0
04/25/2022,6.65,7.24,6.57,6.9,0.0,0.0,4839900.0
04/18/2022,6.69,7.25,6.59,6.68,0.0,0.0,3841700.0
04/11/2022,6.99,7.23,6.73,6.75,0.0,0.0,2513800.0
04/04/2022,7.78,8.02,6.895,7.05,0.0,0.0,3688900.0
03/28/2022,7.58,8.12,7.24,7.68,0.0,0.0,5522700.0
03/21/2022,7.49,7.87,7.2746,7.62,0.0,0.0,6514200.0
03/14/2022,7.3,7.67,6.58,7.51,0.0,0.0,9557300.0
03/07/2022,7.43,7.84,7.0301,7.37,0.0,0.0,4197800.0
02/28/2022,7.8,8.09,7.41,7.47,0.0,0.0,4813800.0
02/21/2022,7.95,8.19,6.93,7.89,0.0,0.0,6354400.0
02/14/2022,8.07,8.7278,7.93,8.01,0.0,0.0,4132100.0
02/07/2022,8.04,9.02,7.9,8.09,0.0,0.0,5003400.0
01/31/2022,7.43,8.5,7.3,8.0,0.0,0.0,8907000.0
01/24/2022,7.38,7.77,6.45,7.27,0.0,0.0,9614400.0
01/17/2022,9.37,9.48,7.58,7.62,0.0,0.0,5954200.0
01/10/2022,10.34,10.9,9.27,9.69,0.0,0.0,5010700.0
01/03/2022,12.08,12.15,10.1201,10.53,0.0,0.0,4669100.0
12/27/2021,11.76,12.26,11.6632,11.99,0.0,0.0,5259200.0
12/20/2021,10.37,11.65,10.1599,11.6,0.0,0.0,5228300.0
12/13/2021,12.22,12.36,10.2955,10.81,0.0,0.0,17878100.0
12/06/2021,12.85,15.8,11.67,12.0,0.0,0.0,14661400.0
11/29/2021,13.86,15.31,12.86,13.03,0.0,0.0,10689600.0
11/22/2021,15.41,15.87,12.75,13.47,0.0,0.0,4797700.0
11/15/2021,14.79,16.33,14.7,15.37,0.0,0.0,7583400.0
11/08/2021,13.45,14.66,12.31,14.62,0.0,0.0,6613300.0
11/01/2021,13.2671,14.01,12.65,13.23,0.0,0.0,3881600.0
10/25/2021,12.2,13.49,12.14,13.16,0.0,0.0,3982800.0
10/18/2021,11.05,12.42,10.8808,12.13,0.0,0.0,3289600.0
10/11/2021,11.55,11.8,11.03,11.09,0.0,0.0,2114700.0
10/04/2021,12.11,12.13,11.12,11.58,0.0,0.0,3350200.0
09/27/2021,11.59,12.7,10.76,12.11,0.0,0.0,10074300.0
09/20/2021,9.9,12.08,9.79,11.41,0.0,0.0,10985400.0
09/13/2021,11.35,11.4,9.91,10.22,0.0,0.0,7798400.0
09/06/2021,10.8,11.57,10.6,11.21,0.0,0.0,3649000.0
08/30/2021,10.3,10.96,9.73,10.72,0.0,0.0,2624400.0
08/23/2021,8.72,10.5,8.68,10.2,0.0,0.0,7019200.0
08/16/2021,9.43,9.48,8.44,8.5,0.0,0.0,3446100.0
08/09/2021,10.11,10.64,9.21,9.54,0.0,0.0,4197200.0
08/02/2021,8.74,10.14,8.42,10.09,0.0,0.0,3925200.0
07/26/2021,8.68,8.87,8.22,8.68,0.0,0.0,3050300.0
07/19/2021,8.69,9.15,8.08,8.79,0.0,0.0,5434500.0
07/12/2021,9.62,10.07,8.0,9.17,0.0,0.0,8330300.0
07/05/2021,9.84,9.84,8.13,9.06,0.0,0.0,3614500.0
06/28/2021,9.98,10.75,9.46,9.85,0.0,0.0,3422800.0
06/21/2021,9.1134,10.2,8.56,9.87,0.0,0.0,2806100.0
