12/26/2022,1.2,1.3133,1.02,1.25,0.0,0.0,1072700.0
12/19/2022,1.37,1.42,1.13,1.19,0.0,0.0,1106200.0
12/12/2022,1.4,1.55,1.2801,1.38,0.0,0.0,2314400.0
12/05/2022,1.65,1.71,1.32,1.4,0.0,0.0,1076500.0
11/28/2022,1.68,1.7,1.39,1.6,0.0,0.0,1214100.0
11/21/2022,1.82,1.84,1.4,1.665,0.0,0.0,1507100.0
11/14/2022,2.77,2.87,1.85,1.89,0.0,0.0,1746000.0
11/07/2022,2.8,2.99,2.11,2.97,0.0,0.0,2999000.0
10/31/2022,3.38,3.55,2.48,2.79,0.0,0.0,2282800.0
10/24/2022,3.03,3.75,2.8,3.47,0.0,0.0,1268500.0
10/17/2022,3.54,3.73,2.85,3.02,0.0,0.0,863500.0
10/10/2022,3.7,3.88,3.31,3.4,0.0,0.0,436200.0
10/03/2022,4.11,4.53,3.7,3.71,0.0,0.0,678400.0
09/26/2022,3.67,4.19,3.37,4.13,0.0,0.0,831900.0
09/19/2022,4.61,4.7,3.41,3.67,0.0,0.0,1094200.0
09/12/2022,4.83,5.16,4.03,5.06,0.0,0.0,1677900.0
09/05/2022,4.2,4.67,3.8,4.61,0.0,0.0,943700.0
08/29/2022,4.58,5.12,3.9,4.08,0.0,0.0,1612800.0
08/22/2022,4.9,5.3272,4.72,4.83,0.0,0.0,973900.0
08/15/2022,5.88,6.25,4.88,5.05,0.0,0.0,1205900.0
08/08/2022,4.77,6.94,4.77,5.95,0.0,0.0,1956700.0
08/01/2022,3.87,4.82,3.84,4.74,0.0,0.0,762100.0
07/25/2022,3.89,4.18,3.21,3.97,0.0,0.0,1153200.0
07/18/2022,3.34,4.68,3.1,3.77,0.0,0.0,2121800.0
07/11/2022,3.85,3.86,3.06,3.25,0.0,0.0,956500.0
07/04/2022,3.55,3.85,3.1,3.82,0.0,0.0,926900.0
06/27/2022,3.1,3.6488,3.0,3.6,0.0,0.0,1645900.0
06/20/2022,3.58,3.9,2.8901,3.05,0.0,0.0,1931000.0
06/13/2022,4.69,4.7404,3.43,3.74,0.0,0.0,1778701.0
06/06/2022,5.59,5.66,4.71,4.82,0.0,0.0,745800.0
05/30/2022,5.9,6.48,5.335,5.4,0.0,0.0,568000.0
05/23/2022,6.19,6.5,5.0,5.77,0.0,0.0,1309300.0
05/16/2022,5.6,6.88,4.56,6.25,0.0,0.0,4654200.0
05/09/2022,9.17,9.265,5.54,7.71,0.0,0.0,1122800.0
05/02/2022,8.86,10.25,8.61,9.49,0.0,0.0,478900.0
04/25/2022,10.66,11.33,8.61,8.69,0.0,0.0,413500.0
04/18/2022,12.36,12.8499,10.45,10.67,0.0,0.0,620601.0
04/11/2022,13.66,13.81,12.265,12.34,0.0,0.0,255542.0
04/04/2022,15.88,16.09,13.52,13.67,0.0,0.0,302100.0
03/28/2022,14.65,16.04,13.34,15.8,0.0,0.0,856300.0
03/21/2022,13.8,15.04,12.97,14.39,0.0,0.0,899500.0
03/14/2022,17.3,17.3,13.17,13.17,0.0,0.0,774600.0
03/07/2022,14.21,17.97,13.5612,17.33,0.0,0.0,535610.0
02/28/2022,14.7,15.65,13.6701,14.42,0.0,0.0,483000.0
02/21/2022,13.38,14.8984,12.58,14.47,0.0,0.0,459200.0
02/14/2022,15.15,15.24,13.45,13.54,0.0,0.0,590300.0
02/07/2022,13.79,15.605,13.5,14.78,0.0,0.0,693704.0
01/31/2022,11.55,14.31,11.52,13.15,0.0,0.0,742600.0
01/24/2022,9.28,11.6071,8.5508,11.0,0.0,0.0,1103600.0
01/17/2022,12.55,12.9373,9.18,9.58,0.0,0.0,703800.0
01/10/2022,11.98,12.9476,11.04,12.34,0.0,0.0,858600.0
01/03/2022,16.25,16.51,11.7254,11.99,0.0,0.0,850700.0
12/27/2021,17.2,17.51,15.55,16.17,0.0,0.0,968200.0
12/20/2021,16.0,18.5,15.5,17.16,0.0,0.0,1251100.0
12/13/2021,14.52,17.7,12.5,17.7,0.0,0.0,2822000.0
12/06/2021,15.2,16.87,13.12,14.4,0.0,0.0,2047500.0
11/29/2021,19.2,19.9156,15.06,15.43,0.0,0.0,1913300.0
11/22/2021,25.0,25.21,18.83,18.99,0.0,0.0,2257200.0
