12/26/2022,5.02,6.86,4.86,6.35,0.0,0.0,180009.0
12/19/2022,8.88,9.0,3.71,4.96,0.0,0.0,1017900.0
12/12/2022,13.72,14.63,9.8,13.23,0.0,0.0,414198.0
12/05/2022,12.67,15.54,12.25,13.93,0.0,0.0,417656.0
11/28/2022,12.53,12.95,11.41,12.04,0.0,0.0,21255.0
11/21/2022,12.88,12.88,11.9,12.4698,0.0,0.0,18584.0
11/14/2022,11.83,13.23,11.83,12.95,0.0,0.0,66283.0
11/07/2022,11.76,12.46,11.3988,12.25,0.0,0.0,18199.0
10/31/2022,12.18,12.32,11.34,11.8209,0.0,0.0,4040.0
10/24/2022,11.34,12.1793,11.0369,11.9504,0.0,0.0,10684.0
10/17/2022,11.83,11.83,11.13,11.41,0.0,0.0,21498.0
10/10/2022,11.34,12.11,11.0901,11.76,0.0,0.0,20270.0
10/03/2022,11.3393,11.48,10.85,11.2,0.0,0.0,11599.0
09/26/2022,10.92,12.32,10.92,10.99,0.0,0.0,42054.0
09/19/2022,11.48,11.76,10.92,11.13,0.0,0.0,25741.0
09/12/2022,11.97,12.81,11.62,11.62,0.0,0.0,24983.0
09/05/2022,12.04,12.53,11.55,11.9,0.0,0.0,23685.0
08/29/2022,11.69,12.285,11.305,11.9,0.0,0.0,36942.0
08/22/2022,11.4737,11.83,10.99,11.69,0.0,0.0,17612.0
08/15/2022,11.34,11.97,11.2812,11.41,0.0,0.0,15626.0
08/08/2022,11.2,11.9,11.2,11.55,0.0,0.0,20170.0
08/01/2022,11.48,11.5689,10.43,11.2,0.0,0.0,55113.0
07/25/2022,11.41,11.69,10.92,11.34,0.0,0.0,36026.0
07/18/2022,12.04,12.53,11.41,11.48,0.0,0.0,23454.0
07/11/2022,11.97,12.39,11.55,12.04,0.0,0.0,28256.0
07/04/2022,12.95,13.37,11.9,12.04,0.0,0.0,48569.0
06/27/2022,11.9,13.51,11.62,12.88,0.0,0.0,79898.0
06/20/2022,11.06,13.09,11.06,12.25,0.0,0.0,104884.0
06/13/2022,10.92,11.83,10.3607,11.55,0.0,0.0,128111.0
06/06/2022,14.56,15.33,10.85,11.27,0.0,0.0,9961857.0
05/30/2022,7.7,10.92,7.35,9.94,0.0,0.0,380127.0
05/23/2022,7.84,8.8893,7.14,7.7,0.0,0.0,22469.0
05/16/2022,8.19,8.3034,7.3507,7.77,0.0,0.0,33069.0
05/09/2022,8.05,8.89,7.0,8.3993,0.0,0.0,50512.0
05/02/2022,8.33,9.24,7.91,8.4,0.0,0.0,22241.0
04/25/2022,8.05,8.75,7.35,7.7,0.0,0.0,31784.0
04/18/2022,9.87,9.87,7.91,8.33,0.0,0.0,27913.0
04/11/2022,10.78,10.78,9.17,10.01,0.0,0.0,31055.0
04/04/2022,11.13,11.62,10.08,10.92,0.0,0.0,66726.0
03/28/2022,13.72,13.93,9.94,10.71,0.0,0.0,191470.0
03/21/2022,7.98,17.43,7.7056,14.0,0.0,0.0,3172069.0
03/14/2022,6.65,8.19,6.65,7.84,0.0,0.0,115627.0
03/07/2022,7.91,8.26,6.6675,6.79,0.0,0.0,38797.0
02/28/2022,8.82,9.17,7.42,7.91,0.0,0.0,37555.0
02/21/2022,8.75,9.45,8.19,9.1,0.0,0.0,29326.0
02/14/2022,12.11,12.6,8.4,9.03,0.0,0.0,82568.0
02/07/2022,12.53,13.3,11.2,11.69,0.0,0.0,95055.0
01/31/2022,12.53,16.0293,12.11,12.25,0.0,0.0,56125.0
01/24/2022,12.67,14.0091,11.34,12.46,0.0,0.0,33997.0
01/17/2022,18.83,18.83,12.32,12.74,0.0,0.0,67441.0
01/10/2022,19.53,21.07,18.55,18.97,0.0,0.0,28341.0
01/03/2022,21.28,23.59,18.2,18.83,0.0,0.0,43526.0
12/27/2021,21.7,22.33,18.97,20.72,0.0,0.0,115856.0
12/20/2021,22.61,26.4523,21.28,21.84,0.0,0.0,59970.0
12/13/2021,24.71,25.375,20.7053,23.31,0.0,0.0,56583.0
12/06/2021,24.08,27.93,19.81,25.13,0.0,0.0,86783.0
11/29/2021,30.1,30.8,23.8,24.36,0.0,0.0,141755.0
11/22/2021,31.15,31.5,29.12,29.54,0.0,0.0,95912.0
11/15/2021,37.1,37.415,30.163,31.22,0.0,0.0,155055.0
11/08/2021,63.84,65.03,36.12,36.75,0.0,0.0,566427.0
11/01/2021,63.7,66.29,60.9,62.65,0.0,0.0,70813.0
10/25/2021,64.82,65.87,59.85,64.05,0.0,0.0,64769.0
10/18/2021,62.44,66.71,59.36,64.68,0.0,0.0,87513.0
10/11/2021,65.59,70.14,61.6,61.88,0.0,0.0,64854.0
10/04/2021,73.08,73.92,61.74,64.19,0.0,0.0,91983.0
09/27/2021,72.8,74.83,69.125,73.36,0.0,0.0,60698.0
09/20/2021,75.53,78.3489,67.2007,73.43,0.0,0.0,153484.0
09/13/2021,79.73,97.3,75.67,77.35,0.0,0.0,392598.0
09/06/2021,75.46,81.9,72.8,78.4,0.0,0.0,65584.0
08/30/2021,70.7,79.38,69.3,75.95,0.0,0.0,66169.0
08/23/2021,61.6,72.45,60.69,70.56,0.0,0.0,87069.0
08/16/2021,67.76,69.37,57.47,60.83,0.0,0.0,89213.0
08/09/2021,74.06,76.23,65.87,67.69,0.0,0.0,81683.0
08/02/2021,64.19,74.27,63.105,73.5,0.0,0.0,51899.0
07/26/2021,64.19,67.97,57.68,63.56,0.0,0.0,88797.0
07/19/2021,67.97,70.28,60.62,63.07,0.0,0.0,97084.0
07/12/2021,77.21,80.92,68.81,68.95,0.0,0.0,46498.0
07/05/2021,77.07,78.19,67.27,77.28,0.0,0.0,37685.0
06/28/2021,83.65,84.14,77.07,77.7,0.0,0.0,39384.0
06/21/2021,85.47,85.47,77.07,83.37,0.0,0.0,56641.0
06/14/2021,114.24,115.675,80.8507,85.4,0.0,0.0,127812.0
06/07/2021,112.0,118.23,106.05,113.33,0.0,0.0,165127.0
05/31/2021,107.8,115.43,104.16,111.44,0.0,0.0,68098.0
05/24/2021,100.1,109.13,94.71,107.66,0.0,0.0,51098.0
05/17/2021,100.03,106.6163,94.64,99.68,0.0,0.0,45527.0
05/10/2021,101.5,108.7093,96.74,98.7,0.0,0.0,32570.0
05/03/2021,119.42,119.84,98.0,103.6,0.0,0.0,26126.0
04/26/2021,126.0,128.38,115.85,117.18,0.0,0.0,15626.0
04/19/2021,122.36,127.82,116.27,126.49,0.0,0.0,22912.0
04/12/2021,126.28,138.18,117.81,123.55,0.0,0.0,24742.0
04/05/2021,137.2,138.25,123.83,125.51,0.0,0.0,21697.0
03/29/2021,125.16,137.9,120.96,137.48,0.0,0.0,24926.0
03/22/2021,134.05,139.3,122.36,123.41,0.0,0.0,38512.0
03/15/2021,135.31,138.9423,128.17,135.31,0.0,0.0,46284.0
03/08/2021,118.44,135.3093,114.59,134.89,0.0,0.0,57655.0
03/01/2021,125.37,132.86,106.75,118.86,0.0,0.0,76298.0
02/22/2021,142.8,147.0,118.3,124.39,0.0,0.0,68855.0
02/15/2021,152.04,153.93,132.125,143.5,0.0,0.0,79626.0
02/08/2021,143.92,158.9,134.3055,150.99,0.0,0.0,87041.0
02/01/2021,125.51,151.9,122.64,144.41,0.0,0.0,52355.0
01/25/2021,139.3,142.73,119.56,125.3,0.0,0.0,38012.0
01/18/2021,149.59,156.73,129.64,139.3,0.0,0.0,32842.0
01/11/2021,145.6,164.29,142.8,150.01,0.0,0.0,49383.0
01/04/2021,118.51,154.21,116.06,149.8,0.0,0.0,51454.0
12/28/2020,135.87,135.94,113.89,119.0,0.0,0.0,72513.0
12/21/2020,158.2,170.8,135.87,137.76,0.0,0.0,45132.0
12/14/2020,168.0,172.2,155.414,158.2,0.0,0.0,26919.0
12/07/2020,141.4,183.4,137.2,168.0,0.0,0.0,59638.0
11/30/2020,149.8,151.2,141.4,142.8,0.0,0.0,15405.0
11/23/2020,145.6,155.4,140.0,152.6,0.0,0.0,16183.0
11/16/2020,152.6,163.8,142.8,145.6,0.0,0.0,13766.0
11/09/2020,152.6,154.0,140.0,152.6,0.0,0.0,15027.0
11/02/2020,135.814,156.8,135.814,156.8,0.0,0.0,12912.0
10/26/2020,156.8,159.6,131.376,136.78,0.0,0.0,13498.0
10/19/2020,173.6,175.0,154.0,155.4,0.0,0.0,7477.0
10/12/2020,161.0,189.0,155.4,172.2,0.0,0.0,23009.0
10/05/2020,149.8,168.0,149.8,161.0,0.0,0.0,11577.0
09/28/2020,159.6,161.0,147.0,149.8,0.0,0.0,9592.0
09/21/2020,179.2,179.2,134.4,156.8,0.0,0.0,19744.0
09/14/2020,182.0,186.2,169.4,177.8,0.0,0.0,15987.0
09/07/2020,177.8,187.6,175.0,180.6,0.0,0.0,9919.0
08/31/2020,189.0,190.4,168.0,184.8,0.0,0.0,23219.0
08/24/2020,221.2,224.0,144.2,189.0,0.0,0.0,91791.0
08/17/2020,187.6,197.4,179.2,182.0,0.0,0.0,16695.0
08/10/2020,194.6,203.0,183.4,190.4,0.0,0.0,25587.0
08/03/2020,204.4,257.6,187.6,191.8,0.0,0.0,65437.0
07/27/2020,197.4,207.2,190.4,205.8,0.0,0.0,20552.0
07/20/2020,218.4,219.8,183.4,197.4,0.0,0.0,43772.0
07/13/2020,189.0,214.2,176.4,210.0,0.0,0.0,39567.0
07/06/2020,191.8,198.8,184.1,186.2,0.0,0.0,25194.0
06/29/2020,201.6,205.8,184.8,191.8,0.0,0.0,24384.0
06/22/2020,210.0,217.0,191.8,197.4,0.0,0.0,33688.0
06/15/2020,196.0,219.8,190.4,210.0,0.0,0.0,24650.0
06/08/2020,222.6,222.6,191.8,198.8,0.0,0.0,36125.0
06/01/2020,218.4,219.8,186.2,211.4,0.0,0.0,60090.0
05/25/2020,235.2,236.6,163.8,183.4,0.0,0.0,66402.0
05/18/2020,254.8,257.6,225.4,228.2,0.0,0.0,38143.0
05/11/2020,221.2,273.0,217.0,245.0,0.0,0.0,45699.0
05/04/2020,201.6,232.414,198.8,219.8,0.0,0.0,21628.0
04/27/2020,184.8,261.8,175.0,214.2,0.0,0.0,48330.0
04/20/2020,193.2,212.8,170.8,183.4,0.0,0.0,15513.0
04/13/2020,166.6,217.0,166.6,200.2,0.0,0.0,28082.0
04/06/2020,159.6,172.2,154.0,170.8,0.0,0.0,14264.0
03/30/2020,180.6,182.0,144.2,158.2,0.0,0.0,18658.0
03/23/2020,169.4,204.4,144.2,179.2,0.0,0.0,27833.0
03/16/2020,121.8,211.4,121.8,184.8,0.0,0.0,56621.0
03/09/2020,197.4,216.986,133.0,137.2,0.0,0.0,48198.0
03/02/2020,228.2,242.9,210.0,215.6,0.0,0.0,32543.0
02/24/2020,277.2,280.0,196.0,218.4,0.0,0.0,63226.0
02/17/2020,240.8,308.0,231.0,280.0,0.0,0.0,66809.0
02/10/2020,238.0,245.0,214.2,239.4,0.0,0.0,29453.0
02/03/2020,232.4,263.2,231.14,236.6,0.0,0.0,34352.0
01/27/2020,232.4,252.0,222.6,233.8,0.0,0.0,35597.0
01/20/2020,280.0,288.4,242.2,245.0,0.0,0.0,57338.0
01/13/2020,280.0,296.8,259.0,274.4,0.0,0.0,88942.0
01/06/2020,316.4,330.4,261.8,264.6,0.0,0.0,116021.0
12/30/2019,315.0,334.6,288.4,323.4,0.0,0.0,111050.0
