12/26/2022,3.14,3.2244,2.83,3.22,0.0,0.0,423300.0
12/19/2022,3.15,3.47,2.8,3.27,0.0,0.0,369500.0
12/12/2022,3.27,3.6625,3.03,3.11,0.0,0.0,222000.0
12/05/2022,3.69,3.9699,3.25,3.26,0.0,0.0,295700.0
11/28/2022,4.28,4.28,3.6362,3.76,0.0,0.0,509200.0
11/21/2022,3.93,4.4,3.8066,4.29,0.0,0.0,383200.0
11/14/2022,3.7,4.3,3.62,4.01,0.0,0.0,488500.0
11/07/2022,3.3,4.0497,3.15,3.91,0.0,0.0,477800.0
10/31/2022,3.59,3.68,3.25,3.3,0.0,0.0,194100.0
10/24/2022,3.6,3.7399,3.35,3.61,0.0,0.0,293600.0
10/17/2022,3.51,3.62,3.2501,3.62,0.0,0.0,198100.0
10/10/2022,3.43,3.64,3.28,3.46,0.0,0.0,296800.0
10/03/2022,3.74,4.0299,3.43,3.5,0.0,0.0,589200.0
09/26/2022,4.05,4.81,3.51,3.7,0.0,0.0,6420200.0
09/19/2022,4.68,4.69,3.8197,4.04,0.0,0.0,861700.0
09/12/2022,5.06,5.22,4.45,4.56,0.0,0.0,367800.0
09/05/2022,4.59,5.2102,4.4688,5.08,0.0,0.0,755000.0
08/29/2022,5.13,5.5999,4.42,4.59,0.0,0.0,4276000.0
08/22/2022,5.2,5.65,4.8651,5.2,0.0,0.0,1448200.0
08/15/2022,6.0,6.7199,5.2,5.28,0.0,0.0,1984100.0
08/08/2022,6.08,6.42,5.77,5.95,0.0,0.0,1191600.0
08/01/2022,6.18,7.05,5.93,6.05,0.0,0.0,1439200.0
07/25/2022,6.11,6.45,5.84,6.23,0.0,0.0,448500.0
07/18/2022,6.34,6.6099,6.005,6.16,0.0,0.0,259400.0
07/11/2022,7.0,7.25,6.1,6.32,0.0,0.0,450800.0
07/04/2022,5.69,7.6085,5.69,7.24,0.0,0.0,1098000.0
06/27/2022,6.75,6.76,5.67,5.94,0.0,0.0,366800.0
06/20/2022,5.93,6.87,5.9,6.79,0.0,0.0,392400.0
06/13/2022,6.92,6.99,6.02,6.02,0.0,0.0,375900.0
06/06/2022,8.73,8.73,6.7701,7.17,0.0,0.0,701500.0
05/30/2022,7.98,8.7942,7.57,8.73,0.0,0.0,742400.0
05/23/2022,8.25,8.3,7.26,8.05,0.0,0.0,775900.0
05/16/2022,7.73,9.34,7.5921,8.19,0.0,0.0,1048200.0
05/09/2022,8.26,8.35,6.9,8.0,0.0,0.0,1943700.0
05/02/2022,10.44,10.58,8.13,8.37,0.0,0.0,2602300.0
04/25/2022,12.11,13.17,9.72,10.02,0.0,0.0,5376500.0
04/18/2022,9.64,13.86,9.0603,12.36,0.0,0.0,21072800.0
04/11/2022,9.72,10.4899,8.77,9.81,0.0,0.0,7456000.0
04/04/2022,14.15,15.49,9.4,9.56,0.0,0.0,44184200.0
03/28/2022,6.82,16.77,6.38,15.61,0.0,0.0,222155400.0
03/21/2022,6.9,7.32,6.34,6.74,0.0,0.0,2571300.0
03/14/2022,6.08,8.2,5.66,6.86,0.0,0.0,4011400.0
03/07/2022,5.99,8.8,5.05,6.7,0.0,0.0,10901713.0
02/28/2022,6.21,7.35,6.0,6.16,0.0,0.0,952000.0
02/21/2022,6.18,6.72,5.8,6.18,0.0,0.0,897000.0
02/14/2022,6.84,7.25,6.21,6.42,0.0,0.0,967900.0
02/07/2022,7.42,8.18,6.72,6.97,0.0,0.0,1921300.0
01/31/2022,6.98,8.5137,6.6808,7.46,0.0,0.0,2339000.0
01/24/2022,6.08,8.4996,5.6201,7.05,0.0,0.0,4802800.0
01/17/2022,8.7,9.0637,6.5,6.58,0.0,0.0,2021200.0
01/10/2022,9.36,10.4,8.451,9.08,0.0,0.0,4086800.0
01/03/2022,11.87,14.79,9.31,9.69,0.0,0.0,19960500.0
12/27/2021,13.56,15.15,11.4,12.07,0.0,0.0,15705600.0
12/20/2021,16.35,19.25,13.6,13.7,0.0,0.0,9659700.0
12/13/2021,19.13,19.6,15.22,17.39,0.0,0.0,7928400.0
12/06/2021,18.8,24.98,16.7101,19.43,0.0,0.0,29922100.0
11/29/2021,31.8,35.75,17.65,20.12,0.0,0.0,64151400.0
11/22/2021,8.71,45.0,8.31,30.67,0.0,0.0,274210000
11/15/2021,3.4,14.75,2.8401,10.03,0.0,0.0,381766300.0
11/08/2021,3.99,3.99,3.36,3.4,0.0,0.0,401800.0
11/01/2021,3.43,4.32,3.33,3.9,0.0,0.0,951200.0
10/25/2021,3.38,3.63,3.32,3.45,0.0,0.0,225000.0
10/18/2021,4.09,4.09,3.28,3.37,0.0,0.0,377400.0
10/11/2021,3.41,4.24,3.2901,3.98,0.0,0.0,942400.0
10/04/2021,3.61,3.61,3.2,3.42,0.0,0.0,319900.0
09/27/2021,3.69,4.1,3.3801,3.65,0.0,0.0,921900.0
09/20/2021,3.54,3.7,3.36,3.7,0.0,0.0,365200.0
09/13/2021,3.8,3.8,3.41,3.62,0.0,0.0,453000.0
09/06/2021,3.69,4.0,3.5901,3.73,0.0,0.0,892300.0
08/30/2021,3.59,3.79,3.31,3.74,0.0,0.0,397100.0
08/23/2021,3.6,3.8,3.27,3.53,0.0,0.0,596400.0
08/16/2021,3.85,3.9693,3.38,3.57,0.0,0.0,1244900.0
08/09/2021,5.74,6.056,3.6,3.9,0.0,0.0,2874700.0
08/02/2021,5.86,6.055,5.51,5.9,0.0,0.0,155300.0
07/26/2021,6.39,6.515,5.66,5.74,0.0,0.0,417500.0
07/19/2021,6.05,6.86,6.03,6.19,0.0,0.0,574100.0
07/12/2021,7.47,7.64,6.12,6.28,0.0,0.0,344000.0
07/05/2021,8.39,8.39,7.0001,7.47,0.0,0.0,373700.0
06/28/2021,7.94,8.3999,7.615,8.3,0.0,0.0,722300.0
06/21/2021,7.15,8.07,6.9562,7.85,0.0,0.0,769800.0
06/14/2021,7.0,7.5,6.6301,7.2,0.0,0.0,642900.0
06/07/2021,6.61,8.25,6.2846,7.06,0.0,0.0,3011900.0
05/31/2021,6.355,6.96,6.205,6.74,0.0,0.0,188900.0
05/24/2021,6.25,6.68,6.02,6.6,0.0,0.0,389100.0
05/17/2021,5.34,7.52,5.21,6.39,0.0,0.0,2530800.0
05/10/2021,5.6,5.68,5.1512,5.3,0.0,0.0,244100.0
05/03/2021,6.1,6.15,5.42,5.59,0.0,0.0,389600.0
04/26/2021,6.042,6.38,5.89,6.15,0.0,0.0,348000.0
04/19/2021,6.49,6.7,5.52,5.9,0.0,0.0,1147800.0
04/12/2021,6.83,9.37,6.46,6.52,0.0,0.0,20157900.0
04/05/2021,6.49,6.93,6.32,6.81,0.0,0.0,614600.0
03/29/2021,5.85,7.07,5.615,6.49,0.0,0.0,1377100.0
03/22/2021,7.39,7.44,5.8,5.88,0.0,0.0,1111400.0
03/15/2021,7.72,8.0,7.12,7.18,0.0,0.0,2156100.0
03/08/2021,7.3854,12.48,6.701,8.12,0.0,0.0,19331100.0
03/01/2021,8.18,8.98,5.91,6.83,0.0,0.0,2263000.0
02/22/2021,6.57,8.15,6.02,8.0,0.0,0.0,2312300.0
