12/26/2022,10.29,10.29,9.91,9.96,0.0,0.0,537700.0
12/19/2022,10.7,10.83,10.2,10.28,0.0,0.0,750600.0
12/12/2022,10.5,11.17,10.48,10.67,0.0,0.0,809700.0
12/05/2022,10.6,11.1,10.435,10.68,0.0,0.0,1115300.0
11/28/2022,10.66,10.94,10.44,10.71,0.0,0.0,807000.0
11/21/2022,10.76,10.95,10.47,10.69,0.0,0.0,496500.0
11/14/2022,10.92,11.189,10.55,10.81,0.0,0.0,883700.0
11/07/2022,10.92,11.18,10.58,10.99,0.0,0.0,1325500.0
10/31/2022,10.27,10.95,9.65,10.94,0.0,0.0,1116400.0
10/24/2022,9.67,10.35,9.52,10.28,0.0,0.0,1171950.0
10/17/2022,11.22,11.562,9.41,9.73,0.0,0.0,2045110.0
10/10/2022,9.09,11.03,9.0,10.94,0.0,0.0,2614301.0
10/03/2022,9.01,9.41,8.75,9.01,0.0,0.0,605400.0
09/26/2022,8.62,9.27,8.54,8.92,0.0,0.0,921300.0
09/19/2022,9.1,9.38,8.56,8.65,0.0,0.0,959700.0
09/12/2022,9.23,9.51,8.83,9.14,0.0,0.0,779300.0
09/05/2022,8.89,9.28,8.15,9.14,0.0,0.0,1022700.0
08/29/2022,9.22,9.44,8.86,8.9,0.0,0.0,671600.0
08/22/2022,9.5,9.69,9.28,9.3,0.0,0.0,332100.0
08/15/2022,9.78,9.89,9.43,9.56,0.0,0.0,358100.0
08/08/2022,9.33,9.7852,9.26,9.78,0.0,0.0,557000.0
08/01/2022,9.7,10.1209,9.22,9.32,0.0,0.0,498100.0
07/25/2022,9.66,9.81,9.34,9.72,0.0,0.0,440400.0
07/18/2022,9.79,9.98,9.5,9.62,0.0,0.0,496600.0
07/11/2022,9.66,9.85,9.03,9.73,0.0,0.0,489300.0
07/04/2022,9.75,10.17,9.58,9.77,0.0,0.0,462100.0
06/27/2022,10.13,10.36,9.58,9.91,0.0,0.0,558900.0
06/20/2022,9.9,10.138,9.5805,10.08,0.0,0.0,631300.0
06/13/2022,10.0,10.0,9.41,9.75,0.0,0.0,967700.0
06/06/2022,10.65,10.97,10.16,10.17,0.0,0.0,543600.0
05/30/2022,10.41,10.61,10.09,10.6,0.0,0.0,635600.0
05/23/2022,10.26,10.61,9.735,10.5,0.0,0.0,702700.0
05/16/2022,10.35,10.73,10.01,10.24,0.0,0.0,890600.0
05/09/2022,10.63,10.795,10.04,10.43,0.0,0.0,859400.0
05/02/2022,10.72,11.35,10.5,10.7,0.0,0.0,1236500.0
04/25/2022,10.6,11.02,10.28,10.65,0.0,0.0,1058100.0
04/18/2022,11.09,11.26,10.63,10.67,0.0,0.0,936100.0
04/11/2022,11.21,11.425,10.8876,11.09,0.0,0.0,1144700.0
04/04/2022,11.64,11.77,11.1201,11.3,0.0,0.0,698900.0
03/28/2022,11.42,11.88,11.27,11.58,0.0,0.0,708400.0
03/21/2022,11.72,11.72,11.21,11.46,0.0,0.0,508500.0
03/14/2022,11.36,11.795,10.655,11.64,0.0,0.0,1127000.0
03/07/2022,13.03,13.97,11.35,11.41,0.0,0.0,1690700.0
02/28/2022,13.2,13.405,12.62,12.96,0.0,0.0,811900.0
02/21/2022,13.46,13.5,12.42,13.25,0.0,0.0,746800.0
02/14/2022,13.47,13.59,13.1723,13.5,0.0,0.0,589400.0
02/07/2022,13.14,13.56,13.11,13.41,0.0,0.0,854600.0
01/31/2022,13.02,13.53,12.74,13.07,0.0,0.0,810300.0
01/24/2022,12.9,13.9,12.63,13.15,0.0,0.0,1306800.0
01/17/2022,13.83,13.83,12.77,13.02,0.0,0.0,888700.0
01/10/2022,14.03,14.46,13.6101,13.87,0.0,0.0,1492000.0
01/03/2022,14.2,14.79,13.76,13.81,0.0,0.0,923000.0
12/27/2021,14.48,14.51,13.905,14.19,0.0,0.0,518100.0
12/20/2021,13.97,14.645,13.7,14.49,0.0,0.0,799300.0
12/13/2021,13.17,14.25,12.9,14.15,0.0,0.0,1781800.0
12/06/2021,12.85,13.93,12.8205,13.17,0.0,0.0,856200.0
11/29/2021,13.52,13.54,12.06,12.68,0.0,0.0,1076000.0
11/22/2021,14.42,14.58,13.01,13.47,0.0,0.0,654600.0
11/15/2021,14.87,14.8717,14.33,14.41,0.0,0.0,766600.0
11/08/2021,15.49,15.64,14.69,14.8,0.0,0.0,624400.0
11/01/2021,14.71,15.62,14.55,15.5,0.0,0.0,968100.0
10/25/2021,14.8,15.01,14.5288,14.7,0.0,0.0,439000.0
10/18/2021,15.43,15.62,14.75,14.8,0.0,0.0,653900.0
10/11/2021,16.59,16.9,15.26,15.39,0.0,0.0,761100.0
10/04/2021,17.05,17.13,16.31,16.58,0.0,0.0,377900.0
09/27/2021,17.41,17.7,16.75,17.0,0.0,0.0,419500.0
09/20/2021,17.09,17.45,16.81,17.33,0.0,0.0,296000.0
09/13/2021,17.64,17.64,16.85,17.38,0.0,0.0,498300.0
09/06/2021,17.82,18.485,17.57,17.57,0.0,0.0,547400.0
08/30/2021,18.65,18.65,17.75,17.88,0.0,0.0,286900.0
08/23/2021,18.09,18.4399,17.67,18.38,0.0,0.0,436000.0
08/16/2021,17.82,18.07,17.54,17.91,0.0,0.0,473100.0
08/09/2021,18.54,18.7,17.55,17.95,0.0,0.0,450200.0
08/02/2021,18.63,18.93,17.74,18.49,0.0,0.0,673100.0
07/26/2021,18.89,19.15,18.26,18.61,0.0,0.0,605200.0
07/19/2021,17.96,18.89,17.76,18.86,0.0,0.0,849700.0
07/12/2021,19.03,19.2,18.0,18.27,0.0,0.0,639000.0
07/05/2021,18.61,19.25,18.3377,19.01,0.0,0.0,759800.0
06/28/2021,17.89,18.73,17.78,18.56,0.0,0.0,1953100.0
06/21/2021,16.59,18.11,16.46,17.9,0.0,0.0,1388800.0
06/14/2021,17.13,17.24,16.33,16.46,0.0,0.0,950700.0
06/07/2021,16.93,17.67,16.87,17.12,0.0,0.0,688800.0
05/31/2021,16.85,17.32,16.51,16.97,0.0,0.0,590500.0
05/24/2021,16.69,17.1,16.4,16.86,0.0,0.0,793600.0
05/17/2021,17.84,17.87,16.56,16.59,0.0,0.0,769800.0
05/10/2021,17.84,18.47,16.78,17.86,0.0,0.0,1272600.0
05/03/2021,16.98,17.925,16.61,17.75,0.0,0.0,1177500.0
04/26/2021,17.24,17.49,16.6301,16.94,0.0,0.0,1167000.0
04/19/2021,17.37,17.83,16.85,17.21,0.0,0.0,992700.0
04/12/2021,16.65,17.55,16.62,17.3,0.0,0.0,836800.0
04/05/2021,16.46,17.27,16.25,16.68,0.0,0.0,955100.0
03/29/2021,16.92,17.04,16.0,16.36,0.0,0.0,988800.0
03/22/2021,17.97,18.385,16.35,17.03,0.0,0.0,1266900.0
03/15/2021,19.17,19.55,17.555,18.09,0.0,0.0,2316700.0
03/08/2021,19.7,20.34,18.55,19.21,0.0,0.0,1264000.0
03/01/2021,18.6,20.06,18.42,19.56,0.0,0.0,1075800.0
02/22/2021,18.88,19.46,18.11,18.33,0.0,0.0,995000.0
02/15/2021,19.63,19.93,18.36,18.85,0.0,0.0,794900.0
02/08/2021,19.72,21.25,19.3559,19.68,0.0,0.0,1305800.0
02/01/2021,20.36,20.84,19.3202,20.55,0.0,0.0,1047500.0
01/25/2021,19.42,21.96,19.11,20.35,0.0,0.0,1616900.0
01/18/2021,19.69,20.33,19.29,19.55,0.0,0.0,742200.0
01/11/2021,19.01,20.15,18.15,19.6,0.0,0.0,1310900.0
01/04/2021,18.36,19.3899,18.04,19.26,0.0,0.0,1440000.0
12/28/2020,18.6,18.6,17.9011,18.1,0.0,0.0,672100.0
12/21/2020,17.64,18.46,17.59,18.4,0.0,0.0,619100.0
12/14/2020,18.07,18.7738,17.49,18.07,0.0,0.0,1688100.0
12/07/2020,17.46,18.64,17.0,17.82,0.0,0.0,1045700.0
11/30/2020,15.69,17.49,15.36,17.49,0.0,0.0,1201700.0
11/23/2020,15.25,16.46,15.17,15.81,0.0,0.0,775600.0
11/16/2020,15.85,16.295,14.83,15.04,0.0,0.0,2012900.0
11/09/2020,16.01,16.27,15.3,15.65,0.0,0.0,1129900.0
11/02/2020,14.27,15.22,13.955,14.98,0.0,0.0,1444500.0
10/26/2020,17.34,17.82,14.0,14.12,0.0,0.0,2600300.0
10/19/2020,17.45,17.725,16.64,17.47,0.0,0.0,711100.0
10/12/2020,17.87,18.38,16.97,17.32,0.0,0.0,1514000.0
10/05/2020,16.47,17.95,16.19,17.87,0.0,0.0,1129900.0
09/28/2020,15.63,16.66,15.57,16.36,0.0,0.0,1169500.0
09/21/2020,15.41,16.08,14.85,15.44,0.0,0.0,1547500.0
09/14/2020,16.39,16.6,15.35,15.68,0.0,0.0,1780700.0
09/07/2020,17.87,18.12,16.15,16.37,0.0,0.0,1105700.0
08/31/2020,18.21,18.555,17.57,18.21,0.0,0.0,1362600.0
08/24/2020,17.04,18.39,16.5675,18.28,0.0,0.0,1196100.0
08/17/2020,17.37,17.49,16.56,16.87,0.0,0.0,1114500.0
08/10/2020,17.49,17.7699,16.81,17.32,0.0,0.0,1384700.0
08/03/2020,19.78,19.9,16.87,17.42,0.0,0.0,2795300.0
07/27/2020,16.14,19.83,15.785,19.76,0.0,0.0,3509500.0
07/20/2020,15.51,16.17,15.36,16.1,0.0,0.0,1233600.0
07/13/2020,14.54,15.715,14.25,15.59,0.0,0.0,1476000.0
07/06/2020,15.14,15.34,14.06,14.41,0.0,0.0,1351700.0
06/29/2020,14.34,15.11,14.21,14.91,0.0,0.0,974700.0
06/22/2020,14.46,15.07,13.7,14.12,0.0,0.0,1351700.0
06/15/2020,13.91,15.9419,13.91,14.59,0.0,0.0,2285500.0
06/08/2020,16.38,16.55,14.0001,14.43,0.0,0.0,1865000.0
06/01/2020,13.99,16.58,13.81,16.24,0.0,0.0,2219500.0
05/25/2020,13.76,14.33,13.53,13.87,0.0,0.0,1403700.0
05/18/2020,13.38,13.71,12.58,13.57,0.0,0.0,1486800.0
05/11/2020,13.59,13.95,11.96,13.03,0.0,0.0,1921300.0
05/04/2020,13.39,13.88,12.2801,13.87,0.0,0.0,2398500.0
04/27/2020,10.94,14.6999,10.92,13.65,0.0,0.0,2951100.0
04/20/2020,10.73,11.24,10.08,10.8,0.0,0.0,1409200.0
04/13/2020,11.16,11.1899,9.88,10.75,0.0,0.0,2004400.0
04/06/2020,8.36,11.66,8.02,11.16,0.0,0.0,1921000.0
03/30/2020,7.95,8.65,7.38,7.82,0.0,0.0,2694200.0
03/23/2020,7.95,10.54,7.32,7.95,0.0,0.0,3074400.0
03/16/2020,8.64,8.82,6.1485,7.88,0.0,0.0,3284500.0
03/09/2020,10.94,11.0,8.53,9.42,0.0,0.0,3162400.0
03/02/2020,12.93,13.37,11.3,11.71,0.0,0.0,2875400.0
02/24/2020,14.48,14.83,12.54,12.9,0.0,0.0,1611400.0
02/17/2020,14.24,15.42,14.21,14.81,0.0,0.0,1055700.0
02/10/2020,14.01,14.59,13.9869,14.28,0.0,0.0,1194800.0
02/03/2020,13.77,14.39,13.5,14.03,0.0,0.0,1195000.0
01/27/2020,14.4,14.61,13.6162,13.78,0.0,0.0,1049600.0
01/20/2020,14.74,15.13,14.41,14.51,0.0,0.0,1265600.0
01/13/2020,14.93,15.065,14.6,14.87,0.0,0.0,1440600.0
01/06/2020,14.88,15.43,14.85,14.96,0.0,0.0,1461800.0
12/30/2019,14.86,15.42,14.75,15.02,0.0,0.0,1194100.0
12/23/2019,15.16,15.3,14.76,14.86,0.0,0.0,1021700.0
12/16/2019,15.39,15.6168,15.01,15.17,0.0,0.0,2550700.0
12/09/2019,16.01,16.13,15.12,15.35,0.0,0.0,1556300.0
12/02/2019,16.14,16.32,15.74,15.98,0.0,0.0,1960500.0
11/25/2019,15.34,16.65,15.2,16.12,0.0,0.0,1903100.0
11/18/2019,14.62,15.41,14.62,15.28,0.0,0.0,2121000.0
11/11/2019,14.73,15.04,14.34,14.59,0.0,0.0,1843500.0
11/04/2019,14.97,15.44,14.41,14.77,0.0,0.0,2973000.0
10/28/2019,12.25,15.3079,11.51,15.0,0.0,0.0,4391300.0
10/21/2019,12.02,12.22,11.74,12.21,0.0,0.0,1131000.0
10/14/2019,11.54,12.03,11.295,11.88,0.0,0.0,1238200.0
10/07/2019,11.24,11.74,11.015,11.63,0.0,0.0,1715600.0
09/30/2019,10.92,11.26,10.75,11.24,0.0,0.0,1315900.0
09/23/2019,11.24,11.47,10.73,10.93,0.0,0.0,1527300.0
09/16/2019,11.68,11.95,11.04,11.33,0.0,0.0,2380200.0
09/09/2019,10.78,12.02,10.65,11.68,0.0,0.0,1995800.0
09/02/2019,10.17,10.85,9.97,10.73,0.0,0.0,1708100.0
08/26/2019,9.9,10.385,9.715,10.21,0.0,0.0,1663400.0
08/19/2019,10.07,10.12,9.71,9.84,0.0,0.0,1895500.0
08/12/2019,10.71,11.06,9.73,9.98,0.0,0.0,2379400.0
08/05/2019,10.95,11.33,10.52,10.72,0.0,0.0,3204500.0
07/29/2019,10.13,11.4,9.6,11.1,0.0,0.0,4096400.0
07/22/2019,10.26,10.4,10.05,10.15,0.0,0.0,1788600.0
07/15/2019,10.51,10.51,10.04,10.26,0.0,0.0,1781000.0
07/08/2019,10.63,10.74,10.29,10.49,0.0,0.0,1644600.0
07/01/2019,10.72,10.79,10.36,10.67,0.0,0.0,964600.0
06/24/2019,10.81,10.9,10.23,10.66,0.0,0.0,1409600.0
06/17/2019,11.17,11.18,10.68,10.78,0.0,0.0,1879100.0
06/10/2019,11.08,11.41,10.8101,11.17,0.0,0.0,1831300.0
06/03/2019,10.41,11.25,10.335,11.03,0.0,0.0,1676000.0
05/27/2019,10.84,10.99,10.02,10.48,0.0,0.0,1363200.0
05/20/2019,11.12,11.32,10.65,10.82,0.0,0.0,1586400.0
05/13/2019,11.77,11.781,11.08,11.11,0.0,0.0,2278000.0
05/06/2019,11.75,11.97,11.29,11.89,0.0,0.0,2763700.0
04/29/2019,12.64,13.46,11.05,11.79,0.0,0.0,4580000.0
04/22/2019,12.45,12.72,12.19,12.67,0.0,0.0,1918900.0
04/15/2019,12.73,12.73,12.23,12.45,0.0,0.0,1267100.0
04/08/2019,12.55,12.82,12.49,12.69,0.0,0.0,1422900.0
04/01/2019,13.04,13.0487,12.07,12.63,0.0,0.0,2481500.0
03/25/2019,12.74,13.1,12.59,13.01,0.0,0.0,1654400.0
03/18/2019,12.98,13.12,12.6,12.74,0.0,0.0,2380600.0
03/11/2019,12.49,13.08,12.4,12.85,0.0,0.0,3898600.0
03/04/2019,15.25,15.33,12.3201,12.48,0.0,0.0,6106400.0
02/25/2019,15.25,15.35,14.47,15.23,0.0,0.0,2271900.0
02/18/2019,15.22,15.72,15.1,15.19,0.0,0.0,1695300.0
02/11/2019,15.52,16.0,14.31,15.21,0.0,0.0,4456900.0
02/04/2019,16.2,16.389,15.37,15.52,0.0,0.0,1744900.0
01/28/2019,17.43,17.71,16.07,16.19,0.0,0.0,2987100.0
01/21/2019,17.26,18.47,17.11,17.43,0.0,0.0,2730200.0
01/14/2019,16.2,17.3,16.07,17.23,0.0,0.0,2873600.0
01/07/2019,15.15,16.4,14.95,16.33,0.0,0.0,1711500.0
12/31/2018,15.05,15.35,14.4,15.13,0.0,0.0,1221600.0
12/24/2018,14.1,15.315,14.05,15.07,0.0,0.0,1259000.0
12/17/2018,15.01,15.15,14.15,14.27,0.0,0.0,2375400.0
12/10/2018,14.97,15.55,14.58,15.05,0.0,0.0,1478900.0
12/03/2018,15.39,15.62,14.56,15.03,0.0,0.0,1196000.0
11/26/2018,15.99,16.07,15.08,15.27,0.0,0.0,1500600.0
11/19/2018,15.85,16.14,15.52,15.93,0.0,0.0,1002000.0
11/12/2018,16.58,16.95,15.57,15.85,0.0,0.0,1900800.0
11/05/2018,15.24,16.85,15.22,16.58,0.0,0.0,3133500.0
10/29/2018,12.78,16.11,12.39,15.42,0.0,0.0,3953300.0
10/22/2018,13.07,13.29,12.56,12.69,0.0,0.0,995800.0
10/15/2018,12.43,13.28,12.345,12.92,0.0,0.0,1337600.0
10/08/2018,12.31,12.81,12.26,12.48,0.0,0.0,906300.0
10/01/2018,12.56,12.74,12.04,12.31,0.0,0.0,1218800.0
09/24/2018,12.65,12.7,12.25,12.55,0.0,0.0,870100.0
09/17/2018,13.15,13.3,12.65,12.7,0.0,0.0,1232900.0
09/10/2018,14.1,14.1,12.95,13.2,0.0,0.0,1093000.0
09/03/2018,11.95,14.4,11.9,14.1,0.0,0.0,2067800.0
08/27/2018,12.55,12.55,11.6,11.9,0.0,0.0,1415900.0
08/20/2018,12.5,12.75,12.2,12.5,0.0,0.0,989300.0
08/13/2018,11.55,12.6,11.35,12.5,0.0,0.0,1686300.0
08/06/2018,11.45,11.875,11.3,11.6,0.0,0.0,1103900.0
07/30/2018,11.95,12.1,11.0,11.4,0.0,0.0,1602400.0
07/23/2018,11.85,12.1,11.5,11.95,0.0,0.0,1108900.0
07/16/2018,11.6,11.95,11.3,11.9,0.0,0.0,913900.0
07/09/2018,11.65,11.7,11.2,11.6,0.0,0.0,953900.0
07/02/2018,11.35,11.7,11.2,11.6,0.0,0.0,772700.0
06/25/2018,11.5,11.75,10.9,11.4,0.0,0.0,1532500.0
06/18/2018,10.85,11.625,10.75,11.55,0.0,0.0,1659700.0
06/11/2018,10.9,11.05,10.65,10.85,0.0,0.0,1054200.0
06/04/2018,10.7,11.5,10.55,10.9,0.0,0.0,2344200.0
05/28/2018,10.7,10.9,10.55,10.65,0.0,0.0,858600.0
05/21/2018,10.8,11.0,10.55,10.8,0.0,0.0,1001400.0
05/14/2018,10.15,10.9,10.05,10.85,0.0,0.0,1774600.0
05/07/2018,10.55,10.65,10.0,10.15,0.0,0.0,1395800.0
04/30/2018,10.2,10.55,9.55,10.45,0.0,0.0,2395600.0
04/23/2018,9.8,10.2,9.65,10.2,0.0,0.0,1617900.0
04/16/2018,9.5,9.975,9.45,9.8,0.0,0.0,1785800.0
04/09/2018,9.65,9.729,9.4,9.45,0.0,0.0,1099500.0
04/02/2018,9.5,9.9,9.2,9.6,0.0,0.0,1518400.0
03/26/2018,9.45,9.75,9.3,9.5,0.0,0.0,1158100.0
03/19/2018,10.05,10.15,9.3,9.35,0.0,0.0,2291000.0
03/12/2018,10.35,10.85,10.05,10.05,0.0,0.0,3299300.0
03/05/2018,9.5,10.7,9.35,10.35,0.0,0.0,4574600.0
02/26/2018,9.55,10.1,9.45,9.5,0.0,0.0,2469200.0
02/19/2018,9.4,9.65,9.25,9.55,0.0,0.0,1133500.0
02/12/2018,9.3,9.7,9.2,9.45,0.0,0.0,1286100.0
02/05/2018,9.9,9.9,9.05,9.25,0.0,0.0,2241500.0
01/29/2018,10.2,10.25,9.85,9.9,0.0,0.0,1309800.0
01/22/2018,10.3,10.45,10.1,10.25,0.0,0.0,2164900.0
01/15/2018,10.35,10.5,9.9,10.35,0.0,0.0,1977700.0
01/08/2018,10.9,10.9,10.1,10.3,0.0,0.0,2642000.0
01/01/2018,10.0,10.95,9.9,10.85,0.0,0.0,1658400.0
12/25/2017,10.05,10.15,9.9,9.9,0.0,0.0,1070200.0
12/18/2017,10.2,10.35,9.9,10.025,0.0,0.0,1144200.0
12/11/2017,10.55,10.6,10.025,10.2,0.0,0.0,1796300.0
12/04/2017,10.45,10.95,10.35,10.6,0.0,0.0,1118700.0
11/27/2017,10.35,10.7,9.85,10.35,0.0,0.0,1858600.0
11/20/2017,10.2,10.225,9.9,10.1,0.0,0.0,892100.0
11/13/2017,10.0,10.3,9.95,10.225,0.0,0.0,1115200.0
11/06/2017,9.65,10.15,9.55,10.1,0.0,0.0,2323600.0
10/30/2017,11.6,11.7,9.75,9.8,0.0,0.0,3391300.0
10/23/2017,11.75,11.9,11.35,11.7,0.0,0.0,1089800.0
10/16/2017,11.6,11.85,11.35,11.8,0.0,0.0,1278600.0
10/09/2017,12.4,12.55,11.45,11.6,0.0,0.0,1280900.0
10/02/2017,12.15,12.55,12.12,12.4,0.0,0.0,727700.0
09/25/2017,11.75,12.25,11.75,12.15,0.0,0.0,999600.0
09/18/2017,11.95,12.05,11.65,11.8,0.0,0.0,1072200.0
09/11/2017,11.25,11.95,11.25,11.85,0.0,0.0,2113300.0
09/04/2017,11.5,11.7,11.0,11.2,0.0,0.0,942200.0
08/28/2017,11.55,11.65,11.2,11.5,0.0,0.0,933000.0
08/21/2017,11.5,11.775,11.25,11.6,0.0,0.0,1445100.0
08/14/2017,12.25,12.3,11.3,11.55,0.0,0.0,1282700.0
08/07/2017,12.2,12.4,11.9,12.2,0.0,0.0,1077500.0
07/31/2017,13.05,13.55,12.0,12.1,0.0,0.0,2003500.0
07/24/2017,12.95,13.625,12.9,13.05,0.0,0.0,1338100.0
07/17/2017,13.4,13.55,12.85,13.0,0.0,0.0,754900.0
07/10/2017,13.6,13.75,13.15,13.5,0.0,0.0,881900.0
07/03/2017,13.9,14.05,13.55,13.7,0.0,0.0,642100.0
06/26/2017,14.1,14.7,13.8,13.85,0.0,0.0,1354500.0
06/19/2017,14.2,14.4,13.8,14.05,0.0,0.0,1245300.0
06/12/2017,14.15,14.85,14.0,14.1,0.0,0.0,2189700.0
06/05/2017,13.68,14.35,13.25,14.2,0.0,0.0,1517600.0
05/29/2017,13.45,14.0,13.4,13.75,0.0,0.0,837100.0
05/22/2017,13.75,13.85,13.21,13.45,0.0,0.0,1068900.0
05/15/2017,13.95,14.1,13.4,13.65,0.0,0.0,1594000.0
05/08/2017,13.9,14.1,13.7,13.95,0.0,0.0,2530100.0
05/01/2017,12.5,13.95,12.15,13.9,0.0,0.0,2673100.0
04/24/2017,12.4,12.95,12.2,12.55,0.0,0.0,1527200.0
04/17/2017,12.0,12.4,11.95,12.25,0.0,0.0,1010300.0
04/10/2017,12.25,12.4,11.85,11.95,0.0,0.0,734700.0
04/03/2017,11.95,12.4,11.5,12.3,0.0,0.0,2182800.0
03/27/2017,11.5,12.15,11.45,11.95,0.0,0.0,1094000.0
03/20/2017,11.65,11.73,11.2,11.65,0.0,0.0,1673800.0
03/13/2017,11.05,11.75,10.75,11.65,0.0,0.0,2379500.0
03/06/2017,12.1,12.25,10.85,11.05,0.0,0.0,4262000.0
02/27/2017,12.6,12.75,12.05,12.2,0.0,0.0,1043700.0
02/20/2017,13.4,13.5,12.43,12.65,0.0,0.0,909200.0
02/13/2017,12.75,13.55,12.7,13.4,0.0,0.0,1648400.0
02/06/2017,12.1,12.8,11.9,12.75,0.0,0.0,1123500.0
01/30/2017,12.35,12.6,11.95,12.2,0.0,0.0,1090500.0
01/23/2017,12.5,12.85,12.35,12.45,0.0,0.0,852700.0
01/16/2017,12.5,12.8,12.3,12.5,0.0,0.0,571300.0
01/09/2017,12.5,12.9,12.25,12.45,0.0,0.0,1300800.0
01/02/2017,12.25,13.1,12.2,12.5,0.0,0.0,1061500.0
12/26/2016,12.75,12.95,12.2,12.3,0.0,0.0,1067400.0
12/19/2016,13.15,13.35,12.55,12.75,0.0,0.0,901100.0
12/12/2016,13.0,13.4,13.0,13.2,0.0,0.0,1704300.0
12/05/2016,12.55,13.5,12.55,13.1,0.0,0.0,2265700.0
11/28/2016,13.05,13.18,12.5,12.55,0.0,0.0,1336000.0
11/21/2016,12.55,13.1,12.45,13.1,0.0,0.0,727000.0
11/14/2016,12.2,12.85,12.15,12.5,0.0,0.0,1748500.0
11/07/2016,11.0,12.2,10.35,12.2,0.0,0.0,3046800.0
10/31/2016,12.1,12.4,10.08,10.85,0.0,0.0,3339300.0
10/24/2016,12.3,12.6,11.7,12.0,0.0,0.0,1747200.0
10/17/2016,11.8,12.57,11.65,12.2,0.0,0.0,1965200.0
10/10/2016,11.8,12.02,11.35,11.85,0.0,0.0,2452600.0
10/03/2016,12.55,12.58,11.49,11.74,0.0,0.0,3681900.0
09/26/2016,13.76,13.87,12.46,12.59,0.0,0.0,2208800.0
09/19/2016,13.22,13.97,13.11,13.88,0.0,0.0,1795000.0
09/12/2016,13.6,13.93,12.16,13.18,0.0,0.0,5547300.0
09/05/2016,13.7,14.6,13.46,13.73,0.0,0.0,3105800.0
08/29/2016,13.77,14.0,13.47,13.66,0.0,0.0,786000.0
08/22/2016,13.68,14.04,13.6,13.71,0.0,0.0,1090800.0
08/15/2016,13.78,14.08,13.44,13.79,0.0,0.0,1485700.0
08/08/2016,13.48,13.95,13.25,13.78,0.0,0.0,1725800.0
08/01/2016,13.19,14.37,12.27,13.45,0.0,0.0,4076300.0
07/25/2016,13.73,13.9,12.9,13.16,0.0,0.0,1674800.0
07/18/2016,13.5,13.8,13.25,13.75,0.0,0.0,1188900.0
07/11/2016,13.23,13.67,13.08,13.45,0.0,0.0,1319100.0
07/04/2016,13.06,13.28,12.61,13.16,0.0,0.0,1007700.0
06/27/2016,11.98,13.19,11.1,13.15,0.0,0.0,2376700.0
06/20/2016,12.0,12.68,11.5,12.09,0.0,0.0,2980300.0
06/13/2016,11.51,11.99,11.23,11.85,0.0,0.0,1452100.0
06/06/2016,11.36,12.01,11.29,11.56,0.0,0.0,1418000.0
05/30/2016,11.18,11.5,10.97,11.33,0.0,0.0,1102600.0
05/23/2016,10.8,11.27,10.74,11.18,0.0,0.0,1664700.0
05/16/2016,11.06,11.25,10.5,10.77,0.0,0.0,2072500.0
05/09/2016,11.18,12.01,10.91,10.97,0.0,0.0,2814900.0
05/02/2016,13.27,13.7,11.08,11.15,0.0,0.0,3622800.0
04/25/2016,14.6,14.98,13.03,13.19,0.0,0.0,2676100.0
04/18/2016,14.3,14.84,14.04,14.59,0.0,0.0,1509000.0
04/11/2016,12.97,14.46,12.97,14.38,0.0,0.0,1954500.0
04/04/2016,13.65,13.79,12.71,12.94,0.0,0.0,1539500.0
03/28/2016,12.27,13.79,12.11,13.73,0.0,0.0,2138500.0
03/21/2016,13.24,13.32,12.08,12.27,0.0,0.0,1126700.0
03/14/2016,14.11,14.25,12.75,13.26,0.0,0.0,3049100.0
03/07/2016,14.23,15.44,13.22,13.89,0.0,0.0,7524700.0
02/29/2016,12.68,14.48,12.67,14.25,0.0,0.0,2867500.0
02/22/2016,12.2,12.78,12.14,12.66,0.0,0.0,1594700.0
02/15/2016,11.14,12.27,10.86,12.08,0.0,0.0,1435800.0
02/08/2016,11.42,11.42,10.21,10.98,0.0,0.0,1974800.0
02/01/2016,12.13,12.54,11.41,11.52,0.0,0.0,1876300.0
01/25/2016,12.08,12.35,11.52,12.12,0.0,0.0,2260000.0
01/18/2016,13.0,13.06,10.86,12.12,0.0,0.0,4052800.0
01/11/2016,12.37,13.56,12.08,12.9,0.0,0.0,4687900.0
01/04/2016,12.29,12.9,12.01,12.34,0.0,0.0,2937400.0
12/28/2015,13.02,13.15,12.5,12.63,0.0,0.0,1519300.0
12/21/2015,12.83,13.33,12.58,13.11,0.0,0.0,1697500.0
12/14/2015,12.38,13.24,12.1,12.76,0.0,0.0,3320900.0
12/07/2015,12.0,12.85,11.53,12.43,0.0,0.0,2433600.0
11/30/2015,11.78,12.75,11.75,12.04,0.0,0.0,3124300.0
11/23/2015,11.16,12.09,11.02,11.74,0.0,0.0,2147000.0
11/16/2015,10.15,11.38,10.13,11.12,0.0,0.0,4298400.0
11/09/2015,11.54,12.15,9.58,10.2,0.0,0.0,10074300.0
11/02/2015,11.5,12.3,11.23,11.61,0.0,0.0,3580800.0
10/26/2015,11.74,11.85,10.94,11.48,0.0,0.0,2601400.0
10/19/2015,11.88,12.31,11.45,11.8,0.0,0.0,2410600.0
10/12/2015,12.94,13.01,11.35,11.76,0.0,0.0,3825400.0
10/05/2015,10.97,13.27,10.84,13.0,0.0,0.0,5554000.0
09/28/2015,11.01,11.15,10.16,10.91,0.0,0.0,3080700.0
09/21/2015,12.36,12.65,11.03,11.1,0.0,0.0,3455800.0
09/14/2015,12.31,12.87,12.0,12.28,0.0,0.0,2515700.0
09/07/2015,12.89,12.98,12.08,12.3,0.0,0.0,2216600.0
08/31/2015,13.52,13.55,12.25,12.69,0.0,0.0,3595200.0
08/24/2015,11.1,13.78,10.25,13.7,0.0,0.0,7733400.0
08/17/2015,14.55,14.95,12.02,12.26,0.0,0.0,10071400.0
08/10/2015,18.7,18.94,14.55,14.56,0.0,0.0,13938900.0
08/03/2015,18.71,20.15,18.45,18.5,0.0,0.0,3813900.0
07/27/2015,18.4,19.03,18.11,18.79,0.0,0.0,2602500.0
07/20/2015,18.92,19.48,18.32,18.52,0.0,0.0,3421300.0
07/13/2015,19.77,20.54,18.9,18.93,0.0,0.0,3158200.0
07/06/2015,20.27,20.55,19.22,19.66,0.0,0.0,3006200.0
06/29/2015,20.75,21.04,20.36,20.38,0.0,0.0,1949400.0
06/22/2015,21.49,21.68,20.53,21.0,0.0,0.0,4615300.0
06/15/2015,20.57,21.5,20.34,21.45,0.0,0.0,3629500.0
06/08/2015,20.79,21.2,20.3,20.65,0.0,0.0,3242600.0
06/01/2015,20.68,21.42,20.43,20.88,0.0,0.0,3791700.0
05/25/2015,22.51,22.53,20.6,20.74,0.0,0.0,4476300.0
05/18/2015,24.7,24.97,21.97,22.53,0.0,0.0,11553700.0
05/11/2015,27.02,29.2,24.45,24.7,0.0,0.0,14439100.0
05/04/2015,26.45,27.42,25.6,26.8,0.0,0.0,2718900.0
04/27/2015,28.1,28.7,26.01,26.49,0.0,0.0,3742300.0
04/20/2015,27.99,29.0,27.61,28.0,0.0,0.0,2948300.0
04/13/2015,27.62,28.37,26.57,27.56,0.0,0.0,3535500.0
04/06/2015,25.37,28.39,25.28,27.63,0.0,0.0,6187800.0
03/30/2015,26.2,26.64,24.72,25.63,0.0,0.0,3693800.0
03/23/2015,26.8,27.84,25.66,25.97,0.0,0.0,5390500.0
03/16/2015,27.3,28.09,25.6,27.0,0.0,0.0,8397900.0
03/09/2015,24.69,27.75,23.34,27.1,0.0,0.0,14922300.0
03/02/2015,24.8,25.44,24.4,24.59,0.0,0.0,2467700.0
02/23/2015,24.79,25.25,24.3,24.59,0.0,0.0,2526200.0
02/16/2015,24.04,26.12,23.75,24.78,0.0,0.0,3622400.0
02/09/2015,25.32,25.67,23.93,24.2,0.0,0.0,2797000.0
02/02/2015,25.88,26.16,24.56,25.53,0.0,0.0,4046600.0
01/26/2015,26.48,27.16,25.06,25.73,0.0,0.0,5151200.0
01/19/2015,23.78,26.68,22.65,26.27,0.0,0.0,6500100.0
01/12/2015,23.39,24.9,22.51,23.73,0.0,0.0,10671900.0
01/05/2015,21.0,25.0,20.72,23.45,0.0,0.0,16208000.0
12/29/2014,20.9,21.37,19.85,20.26,0.0,0.0,5860200.0
12/22/2014,21.17,21.84,20.62,20.9,0.0,0.0,3613400.0
12/15/2014,23.13,23.15,20.31,21.1,0.0,0.0,6728400.0
12/08/2014,24.91,25.07,21.91,22.88,0.0,0.0,7129700.0
12/01/2014,27.26,27.42,24.44,25.07,0.0,0.0,8627800.0
11/24/2014,28.17,30.28,27.22,27.42,0.0,0.0,6270900.0
11/17/2014,33.66,33.85,27.35,28.15,0.0,0.0,18267400.0
11/10/2014,36.6,37.75,33.5,34.33,0.0,0.0,6138300.0
11/03/2014,35.72,38.65,34.3,36.6,0.0,0.0,10298700.0
10/27/2014,34.58,37.85,34.02,35.65,0.0,0.0,6220700.0
10/20/2014,34.0,35.5,34.0,34.63,0.0,0.0,3883300.0
10/13/2014,35.6,35.88,32.0,34.0,0.0,0.0,4409800.0
10/06/2014,36.4,38.78,34.4,35.58,0.0,0.0,8693700.0
09/29/2014,34.51,37.27,33.6,35.86,0.0,0.0,9914900.0
09/22/2014,34.89,36.25,34.3,35.16,0.0,0.0,5929300.0
09/15/2014,39.97,40.89,34.07,35.41,0.0,0.0,14163800.0
09/08/2014,35.8,39.75,34.7,38.87,0.0,0.0,17857300.0
09/01/2014,32.97,37.69,31.64,36.24,0.0,0.0,21564000.0
08/25/2014,31.31,33.72,31.0,32.31,0.0,0.0,6837300.0
08/18/2014,34.58,34.68,28.56,30.62,0.0,0.0,11783700.0
08/11/2014,38.31,38.53,28.99,33.36,0.0,0.0,13153800.0
08/04/2014,41.35,41.46,33.58,36.95,0.0,0.0,32418300.0
