12/26/2022,2.82,3.01,2.76,3.0,0.0,0.0,201800.0
12/19/2022,3.1,3.2,2.73,2.85,0.0,0.0,367400.0
12/12/2022,3.11,3.34,3.1,3.21,0.0,0.0,667500.0
12/05/2022,3.19,3.28,3.12,3.2,0.0,0.0,312900.0
11/28/2022,3.19,3.29,3.0269,3.28,0.0,0.0,319200.0
11/21/2022,3.26,3.39,3.17,3.255,0.0,0.0,254100.0
11/14/2022,3.24,3.3999,3.15,3.28,0.0,0.0,542100.0
11/07/2022,3.05,3.36,3.05,3.24,0.0,0.0,584100.0
10/31/2022,3.17,3.63,2.57,3.12,0.0,0.0,1001700.0
10/24/2022,3.38,3.535,3.0608,3.2,0.0,0.0,210000.0
10/17/2022,3.3,3.4233,2.81,3.38,0.0,0.0,652500.0
10/10/2022,3.67,3.67,3.24,3.3,0.0,0.0,211300.0
10/03/2022,3.37,3.75,3.37,3.64,0.0,0.0,215500.0
09/26/2022,3.25,3.6345,3.124,3.4,0.0,0.0,169100.0
09/19/2022,3.79,3.8899,3.1,3.4,0.0,0.0,363000.0
09/12/2022,3.87,3.91,3.6477,3.89,0.0,0.0,221100.0
09/05/2022,3.95,4.035,3.57,3.87,0.0,0.0,191600.0
08/29/2022,4.21,4.27,3.87,3.96,0.0,0.0,364900.0
08/22/2022,4.18,4.38,4.06,4.06,0.0,0.0,153200.0
08/15/2022,3.82,4.45,3.75,4.26,0.0,0.0,497700.0
08/08/2022,4.21,4.28,3.81,3.89,0.0,0.0,294500.0
08/01/2022,4.53,4.6,4.0,4.31,0.0,0.0,349900.0
07/25/2022,4.35,4.55,4.0401,4.455,0.0,0.0,435300.0
07/18/2022,3.82,4.75,3.76,4.2,0.0,0.0,517100.0
07/11/2022,3.78,3.93,3.65,3.76,0.0,0.0,169300.0
07/04/2022,3.85,4.07,3.6,3.82,0.0,0.0,184700.0
06/27/2022,3.55,4.2,3.55,4.02,0.0,0.0,410200.0
06/20/2022,3.66,4.0659,3.6,3.65,0.0,0.0,273700.0
06/13/2022,4.25,4.4,3.6293,3.78,0.0,0.0,402000.0
06/06/2022,4.7,5.0,4.29,4.4,0.0,0.0,567400.0
05/30/2022,4.1,4.68,4.02,4.63,0.0,0.0,444400.0
05/23/2022,4.2,4.2,3.9,4.11,0.0,0.0,297600.0
05/16/2022,4.07,4.46,3.997,4.08,0.0,0.0,315300.0
05/09/2022,4.7,4.72,3.81,4.08,0.0,0.0,1076900.0
05/02/2022,4.35,5.28,4.2501,4.72,0.0,0.0,597500.0
04/25/2022,5.28,5.35,4.37,4.45,0.0,0.0,937600.0
04/18/2022,5.48,5.98,5.34,5.39,0.0,0.0,1188700.0
04/11/2022,4.41,5.71,4.3,5.42,0.0,0.0,1205800.0
04/04/2022,4.23,4.69,4.16,4.6,0.0,0.0,667000.0
03/28/2022,4.73,4.73,3.96,4.23,0.0,0.0,701900.0
03/21/2022,4.05,4.7499,4.04,4.73,0.0,0.0,734900.0
03/14/2022,3.69,4.19,3.51,4.08,0.0,0.0,895000.0
03/07/2022,3.4,4.4,3.38,3.7,0.0,0.0,2288400.0
02/28/2022,3.15,3.43,3.15,3.26,0.0,0.0,632000.0
02/21/2022,3.1,3.26,2.9,3.23,0.0,0.0,562000.0
02/14/2022,3.15,3.2,2.91,3.0,0.0,0.0,337800.0
02/07/2022,3.2,3.25,3.0,3.13,0.0,0.0,245600.0
01/31/2022,3.04,3.21,2.95,3.2,0.0,0.0,435900.0
01/24/2022,3.03,3.1,2.87,2.93,0.0,0.0,277000.0
01/17/2022,2.96,3.17,2.9205,3.12,0.0,0.0,368500.0
01/10/2022,2.91,3.16,2.76,3.0674,0.0,0.0,314300.0
01/03/2022,2.6799,3.0,2.6774,2.99,0.0,0.0,515500.0
12/27/2021,2.72,2.8,2.52,2.66,0.0,0.0,803400.0
12/20/2021,2.68,2.84,2.65,2.79,0.0,0.0,542600.0
12/13/2021,2.75,2.93,2.715,2.73,0.0,0.0,675800.0
12/06/2021,2.79,3.09,2.65,2.76,0.0,0.0,678000.0
11/29/2021,2.77,2.99,2.59,2.87,0.0,0.0,804300.0
11/22/2021,2.83,2.9724,2.7,2.7865,0.0,0.0,394500.0
11/15/2021,3.1,3.2,2.83,2.86,0.0,0.0,410300.0
11/08/2021,3.15,3.25,3.08,3.13,0.0,0.0,345200.0
11/01/2021,3.15,3.2394,3.0,3.14,0.0,0.0,561500.0
10/25/2021,3.35,3.46,3.089,3.18,0.0,0.0,688700.0
10/18/2021,3.43,3.59,3.2,3.39,0.0,0.0,726500.0
10/11/2021,3.5,3.56,3.24,3.46,0.0,0.0,420600.0
10/04/2021,3.33,3.5,3.2301,3.41,0.0,0.0,389100.0
09/27/2021,3.19,3.61,3.19,3.21,0.0,0.0,616901.0
09/20/2021,3.3183,3.45,2.98,3.21,0.0,0.0,399000.0
09/13/2021,3.02,3.5,3.02,3.45,0.0,0.0,667000.0
09/06/2021,3.14,3.2,2.9,3.02,0.0,0.0,273600.0
08/30/2021,3.1,3.22,3.04,3.19,0.0,0.0,284000.0
08/23/2021,3.16,3.44,3.07,3.12,0.0,0.0,506400.0
08/16/2021,3.23,3.67,2.88,3.12,0.0,0.0,1357800.0
08/09/2021,2.83,3.3,2.76,3.22,0.0,0.0,840800.0
08/02/2021,2.6,2.9,2.5805,2.89,0.0,0.0,1497200.0
07/26/2021,2.7,2.81,2.53,2.64,0.0,0.0,616800.0
07/19/2021,2.7,3.1,2.6,2.74,0.0,0.0,840600.0
07/12/2021,3.06,3.19,2.76,2.81,0.0,0.0,463100.0
07/05/2021,2.95,3.12,2.797,3.06,0.0,0.0,669500.0
06/28/2021,2.77,3.03,2.539,2.93,0.0,0.0,998400.0
06/21/2021,3.0,3.1999,2.7,2.72,0.0,0.0,868200.0
06/14/2021,3.25,3.35,2.9,2.98,0.0,0.0,911000.0
06/07/2021,2.8,3.25,2.7,3.25,0.0,0.0,1182700.0
05/31/2021,2.64,2.85,2.57,2.84,0.0,0.0,739900.0
05/24/2021,2.69,2.69,2.55,2.62,0.0,0.0,250100.0
05/17/2021,2.85,2.88,2.5,2.69,0.0,0.0,764800.0
05/10/2021,2.33,2.85,2.25,2.81,0.0,0.0,1207200.0
05/03/2021,2.15,2.44,2.09,2.33,0.0,0.0,526600.0
04/26/2021,2.31,2.45,2.02,2.12,0.0,0.0,810200.0
04/19/2021,2.24,2.5,2.12,2.33,0.0,0.0,789400.0
04/12/2021,2.43,2.48,2.15,2.22,0.0,0.0,1204300.0
04/05/2021,2.33,2.75,2.32,2.46,0.0,0.0,961100.0
03/29/2021,2.43,2.64,2.36,2.4,0.0,0.0,594700.0
03/22/2021,3.23,3.23,2.36,2.43,0.0,0.0,1645000.0
03/15/2021,2.75,3.42,2.59,2.99,0.0,0.0,3587200.0
03/08/2021,2.39,2.98,2.285,2.75,0.0,0.0,2008800.0
03/01/2021,2.43,2.5,2.25,2.36,0.0,0.0,1063400.0
02/22/2021,2.37,2.5999,1.78,2.41,0.0,0.0,2189700.0
02/15/2021,2.64,2.78,2.34,2.37,0.0,0.0,1643000.0
02/08/2021,1.91,2.75,1.9,2.49,0.0,0.0,3260600.0
02/01/2021,1.69,1.97,1.68,1.9,0.0,0.0,1142200.0
01/25/2021,1.82,1.99,1.64,1.71,0.0,0.0,1308500.0
01/18/2021,1.9,2.0,1.77,1.82,0.0,0.0,741300.0
01/11/2021,1.56,1.92,1.5387,1.86,0.0,0.0,1627300.0
01/04/2021,1.43,1.65,1.43,1.59,0.0,0.0,1051700.0
12/28/2020,1.64,1.6939,1.4,1.43,0.0,0.0,1250900.0
12/21/2020,1.67,1.7,1.5419,1.62,0.0,0.0,1202400.0
12/14/2020,1.84,1.86,1.64,1.65,0.0,0.0,800800.0
12/07/2020,2.05,2.15,1.7588,1.78,0.0,0.0,1205900.0
11/30/2020,1.72,2.0655,1.56,1.985,0.0,0.0,1237500.0
11/23/2020,1.59,1.84,1.59,1.74,0.0,0.0,740400.0
11/16/2020,1.49,1.7,1.45,1.62,0.0,0.0,827100.0
11/09/2020,1.54,1.5601,1.41,1.41,0.0,0.0,588000.0
11/02/2020,1.41,1.55,1.39,1.41,0.0,0.0,525900.0
10/26/2020,1.77,1.77,1.385,1.4,0.0,0.0,385500.0
10/19/2020,1.7,1.86,1.51,1.71,0.0,0.0,1128600.0
10/12/2020,1.38,1.77,1.37,1.77,0.0,0.0,1334500.0
10/05/2020,1.29,1.76,1.22,1.37,0.0,0.0,2731100.0
09/28/2020,1.2,1.4,1.03,1.34,0.0,0.0,1375100.0
09/21/2020,1.23,1.346,1.15,1.21,0.0,0.0,880200.0
09/14/2020,1.35,1.39,1.14,1.29,0.0,0.0,3231800.0
09/07/2020,1.35,1.45,1.25,1.41,0.0,0.0,973300.0
08/31/2020,1.51,1.5873,1.35,1.35,0.0,0.0,767400.0
08/24/2020,1.6,1.69,1.48,1.5,0.0,0.0,687000.0
08/17/2020,1.83,1.8659,1.56,1.6,0.0,0.0,829800.0
08/10/2020,1.87,1.95,1.75,1.85,0.0,0.0,1423800.0
08/03/2020,1.86,1.99,1.6812,1.91,0.0,0.0,1492700.0
07/27/2020,2.4,2.55,1.86,1.89,0.0,0.0,2416400.0
07/20/2020,1.97,2.48,1.89,2.45,0.0,0.0,2103600.0
07/13/2020,1.71,2.27,1.6,2.02,0.0,0.0,2348600.0
07/06/2020,1.98,2.0,1.53,1.68,0.0,0.0,1845900.0
06/29/2020,1.55,2.19,1.19,1.92,0.0,0.0,7244700.0
06/22/2020,2.5,2.5,1.53,1.64,0.0,0.0,1529400.0
06/15/2020,2.44,2.78,2.42,2.5,0.0,0.0,868000.0
06/08/2020,3.0,3.1,2.35,2.55,0.0,0.0,1495800.0
06/01/2020,2.46,2.89,2.3903,2.8,0.0,0.0,1145500.0
05/25/2020,2.8,2.8,2.35,2.5,0.0,0.0,838800.0
05/18/2020,2.16,2.8498,2.16,2.73,0.0,0.0,1305600.0
05/11/2020,2.41,2.57,2.031,2.09,0.0,0.0,1214500.0
05/04/2020,2.25,2.724,2.22,2.41,0.0,0.0,1576900.0
04/27/2020,2.8436,3.95,2.1239,2.2,0.0,0.0,5377200.0
04/20/2020,1.42,2.48,1.3,2.48,0.0,0.0,2500100.0
04/13/2020,1.13,1.49,1.05,1.41,0.0,0.0,1572800.0
04/06/2020,1.1,1.19,0.95,1.06,0.0,0.0,1045300.0
03/30/2020,1.05,1.3,0.9701,1.1,0.0,0.0,745400.0
03/23/2020,1.17,1.37,0.905,1.01,0.0,0.0,1660000.0
03/16/2020,1.32,1.5,0.98,1.15,0.0,0.0,1592000.0
03/09/2020,1.81,2.15,1.03,1.38,0.0,0.0,1622200.0
03/02/2020,2.4,2.55,1.99,2.04,0.0,0.0,1094300.0
02/24/2020,2.54,2.61,2.02,2.43,0.0,0.0,1686300.0
02/17/2020,2.62,2.78,2.51,2.54,0.0,0.0,665200.0
02/10/2020,2.58,2.695,2.32,2.62,0.0,0.0,1801900.0
02/03/2020,3.0,3.05,2.44,2.6,0.0,0.0,1731200.0
01/27/2020,3.9,3.91,2.42,3.04,0.0,0.0,3649000.0
01/20/2020,4.52,4.6,3.86,3.89,0.0,0.0,1031900.0
01/13/2020,4.64,4.85,4.46,4.57,0.0,0.0,848300.0
01/06/2020,4.05,4.6,3.96,4.59,0.0,0.0,1716400.0
12/30/2019,4.03,4.08,3.85,4.06,0.0,0.0,1025900.0
12/23/2019,4.13,4.2199,3.96,4.02,0.0,0.0,1006200.0
12/16/2019,4.13,4.37,4.06,4.14,0.0,0.0,948900.0
12/09/2019,4.02,4.5,4.0,4.08,0.0,0.0,1663100.0
12/02/2019,4.12,4.2549,3.9981,4.04,0.0,0.0,915200.0
11/25/2019,4.52,4.65,4.04,4.15,0.0,0.0,721300.0
11/18/2019,4.64,4.64,4.2131,4.515,0.0,0.0,981400.0
11/11/2019,4.41,4.78,4.26,4.65,0.0,0.0,1081700.0
11/04/2019,5.1,5.62,4.3,4.44,0.0,0.0,2033100.0
10/28/2019,4.9,5.4,4.825,5.04,0.0,0.0,1581100.0
10/21/2019,3.96,5.0399,3.91,4.85,0.0,0.0,1428300.0
10/14/2019,3.91,4.12,3.8,3.96,0.0,0.0,678800.0
10/07/2019,4.64,4.68,3.85,3.9,0.0,0.0,737700.0
09/30/2019,4.38,4.82,4.22,4.63,0.0,0.0,639700.0
09/23/2019,4.84,4.84,4.225,4.36,0.0,0.0,618900.0
09/16/2019,4.37,5.0,4.37,4.83,0.0,0.0,1198600.0
09/09/2019,3.85,4.44,3.81,4.27,0.0,0.0,749700.0
09/02/2019,3.47,3.99,3.39,3.84,0.0,0.0,805000.0
08/26/2019,3.63,3.7,3.4,3.46,0.0,0.0,926500.0
08/19/2019,4.1,4.158,3.62,3.64,0.0,0.0,1390300.0
08/12/2019,4.49,4.69,3.93,4.03,0.0,0.0,1356400.0
08/05/2019,6.0,6.0,4.31,4.53,0.0,0.0,1868100.0
07/29/2019,5.86,6.27,5.62,5.98,0.0,0.0,1370600.0
07/22/2019,6.82,6.955,5.28,5.85,0.0,0.0,2028800.0
07/15/2019,7.1,7.26,6.8,6.85,0.0,0.0,742600.0
07/08/2019,7.05,7.25,6.77,7.07,0.0,0.0,685100.0
07/01/2019,7.18,7.1973,6.78,7.0,0.0,0.0,488000.0
06/24/2019,6.65,7.18,6.62,7.14,0.0,0.0,854000.0
06/17/2019,6.53,6.8398,6.43,6.64,0.0,0.0,613700.0
06/10/2019,6.25,6.88,6.1986,6.48,0.0,0.0,1081100.0
06/03/2019,6.73,6.87,6.03,6.18,0.0,0.0,1729100.0
05/27/2019,7.09,7.18,6.585,6.73,0.0,0.0,1758400.0
05/20/2019,7.43,7.78,7.05,7.13,0.0,0.0,1026600.0
05/13/2019,7.25,7.6,7.16,7.48,0.0,0.0,976300.0
05/06/2019,7.63,7.87,6.86,7.33,0.0,0.0,1286700.0
04/29/2019,7.78,8.1,7.38,7.75,0.0,0.0,2134600.0
04/22/2019,10.19,10.52,7.21,7.73,0.0,0.0,4201800.0
04/15/2019,11.35,11.35,9.55,10.22,0.0,0.0,1979000.0
04/08/2019,12.36,12.44,11.27,11.35,0.0,0.0,1152400.0
04/01/2019,12.46,12.71,12.21,12.33,0.0,0.0,678700.0
03/25/2019,12.31,12.75,12.21,12.45,0.0,0.0,693400.0
03/18/2019,12.46,12.58,12.1343,12.33,0.0,0.0,705000.0
03/11/2019,12.94,13.08,12.4001,12.45,0.0,0.0,842300.0
03/04/2019,13.04,13.18,12.7,12.96,0.0,0.0,931800.0
02/25/2019,12.5,13.23,12.18,13.04,0.0,0.0,1454000.0
02/18/2019,12.36,12.64,12.13,12.51,0.0,0.0,578400.0
02/11/2019,12.35,13.385,11.91,12.3,0.0,0.0,1371800.0
02/04/2019,13.94,14.32,12.08,12.39,0.0,0.0,1682300.0
01/28/2019,13.19,13.91,13.02,13.91,0.0,0.0,977600.0
01/21/2019,12.55,13.4,12.4,13.25,0.0,0.0,968000.0
01/14/2019,11.43,12.63,11.32,12.57,0.0,0.0,958400.0
01/07/2019,11.61,11.99,11.27,11.41,0.0,0.0,820100.0
12/31/2018,10.19,11.6,10.03,11.58,0.0,0.0,708700.0
12/24/2018,9.54,10.21,9.13,10.19,0.0,0.0,775300.0
12/17/2018,11.07,11.21,9.5,9.68,0.0,0.0,2961000.0
12/10/2018,11.61,11.61,11.06,11.09,0.0,0.0,571700.0
12/03/2018,10.92,11.96,10.88,11.6,0.0,0.0,732900.0
11/26/2018,10.88,11.14,10.57,10.61,0.0,0.0,630800.0
11/19/2018,11.24,11.36,10.25,10.88,0.0,0.0,847200.0
11/12/2018,12.52,12.64,11.22,11.36,0.0,0.0,1069200.0
11/05/2018,13.65,13.7,12.18,12.52,0.0,0.0,1303600.0
10/29/2018,12.25,13.77,12.25,13.34,0.0,0.0,1830000.0
10/22/2018,11.74,12.65,11.74,12.16,0.0,0.0,1164000.0
10/15/2018,11.57,12.0,11.54,11.73,0.0,0.0,342200.0
10/08/2018,11.72,12.18,11.35,11.62,0.0,0.0,509800.0
10/01/2018,11.5,11.95,11.5,11.72,0.0,0.0,477500.0
09/24/2018,11.15,11.6,10.65,11.6,0.0,0.0,631900.0
09/17/2018,11.15,11.5,11.0,11.05,0.0,0.0,479900.0
09/10/2018,11.25,11.65,11.0,11.2,0.0,0.0,479000.0
09/03/2018,11.25,11.35,11.15,11.25,0.0,0.0,477100.0
08/27/2018,11.9,11.92,10.99,11.35,0.0,0.0,1797000.0
08/20/2018,11.9,12.25,11.85,11.95,0.0,0.0,823700.0
08/13/2018,12.6,12.75,11.7,11.95,0.0,0.0,1307400.0
08/06/2018,12.65,13.15,12.5,12.6,0.0,0.0,1353800.0
07/30/2018,13.3,13.5,13.005,13.3,0.0,0.0,1436700.0
07/23/2018,13.95,14.2,13.05,13.15,0.0,0.0,1370800.0
07/16/2018,13.8,13.95,13.25,13.8,0.0,0.0,782700.0
07/09/2018,13.65,13.9,13.6,13.8,0.0,0.0,529600.0
07/02/2018,13.45,14.095,13.4,13.7,0.0,0.0,382400.0
06/25/2018,14.0,14.14,13.4,13.8,0.0,0.0,644200.0
06/18/2018,13.7,14.35,13.65,14.0,0.0,0.0,687700.0
06/11/2018,14.55,14.7,13.5,13.65,0.0,0.0,1759700.0
06/04/2018,15.25,15.4,14.7,14.75,0.0,0.0,392500.0
05/28/2018,14.55,15.25,14.55,15.25,0.0,0.0,359000.0
05/21/2018,14.75,15.3,14.55,14.75,0.0,0.0,447300.0
05/14/2018,14.4,15.07,14.4,14.8,0.0,0.0,574300.0
05/07/2018,14.6,15.025,14.2,14.45,0.0,0.0,801500.0
04/30/2018,16.0,16.2,14.45,14.95,0.0,0.0,1240200.0
04/23/2018,15.3,16.0,15.05,15.9,0.0,0.0,678700.0
04/16/2018,14.1,15.4,14.05,15.3,0.0,0.0,850900.0
04/09/2018,14.0,14.525,13.6,13.95,0.0,0.0,454900.0
04/02/2018,13.45,14.1,13.1,13.9,0.0,0.0,439500.0
03/26/2018,13.7,13.9,13.1,13.5,0.0,0.0,424500.0
03/19/2018,13.3,13.8,12.9,13.55,0.0,0.0,654500.0
03/12/2018,13.55,14.0,13.3,13.35,0.0,0.0,644500.0
03/05/2018,13.8,14.1,13.45,13.5,0.0,0.0,490200.0
02/26/2018,14.7,14.85,13.62,13.75,0.0,0.0,579200.0
02/19/2018,16.15,16.45,13.8,14.75,0.0,0.0,1185000.0
02/12/2018,15.0,16.95,15.0,16.25,0.0,0.0,836200.0
02/05/2018,16.45,16.54,14.45,15.1,0.0,0.0,1001900.0
01/29/2018,16.8,16.81,15.36,16.05,0.0,0.0,750300.0
01/22/2018,15.5,16.9,15.5,16.8,0.0,0.0,848200.0
01/15/2018,15.65,15.89,15.25,15.6,0.0,0.0,560900.0
01/08/2018,14.5,15.95,14.355,15.85,0.0,0.0,844700.0
01/01/2018,14.0,15.0,14.0,14.55,0.0,0.0,561700.0
12/25/2017,13.85,14.45,13.6,14.0,0.0,0.0,829400.0
12/18/2017,15.2,15.27,13.9,13.95,0.0,0.0,1045300.0
12/11/2017,13.3,15.3,13.3,15.05,0.0,0.0,2119700.0
12/04/2017,13.65,14.0,12.7,13.2,0.0,0.0,942500.0
11/27/2017,13.95,13.99,12.9,13.8,0.0,0.0,700000.0
11/20/2017,13.75,13.85,13.1,13.8,0.0,0.0,492500.0
11/13/2017,14.25,14.4,13.2,13.725,0.0,0.0,1293500.0
11/06/2017,15.4,15.7,14.15,14.45,0.0,0.0,1317000.0
10/30/2017,15.9,16.35,15.7,15.95,0.0,0.0,529800.0
10/23/2017,16.4,16.75,15.8,15.9,0.0,0.0,666000.0
10/16/2017,16.85,16.95,15.95,16.55,0.0,0.0,327100.0
10/09/2017,16.85,17.3,16.635,16.85,0.0,0.0,374900.0
10/02/2017,15.55,17.0,15.45,16.8,0.0,0.0,513800.0
09/25/2017,16.6,16.95,15.55,15.55,0.0,0.0,1232000.0
09/18/2017,16.5,16.8,16.2,16.6,0.0,0.0,422100.0
09/11/2017,16.5,16.9,16.25,16.45,0.0,0.0,1257600.0
09/04/2017,17.3,17.46,16.25,16.4,0.0,0.0,418700.0
08/28/2017,16.75,17.45,16.24,17.3,0.0,0.0,529900.0
08/21/2017,16.9,17.6,16.55,16.75,0.0,0.0,476200.0
08/14/2017,18.25,18.3,16.839,17.0,0.0,0.0,558200.0
08/07/2017,18.2,18.31,17.61,18.15,0.0,0.0,405000.0
07/31/2017,19.45,19.85,18.15,18.2,0.0,0.0,700300.0
07/24/2017,19.3,19.85,19.2,19.3,0.0,0.0,541000.0
07/17/2017,18.35,19.3,18.35,19.25,0.0,0.0,455300.0
07/10/2017,17.35,18.65,17.3,18.5,0.0,0.0,373000.0
07/03/2017,17.75,18.5,17.3,17.55,0.0,0.0,342800.0
06/26/2017,17.6,18.21,17.4,17.55,0.0,0.0,521800.0
06/19/2017,17.75,18.0,16.59,17.6,0.0,0.0,649700.0
06/12/2017,18.45,19.0,17.67,17.9,0.0,0.0,520900.0
06/05/2017,18.15,18.62,17.8,18.4,0.0,0.0,421600.0
05/29/2017,18.95,19.0,17.85,18.1,0.0,0.0,315100.0
05/22/2017,18.6,19.1,18.2,18.85,0.0,0.0,477000.0
05/15/2017,19.13,19.3,18.0,18.6,0.0,0.0,689600.0
05/08/2017,19.25,19.45,18.63,19.2,0.0,0.0,591300.0
05/01/2017,19.75,20.55,18.74,19.3,0.0,0.0,1170900.0
04/24/2017,19.75,19.9,19.24,19.75,0.0,0.0,737300.0
04/17/2017,19.15,19.7,19.05,19.65,0.0,0.0,399100.0
04/10/2017,19.7,20.0,19.15,19.15,0.0,0.0,438800.0
04/03/2017,20.0,20.15,19.25,19.65,0.0,0.0,531400.0
03/27/2017,18.7,20.13,18.5,20.0,0.0,0.0,965700.0
03/20/2017,19.0,19.75,18.7,18.7,0.0,0.0,1100100.0
03/13/2017,18.7,19.35,18.25,19.0,0.0,0.0,2845400.0
03/06/2017,18.85,19.45,18.35,18.8,0.0,0.0,938700.0
02/27/2017,19.95,20.17,18.75,18.9,0.0,0.0,957600.0
02/20/2017,19.0,20.0,18.76,20.0,0.0,0.0,814100.0
02/13/2017,19.15,19.7,18.45,18.7,0.0,0.0,2182700.0
02/06/2017,19.75,19.8,18.6,19.15,0.0,0.0,589400.0
01/30/2017,19.35,20.9,18.76,19.85,0.0,0.0,1737100.0
01/23/2017,18.55,19.68,18.05,19.23,0.0,0.0,1052700.0
01/16/2017,17.6,18.7,17.6,18.55,0.0,0.0,390800.0
01/09/2017,17.8,18.0,17.16,17.65,0.0,0.0,521600.0
01/02/2017,18.55,19.15,17.9,18.05,0.0,0.0,620000.0
12/26/2016,17.3,18.35,16.95,18.35,0.0,0.0,776300.0
12/19/2016,18.0,18.0,16.95,17.3,0.0,0.0,723900.0
12/12/2016,18.15,18.9,17.65,17.95,0.0,0.0,1786100.0
12/05/2016,16.45,18.15,16.05,18.0,0.0,0.0,910400.0
11/28/2016,17.35,17.44,15.9,16.45,0.0,0.0,803600.0
11/21/2016,18.0,18.29,16.5,17.4,0.0,0.0,496700.0
11/14/2016,17.0,18.4,16.7,17.95,0.0,0.0,702000.0
11/07/2016,16.65,16.95,15.58,16.85,0.0,0.0,732000.0
10/31/2016,19.95,20.15,16.5,16.6,0.0,0.0,1436800.0
10/24/2016,20.9,20.9,19.46,19.93,0.0,0.0,1110300.0
10/17/2016,20.78,22.88,20.01,20.97,0.0,0.0,1752300.0
10/10/2016,20.16,21.25,20.16,20.78,0.0,0.0,524700.0
10/03/2016,19.95,20.49,19.66,20.15,0.0,0.0,540500.0
09/26/2016,20.69,20.83,19.7,20.04,0.0,0.0,500000.0
09/19/2016,20.2,21.21,19.88,20.69,0.0,0.0,597400.0
09/12/2016,19.6,20.71,18.84,20.03,0.0,0.0,1073400.0
09/05/2016,20.12,20.32,19.4,19.6,0.0,0.0,722900.0
08/29/2016,20.45,20.94,19.32,20.19,0.0,0.0,727400.0
08/22/2016,20.78,21.21,20.17,20.53,0.0,0.0,523500.0
08/15/2016,20.82,21.49,20.38,20.91,0.0,0.0,836200.0
08/08/2016,20.9,21.19,19.44,20.93,0.0,0.0,1019600.0
08/01/2016,22.91,22.97,20.25,20.73,0.0,0.0,1083800.0
07/25/2016,24.88,25.38,20.84,22.46,0.0,0.0,1699000.0
07/18/2016,23.92,25.09,23.5,24.88,0.0,0.0,629600.0
07/11/2016,24.07,24.81,23.56,23.99,0.0,0.0,852200.0
07/04/2016,23.59,24.21,23.01,23.82,0.0,0.0,527000.0
06/27/2016,22.7,24.28,21.57,23.86,0.0,0.0,1151200.0
06/20/2016,22.53,23.61,22.07,22.71,0.0,0.0,826200.0
06/13/2016,21.51,22.15,20.38,21.77,0.0,0.0,1120500.0
06/06/2016,22.64,23.14,21.5,21.74,0.0,0.0,858300.0
05/30/2016,21.88,22.93,21.76,22.4,0.0,0.0,586800.0
05/23/2016,21.78,22.29,21.25,21.91,0.0,0.0,585100.0
05/16/2016,22.36,22.75,20.8,21.98,0.0,0.0,756100.0
05/09/2016,22.77,23.05,21.26,22.37,0.0,0.0,781100.0
05/02/2016,23.76,23.76,21.69,22.96,0.0,0.0,840000.0
04/25/2016,23.4,24.25,22.53,23.6,0.0,0.0,937100.0
04/18/2016,20.0,23.52,19.98,23.41,0.0,0.0,810400.0
04/11/2016,20.35,21.21,19.9,20.08,0.0,0.0,478900.0
04/04/2016,19.87,20.79,19.2,20.27,0.0,0.0,566900.0
03/28/2016,20.4,21.11,19.11,20.2,0.0,0.0,883400.0
03/21/2016,20.81,21.27,19.0,20.14,0.0,0.0,564400.0
03/14/2016,16.85,21.43,16.8,20.78,0.0,0.0,1583600.0
03/07/2016,16.53,17.77,16.13,16.83,0.0,0.0,1112000.0
02/29/2016,15.2,17.52,14.97,16.45,0.0,0.0,1926900.0
02/22/2016,15.55,16.27,14.0,15.2,0.0,0.0,1605700.0
02/15/2016,15.45,16.27,14.47,15.13,0.0,0.0,816200.0
02/08/2016,16.01,17.29,13.89,14.67,0.0,0.0,734900.0
02/01/2016,17.16,17.88,15.76,16.33,0.0,0.0,713900.0
01/25/2016,16.29,18.09,15.79,17.46,0.0,0.0,890000.0
01/18/2016,16.9,18.03,13.27,16.69,0.0,0.0,1351400.0
01/11/2016,19.75,19.75,16.51,16.85,0.0,0.0,1009700.0
01/04/2016,21.9,22.73,18.55,19.89,0.0,0.0,1022000.0
12/28/2015,20.2,21.89,20.09,21.7,0.0,0.0,774600.0
12/21/2015,19.0,21.26,18.63,20.55,0.0,0.0,729500.0
12/14/2015,18.8,19.99,18.08,19.15,0.0,0.0,2182700.0
12/07/2015,21.01,22.42,18.38,18.62,0.0,0.0,1454200.0
11/30/2015,25.98,26.5,20.46,21.43,0.0,0.0,1624200.0
11/23/2015,25.12,26.31,24.35,26.0,0.0,0.0,329700.0
11/16/2015,25.6,27.57,24.63,24.96,0.0,0.0,636800.0
11/09/2015,28.07,28.48,25.08,25.68,0.0,0.0,674300.0
11/02/2015,28.6,29.81,27.34,27.69,0.0,0.0,682600.0
10/26/2015,28.29,29.4,26.44,28.95,0.0,0.0,474300.0
10/19/2015,29.08,29.5,28.1,28.33,0.0,0.0,452400.0
10/12/2015,28.87,29.9,27.78,29.43,0.0,0.0,390200.0
10/05/2015,27.69,29.32,27.62,28.77,0.0,0.0,908900.0
09/28/2015,26.29,28.15,23.08,27.7,0.0,0.0,1065700.0
09/21/2015,28.13,29.13,26.1,26.35,0.0,0.0,562100.0
09/14/2015,27.52,28.93,27.21,27.85,0.0,0.0,664000.0
09/07/2015,27.4,28.48,27.2,27.4,0.0,0.0,348100.0
08/31/2015,26.43,27.78,26.13,27.41,0.0,0.0,553800.0
08/24/2015,23.26,27.06,23.05,26.92,0.0,0.0,780800.0
08/17/2015,28.18,28.66,24.28,25.19,0.0,0.0,935000.0
08/10/2015,27.14,29.45,27.05,28.34,0.0,0.0,640400.0
08/03/2015,30.43,30.97,26.18,27.29,0.0,0.0,1242800.0
07/27/2015,30.82,32.86,30.36,30.67,0.0,0.0,636000.0
07/20/2015,31.53,32.18,30.6,31.25,0.0,0.0,533400.0
07/13/2015,31.66,33.0,31.25,31.6,0.0,0.0,628600.0
07/06/2015,32.22,33.24,31.28,31.62,0.0,0.0,793400.0
06/29/2015,31.69,32.86,30.35,32.57,0.0,0.0,902700.0
06/22/2015,31.26,33.5,31.22,31.75,0.0,0.0,574900.0
06/15/2015,32.7,32.71,30.36,31.02,0.0,0.0,1787600.0
06/08/2015,34.44,34.93,33.02,33.2,0.0,0.0,405700.0
06/01/2015,35.27,35.36,34.01,34.42,0.0,0.0,491400.0
05/25/2015,35.3,35.61,33.8,35.24,0.0,0.0,345800.0
05/18/2015,35.61,36.0,34.78,35.33,0.0,0.0,333900.0
05/11/2015,35.54,36.23,34.31,35.43,0.0,0.0,500400.0
05/04/2015,38.32,38.61,34.81,35.63,0.0,0.0,833100.0
04/27/2015,36.91,38.5,36.29,38.03,0.0,0.0,801900.0
04/20/2015,36.44,36.98,35.84,36.55,0.0,0.0,732600.0
04/13/2015,36.06,36.87,35.27,36.41,0.0,0.0,862100.0
04/06/2015,36.02,36.39,35.51,35.75,0.0,0.0,927700.0
03/30/2015,34.12,36.53,33.71,36.0,0.0,0.0,1449300.0
03/23/2015,34.71,34.91,33.25,33.98,0.0,0.0,618400.0
03/16/2015,32.29,34.71,32.07,34.71,0.0,0.0,1194200.0
03/09/2015,34.58,34.97,31.32,32.29,0.0,0.0,698800.0
03/02/2015,32.11,35.14,31.49,34.56,0.0,0.0,990500.0
02/23/2015,30.57,32.58,29.29,32.04,0.0,0.0,870500.0
02/16/2015,30.11,31.08,29.61,30.34,0.0,0.0,421800.0
02/09/2015,30.67,31.15,28.64,30.17,0.0,0.0,612600.0
02/02/2015,30.6,32.52,29.0,30.85,0.0,0.0,940500.0
01/26/2015,31.32,32.03,29.15,30.01,0.0,0.0,649500.0
01/19/2015,27.27,31.35,27.27,30.67,0.0,0.0,785100.0
01/12/2015,27.3,27.55,24.02,27.37,0.0,0.0,917700.0
01/05/2015,29.26,29.28,26.6,27.55,0.0,0.0,774700.0
12/29/2014,27.46,29.58,26.8,29.3,0.0,0.0,1102100.0
12/22/2014,28.0,28.57,27.1,27.59,0.0,0.0,772800.0
12/15/2014,28.7,30.75,25.8,27.97,0.0,0.0,2091500.0
12/08/2014,32.25,32.89,28.16,28.91,0.0,0.0,1471600.0
12/01/2014,35.12,35.17,32.66,32.89,0.0,0.0,1025400.0
11/24/2014,35.55,35.66,34.13,35.03,0.0,0.0,965900.0
11/17/2014,35.0,37.18,34.44,35.5,0.0,0.0,2704100.0
11/10/2014,34.74,35.08,33.75,34.83,0.0,0.0,934200.0
11/03/2014,35.92,35.92,33.33,34.61,0.0,0.0,802900.0
10/27/2014,36.75,36.75,34.69,35.12,0.0,0.0,911700.0
10/20/2014,34.7,36.97,34.54,36.88,0.0,0.0,1052000.0
10/13/2014,35.0,36.45,30.4,34.54,0.0,0.0,2150200.0
10/06/2014,37.12,37.28,32.72,34.97,0.0,0.0,1765500.0
09/29/2014,37.01,37.5,36.69,37.1,0.0,0.0,887100.0
09/22/2014,38.16,39.55,36.52,37.35,0.0,0.0,4064700.0
09/15/2014,37.1,38.55,36.33,38.21,0.0,0.0,1507400.0
09/08/2014,38.49,39.12,36.77,37.04,0.0,0.0,912000.0
09/01/2014,39.29,39.41,38.27,38.41,0.0,0.0,433900.0
08/25/2014,39.7,41.44,38.59,39.28,0.0,0.0,611900.0
08/18/2014,40.82,40.95,38.93,39.23,0.0,0.0,663000.0
08/11/2014,36.86,41.25,36.86,40.64,0.0,0.0,1147800.0
08/04/2014,39.33,39.94,35.75,36.3,0.0,0.0,1118600.0
07/28/2014,41.22,41.38,38.77,39.34,0.0,0.0,624200.0
07/21/2014,41.19,41.21,40.8,41.14,0.0,0.0,493800.0
07/14/2014,40.78,41.23,40.53,41.08,0.0,0.0,449200.0
07/07/2014,41.15,41.2,40.26,40.85,0.0,0.0,449700.0
06/30/2014,41.1,41.64,40.87,41.15,0.0,0.0,293800.0
06/23/2014,40.87,41.86,40.76,41.01,0.0,0.0,684400.0
06/16/2014,40.35,41.23,40.03,40.82,0.0,0.0,634900.0
06/09/2014,40.57,40.63,39.31,40.28,0.0,0.0,454800.0
06/02/2014,40.64,40.9,39.25,40.63,0.0,0.0,394000.0
05/26/2014,40.4,40.72,39.75,40.64,0.0,0.0,319900.0
05/19/2014,40.7,40.72,39.7,40.3,0.0,0.0,403900.0
05/12/2014,41.2,41.29,39.22,40.43,0.0,0.0,874300.0
05/05/2014,41.91,43.25,40.81,41.0,0.0,0.0,3385100.0
04/28/2014,41.25,42.89,41.15,42.35,0.0,0.0,304300.0
04/21/2014,41.75,42.41,41.0,41.42,0.0,0.0,219700.0
04/14/2014,42.03,42.33,41.75,41.97,0.0,0.0,201500.0
04/07/2014,42.37,42.6,40.67,41.91,0.0,0.0,201800.0
03/31/2014,42.93,43.48,42.15,42.46,0.0,0.0,402500.0
03/24/2014,41.75,43.14,41.36,42.93,0.0,0.0,329300.0
03/17/2014,43.57,43.89,40.28,41.86,0.0,0.0,540200.0
03/10/2014,43.11,43.78,42.26,42.73,0.0,0.0,185000.0
03/03/2014,42.05,43.98,42.0,43.3,0.0,0.0,199100.0
02/24/2014,44.05,44.05,42.06,42.07,0.0,0.0,287600.0
02/17/2014,43.76,44.1,43.39,43.79,0.0,0.0,574300.0
02/10/2014,43.89,44.23,43.2,43.59,0.0,0.0,490700.0
02/03/2014,43.4,43.99,41.55,43.71,0.0,0.0,619500.0
01/27/2014,43.5,44.36,42.6,43.42,0.0,0.0,234100.0
01/20/2014,42.95,43.91,42.95,43.45,0.0,0.0,470100.0
01/13/2014,42.98,43.48,42.6,42.9,0.0,0.0,284000.0
01/06/2014,43.55,43.73,42.5,43.13,0.0,0.0,294400.0
12/30/2013,42.5,43.85,42.19,43.23,0.0,0.0,276600.0
12/23/2013,41.64,42.52,40.85,42.23,0.0,0.0,246500.0
12/16/2013,41.9,43.19,40.51,41.47,0.0,0.0,374900.0
12/09/2013,42.89,43.75,41.01,41.92,0.0,0.0,472900.0
12/02/2013,45.28,45.64,40.31,42.65,0.0,0.0,531700.0
11/25/2013,45.67,45.87,44.76,44.91,0.0,0.0,159700.0
11/18/2013,46.38,46.88,45.21,45.78,0.0,0.0,218300.0
11/11/2013,46.31,46.82,46.0,46.52,0.0,0.0,196800.0
11/04/2013,47.45,48.19,46.0,46.29,0.0,0.0,300300.0
10/28/2013,48.5,48.74,46.56,46.99,0.0,0.0,290900.0
10/21/2013,47.69,48.9,47.32,48.38,0.0,0.0,353100.0
10/14/2013,46.0,48.33,46.0,47.96,0.0,0.0,291000.0
10/07/2013,46.8,47.81,46.13,46.17,0.0,0.0,172700.0
09/30/2013,46.7,47.63,45.65,46.86,0.0,0.0,214100.0
09/23/2013,45.24,47.5,44.55,46.87,0.0,0.0,172600.0
09/16/2013,44.33,46.3,44.04,44.67,0.0,0.0,328700.0
09/09/2013,43.87,45.26,43.87,44.34,0.0,0.0,176700.0
09/02/2013,45.93,45.93,43.8,44.23,0.0,0.0,134800.0
08/26/2013,45.25,46.34,45.01,45.49,0.0,0.0,267100.0
08/19/2013,46.05,46.3,44.4,45.42,0.0,0.0,349200.0
08/12/2013,43.36,48.6,42.02,45.82,0.0,0.0,1222100.0
08/05/2013,43.02,44.0,41.78,43.57,0.0,0.0,400500.0
07/29/2013,46.61,47.05,42.76,43.5,0.0,0.0,519500.0
07/22/2013,45.9,46.99,45.55,46.62,0.0,0.0,281900.0
07/15/2013,45.84,47.4,45.41,46.2,0.0,0.0,411400.0
07/08/2013,45.5,47.0,45.25,46.05,0.0,0.0,384900.0
07/01/2013,44.26,45.5,43.93,45.39,0.0,0.0,278100.0
06/24/2013,42.65,45.09,40.57,44.09,0.0,0.0,630100.0
06/17/2013,43.25,44.33,42.09,43.02,0.0,0.0,720200.0
06/10/2013,41.85,43.64,41.54,42.93,0.0,0.0,443800.0
06/03/2013,41.25,42.13,39.58,41.77,0.0,0.0,668900.0
05/27/2013,45.97,46.25,40.26,41.06,0.0,0.0,1165100.0
05/20/2013,44.93,46.37,43.21,45.79,0.0,0.0,722900.0
05/13/2013,44.4,45.67,43.6,44.9,0.0,0.0,693100.0
05/06/2013,40.99,44.78,40.53,44.06,0.0,0.0,1054400.0
04/29/2013,41.23,41.89,40.88,41.56,0.0,0.0,501900.0
04/22/2013,40.49,41.9,40.09,40.75,0.0,0.0,464000.0
04/15/2013,38.8,40.5,37.68,40.21,0.0,0.0,616900.0
04/08/2013,38.64,39.77,38.4,39.2,0.0,0.0,568100.0
04/01/2013,38.61,39.27,37.09,38.81,0.0,0.0,653900.0
03/25/2013,37.68,39.13,36.81,38.52,0.0,0.0,649200.0
03/18/2013,34.67,37.58,34.67,37.44,0.0,0.0,565900.0
03/11/2013,35.53,36.41,34.66,34.98,0.0,0.0,615800.0
03/04/2013,34.78,35.59,34.36,35.38,0.0,0.0,615600.0
02/25/2013,34.5,34.98,33.75,34.77,0.0,0.0,449900.0
02/18/2013,34.73,35.51,33.71,34.32,0.0,0.0,626700.0
02/11/2013,34.5,35.33,34.24,34.75,0.0,0.0,561300.0
02/04/2013,35.0,35.22,33.59,34.34,0.0,0.0,669100.0
01/28/2013,34.5,35.43,34.16,34.96,0.0,0.0,746400.0
01/21/2013,34.0,34.88,33.4,34.3,0.0,0.0,554400.0
01/14/2013,33.25,33.99,32.72,33.97,0.0,0.0,507500.0
01/07/2013,33.26,33.41,32.03,33.15,0.0,0.0,770900.0
12/31/2012,30.51,33.0,30.5,32.85,0.0,0.0,749000.0
12/24/2012,31.6,31.71,30.29,30.53,0.0,0.0,421100.0
12/17/2012,30.77,31.74,30.03,31.72,0.0,0.0,1008500.0
12/10/2012,30.45,30.98,30.03,30.6,0.0,0.0,801200.0
12/03/2012,31.1,31.25,30.07,30.33,0.0,0.0,778500.0
11/26/2012,31.29,31.35,30.25,30.82,0.0,0.0,1006900.0
11/19/2012,32.5,33.27,30.9,31.27,0.0,0.0,2254000.0
11/12/2012,34.07,34.1,30.24,31.5,0.0,0.0,605400.0
11/05/2012,35.9,36.0,33.23,33.48,0.0,0.0,287100.0
10/29/2012,35.25,35.98,35.2,35.6,0.0,0.0,117900.0
10/22/2012,34.5,35.29,34.0,35.2,0.0,0.0,193200.0
10/15/2012,35.63,35.9,34.25,34.53,0.0,0.0,211800.0
10/08/2012,35.34,35.74,34.9,35.25,0.0,0.0,183300.0
10/01/2012,34.16,36.72,34.16,35.13,0.0,0.0,490100.0
09/24/2012,34.77,35.65,34.0,34.37,0.0,0.0,222600.0
09/17/2012,34.88,35.45,34.38,34.98,0.0,0.0,215200.0
09/10/2012,34.05,34.98,33.68,34.77,0.0,0.0,229800.0
09/03/2012,33.9,34.35,33.61,33.91,0.0,0.0,201900.0
08/27/2012,33.26,34.13,33.0,34.02,0.0,0.0,199800.0
08/20/2012,33.92,34.0,32.39,33.25,0.0,0.0,312100.0
08/13/2012,33.42,35.21,33.41,33.92,0.0,0.0,243100.0
08/06/2012,33.55,34.5,33.0,33.72,0.0,0.0,268000.0
07/30/2012,34.89,35.65,33.12,34.44,0.0,0.0,383600.0
07/23/2012,33.86,34.99,33.0,34.87,0.0,0.0,226600.0
07/16/2012,35.17,35.49,34.32,34.5,0.0,0.0,219200.0
07/09/2012,34.1,35.37,33.81,34.99,0.0,0.0,234800.0
07/02/2012,32.68,34.56,32.53,34.14,0.0,0.0,176000.0
06/25/2012,30.84,33.22,30.3,32.74,0.0,0.0,181700.0
06/18/2012,31.04,31.77,30.25,30.65,0.0,0.0,333100.0
06/11/2012,32.24,32.43,31.0,31.12,0.0,0.0,221100.0
06/04/2012,30.0,32.75,29.46,32.16,0.0,0.0,269700.0
05/28/2012,32.7,33.3,29.76,30.03,0.0,0.0,318300.0
05/21/2012,32.0,33.88,32.0,32.54,0.0,0.0,232400.0
05/14/2012,32.67,33.79,31.23,32.0,0.0,0.0,420400.0
05/07/2012,33.74,33.88,32.26,33.08,0.0,0.0,313700.0
04/30/2012,34.27,35.75,33.08,33.75,0.0,0.0,447500.0
04/23/2012,33.31,34.74,33.28,34.22,0.0,0.0,232800.0
04/16/2012,33.95,34.16,32.82,33.63,0.0,0.0,277200.0
04/09/2012,34.23,34.53,32.66,33.93,0.0,0.0,258300.0
04/02/2012,33.7,35.03,33.5,34.69,0.0,0.0,229700.0
03/26/2012,34.62,35.1,33.36,33.78,0.0,0.0,359000.0
03/19/2012,35.93,36.29,34.2,34.55,0.0,0.0,439100.0
03/12/2012,33.73,36.0,33.25,35.76,0.0,0.0,653500.0
03/05/2012,35.0,35.0,32.77,33.71,0.0,0.0,500200.0
02/27/2012,35.99,36.48,34.62,34.98,0.0,0.0,512300.0
02/20/2012,36.01,36.15,35.25,36.1,0.0,0.0,261700.0
02/13/2012,34.36,35.9,34.34,35.85,0.0,0.0,332200.0
02/06/2012,35.24,35.8,34.0,34.34,0.0,0.0,314400.0
01/30/2012,36.32,36.5,35.25,35.42,0.0,0.0,520000.0
01/23/2012,36.15,36.59,35.75,36.52,0.0,0.0,640900.0
01/16/2012,36.68,37.91,35.88,36.15,0.0,0.0,870500.0
01/09/2012,37.38,37.53,35.66,36.42,0.0,0.0,213700.0
01/02/2012,34.85,37.69,34.18,37.2,0.0,0.0,310800.0
12/26/2011,34.79,34.82,33.76,34.44,0.0,0.0,166400.0
12/19/2011,32.85,34.72,32.62,34.65,0.0,0.0,251600.0
12/12/2011,33.26,33.62,32.2,32.63,0.0,0.0,229100.0
12/05/2011,33.02,33.97,32.62,33.26,0.0,0.0,242300.0
11/28/2011,33.59,34.39,31.75,32.85,0.0,0.0,436900.0
11/21/2011,34.96,35.34,33.01,33.09,0.0,0.0,136200.0
11/14/2011,34.37,35.83,34.25,35.52,0.0,0.0,229400.0
11/07/2011,33.96,34.89,33.0,33.73,0.0,0.0,254900.0
10/31/2011,35.56,36.19,33.96,33.98,0.0,0.0,294200.0
10/24/2011,35.25,36.48,34.78,36.22,0.0,0.0,270900.0
10/17/2011,34.25,35.65,33.38,34.85,0.0,0.0,222900.0
10/10/2011,30.99,34.35,30.77,34.08,0.0,0.0,323300.0
10/03/2011,32.13,32.42,28.01,30.76,0.0,0.0,537800.0
09/26/2011,33.77,33.8,32.49,32.49,0.0,0.0,319800.0
09/19/2011,34.89,36.18,33.18,33.65,0.0,0.0,301600.0
09/12/2011,34.11,35.57,33.87,34.95,0.0,0.0,196800.0
09/05/2011,34.75,35.71,33.38,34.83,0.0,0.0,176700.0
08/29/2011,36.0,36.54,35.02,35.18,0.0,0.0,344000.0
08/22/2011,36.16,36.16,34.2,35.55,0.0,0.0,317700.0
08/15/2011,35.2,36.42,34.63,35.16,0.0,0.0,432500.0
08/08/2011,29.1,37.36,27.0,34.63,0.0,0.0,884100.0
08/01/2011,38.59,39.34,29.76,31.6,0.0,0.0,682700.0
07/25/2011,38.95,39.14,37.5,38.38,0.0,0.0,220300.0
07/18/2011,39.77,40.25,38.65,39.1,0.0,0.0,211500.0
07/11/2011,38.51,40.16,38.03,40.05,0.0,0.0,256400.0
07/04/2011,38.6,39.5,38.43,38.94,0.0,0.0,173000.0
06/27/2011,37.53,38.74,37.15,38.3,0.0,0.0,218300.0
06/20/2011,36.51,37.87,35.8,37.72,0.0,0.0,351800.0
06/13/2011,38.73,38.92,36.6,36.72,0.0,0.0,353900.0
06/06/2011,39.59,39.75,38.05,38.67,0.0,0.0,223800.0
05/30/2011,39.0,40.17,37.87,39.58,0.0,0.0,383100.0
05/23/2011,37.46,39.24,37.0,38.75,0.0,0.0,488300.0
05/16/2011,37.38,38.62,35.36,37.81,0.0,0.0,553200.0
05/09/2011,37.79,38.94,37.0,37.3,0.0,0.0,557200.0
05/02/2011,41.73,41.73,36.85,37.6,0.0,0.0,786600.0
04/25/2011,40.25,41.74,39.94,41.44,0.0,0.0,406500.0
04/18/2011,40.4,40.4,39.69,40.28,0.0,0.0,217300.0
04/11/2011,40.04,40.39,38.92,40.29,0.0,0.0,353800.0
04/04/2011,39.91,40.69,39.7,40.08,0.0,0.0,409300.0
03/28/2011,40.06,40.3,39.43,39.91,0.0,0.0,398100.0
03/21/2011,39.57,40.45,39.11,40.1,0.0,0.0,453400.0
03/14/2011,38.58,39.57,37.59,39.29,0.0,0.0,586900.0
03/07/2011,39.75,39.89,36.36,38.01,0.0,0.0,566900.0
02/28/2011,39.28,39.81,38.42,39.62,0.0,0.0,400600.0
02/21/2011,39.53,39.99,36.92,39.04,0.0,0.0,566100.0
02/14/2011,39.94,40.16,39.51,39.81,0.0,0.0,350700.0
02/07/2011,40.01,40.24,39.3,39.51,0.0,0.0,708500.0
01/31/2011,42.06,42.64,39.45,40.1,0.0,0.0,890300.0
01/24/2011,39.92,42.35,39.92,41.68,0.0,0.0,279700.0
01/17/2011,41.77,42.06,38.15,39.59,0.0,0.0,461300.0
01/10/2011,40.48,42.56,40.28,41.95,0.0,0.0,322300.0
01/03/2011,39.54,40.86,39.53,40.22,0.0,0.0,247900.0
12/27/2010,38.15,39.54,38.03,39.37,0.0,0.0,164300.0
12/20/2010,36.8,38.33,36.8,38.19,0.0,0.0,179600.0
12/13/2010,37.45,38.4,36.66,36.75,0.0,0.0,309000.0
12/06/2010,37.0,37.38,36.73,37.34,0.0,0.0,185900.0
11/29/2010,36.83,37.79,36.18,37.1,0.0,0.0,320900.0
11/22/2010,35.43,37.5,35.43,36.66,0.0,0.0,511000.0
11/15/2010,35.19,35.82,34.42,35.47,0.0,0.0,316100.0
11/08/2010,34.99,35.99,34.76,35.4,0.0,0.0,293700.0
11/01/2010,34.39,35.63,34.08,35.1,0.0,0.0,431200.0
10/25/2010,33.4,34.39,33.4,34.39,0.0,0.0,244700.0
10/18/2010,33.69,33.78,33.1,33.39,0.0,0.0,224400.0
10/11/2010,33.22,33.72,32.93,33.53,0.0,0.0,273900.0
10/04/2010,33.36,33.6,32.52,33.22,0.0,0.0,286300.0
09/27/2010,31.83,33.41,31.83,33.41,0.0,0.0,264700.0
09/20/2010,31.38,31.99,31.14,31.89,0.0,0.0,262100.0
09/13/2010,31.18,31.49,30.54,31.12,0.0,0.0,273000.0
09/06/2010,30.45,31.24,30.31,30.94,0.0,0.0,186000.0
08/30/2010,29.85,31.1,29.42,30.65,0.0,0.0,416500.0
08/23/2010,29.73,29.8,28.92,29.78,0.0,0.0,361000.0
08/16/2010,29.0,30.17,28.99,29.49,0.0,0.0,493700.0
08/09/2010,32.75,33.0,28.6,29.12,0.0,0.0,1056100.0
08/02/2010,33.3,33.95,30.83,32.24,0.0,0.0,581100.0
07/26/2010,32.87,33.46,32.17,33.17,0.0,0.0,335200.0
07/19/2010,32.45,33.1,31.64,32.92,0.0,0.0,356600.0
07/12/2010,31.89,32.46,31.16,32.45,0.0,0.0,263100.0
07/05/2010,30.05,31.89,30.0,31.85,0.0,0.0,193600.0
06/28/2010,30.47,31.4,29.7,30.05,0.0,0.0,296800.0
06/21/2010,30.41,30.47,29.57,30.37,0.0,0.0,216100.0
06/14/2010,28.61,30.41,28.31,30.32,0.0,0.0,265800.0
06/07/2010,29.33,29.33,27.56,28.75,0.0,0.0,276900.0
05/31/2010,29.44,29.94,28.8,29.35,0.0,0.0,122100.0
05/24/2010,27.25,29.75,27.11,29.61,0.0,0.0,255300.0
05/17/2010,30.54,31.0,26.08,27.35,0.0,0.0,441300.0
05/10/2010,29.6,31.6,29.03,30.15,0.0,0.0,404000.0
05/03/2010,32.5,32.55,25.51,29.0,0.0,0.0,680200.0
04/26/2010,32.38,32.48,31.86,32.4,0.0,0.0,338900.0
04/19/2010,31.0,32.38,30.58,32.38,0.0,0.0,319700.0
04/12/2010,30.68,31.2,30.44,30.9,0.0,0.0,217000.0
04/05/2010,30.66,30.66,30.01,30.56,0.0,0.0,232800.0
03/29/2010,30.6,31.25,30.1,30.3,0.0,0.0,200100.0
03/22/2010,30.75,31.34,29.87,30.1,0.0,0.0,296600.0
03/15/2010,31.73,31.73,30.26,30.75,0.0,0.0,225500.0
03/08/2010,31.7,32.08,31.03,31.55,0.0,0.0,280800.0
03/01/2010,31.85,32.14,31.3,31.85,0.0,0.0,292400.0
02/22/2010,31.52,31.89,31.03,31.63,0.0,0.0,214600.0
02/15/2010,31.5,31.9,31.26,31.63,0.0,0.0,230600.0
02/08/2010,29.53,31.34,29.03,31.3,0.0,0.0,355600.0
02/01/2010,33.63,34.4,27.75,29.34,0.0,0.0,1197500.0
01/25/2010,33.98,34.1,32.59,33.18,0.0,0.0,228700.0
01/18/2010,33.11,34.01,32.6,33.73,0.0,0.0,104000.0
01/11/2010,32.72,33.98,32.53,33.4,0.0,0.0,158100.0
01/04/2010,31.89,33.3,31.36,32.84,0.0,0.0,197800.0
12/28/2009,30.8,31.94,30.33,31.48,0.0,0.0,115800.0
12/21/2009,29.2,30.81,29.2,30.61,0.0,0.0,137300.0
12/14/2009,28.87,30.27,28.55,29.0,0.0,0.0,259300.0
12/07/2009,27.5,28.7,27.5,28.54,0.0,0.0,152400.0
11/30/2009,26.38,27.5,26.0,27.47,0.0,0.0,182500.0
11/23/2009,27.05,27.7,26.08,26.5,0.0,0.0,114500.0
11/16/2009,27.07,27.94,26.53,26.63,0.0,0.0,155100.0
11/09/2009,25.01,27.1,25.01,26.97,0.0,0.0,202500.0
11/02/2009,27.95,28.9,26.12,26.12,0.0,0.0,241800.0
10/26/2009,28.75,28.93,26.75,27.88,0.0,0.0,233700.0
10/19/2009,27.12,28.5,27.07,28.35,0.0,0.0,156000.0
10/12/2009,27.5,27.99,26.9,27.14,0.0,0.0,133600.0
10/05/2009,26.92,27.73,26.55,27.5,0.0,0.0,82400.0
09/28/2009,26.96,27.29,26.01,26.81,0.0,0.0,122300.0
09/21/2009,26.59,27.44,26.38,26.71,0.0,0.0,96100.0
09/14/2009,25.4,26.75,25.11,26.7,0.0,0.0,153900.0
09/07/2009,25.0,25.5,24.83,25.37,0.0,0.0,77300.0
08/31/2009,24.5,24.89,23.16,24.86,0.0,0.0,145400.0
08/24/2009,25.28,25.4,22.67,24.75,0.0,0.0,203700.0
08/17/2009,24.95,25.5,23.78,25.4,0.0,0.0,200000.0
08/10/2009,26.05,26.05,24.25,24.97,0.0,0.0,189300.0
08/03/2009,27.48,28.51,24.99,25.9,0.0,0.0,293500.0
07/27/2009,27.2,27.5,26.0,27.22,0.0,0.0,248000.0
07/20/2009,23.0,27.13,23.0,27.1,0.0,0.0,557000.0
07/13/2009,22.47,22.95,21.41,22.88,0.0,0.0,174200.0
07/06/2009,20.99,21.8,20.25,21.6,0.0,0.0,144300.0
06/29/2009,20.05,21.02,20.0,20.71,0.0,0.0,63300.0
06/22/2009,20.45,21.26,19.25,20.25,0.0,0.0,131500.0
06/15/2009,21.52,22.0,20.0,20.34,0.0,0.0,159400.0
06/08/2009,20.25,22.58,19.98,21.84,0.0,0.0,328200.0
06/01/2009,19.04,20.3,18.75,20.2,0.0,0.0,227400.0
05/25/2009,17.96,19.17,17.96,18.9,0.0,0.0,148700.0
05/18/2009,18.36,18.99,17.64,17.96,0.0,0.0,147300.0
05/11/2009,18.2,18.66,17.23,17.79,0.0,0.0,158400.0
05/04/2009,19.75,20.6,17.73,18.09,0.0,0.0,330500.0
04/27/2009,18.6,19.9,18.2,19.3,0.0,0.0,225700.0
04/20/2009,19.45,19.45,18.07,18.86,0.0,0.0,145000.0
04/13/2009,18.57,19.44,18.25,18.95,0.0,0.0,165000.0
04/06/2009,19.25,19.82,17.55,18.55,0.0,0.0,118000.0
03/30/2009,17.81,20.0,17.35,19.5,0.0,0.0,125100.0
03/23/2009,17.9,18.69,17.5,18.32,0.0,0.0,84600.0
03/16/2009,17.31,18.9,16.13,17.55,0.0,0.0,112200.0
03/09/2009,15.8,17.82,14.48,16.84,0.0,0.0,161100.0
03/02/2009,17.96,18.93,13.76,15.73,0.0,0.0,214600.0
02/23/2009,15.85,18.97,15.3,18.61,0.0,0.0,122100.0
02/16/2009,20.33,20.33,15.06,15.87,0.0,0.0,222300.0
02/09/2009,19.26,20.63,18.46,19.69,0.0,0.0,96900.0
02/02/2009,20.05,21.84,18.25,19.74,0.0,0.0,122100.0
01/26/2009,18.47,21.14,17.69,20.59,0.0,0.0,178600.0
01/19/2009,19.29,19.48,17.25,18.5,0.0,0.0,97600.0
01/12/2009,19.71,19.71,18.25,18.62,0.0,0.0,98600.0
01/05/2009,16.93,21.48,16.85,19.75,0.0,0.0,227900.0
12/29/2008,15.2,16.97,14.25,16.6,0.0,0.0,153800.0
12/22/2008,14.75,15.8,14.26,14.94,0.0,0.0,139800.0
12/15/2008,14.3,16.24,14.01,14.9,0.0,0.0,168000.0
12/08/2008,15.6,17.51,13.0,14.5,0.0,0.0,267000.0
12/01/2008,18.32,18.32,14.3,14.6,0.0,0.0,187800.0
11/24/2008,13.99,18.0,13.94,17.86,0.0,0.0,155700.0
11/17/2008,19.4,20.1,13.02,13.98,0.0,0.0,393900.0
11/10/2008,23.85,24.75,16.75,19.16,0.0,0.0,233000.0
11/03/2008,25.21,28.69,22.98,23.57,0.0,0.0,205700.0
10/27/2008,21.51,25.28,21.02,24.99,0.0,0.0,115200.0
10/20/2008,21.43,25.85,21.43,22.59,0.0,0.0,259100.0
10/13/2008,14.48,21.5,14.09,20.85,0.0,0.0,255000.0
10/06/2008,20.16,20.23,12.0,13.97,0.0,0.0,417100.0
09/29/2008,21.96,24.12,18.72,20.5,0.0,0.0,201700.0
09/22/2008,23.03,24.0,20.29,21.81,0.0,0.0,153000.0
09/15/2008,24.57,24.74,19.0,23.03,0.0,0.0,408300.0
09/08/2008,30.99,31.0,21.28,24.75,0.0,0.0,632000.0
09/01/2008,31.0,31.43,29.78,30.13,0.0,0.0,81000.0
08/25/2008,29.04,31.35,28.08,31.3,0.0,0.0,96300.0
08/18/2008,29.22,30.26,28.9,29.2,0.0,0.0,34200.0
08/11/2008,29.73,30.7,29.0,29.46,0.0,0.0,62800.0
08/04/2008,30.93,31.2,28.79,30.09,0.0,0.0,100900.0
07/28/2008,31.38,32.6,30.0,31.35,0.0,0.0,92400.0
07/21/2008,30.92,31.78,30.31,31.18,0.0,0.0,81600.0
07/14/2008,31.16,31.54,30.25,30.64,0.0,0.0,61800.0
07/07/2008,32.99,33.11,30.56,31.77,0.0,0.0,66500.0
06/30/2008,32.73,33.97,32.0,32.25,0.0,0.0,44100.0
06/23/2008,32.8,34.59,32.44,32.5,0.0,0.0,61300.0
06/16/2008,33.65,33.95,32.55,32.55,0.0,0.0,56600.0
06/09/2008,32.35,34.18,32.05,33.0,0.0,0.0,134200.0
06/02/2008,34.16,34.93,33.0,33.15,0.0,0.0,62800.0
05/26/2008,36.13,36.13,33.5,34.48,0.0,0.0,86800.0
05/19/2008,36.2,36.6,35.4,35.84,0.0,0.0,65800.0
05/12/2008,34.9,36.55,34.47,36.0,0.0,0.0,83200.0
05/05/2008,34.61,36.73,33.75,34.46,0.0,0.0,100000.0
04/28/2008,35.58,36.46,34.61,34.9,0.0,0.0,73200.0
04/21/2008,33.59,35.52,33.17,35.36,0.0,0.0,61700.0
04/14/2008,32.09,34.92,32.09,33.71,0.0,0.0,55200.0
04/07/2008,33.0,33.59,32.5,32.64,0.0,0.0,52700.0
03/31/2008,30.35,33.94,30.0,32.73,0.0,0.0,163900.0
03/24/2008,31.0,32.5,30.35,30.55,0.0,0.0,147700.0
03/17/2008,31.5,32.0,30.55,31.01,0.0,0.0,131000.0
03/10/2008,34.95,34.95,31.42,31.98,0.0,0.0,113100.0
03/03/2008,34.03,35.59,33.47,34.24,0.0,0.0,78900.0
02/25/2008,33.98,34.62,33.19,33.87,0.0,0.0,96200.0
02/18/2008,34.64,35.83,33.5,33.87,0.0,0.0,87800.0
02/11/2008,35.08,35.43,33.86,34.96,0.0,0.0,98700.0
02/04/2008,36.59,36.59,34.5,34.72,0.0,0.0,75900.0
01/28/2008,34.97,37.2,34.97,35.83,0.0,0.0,191000.0
01/21/2008,33.86,35.2,31.02,34.98,0.0,0.0,173900.0
01/14/2008,35.26,36.47,33.24,33.86,0.0,0.0,94300.0
01/07/2008,35.75,36.64,34.82,35.84,0.0,0.0,75700.0
12/31/2007,35.38,37.67,35.24,35.79,0.0,0.0,91900.0
12/24/2007,37.0,37.0,35.35,36.0,0.0,0.0,42900.0
12/17/2007,36.3,36.92,35.2,36.79,0.0,0.0,71500.0
12/10/2007,37.0,37.63,36.0,36.68,0.0,0.0,55100.0
12/03/2007,38.73,38.93,36.85,37.18,0.0,0.0,63800.0
11/26/2007,36.81,39.61,36.59,38.47,0.0,0.0,83700.0
11/19/2007,37.43,37.94,36.74,37.32,0.0,0.0,47200.0
11/12/2007,36.68,38.0,36.24,37.2,0.0,0.0,72800.0
11/05/2007,38.78,38.82,35.01,36.15,0.0,0.0,89400.0
10/29/2007,37.46,38.82,36.7,38.31,0.0,0.0,139300.0
10/22/2007,36.31,37.99,35.26,37.45,0.0,0.0,85900.0
10/15/2007,37.79,38.74,36.31,36.72,0.0,0.0,96200.0
10/08/2007,37.45,38.75,36.78,38.15,0.0,0.0,98200.0
10/01/2007,36.6,37.97,35.71,37.28,0.0,0.0,102100.0
09/24/2007,38.39,38.63,36.51,36.6,0.0,0.0,87600.0
09/17/2007,38.96,39.58,37.91,38.55,0.0,0.0,57000.0
09/10/2007,38.7,39.08,37.0,38.76,0.0,0.0,124600.0
09/03/2007,38.47,39.96,38.25,38.79,0.0,0.0,47200.0
08/27/2007,37.75,38.94,37.09,38.33,0.0,0.0,72600.0
08/20/2007,36.17,38.97,36.0,38.0,0.0,0.0,64900.0
08/13/2007,39.77,39.95,33.34,35.18,0.0,0.0,188400.0
08/06/2007,38.97,39.78,34.36,37.97,0.0,0.0,206800.0
07/30/2007,42.0,42.0,38.99,39.53,0.0,0.0,142100.0
07/23/2007,42.51,42.67,36.99,40.35,0.0,0.0,213500.0
07/16/2007,41.84,42.66,41.08,42.65,0.0,0.0,102400.0
07/09/2007,42.25,42.47,41.48,42.18,0.0,0.0,206500.0
07/02/2007,41.19,42.31,40.99,42.31,0.0,0.0,55800.0
06/25/2007,41.61,41.75,40.82,41.5,0.0,0.0,83500.0
06/18/2007,40.15,41.36,39.17,41.3,0.0,0.0,118600.0
06/11/2007,40.88,41.75,39.02,39.99,0.0,0.0,128100.0
06/04/2007,41.56,41.92,40.03,40.92,0.0,0.0,93900.0
05/28/2007,41.6,42.31,41.41,41.55,0.0,0.0,59900.0
05/21/2007,41.44,42.05,40.96,41.35,0.0,0.0,88900.0
05/14/2007,42.9,42.9,41.49,41.51,0.0,0.0,123600.0
05/07/2007,41.39,42.5,39.6,42.25,0.0,0.0,131300.0
04/30/2007,41.99,42.98,40.81,41.54,0.0,0.0,89200.0
04/23/2007,40.47,41.96,40.16,40.68,0.0,0.0,108300.0
04/16/2007,39.81,40.49,39.5,40.0,0.0,0.0,40300.0
04/09/2007,40.17,40.63,39.25,39.95,0.0,0.0,58000.0
04/02/2007,39.92,40.63,39.05,40.26,0.0,0.0,41400.0
03/26/2007,37.7,39.32,37.7,39.04,0.0,0.0,80100.0
03/19/2007,39.15,39.25,37.6,37.7,0.0,0.0,126300.0
03/12/2007,38.75,41.23,38.15,39.01,0.0,0.0,118700.0
03/05/2007,35.91,39.0,35.76,39.0,0.0,0.0,175900.0
02/26/2007,36.0,36.5,34.75,36.5,0.0,0.0,126900.0
02/19/2007,35.25,35.75,34.8,35.32,0.0,0.0,55900.0
02/12/2007,35.1,35.71,34.5,35.1,0.0,0.0,94500.0
02/05/2007,35.0,35.49,34.29,34.9,0.0,0.0,89200.0
01/29/2007,34.18,35.2,33.76,35.0,0.0,0.0,79000.0
01/22/2007,34.16,36.0,34.02,34.46,0.0,0.0,126700.0
01/15/2007,32.7,34.45,32.7,33.99,0.0,0.0,92300.0
01/08/2007,33.25,34.16,32.68,32.96,0.0,0.0,182000.0
01/01/2007,33.14,34.18,32.5,33.24,0.0,0.0,81800.0
12/25/2006,33.63,34.5,33.18,33.24,0.0,0.0,87900.0
12/18/2006,32.61,33.65,32.5,33.42,0.0,0.0,135200.0
12/11/2006,31.78,32.78,30.88,32.78,0.0,0.0,232400.0
12/04/2006,30.64,32.47,30.64,31.74,0.0,0.0,193000.0
11/27/2006,30.98,31.6,30.51,30.93,0.0,0.0,231100.0
11/20/2006,30.0,31.1,29.96,30.73,0.0,0.0,141900.0
11/13/2006,32.0,32.1,29.82,30.17,0.0,0.0,721200.0
11/06/2006,34.8,35.95,32.02,32.1,0.0,0.0,304600.0
10/30/2006,33.5,34.79,32.77,34.79,0.0,0.0,100500.0
10/23/2006,32.9,34.0,32.75,33.43,0.0,0.0,82600.0
10/16/2006,32.95,33.24,32.7,33.01,0.0,0.0,108900.0
10/09/2006,32.85,33.0,32.4,32.88,0.0,0.0,62900.0
10/02/2006,33.24,33.24,32.26,32.69,0.0,0.0,63500.0
09/25/2006,32.05,33.18,32.01,33.0,0.0,0.0,48300.0
09/18/2006,32.57,33.22,32.0,32.07,0.0,0.0,85800.0
09/11/2006,32.75,33.31,32.02,32.57,0.0,0.0,66000.0
09/04/2006,33.59,33.95,32.7,32.8,0.0,0.0,48900.0
08/28/2006,33.55,33.99,31.92,33.59,0.0,0.0,86200.0
08/21/2006,32.85,33.4,32.02,33.4,0.0,0.0,77200.0
08/14/2006,32.0,32.5,31.62,32.5,0.0,0.0,93400.0
08/07/2006,32.3,32.6,31.3,32.2,0.0,0.0,59100.0
07/31/2006,31.64,33.07,31.26,32.57,0.0,0.0,88900.0
07/24/2006,30.99,32.15,30.99,31.47,0.0,0.0,82300.0
07/17/2006,31.24,32.19,31.03,31.43,0.0,0.0,85300.0
07/10/2006,31.05,31.36,30.87,31.2,0.0,0.0,108900.0
07/03/2006,30.84,31.2,30.53,31.02,0.0,0.0,68600.0
06/26/2006,31.05,31.25,30.52,30.78,0.0,0.0,107500.0
06/19/2006,31.25,31.4,30.5,31.2,0.0,0.0,120800.0
06/12/2006,30.45,31.4,29.85,31.02,0.0,0.0,121100.0
06/05/2006,32.0,33.35,30.46,30.6,0.0,0.0,501400.0
05/29/2006,30.68,32.81,29.97,32.03,0.0,0.0,686700.0
05/22/2006,30.22,31.5,29.55,30.5,0.0,0.0,253200.0
05/15/2006,30.0,31.02,29.09,30.3,0.0,0.0,203900.0
05/08/2006,30.94,31.54,29.4,30.17,0.0,0.0,172200.0
05/01/2006,30.95,31.22,30.46,31.22,0.0,0.0,100900.0
04/24/2006,31.59,31.59,30.11,30.95,0.0,0.0,112700.0
04/17/2006,30.42,31.59,30.42,31.4,0.0,0.0,151700.0
04/10/2006,30.89,31.26,30.41,30.55,0.0,0.0,123100.0
04/03/2006,31.51,31.51,30.45,31.05,0.0,0.0,152600.0
03/27/2006,31.41,31.66,30.68,31.2,0.0,0.0,176700.0
03/20/2006,32.15,32.39,31.0,31.41,0.0,0.0,400000.0
03/13/2006,29.11,33.0,29.0,31.57,0.0,0.0,585000.0
03/06/2006,29.33,29.53,28.63,29.38,0.0,0.0,211700.0
02/27/2006,30.0,30.0,29.11,29.72,0.0,0.0,218000.0
02/20/2006,29.7,29.97,28.87,29.79,0.0,0.0,160900.0
02/13/2006,30.09,30.09,28.79,29.54,0.0,0.0,192900.0
02/06/2006,29.7,30.5,28.62,29.28,0.0,0.0,197900.0
01/30/2006,29.75,30.88,29.29,29.61,0.0,0.0,249500.0
01/23/2006,30.19,30.39,29.8,30.15,0.0,0.0,284100.0
01/16/2006,29.69,30.2,29.58,30.1,0.0,0.0,460400.0
01/09/2006,29.87,30.11,28.63,29.66,0.0,0.0,1937100.0
01/02/2006,30.0,30.53,29.1,29.12,0.0,0.0,145200.0
12/26/2005,30.63,30.9,29.09,29.7,0.0,0.0,42800.0
12/19/2005,31.38,31.38,30.2,30.5,0.0,0.0,31600.0
12/12/2005,31.48,31.48,30.4,30.6,0.0,0.0,32800.0
12/05/2005,31.88,31.88,30.4,31.0,0.0,0.0,47000.0
11/28/2005,31.69,32.35,31.02,31.02,0.0,0.0,51200.0
11/21/2005,30.84,31.73,30.5,31.55,0.0,0.0,17300.0
11/14/2005,32.63,32.93,30.3,30.9,0.0,0.0,56900.0
11/07/2005,32.39,33.54,31.48,32.14,0.0,0.0,42100.0
10/31/2005,32.16,32.68,31.22,31.47,0.0,0.0,24800.0
10/24/2005,31.71,32.5,31.03,31.99,0.0,0.0,28700.0
10/17/2005,31.98,32.23,29.8,31.7,0.0,0.0,33500.0
10/10/2005,32.36,32.79,31.5,31.99,0.0,0.0,22300.0
10/03/2005,32.71,33.1,31.5,32.55,0.0,0.0,30000.0
09/26/2005,33.12,33.83,32.32,33.08,0.0,0.0,29200.0
09/19/2005,34.08,34.18,32.32,32.85,0.0,0.0,38100.0
09/12/2005,33.53,34.25,33.29,34.08,0.0,0.0,65700.0
09/05/2005,32.8,34.25,31.6,33.84,0.0,0.0,58800.0
08/29/2005,31.12,32.75,29.68,32.68,0.0,0.0,92000.0
08/22/2005,31.0,32.33,30.29,31.94,0.0,0.0,27500.0
08/15/2005,32.0,32.71,30.26,31.0,0.0,0.0,36700.0
08/08/2005,32.3,33.01,31.15,31.94,0.0,0.0,31000.0
08/01/2005,32.57,33.0,31.5,31.5,0.0,0.0,25600.0
07/25/2005,33.43,34.25,32.0,32.98,0.0,0.0,80200.0
07/18/2005,32.98,34.0,32.76,33.42,0.0,0.0,38000.0
07/11/2005,31.71,32.98,31.71,32.89,0.0,0.0,28000.0
07/04/2005,30.9,32.15,30.9,32.15,0.0,0.0,44600.0
06/27/2005,31.92,31.92,30.8,30.82,0.0,0.0,48400.0
06/20/2005,32.37,32.37,30.95,31.92,0.0,0.0,39900.0
06/13/2005,32.5,32.86,31.69,32.07,0.0,0.0,46800.0
06/06/2005,31.58,32.88,31.35,32.5,0.0,0.0,39900.0
05/30/2005,32.75,32.75,31.0,31.35,0.0,0.0,25400.0
05/23/2005,33.27,33.27,31.22,31.43,0.0,0.0,15600.0
05/16/2005,33.68,33.72,30.12,32.3,0.0,0.0,43200.0
05/09/2005,30.51,34.25,29.34,32.52,0.0,0.0,55300.0
05/02/2005,30.76,31.1,29.7,30.44,0.0,0.0,48900.0
04/25/2005,32.0,33.0,30.25,30.31,0.0,0.0,33300.0
04/18/2005,29.69,33.0,27.75,31.22,0.0,0.0,91100.0
04/11/2005,33.22,33.22,29.95,30.45,0.0,0.0,75900.0
04/04/2005,32.99,34.24,32.99,33.9,0.0,0.0,57800.0
03/28/2005,31.41,33.0,30.92,33.0,0.0,0.0,47300.0
03/21/2005,32.31,34.34,31.5,31.77,0.0,0.0,131100.0
03/14/2005,31.45,34.34,31.01,34.01,0.0,0.0,104800.0
03/07/2005,33.79,34.49,31.57,31.95,0.0,0.0,164000.0
02/28/2005,33.0,33.94,32.14,33.78,0.0,0.0,47200.0
02/21/2005,32.89,33.0,32.1,32.8,0.0,0.0,24600.0
02/14/2005,32.13,33.29,31.81,32.9,0.0,0.0,52300.0
02/07/2005,31.93,33.0,31.0,32.37,0.0,0.0,88100.0
01/31/2005,32.25,34.0,31.0,32.9,0.0,0.0,72200.0
01/24/2005,31.53,32.7,30.78,31.9,0.0,0.0,74900.0
01/17/2005,30.68,31.75,29.63,30.86,0.0,0.0,50900.0
01/10/2005,29.69,30.8,29.05,30.03,0.0,0.0,51000.0
01/03/2005,29.93,29.96,28.74,29.03,0.0,0.0,36700.0
12/27/2004,28.89,29.99,28.5,29.93,0.0,0.0,46800.0
12/20/2004,29.01,29.5,28.56,28.7,0.0,0.0,46900.0
12/13/2004,27.98,29.49,27.6,29.44,0.0,0.0,48500.0
12/06/2004,28.0,28.64,27.6,28.11,0.0,0.0,78100.0
11/29/2004,28.51,29.25,28.0,28.21,0.0,0.0,46000.0
11/22/2004,28.49,28.75,28.0,28.75,0.0,0.0,37300.0
11/15/2004,27.97,28.5,27.5,28.47,0.0,0.0,40200.0
11/08/2004,28.65,29.0,27.11,27.82,0.0,0.0,97300.0
11/01/2004,28.0,29.35,27.97,28.62,0.0,0.0,115400.0
10/25/2004,29.49,29.5,28.07,28.26,0.0,0.0,60900.0
10/18/2004,29.4,30.0,28.95,29.11,0.0,0.0,79800.0
10/11/2004,28.71,29.5,28.36,29.3,0.0,0.0,62100.0
10/04/2004,28.42,29.09,28.36,28.72,0.0,0.0,90200.0
09/27/2004,28.61,29.0,28.0,28.53,0.0,0.0,47700.0
09/20/2004,28.3,28.99,27.51,28.92,0.0,0.0,48100.0
09/13/2004,28.55,29.0,26.03,28.49,0.0,0.0,125300.0
09/06/2004,28.52,29.07,28.0,28.5,0.0,0.0,44500.0
08/30/2004,27.79,29.0,27.36,28.49,0.0,0.0,52600.0
08/23/2004,27.0,27.73,26.99,27.55,0.0,0.0,45600.0
08/16/2004,27.44,27.44,26.32,27.24,0.0,0.0,52900.0
08/09/2004,27.9,27.9,26.32,26.51,0.0,0.0,56500.0
08/02/2004,27.76,28.65,25.01,26.93,0.0,0.0,113300.0
07/26/2004,28.48,28.89,27.95,28.55,0.0,0.0,38900.0
07/19/2004,29.85,29.89,28.18,28.49,0.0,0.0,69900.0
07/12/2004,28.57,29.79,27.98,29.78,0.0,0.0,63300.0
07/05/2004,27.54,28.7,27.54,28.47,0.0,0.0,38000.0
06/28/2004,27.25,28.4,27.15,28.2,0.0,0.0,50900.0
06/21/2004,27.8,28.35,27.0,27.5,0.0,0.0,39600.0
06/14/2004,27.45,28.24,27.0,27.77,0.0,0.0,63900.0
06/07/2004,27.1,28.4,26.75,28.4,0.0,0.0,47600.0
05/31/2004,26.0,27.25,25.5,26.78,0.0,0.0,68900.0
05/24/2004,25.74,26.0,24.65,26.0,0.0,0.0,71400.0
05/17/2004,24.95,26.43,24.56,25.62,0.0,0.0,115300.0
05/10/2004,23.87,25.48,22.76,25.25,0.0,0.0,123300.0
05/03/2004,25.28,25.95,24.0,24.97,0.0,0.0,110800.0
04/26/2004,27.16,28.49,24.92,25.18,0.0,0.0,96400.0
04/19/2004,27.21,28.26,27.1,27.58,0.0,0.0,66000.0
04/12/2004,29.5,30.0,25.19,27.59,0.0,0.0,128500.0
04/05/2004,29.08,30.0,29.05,29.6,0.0,0.0,48500.0
03/29/2004,29.3,30.0,29.0,29.15,0.0,0.0,73500.0
03/22/2004,29.76,30.69,29.01,30.01,0.0,0.0,67700.0
03/15/2004,30.25,30.8,29.51,30.15,0.0,0.0,49600.0
03/08/2004,29.87,30.25,28.99,30.24,0.0,0.0,68300.0
03/01/2004,29.1,29.8,28.84,29.8,0.0,0.0,55500.0
02/23/2004,28.11,29.0,28.11,28.9,0.0,0.0,42300.0
02/16/2004,28.94,29.41,28.11,28.55,0.0,0.0,114800.0
02/09/2004,27.98,28.95,27.94,28.94,0.0,0.0,136700.0
02/02/2004,28.0,28.3,26.95,27.99,0.0,0.0,118600.0
01/26/2004,29.61,30.12,24.73,27.96,0.0,0.0,204900.0
01/19/2004,27.5,29.5,27.2,29.0,0.0,0.0,68600.0
01/12/2004,29.5,29.5,27.02,27.2,0.0,0.0,62000.0
01/05/2004,29.48,30.0,29.12,29.13,0.0,0.0,30800.0
12/29/2003,29.01,30.7,29.0,29.89,0.0,0.0,40200.0
12/22/2003,29.4,29.5,28.5,29.5,0.0,0.0,29500.0
12/15/2003,30.89,30.89,29.4,29.65,0.0,0.0,22200.0
12/08/2003,30.09,30.8,29.42,30.25,0.0,0.0,28700.0
12/01/2003,29.81,30.3,29.3,30.0,0.0,0.0,35300.0
11/24/2003,29.8,30.15,29.51,29.8,0.0,0.0,19800.0
11/17/2003,29.75,31.12,29.18,30.05,0.0,0.0,113900.0
11/10/2003,29.15,29.98,28.66,29.92,0.0,0.0,76400.0
11/03/2003,28.26,29.3,27.85,29.01,0.0,0.0,98300.0
10/27/2003,26.98,28.59,26.5,28.59,0.0,0.0,53000.0
10/20/2003,26.5,27.0,26.38,26.81,0.0,0.0,28800.0
10/13/2003,26.4,26.69,26.21,26.4,0.0,0.0,17500.0
10/06/2003,26.39,26.7,26.0,26.3,0.0,0.0,53200.0
09/29/2003,25.96,26.5,25.87,26.1,0.0,0.0,33500.0
09/22/2003,25.68,26.35,25.47,26.24,0.0,0.0,57700.0
09/15/2003,25.95,26.19,25.25,25.57,0.0,0.0,72100.0
09/08/2003,25.39,26.45,25.25,26.3,0.0,0.0,152400.0
09/01/2003,24.49,25.57,23.7,25.25,0.0,0.0,74200.0
08/25/2003,23.25,24.45,22.86,24.0,0.0,0.0,32600.0
08/18/2003,22.79,23.4,22.19,22.91,0.0,0.0,67400.0
08/11/2003,23.7,24.2,22.5,22.8,0.0,0.0,99100.0
08/04/2003,24.62,24.78,22.01,23.98,0.0,0.0,92100.0
07/28/2003,24.56,25.18,24.01,24.5,0.0,0.0,52600.0
07/21/2003,24.5,26.0,24.0,24.55,0.0,0.0,83000.0
07/14/2003,24.69,25.15,24.06,25.01,0.0,0.0,70200.0
07/07/2003,23.75,24.75,23.75,24.7,0.0,0.0,69900.0
06/30/2003,23.25,24.0,22.9,23.9,0.0,0.0,47700.0
06/23/2003,23.61,23.8,22.5,23.65,0.0,0.0,78700.0
06/16/2003,23.93,24.0,22.5,23.51,0.0,0.0,112700.0
06/09/2003,23.19,23.95,22.67,23.89,0.0,0.0,101700.0
06/02/2003,22.42,23.5,22.1,22.77,0.0,0.0,126500.0
05/26/2003,22.1,22.89,21.98,22.15,0.0,0.0,174000.0
05/19/2003,21.6,22.25,21.2,22.05,0.0,0.0,156100.0
05/12/2003,20.48,21.8,20.48,21.23,0.0,0.0,147600.0
05/05/2003,20.15,20.69,19.6,20.69,0.0,0.0,99700.0
04/28/2003,19.98,20.75,19.5,20.0,0.0,0.0,158500.0
04/21/2003,20.0,21.0,19.77,19.98,0.0,0.0,151600.0
04/14/2003,19.26,20.0,19.26,20.0,0.0,0.0,150600.0
04/07/2003,19.04,19.53,18.9,19.53,0.0,0.0,89800.0
03/31/2003,18.95,19.16,18.55,19.0,0.0,0.0,142400.0
03/24/2003,18.4,19.13,17.76,19.03,0.0,0.0,99000.0
03/17/2003,18.25,18.47,17.55,18.4,0.0,0.0,97900.0
03/10/2003,18.04,18.46,18.0,18.3,0.0,0.0,73700.0
03/03/2003,18.16,18.24,18.0,18.15,0.0,0.0,53800.0
02/24/2003,18.4,18.4,17.82,18.2,0.0,0.0,86300.0
02/17/2003,18.1,18.28,17.8,18.25,0.0,0.0,109800.0
02/10/2003,18.01,18.3,18.0,18.18,0.0,0.0,81600.0
02/03/2003,18.18,18.49,18.0,18.1,0.0,0.0,69800.0
01/27/2003,18.38,18.45,18.0,18.34,0.0,0.0,109200.0
01/20/2003,18.4,18.4,18.0,18.3,0.0,0.0,97100.0
01/13/2003,17.6,18.45,17.3,18.09,0.0,0.0,63500.0
01/06/2003,18.0,18.25,17.4,17.55,0.0,0.0,98300.0
12/30/2002,17.3,18.15,17.1,18.15,0.0,0.0,82300.0
12/23/2002,17.5,17.75,17.1,17.4,0.0,0.0,60600.0
12/16/2002,17.25,17.95,17.11,17.59,0.0,0.0,175600.0
12/09/2002,18.2,18.2,17.05,17.05,0.0,0.0,130900.0
12/02/2002,18.24,18.38,18.0,18.2,0.0,0.0,69500.0
11/25/2002,18.0,18.35,18.0,18.19,0.0,0.0,48700.0
11/18/2002,18.1,18.3,18.0,18.1,0.0,0.0,58900.0
11/11/2002,17.9,18.2,17.7,18.0,0.0,0.0,68500.0
