12/26/2022,0.827,1.01,0.827,0.945,0.0,0.0,187100.0
12/19/2022,0.99,0.99,0.651,0.8173,0.0,0.0,304200.0
12/12/2022,1.03,1.06,0.93,0.9595,0.0,0.0,155500.0
12/05/2022,1.04,1.16,0.95,1.03,0.0,0.0,160600.0
11/28/2022,1.12,1.12,0.985,1.04,0.0,0.0,210600.0
11/21/2022,1.1501,1.29,1.08,1.164,0.0,0.0,175100.0
11/14/2022,1.11,1.29,1.06,1.22,0.0,0.0,278600.0
11/07/2022,1.06,1.15,1.01,1.12,0.0,0.0,286300.0
10/31/2022,1.03,1.1175,1.01,1.08,0.0,0.0,166900.0
10/24/2022,0.96,1.115,0.9,1.065,0.0,0.0,164700.0
10/17/2022,1.0,1.0886,0.9201,0.9554,0.0,0.0,192300.0
10/10/2022,1.17,1.1899,0.9696,1.02,0.0,0.0,566100.0
10/03/2022,1.16,1.3,1.16,1.17,0.0,0.0,209000.0
09/26/2022,1.2,1.2799,1.14,1.15,0.0,0.0,225700.0
09/19/2022,1.45,1.47,1.18,1.24,0.0,0.0,561100.0
09/12/2022,1.72,1.77,1.4,1.46,0.0,0.0,1293500.0
09/05/2022,1.68,1.79,1.6318,1.73,0.0,0.0,315800.0
08/29/2022,2.0,2.0299,1.6695,1.725,0.0,0.0,962100.0
08/22/2022,2.25,2.3199,1.81,1.9,0.0,0.0,1430800.0
08/15/2022,2.23,2.5176,2.1701,2.26,0.0,0.0,3574300.0
08/08/2022,2.2,3.49,2.14,2.23,0.0,0.0,21596900.0
08/01/2022,1.7,3.3899,1.61,2.15,0.0,0.0,45516000.0
07/25/2022,1.63,1.8399,1.52,1.66,0.0,0.0,1204600.0
07/18/2022,1.6388,1.85,1.61,1.62,0.0,0.0,951200.0
07/11/2022,1.71,1.76,1.54,1.64,0.0,0.0,438100.0
07/04/2022,1.73,1.82,1.6401,1.74,0.0,0.0,410200.0
06/27/2022,2.04,2.04,1.6,1.72,0.0,0.0,1167500.0
06/20/2022,1.9,2.44,1.78,1.89,0.0,0.0,2630600.0
06/13/2022,1.78,2.02,1.66,1.85,0.0,0.0,1731400.0
06/06/2022,2.05,2.3,1.81,1.87,0.0,0.0,1449000.0
05/30/2022,2.11,2.21,1.95,2.0,0.0,0.0,723600.0
05/23/2022,2.14,2.2,1.84,2.12,0.0,0.0,1795100.0
05/16/2022,2.43,2.72,2.14,2.18,0.0,0.0,4174500.0
05/09/2022,3.02,3.1,2.1,2.46,0.0,0.0,7281800.0
05/02/2022,3.28,4.95,2.91,3.03,0.0,0.0,69531600.0
