12/26/2022,4.36,4.76,4.19,4.69,0.0,0.0,202901.0
12/19/2022,4.29,4.62,4.03,4.37,0.0,0.0,245900.0
12/12/2022,4.91,5.29,4.29,4.34,0.0,0.0,343200.0
12/05/2022,5.53,5.71,4.78,5.03,0.0,0.0,318500.0
11/28/2022,4.96,5.54,4.74,5.52,0.0,0.0,432600.0
11/21/2022,5.03,5.22,4.7,4.98,0.0,0.0,264700.0
11/14/2022,4.01,5.32,3.97,5.16,0.0,0.0,511200.0
11/07/2022,4.82,4.82,3.454,4.11,0.0,0.0,1311406.0
10/31/2022,5.31,5.4,4.5,4.61,0.0,0.0,784002.0
10/24/2022,5.89,6.2,5.15,5.35,0.0,0.0,411905.0
10/17/2022,6.06,6.18,5.5,5.88,0.0,0.0,718900.0
10/10/2022,5.75,6.59,5.14,6.06,0.0,0.0,1095400.0
10/03/2022,6.34,7.04,5.56,5.74,0.0,0.0,542000.0
09/26/2022,6.5,6.78,6.2,6.29,0.0,0.0,926802.0
09/19/2022,7.44,7.55,6.47,6.49,0.0,0.0,2153400.0
09/12/2022,10.72,11.0,7.27,7.47,0.0,0.0,3224104.0
09/05/2022,11.59,11.96,10.25,10.93,0.0,0.0,1453400.0
08/29/2022,10.77,11.65,10.48,11.59,0.0,0.0,3361100.0
08/22/2022,9.73,11.3491,9.1101,10.84,0.0,0.0,2598702.0
08/15/2022,8.97,11.9999,8.65,10.12,0.0,0.0,3600704.0
08/08/2022,8.9,9.35,7.7401,8.97,0.0,0.0,966711.0
08/01/2022,8.24,8.98,8.1,8.89,0.0,0.0,344000.0
07/25/2022,7.81,8.26,7.37,8.22,0.0,0.0,367900.0
07/18/2022,7.56,8.02,7.15,7.76,0.0,0.0,385000.0
07/11/2022,8.17,8.8189,7.57,7.58,0.0,0.0,830000.0
07/04/2022,6.88,7.98,6.65,7.78,0.0,0.0,1359800.0
06/27/2022,9.5,9.5,6.57,7.14,0.0,0.0,1291800.0
06/20/2022,9.03,10.29,8.52,8.68,0.0,0.0,1468200.0
06/13/2022,8.13,9.46,7.45,9.11,0.0,0.0,1777500.0
06/06/2022,10.29,10.35,7.745,8.36,0.0,0.0,2117400.0
05/30/2022,10.38,10.75,9.96,10.36,0.0,0.0,1778700.0
05/23/2022,10.5,10.85,9.07,10.15,0.0,0.0,1644100.0
05/16/2022,11.45,11.9896,10.16,10.65,0.0,0.0,1847000.0
05/09/2022,12.13,12.4,9.67,11.79,0.0,0.0,3118600.0
05/02/2022,12.85,13.3,11.245,12.28,0.0,0.0,3855300.0
04/25/2022,13.52,14.82,12.17,12.64,0.0,0.0,7593200.0
04/18/2022,19.76,21.86,13.2001,13.95,0.0,0.0,11974100.0
04/11/2022,23.87,29.0,20.0,20.88,0.0,0.0,22925200.0
04/04/2022,16.2,37.1,15.5,23.28,0.0,0.0,78513000.0
03/28/2022,15.2,15.94,14.2721,15.42,0.0,0.0,3802400.0
03/21/2022,15.14,16.03,13.65,15.39,0.0,0.0,3472113.0
03/14/2022,16.67,17.3,14.1301,15.43,0.0,0.0,5135401.0
03/07/2022,14.79,18.21,13.97,17.09,0.0,0.0,5929400.0
02/28/2022,13.45,14.52,12.6,14.26,0.0,0.0,2988400.0
02/21/2022,12.09,13.99,11.55,12.85,0.0,0.0,2855010.0
02/14/2022,11.2,13.75,10.55,12.49,0.0,0.0,3052300.0
02/07/2022,11.98,13.88,10.31,10.83,0.0,0.0,2335122.0
01/31/2022,9.75,13.37,8.9,11.63,0.0,0.0,2879874.0
01/24/2022,8.68,11.3,8.25,10.0008,0.0,0.0,1883600.0
01/17/2022,9.0,9.3,7.7,8.76,0.0,0.0,1631600.0
01/10/2022,9.97,9.995,8.91,8.97,0.0,0.0,6639400.0
01/03/2022,9.97,9.98,9.95,9.96,0.0,0.0,6079200.0
12/27/2021,9.96,9.98,9.95,9.96,0.0,0.0,1487700.0
12/20/2021,9.92,9.9526,9.9,9.92,0.0,0.0,4712900.0
12/13/2021,9.92,9.93,9.88,9.92,0.0,0.0,2296100.0
12/06/2021,9.93,9.95,9.92,9.93,0.0,0.0,3359100.0
11/29/2021,9.96,9.97,9.9,9.94,0.0,0.0,899900.0
11/22/2021,9.95,9.97,9.92,9.95,0.0,0.0,233300.0
11/15/2021,9.96,9.98,9.93,9.95,0.0,0.0,751400.0
11/08/2021,9.98,9.98,9.94,9.96,0.0,0.0,433800.0
11/01/2021,9.97,9.98,9.93,9.96,0.0,0.0,929700.0
10/25/2021,9.95,9.97,9.92,9.96,0.0,0.0,164600.0
10/18/2021,9.91,9.95,9.91,9.93,0.0,0.0,341800.0
10/11/2021,9.95,9.95,9.91,9.95,0.0,0.0,256200.0
10/04/2021,9.92,9.97,9.91,9.94,0.0,0.0,96000.0
09/27/2021,9.94,9.95,9.91,9.92,0.0,0.0,1464300.0
09/20/2021,9.91,9.95,9.9,9.95,0.0,0.0,672900.0
09/13/2021,9.94,9.94,9.9,9.92,0.0,0.0,387100.0
09/06/2021,9.9,9.9314,9.89,9.93,0.0,0.0,1078500.0
08/30/2021,9.86,9.95,9.84,9.92,0.0,0.0,406500.0
08/23/2021,9.87,9.89,9.85,9.87,0.0,0.0,220400.0
08/16/2021,9.88,9.93,9.83,9.85,0.0,0.0,902000.0
08/09/2021,9.85,9.94,9.84,9.88,0.0,0.0,690700.0
08/02/2021,9.87,9.89,9.83,9.86,0.0,0.0,112500.0
07/26/2021,9.905,9.92,9.88,9.89,0.0,0.0,459700.0
07/19/2021,9.9,9.94,9.88,9.91,0.0,0.0,2070400.0
07/12/2021,9.91,9.95,9.89,9.93,0.0,0.0,1810300.0
07/05/2021,9.95,9.955,9.88,9.93,0.0,0.0,4352700.0
06/28/2021,9.86,9.955,9.83,9.9,0.0,0.0,12535700.0
06/21/2021,9.82,9.9,9.8,9.85,0.0,0.0,1613900.0
06/14/2021,9.86,9.9,9.824,9.84,0.0,0.0,219000.0
06/07/2021,9.84,10.0,9.82,9.87,0.0,0.0,1144100.0
05/31/2021,9.87,9.89,9.81,9.88,0.0,0.0,687800.0
05/24/2021,9.82,9.89,9.77,9.8,0.0,0.0,552200.0
05/17/2021,9.84,9.9,9.8,9.82,0.0,0.0,1037300.0
05/10/2021,9.96,9.98,9.82,9.83,0.0,0.0,1058400.0
05/03/2021,10.0,10.06,9.95,9.96,0.0,0.0,1252400.0
04/26/2021,10.03,10.04,9.98,9.99,0.0,0.0,2302200.0
04/19/2021,10.05,10.08,9.95,10.01,0.0,0.0,1025400.0
04/12/2021,10.15,10.21,10.01,10.06,0.0,0.0,2580300.0
04/05/2021,10.05,10.21,10.0,10.18,0.0,0.0,615700.0
03/29/2021,9.96,10.16,9.9392,10.01,0.0,0.0,442600.0
03/22/2021,10.44,10.5,9.7211,9.99,0.0,0.0,1501300.0
03/15/2021,10.41,10.54,10.12,10.49,0.0,0.0,1305600.0
03/08/2021,10.22,10.51,10.05,10.48,0.0,0.0,1414900.0
03/01/2021,10.72,10.795,9.95,10.22,0.0,0.0,2408400.0
02/22/2021,10.89,11.54,10.4,10.63,0.0,0.0,2092800.0
02/15/2021,10.97,11.09,10.74,10.76,0.0,0.0,1898500.0
02/08/2021,11.05,11.21,10.82,10.88,0.0,0.0,1221000.0
02/01/2021,10.9,11.32,10.72,10.99,0.0,0.0,830100.0
01/25/2021,11.34,11.99,10.6,10.75,0.0,0.0,2252300.0
01/18/2021,10.85,11.23,10.72,11.04,0.0,0.0,1456500.0
01/11/2021,10.75,11.18,10.6,10.85,0.0,0.0,2440200.0
01/04/2021,10.75,11.04,10.57,10.73,0.0,0.0,1234000.0
12/28/2020,11.19,11.2,10.19,10.79,0.0,0.0,1168100.0
12/21/2020,10.65,11.11,10.38,11.1,0.0,0.0,1248700.0
12/14/2020,10.82,10.82,10.26,10.48,0.0,0.0,1218200.0
12/07/2020,10.06,10.73,10.025,10.55,0.0,0.0,2676800.0
11/30/2020,10.09,10.37,9.81,10.09,0.0,0.0,210600.0
11/23/2020,10.02,10.15,9.97,10.01,0.0,0.0,47600.0
11/16/2020,9.85,10.07,9.85,10.02,0.0,0.0,79200.0
11/09/2020,9.9,10.0,9.72,9.87,0.0,0.0,823200.0
11/02/2020,9.92,10.01,9.74,9.95,0.0,0.0,46000.0
10/26/2020,9.83,9.99,9.83,9.89,0.0,0.0,198200.0
10/19/2020,10.09,10.14,9.905,9.96,0.0,0.0,333100.0
10/12/2020,10.15,10.15,9.98,10.08,0.0,0.0,520000.0
10/05/2020,10.08,10.2,9.975,10.075,0.0,0.0,659400.0
09/28/2020,10.27,10.3,10.06,10.18,0.0,0.0,736600.0
09/21/2020,10.25,10.45,9.97,10.12,0.0,0.0,1601900.0
09/14/2020,10.49,10.5,10.11,10.41,0.0,0.0,214700.0
09/07/2020,10.11,10.47,10.0,10.37,0.0,0.0,1737000.0
08/31/2020,10.01,10.25,9.9,10.065,0.0,0.0,1649900.0
08/24/2020,10.0,10.1,9.9,9.98,0.0,0.0,435600.0
08/17/2020,10.1699,10.75,9.86,10.0,0.0,0.0,820000.0
