12/26/2022,1.69,1.7544,1.545,1.58,0.0,0.0,95400.0
12/19/2022,1.95,2.15,1.69,1.74,0.0,0.0,91000.0
12/12/2022,1.98,2.29,1.82,1.88,0.0,0.0,179800.0
12/05/2022,1.8,1.97,1.57,1.96,0.0,0.0,104700.0
11/28/2022,2.25,2.25,1.8,1.85,0.0,0.0,153900.0
11/21/2022,2.49,3.11,2.23,2.3,0.0,0.0,354200.0
11/14/2022,2.24,2.48,1.91,2.44,0.0,0.0,165500.0
11/07/2022,1.97,2.23,1.72,2.23,0.0,0.0,95600.0
10/31/2022,1.8,2.09,1.75,1.96,0.0,0.0,88800.0
10/24/2022,1.62,1.85,1.3,1.84,0.0,0.0,77000.0
10/17/2022,1.49,1.7,1.33,1.68,0.0,0.0,51100.0
10/10/2022,1.2,1.52,1.14,1.37,0.0,0.0,353400.0
10/03/2022,1.41,1.51,1.2,1.22,0.0,0.0,117000.0
09/26/2022,1.51,1.5499,1.28,1.31,0.0,0.0,162500.0
09/19/2022,1.97,2.01,1.52,1.57,0.0,0.0,157900.0
09/12/2022,2.03,2.1,1.88,1.97,0.0,0.0,208100.0
09/05/2022,2.12,2.12,1.99,2.04,0.0,0.0,233700.0
08/29/2022,1.98,2.32,1.92,2.06,0.0,0.0,579700.0
08/22/2022,2.31,2.49,1.89,1.97,0.0,0.0,378800.0
08/15/2022,2.19,2.61,1.96,2.33,0.0,0.0,789600.0
08/08/2022,2.46,3.1,2.08,2.14,0.0,0.0,1790400.0
08/01/2022,2.13,2.98,2.0,2.49,0.0,0.0,3415600.0
07/25/2022,1.94,2.6,1.88,2.11,0.0,0.0,4504300.0
07/18/2022,2.03,2.13,1.92,1.97,0.0,0.0,299700.0
07/11/2022,2.31,2.3524,1.91,1.99,0.0,0.0,494900.0
07/04/2022,2.1,2.49,2.1,2.35,0.0,0.0,547400.0
06/27/2022,2.6,2.69,2.12,2.27,0.0,0.0,1103200.0
06/20/2022,2.41,3.45,2.17,2.58,0.0,0.0,4220400.0
06/13/2022,2.44,2.94,1.95,2.16,0.0,0.0,3309600.0
06/06/2022,3.15,3.39,2.34,2.46,0.0,0.0,785400.0
05/30/2022,3.39,3.49,3.1,3.15,0.0,0.0,815900.0
05/23/2022,4.44,4.52,2.89,3.49,0.0,0.0,3602200.0
05/16/2022,6.0,6.35,4.19,4.44,0.0,0.0,1932000.0
05/09/2022,40.24,59.89,6.35,6.52,0.0,0.0,4363343.0
05/02/2022,21.0,44.16,20.03,39.73,0.0,0.0,1146002.0
