12/26/2022,6.23,6.64,5.81,6.49,0.0,0.0,1183800.0
12/19/2022,6.14,6.66,5.81,6.24,0.0,0.0,1381200.0
12/12/2022,6.1,6.76,5.8,6.17,0.0,0.0,1358900.0
12/05/2022,6.18,6.22,5.66,5.79,0.0,0.0,941000.0
11/28/2022,5.93,6.38,5.6,6.25,0.0,0.0,1226100.0
11/21/2022,6.36,6.64,5.71,5.94,0.0,0.0,876800.0
11/14/2022,6.2,6.73,5.57,5.81,0.0,0.0,919900.0
11/07/2022,6.59,6.86,5.16,6.2,0.0,0.0,1141600.0
10/31/2022,6.91,7.2,6.2,6.61,0.0,0.0,770100.0
10/24/2022,6.87,7.6699,6.57,6.92,0.0,0.0,859000.0
10/17/2022,5.91,8.0299,5.91,6.83,0.0,0.0,2529500.0
10/10/2022,7.27,7.37,5.72,5.82,0.0,0.0,857100.0
10/03/2022,7.54,8.06,7.09,7.23,0.0,0.0,479100.0
09/26/2022,8.11,8.46,7.36,7.44,0.0,0.0,641500.0
09/19/2022,9.15,9.28,7.89,8.15,0.0,0.0,714600.0
09/12/2022,9.53,9.94,8.92,9.1,0.0,0.0,578700.0
09/05/2022,9.35,9.79,9.03,9.56,0.0,0.0,360200.0
08/29/2022,9.57,9.7,9.05,9.57,0.0,0.0,507200.0
08/22/2022,9.75,10.37,8.91,9.55,0.0,0.0,1072900.0
08/15/2022,10.82,11.76,9.56,9.78,0.0,0.0,1762200.0
08/08/2022,9.9,11.0,9.2701,10.85,0.0,0.0,2019500.0
08/01/2022,9.2,9.9019,8.78,9.73,0.0,0.0,1269000.0
07/25/2022,9.01,9.5533,8.56,9.23,0.0,0.0,1005000.0
07/18/2022,9.82,10.35,8.74,9.0,0.0,0.0,2218800.0
07/11/2022,10.72,10.8814,9.27,9.76,0.0,0.0,2364400.0
07/04/2022,7.36,11.07,7.2301,10.96,0.0,0.0,7323500.0
06/27/2022,6.5,7.45,5.6773,7.42,0.0,0.0,10659900.0
06/20/2022,5.55,7.41,5.43,6.49,0.0,0.0,1637100.0
06/13/2022,5.32,5.75,4.9016,5.55,0.0,0.0,2034200.0
06/06/2022,5.91,6.0899,5.2,5.31,0.0,0.0,1308411.0
05/30/2022,5.76,5.9397,5.51,5.88,0.0,0.0,467700.0
05/23/2022,6.22,6.24,5.17,5.75,0.0,0.0,1387900.0
05/16/2022,5.15,6.33,5.0,6.21,0.0,0.0,1141500.0
05/09/2022,6.09,6.1,4.785,5.18,0.0,0.0,1225900.0
05/02/2022,5.87,6.5,5.66,6.17,0.0,0.0,1113100.0
04/25/2022,7.05,8.45,5.61,5.96,0.0,0.0,3990300.0
04/18/2022,6.5,6.99,6.2,6.99,0.0,0.0,1035500.0
04/11/2022,6.75,6.77,6.3,6.61,0.0,0.0,788300.0
04/04/2022,6.63,7.19,6.4,6.92,0.0,0.0,781500.0
03/28/2022,6.7,7.21,6.37,6.67,0.0,0.0,756300.0
03/21/2022,6.94,7.31,6.39,6.7,0.0,0.0,871800.0
03/14/2022,6.7,7.1,6.3,6.77,0.0,0.0,976900.0
03/07/2022,6.81,7.35,6.4,6.73,0.0,0.0,642600.0
02/28/2022,8.4,8.56,6.57,6.7,0.0,0.0,1185200.0
02/21/2022,7.35,8.6,6.72,8.57,0.0,0.0,845000.0
02/14/2022,7.75,8.25,7.35,7.47,0.0,0.0,901900.0
02/07/2022,7.25,8.15,6.92,7.65,0.0,0.0,1124800.0
01/31/2022,6.48,7.58,6.48,7.32,0.0,0.0,856100.0
01/24/2022,6.86,6.969,6.06,6.46,0.0,0.0,1107500.0
01/17/2022,7.68,7.995,6.44,6.77,0.0,0.0,1564200.0
01/10/2022,8.39,8.95,7.71,7.78,0.0,0.0,1268400.0
01/03/2022,9.54,9.75,8.17,8.52,0.0,0.0,1740000.0
12/27/2021,9.6,10.1747,9.33,9.44,0.0,0.0,1579400.0
12/20/2021,10.16,10.64,9.34,9.79,0.0,0.0,1557400.0
12/13/2021,8.52,10.3885,8.3906,10.32,0.0,0.0,2797900.0
12/06/2021,13.02,13.05,7.77,8.51,0.0,0.0,6265600.0
11/29/2021,15.69,16.41,12.83,13.52,0.0,0.0,2873600.0
11/22/2021,13.55,15.66,11.72,15.61,0.0,0.0,2409533.0
11/15/2021,13.4,15.83,13.1693,13.55,0.0,0.0,3769600.0
11/08/2021,10.98,13.7371,10.13,13.4,0.0,0.0,3134000.0
11/01/2021,10.18,13.25,10.16,10.83,0.0,0.0,3528500.0
10/25/2021,9.41,10.63,9.41,10.27,0.0,0.0,1284200.0
10/18/2021,11.04,11.0998,9.0581,9.5,0.0,0.0,2907500.0
10/11/2021,11.2,11.78,10.67,11.04,0.0,0.0,1252900.0
10/04/2021,10.48,11.35,10.02,11.21,0.0,0.0,1830400.0
09/27/2021,12.0,12.19,10.5141,10.61,0.0,0.0,1890200.0
09/20/2021,11.44,12.8737,11.11,12.09,0.0,0.0,2800700.0
09/13/2021,10.73,12.64,10.21,11.61,0.0,0.0,3224900.0
09/06/2021,10.23,11.5489,10.2044,10.64,0.0,0.0,2336900.0
08/30/2021,11.75,11.8507,9.7701,10.37,0.0,0.0,2245700.0
08/23/2021,8.88,11.9,8.88,11.39,0.0,0.0,3866800.0
08/16/2021,7.79,9.47,7.46,8.75,0.0,0.0,2529400.0
08/09/2021,8.34,8.72,7.5201,7.82,0.0,0.0,1381100.0
08/02/2021,7.59,8.3,7.59,8.25,0.0,0.0,1101400.0
07/26/2021,7.9,8.28,7.08,7.88,0.0,0.0,1788400.0
07/19/2021,6.14,9.3,6.055,8.0,0.0,0.0,5492900.0
07/12/2021,6.3,7.02,6.21,6.33,0.0,0.0,1762400.0
07/05/2021,6.3,6.45,5.75,6.26,0.0,0.0,957600.0
06/28/2021,7.16,7.32,6.1509,6.27,0.0,0.0,2036900.0
06/21/2021,5.18,7.2,5.03,7.15,0.0,0.0,8718000.0
06/14/2021,5.5,5.63,5.11,5.13,0.0,0.0,1300600.0
06/07/2021,4.98,5.53,4.885,5.51,0.0,0.0,1400000.0
05/31/2021,4.98,5.07,4.6201,4.91,0.0,0.0,2091300.0
05/24/2021,5.13,5.19,4.8,4.95,0.0,0.0,2073000.0
05/17/2021,4.98,5.28,4.72,5.14,0.0,0.0,1918200.0
05/10/2021,5.13,5.45,4.8,5.03,0.0,0.0,2699800.0
05/03/2021,6.18,6.2,4.92,5.18,0.0,0.0,2480100.0
04/26/2021,5.56,6.27,5.32,6.14,0.0,0.0,1447000.0
04/19/2021,5.38,5.54,5.03,5.53,0.0,0.0,1210700.0
04/12/2021,5.93,5.93,5.11,5.45,0.0,0.0,1363300.0
04/05/2021,5.68,6.22,5.55,5.95,0.0,0.0,1034300.0
03/29/2021,5.38,5.67,5.02,5.56,0.0,0.0,2050000.0
03/22/2021,6.125,6.125,5.1,5.32,0.0,0.0,1696900.0
03/15/2021,6.15,6.65,5.84,5.88,0.0,0.0,1413200.0
03/08/2021,5.59,6.26,5.47,6.14,0.0,0.0,1251600.0
03/01/2021,6.17,6.42,5.0,5.67,0.0,0.0,2172100.0
02/22/2021,6.84,7.1916,5.61,5.93,0.0,0.0,2078300.0
02/15/2021,6.87,7.19,6.33,6.73,0.0,0.0,2387300.0
02/08/2021,6.5,7.36,6.15,6.26,0.0,0.0,2515000.0
02/01/2021,6.03,6.46,5.8,6.35,0.0,0.0,1165600.0
01/25/2021,6.33,6.35,5.721,5.92,0.0,0.0,1273400.0
01/18/2021,6.22,6.5,6.0,6.29,0.0,0.0,1191300.0
01/11/2021,6.1,6.5,5.8704,6.22,0.0,0.0,1193600.0
01/04/2021,5.98,6.78,5.72,6.12,0.0,0.0,3509300.0
12/28/2020,5.25,5.57,5.11,5.27,0.0,0.0,891800.0
12/21/2020,5.25,5.43,5.07,5.21,0.0,0.0,934400.0
12/14/2020,5.38,5.81,5.15,5.3,0.0,0.0,2100600.0
12/07/2020,5.8582,5.8899,5.3,5.37,0.0,0.0,962800.0
11/30/2020,5.3,5.85,5.28,5.62,0.0,0.0,1039500.0
11/23/2020,5.4,5.4802,5.21,5.27,0.0,0.0,572900.0
11/16/2020,5.49,5.64,5.22,5.39,0.0,0.0,858500.0
11/09/2020,5.69,6.3,5.15,5.44,0.0,0.0,1926100.0
11/02/2020,5.25,5.7,5.2,5.53,0.0,0.0,273300.0
10/26/2020,5.91,5.94,5.07,5.24,0.0,0.0,333400.0
10/19/2020,5.98,6.25,5.79,5.95,0.0,0.0,525900.0
10/12/2020,5.51,6.0998,5.4001,5.9,0.0,0.0,558300.0
10/05/2020,5.36,5.69,5.3467,5.52,0.0,0.0,381400.0
09/28/2020,5.3,5.57,4.9301,5.36,0.0,0.0,526400.0
09/21/2020,5.6,5.6,4.6506,5.11,0.0,0.0,583200.0
09/14/2020,5.14,5.8599,4.71,5.69,0.0,0.0,724400.0
09/07/2020,5.22,5.49,4.82,5.1,0.0,0.0,379600.0
08/31/2020,5.66,5.6824,5.02,5.22,0.0,0.0,721700.0
08/24/2020,5.9,6.31,5.45,5.58,0.0,0.0,900600.0
08/17/2020,5.5,6.48,5.5,5.94,0.0,0.0,1147600.0
08/10/2020,5.37,5.78,5.2,5.49,0.0,0.0,1138600.0
08/03/2020,6.2,6.5,5.09,5.28,0.0,0.0,1374500.0
07/27/2020,6.35,6.6999,6.02,6.21,0.0,0.0,780000.0
07/20/2020,5.9,6.78,5.89,6.34,0.0,0.0,1000700.0
07/13/2020,6.75,6.9,5.6,5.95,0.0,0.0,1395200.0
07/06/2020,7.31,7.32,6.61,6.7,0.0,0.0,1088200.0
06/29/2020,7.61,7.61,6.7,7.07,0.0,0.0,1482100.0
06/22/2020,7.59,7.96,6.69,7.07,0.0,0.0,3512200.0
06/15/2020,6.32,7.63,6.15,7.48,0.0,0.0,1327300.0
06/08/2020,6.82,7.12,6.07,6.44,0.0,0.0,1087000.0
06/01/2020,7.25,7.49,6.58,6.79,0.0,0.0,1030900.0
05/25/2020,8.2,8.46,6.81,7.28,0.0,0.0,877100.0
05/18/2020,8.35,8.88,7.62,8.07,0.0,0.0,1455300.0
05/11/2020,7.24,8.8999,7.2289,8.32,0.0,0.0,1418200.0
05/04/2020,7.19,7.5,6.2526,7.15,0.0,0.0,1248200.0
04/27/2020,8.32,8.3785,6.91,7.3,0.0,0.0,1854500.0
04/20/2020,8.03,8.49,6.85,8.28,0.0,0.0,2038400.0
04/13/2020,9.11,9.57,7.56,8.04,0.0,0.0,2564300.0
04/06/2020,9.5,9.55,7.45,9.05,0.0,0.0,1838500.0
03/30/2020,7.5,10.45,7.2,9.27,0.0,0.0,3487300.0
03/23/2020,7.51,8.35,6.56,7.1,0.0,0.0,3582800.0
03/16/2020,5.0,8.4997,4.1918,6.7,0.0,0.0,5918700.0
03/09/2020,6.44,6.97,3.72,4.25,0.0,0.0,3659400.0
03/02/2020,8.6,12.5,6.26,7.41,0.0,0.0,9820500.0
02/24/2020,6.5,8.74,6.24,8.28,0.0,0.0,3522900.0
02/17/2020,5.63,6.8195,5.6,6.48,0.0,0.0,631000.0
02/10/2020,5.57,5.99,5.3,5.88,0.0,0.0,378000.0
02/03/2020,6.03,6.43,5.02,5.65,0.0,0.0,950800.0
01/27/2020,6.46,6.5799,5.86,5.9,0.0,0.0,596100.0
01/20/2020,6.72,6.989,6.0096,6.45,0.0,0.0,564300.0
01/13/2020,6.11,6.9512,5.5,6.65,0.0,0.0,946900.0
01/06/2020,5.5,7.29,5.3001,6.06,0.0,0.0,2028800.0
12/30/2019,4.36,5.7,4.265,5.46,0.0,0.0,1144900.0
12/23/2019,4.31,4.55,4.15,4.38,0.0,0.0,323300.0
12/16/2019,3.82,4.49,3.74,4.27,0.0,0.0,1982800.0
12/09/2019,4.18,4.2358,3.45,3.69,0.0,0.0,1764000.0
12/02/2019,5.0,5.0,4.05,4.1,0.0,0.0,386900.0
11/25/2019,4.44,5.09,4.3,4.95,0.0,0.0,164500.0
11/18/2019,4.25,4.67,3.9962,4.3,0.0,0.0,150900.0
11/11/2019,4.47,4.5,3.978,4.03,0.0,0.0,116600.0
11/04/2019,4.3,4.5246,4.0,4.1543,0.0,0.0,24200.0
10/28/2019,4.352,4.6,4.2633,4.3101,0.0,0.0,10800.0
10/21/2019,4.5,4.7,4.17,4.7,0.0,0.0,41700.0
10/14/2019,4.44,4.5,4.212,4.48,0.0,0.0,7700.0
10/07/2019,4.42,4.93,4.2,4.49,0.0,0.0,13700.0
09/30/2019,4.34,4.85,4.06,4.5192,0.0,0.0,17100.0
09/23/2019,4.8,4.89,3.87,4.68,0.0,0.0,344200.0
09/16/2019,4.8201,4.95,4.6092,4.93,0.0,0.0,55000.0
09/09/2019,4.94,4.95,4.69,4.94,0.0,0.0,39400.0
09/02/2019,4.9105,4.99,4.83,4.92,0.0,0.0,12200.0
08/26/2019,4.89,5.0257,4.77,4.95,0.0,0.0,42200.0
08/19/2019,5.08,5.15,4.8409,5.0,0.0,0.0,50300.0
08/12/2019,5.05,5.25,4.76,5.1246,0.0,0.0,43500.0
08/05/2019,5.15,5.15,4.6899,5.05,0.0,0.0,47700.0
07/29/2019,5.22,5.43,5.0,5.0,0.0,0.0,129300.0
07/22/2019,5.4,5.4977,5.0,5.25,0.0,0.0,41900.0
07/15/2019,5.24,5.89,5.2,5.37,0.0,0.0,52500.0
07/08/2019,5.37,5.75,4.6,5.24,0.0,0.0,71200.0
07/01/2019,5.5999,5.6,5.2777,5.487,0.0,0.0,40000.0
06/24/2019,5.4,5.717,4.9,5.55,0.0,0.0,132800.0
06/17/2019,5.27,6.1573,5.2,5.2,0.0,0.0,348900.0
06/10/2019,5.11,5.32,5.07,5.2,0.0,0.0,63200.0
06/03/2019,5.1132,5.5899,5.02,5.0856,0.0,0.0,127900.0
05/27/2019,5.13,5.2,5.05,5.15,0.0,0.0,35200.0
05/20/2019,5.5,5.5,4.83,5.15,0.0,0.0,144000.0
05/13/2019,5.75,5.75,5.25,5.3,0.0,0.0,78700.0
05/06/2019,5.3,6.249,5.25,5.6001,0.0,0.0,163700.0
04/29/2019,4.72,5.45,4.59,5.3,0.0,0.0,96500.0
04/22/2019,4.8,4.9,4.6,4.6,0.0,0.0,144600.0
04/15/2019,4.84,4.89,4.46,4.65,0.0,0.0,70300.0
04/08/2019,4.88,5.0,4.55,4.73,0.0,0.0,117000.0
04/01/2019,4.75,5.13,4.55,4.88,0.0,0.0,171800.0
03/25/2019,4.75,5.45,4.6,4.8,0.0,0.0,221300.0
03/18/2019,4.95,5.0,4.5,4.75,0.0,0.0,180900.0
03/11/2019,4.9,5.01,4.68,4.94,0.0,0.0,53000.0
03/04/2019,5.05,5.05,4.9,4.9,0.0,0.0,58400.0
02/25/2019,5.1,5.49,4.76,5.05,0.0,0.0,44500.0
02/18/2019,5.1,5.1,4.98,5.1,0.0,0.0,9900.0
02/11/2019,4.38,5.5,4.15,5.09,0.0,0.0,27700.0
02/04/2019,5.09,5.09,4.15,4.4,0.0,0.0,22100.0
01/28/2019,5.0,5.4999,4.8,5.05,0.0,0.0,16100.0
01/21/2019,4.25,5.3,4.25,5.0,0.0,0.0,50800.0
01/14/2019,4.3,4.74,4.3,4.74,0.0,0.0,9900.0
01/07/2019,4.625,4.8,3.7,4.3,0.0,0.0,13900.0
12/31/2018,4.0,5.0,4.0,4.53,0.0,0.0,94000.0
12/24/2018,4.0,4.0,3.1101,3.81,0.0,0.0,8500.0
12/17/2018,4.0,4.0,3.61,3.9,0.0,0.0,13000.0
12/10/2018,4.21,4.21,4.04,4.05,0.0,0.0,6500.0
12/03/2018,3.49,4.3,3.49,4.2955,0.0,0.0,19000.0
11/26/2018,3.4,3.49,3.395,3.45,0.0,0.0,18700.0
11/19/2018,3.3,3.6,3.3,3.4,0.0,0.0,11000.0
11/12/2018,3.74,4.74,3.12,3.3,0.0,0.0,171800.0
11/05/2018,3.9,4.0,3.7,3.75,0.0,0.0,12600.0
10/29/2018,4.74,4.74,4.0,4.0,0.0,0.0,9800.0
10/22/2018,5.1,5.1,4.55,4.75,0.0,0.0,36900.0
10/15/2018,4.7,5.49,4.7,5.16,0.0,0.0,129900.0
10/08/2018,4.7,4.95,4.3,4.8,0.0,0.0,93500.0
10/01/2018,4.3,4.65,4.07,4.6,0.0,0.0,39100.0
09/24/2018,4.4,4.55,4.32,4.35,0.0,0.0,23600.0
09/17/2018,4.2,4.4,3.95,4.32,0.0,0.0,43300.0
09/10/2018,3.85,4.25,3.73,4.2,0.0,0.0,28000.0
09/03/2018,3.6,3.95,3.6,3.93,0.0,0.0,66300.0
08/27/2018,3.7,4.0,3.59,3.59,0.0,0.0,11500.0
08/20/2018,3.6,4.0,3.51,3.8,0.0,0.0,3600.0
08/13/2018,3.45,4.0,3.45,3.6,0.0,0.0,34300.0
08/06/2018,3.75,3.75,3.15,3.25,0.0,0.0,4300.0
07/30/2018,3.6,3.8,3.25,3.75,0.0,0.0,3400.0
07/23/2018,3.7,3.7,3.31,3.6,0.0,0.0,14900.0
07/16/2018,4.0,4.0,3.44,3.44,0.0,0.0,10600.0
07/09/2018,4.1,4.15,3.8,3.99,0.0,0.0,12000.0
07/02/2018,4.0,4.15,3.69,4.15,0.0,0.0,46500.0
06/25/2018,3.65,3.65,3.45,3.45,0.0,0.0,27800.0
06/18/2018,3.5,3.5,3.1,3.34,0.0,0.0,178600.0
06/11/2018,2.95,3.7,2.95,3.6,0.0,0.0,54500.0
06/04/2018,3.04,3.051,2.88,2.95,0.0,0.0,29800.0
05/28/2018,3.0,3.09,2.85,3.07,0.0,0.0,5700.0
05/21/2018,2.98,3.2,2.23,3.0,0.0,0.0,105100.0
05/14/2018,2.93,2.98,2.89,2.98,0.0,0.0,16100.0
05/07/2018,2.82,2.97,2.66,2.93,0.0,0.0,2500.0
04/30/2018,3.0,3.0,2.75,2.96,0.0,0.0,5400.0
04/23/2018,3.0,3.0,2.81,2.99,0.0,0.0,23100.0
04/16/2018,2.85,3.0,2.8,3.0,0.0,0.0,10700.0
04/09/2018,3.25,3.3,2.7,3.0,0.0,0.0,52600.0
04/02/2018,3.0,3.0,2.53,3.0,0.0,0.0,8900.0
03/26/2018,3.2,3.25,2.53,3.0,0.0,0.0,24500.0
03/19/2018,2.68,3.72,2.05,3.2,0.0,0.0,208200.0
03/12/2018,3.75,3.75,2.8,3.0,0.0,0.0,82700.0
03/05/2018,4.0,4.0,3.63,3.63,0.0,0.0,13300.0
02/26/2018,3.99,4.0,3.75,4.0,0.0,0.0,12900.0
02/19/2018,4.0,4.0,3.85,3.85,0.0,0.0,12500.0
02/12/2018,4.79,5.0,3.9999,4.0,0.0,0.0,15100.0
02/05/2018,5.0,5.0,4.8,4.85,0.0,0.0,6400.0
01/29/2018,5.0,5.2,4.95,5.1899,0.0,0.0,4100.0
01/22/2018,4.99,5.25,4.65,5.23,0.0,0.0,12600.0
01/15/2018,5.0,5.0,4.77,4.92,0.0,0.0,2600.0
01/08/2018,4.49,5.05,4.49,5.0,0.0,0.0,8400.0
01/01/2018,4.49,4.97,4.39,4.5,0.0,0.0,10200.0
12/25/2017,4.96,5.24,3.51,4.99,0.0,0.0,31100.0
12/18/2017,5.1345,5.49,4.67,4.96,0.0,0.0,14700.0
12/11/2017,5.0,6.0,5.0,5.0,0.0,0.0,22500.0
12/04/2017,6.0,6.36,5.0,5.0,0.0,0.0,27000.0
11/27/2017,7.4,9.04,5.3,5.6,0.0,0.0,174400.0
11/20/2017,5.4,10.0,4.75,7.15,0.0,0.0,67200.0
11/13/2017,4.91,5.45,4.32,5.15,0.0,0.0,25900.0
11/06/2017,5.0,5.29,4.7,4.9,0.0,0.0,48900.0
10/30/2017,5.0,5.29,4.95,4.96,0.0,0.0,71500.0
10/23/2017,5.0,5.29,4.71,5.0,0.0,0.0,9700.0
10/16/2017,4.8,4.9,4.8,4.9,0.0,0.0,300.0
10/09/2017,5.05,5.05,5.05,5.05,0.0,0.0,200.0
10/02/2017,5.25,5.7,4.75,5.05,0.0,0.0,6500.0
09/25/2017,6.0,6.0,5.0,5.18,0.0,0.0,38000.0
09/18/2017,5.75,5.75,5.75,5.75,0.0,0.0,100.0
09/11/2017,5.75,4.9E-324,1.7976931348623157E308,0.0,0.0,0.0,0
09/04/2017,5.85,6.0,5.05,5.05,0.0,0.0,23900.0
08/28/2017,6.0,6.0,5.84,5.85,0.0,0.0,48000.0
08/21/2017,6.25,6.25,5.95,5.95,0.0,0.0,11400.0
08/14/2017,6.0,6.25,6.0,6.0,0.0,0.0,8700.0
08/07/2017,7.5,7.5,6.0,6.0,0.0,0.0,11500.0
07/31/2017,5.1,5.5,5.1,5.5,0.0,0.0,10100.0
