12/26/2022,9.83,9.88,9.825,9.825,0.0,0.0,286400.0
12/19/2022,9.83,9.87,9.83,9.84,0.0,0.0,321700.0
12/12/2022,9.85,9.88,9.85,9.87,0.0,0.0,1263400.0
12/05/2022,9.88,9.9,9.83,9.87,0.0,0.0,202600.0
11/28/2022,9.85,9.85,9.82,9.85,0.0,0.0,1829200.0
11/21/2022,9.85,9.855,9.82,9.83,0.0,0.0,1499900.0
11/14/2022,9.85,9.8716,9.8,9.84,0.0,0.0,522400.0
11/07/2022,9.88,9.9,9.845,9.85,0.0,0.0,82500.0
10/31/2022,9.85,9.885,9.85,9.85,0.0,0.0,122000.0
10/24/2022,9.82,9.9,9.79,9.89,0.0,0.0,1746200.0
10/17/2022,9.81,9.89,9.8,9.82,0.0,0.0,113300.0
10/10/2022,9.78,9.83,9.78,9.8,0.0,0.0,410400.0
10/03/2022,9.74,9.84,9.74,9.8,0.0,0.0,456700.0
09/26/2022,9.77,9.78,9.74,9.7799,0.0,0.0,345000.0
09/19/2022,9.76,9.78,9.75,9.76,0.0,0.0,2290500.0
09/12/2022,9.74,9.76,9.73,9.75,0.0,0.0,1732600.0
09/05/2022,9.74,9.75,9.73,9.75,0.0,0.0,104500.0
08/29/2022,9.75,9.76,9.73,9.75,0.0,0.0,767000.0
08/22/2022,9.765,9.765,9.74,9.75,0.0,0.0,3429900.0
08/15/2022,9.77,9.78,9.75,9.77,0.0,0.0,1520300.0
08/08/2022,9.78,9.785,9.75,9.77,0.0,0.0,474200.0
08/01/2022,9.79,9.81,9.75,9.77,0.0,0.0,1927200.0
07/25/2022,9.7812,9.8,9.78,9.8,0.0,0.0,297700.0
07/18/2022,9.77,9.8,9.76,9.8,0.0,0.0,1109900.0
07/11/2022,9.76,9.77,9.74,9.77,0.0,0.0,867000.0
07/04/2022,9.745,9.76,9.7436,9.76,0.0,0.0,1256400.0
06/27/2022,9.75,9.755,9.73,9.755,0.0,0.0,1735000.0
06/20/2022,9.76,9.76,9.74,9.75,0.0,0.0,1558200.0
06/13/2022,9.77,9.79,9.75,9.76,0.0,0.0,517200.0
06/06/2022,9.78,9.78,9.76,9.77,0.0,0.0,1032100.0
05/30/2022,9.76,9.8,9.74,9.76,0.0,0.0,2679500.0
05/23/2022,9.76,9.79,9.74,9.75,0.0,0.0,348000.0
05/16/2022,9.77,9.84,9.74,9.75,0.0,0.0,1306500.0
05/09/2022,9.78,9.79,9.75,9.75,0.0,0.0,114400.0
05/02/2022,9.8,9.81,9.78,9.79,0.0,0.0,246300.0
04/25/2022,9.82,9.82,9.8,9.81,0.0,0.0,67200.0
04/18/2022,9.83,9.83,9.8,9.8,0.0,0.0,622600.0
04/11/2022,9.81,9.85,9.81,9.83,0.0,0.0,28700.0
04/04/2022,9.83,9.83,9.8,9.8,0.0,0.0,26600.0
03/28/2022,9.7817,9.83,9.76,9.82,0.0,0.0,14400.0
03/21/2022,9.75,9.79,9.75,9.78,0.0,0.0,242900.0
03/14/2022,9.75,9.78,9.75,9.77,0.0,0.0,93200.0
03/07/2022,9.78,9.79,9.75,9.77,0.0,0.0,340400.0
02/28/2022,9.75,9.77,9.74,9.77,0.0,0.0,13500.0
02/21/2022,9.7,9.78,9.7,9.76,0.0,0.0,107100.0
02/14/2022,9.8,9.8,9.74,9.74,0.0,0.0,3300.0
02/07/2022,9.8,9.82,9.775,9.775,0.0,0.0,11500.0
01/31/2022,9.75,9.8,9.75,9.8,0.0,0.0,126200.0
01/24/2022,9.74,9.8,9.7,9.76,0.0,0.0,395400.0
01/17/2022,9.81,9.81,9.75,9.76,0.0,0.0,149200.0
01/10/2022,9.98,9.98,9.76,9.78,0.0,0.0,36200.0
01/03/2022,9.8,9.88,9.79,9.88,0.0,0.0,42000.0
12/27/2021,9.8,9.8,9.78,9.8,0.0,0.0,6800.0
12/20/2021,9.8,9.83,9.79,9.8,0.0,0.0,55500.0
12/13/2021,9.865,9.94,9.82,9.9,0.0,0.0,186400.0
12/06/2021,9.9,9.93,9.85,9.87,0.0,0.0,941900.0
11/29/2021,10.0,10.0,9.83,9.8827,0.0,0.0,717600.0
11/22/2021,10.0,10.05,9.99,10.0,0.0,0.0,86500.0
11/15/2021,9.97,10.0,9.94,10.0,0.0,0.0,425000.0
11/08/2021,9.87,9.9,9.86,9.89,0.0,0.0,152000.0
11/01/2021,9.83,9.88,9.83,9.86,0.0,0.0,694600.0
10/25/2021,9.82,9.85,9.8008,9.85,0.0,0.0,176300.0
10/18/2021,9.78,9.85,9.77,9.85,0.0,0.0,31400.0
10/11/2021,9.76,9.85,9.75,9.77,0.0,0.0,202000.0
10/04/2021,9.86,9.95,9.725,9.88,0.0,0.0,537600.0
09/27/2021,9.76,9.85,9.76,9.85,0.0,0.0,2900.0
09/20/2021,9.83,9.83,9.76,9.8,0.0,0.0,2000.0
09/13/2021,9.77,9.85,9.74,9.82,0.0,0.0,27200.0
09/06/2021,9.7,9.85,9.7,9.77,0.0,0.0,666800.0
08/30/2021,9.76,9.79,9.72,9.79,0.0,0.0,11900.0
08/23/2021,9.7,9.85,9.69,9.76,0.0,0.0,1632100.0
08/16/2021,9.75,9.78,9.71,9.71,0.0,0.0,350900.0
08/09/2021,9.77,9.85,9.75,9.77,0.0,0.0,32000.0
08/02/2021,9.89,9.93,9.75,9.79,0.0,0.0,1418400.0
07/26/2021,9.96,9.96,9.65,9.84,0.0,0.0,801000.0
07/19/2021,10.0,10.0,9.89,9.9533,0.0,0.0,148100.0
07/12/2021,10.02,10.05,9.9601,9.99,0.0,0.0,24500.0
07/05/2021,10.15,10.15,9.99,10.04,0.0,0.0,78000.0
06/28/2021,10.08,10.15,10.0,10.08,0.0,0.0,1257700.0
06/21/2021,10.03,10.09,9.95,10.09,0.0,0.0,80700.0
06/14/2021,10.1,10.14,10.02,10.068,0.0,0.0,37300.0
06/07/2021,9.98,10.1963,9.98,10.1,0.0,0.0,1755100.0
05/31/2021,10.01,10.02,9.975,10.0,0.0,0.0,284500.0
05/24/2021,10.14,10.14,10.01,10.01,0.0,0.0,21300.0
05/17/2021,10.14,10.19,10.01,10.12,0.0,0.0,23600.0
05/10/2021,10.08,10.19,10.02,10.15,0.0,0.0,133900.0
05/03/2021,10.1,10.19,10.06,10.125,0.0,0.0,183900.0
04/26/2021,10.31,10.8254,10.1,10.1,0.0,0.0,79000.0
04/19/2021,10.1,10.27,10.1,10.17,0.0,0.0,428800.0
