01/01/2022,3.78,6.52,10.28,0.0,0.0
01/01/2021,3.75,8.67,0.0,0.0,0.0
01/01/2020,4.03,11.81,0.0,0.0,0.0
01/01/2019,4.1,14.01,0.0,0.0,0.0
01/01/2018,6.95,14.65,0.0,0.0,0.0
01/01/2017,9.26,14.66,0.0,0.0,0.0
01/01/2016,13.59,15.15,0.0,0.0,0.0
01/01/2015,19.59,15.84,0.0,0.0,0.0
01/01/2014,23.92,16.1,0.0,0.0,0.0
01/01/2013,22.35,14.94,0.0,0.0,0.0
01/01/2012,20.05,14.03,0.0,0.0,0.0
01/01/2011,16.72,0.0,0.0,0.0,0.0
01/01/2010,12.09,0.0,0.0,0.0,0.0
01/01/2009,8.28,0.0,0.0,0.0,0.0
01/01/2008,7.52,0.0,0.0,0.0,0.0
01/01/2007,8.0,0.0,0.0,0.0,0.0
01/01/2006,0.0,0.0,0.0,0.0,0.0
01/01/2005,0.0,0.0,0.0,0.0,0.0
01/01/2004,0.0,0.0,0.0,0.0,0.0
01/01/2003,0.0,0.0,0.0,0.0,0.0
