01/01/2022,466.46,335.37,188.36,129.38,0.0
01/01/2021,436.28,298.1,164.95,113.75,0.0
01/01/2020,342.24,237.56,131.02,0.0,0.0
01/01/2019,315.82,209.22,114.01,0.0,0.0
01/01/2018,254.64,169.2,92.08,0.0,0.0
01/01/2017,204.28,132.39,73.35,0.0,0.0
01/01/2016,159.92,102.11,57.57,0.0,0.0
01/01/2015,132.88,83.7,47.87,0.0,0.0
01/01/2014,102.63,63.9,38.2,0.0,0.0
01/01/2013,83.76,52.81,32.27,0.0,0.0
01/01/2012,60.51,41.34,26.38,0.0,0.0
01/01/2011,44.3,31.81,21.58,0.0,0.0
01/01/2010,34.51,24.47,0.0,0.0,0.0
01/01/2009,25.18,18.79,0.0,0.0,0.0
01/01/2008,21.85,14.95,0.0,0.0,0.0
01/01/2007,22.17,14.31,0.0,0.0,0.0
01/01/2006,19.31,13.02,0.0,0.0,0.0
01/01/2005,14.43,12.04,0.0,0.0,0.0
01/01/2004,12.41,12.5,0.0,0.0,0.0
01/01/2003,8.05,11.73,0.0,0.0,0.0
01/01/2002,6.46,11.43,0.0,0.0,0.0
01/01/2001,6.73,11.35,0.0,0.0,0.0
01/01/2000,9.65,0.0,0.0,0.0,0.0
01/01/1999,12.6,0.0,0.0,0.0,0.0
01/01/1998,15.41,0.0,0.0,0.0,0.0
01/01/1997,16.4,0.0,0.0,0.0,0.0
01/01/1996,15.98,0.0,0.0,0.0,0.0
01/01/1995,0.0,0.0,0.0,0.0,0.0
01/01/1994,0.0,0.0,0.0,0.0,0.0
01/01/1993,0.0,0.0,0.0,0.0,0.0
07/01/1992,0.0,0.0,0.0,0.0,0.0
