01/01/2022,11.02,20.9,20.64,0.0,0.0
01/01/2021,16.53,21.88,21.96,0.0,0.0
01/01/2020,22.38,21.9,22.91,0.0,0.0
01/01/2019,27.9,23.21,23.71,0.0,0.0
01/01/2018,30.78,23.68,0.0,0.0,0.0
01/01/2017,30.77,23.84,0.0,0.0,0.0
01/01/2016,27.22,22.92,0.0,0.0,0.0
01/01/2015,21.41,21.39,0.0,0.0,0.0
01/01/2014,18.52,20.09,0.0,0.0,0.0
01/01/2013,16.57,19.57,0.0,0.0,0.0
01/01/2012,16.91,20.39,0.0,0.0,0.0
01/01/2011,18.62,22.03,0.0,0.0,0.0
01/01/2010,21.36,23.92,0.0,0.0,0.0
01/01/2009,21.67,24.21,0.0,0.0,0.0
01/01/2008,22.57,0.0,0.0,0.0,0.0
01/01/2007,23.86,0.0,0.0,0.0,0.0
01/01/2006,25.45,0.0,0.0,0.0,0.0
01/01/2005,26.48,0.0,0.0,0.0,0.0
01/01/2004,26.76,0.0,0.0,0.0,0.0
01/01/2003,0.0,0.0,0.0,0.0,0.0
01/01/2002,0.0,0.0,0.0,0.0,0.0
01/01/2001,0.0,0.0,0.0,0.0,0.0
02/01/2000,0.0,0.0,0.0,0.0,0.0
