01/01/2022,26.93,67.62,259.86,0.0,0.0
01/01/2021,37.38,97.29,0.0,0.0,0.0
01/01/2020,42.39,131.0,0.0,0.0,0.0
01/01/2019,41.97,161.09,0.0,0.0,0.0
01/01/2018,70.8,200.4,0.0,0.0,0.0
01/01/2017,108.3,216.45,0.0,0.0,0.0
01/01/2016,157.2,239.85,0.0,0.0,0.0
01/01/2015,219.6,258.6,0.0,0.0,0.0
01/01/2014,280.2,291.3,0.0,0.0,0.0
01/01/2013,330.0,367.8,0.0,0.0,0.0
01/01/2012,324.6,452.1,0.0,0.0,0.0
01/01/2011,322.5,0.0,0.0,0.0,0.0
01/01/2010,297.6,0.0,0.0,0.0,0.0
01/01/2009,302.4,0.0,0.0,0.0,0.0
01/01/2008,405.6,0.0,0.0,0.0,0.0
01/01/2007,579.6,0.0,0.0,0.0,0.0
01/01/2006,0.0,0.0,0.0,0.0,0.0
01/01/2005,0.0,0.0,0.0,0.0,0.0
01/01/2004,0.0,0.0,0.0,0.0,0.0
10/01/2003,0.0,0.0,0.0,0.0,0.0
