01/01/2022,79.71,81.66,57.36,40.44,0.0
01/01/2021,94.75,77.85,54.45,38.07,0.0
01/01/2020,94.01,70.22,49.72,34.69,0.0
01/01/2019,86.64,64.31,45.32,31.63,0.0
01/01/2018,82.96,60.02,41.98,29.19,0.0
01/01/2017,83.6,56.14,39.7,27.51,0.0
01/01/2016,60.95,44.87,32.45,22.52,0.0
01/01/2015,46.42,39.27,27.66,0.0,0.0
01/01/2014,41.98,37.66,25.02,0.0,0.0
01/01/2013,37.09,35.78,22.38,0.0,0.0
01/01/2012,28.68,33.06,19.84,0.0,0.0
01/01/2011,28.8,31.04,18.18,0.0,0.0
01/01/2010,32.11,29.22,16.93,0.0,0.0
01/01/2009,33.33,26.32,15.29,0.0,0.0
01/01/2008,34.46,23.94,13.77,0.0,0.0
01/01/2007,37.45,23.26,13.19,0.0,0.0
01/01/2006,33.29,20.04,11.35,0.0,0.0
01/01/2005,26.34,16.06,0.0,0.0,0.0
01/01/2004,19.32,12.37,0.0,0.0,0.0
01/01/2003,13.43,8.99,0.0,0.0,0.0
01/01/2002,9.08,6.61,0.0,0.0,0.0
01/01/2001,6.78,5.31,0.0,0.0,0.0
01/01/2000,5.77,4.63,0.0,0.0,0.0
01/01/1999,5.43,4.25,0.0,0.0,0.0
01/01/1998,4.56,3.6,0.0,0.0,0.0
01/01/1997,4.14,3.11,0.0,0.0,0.0
01/01/1996,3.83,2.66,0.0,0.0,0.0
01/01/1995,3.49,0.0,0.0,0.0,0.0
01/01/1994,3.06,0.0,0.0,0.0,0.0
01/01/1993,2.64,0.0,0.0,0.0,0.0
01/01/1992,2.08,0.0,0.0,0.0,0.0
01/01/1991,1.49,0.0,0.0,0.0,0.0
01/01/1990,0.0,0.0,0.0,0.0,0.0
01/01/1989,0.0,0.0,0.0,0.0,0.0
01/01/1988,0.0,0.0,0.0,0.0,0.0
10/01/1987,0.0,0.0,0.0,0.0,0.0
