01/01/2022,24.62,41.22,36.5,0.0,0.0
01/01/2021,26.73,42.71,35.2,0.0,0.0
01/01/2020,26.46,41.8,33.37,0.0,0.0
01/01/2019,31.14,43.87,33.02,0.0,0.0
01/01/2018,44.85,45.67,32.88,0.0,0.0
01/01/2017,57.81,46.39,32.95,0.0,0.0
01/01/2016,58.68,44.63,31.14,0.0,0.0
01/01/2015,57.13,43.45,29.18,0.0,0.0
01/01/2014,56.6,42.16,0.0,0.0,0.0
01/01/2013,46.48,37.54,0.0,0.0,0.0
01/01/2012,34.97,31.79,0.0,0.0,0.0
01/01/2011,30.59,27.7,0.0,0.0,0.0
01/01/2010,29.78,24.95,0.0,0.0,0.0
01/01/2009,27.72,22.16,0.0,0.0,0.0
01/01/2008,28.59,20.09,0.0,0.0,0.0
01/01/2007,28.62,19.51,0.0,0.0,0.0
01/01/2006,24.81,17.64,0.0,0.0,0.0
01/01/2005,20.13,14.9,0.0,0.0,0.0
01/01/2004,16.61,0.0,0.0,0.0,0.0
01/01/2003,11.59,0.0,0.0,0.0,0.0
01/01/2002,10.41,0.0,0.0,0.0,0.0
01/01/2001,10.48,0.0,0.0,0.0,0.0
01/01/2000,9.68,0.0,0.0,0.0,0.0
01/01/1999,0.0,0.0,0.0,0.0,0.0
01/01/1998,0.0,0.0,0.0,0.0,0.0
01/01/1997,0.0,0.0,0.0,0.0,0.0
11/01/1996,0.0,0.0,0.0,0.0,0.0
