01/01/2022,177.83,182.94,125.87,129.93,0.0,0.0,22069280262
01/01/2021,133.52,182.13,116.21,177.57,0.0,0.0,22816329724
01/01/2020,74.06,138.789,53.1525,132.69,0.0,0.0,39877745540
01/01/2019,38.7225,73.4925,35.5,73.4125,0.0,0.0,28350830812
01/01/2018,42.54,58.3675,36.6475,39.435,0.0,0.0,34157497568
01/01/2017,28.95,44.3,28.69,42.3075,0.0,0.0,27246104368
01/01/2016,25.6525,29.6725,22.3675,28.955,0.0,0.0,38743770024
01/01/2015,27.8475,33.635,23.0,26.315,0.0,0.0,52273208352
01/01/2014,19.8457,29.9375,17.6268,27.595,0.0,0.0,63737135660
01/01/2013,19.7793,20.5407,13.7536,20.0364,0.0,0.0,102438754736
01/01/2012,14.6379,25.1811,14.6071,19.0061,0.0,0.0,131997230496
01/01/2011,11.63,15.2393,11.0893,14.4643,0.0,0.0,124070375536
01/01/2010,7.6225,11.6664,6.7946,11.52,0.0,0.0,151047716016
01/01/2009,3.0671,7.6411,2.7929,7.5261,0.0,0.0,143391990496
01/01/2008,7.1157,7.1521,2.8264,3.0482,0.0,0.0,286133501696
01/01/2007,3.0818,7.2486,2.925,7.0743,0.0,0.0,247218787552
01/01/2006,2.585,3.3271,1.7914,3.03,0.0,0.0,215866838896
01/01/2005,1.1568,2.695,1.1179,2.5675,0.0,0.0,183208000144
01/01/2004,0.3848,1.2423,0.3782,1.15,0.0,0.0,122084175568
01/01/2003,0.2564,0.4466,0.2271,0.3816,0.0,0.0,71368831016
01/01/2002,0.3937,0.4673,0.2386,0.2559,0.0,0.0,77117612632
01/01/2001,0.2657,0.4843,0.2579,0.3911,0.0,0.0,94327070800
01/01/2000,0.9364,1.3427,0.2434,0.2657,0.0,0.0,120308829464
01/01/1999,0.3762,1.0536,0.2857,0.9179,0.0,0.0,137099098776
01/01/1998,0.1222,0.3906,0.1205,0.3655,0.0,0.0,114043902144
01/01/1997,0.1864,0.2656,0.1138,0.1172,0.0,0.0,71819384452
01/01/1996,0.2879,0.317,0.1429,0.1864,0.0,0.0,53078847288
01/01/1995,0.3471,0.4475,0.2824,0.2846,0.0,0.0,74206116752
01/01/1994,0.2645,0.3906,0.2199,0.3482,0.0,0.0,56502374184
01/01/1993,0.5312,0.5826,0.1964,0.2612,0.0,0.0,56483983864
01/01/1992,0.5033,0.625,0.3705,0.5335,0.0,0.0,41233008516
01/01/1991,0.3839,0.654,0.3594,0.5033,0.0,0.0,53499664988
01/01/1990,0.3125,0.4263,0.2165,0.3839,0.0,0.0,43133749616
01/01/1989,0.3594,0.4498,0.2902,0.3125,0.0,0.0,46822906898
01/01/1988,0.3772,0.4263,0.317,0.3594,0.0,0.0,41302314018
01/01/1987,0.1803,0.5335,0.1792,0.375,0.0,0.0,345178085112
01/01/1986,0.0982,0.1959,0.0971,0.1808,0.0,0.0,427653570720
01/01/1985,0.13,0.1389,0.0647,0.0982,0.0,0.0,365189708368
10/01/1984,0.1116,0.1306,0.0976,0.13,0.0,0.0,83443143840
