01/01/2022,2.44,2.6,0.2611,0.7667,0.0,0.0,374758503.0
01/01/2021,3.57,8.66,2.25,2.39,0.0,0.0,156349000.0
01/01/2020,12.54,16.62,2.5344,4.1406,0.0,0.0,139992311.0
01/01/2019,91.56,105.42,8.94,12.24,0.0,0.0,56637962.0
01/01/2018,130.2,218.1,77.16,93.48,0.0,0.0,28648777.0
01/01/2017,113.4,198.0,81.6,128.7,0.0,0.0,37636290.0
01/01/2016,251.82,256.02,98.4,112.8,0.0,0.0,28222408.0
01/01/2015,247.62,272.7,153.0,256.68,0.0,0.0,28422827.0
01/01/2014,175.14,249.9,165.06,245.22,0.0,0.0,23975230.0
01/01/2013,152.52,245.22,146.88,175.2,0.0,0.0,16000414.0
01/01/2012,146.16,166.44,126.24,149.16,0.0,0.0,16963103.0
01/01/2011,164.46,200.88,110.16,143.04,0.0,0.0,29931125.0
01/01/2010,152.64,242.88,149.94,163.56,0.0,0.0,28447213.0
01/01/2009,123.12,175.62,93.12,151.2,0.0,0.0,29894944.0
01/01/2008,130.56,213.9,86.52,123.06,0.0,0.0,32217376.0
01/01/2007,95.04,159.48,90.36,131.76,0.0,0.0,13919460.0
03/01/2006,37.8,123.6,13.2,95.04,0.0,0.0,36650679.0
