01/01/2022,27.08,51.95,26.98,46.68,0.0,0.0,2168804200
01/01/2021,14.65,31.14,14.03,26.89,0.0,0.0,2162441400
01/01/2020,25.7,33.77,3.8,14.19,0.0,0.0,3428585296
01/01/2019,25.61,38.115,18.33,25.59,0.0,0.0,1301550200
01/01/2018,42.65,50.03,24.56,26.25,0.0,0.0,1062583000
01/01/2017,64.71,64.92,38.14,42.22,0.0,0.0,898819100
01/01/2016,44.25,69.0,32.2,63.47,0.0,0.0,1096309600
01/01/2015,62.18,71.87,35.79,44.47,0.0,0.0,1126076200
01/01/2014,85.82,104.57,54.34,62.67,0.0,0.0,864683000
01/01/2013,80.0,94.84,67.91,85.94,0.0,0.0,798115600
01/01/2012,93.94,112.09,74.5,78.5,0.0,0.0,744678000
01/01/2011,120.59,134.13,73.04,90.58,0.0,0.0,831648300
01/01/2010,104.94,120.8,81.94,119.23,0.0,0.0,976314100
01/01/2009,74.84,106.46,51.03,103.17,0.0,0.0,1038296900
01/01/2008,108.53,149.23,57.11,74.53,0.0,0.0,1299627600
01/01/2007,68.24,109.32,63.01,107.54,0.0,0.0,862629600
01/01/2006,69.83,76.25,56.5,66.51,0.0,0.0,887744600
01/01/2005,50.57,78.15,47.45,68.52,0.0,0.0,737652800
01/01/2004,40.625,55.16,36.79,50.57,0.0,0.0,557976300
01/01/2003,28.84,41.675,27.575,40.55,0.0,0.0,802825586
01/01/2002,24.58,30.32,22.18,28.495,0.0,0.0,787751582
01/01/2001,34.815,36.44,19.125,24.94,0.0,0.0,957201990
01/01/2000,18.345,37.095,16.065,35.03,0.0,0.0,647858584
01/01/1999,12.69,24.97,8.815,18.47,0.0,0.0,450321983
01/01/1998,17.2813,19.375,10.53,12.655,0.0,0.0,242220524
01/01/1997,17.625,22.5625,15.0625,17.5313,0.0,0.0,248003788
01/01/1996,14.75,18.9375,12.1875,17.5625,0.0,0.0,225587192
01/01/1995,12.625,15.5,11.125,14.75,0.0,0.0,183808588
01/01/1994,11.75,14.625,11.125,12.5,0.0,0.0,171390587.0
01/01/1993,9.3125,16.75,8.8125,11.6875,0.0,0.0,154906592.0
01/01/1992,7.9375,11.0625,6.0,9.375,0.0,0.0,119723989.0
01/01/1991,7.3125,10.375,6.0,7.9375,0.0,0.0,92455988.0
01/01/1990,9.0625,10.375,6.6875,7.3125,0.0,0.0,77221992.0
01/01/1989,3.9375,9.1875,3.9375,9.1875,0.0,0.0,76549390.0
01/01/1988,3.75,4.4375,3.0,3.9375,0.0,0.0,19904997.0
01/01/1987,4.5,6.315,3.3125,3.75,0.0,0.0,53700197.0
01/01/1986,5.44,6.0,3.815,4.5,0.0,0.0,45799592.0
01/01/1985,5.065,6.69,4.94,5.44,0.0,0.0,40349396.0
