01/01/2022,15.11,15.23,9.61,10.51,0.0,0.0,47753200.0
01/01/2021,13.57,16.4431,13.15,15.11,0.0,0.0,50118800.0
01/01/2020,11.03,13.8899,5.41,13.54,0.0,0.0,68867100.0
01/01/2019,8.8,11.23,8.79,11.0,0.0,0.0,48939400.0
01/01/2018,11.19,12.94,8.17,8.86,0.0,0.0,76775600.0
01/01/2017,10.16,11.75,10.12,11.19,0.0,0.0,67559800.0
01/01/2016,9.79,10.76,8.16,10.09,0.0,0.0,74558400.0
01/01/2015,12.9,13.53,9.37,9.91,0.0,0.0,61766700.0
01/01/2014,13.17,14.5,12.05,12.84,0.0,0.0,43686000.0
01/01/2013,12.02,13.55,11.81,13.26,0.0,0.0,52942000.0
01/01/2012,11.39,12.98,11.29,11.94,0.0,0.0,49276600.0
01/01/2011,13.13,13.62,10.54,11.26,0.0,0.0,55839200.0
01/01/2010,12.34,13.34,10.26,13.18,0.0,0.0,51904200.0
01/01/2009,8.45,12.62,6.27,12.32,0.0,0.0,47697300.0
01/01/2008,14.56,16.47,5.5,8.29,0.0,0.0,44676400.0
01/01/2007,20.27,20.49,13.23,14.55,0.0,0.0,37902400.0
01/01/2006,19.91,21.01,18.61,20.31,0.0,0.0,23134100.0
01/01/2005,20.7,21.21,17.3,19.81,0.0,0.0,26155800.0
01/01/2004,20.9,21.93,16.26,20.69,0.0,0.0,33719700.0
01/01/2003,15.96,21.49,15.6,21.0,0.0,0.0,49746200.0
07/01/2002,15.0,16.35,13.0,16.03,0.0,0.0,15981700.0
