01/01/2022,36.35,38.88,21.36,38.62,0.0,0.0,169100256.0
01/01/2021,25.99,44.07,23.4,36.1,0.0,0.0,130003600.0
01/01/2020,15.97,28.1254,5.75,25.99,0.0,0.0,93942200.0
01/01/2019,13.1,18.36,13.1,15.75,0.0,0.0,67559300.0
01/01/2018,13.85,17.99,11.625,13.34,0.0,0.0,87003600.0
01/01/2017,15.7,18.25,12.45,13.65,0.0,0.0,84458000.0
01/01/2016,15.12,16.75,9.84,15.5,0.0,0.0,63073557.0
01/01/2015,19.36,26.36,15.08,15.32,0.0,0.0,71645109.0
01/01/2014,15.52,19.32,14.08,19.2,0.0,0.0,48545464.0
01/01/2013,9.8,16.52,9.6,15.64,0.0,0.0,33170189.0
01/01/2012,11.0,11.92,8.64,9.8,0.0,0.0,16967328.0
01/01/2011,19.0,20.08,9.28,10.36,0.0,0.0,27864011.0
01/01/2010,24.04,24.08,11.96,18.76,0.0,0.0,15495188.0
01/01/2009,26.52,36.0,14.16,23.68,0.0,0.0,7946045.0
01/01/2008,38.0,43.32,18.4,25.44,0.0,0.0,6863719.0
01/01/2007,84.84,85.92,35.24,38.04,0.0,0.0,12020735.0
08/01/2006,61.4,87.28,53.2,84.6,0.0,0.0,3740871.0
