01/01/2022,33.62,36.97,15.08,15.68,0.0,0.0,365540927
01/01/2021,29.41,36.97,26.45,33.5,0.0,0.0,294070411
01/01/2020,44.09,45.59,22.88,29.18,0.0,0.0,354971900
01/01/2019,33.75,45.08,32.65,43.9,0.0,0.0,201113700
01/01/2018,41.14,41.55,32.32,34.13,0.0,0.0,230569100
01/01/2017,36.73,41.59,35.98,41.06,0.0,0.0,190164300
01/01/2016,31.0,39.25,24.73,36.56,0.0,0.0,221481300
01/01/2015,28.56,32.32,26.66,31.18,0.0,0.0,278810800
01/01/2014,23.22,29.56,23.1,28.4,0.0,0.0,200451000
01/01/2013,23.46,28.59,22.27,23.29,0.0,0.0,229875300
01/01/2012,18.63,24.77,18.28,23.3,0.0,0.0,311065300
01/01/2011,16.78,21.07,15.1,18.24,0.0,0.0,412225200
01/01/2010,14.32,18.8,12.78,16.6,0.0,0.0,386883600
01/01/2009,12.9,15.09,5.97,14.25,0.0,0.0,626980800
01/01/2008,22.73,26.0,7.5,13.06,0.0,0.0,391539000
01/01/2007,26.59,29.28,21.89,22.61,0.0,0.0,195229900.0
11/01/2006,23.78,27.07,22.99,26.59,0.0,0.0,39560400
