01/01/2022,88.0,88.5264,57.375,76.35,0.0,0.0,21158084.0
01/01/2021,66.65,102.96,63.54,87.71,0.0,0.0,22535410.0
01/01/2020,45.96,68.77,12.97,65.98,0.0,0.0,28684300.0
01/01/2019,25.39,51.46,24.78,45.57,0.0,0.0,10160400.0
01/01/2018,37.4301,55.4149,23.9,25.9,0.0,0.0,8262000.0
01/01/2017,21.135,38.7546,19.6501,37.1509,0.0,0.0,174700.0
01/01/2016,14.296,23.0,9.997,21.3,0.0,0.0,217800.0
01/01/2015,20.6263,23.8519,14.368,14.3812,0.0,0.0,103400.0
01/01/2014,28.1883,28.1883,19.8901,20.6882,0.0,0.0,117600.0
08/01/2013,26.902,27.992,26.1058,27.9412,0.0,0.0,23500.0
