01/01/2022,104.91,116.33,83.76,102.99,0.0,0.0,735048826
01/01/2021,91.78,108.38,85.56,104.9,0.0,0.0,758734000
01/01/2020,91.28,103.79,62.13,91.56,0.0,0.0,937844600
01/01/2019,86.11,97.37,82.46,91.21,0.0,0.0,815972300
01/01/2018,84.28,91.35,71.96,86.3,0.0,0.0,967077200
01/01/2017,77.65,91.8,76.14,84.11,0.0,0.0,651422700
01/01/2016,70.93,87.75,70.16,77.62,0.0,0.0,834637700
01/01/2015,83.54,89.97,65.5,71.39,0.0,0.0,876557500
01/01/2014,69.2,87.29,67.05,83.54,0.0,0.0,786005200
01/01/2013,64.64,75.46,64.16,69.01,0.0,0.0,750413700
01/01/2012,66.33,71.13,59.63,63.8,0.0,0.0,1065303197
01/01/2011,53.76,66.36,50.61,66.0,0.0,0.0,938664554
01/01/2010,51.63,55.8,46.41,53.43,0.0,0.0,675749575
01/01/2009,45.15,53.82,35.16,51.63,0.0,0.0,716791117
01/01/2008,60.39,61.8,40.5,45.03,0.0,0.0,790381980
01/01/2007,60.0,63.9,50.73,60.51,0.0,0.0,652099184
01/01/2006,49.77,62.1,48.492,59.778,0.0,0.0,525754514
01/01/2005,45.756,54.99,43.866,49.41,0.0,0.0,507915899
01/01/2004,37.08,47.088,33.93,45.594,0.0,0.0,466548894
01/01/2003,35.532,38.826,21.978,36.81,0.0,0.0,755423699
01/01/2002,70.29,72.0,29.556,35.172,0.0,0.0,730182911
01/01/2001,76.275,85.932,57.996,70.668,0.0,0.0,480214680
01/01/2000,45.0,81.396,41.175,76.725,0.0,0.0,386892903
01/01/1999,57.654,58.779,41.967,45.117,0.0,0.0,262517221
01/01/1998,49.95,63.9,47.817,57.654,0.0,0.0,433459569
01/01/1997,41.742,50.904,37.692,49.842,0.0,0.0,406539899
01/01/1996,42.417,47.7,39.042,41.625,0.0,0.0,193560774
01/01/1995,34.317,43.092,33.642,42.642,0.0,0.0,132536100.0
01/01/1994,38.142,38.7,29.592,34.317,0.0,0.0,166818548.0
01/01/1993,32.742,40.392,31.842,38.142,0.0,0.0,112174113.0
01/01/1992,31.5,33.75,28.233,32.517,0.0,0.0,127431448.0
01/01/1991,27.45,31.5,24.075,31.5,0.0,0.0,146429003.0
01/01/1990,25.0875,29.142,22.95,27.558,0.0,0.0,335594566
01/01/1989,20.8125,25.425,19.2375,25.2585,0.0,0.0,307919007
01/01/1988,19.4085,22.05,19.0125,20.8125,0.0,0.0,509140351
01/01/1987,20.421,23.2875,17.721,19.296,0.0,0.0,538179467
01/01/1986,15.921,23.4,15.696,20.3625,0.0,0.0,440025679
01/01/1985,13.1625,16.596,12.825,15.921,0.0,0.0,410714564
01/01/1984,11.304,13.554,10.0125,13.05,0.0,0.0,350637224
05/01/1983,10.404,11.8665,9.729,11.304,0.0,0.0,350899490
