01/01/2022,18.41,23.25,13.59,17.64,0.0,0.0,390462360
01/01/2021,14.49,19.005,13.0475,18.45,0.0,0.0,413595200
01/01/2020,9.85,14.905,4.56,14.44,0.0,0.0,523384200
01/01/2019,9.5,12.4,8.75,9.815,0.0,0.0,488516600
01/01/2018,14.58,16.125,8.54,9.64,0.0,0.0,498214200
01/01/2017,10.35,15.2,10.24,14.55,0.0,0.0,591363900
01/01/2016,14.96,15.17,9.8,10.21,0.0,0.0,621696100
01/01/2015,12.81,15.78,11.33,15.38,0.0,0.0,752461400
01/01/2014,15.41,19.68,11.0,12.77,0.0,0.0,485633500
01/01/2013,9.56,16.43,9.24,15.46,0.0,0.0,577309100
01/01/2012,19.4,21.66,8.84,9.42,0.0,0.0,1033875200
01/01/2011,19.27,23.13,13.85,18.94,0.0,0.0,577708700
01/01/2010,20.48,22.55,15.65,19.27,0.0,0.0,537380400
01/01/2009,9.94,22.21,7.61,20.23,0.0,0.0,390053200
01/01/2008,19.55,19.98,4.2,9.92,0.0,0.0,327785400
01/01/2007,27.03,31.38,16.26,19.42,0.0,0.0,291320000
01/01/2006,13.53,29.18,13.45,26.99,0.0,0.0,197362400.0
01/01/2005,10.78,19.09,9.0,13.4,0.0,0.0,193904300.0
01/01/2004,5.25,11.38,5.25,10.67,0.0,0.0,102704500.0
01/01/2003,2.29,6.12,1.91,5.32,0.0,0.0,36068000.0
01/01/2002,3.25,6.67,1.6,2.39,0.0,0.0,28973200.0
01/01/2001,9.22,12.03,1.87,3.24,0.0,0.0,60206300.0
01/01/2000,44.69,89.63,5.56,9.34,0.0,0.0,76228600.0
08/01/1999,16.06,52.38,10.75,44.0,0.0,0.0,28236300.0
