01/01/2022,172.04,183.14,142.8,165.48,0.0,0.0,476280391
01/01/2021,116.43,175.12,106.95,173.82,0.0,0.0,455669100
01/01/2020,111.59,120.97,74.335,117.0,0.0,0.0,536397500
01/01/2019,78.74,113.94,77.85,111.41,0.0,0.0,415569000
01/01/2018,81.84,89.59,74.3,79.75,0.0,0.0,475678900
01/01/2017,67.85,86.54,66.75,81.39,0.0,0.0,446754800
01/01/2016,54.48,69.77,50.81,67.59,0.0,0.0,540714200
01/01/2015,57.53,59.99,50.9,55.45,0.0,0.0,523481600
01/01/2014,48.01,58.74,44.25,57.24,0.0,0.0,511650800
01/01/2013,35.01,48.56,34.43,48.36,0.0,0.0,622513900
01/01/2012,32.09,35.78,30.69,34.47,0.0,0.0,681660000
01/01/2011,27.51,32.0,25.29,31.62,0.0,0.0,889845200
01/01/2010,22.21,27.5,20.21,27.34,0.0,0.0,802288700
01/01/2009,24.17,25.46,17.18,22.08,0.0,0.0,1273932000
01/01/2008,26.5,36.82,20.96,24.27,0.0,0.0,1200285900
01/01/2007,31.0,33.9,23.12,26.47,0.0,0.0,863496400
01/01/2006,32.0,32.73,24.0,30.66,0.0,0.0,665383800
01/01/2005,33.25,34.25,26.67,31.76,0.0,0.0,625133700
01/01/2004,47.75,49.69,22.75,32.9,0.0,0.0,915269300
01/01/2003,45.93,54.97,38.27,47.89,0.0,0.0,530431300
01/01/2002,54.2,57.3,34.61,46.21,0.0,0.0,524948688
01/01/2001,58.375,59.03,39.5,53.725,0.0,0.0,531478990
01/01/2000,47.25,67.845,35.25,58.5,0.0,0.0,462857788
01/01/1999,29.22,48.375,28.565,47.845,0.0,0.0,340238588
01/01/1998,24.7083,32.1875,21.6875,29.22,0.0,0.0,253331687
01/01/1997,17.25,26.6667,17.1042,24.8542,0.0,0.0,292485589
01/01/1996,14.7292,19.1458,14.0417,17.3333,0.0,0.0,236234387
01/01/1995,13.1875,15.0208,12.6875,14.7917,0.0,0.0,195618587
01/01/1994,13.5208,14.7917,11.875,13.2083,0.0,0.0,171038384
01/01/1993,15.2708,16.2708,12.8333,13.5417,0.0,0.0,180759582
01/01/1992,13.4375,15.75,11.875,15.2292,0.0,0.0,150234592.0
01/01/1991,12.9375,14.5417,11.5208,13.5625,0.0,0.0,172580991
01/01/1990,13.0,13.5,9.9583,13.0,0.0,0.0,182324983.0
01/01/1989,9.375,14.9583,9.1875,13.0,0.0,0.0,185433587.0
01/01/1988,8.2917,9.9583,7.5417,9.375,0.0,0.0,165413987.0
11/01/1987,9.0417,9.2083,7.2917,8.25,0.0,0.0,46153197
