01/01/2022,9.0,9.62,3.3,5.5,0.0,0.0,18440014.0
01/01/2021,6.69,12.42,4.56,8.85,0.0,0.0,25149614.0
01/01/2020,2.0,13.0,1.25,6.75,0.0,0.0,29472700.0
01/01/2019,1.67,3.8,1.09,1.94,0.0,0.0,4415300.0
01/01/2018,7.5,9.25,1.31,1.66,0.0,0.0,7136478.0
01/01/2017,19.1,19.6,7.2,7.4,0.0,0.0,3530340.0
01/01/2016,24.5,26.8,9.6,18.4,0.0,0.0,4895560.0
01/01/2015,33.8,48.3,20.5,25.3,0.0,0.0,8727717.0
01/01/2014,62.5,78.0,17.2,33.8,0.0,0.0,19217845.0
01/01/2013,49.5,88.4,44.8,63.2,0.0,0.0,11237744.0
01/01/2012,48.7,74.0,28.5,48.6,0.0,0.0,7072508.0
01/01/2011,17.475,61.0,12.65,47.5,0.0,0.0,827089.0
01/01/2010,7.0,21.25,5.0,17.475,0.0,0.0,253812.0
01/01/2009,15.0,17.5,2.25,5.0,0.0,0.0,123318.0
01/01/2008,852.5,1050.0,7.5,12.5,0.0,0.0,166725.0
09/01/2007,1227.5,1332.5,692.5,870.0,0.0,0.0,12912.0
