01/01/2022,13.58,14.06,1.99,2.26,0.0,0.0,687159300
01/01/2021,17.18,26.75,10.59,13.51,0.0,0.0,325517200
01/01/2020,21.8,28.6,13.63,17.0,0.0,0.0,337515700
01/01/2019,32.45,47.11,15.635,21.585,0.0,0.0,600280300
01/01/2018,59.57,111.36,29.22,32.87,0.0,0.0,762066300
01/01/2017,12.48,61.88,11.41,59.72,0.0,0.0,427038600
01/01/2016,16.42,19.98,10.52,12.27,0.0,0.0,363108500
01/01/2015,15.64,17.55,9.16,16.85,0.0,0.0,379641100
01/01/2014,11.31,17.53,10.1,15.5,0.0,0.0,310197300
01/01/2013,7.59,14.47,7.43,11.35,0.0,0.0,258437400
01/01/2012,5.71,10.98,5.56,7.41,0.0,0.0,287857200
01/01/2011,12.92,12.95,4.07,5.59,0.0,0.0,300906500
01/01/2010,9.41,16.06,9.21,12.85,0.0,0.0,193151900.0
01/01/2009,5.57,10.64,3.9,9.32,0.0,0.0,184226200
01/01/2008,6.67,7.67,2.45,5.56,0.0,0.0,294909700
01/01/2007,15.31,15.44,5.12,6.71,0.0,0.0,487569300
01/01/2006,16.56,23.2,12.71,15.21,0.0,0.0,458457200
01/01/2005,20.29,21.52,13.32,16.46,0.0,0.0,308948200
01/01/2004,13.78,24.14,9.05,20.24,0.0,0.0,267819700.0
01/01/2003,8.6,15.43,4.28,13.61,0.0,0.0,149146100.0
01/01/2002,18.6,18.7,3.8,8.08,0.0,0.0,118848000.0
01/01/2001,50.75,50.75,9.91,18.55,0.0,0.0,269740300
01/01/2000,21.44,70.75,20.38,50.5,0.0,0.0,118659000.0
01/01/1999,16.56,25.38,11.44,21.28,0.0,0.0,33109000.0
01/01/1998,13.0,18.25,10.06,16.5,0.0,0.0,43959300.0
01/01/1997,7.56,18.62,7.56,13.0,0.0,0.0,23308400.0
01/01/1996,5.0,10.75,4.88,7.56,0.0,0.0,13227100.0
01/01/1995,4.75,7.38,3.5,4.88,0.0,0.0,3624000.0
06/01/1994,3.75,5.75,2.56,4.62,0.0,0.0,1090000.0
