01/01/2022,33.74,54.33,32.3808,54.33,0.0,0.0,7927002.0
01/01/2021,13.88,34.92,13.76,33.42,0.0,0.0,5736371.0
01/01/2020,20.09,22.02,8.5,13.75,0.0,0.0,6878700.0
01/01/2019,37.68,44.71,19.25,20.11,0.0,0.0,5035300.0
01/01/2018,25.85,39.86,25.755,38.24,0.0,0.0,8100900.0
01/01/2017,32.8,45.6,22.805,26.0,0.0,0.0,9803200.0
01/01/2016,12.7,40.0,5.0,32.3,0.0,0.0,19964010.0
01/01/2015,93.1,98.1,10.0,12.7,0.0,0.0,14947719.0
01/01/2014,198.8,207.2,79.7,92.5,0.0,0.0,11961815.0
01/01/2013,189.3,243.6,189.3,199.4,0.0,0.0,6501470.0
01/01/2012,273.8,287.0,169.0,185.4,0.0,0.0,6745168.0
01/01/2011,337.0,378.0,233.6,271.1,0.0,0.0,6370319.0
01/01/2010,243.7,333.8,180.0,332.0,0.0,0.0,5273020.0
01/01/2009,176.5,254.7,170.0,242.4,0.0,0.0,4014640.0
01/01/2008,327.4,416.5,126.6,174.5,0.0,0.0,3947329.0
01/01/2007,291.0,430.0,263.8,324.6,0.0,0.0,2289310.0
01/01/2006,252.5,299.9,241.0,289.75,0.0,0.0,2395060.0
01/01/2005,288.25,344.75,240.0,251.25,0.0,0.0,3120920.0
01/01/2004,205.75,289.9,171.5,288.25,0.0,0.0,3095200.0
01/01/2003,103.5,207.45,102.25,207.0,0.0,0.0,1214300.0
11/01/2002,97.0,103.5,94.25,103.5,0.0,0.0,255920.0
