01/01/2022,33.21,38.02,28.69,32.51,0.0,0.0,132466002.0
01/01/2021,27.61,34.87,24.82,33.08,0.0,0.0,119724700.0
01/01/2020,24.3,29.62,19.11,27.42,0.0,0.0,117179600.0
01/01/2019,23.15,30.3,20.94,24.07,0.0,0.0,111380500.0
01/01/2018,30.45,31.775,21.58,23.63,0.0,0.0,240334700
01/01/2017,31.9,38.47,27.65,30.45,0.0,0.0,197923300
01/01/2016,30.41,33.83,18.77,31.5,0.0,0.0,226815900
01/01/2015,36.87,45.53,29.47,30.7,0.0,0.0,196860000.0
01/01/2014,29.38,48.13,28.64,36.54,0.0,0.0,72778900.0
01/01/2013,26.52,30.76,21.22,29.59,0.0,0.0,61046000.0
01/01/2012,18.04,26.59,15.72,25.99,0.0,0.0,66807800.0
01/01/2011,23.34,27.83,10.68,17.6,0.0,0.0,92571400.0
01/01/2010,14.83,24.6,12.25,23.01,0.0,0.0,65174100.0
01/01/2009,8.66,15.05,6.38,14.62,0.0,0.0,118234900.0
01/01/2008,13.11,16.05,5.69,8.62,0.0,0.0,65457000.0
01/01/2007,8.34,15.54,7.22,12.77,0.0,0.0,52706700.0
01/01/2006,5.4,9.63,5.35,8.3,0.0,0.0,25533700.0
01/01/2005,7.2,7.43,3.55,5.45,0.0,0.0,18976000.0
01/01/2004,7.6,10.06,4.72,6.98,0.0,0.0,10722200.0
01/01/2003,4.36,10.0,2.48,7.6,0.0,0.0,11119200.0
01/01/2002,7.77,9.96,2.5,4.35,0.0,0.0,12764800.0
01/01/2001,10.34,16.31,2.96,7.91,0.0,0.0,25507300.0
01/01/2000,31.56,35.25,9.0,10.0,0.0,0.0,34440100.0
09/01/1999,23.97,41.25,19.38,31.0,0.0,0.0,17312800.0
