01/01/2022,44.67,53.115,30.54,37.7,0.0,0.0,2910191181
01/01/2021,43.68,63.6999,38.88,43.78,0.0,0.0,3385318100
01/01/2020,89.57,90.57,17.8,43.25,0.0,0.0,8254424288
01/01/2019,81.69,96.03,77.02,88.09,0.0,0.0,671951600
01/01/2018,67.9,97.85,60.44,83.73,0.0,0.0,950903300
01/01/2017,74.02,83.04,56.51,67.4,0.0,0.0,1088476700
01/01/2016,55.79,76.8,37.41,72.88,0.0,0.0,1353131500
01/01/2015,67.74,74.52,49.2,57.3,0.0,0.0,1508215896
01/01/2014,37.7,67.77,36.65,66.89,0.0,0.0,1527513900
01/01/2013,23.83,40.19,23.62,37.83,0.0,0.0,1172293400
01/01/2012,19.23,25.84,17.25,23.38,0.0,0.0,1304476100
01/01/2011,24.13,27.72,15.51,18.87,0.0,0.0,1760722500
01/01/2010,12.99,29.75,12.13,23.82,0.0,0.0,1977378300
01/01/2009,11.08,13.33,3.07,12.91,0.0,0.0,2478880096
01/01/2008,35.25,41.47,2.8,11.02,0.0,0.0,2921521700
01/01/2007,44.8,51.6,31.62,35.66,0.0,0.0,822762100
03/01/2006,35.26,46.54,21.9,44.0,0.0,0.0,474147900
