12/29/1989,12.7,12.78,12.66,12.78,0.08,0.0,2924200.0
12/28/1989,12.61,12.7,12.55,12.7,0.09,0.0,2905400.0
12/27/1989,12.48,12.61,12.42,12.61,0.13,0.0,4973200.0
12/26/1989,12.59,12.64,12.47,12.48,-0.11,0.0,1494400.0
12/22/1989,12.41,12.64,12.39,12.59,0.19,0.0,2382400.0
12/21/1989,12.48,12.55,12.41,12.41,-0.08,0.0,2454400.0
12/20/1989,12.48,12.58,12.39,12.48,0.0,0.0,4306000.0
12/19/1989,12.48,12.52,12.33,12.48,0.0,0.0,5215000.0
12/18/1989,12.67,12.67,12.41,12.48,-0.19,0.0,5273800.0
12/15/1989,12.72,12.72,12.53,12.67,-0.05,0.0,7478000.0
12/14/1989,12.67,12.72,12.61,12.72,0.05,0.0,3315600.0
12/13/1989,12.72,12.77,12.61,12.67,-0.05,0.0,2803000.0
12/12/1989,12.72,12.73,12.66,12.72,0.0,0.0,3576200.0
12/11/1989,12.64,12.73,12.55,12.72,0.08,0.0,3780599.0
12/08/1989,12.67,12.77,12.59,12.64,-0.03,0.0,3363000.0
12/07/1989,12.66,12.8,12.58,12.67,0.02,0.0,4165999.0
12/06/1989,12.7,12.73,12.58,12.66,-0.05,0.0,3512000.0
12/05/1989,12.91,12.92,12.7,12.7,-0.2,0.0,2847200.0
12/04/1989,13.0,13.03,12.86,12.91,-0.09,0.0,3888400.0
12/01/1989,13.0,13.11,12.94,13.0,0.0,0.0,6038600.0
11/30/1989,12.88,13.0,12.88,13.0,0.13,0.0,1850200.0
11/29/1989,12.98,12.98,12.84,12.88,-0.11,0.0,2018599.0
11/28/1989,12.98,13.03,12.91,12.98,0.0,0.0,2912000.0
11/27/1989,13.09,13.09,12.92,12.98,-0.11,0.0,3611999.0
11/24/1989,12.98,13.11,12.98,13.09,0.27,0.0,2827200.0
11/22/1989,12.7,12.92,12.64,12.83,0.13,0.0,2653200.0
11/21/1989,12.72,12.8,12.61,12.7,-0.02,0.0,3142400.0
11/20/1989,12.61,12.72,12.58,12.72,0.11,0.0,2170800.0
11/17/1989,12.66,12.67,12.52,12.61,-0.05,0.0,5072000.0
11/16/1989,12.61,12.72,12.53,12.66,0.05,0.0,3078600.0
11/15/1989,12.47,12.61,12.42,12.61,0.14,0.0,4362400.0
11/14/1989,12.55,12.7,12.45,12.47,-0.08,0.0,1.10496E+7
11/13/1989,13.19,13.31,12.41,12.55,-0.64,0.0,1.25532E+7
11/10/1989,13.03,13.22,13.03,13.19,0.27,0.0,3744800.0
11/09/1989,12.88,13.16,12.83,12.92,0.05,0.0,5934400.0
11/08/1989,12.59,12.97,12.59,12.88,0.33,0.0,4336800.0
11/07/1989,12.45,12.61,12.39,12.55,0.09,0.0,3641800.0
11/06/1989,12.55,12.55,12.42,12.45,-0.13,0.0,3039200.0
11/03/1989,12.77,12.77,12.58,12.58,-0.19,0.0,1927200.0
11/02/1989,12.8,12.8,12.61,12.77,-0.06,0.0,3993199.0
11/01/1989,12.84,12.86,12.72,12.83,-0.02,0.0,3457400.0
10/31/1989,12.58,12.94,12.58,12.84,0.33,0.0,3924199.0
10/30/1989,12.45,12.58,12.45,12.52,0.09,0.0,2302400.0
10/27/1989,12.58,12.58,12.38,12.42,-0.23,0.0,3849600.0
10/26/1989,12.88,12.88,12.61,12.66,-0.25,0.0,3643600.0
10/25/1989,12.84,13.13,12.8,12.91,0.06,0.0,4772000.0
10/24/1989,12.83,12.91,12.38,12.84,0.02,0.0,8226599.0
10/23/1989,12.83,12.98,12.78,12.83,0.0,0.0,4629000.0
10/20/1989,12.77,12.83,12.64,12.83,0.06,0.0,6310200.0
10/19/1989,12.59,12.88,12.59,12.77,0.23,0.0,6204200.0
10/18/1989,12.41,12.64,12.2,12.53,0.13,0.0,5038600.0
10/17/1989,12.33,12.48,12.03,12.41,0.08,0.0,7525400.0
10/16/1989,12.0,12.38,11.36,12.33,0.33,0.0,1.42448E+7
10/13/1989,12.59,12.7,11.58,12.0,-0.59,0.0,7729600.0
10/12/1989,12.72,12.72,12.52,12.59,-0.14,0.0,2741800.0
10/11/1989,12.8,12.8,12.66,12.73,-0.09,0.0,2413800.0
10/10/1989,12.86,12.86,12.73,12.83,-0.03,0.0,3247200.0
10/09/1989,12.86,12.86,12.8,12.86,0.0,0.0,1378600.0
10/06/1989,12.83,12.86,12.77,12.86,0.03,0.0,3400600.0
10/05/1989,12.7,12.84,12.66,12.83,0.13,0.0,3944200.0
10/04/1989,12.77,12.78,12.66,12.7,-0.06,0.0,4746600.0
10/03/1989,12.53,12.78,12.53,12.77,0.28,0.0,6268400.0
10/02/1989,12.48,12.52,12.34,12.48,0.0,0.0,2553200.0
09/29/1989,12.55,12.55,12.38,12.48,-0.09,0.0,4478600.0
09/28/1989,12.25,12.58,12.25,12.58,0.38,0.0,6891400.0
09/27/1989,11.73,12.2,11.7,12.2,0.47,0.0,5453800.0
09/26/1989,11.81,11.89,11.7,11.73,-0.08,0.0,4504800.0
09/25/1989,11.84,11.84,11.77,11.81,-0.08,0.0,3193800.0
09/22/1989,11.88,11.94,11.83,11.89,0.02,0.0,2447200.0
09/21/1989,11.88,12.03,11.84,11.88,0.0,0.0,3056800.0
09/20/1989,11.88,11.89,11.8,11.88,0.0,0.0,2724200.0
09/19/1989,11.8,11.88,11.8,11.88,0.08,0.0,2799800.0
09/18/1989,11.69,11.83,11.69,11.8,0.11,0.0,3496200.0
09/15/1989,11.61,11.73,11.56,11.69,0.08,0.0,9624200.0
09/14/1989,11.69,11.73,11.52,11.61,-0.08,0.0,5612600.0
09/13/1989,11.77,11.83,11.69,11.69,-0.08,0.0,5936800.0
09/12/1989,11.84,11.88,11.75,11.77,-0.08,0.0,3464200.0
09/11/1989,11.69,11.84,11.67,11.84,0.16,0.0,3931999.0
09/08/1989,11.73,11.83,11.63,11.69,-0.05,0.0,6237400.0
09/07/1989,11.91,12.0,11.67,11.73,-0.17,0.0,5805400.0
09/06/1989,12.08,12.08,11.8,11.91,-0.17,0.0,7517400.0
09/05/1989,12.16,12.2,12.06,12.08,-0.08,0.0,4242400.0
09/01/1989,12.14,12.34,12.14,12.16,0.06,0.0,4312600.0
08/31/1989,12.09,12.16,12.0,12.09,0.0,0.0,3862999.0
08/30/1989,12.22,12.27,12.08,12.09,-0.13,0.0,3646000.0
08/29/1989,12.28,12.34,12.14,12.22,-0.06,0.0,3910800.0
08/28/1989,12.22,12.31,12.19,12.28,0.06,0.0,3524200.0
08/25/1989,12.39,12.42,12.2,12.22,-0.17,0.0,3469600.0
08/24/1989,12.25,12.39,12.13,12.39,0.14,0.0,7686000.0
08/23/1989,12.13,12.27,12.13,12.25,0.13,0.0,5274400.0
08/22/1989,12.25,12.25,12.02,12.13,-0.16,0.0,4670800.0
08/21/1989,12.45,12.45,12.2,12.28,-0.17,0.0,3432000.0
08/18/1989,12.48,12.48,12.41,12.45,-0.06,0.0,4805400.0
08/17/1989,12.59,12.64,12.41,12.52,-0.08,0.0,3777400.0
08/16/1989,12.48,12.59,12.41,12.59,0.11,0.0,4669600.0
08/15/1989,12.33,12.48,12.33,12.48,0.22,0.0,3864800.0
08/14/1989,12.14,12.34,12.09,12.27,0.13,0.0,3650800.0
08/11/1989,12.2,12.39,12.13,12.14,-0.06,0.0,6411400.0
08/10/1989,12.16,12.33,11.97,12.2,0.05,0.0,5653200.0
08/09/1989,12.31,12.38,12.08,12.16,-0.16,0.0,3680600.0
08/08/1989,12.38,12.41,12.28,12.31,-0.06,0.0,4027800.0
08/07/1989,12.16,12.38,12.16,12.38,0.25,0.0,4118000.0
08/04/1989,12.28,12.28,12.08,12.13,-0.16,0.0,4299200.0
08/03/1989,12.39,12.39,12.22,12.28,-0.13,0.0,3216200.0
08/02/1989,12.34,12.48,12.2,12.41,0.06,0.0,4700600.0
08/01/1989,12.53,12.55,12.28,12.34,-0.19,0.0,5644200.0
07/31/1989,12.58,12.61,12.34,12.53,-0.05,0.0,4881200.0
07/28/1989,12.84,12.84,12.55,12.58,-0.27,0.0,5001800.0
07/27/1989,12.58,12.84,12.58,12.84,0.38,0.0,5571400.0
07/26/1989,12.16,12.48,12.13,12.47,0.31,0.0,4910800.0
07/25/1989,12.22,12.33,12.09,12.16,-0.06,0.0,4193800.0
07/24/1989,12.38,12.38,12.2,12.22,-0.17,0.0,4215600.0
07/21/1989,12.2,12.42,12.08,12.39,0.19,0.0,7808400.0
07/20/1989,12.2,12.39,12.14,12.2,0.0,0.0,5475600.0
07/19/1989,12.08,12.25,12.08,12.2,0.2,0.0,5659800.0
07/18/1989,11.94,12.08,11.83,12.0,0.06,0.0,3479799.0
07/17/1989,11.84,11.95,11.8,11.94,0.09,0.0,3225400.0
07/14/1989,11.84,11.88,11.64,11.84,0.0,0.0,4609000.0
07/13/1989,11.88,11.91,11.81,11.84,-0.03,0.0,2399800.0
07/12/1989,11.83,11.91,11.81,11.88,0.05,0.0,4839200.0
07/11/1989,11.73,11.88,11.73,11.83,0.22,0.0,6255600.0
07/10/1989,11.64,11.7,11.56,11.61,-0.03,0.0,2733200.0
07/07/1989,11.31,11.67,11.3,11.64,0.33,0.0,6301200.0
07/06/1989,11.22,11.36,11.17,11.31,0.09,0.0,3646000.0
07/05/1989,11.17,11.25,11.0,11.22,0.05,0.0,5375600.0
07/03/1989,11.03,11.19,10.98,11.17,0.14,0.0,1924800.0
06/30/1989,11.19,11.19,10.94,11.03,-0.16,0.0,6586000.0
06/29/1989,11.36,11.36,11.17,11.19,-0.25,0.0,3978600.0
06/28/1989,11.5,11.5,11.25,11.44,-0.08,0.0,3876200.0
06/27/1989,11.42,11.58,11.39,11.52,0.09,0.0,4538600.0
06/26/1989,11.52,11.55,11.22,11.42,-0.09,0.0,3371400.0
06/23/1989,11.22,11.55,11.22,11.52,0.36,0.0,5647200.0
06/22/1989,11.06,11.19,11.06,11.16,0.11,0.0,3458600.0
06/21/1989,11.11,11.17,11.0,11.05,-0.06,0.0,3884800.0
06/20/1989,11.22,11.28,11.11,11.11,-0.11,0.0,3081800.0
06/19/1989,11.31,11.31,11.22,11.22,-0.11,0.0,3356800.0
06/16/1989,11.22,11.42,11.16,11.33,0.11,0.0,8807200.0
06/15/1989,11.25,11.31,11.16,11.22,-0.03,0.0,6068400.0
06/14/1989,11.33,11.36,11.17,11.25,-0.08,0.0,7155600.0
06/13/1989,11.48,11.48,11.3,11.33,-0.36,0.0,8408400.0
06/12/1989,11.75,11.83,11.58,11.69,-0.06,0.0,3444199.0
06/09/1989,11.75,11.77,11.63,11.75,0.0,0.0,4027200.0
06/08/1989,11.84,11.84,11.73,11.75,-0.09,0.0,3276200.0
06/07/1989,11.81,11.91,11.77,11.84,0.03,0.0,3833199.0
06/06/1989,11.69,11.81,11.64,11.81,0.13,0.0,4133199.0
06/05/1989,11.84,11.84,11.64,11.69,-0.19,0.0,3879200.0
06/02/1989,11.58,11.88,11.58,11.88,0.36,0.0,5480600.0
06/01/1989,11.44,11.58,11.42,11.52,0.08,0.0,3410200.0
05/31/1989,11.33,11.5,11.3,11.44,0.11,0.0,4485400.0
05/30/1989,11.61,11.61,11.33,11.33,-0.3,0.0,4692600.0
05/26/1989,11.52,11.69,11.52,11.63,0.11,0.0,3486600.0
05/25/1989,11.36,11.55,11.36,11.52,0.16,0.0,5595000.0
05/24/1989,11.44,11.44,11.17,11.36,-0.19,0.0,1.08114E+7
05/23/1989,11.67,11.67,11.5,11.55,-0.28,0.0,7512000.0
05/22/1989,11.94,12.02,11.81,11.83,-0.11,0.0,5939800.0
05/19/1989,11.81,11.97,11.81,11.94,0.19,0.0,9141200.0
05/18/1989,11.8,11.84,11.75,11.75,-0.05,0.0,7040599.0
05/17/1989,11.69,11.83,11.69,11.8,0.16,0.0,4936800.0
05/16/1989,11.67,11.7,11.58,11.64,-0.03,0.0,4755600.0
05/15/1989,11.61,11.73,11.58,11.67,0.06,0.0,4830800.0
05/12/1989,11.5,11.63,11.5,11.61,0.33,0.0,8983000.0
05/11/1989,11.22,11.28,11.16,11.28,0.06,0.0,2929000.0
05/10/1989,11.16,11.28,11.16,11.22,0.06,0.0,2692000.0
05/09/1989,11.09,11.19,11.05,11.16,0.06,0.0,4553800.0
05/08/1989,11.16,11.19,11.0,11.09,-0.06,0.0,3169000.0
05/05/1989,11.13,11.36,11.13,11.16,0.05,0.0,4207200.0
05/04/1989,11.06,11.13,11.0,11.11,0.05,0.0,2248400.0
05/03/1989,11.16,11.17,11.05,11.06,-0.09,0.0,3416200.0
05/02/1989,11.11,11.25,11.11,11.16,0.05,0.0,3001200.0
05/01/1989,11.19,11.19,11.09,11.11,-0.14,0.0,2316800.0
04/28/1989,11.25,11.31,11.22,11.25,0.0,0.0,2552000.0
04/27/1989,11.17,11.36,11.17,11.25,0.08,0.0,5382400.0
04/26/1989,11.17,11.19,11.09,11.17,0.0,0.0,2363000.0
04/25/1989,11.17,11.25,11.13,11.17,0.0,0.0,2836800.0
04/24/1989,11.33,11.36,11.13,11.17,-0.16,0.0,4116199.0
04/21/1989,11.05,11.33,11.03,11.33,0.28,0.0,6407200.0
04/20/1989,11.11,11.11,10.92,11.05,-0.08,0.0,4876800.0
04/19/1989,11.13,11.17,11.05,11.13,0.0,0.0,4822400.0
04/18/1989,11.09,11.19,11.09,11.13,0.08,0.0,5666600.0
04/17/1989,11.06,11.06,10.98,11.05,-0.05,0.0,3382400.0
04/14/1989,10.92,11.13,10.92,11.09,0.25,0.0,5805400.0
04/13/1989,10.94,10.97,10.8,10.84,-0.09,0.0,3736200.0
04/12/1989,10.88,11.0,10.88,10.94,0.06,0.0,3639200.0
04/11/1989,10.73,10.88,10.73,10.88,0.14,0.0,4111999.0
04/10/1989,10.77,10.8,10.7,10.73,-0.03,0.0,2350200.0
04/07/1989,10.84,10.84,10.73,10.77,-0.09,0.0,3216200.0
04/06/1989,10.84,10.92,10.77,10.86,0.02,0.0,6090200.0
04/05/1989,10.84,10.88,10.67,10.84,0.0,0.0,2953200.0
04/04/1989,10.73,10.86,10.73,10.84,0.11,0.0,2423000.0
04/03/1989,10.67,10.8,10.66,10.73,0.06,0.0,3392600.0
03/31/1989,10.73,10.8,10.64,10.67,-0.06,0.0,3819800.0
03/30/1989,10.77,10.8,10.7,10.73,-0.03,0.0,2856800.0
03/29/1989,10.7,10.81,10.67,10.77,0.06,0.0,3723599.0
03/28/1989,10.66,10.72,10.66,10.7,0.09,0.0,3281200.0
03/27/1989,10.55,10.66,10.47,10.61,0.06,0.0,2018599.0
03/23/1989,10.66,10.8,10.52,10.55,-0.11,0.0,3207800.0
03/22/1989,10.55,10.67,10.53,10.66,0.11,0.0,2569000.0
03/21/1989,10.52,10.64,10.52,10.55,0.06,0.0,3467200.0
03/20/1989,10.58,10.58,10.41,10.48,-0.16,0.0,5296200.0
03/17/1989,10.7,10.7,10.48,10.64,-0.27,0.0,9561800.0
03/16/1989,10.84,10.92,10.66,10.91,0.06,0.0,6843000.0
03/15/1989,10.92,10.97,10.81,10.84,-0.08,0.0,4724200.0
03/14/1989,10.81,10.92,10.81,10.92,0.11,0.0,4866000.0
03/13/1989,10.64,10.88,10.64,10.81,0.23,0.0,6146600.0
03/10/1989,10.64,10.64,10.42,10.58,-0.06,0.0,5099800.0
03/09/1989,10.66,10.77,10.61,10.64,-0.02,0.0,3466000.0
03/08/1989,10.48,10.77,10.47,10.66,0.17,0.0,6707200.0
03/07/1989,10.53,10.59,10.48,10.48,-0.05,0.0,3187200.0
03/06/1989,10.53,10.61,10.53,10.53,0.02,0.0,3141800.0
03/03/1989,10.64,10.64,10.47,10.52,-0.13,0.0,2867200.0
03/02/1989,10.52,10.64,10.36,10.64,0.13,0.0,5495000.0
03/01/1989,10.53,10.61,10.41,10.52,-0.02,0.0,5638600.0
02/28/1989,10.33,10.55,10.33,10.53,0.22,0.0,5381200.0
02/27/1989,10.28,10.39,10.25,10.31,0.03,0.0,3589000.0
02/24/1989,10.47,10.47,10.25,10.28,-0.19,0.0,5399800.0
02/23/1989,10.42,10.47,10.28,10.47,0.05,0.0,4711400.0
02/22/1989,10.7,10.7,10.36,10.42,-0.28,0.0,4162399.0
02/21/1989,10.72,10.77,10.61,10.7,-0.02,0.0,2706000.0
02/17/1989,10.67,10.72,10.64,10.72,0.05,0.0,5555000.0
02/16/1989,10.64,10.73,10.64,10.67,0.16,0.0,6176800.0
02/15/1989,10.33,10.52,10.31,10.52,0.19,0.0,4126600.0
02/14/1989,10.31,10.42,10.31,10.33,0.06,0.0,3606600.0
02/13/1989,10.28,10.31,10.19,10.27,-0.02,0.0,5469000.0
02/10/1989,10.45,10.45,10.09,10.28,-0.17,0.0,5669600.0
02/09/1989,10.58,10.59,10.39,10.45,-0.13,0.0,3942400.0
02/08/1989,10.72,10.88,10.58,10.58,-0.14,0.0,3873800.0
02/07/1989,10.7,10.94,10.61,10.72,0.02,0.0,6988400.0
02/06/1989,10.77,10.77,10.47,10.7,-0.06,0.0,2686000.0
02/03/1989,10.67,10.77,10.59,10.77,0.09,0.0,3378000.0
02/02/1989,10.61,10.77,10.55,10.67,0.06,0.0,3823600.0
02/01/1989,10.7,10.7,10.55,10.61,-0.16,0.0,7327799.0
01/31/1989,10.52,10.78,10.52,10.77,0.25,0.0,5599800.0
01/30/1989,10.64,10.67,10.48,10.52,-0.13,0.0,5911400.0
01/27/1989,10.48,10.78,10.47,10.64,0.16,0.0,1.27854E+7
01/26/1989,10.34,10.53,10.28,10.48,0.14,0.0,5113800.0
01/25/1989,10.27,10.41,10.27,10.34,0.14,0.0,8974400.0
01/24/1989,10.0,10.27,9.95,10.2,0.2,0.0,8507200.0
01/23/1989,9.95,10.06,9.94,10.0,0.05,0.0,5263000.0
01/20/1989,10.03,10.08,9.94,9.95,-0.08,0.0,5077400.0
01/19/1989,10.02,10.09,9.89,10.03,0.02,0.0,6100600.0
01/18/1989,9.91,10.03,9.84,10.02,0.11,0.0,4991400.0
01/17/1989,9.97,9.97,9.88,9.91,-0.09,0.0,4671400.0
01/16/1989,9.95,10.03,9.95,10.0,0.05,0.0,5575600.0
01/13/1989,9.88,10.02,9.83,9.95,0.08,0.0,7398600.0
01/12/1989,9.77,9.91,9.77,9.88,0.13,0.0,1.0395E+7
01/11/1989,9.52,9.75,9.52,9.75,0.23,0.0,4668400.0
01/10/1989,9.56,9.63,9.44,9.52,-0.05,0.0,3427800.0
01/09/1989,9.61,9.63,9.5,9.56,-0.05,0.0,4666600.0
01/06/1989,9.61,9.75,9.61,9.61,0.03,0.0,7272000.0
01/05/1989,9.45,9.61,9.45,9.58,0.13,0.0,5146000.0
01/04/1989,9.44,9.52,9.44,9.45,0.02,0.0,4099199.0
01/03/1989,9.48,9.48,9.27,9.44,0.0,0.0,4017999.0
