12/29/1995,2.975,2.975,2.5,2.5,0.0,0.0,2800.0
12/28/1995,2.5,2.5,2.5,2.5,0.0,0.0,800.0
12/21/1995,2.5,2.5,2.5,2.5,-0.475,0.0,240.0
12/20/1995,2.5,2.975,2.5,2.975,0.475,0.0,3840.0
12/19/1995,2.5,2.5,2.5,2.5,-0.3,0.0,240.0
12/15/1995,2.8,2.8,2.8,2.8,0.15,0.0,1600.0
12/12/1995,2.65,2.65,2.65,2.65,-0.15,0.0,1600.0
12/11/1995,2.65,2.8,2.65,2.8,0.15,0.0,4000.0
12/07/1995,2.65,2.65,2.65,2.65,0.0,0.0,1600.0
12/06/1995,2.65,2.65,2.65,2.65,0.0,0.0,480.0
12/05/1995,2.65,2.65,2.65,2.65,-0.15,0.0,1600.0
12/04/1995,2.65,2.8,2.65,2.8,0.0,0.0,2000.0
12/01/1995,2.5,2.8,2.5,2.8,0.15,0.0,33920.0
11/30/1995,2.65,2.65,2.65,2.65,0.0,0.0,8160.0
11/29/1995,2.65,2.65,2.65,2.65,-0.625,0.0,25280.0
11/22/1995,3.275,3.275,3.275,3.275,0.475,0.0,320.0
11/21/1995,3.275,3.275,2.65,2.8,0.0,0.0,4240.0
11/20/1995,3.275,3.275,2.65,2.8,-0.475,0.0,7360.0
11/17/1995,2.8,3.275,2.65,3.275,0.3,0.0,37440.0
11/16/1995,2.8,2.975,2.8,2.975,-0.15,0.0,25680.0
11/15/1995,3.275,3.425,3.125,3.125,-0.15,0.0,23520.0
11/14/1995,3.75,3.75,3.125,3.275,-0.625,0.0,30640.0
11/13/1995,4.075,4.225,3.6,3.9,0.0,0.0,85680.0
11/10/1995,3.75,5.0,3.425,3.9,0.625,0.0,114960.0
11/09/1995,3.75,3.75,3.275,3.275,-0.475,0.0,3760.0
11/07/1995,3.425,3.75,3.275,3.75,0.0,0.0,23600.0
11/06/1995,3.125,3.75,3.125,3.75,0.0,0.0,1120.0
11/03/1995,3.425,3.9,3.125,3.75,0.325,0.0,11600.0
11/02/1995,2.8,3.425,2.5,3.425,0.625,0.0,11120.0
10/30/1995,2.35,2.8,2.35,2.8,0.45,0.0,2400.0
10/26/1995,2.5,2.5,2.35,2.35,0.0,0.0,4160.0
10/19/1995,2.35,2.35,2.35,2.35,-0.45,0.0,960.0
10/17/1995,2.8,2.8,2.8,2.8,0.0,0.0,800.0
10/16/1995,2.8,2.8,2.8,2.8,0.3,0.0,480.0
10/10/1995,2.5,2.575,2.5,2.5,-0.075,0.0,16320.0
10/09/1995,2.5,2.575,2.5,2.575,0.075,0.0,18400.0
10/04/1995,2.5,2.5,2.5,2.5,0.0,0.0,2800.0
09/19/1995,2.5,2.5,2.5,2.5,-0.075,0.0,320.0
09/15/1995,2.575,2.575,2.5,2.575,0.0,0.0,32000.0
09/14/1995,2.5,2.575,2.5,2.575,0.075,0.0,28000.0
09/13/1995,2.5,2.5,2.5,2.5,0.0,0.0,12000.0
09/12/1995,2.5,2.5,2.5,2.5,0.0,0.0,1120.0
09/06/1995,2.5,2.5,2.5,2.5,-0.15,0.0,800.0
09/05/1995,2.65,2.65,2.5,2.65,0.15,0.0,12400.0
08/31/1995,2.65,2.65,2.5,2.5,0.0,0.0,1600.0
08/30/1995,2.5,2.5,2.5,2.5,0.15,0.0,4800.0
08/28/1995,2.35,2.35,2.35,2.35,-0.15,0.0,400.0
08/22/1995,2.5,2.5,2.35,2.5,0.15,0.0,6400.0
08/21/1995,2.35,2.35,2.35,2.35,0.075,0.0,2400.0
08/18/1995,2.35,2.35,2.275,2.275,0.0,0.0,4240.0
