12/30/2022,0.3115667665204362,10.09,10.713,9.466
12/29/2022,0.21540392289835375,10.14,10.57,9.709
12/28/2022,0.04054442008464297,10.19,10.271,10.108
12/27/2022,0.041998214247751,10.19,10.273,10.106
12/23/2022,0.042318435698877076,10.18,10.264,10.095
12/22/2022,0.03343426386209188,10.17,10.236,10.103
12/21/2022,0.03221567941236034,10.17,10.234,10.105
12/20/2022,0.024821361767638408,10.16,10.209,10.11
12/19/2022,0.0263837070935831,10.16,10.212,10.107
12/16/2022,0.027645976199078003,10.15,10.205,10.094
12/15/2022,0.0284481985369899,10.15,10.206,10.093
12/13/2022,0.02898792852205883,10.14,10.197,10.082
12/12/2022,0.02975399132889567,10.14,10.199,10.08
12/09/2022,0.02975399132889579,10.14,10.199,10.08
12/08/2022,0.02883227358360768,10.13,10.187,10.072
12/07/2022,0.02694995361777102,10.13,10.183,10.076
12/06/2022,0.025832150510555967,10.12,10.171,10.068
12/01/2022,0.023394443784796704,10.12,10.166,10.073
11/30/2022,0.02082186350930213,10.12,10.161,10.078
11/29/2022,0.019099738218101375,10.12,10.158,10.081
11/28/2022,0.0186748493969835,10.11,10.147,10.072
11/23/2022,0.016992645467966732,10.11,10.143,10.076
11/22/2022,0.016246553480661848,10.11,10.142,10.077
11/21/2022,0.018407892329107244,10.1,10.136,10.063
11/18/2022,0.01728729302117604,10.1,10.134,10.065
11/17/2022,0.014793596587713145,10.1,10.129,10.07
11/16/2022,0.016243475613303606,10.1,10.132,10.067
11/14/2022,0.019170302553689313,10.09,10.128,10.051
11/11/2022,0.020676085219402257,10.09,10.131,10.048
11/09/2022,0.020186641622617303,10.09,10.13,10.049
11/08/2022,0.020186641622617303,10.09,10.13,10.049
11/07/2022,0.02079664636425749,10.09,10.131,10.048
10/31/2022,0.021226174879143543,10.09,10.132,10.047
10/28/2022,0.034140159636416416,10.09,10.158,10.021
10/25/2022,0.034721038290926654,10.09,10.159,10.02
10/21/2022,0.0344318239423937,10.09,10.158,10.021
10/20/2022,0.0344318239423937,10.09,10.158,10.021
10/17/2022,0.03479296624319339,10.09,10.159,10.02
10/13/2022,0.03470303300865781,10.09,10.159,10.02
10/12/2022,0.03630496522515889,10.09,10.162,10.017
10/06/2022,0.03609779079112733,10.09,10.162,10.017
10/05/2022,0.036166980797406864,10.09,10.162,10.017
10/04/2022,0.03678382796827969,10.09,10.163,10.016
09/28/2022,0.036166973885023844,10.09,10.162,10.017
09/20/2022,0.036180796011143684,10.1,10.172,10.027
09/08/2022,0.03624982758579674,10.1,10.172,10.027
09/07/2022,0.034771396290629385,10.1,10.169,10.03
09/06/2022,0.03322724785473512,10.1,10.166,10.033
09/02/2022,0.03160775221365803,10.1,10.163,10.036
08/31/2022,0.03184415173936972,10.1,10.163,10.036
08/29/2022,0.03223429850330239,10.1,10.164,10.035
08/25/2022,0.03194213518223236,10.1,10.163,10.036
08/24/2022,0.03310966626228665,10.1,10.166,10.033
08/18/2022,0.021247364542455408,10.09,10.132,10.047
08/16/2022,0.020650677954972628,10.09,10.131,10.048
08/15/2022,0.02250445511448764,10.09,10.135,10.044
08/12/2022,0.023482983200606926,10.09,10.136,10.043
08/08/2022,0.023902939149819783,10.08,10.127,10.032
08/05/2022,0.023902939149819783,10.08,10.127,10.032
08/04/2022,0.020281777535511615,10.08,10.12,10.039
08/03/2022,0.020281777535511615,10.08,10.12,10.039
08/01/2022,0.020279312118510896,10.07,10.11,10.029
07/26/2022,0.017500014285708094,10.07,10.105,10.034
07/25/2022,0.018200288459252277,10.07,10.106,10.033
07/22/2022,0.016767543051979764,10.06,10.093,10.026
07/20/2022,0.013272170131519673,10.06,10.086,10.033
07/19/2022,0.014182753611341034,10.06,10.088,10.031
07/18/2022,0.016160151608200085,10.06,10.092,10.027
07/15/2022,0.015034975889571806,10.05,10.08,10.019
07/11/2022,0.014179227764586128,10.05,10.078,10.021
07/07/2022,0.014193396351825475,10.05,10.078,10.021
07/06/2022,0.014498361976444694,10.05,10.078,10.021
06/28/2022,0.01580830477945126,10.04,10.071,10.008
06/27/2022,0.015006731822752632,10.04,10.07,10.009
06/24/2022,0.014149275599832391,10.04,10.068,10.011
06/23/2022,0.015498451535556991,10.04,10.07,10.009
06/22/2022,0.015498451535556875,10.04,10.07,10.009
06/21/2022,0.015491997934418042,10.03,10.06,9.999
06/15/2022,0.013964311655073065,10.03,10.057,10.002
06/14/2022,0.012247530363302067,10.03,10.054,10.005
06/13/2022,0.010247048355502312,10.03,10.05,10.009
06/10/2022,0.009219652921883769,10.03,10.048,10.011
06/07/2022,0.008062381782078867,10.03,10.046,10.013
06/06/2022,0.008062381782078867,10.03,10.046,10.013
06/03/2022,0.008062381782078867,10.03,10.046,10.013
06/01/2022,0.007746095790783731,10.03,10.045,10.014
05/31/2022,0.00894438371269908,10.03,10.047,10.012
05/27/2022,0.009746896942103981,10.03,10.049,10.01
05/26/2022,0.009208800138997308,10.02,10.038,10.001
05/25/2022,0.009208800138997308,10.02,10.038,10.001
05/24/2022,0.008944271909998969,10.02,10.037,10.002
05/20/2022,0.008660254037844203,10.02,10.037,10.002
05/19/2022,0.008660254037844203,10.02,10.037,10.002
05/17/2022,0.008944271909998969,10.02,10.037,10.002
05/16/2022,0.009219544457292691,10.02,10.038,10.001
05/12/2022,0.008944271909998969,10.02,10.037,10.002
05/06/2022,0.009219544457292691,10.02,10.038,10.001
05/05/2022,0.009999999999999787,10.02,10.039,10.0
05/04/2022,0.01183215956619898,10.02,10.043,9.996
05/02/2022,0.014662878298614868,10.02,10.049,9.99
04/29/2022,0.015652475842498192,10.01,10.041,9.978
04/28/2022,0.01600781059358185,10.01,10.042,9.977
04/25/2022,0.01600781059358185,10.01,10.042,9.977
04/22/2022,0.017066048165875713,10.01,10.044,9.975
04/20/2022,0.01749999999999969,10.01,10.044,9.975
04/19/2022,0.016469669092000292,10.0,10.032,9.967
04/18/2022,0.016658331248957405,10.0,10.033,9.966
04/14/2022,0.016658331248957405,10.0,10.033,9.966
04/13/2022,0.016393596310754772,10.0,10.032,9.967
04/12/2022,0.015124483462253983,10.0,10.03,9.969
04/11/2022,0.014491376746189282,10.0,10.028,9.971
04/08/2022,0.014008925726121712,9.99,10.018,9.961
04/07/2022,0.012499999999999858,9.99,10.014,9.965
04/06/2022,0.01188486432400459,9.99,10.013,9.966
04/04/2022,0.012893796958227472,9.99,10.015,9.964
04/01/2022,0.012893796958227472,9.99,10.015,9.964
03/31/2022,0.012499999999999753,9.98,10.004,9.955
03/29/2022,0.011726039399558361,9.98,10.003,9.956
03/28/2022,0.011726039399558361,9.98,10.003,9.956
03/25/2022,0.011937336386313105,9.98,10.003,9.956
03/24/2022,0.011726039399558361,9.98,10.003,9.956
03/22/2022,0.012499999999999787,9.98,10.004,9.955
03/21/2022,0.012499999999999787,9.98,10.004,9.955
03/18/2022,0.014008925726121838,9.98,10.008,9.951
03/17/2022,0.014534441853748551,9.98,10.009,9.95
03/16/2022,0.014186260959110882,9.97,9.998,9.941
03/14/2022,0.013964240043768771,9.97,9.997,9.942
03/11/2022,0.014832396974191309,9.97,9.999,9.94
03/10/2022,0.015929532322074138,9.97,10.001,9.938
03/09/2022,0.015288884851420837,9.97,10.0,9.939
03/08/2022,0.01313392553656389,9.97,9.996,9.943
03/07/2022,0.014874474780643692,9.96,9.989,9.93
03/04/2022,0.01569235482647552,9.96,9.991,9.928
03/03/2022,0.01646966909200102,9.96,9.992,9.927
03/02/2022,0.017066048165876493,9.96,9.994,9.925
03/01/2022,0.019525624189767096,9.95,9.989,9.91
02/28/2022,0.01952562418976705,9.95,9.989,9.91
02/25/2022,0.01884144368141722,9.95,9.987,9.912
02/24/2022,0.018841443681417124,9.95,9.987,9.912
02/23/2022,0.01949358868961815,9.95,9.988,9.911
02/18/2022,0.018574175621007223,9.94,9.977,9.902
02/16/2022,0.01923538406167172,9.94,9.978,9.901
02/15/2022,0.018165902124585246,9.94,9.976,9.903
02/11/2022,0.018574175621006984,9.94,9.977,9.902
02/10/2022,0.01857417562100689,9.94,9.977,9.902
02/09/2022,0.018200274723201577,9.93,9.966,9.893
02/08/2022,0.01706604816587621,9.93,9.964,9.895
02/03/2022,0.01820027472320143,9.93,9.966,9.893
02/02/2022,0.018607794065928513,9.93,9.967,9.892
02/01/2022,0.016469669092000618,9.93,9.962,9.897
01/31/2022,0.013462912017836254,9.92,9.946,9.893
01/28/2022,0.013647344063956167,9.92,9.947,9.892
01/27/2022,0.014186260959111071,9.92,9.948,9.891
01/25/2022,0.015512962321877748,9.92,9.951,9.888
01/24/2022,0.017339319479149004,9.92,9.954,9.885
01/21/2022,0.017766597873537734,9.92,9.955,9.884
01/19/2022,0.017630995434177784,9.91,9.945,9.874
01/18/2022,0.013814919471353937,9.91,9.937,9.882
01/14/2022,0.013260920028414119,9.91,9.936,9.883
01/13/2022,0.013260920028414119,9.91,9.936,9.883
01/12/2022,0.012682744182549586,9.91,9.935,9.884
01/07/2022,0.012878353932082903,9.91,9.935,9.884
01/06/2022,0.012282182216527965,9.91,9.934,9.885
01/05/2022,0.012878353932082903,9.91,9.935,9.884
01/04/2022,0.013448122545544956,9.91,9.936,9.883
12/30/2021,0.013769604206366748,9.91,9.937,9.882
12/28/2021,0.015152623535216308,9.91,9.94,9.879
12/27/2021,0.015310192683307139,9.92,9.95,9.889
12/23/2021,0.015310192683307139,9.92,9.95,9.889
12/22/2021,0.015436126457113265,9.92,9.95,9.889
12/21/2021,0.015597243346181141,9.92,9.951,9.888
12/20/2021,0.015436126457113265,9.92,9.95,9.889
12/17/2021,0.014942355905277881,9.92,9.949,9.89
12/16/2021,0.013420953766405489,9.92,9.946,9.893
12/15/2021,0.010006098140633893,9.92,9.94,9.899
12/14/2021,0.008951089319183331,9.92,9.937,9.902
12/13/2021,0.007753837759458136,9.92,9.935,9.904
12/10/2021,0.007830868406505015,9.92,9.935,9.904
12/09/2021,0.008143862719864461,9.92,9.936,9.903
12/08/2021,0.009290990259385559,9.92,9.938,9.901
12/07/2021,0.010311280230892596,9.92,9.94,9.899
12/06/2021,0.010550947824721543,9.92,9.941,9.898
12/03/2021,0.010550947824721543,9.92,9.941,9.898
12/02/2021,0.010311280230892596,9.92,9.94,9.899
12/01/2021,0.011014649336224727,9.92,9.942,9.897
11/30/2021,0.014011513123142435,9.92,9.948,9.891
11/29/2021,0.012939184672922452,9.91,9.935,9.884
11/26/2021,0.012345950753181869,9.91,9.934,9.885
11/24/2021,0.01313097483052919,9.91,9.936,9.883
11/23/2021,0.01386904827304276,9.91,9.937,9.882
11/22/2021,0.015885543742660966,9.91,9.941,9.878
11/19/2021,0.015885543742660966,9.91,9.941,9.878
11/17/2021,0.015074830015625141,9.9,9.93,9.869
11/16/2021,0.014866085564128651,9.9,9.929,9.87
11/15/2021,0.0156844030807678,9.9,9.931,9.868
11/12/2021,0.01646209281956589,9.9,9.932,9.867
11/11/2021,0.017204665065034163,9.9,9.934,9.865
11/05/2021,0.015968719422671418,9.89,9.921,9.858
11/04/2021,0.015968719422671526,9.89,9.921,9.858
11/03/2021,0.016431676725155282,9.89,9.922,9.857
11/02/2021,0.01974841765813184,9.89,9.929,9.85
11/01/2021,0.02258317958127254,9.88,9.925,9.834
10/29/2021,0.0,0.0,0.0,0.0
10/28/2021,0.0,0.0,0.0,0.0
10/27/2021,0.0,0.0,0.0,0.0
10/26/2021,0.0,0.0,0.0,0.0
10/25/2021,0.0,0.0,0.0,0.0
10/22/2021,0.0,0.0,0.0,0.0
10/21/2021,0.0,0.0,0.0,0.0
10/20/2021,0.0,0.0,0.0,0.0
10/19/2021,0.0,0.0,0.0,0.0
10/18/2021,0.0,0.0,0.0,0.0
10/15/2021,0.0,0.0,0.0,0.0
10/14/2021,0.0,0.0,0.0,0.0
10/13/2021,0.0,0.0,0.0,0.0
10/12/2021,0.0,0.0,0.0,0.0
10/11/2021,0.0,0.0,0.0,0.0
10/08/2021,0.0,0.0,0.0,0.0
10/07/2021,0.0,0.0,0.0,0.0
10/06/2021,0.0,0.0,0.0,0.0
10/05/2021,0.0,0.0,0.0,0.0
