12/30/2022,0.02863564212655284,10.02,10.077,9.962
12/29/2022,0.027500000000000083,10.02,10.075,9.964
12/28/2022,0.02812916635807051,10.01,10.066,9.953
12/27/2022,0.02666927070618918,10.01,10.063,9.956
12/23/2022,0.025519600310349607,10.01,10.061,9.958
12/22/2022,0.023371991785040395,10.0,10.046,9.953
12/21/2022,0.020645822822062385,10.0,10.041,9.958
12/19/2022,0.017923448328934576,10.0,10.035,9.964
12/16/2022,0.016469669092000268,9.99,10.022,9.957
12/15/2022,0.014008925726121618,9.99,10.018,9.961
12/13/2022,0.011011357772772406,9.99,10.012,9.967
12/12/2022,0.009013878188659806,9.99,10.008,9.971
12/08/2022,0.009013878188659806,9.99,10.008,9.971
12/07/2022,0.009013878188659756,9.98,9.998,9.961
12/06/2022,0.009013878188659756,9.98,9.998,9.961
12/02/2022,0.009013878188659756,9.98,9.998,9.961
12/01/2022,0.00981070843517406,9.98,9.999,9.96
11/30/2022,0.010547511554864247,9.98,10.001,9.958
11/29/2022,0.011236102527121856,9.98,10.002,9.957
11/28/2022,0.013086252328302309,9.98,10.006,9.953
11/25/2022,0.013829316685939213,9.98,10.007,9.952
11/23/2022,0.013784048752090057,9.97,9.997,9.942
11/21/2022,0.013964240043768771,9.97,9.997,9.942
11/18/2022,0.013964240043768771,9.97,9.997,9.942
11/17/2022,0.013964240043768898,9.97,9.997,9.942
11/16/2022,0.013964240043769026,9.97,9.997,9.942
11/15/2022,0.01396424004376915,9.97,9.997,9.942
11/14/2022,0.016431676725155282,9.97,10.002,9.937
11/11/2022,0.015968719422671418,9.96,9.991,9.928
11/10/2022,0.01596871942267153,9.96,9.991,9.928
11/07/2022,0.01596871942267164,9.96,9.991,9.928
11/04/2022,0.01673320053068195,9.96,9.993,9.926
11/03/2022,0.020000000000000327,9.95,9.99,9.909
11/02/2022,0.02061552812808851,9.95,9.991,9.908
11/01/2022,0.02156385865284794,9.95,9.993,9.906
10/31/2022,0.022472205054244267,9.95,9.994,9.905
10/28/2022,0.020000000000000195,9.94,9.98,9.899
10/27/2022,0.02061552812808838,9.94,9.981,9.898
10/26/2022,0.022022715545545177,9.94,9.984,9.895
10/25/2022,0.02323790007724454,9.93,9.976,9.883
10/24/2022,0.022693611435820382,9.93,9.975,9.884
10/21/2022,0.021794494717703228,9.93,9.973,9.886
10/20/2022,0.019235384061671076,9.93,9.968,9.891
10/19/2022,0.018165902124584563,9.92,9.956,9.883
10/18/2022,0.01746424919657261,9.92,9.954,9.885
10/17/2022,0.016733200530681155,9.92,9.953,9.886
10/13/2022,0.016733200530681155,9.92,9.953,9.886
10/12/2022,0.016469669092000292,9.91,9.942,9.877
10/11/2022,0.01453444185374837,9.91,9.939,9.88
10/07/2022,0.013647344063955938,9.91,9.937,9.882
10/06/2022,0.01346291201783599,9.9,9.926,9.873
10/05/2022,0.011672617529928523,9.9,9.923,9.876
10/04/2022,0.012499999999999753,9.9,9.924,9.875
10/03/2022,0.013462912017836188,9.9,9.926,9.873
09/30/2022,0.014361406616345152,9.9,9.928,9.871
09/29/2022,0.015041608956491342,9.89,9.92,9.859
09/28/2022,0.01504160895649146,9.89,9.92,9.859
09/27/2022,0.015041608956491578,9.89,9.92,9.859
09/26/2022,0.016317168872081067,9.89,9.922,9.857
09/23/2022,0.01750000000000043,9.89,9.925,9.854
09/22/2022,0.017755632909023645,9.88,9.915,9.844
09/21/2022,0.015500403220561988,9.88,9.911,9.848
09/20/2022,0.016591036736744755,9.88,9.913,9.846
09/19/2022,0.017328084141070482,9.88,9.914,9.845
09/16/2022,0.01705175944001129,9.87,9.904,9.835
09/15/2022,0.01705175944001113,9.87,9.904,9.835
09/14/2022,0.017769707369565887,9.87,9.905,9.834
09/13/2022,0.017015066852645717,9.87,9.904,9.835
09/12/2022,0.016279204526020562,9.86,9.892,9.827
09/09/2022,0.01549233681534221,9.86,9.89,9.829
09/08/2022,0.015492336815342095,9.86,9.89,9.829
09/07/2022,0.012845719131290395,9.86,9.885,9.834
09/06/2022,0.012243896438634126,9.86,9.884,9.835
09/02/2022,0.012841845661741942,9.86,9.885,9.834
09/01/2022,0.012841845661741942,9.86,9.885,9.834
08/31/2022,0.013413165174559033,9.86,9.886,9.833
08/30/2022,0.014829463914788071,9.86,9.889,9.83
08/29/2022,0.016121817515404393,9.86,9.892,9.827
08/26/2022,0.016140415112381883,9.85,9.882,9.817
08/25/2022,0.015984774005284082,9.85,9.881,9.818
08/24/2022,0.01581140411222246,9.85,9.881,9.818
08/23/2022,0.016583139027337667,9.85,9.883,9.816
08/22/2022,0.018708300296927202,9.85,9.887,9.812
08/19/2022,0.020736453409394843,9.85,9.891,9.808
08/18/2022,0.021794506188487068,9.85,9.893,9.806
08/17/2022,0.02439263208429947,9.85,9.898,9.801
08/16/2022,0.02655372855174953,9.84,9.893,9.786
08/15/2022,0.027660450104797566,9.84,9.895,9.784
08/12/2022,0.02872456265985599,9.84,9.897,9.782
08/11/2022,0.028108726403022734,9.84,9.896,9.783
08/10/2022,0.02837605504646465,9.83,9.886,9.773
08/09/2022,0.028110505153767562,9.83,9.886,9.773
08/08/2022,0.02915475947422646,9.83,9.888,9.771
08/05/2022,0.027748873851023072,9.83,9.885,9.774
08/04/2022,0.025495097567963903,9.82,9.87,9.769
08/03/2022,0.022135943621178544,9.82,9.864,9.775
08/02/2022,0.023769728648009403,9.82,9.867,9.772
08/01/2022,0.023558437978779444,9.81,9.857,9.762
07/28/2022,0.023021728866442725,9.81,9.856,9.763
07/26/2022,0.02133072900770167,9.81,9.852,9.767
07/25/2022,0.019364916731037313,9.81,9.848,9.771
07/22/2022,0.010488088481701631,9.8,9.82,9.779
07/20/2022,0.010246950765959727,9.8,9.82,9.779
07/19/2022,0.013416407864998982,9.8,9.826,9.773
07/15/2022,0.012845232578665409,9.8,9.825,9.774
07/14/2022,0.013275918047352057,9.8,9.826,9.773
07/13/2022,0.013462912017836616,9.8,9.826,9.773
07/07/2022,0.015041608956491755,9.8,9.83,9.769
07/06/2022,0.017500000000000477,9.8,9.835,9.764
07/05/2022,0.017923448328935467,9.79,9.825,9.754
07/01/2022,0.021937410968480515,9.79,9.833,9.746
06/30/2022,0.021360009363293946,9.79,9.832,9.747
06/29/2022,0.021360009363293946,9.79,9.832,9.747
06/28/2022,0.02170829334609255,9.79,9.833,9.746
06/27/2022,0.022276669409945618,9.79,9.834,9.745
06/22/2022,0.02315707235381901,9.79,9.836,9.743
06/21/2022,0.024005207768315863,9.79,9.838,9.741
06/17/2022,0.024005207768315863,9.79,9.838,9.741
06/16/2022,0.024418230894149864,9.79,9.838,9.741
06/14/2022,0.024723470630152556,9.79,9.839,9.74
06/13/2022,0.024418230894149864,9.79,9.838,9.741
06/10/2022,0.024109126902482673,9.79,9.838,9.741
06/09/2022,0.024109126902482673,9.79,9.838,9.741
06/01/2022,0.023264780248264054,9.79,9.836,9.743
05/27/2022,0.022830900113662067,9.79,9.835,9.744
05/25/2022,0.022830900113662088,9.79,9.835,9.744
05/23/2022,0.02294013949390926,9.79,9.835,9.744
05/20/2022,0.022502499861126894,9.79,9.835,9.744
05/17/2022,0.021939974931617787,9.79,9.833,9.746
05/16/2022,0.021939974931617787,9.79,9.833,9.746
05/13/2022,0.01725869346155775,9.8,9.834,9.765
05/11/2022,0.01725869346155775,9.8,9.834,9.765
05/09/2022,0.02003403354294937,9.79,9.83,9.749
05/05/2022,0.020648547164389453,9.79,9.831,9.748
05/04/2022,0.020648547164389325,9.79,9.831,9.748
05/03/2022,0.020648547164389196,9.79,9.831,9.748
05/02/2022,0.019490061569939095,9.78,9.818,9.741
04/29/2022,0.018435360045304598,9.78,9.816,9.743
04/27/2022,0.017316538337670422,9.78,9.814,9.745
04/26/2022,0.017779552862769263,9.78,9.815,9.744
04/25/2022,0.016870462352882074,9.77,9.803,9.736
04/22/2022,0.016870462352881917,9.77,9.803,9.736
04/20/2022,0.01611249515127939,9.77,9.802,9.737
04/18/2022,0.016065879994572294,9.76,9.792,9.727
04/14/2022,0.015268022137788486,9.76,9.79,9.729
04/12/2022,0.014726252069009172,9.76,9.789,9.73
04/06/2022,0.014726252069009172,9.76,9.789,9.73
04/05/2022,0.013829316685939052,9.75,9.777,9.722
03/31/2022,0.013275918047351487,9.75,9.776,9.723
03/30/2022,0.015370426148939085,9.75,9.78,9.719
03/29/2022,0.01721191447805815,9.75,9.784,9.715
03/28/2022,0.01847295320191076,9.74,9.776,9.703
03/24/2022,0.019525624189766208,9.74,9.779,9.7
03/23/2022,0.019525624189766208,9.74,9.779,9.7
03/22/2022,0.020155644370745934,9.74,9.78,9.699
03/21/2022,0.020432816741702158,9.74,9.78,9.699
03/18/2022,0.019685019685029108,9.73,9.769,9.69
03/16/2022,0.018091448256012745,9.73,9.766,9.693
03/14/2022,0.016349327203282374,9.73,9.762,9.697
03/11/2022,0.016157057281571748,9.73,9.762,9.697
03/10/2022,0.014357942053093539,9.72,9.748,9.691
03/09/2022,0.013825718787824107,9.72,9.747,9.692
03/08/2022,0.012089272103811478,9.72,9.744,9.695
03/07/2022,0.012089272103811628,9.72,9.744,9.695
03/04/2022,0.01308245007634282,9.72,9.746,9.693
03/03/2022,0.015206922765635405,9.71,9.74,9.679
03/02/2022,0.014361424024100289,9.71,9.738,9.681
03/01/2022,0.014361424024100474,9.71,9.738,9.681
02/28/2022,0.013133944571225091,9.71,9.736,9.683
02/24/2022,0.013133944571225091,9.71,9.736,9.683
02/22/2022,0.013133944571225091,9.71,9.736,9.683
02/18/2022,0.013133944571225091,9.71,9.736,9.683
02/17/2022,0.013874454944249602,9.71,9.737,9.682
02/16/2022,0.013874454944249666,9.71,9.737,9.682
02/15/2022,0.013874454944249666,9.71,9.737,9.682
02/14/2022,0.0140089435718763,9.71,9.738,9.681
02/09/2022,0.013829334763466192,9.71,9.737,9.682
02/08/2022,0.015370426148939806,9.71,9.74,9.679
02/07/2022,0.015370426148939806,9.71,9.74,9.679
02/03/2022,0.015370426148939865,9.71,9.74,9.679
02/02/2022,0.017642278764377666,9.71,9.745,9.674
02/01/2022,0.017642278764377666,9.71,9.745,9.674
01/31/2022,0.017500000000000324,9.71,9.745,9.674
01/28/2022,0.0195256241897668,9.71,9.749,9.67
01/27/2022,0.019137659209004777,9.71,9.748,9.671
01/26/2022,0.01806239186818854,9.71,9.746,9.673
01/25/2022,0.019653244007033478,9.71,9.749,9.67
01/24/2022,0.018200274723201456,9.72,9.756,9.683
01/21/2022,0.01738138371937072,9.72,9.754,9.685
01/20/2022,0.018496283410458683,9.72,9.756,9.683
01/19/2022,0.018897420458888353,9.72,9.757,9.682
01/18/2022,0.018897420458888353,9.72,9.757,9.682
01/13/2022,0.023067563807216498,9.72,9.766,9.673
01/12/2022,0.023534506580763538,9.72,9.767,9.672
01/11/2022,0.02926555996388951,9.73,9.788,9.671
01/10/2022,0.033113033687658625,9.73,9.796,9.663
01/06/2022,0.03348840097705493,9.73,9.796,9.663
01/05/2022,0.03341366486933174,9.73,9.796,9.663
01/04/2022,0.033113033687658625,9.73,9.796,9.663
01/03/2022,0.03448293780987942,9.74,9.808,9.671
12/31/2021,0.036181113857923254,9.74,9.812,9.667
12/30/2021,0.035711664760971436,9.74,9.811,9.668
12/29/2021,0.03514716204759654,9.74,9.81,9.669
12/28/2021,0.03514716204759654,9.74,9.81,9.669
12/27/2021,0.03588764411326011,9.75,9.821,9.678
12/23/2021,0.03439364766930092,9.75,9.818,9.681
12/21/2021,0.034466258862835816,9.75,9.818,9.681
12/20/2021,0.03260250757227126,9.75,9.815,9.684
12/17/2021,0.031564394497598146,9.75,9.813,9.686
12/16/2021,0.0278838842344462,9.76,9.815,9.704
12/14/2021,0.02602904147293924,9.76,9.812,9.707
12/13/2021,0.02602904147293924,9.76,9.812,9.707
12/10/2021,0.027862358119871942,9.75,9.805,9.694
12/08/2021,0.028217910978667313,9.75,9.806,9.693
12/07/2021,0.026762856723451398,9.75,9.803,9.696
12/06/2021,0.02431564311302467,9.75,9.798,9.701
12/03/2021,0.025124699003171807,9.75,9.8,9.699
12/02/2021,0.024824393245354116,9.75,9.799,9.7
12/01/2021,0.024824393245354116,9.75,9.799,9.7
11/30/2021,0.024109137271996782,9.75,9.798,9.701
11/29/2021,0.022830911063730835,9.75,9.795,9.704
11/26/2021,0.024494907634036577,9.75,9.798,9.701
11/24/2021,0.02528917752715545,9.74,9.79,9.689
11/23/2021,0.026016196878098474,9.75,9.802,9.697
11/22/2021,0.024430360210196973,9.75,9.798,9.701
11/19/2021,0.025628938721686718,9.75,9.801,9.698
11/18/2021,0.025919924768408802,9.75,9.801,9.698
11/16/2021,0.027419737416685245,9.75,9.804,9.695
11/15/2021,0.02884167124145141,9.75,9.807,9.692
11/12/2021,0.02875486045871142,9.75,9.807,9.692
11/10/2021,0.028443663617754425,9.76,9.816,9.703
11/09/2021,0.028443663617754425,9.76,9.816,9.703
11/05/2021,0.027641309665064145,9.76,9.815,9.704
11/04/2021,0.026814958511994204,9.76,9.813,9.706
11/03/2021,0.028492841206169073,9.75,9.806,9.693
10/29/2021,0.02868957998995397,9.75,9.807,9.692
10/28/2021,0.028250522119068314,9.75,9.806,9.693
10/27/2021,0.030300033003281893,9.75,9.81,9.689
10/25/2021,0.03127446242543538,9.75,9.812,9.687
10/22/2021,0.030628287578641597,9.75,9.811,9.688
10/20/2021,0.031592594068863174,9.75,9.813,9.686
10/18/2021,0.031133454674995065,9.75,9.812,9.687
10/14/2021,0.030289437102725657,9.75,9.81,9.689
10/08/2021,0.029537264599146202,9.75,9.809,9.69
10/07/2021,0.0364341872422039,9.75,9.822,9.677
10/06/2021,0.034791521955786546,9.74,9.809,9.67
10/05/2021,0.03421184005574647,9.74,9.808,9.671
10/04/2021,0.032641231594411124,9.74,9.805,9.674
10/01/2021,0.030748170677293768,9.74,9.801,9.678
09/30/2021,0.030748170677293768,9.74,9.801,9.678
09/29/2021,0.029503389635768828,9.74,9.799,9.68
09/28/2021,0.029503389635768828,9.74,9.799,9.68
09/27/2021,0.031119929305832184,9.73,9.792,9.667
09/21/2021,0.030715631199765274,9.73,9.791,9.668
09/16/2021,0.030338918899657553,9.74,9.8,9.679
09/15/2021,0.03033891889965754,9.74,9.8,9.679
09/10/2021,0.03033891889965754,9.74,9.8,9.679
09/09/2021,0.027302930245671327,9.74,9.794,9.685
09/08/2021,0.026560308733145327,9.74,9.793,9.686
09/07/2021,0.02892576705983776,9.74,9.797,9.682
09/03/2021,0.028225874654295425,9.74,9.796,9.683
09/01/2021,0.0278836869871973,9.74,9.795,9.684
08/31/2021,0.0278836869871973,9.74,9.795,9.684
08/30/2021,0.030862598724021948,9.75,9.811,9.688
08/27/2021,0.02307596151842868,9.75,9.796,9.703
08/26/2021,0.02403122968139582,9.75,9.798,9.701
08/25/2021,0.024949949899749246,9.76,9.809,9.71
08/24/2021,0.023717082451262844,9.76,9.807,9.712
08/23/2021,0.02524876234590527,9.76,9.81,9.709
08/20/2021,0.02524876234590527,9.76,9.81,9.709
08/19/2021,0.02962262648719735,9.76,9.819,9.7
08/18/2021,0.02953811097548391,9.77,9.829,9.71
08/17/2021,0.023922802929422837,9.77,9.817,9.722
08/16/2021,0.02360721288081256,9.77,9.817,9.722
08/13/2021,0.023287346349466335,9.77,9.816,9.723
08/10/2021,0.022634056198569483,9.77,9.815,9.724
08/09/2021,0.02230023542476631,9.77,9.814,9.725
08/05/2021,0.02230023542476631,9.77,9.814,9.725
08/02/2021,0.021847208059612634,9.77,9.813,9.726
07/29/2021,0.021237949524377398,9.77,9.812,9.727
07/26/2021,0.021818581530429662,9.77,9.813,9.726
07/23/2021,0.025220041633589735,9.77,9.82,9.719
07/22/2021,0.026943468596303543,9.78,9.833,9.726
07/21/2021,0.026943468596303543,9.78,9.833,9.726
07/20/2021,0.026943468596303543,9.78,9.833,9.726
07/19/2021,0.044787838751160984,9.78,9.869,9.69
07/16/2021,0.04748699822056544,9.79,9.884,9.695
07/13/2021,0.05044726949994409,9.79,9.89,9.689
07/12/2021,0.05044726949994409,9.79,9.89,9.689
07/09/2021,0.0496638198289257,9.79,9.889,9.69
07/08/2021,0.04890291402360386,9.79,9.887,9.692
07/07/2021,0.05657998762813562,9.8,9.913,9.686
07/02/2021,0.06177940190710798,9.81,9.933,9.686
07/01/2021,0.06080044818913733,9.81,9.931,9.688
06/30/2021,0.06302138129238338,9.81,9.936,9.683
06/28/2021,0.0653868832412126,9.81,9.94,9.679
06/25/2021,0.07089107489663256,9.8,9.941,9.658
06/24/2021,0.07283916872123104,9.8,9.945,9.654
06/23/2021,0.07526383593732092,9.8,9.95,9.649
06/18/2021,0.0747304824017613,9.8,9.949,9.65
06/11/2021,0.0747304824017613,9.8,9.949,9.65
06/10/2021,0.0,0.0,0.0,0.0
06/09/2021,0.0,0.0,0.0,0.0
06/08/2021,0.0,0.0,0.0,0.0
06/07/2021,0.0,0.0,0.0,0.0
06/04/2021,0.0,0.0,0.0,0.0
06/03/2021,0.0,0.0,0.0,0.0
06/02/2021,0.0,0.0,0.0,0.0
06/01/2021,0.0,0.0,0.0,0.0
05/28/2021,0.0,0.0,0.0,0.0
05/26/2021,0.0,0.0,0.0,0.0
05/25/2021,0.0,0.0,0.0,0.0
05/17/2021,0.0,0.0,0.0,0.0
05/14/2021,0.0,0.0,0.0,0.0
05/11/2021,0.0,0.0,0.0,0.0
05/10/2021,0.0,0.0,0.0,0.0
05/07/2021,0.0,0.0,0.0,0.0
05/05/2021,0.0,0.0,0.0,0.0
05/04/2021,0.0,0.0,0.0,0.0
05/03/2021,0.0,0.0,0.0,0.0
