12/30/2022,0.5070466669844108,1.06,2.074,0.045
12/29/2022,0.5868713849728916,1.15,2.323,-0.023
12/28/2022,0.6866794900097134,1.26,2.633,-0.113
12/27/2022,0.7486343045840205,1.37,2.867,-0.127
12/23/2022,0.805737645887295,1.48,3.091,-0.131
12/22/2022,0.8890137532681932,1.61,3.388,-0.168
12/21/2022,0.9240475656047149,1.74,3.588,-0.108
12/20/2022,0.9161517292457619,1.83,3.662,-0.002
12/19/2022,0.8922321396363169,1.91,3.694,0.125
12/16/2022,0.86175262749817,1.97,3.693,0.246
12/15/2022,0.8371951343623539,2.05,3.724,0.375
12/14/2022,0.8096597140157091,2.14,3.759,0.52
12/13/2022,0.7566848752948614,2.21,3.723,0.696
12/12/2022,0.6961860383546915,2.28,3.672,0.887
12/09/2022,0.6409329138061174,2.32,3.601,1.038
12/08/2022,0.5907622195096771,2.37,3.551,1.188
12/07/2022,0.5059990118567427,2.42,3.431,1.408
12/06/2022,0.4008740450565489,2.48,3.281,1.678
12/05/2022,0.3975864685826217,2.48,3.275,1.684
12/02/2022,0.39780020110603265,2.51,3.305,1.714
12/01/2022,0.39229453220762583,2.54,3.324,1.755
11/30/2022,0.3973789123745748,2.56,3.354,1.765
11/29/2022,0.4268840592010903,2.58,3.433,1.726
11/28/2022,0.4473645046268199,2.6,3.494,1.705
11/25/2022,0.5239370191158476,2.65,3.697,1.602
11/23/2022,0.6236154263646786,2.69,3.937,1.442
11/22/2022,0.6766306230137681,2.73,4.083,1.376
11/21/2022,0.7447630495667732,2.81,4.299,1.32
11/18/2022,0.7627207877067466,2.87,4.395,1.344
11/17/2022,0.7724655332116767,2.97,4.514,1.425
11/16/2022,0.7878926322792973,3.03,4.605,1.454
11/15/2022,0.8225410628047697,3.1,4.745,1.454
11/14/2022,0.8658751642124862,3.23,4.961,1.498
11/11/2022,0.8779093347265423,3.33,5.085,1.574
11/10/2022,0.8323411560171707,3.44,5.104,1.775
11/09/2022,0.782242673343765,3.55,5.114,1.985
11/08/2022,0.7182008075740378,3.66,5.096,2.223
11/07/2022,0.6479138831665826,3.77,5.065,2.474
11/04/2022,0.573072770248247,3.86,5.006,2.713
11/03/2022,0.5210541238681449,3.95,4.992,2.907
11/02/2022,0.4563623560286278,4.04,4.952,3.127
11/01/2022,0.3730718429471728,4.12,4.866,3.373
10/31/2022,0.33624217463013173,4.18,4.852,3.507
10/28/2022,0.27078146169928247,4.24,4.781,3.698
10/27/2022,0.25769090011096624,4.27,4.785,3.754
10/26/2022,0.27407006403472817,4.28,4.828,3.731
10/25/2022,0.2859660819048301,4.32,4.891,3.748
10/24/2022,0.3267849445736446,4.37,5.023,3.716
10/21/2022,0.28759102906731976,4.41,4.985,3.834
10/20/2022,0.2677681833228137,4.43,4.965,3.894
10/19/2022,0.23012387968222678,4.46,4.92,3.999
10/18/2022,0.2273371944931141,4.49,4.944,4.035
10/17/2022,0.24768972526126307,4.51,5.005,4.014
10/14/2022,0.3257290284884048,4.56,5.211,3.908
10/13/2022,0.47957293501614545,4.67,5.629,3.71
10/12/2022,0.6679038853008717,4.8,6.135,3.464
10/11/2022,0.8354201338248918,4.95,6.62,3.279
10/10/2022,1.092392786501266,5.14,7.324,2.955
10/07/2022,1.1282731052364938,5.27,7.526,3.013
10/06/2022,1.1603654596720812,5.39,7.71,3.069
10/05/2022,1.1721491372688035,5.49,7.834,3.145
10/04/2022,1.2709212406754402,5.67,8.211,3.128
10/03/2022,1.3863032135864073,5.88,8.652,3.107
09/30/2022,1.4422467888679802,6.06,8.944,3.175
09/29/2022,1.4553515039329845,6.25,9.16,3.339
09/28/2022,1.4845589243947173,6.44,9.409,3.47
09/27/2022,1.4770465124700711,6.6,9.554,3.645
09/26/2022,1.4665491468068843,6.75,9.683,3.816
09/23/2022,1.400969378680348,6.94,9.741,4.138
09/22/2022,1.3219860059773705,7.16,9.803,4.516
09/21/2022,1.2205334899133249,7.38,9.821,4.938
09/20/2022,1.0713014515065309,7.55,9.692,5.407
09/19/2022,0.9110383087444786,7.72,9.542,5.897
09/16/2022,0.7611158913069678,7.86,9.382,6.337
09/15/2022,0.7045967641140569,8.0,9.409,6.59
09/14/2022,0.9055625875664256,8.2,10.011,6.388
09/13/2022,0.9258495558134702,8.32,10.171,6.468
09/12/2022,0.9774033967610303,8.4,10.354,6.445
09/09/2022,0.9406983576046043,8.54,10.421,6.658
09/08/2022,0.9114048496689053,8.7,10.522,6.877
09/07/2022,0.877401390470747,8.91,10.664,7.155
09/06/2022,0.9334429816544768,9.04,10.906,7.173
09/02/2022,0.9273320872265771,9.07,10.924,7.215
09/01/2022,0.9110156969009919,9.09,10.912,7.267
08/31/2022,0.8915344076366318,9.15,10.933,7.366
08/30/2022,0.8811087333581481,9.21,10.972,7.447
08/29/2022,0.8439912321819464,9.27,10.957,7.582
08/26/2022,0.798320988074346,9.33,10.926,7.733
08/25/2022,0.7819824806221686,9.44,11.003,7.876
08/24/2022,0.7898891061408557,9.52,11.099,7.94
08/23/2022,0.841006420902956,9.63,11.312,7.947
08/22/2022,0.9257180996394095,9.82,11.671,7.968
08/19/2022,0.9764394502476843,10.0,11.952,8.047
08/18/2022,0.987548176040035,10.18,12.155,8.204
08/17/2022,1.0850199998156715,10.36,12.53,8.189
08/16/2022,1.1607137459339403,10.43,12.751,8.108
08/15/2022,1.205532413500359,10.56,12.971,8.148
08/12/2022,1.2297829889862684,10.67,13.129,8.21
08/11/2022,1.22806604056948,10.77,13.226,8.313
08/10/2022,1.2916257972028895,10.91,13.493,8.326
08/09/2022,1.3538895819083623,11.02,13.727,8.312
08/08/2022,1.4010910748413181,11.12,13.922,8.317
08/05/2022,1.3465608786831735,11.27,13.963,8.576
08/04/2022,1.2283857700250358,11.46,13.916,9.003
08/03/2022,1.164865399949711,11.62,13.949,9.29
08/02/2022,1.068656726924039,11.72,13.857,9.582
08/01/2022,0.917227125634649,11.84,13.674,10.005
07/29/2022,0.7088650083055308,11.95,13.367,10.532
07/28/2022,1.3080751507463169,12.3,14.916,9.683
07/27/2022,1.3369196684917157,12.28,14.953,9.606
07/26/2022,1.4263165847735204,12.22,15.072,9.367
07/25/2022,1.5073933793141054,12.11,15.124,9.095
07/22/2022,1.6340816993039238,11.98,15.248,8.711
07/21/2022,1.7483325198599948,11.83,15.326,8.333
07/20/2022,1.880417932269313,11.63,15.39,7.869
07/19/2022,1.9984980860636317,11.43,15.426,7.433
07/18/2022,2.054373773197078,11.27,15.378,7.161
07/15/2022,2.0784271938174785,11.15,15.306,6.993
07/14/2022,2.1074971411605756,11.04,15.254,6.825
07/13/2022,2.103340200728356,10.86,15.066,6.653
07/12/2022,2.0786504756692503,10.69,14.847,6.532
07/11/2022,2.0305464781678846,10.55,14.611,6.488
07/08/2022,1.9928191087000342,10.46,14.445,6.474
07/07/2022,1.9496762808220238,10.41,14.309,6.51
07/06/2022,1.896522976396542,10.34,14.133,6.546
07/05/2022,1.872032959111564,10.28,14.024,6.535
07/01/2022,1.8511181485793928,10.24,13.942,6.537
06/30/2022,1.870900692180106,10.27,14.011,6.528
06/29/2022,0.9745225497647554,9.97,11.919,8.02
06/28/2022,1.0117144854157225,10.03,12.053,8.006
06/27/2022,1.0164549178394486,10.07,12.102,8.037
06/24/2022,1.017442578232305,10.09,12.124,8.055
06/23/2022,1.0010061937870316,10.15,12.152,8.147
06/22/2022,0.9797164896029873,10.18,12.139,8.22
06/21/2022,0.9061547329236881,10.29,12.102,8.477
06/17/2022,0.7964919334180354,10.4,11.992,8.807
06/16/2022,0.7472539059784166,10.5,11.994,9.005
06/15/2022,0.7276051126813226,10.57,12.025,9.114
06/14/2022,0.7341719144723531,10.7,12.168,9.231
06/13/2022,0.7885768193397522,10.88,12.457,9.302
06/10/2022,0.8885839296318608,11.08,12.857,9.302
06/09/2022,0.9576560969366821,11.25,13.165,9.334
06/08/2022,1.0023518344373896,11.36,13.364,9.355
06/07/2022,1.2887483074673658,11.54,14.117,8.962
06/06/2022,1.4757385269755614,11.72,14.671,8.768
06/03/2022,1.840290792239096,12.05,15.73,8.369
06/02/2022,2.3699616030644886,12.46,17.199,7.72
06/01/2022,2.9283567064140255,12.88,18.736,7.023
05/31/2022,3.5867858871139773,13.44,20.613,6.266
05/27/2022,4.388606065711526,14.15,22.927,5.372
05/26/2022,4.624116672403498,14.72,23.968,5.471
05/25/2022,4.765605124220848,15.31,24.841,5.778
05/24/2022,4.764328913918518,15.81,25.338,6.281
05/23/2022,4.663456036031646,16.37,25.696,7.043
05/20/2022,4.569359057898602,16.87,26.008,7.731
05/19/2022,4.418064168841371,17.41,26.246,8.573
05/18/2022,4.274337749874242,17.95,26.498,9.401
05/17/2022,4.0091882470146,18.44,26.458,10.421
05/16/2022,3.763200552721048,18.91,26.436,11.383
05/13/2022,3.520970235602681,19.33,26.371,12.288
05/12/2022,3.2730498926841918,19.73,26.276,13.183
05/11/2022,2.9989237402775015,20.24,26.237,14.242
05/10/2022,2.474715256347687,20.68,25.629,15.73
05/09/2022,2.179491408563016,21.1,25.458,16.741
05/06/2022,1.665078076247477,21.48,24.81,18.149
05/05/2022,1.9259711835850502,22.04,25.891,18.188
05/04/2022,2.305016268923063,22.53,27.14,17.919
05/03/2022,2.412135982899803,22.84,27.664,18.015
05/02/2022,2.4135243939102833,22.83,27.657,18.002
04/29/2022,2.3485101660414416,22.65,27.347,17.952
04/28/2022,2.3439069947418987,22.69,27.377,18.002
04/27/2022,2.3514038360094593,22.67,27.372,17.967
04/26/2022,2.3172397372736384,22.72,27.354,18.085
04/25/2022,2.290502128355265,22.76,27.341,18.178
04/22/2022,2.2466641938660974,22.85,27.343,18.356
04/21/2022,2.2225210910135367,22.98,27.425,18.534
04/20/2022,2.2145879978000425,23.06,27.489,18.63
04/19/2022,2.164509182239706,23.23,27.559,18.9
04/18/2022,2.1375453211569577,23.27,27.545,18.994
04/14/2022,2.1010473578670235,23.44,27.642,19.237
04/13/2022,2.075837180512961,23.47,27.621,19.318
04/12/2022,2.115561391215107,23.38,27.611,19.148
04/11/2022,2.115561391215107,23.38,27.611,19.148
04/08/2022,2.178164364780583,23.26,27.616,18.903
04/07/2022,2.1911412551453635,23.23,27.612,18.847
04/06/2022,1.8800572331713734,22.93,26.69,19.169
04/05/2022,1.3334733593139385,22.56,25.226,19.893
04/04/2022,1.1102591589354263,22.22,24.44,19.999
04/01/2022,1.289044374721057,22.06,24.638,19.481
03/31/2022,1.2960152005281422,22.04,24.632,19.447
03/30/2022,1.2908777633842798,22.03,24.611,19.448
03/29/2022,1.3201421893114393,22.12,24.76,19.479
03/28/2022,1.4734298083044202,22.3,25.246,19.353
03/25/2022,1.4647031781217656,22.34,25.269,19.41
03/24/2022,1.4679902588232663,22.3,25.235,19.364
03/23/2022,1.4383029583505695,22.18,25.056,19.303
03/22/2022,1.4147916454375888,22.06,24.889,19.23
03/21/2022,1.3429055811932573,21.9,24.585,19.214
03/18/2022,1.3417583239913216,21.88,24.563,19.196
03/17/2022,1.4561131137380778,21.93,24.842,19.017
03/16/2022,1.9684931800745464,22.23,26.166,18.293
03/15/2022,2.588657064966312,22.65,27.827,17.472
03/14/2022,3.0289479031505318,23.07,29.127,17.012
03/11/2022,3.5804420676782365,23.63,30.79,16.469
03/10/2022,4.033192953479911,24.15,32.216,16.083
03/09/2022,4.5764991205068535,24.76,33.912,15.607
03/08/2022,4.799522497082392,25.3,34.899,15.7
03/07/2022,4.978584136077244,26.02,35.977,16.062
03/04/2022,4.894313026360288,26.67,36.458,16.881
03/03/2022,4.809459429083481,27.13,36.748,17.511
03/02/2022,4.786010865010652,27.58,37.152,18.007
03/01/2022,4.918160225124839,28.14,37.976,18.303
02/28/2022,5.074278273804069,28.62,38.768,18.471
02/25/2022,4.96581312576299,29.17,39.101,19.238
02/24/2022,4.7295771481180005,29.73,39.189,20.27
02/23/2022,4.535294918745637,30.48,39.55,21.409
02/22/2022,4.563584117774099,31.47,40.597,22.342
02/18/2022,4.961743645131215,32.73,42.653,22.806
02/17/2022,5.310470788922578,34.03,44.65,23.409
02/16/2022,6.787075953604762,35.54,49.114,21.965
02/15/2022,8.67976958219514,37.24,54.599,19.88
02/14/2022,10.95207742850643,39.2,61.104,17.295
02/11/2022,12.140658960698962,40.98,65.261,16.698
02/10/2022,13.394461541995632,42.82,69.608,16.031
02/09/2022,13.997267590497797,44.45,72.444,16.455
02/08/2022,14.992584833843695,46.32,76.305,16.334
02/07/2022,15.749780950857696,48.38,79.879,16.88
02/04/2022,16.78788551307162,50.67,84.245,17.094
02/03/2022,18.792921539771296,53.81,91.395,16.224
02/02/2022,18.851790365904243,56.3,94.003,18.596
02/01/2022,18.72538384119268,58.8,96.25,21.349
01/31/2022,18.741782199139973,61.36,98.843,23.876
01/28/2022,18.98656367013262,64.32,102.293,26.346
01/27/2022,18.27887031520274,67.07,103.627,30.512
01/26/2022,17.041701792954832,69.82,103.903,35.736
01/25/2022,15.665155600886957,72.43,103.76,41.099
01/24/2022,14.003156786953433,74.46,102.466,46.453
01/21/2022,13.685506932518066,77.27,104.641,49.898
01/20/2022,12.527473807595848,79.72,104.774,54.665
01/19/2022,11.800724554026333,80.17,103.771,56.568
01/18/2022,12.154274968092505,79.96,104.268,55.651
01/14/2022,12.77640011896935,79.46,105.012,53.907
01/13/2022,12.787317936142825,79.45,105.024,53.875
01/12/2022,12.569721556184131,80.11,105.249,54.97
01/11/2022,12.313829623638618,80.36,104.987,55.732
01/10/2022,12.28722914248774,80.4,104.974,55.825
01/07/2022,12.307050824628945,81.15,105.764,56.535
01/06/2022,12.925366532520462,82.13,107.98,56.279
01/05/2022,13.454753806740575,80.36,107.269,53.45
01/04/2022,13.930294325677401,79.53,107.39,51.669
01/03/2022,18.009886173987887,76.8,112.819,40.78
12/31/2021,21.100388622013575,73.76,115.96,31.559
12/30/2021,22.809173593096265,70.44,116.058,24.821
12/29/2021,24.07575336308295,67.49,115.641,19.338
12/28/2021,24.80042539957732,64.67,114.27,15.069
12/27/2021,25.14726824130208,61.83,112.124,11.535
12/23/2021,25.53987274831259,59.33,110.409,8.25
12/22/2021,24.081484588787294,55.91,104.072,7.747
12/21/2021,22.6446881188503,52.71,97.999,7.42
12/20/2021,23.08844732761387,50.86,97.036,4.683
12/17/2021,23.394881918915512,49.56,96.349,2.77
12/16/2021,23.54471278227874,48.26,95.349,1.17
12/15/2021,23.34764656234114,46.78,93.475,0.084
12/14/2021,22.118528432063467,44.19,88.427,-0.047
12/13/2021,21.310910351273126,42.83,85.451,0.208
12/10/2021,20.19667051768682,41.41,81.803,1.016
12/09/2021,17.104043381610094,39.24,73.448,5.031
12/08/2021,10.240629863441017,36.46,56.941,15.978
12/07/2021,8.953172622037396,35.67,53.576,17.763
12/06/2021,6.606852503272643,34.71,47.923,21.496
12/03/2021,6.720974631703351,35.61,49.051,22.168
12/02/2021,6.621819991512907,36.66,49.903,23.416
12/01/2021,6.5172003191554575,37.53,50.564,24.495
11/30/2021,6.3825151782036516,38.26,51.025,25.494
11/29/2021,6.381966781486723,38.96,51.723,26.196
11/26/2021,6.25062396885303,39.57,52.071,27.068
11/24/2021,6.101581762133488,40.27,52.473,28.066
11/23/2021,5.970887706195788,40.76,52.701,28.818
11/22/2021,5.844852436118469,41.49,53.179,29.8
11/19/2021,4.939423043230859,42.28,52.158,32.401
11/18/2021,4.319791661642955,42.92,51.559,34.28
11/17/2021,3.8803350370812053,43.7,51.46,35.939
11/16/2021,3.630964059309868,44.38,51.641,37.118
11/15/2021,1.8444511378727273,45.3,48.988,41.611
11/12/2021,1.8685823503394217,45.58,49.317,41.842
11/11/2021,1.8805318396666402,45.74,49.501,41.978
11/10/2021,2.0538743875904384,45.96,50.067,41.852
11/09/2021,2.092749387767202,46.22,50.405,42.034
11/08/2021,2.0989521195110665,46.48,50.677,42.282
11/05/2021,2.0562101059959796,46.6,50.712,42.487
11/04/2021,2.029187029329726,46.72,50.778,42.661
11/03/2021,2.1283561732003404,46.91,51.166,42.653
11/02/2021,2.2098868749327414,47.18,51.599,42.76
11/01/2021,2.0894018282752596,47.32,51.498,43.141
10/29/2021,2.097117068739845,47.51,51.704,43.315
10/28/2021,2.8676819907374664,48.18,53.915,42.444
10/27/2021,3.878285703761393,48.93,56.686,41.173
10/26/2021,4.820155599148227,49.91,59.55,40.269
10/25/2021,6.496422092198136,51.05,64.042,38.057
10/22/2021,8.710975835117441,52.83,70.251,35.408
10/21/2021,11.650145921832912,55.09,78.39,31.789
10/20/2021,14.269141529888897,57.34,85.878,28.801
10/19/2021,15.450423942403653,59.18,90.08,28.279
10/18/2021,16.71831032132135,61.29,94.726,27.853
10/15/2021,16.455163323407035,61.94,94.85,29.029
10/14/2021,16.13374104168032,62.52,94.787,30.252
10/13/2021,15.860627352031193,63.15,94.871,31.428
10/12/2021,15.534384442262269,63.77,94.838,32.701
10/11/2021,15.164072671944037,64.47,94.798,34.141
10/08/2021,14.626496504631586,65.44,94.692,36.187
10/07/2021,14.050804247444344,66.57,94.671,38.468
10/06/2021,13.535918882735668,67.63,94.701,40.558
10/05/2021,12.967879549101312,68.71,94.645,42.774
10/04/2021,12.01929698443299,70.15,94.188,46.111
10/01/2021,11.071512995069824,71.04,93.183,48.896
09/30/2021,10.769335169823622,71.35,92.888,49.811
09/29/2021,10.694881953532727,71.43,92.819,50.04
09/28/2021,10.702474480231196,71.42,92.824,50.015
09/27/2021,10.92214264693517,70.98,92.824,49.135
09/24/2021,10.918047444483834,70.12,91.956,48.283
09/23/2021,10.073451245725071,68.71,88.856,48.563
09/22/2021,8.29576397928485,67.23,83.821,50.638
09/21/2021,7.085483752010161,66.1,80.27,51.929
09/20/2021,4.2055225596826835,64.71,73.121,56.298
09/17/2021,4.137061759268284,64.9,73.174,56.625
09/16/2021,4.6312417341356715,65.78,75.042,56.517
09/15/2021,4.616587484278836,65.8,75.033,56.566
09/14/2021,4.55126356081473,66.18,75.282,57.077
09/13/2021,4.846699908184948,65.93,75.623,56.236
09/10/2021,4.845940569177462,65.89,75.581,56.198
09/09/2021,4.822190373678748,65.86,75.504,56.215
09/08/2021,4.892745650450265,65.92,75.705,56.134
09/07/2021,5.208815604338474,66.12,76.537,55.702
09/03/2021,6.008049600327879,66.47,78.486,54.453
09/02/2021,7.242204084393092,67.36,81.844,52.875
09/01/2021,8.820039682450412,68.73,86.37,51.089
08/31/2021,9.123699907384063,69.71,87.957,51.462
08/30/2021,10.62974599884682,71.35,92.609,50.09
08/27/2021,13.135813640578187,73.72,99.991,47.448
08/26/2021,15.372868958005203,76.27,107.015,45.524
08/25/2021,16.745730799221633,78.75,112.241,45.258
08/24/2021,19.171486640320826,81.79,120.132,43.447
08/23/2021,20.835822517961702,84.85,126.521,43.178
08/20/2021,22.00420212595767,87.97,131.978,43.961
08/19/2021,24.074895750553104,91.71,139.859,43.56
08/18/2021,25.975304721985456,94.88,146.83,42.929
08/17/2021,26.792732324270325,98.85,152.435,45.264
08/16/2021,29.013992407112813,103.42,161.447,45.392
08/13/2021,33.10619843171366,110.18,176.392,43.967
08/12/2021,36.25568574168747,116.65,189.161,44.138
08/11/2021,39.54274199647769,123.53,202.615,44.444
08/10/2021,43.38009533876107,131.14,217.9,44.379
08/09/2021,46.089677124058916,138.64,230.819,46.46
08/06/2021,48.796817340888126,146.31,243.903,48.716
08/05/2021,50.41657122018513,153.88,254.713,53.046
08/04/2021,51.44799694448755,161.25,264.145,58.354
08/03/2021,50.56198558601116,168.99,270.113,67.866
08/02/2021,53.907902077524774,178.59,286.405,70.774
07/30/2021,56.5771665815813,187.65,300.804,74.495
07/29/2021,58.01596665056957,196.49,312.521,80.458
07/28/2021,57.94521121197161,205.42,321.31,89.529
07/27/2021,57.62626986366548,213.65,328.902,98.397
07/26/2021,55.881682601725586,221.71,333.473,109.946
07/23/2021,52.64660953185874,229.43,334.723,124.136
07/22/2021,49.41737942262823,236.33,335.164,137.495
07/21/2021,45.35201504894793,243.73,334.434,153.025
07/20/2021,39.00380467339052,249.78,327.787,171.772
07/19/2021,33.207079109732014,254.8,321.214,188.385
07/16/2021,30.2769385803783,258.89,319.443,198.336
07/15/2021,26.713686750428142,263.04,316.467,209.612
07/14/2021,23.947249524736655,267.14,315.034,219.245
07/13/2021,24.445734490908634,271.92,320.811,223.028
07/12/2021,24.210089446344476,276.61,325.03,228.189
07/09/2021,22.491738300985098,279.37,324.353,234.386
07/08/2021,20.61023165323476,282.55,323.77,241.329
07/07/2021,18.237727950597353,284.13,320.605,247.654
07/06/2021,20.59509650377973,283.3,324.49,242.109
07/02/2021,20.575565605834512,283.19,324.341,242.038
06/30/2021,20.762514298610373,282.1,323.625,240.574
06/29/2021,20.701246339290787,281.52,322.922,240.117
06/28/2021,20.63311900804142,280.88,322.146,239.613
06/25/2021,20.542687263354814,280.3,321.385,239.214
06/24/2021,20.55610614878217,279.66,320.772,238.547
06/23/2021,20.6862635582166,279.11,320.482,237.737
06/22/2021,20.802968538167818,278.66,320.265,237.054
06/21/2021,20.772325339258483,277.75,319.294,236.205
06/18/2021,20.582985692071013,278.09,319.255,236.924
06/17/2021,20.799411049354262,277.86,319.458,236.261
06/16/2021,21.094319140470027,277.19,319.378,235.001
06/15/2021,21.298974153700456,276.47,319.067,233.872
06/14/2021,21.329826534690806,275.1,317.759,232.44
06/11/2021,18.976261486393994,272.01,309.962,234.057
06/10/2021,15.550218647980486,269.09,300.19,237.989
06/09/2021,14.873375541550748,267.44,297.186,237.693
06/07/2021,12.876641642912956,265.58,291.333,239.826
06/04/2021,12.901855905256424,265.04,290.843,239.236
06/03/2021,8.061973319231463,266.92,283.043,250.796
06/02/2021,7.234837786709526,265.36,279.829,250.89
06/01/2021,7.93217637221967,264.45,280.314,248.585
05/28/2021,7.557199878261791,263.26,278.374,248.145
05/27/2021,7.09449872788769,262.13,276.318,247.941
05/26/2021,6.29468310560588,260.93,273.519,248.34
05/25/2021,5.796254601033332,259.99,271.582,248.397
05/24/2021,5.5259823922991345,259.26,270.311,248.208
05/21/2021,5.062794228486882,258.68,268.805,248.554
05/20/2021,4.4486685873416185,257.91,266.807,249.012
05/18/2021,3.518423510608134,257.32,264.356,250.283
05/17/2021,3.509961823154215,257.36,264.379,250.34
05/13/2021,3.3741950151110203,257.16,263.908,250.411
05/12/2021,3.143404873699862,257.01,263.296,250.723
05/11/2021,2.963519225515508,256.79,262.717,250.862
05/10/2021,3.135527451641915,256.97,263.241,250.698
05/06/2021,2.9727156944450703,256.81,262.755,250.864
05/05/2021,3.419208212437496,257.14,263.978,250.301
05/04/2021,3.9370863338260733,257.38,265.254,249.505
05/03/2021,4.515669850642319,256.76,265.791,247.728
04/30/2021,4.740310791498805,256.37,265.85,246.889
04/27/2021,6.243392234995331,257.4,269.886,244.913
04/23/2021,7.24918660264722,258.72,273.218,244.221
04/22/2021,8.167603467358093,259.84,276.175,243.504
04/20/2021,8.943727645674368,261.01,278.897,243.122
04/16/2021,9.581867719813292,262.25,281.413,243.086
04/14/2021,9.402491850568124,262.69,281.494,243.885
04/13/2021,10.123914904818193,264.09,284.337,243.842
04/12/2021,10.84344958949872,265.4,287.086,243.713
04/08/2021,10.965271104719662,266.67,288.6,244.739
04/07/2021,12.877912897670953,268.74,294.495,242.984
04/06/2021,12.606565376818537,269.49,294.703,244.276
04/05/2021,14.894931372785845,272.04,301.829,242.25
04/01/2021,14.782348406122757,272.21,301.774,242.645
03/31/2021,17.13649218480842,270.86,305.132,236.587
03/30/2021,17.007706082831984,271.27,305.285,237.254
03/29/2021,16.751808857553268,272.01,305.513,238.506
03/26/2021,16.791065058536343,272.87,306.452,239.287
03/25/2021,16.922707637963853,272.59,306.435,238.744
03/24/2021,15.987113960937418,274.39,306.364,242.415
03/22/2021,14.976157404354433,275.65,305.602,245.697
03/19/2021,15.334376818116873,276.43,307.098,245.761
03/18/2021,16.278630544367058,277.68,310.237,245.122
03/17/2021,16.55562467562007,278.42,311.531,245.308
03/16/2021,16.880741227801586,279.21,312.971,245.448
03/15/2021,17.957928043067778,280.64,316.555,244.724
03/12/2021,19.322627036715275,283.45,322.095,244.804
03/11/2021,21.81694395647567,285.83,329.463,242.196
03/10/2021,25.36923230214111,288.92,339.658,238.181
03/09/2021,29.261995273733472,292.78,351.303,234.256
03/08/2021,32.330886925662895,295.61,360.271,230.948
03/05/2021,32.62580551342756,298.45,363.701,233.198
03/04/2021,33.99379463078519,300.17,368.157,232.182
03/03/2021,35.316207998594635,304.98,375.612,234.347
03/02/2021,35.441214276601755,312.91,383.792,242.027
03/01/2021,49.452769077171,323.41,422.315,224.504
02/26/2021,50.95450697828407,322.19,424.099,220.28
02/25/2021,52.432539976621385,320.77,425.635,215.904
02/24/2021,53.519211358165585,319.91,426.948,212.871
02/23/2021,54.938570361814115,318.41,428.287,208.532
02/22/2021,56.43497487728686,316.95,429.819,204.08
02/19/2021,57.777013226715,315.17,430.724,199.615
02/18/2021,59.399746425384684,312.64,431.439,193.84
02/17/2021,60.65613099596775,310.72,432.032,189.407
02/16/2021,62.02940976343399,308.51,432.568,184.451
02/12/2021,62.977699484817634,306.07,432.025,180.114
02/11/2021,63.67847366575302,303.11,430.466,175.753
02/10/2021,64.26152868085228,299.26,427.783,170.736
02/09/2021,64.21445761353124,294.47,422.898,166.041
02/08/2021,63.81186192707435,288.33,415.953,160.706
02/05/2021,62.572909734165314,282.68,407.825,157.534
02/04/2021,62.349066430861654,278.15,402.848,153.451
02/03/2021,60.86198321448292,273.32,395.043,151.596
02/02/2021,57.671358078339026,267.74,383.082,152.397
02/01/2021,50.64388725601541,260.64,361.927,159.352
01/29/2021,6.373517427606204,249.55,262.297,236.802
01/28/2021,7.253655381943645,250.39,264.897,235.882
01/27/2021,7.722594732342234,250.85,266.295,235.404
01/26/2021,8.37456789333038,250.36,267.109,233.61
01/25/2021,10.004918660339026,248.97,268.979,228.96
01/21/2021,11.281609255775528,247.92,270.483,225.356
01/20/2021,11.486650051255156,246.91,269.883,223.936
01/19/2021,12.304303287874534,245.66,270.268,221.051
01/15/2021,12.876052197781744,244.3,270.052,218.547
01/14/2021,12.852980043554107,243.83,269.535,218.124
01/13/2021,12.715369440169644,243.7,269.13,218.269
01/12/2021,12.634319926295996,242.05,267.318,216.781
01/08/2021,13.977500284385618,239.99,267.945,212.034
01/07/2021,14.661889339372332,238.35,267.673,209.026
01/06/2021,15.302183536998896,237.54,268.144,206.935
01/05/2021,15.711527265036969,236.4,267.823,204.976
01/04/2021,15.729573261852973,236.11,267.569,204.65
12/31/2020,16.5046109011997,234.3,267.309,201.29
12/30/2020,16.31398391564734,233.04,265.667,200.412
12/28/2020,16.71764604841244,231.22,264.655,197.784
12/24/2020,16.135461858899486,228.82,261.09,196.549
12/23/2020,14.250084119049967,226.04,254.54,197.539
12/22/2020,11.891008426538097,223.4,247.182,199.617
12/21/2020,11.95116937374749,222.12,246.022,198.217
12/18/2020,12.215153056757005,221.37,245.8,196.939
12/17/2020,12.583350992482089,220.46,245.626,195.293
12/16/2020,12.31596411979184,219.21,243.841,194.578
12/15/2020,12.368589741761182,218.41,243.147,193.672
12/14/2020,12.365122215328078,217.61,242.34,192.879
12/11/2020,11.24733436864042,216.44,238.934,193.945
12/10/2020,6.709280915269532,214.14,227.558,200.721
12/08/2020,6.072214620712938,213.29,225.434,201.145
12/07/2020,6.105882589765379,213.2,225.411,200.988
12/04/2020,6.065577070650407,213.11,225.241,200.978
12/03/2020,5.993238289939753,212.71,224.696,200.723
12/02/2020,5.773717121577743,212.22,223.767,200.672
12/01/2020,3.470793165833997,211.1,218.041,204.158
11/30/2020,3.473663368836995,211.09,218.037,204.142
11/25/2020,1.948542532253273,210.4,214.297,206.502
11/19/2020,1.9569805824279396,210.45,214.363,206.536
11/17/2020,1.9739516204811098,210.41,214.357,206.462
11/16/2020,2.3034202829705226,210.71,215.316,206.103
11/12/2020,2.29830132924297,210.73,215.326,206.133
11/11/2020,2.381951930665269,210.96,215.723,206.196
11/10/2020,2.3716671351604135,211.01,215.753,206.266
11/06/2020,2.2197349391312478,211.12,215.559,206.68
11/05/2020,2.266756096275028,211.3,215.833,206.766
11/02/2020,2.5056023627064223,211.63,216.641,206.618
10/30/2020,2.5916024386467926,211.89,217.073,206.706
10/29/2020,2.3565882542353473,211.65,216.363,206.936
10/28/2020,2.346289624066049,211.8,216.492,207.107
10/26/2020,2.363231474062582,211.78,216.506,207.053
10/21/2020,2.3893607931829806,211.75,216.528,206.971
10/20/2020,2.3740781368775545,211.42,216.168,206.671
10/19/2020,2.4187957747606554,211.63,216.467,206.792
10/15/2020,2.4133310589307877,211.64,216.466,206.813
10/14/2020,2.3953034880782846,211.78,216.57,206.989
10/08/2020,2.368879650805418,211.92,216.657,207.182
10/07/2020,2.4604247600770077,212.22,217.14,207.299
10/05/2020,2.500164194608027,212.16,217.16,207.159
10/02/2020,2.500164194608027,212.16,217.16,207.159
10/01/2020,2.4348369555270026,211.81,216.679,206.94
09/29/2020,2.4378422426399955,211.95,216.825,207.074
09/28/2020,2.4258018880362027,211.75,216.601,206.898
09/25/2020,2.495042043733934,211.65,216.64,206.659
09/23/2020,2.4946181270887955,211.65,216.639,206.66
09/22/2020,2.507285304866603,211.43,216.444,206.415
09/21/2020,2.306789890735611,211.03,215.643,206.416
09/18/2020,2.1639684840588633,210.69,215.017,206.362
09/17/2020,2.17821936452691,210.55,214.906,206.193
09/14/2020,2.1409219509360944,210.31,214.591,206.028
09/11/2020,2.1409219509360944,210.31,214.591,206.028
09/10/2020,2.172858163801773,210.26,214.605,205.914
09/09/2020,2.172858163801773,210.26,214.605,205.914
09/08/2020,2.00918948832608,209.99,214.008,205.971
09/04/2020,2.0205737798952095,209.92,213.961,205.878
09/03/2020,2.0429024450521394,209.93,214.015,205.844
09/02/2020,1.951250470851963,209.72,213.622,205.817
09/01/2020,1.420296588744759,209.49,212.33,206.649
08/31/2020,2.831771600959371,210.03,215.693,204.366
08/28/2020,2.825416500270358,210.07,215.72,204.419
08/27/2020,2.8147913599412653,210.13,215.759,204.5
08/26/2020,2.751284172890905,210.06,215.562,204.557
08/25/2020,2.790344530698672,210.17,215.75,204.589
08/24/2020,2.8039601637683784,210.32,215.927,204.712
08/21/2020,3.137997386869529,210.72,216.995,204.444
08/20/2020,3.4910313089400944,211.16,218.142,204.177
08/19/2020,3.451979663903018,211.39,218.293,204.486
08/17/2020,3.384044266849947,211.53,218.298,204.761
08/14/2020,3.376775947557077,211.54,218.293,204.786
08/11/2020,3.299110758977333,211.7,218.298,205.101
08/10/2020,3.3057685641919936,211.69,218.301,205.078
08/07/2020,3.287239267227135,211.71,218.284,205.135
08/06/2020,3.201633989074953,211.85,218.253,205.446
08/05/2020,3.189506607611904,212.17,218.549,205.79
08/04/2020,3.2114346638223865,212.54,218.962,206.117
07/31/2020,920.3632018356127,423.65,2264.376,-1417.076
07/28/2020,1304.687839568071,647.42,3256.795,-1961.955
07/27/2020,1533.923716552815,856.86,3924.707,-2210.987
07/24/2020,1686.9083761630031,1054.83,4428.646,-2318.986
07/23/2020,1803.3050804791465,1252.13,4858.74,-2354.48
07/22/2020,1934.3277331126699,1476.62,5345.275,-2392.035
07/21/2020,2035.4082994998325,1703.02,5773.836,-2367.796
07/20/2020,2125.9084908577793,1942.66,6194.476,-2309.156
07/17/2020,2196.1604072084992,2189.56,6581.88,-2202.76
07/16/2020,2217.167140742822,2418.51,6852.844,-2015.824
07/15/2020,2188.27706970436,2616.27,6992.824,-1760.284
07/14/2020,2140.2944496137916,2813.95,7094.538,-1466.638
07/13/2020,2072.8037678527617,3012.58,7158.187,-1133.027
07/10/2020,1983.997457332142,3213.12,7181.114,-754.874
07/09/2020,1870.2876608694196,3414.54,7155.115,-326.035
07/08/2020,1728.8683172527644,3624.07,7081.806,166.333
07/07/2020,1544.8610714237075,3828.43,6918.152,738.707
07/06/2020,1305.6440371296476,4037.66,6648.948,1426.371
07/02/2020,968.2457237200715,4248.71,6185.201,2312.218
07/01/2020,285.83982332768994,4459.25,5030.929,3887.57
06/30/2020,285.81590658709763,4459.58,5031.211,3887.948
06/29/2020,281.7904977464721,4443.38,5006.96,3879.799
06/25/2020,288.4146403014322,4431.38,5008.209,3854.55
06/24/2020,288.9398584382336,4430.79,5008.669,3852.91
06/23/2020,283.9500970070384,4437.59,5005.49,3869.689
06/22/2020,279.2101542159714,4416.69,4975.11,3858.269
06/19/2020,269.4577270061234,4402.49,4941.405,3863.574
06/18/2020,237.47417641673485,4358.44,4833.388,3883.491
06/17/2020,156.60612996880582,4309.14,4622.352,3995.927
06/16/2020,113.02541704327616,4277.34,4503.39,4051.289
06/15/2020,113.46618961260884,4276.88,4503.812,4049.947
06/12/2020,113.79556752353758,4276.55,4504.141,4048.958
06/11/2020,116.4359406918757,4273.96,4506.831,4041.088
06/10/2020,120.23227676793782,4269.36,4509.824,4028.895
06/09/2020,121.74603177435394,4275.56,4519.052,4032.067
06/08/2020,125.03180622866327,4259.76,4509.823,4009.696
06/05/2020,130.3821490112891,4249.16,4509.924,3988.395
06/04/2020,133.38651032545232,4231.36,4498.133,3964.586
06/03/2020,127.58768542771672,4214.56,4469.735,3959.384
06/02/2020,118.718647481354,4200.21,4437.647,3962.772
05/29/2020,105.98806339301609,4184.11,4396.086,3972.133
05/26/2020,101.59772581018731,4168.71,4371.905,3965.514
05/22/2020,102.1326470463901,4166.73,4370.995,3962.464
05/20/2020,102.29714585070543,4165.32,4369.914,3960.725
05/19/2020,98.44313060442815,4156.72,4353.606,3959.833
05/18/2020,94.32611453993269,4148.82,4337.472,3960.167
05/14/2020,62.7592839044591,4132.02,4257.538,4006.501
05/01/2020,62.75392995024694,4132.82,4258.327,4007.312
04/29/2020,62.66054358366594,4132.62,4257.941,4007.298
04/27/2020,62.85926921465521,4133.02,4258.738,4007.301
04/21/2020,62.85926921465521,4133.02,4258.738,4007.301
04/17/2020,63.92389023049598,4134.62,4262.467,4006.772
04/06/2020,64.12146095653544,4135.92,4264.162,4007.677
03/31/2020,64.30285974356428,4137.52,4266.125,4008.914
03/25/2020,38.618980685674494,4127.32,4204.557,4050.082
03/24/2020,38.24523122168958,4131.52,4208.01,4055.029
03/23/2020,38.369046928487805,4136.62,4213.358,4059.881
03/20/2020,33.44871824152605,4144.4,4211.297,4077.502
03/19/2020,32.08140819853451,4147.6,4211.762,4083.437
03/18/2020,32.329193494440865,4149.0,4213.658,4084.341
03/17/2020,32.12065927095827,4151.8,4216.041,4087.558
03/16/2020,22.90364058399881,4158.0,4203.807,4112.192
03/13/2020,21.378305597041567,4160.58,4203.336,4117.823
03/12/2020,20.9717890081056,4162.18,4204.123,4120.236
03/10/2020,18.606018171562095,4164.38,4201.592,4127.167
03/09/2020,16.180231401327333,4166.78,4199.14,4134.419
03/06/2020,12.162560018371916,4168.98,4193.305,4144.654
03/05/2020,10.282794085291172,4170.18,4190.745,4149.614
03/04/2020,10.120466995178589,4170.38,4190.62,4150.139
03/03/2020,10.204697653556382,4170.18,4190.589,4149.77
03/02/2020,10.204697653556382,4170.18,4190.589,4149.77
02/28/2020,9.107791730188996,4168.58,4186.795,4150.364
02/26/2020,9.001437063074933,4168.68,4186.682,4150.677
02/25/2020,8.78190555634135,4169.08,4186.643,4151.516
02/24/2020,8.616836031891236,4169.28,4186.513,4152.046
02/20/2020,8.690331708312353,4169.08,4186.46,4151.699
02/19/2020,7.8194547252669135,4168.38,4184.018,4152.741
02/18/2020,4.711687595755898,4167.0,4176.423,4157.576
02/13/2020,4.66476151587624,4167.2,4176.529,4157.87
02/12/2020,4.66476151587624,4167.2,4176.529,4157.87
02/11/2020,4.214261501141095,4166.8,4175.228,4158.371
02/10/2020,3.6660605559646724,4166.4,4173.732,4159.067
02/07/2020,3.6660605559646724,4166.4,4173.732,4159.067
02/06/2020,3.6660605559646724,4166.4,4173.732,4159.067
02/05/2020,4.171330722922842,4167.0,4175.342,4158.657
02/04/2020,4.48998886412873,4167.2,4176.179,4158.22
02/03/2020,4.812483766206386,4167.8,4177.424,4158.175
01/31/2020,5.043808085167397,4168.4,4178.487,4158.312
01/30/2020,4.94368283772331,4168.6,4178.487,4158.712
01/29/2020,4.833218389437829,4168.8,4178.466,4159.133
01/28/2020,4.833218389437829,4168.8,4178.466,4159.133
01/27/2020,8.475848040166836,4167.6,4184.551,4150.648
01/24/2020,10.836973747315254,4166.4,4188.073,4144.726
01/23/2020,12.687001221722964,4164.8,4190.174,4139.425
01/22/2020,14.5657131648265,4163.2,4192.331,4134.068
01/21/2020,16.457217261736567,4161.4,4194.314,4128.485
01/17/2020,16.515447314559783,4160.2,4193.23,4127.169
01/16/2020,17.8202132422707,4158.2,4193.84,4122.559
01/15/2020,18.542923178398816,4156.4,4193.485,4119.314
01/14/2020,19.069347130932407,4154.6,4192.738,4116.461
01/13/2020,19.647900651214623,4152.6,4191.895,4113.304
01/10/2020,20.254382241875458,4150.4,4190.908,4109.891
01/09/2020,20.396078054371138,4148.0,4188.792,4107.207
01/08/2020,20.254382241875458,4145.6,4186.108,4105.091
01/07/2020,20.254382241875458,4142.4,4182.908,4101.891
01/06/2020,19.484352696458767,4139.4,4178.368,4100.431
01/03/2020,18.194504664870657,4136.4,4172.789,4100.01
01/02/2020,16.261611236282832,4133.4,4165.923,4100.876
12/31/2019,14.82025640803829,4130.6,4160.24,4100.959
12/30/2019,12.615863030328129,4127.8,4153.031,4102.568
12/17/2019,9.58331884056875,4125.6,4144.766,4106.433
12/16/2019,9.488940931421167,4124.6,4143.577,4105.622
12/13/2019,10.514751542475931,4122.8,4143.829,4101.77
12/12/2019,10.707252621494435,4121.27,4142.684,4099.855
12/10/2019,11.355582006242546,4119.67,4142.381,4096.958
12/06/2019,11.72624943033787,4118.43,4141.882,4094.977
12/05/2019,10.591550958311032,4115.83,4137.013,4094.646
12/04/2019,10.503949909557805,4114.63,4135.637,4093.622
12/02/2019,10.118163109206126,4113.07,4133.306,4092.833
11/29/2019,9.18178701040815,4111.87,4130.233,4093.506
11/20/2019,9.018270161427848,4110.27,4128.306,4092.233
11/19/2019,8.566515785574664,4109.87,4127.003,4092.736
11/18/2019,8.429779279702402,4108.47,4125.329,4091.61
11/15/2019,8.758604951960102,4106.67,4124.187,4089.152
11/13/2019,9.554116845868071,4105.47,4124.578,4086.361
11/12/2019,9.95174028522148,4104.07,4123.973,4084.166
11/11/2019,10.142638744651222,4102.67,4122.955,4082.384
11/08/2019,10.790973204697536,4100.87,4122.451,4079.288
11/07/2019,10.820956090129016,4099.67,4121.311,4078.028
11/04/2019,10.526802990675769,4098.72,4119.773,4077.666
10/29/2019,9.332822145766002,4097.52,4116.185,4078.854
10/28/2019,8.48400587013589,4096.16,4113.128,4079.191
10/25/2019,8.831440856649627,4095.36,4113.022,4077.697
10/23/2019,8.633283778754171,4094.52,4111.786,4077.253
10/22/2019,8.827547609868775,4093.72,4111.375,4076.064
10/18/2019,8.58418316454744,4093.06,4110.228,4075.891
10/16/2019,8.558323118637183,4092.93,4110.046,4075.813
10/08/2019,8.227568207131418,4092.13,4108.585,4075.674
10/04/2019,8.683654299947683,4090.89,4108.257,4073.522
10/02/2019,8.045983594378,4089.49,4105.581,4073.398
10/01/2019,7.910110745179232,4089.09,4104.91,4073.269
09/27/2019,4.945892437265489,4087.69,4097.581,4077.798
09/23/2019,4.566601800135411,4087.29,4096.423,4078.156
09/18/2019,4.566601800135411,4087.29,4096.423,4078.156
09/17/2019,4.566601800135411,4087.29,4096.423,4078.156
09/13/2019,4.566601800135411,4087.29,4096.423,4078.156
09/11/2019,4.829684461846341,4086.89,4096.549,4077.23
09/10/2019,4.829684461846341,4086.89,4096.549,4077.23
09/06/2019,5.047559014117615,4086.49,4096.585,4076.394
09/05/2019,5.004233407925733,4085.84,4095.848,4075.831
09/04/2019,5.293236439174054,4084.64,4095.226,4074.053
09/03/2019,5.2948986771231,4084.2,4094.789,4073.61
08/29/2019,5.3587267145283635,4084.4,4095.117,4073.682
08/28/2019,5.349486489421195,4083.97,4094.668,4073.271
08/27/2019,5.418948578875785,4083.77,4094.607,4072.932
08/26/2019,7.309239953681907,4082.27,4096.888,4067.651
08/23/2019,7.858753081755401,4080.8,4096.517,4065.082
08/22/2019,7.899367063252599,4080.0,4095.798,4064.201
08/21/2019,8.604649905719581,4079.4,4096.609,4062.19
08/20/2019,9.232551110067032,4078.6,4097.065,4060.134
08/19/2019,9.488940931421167,4077.4,4096.377,4058.422
08/15/2019,9.372299611087985,4076.4,4095.144,4057.655
08/14/2019,9.622889378975527,4075.0,4094.245,4055.754
08/09/2019,9.252026804976301,4074.0,4092.504,4055.495
08/08/2019,8.752142594816426,4073.0,4090.504,4055.495
08/06/2019,9.173875952943773,4071.2,4089.547,4052.852
08/02/2019,9.249864863877741,4070.2,4088.699,4051.7
07/31/2019,9.45515732285825,4069.0,4087.91,4050.089
07/25/2019,10.141005867269776,4067.4,4087.682,4047.117
07/24/2019,10.910545357588685,4065.6,4087.421,4043.778
07/23/2019,12.13260071048248,4064.0,4088.265,4039.734
07/22/2019,11.81693699737796,4062.6,4086.233,4038.966
07/19/2019,10.644293292675652,4060.63,4081.918,4039.341
07/16/2019,9.997849553804052,4059.03,4079.025,4039.034
07/12/2019,9.274967045790508,4057.23,4075.779,4038.68
07/11/2019,9.974217949318128,4056.23,4076.178,4036.281
07/10/2019,10.401780410126909,4055.03,4075.833,4034.226
07/08/2019,10.125860541233024,4053.43,4073.681,4033.178
07/05/2019,10.01963381069887,4052.43,4072.469,4032.39
07/03/2019,9.999253657173618,4051.23,4071.228,4031.231
07/02/2019,10.073186571313965,4049.83,4069.976,4029.683
07/01/2019,10.236655103133055,4047.83,4068.303,4027.356
06/24/2019,9.972417846264767,4046.83,4066.774,4026.885
06/18/2019,10.357274820168675,4044.43,4065.144,4023.715
06/13/2019,9.664676047364463,4042.29,4061.619,4022.96
06/12/2019,9.642923472707869,4041.29,4060.575,4022.004
06/10/2019,9.041791255083274,4039.69,4057.773,4021.606
06/07/2019,8.843189758254674,4038.09,4055.776,4020.403
06/06/2019,9.043119876486232,4036.89,4054.976,4018.803
06/04/2019,9.08636479019527,4036.09,4054.262,4017.917
06/03/2019,9.203805251117624,4035.49,4053.897,4017.082
05/31/2019,8.511524134989005,4034.29,4051.313,4017.266
05/29/2019,7.978245421143684,4033.86,4049.816,4017.903
05/28/2019,7.829457197022034,4032.46,4048.118,4016.801
05/24/2019,7.807970286828716,4031.26,4046.875,4015.644
05/23/2019,8.2066070942869,4030.06,4046.473,4013.646
05/21/2019,7.975236673604118,4029.26,4045.21,4013.309
05/20/2019,8.183505734127637,4027.99,4044.357,4011.622
05/17/2019,8.884243698846845,4025.99,4043.758,4008.221
05/16/2019,9.944335377515175,4023.99,4043.878,4004.101
05/15/2019,10.826533337153673,4022.19,4043.843,4000.536
05/14/2019,11.429341017770879,4020.99,4043.848,3998.131
05/09/2019,11.124470958229873,4019.19,4041.438,3996.941
04/29/2019,12.598645486737844,4017.79,4042.987,3992.592
04/25/2019,13.046726819417197,4016.53,4042.623,3990.436
04/24/2019,13.013573556118242,4014.93,4040.957,3988.902
04/23/2019,14.27603301693086,4012.73,4041.282,3984.177
04/22/2019,15.320742106715981,4010.73,4041.371,3980.088
04/18/2019,15.323483699880391,4009.33,4039.976,3978.683
04/16/2019,16.314569522377845,4006.73,4039.359,3974.1
04/15/2019,15.70799779413341,4005.13,4036.545,3973.714
04/12/2019,15.697299726401994,4002.73,4034.124,3971.335
04/11/2019,15.882230910690733,3998.73,4030.494,3966.965
04/10/2019,19.649053379247057,3994.73,4034.028,3955.431
04/09/2019,19.5734852466417,3992.13,4031.276,3952.983
04/01/2019,18.89680747376393,3991.33,4029.123,3953.536
03/26/2019,17.76641096846801,3988.73,4024.262,3953.197
03/25/2019,16.92808317559906,3986.8,4020.656,3952.943
03/21/2019,16.737980762326142,3985.2,4018.675,3951.724
03/20/2019,16.983521425193302,3983.4,4017.367,3949.432
03/19/2019,16.851112722903494,3981.8,4015.502,3948.097
03/18/2019,16.29723902997069,3980.0,4012.594,3947.405
03/13/2019,17.50885490259143,3976.8,4011.817,3941.782
03/12/2019,20.095770699328753,3973.6,4013.791,3933.408
03/11/2019,21.853146226573415,3969.8,4013.506,3926.093
03/08/2019,22.856071403458643,3966.0,4011.712,3920.287
03/07/2019,23.605931458004363,3963.4,4010.611,3916.188
03/05/2019,23.82855429941145,3961.0,4008.657,3913.342
02/26/2019,23.20258606276464,3957.8,4004.205,3911.394
02/14/2019,23.919866220361683,3955.2,4003.039,3907.36
02/13/2019,22.485550916088314,3952.0,3996.971,3907.028
02/11/2019,21.923503369671554,3949.6,3993.447,3905.752
02/08/2019,21.88241302964552,3948.6,3992.364,3904.835
02/06/2019,24.274266209300745,3946.6,3995.148,3898.051
02/05/2019,24.228908353452493,3944.4,3992.857,3895.942
02/04/2019,20.948508300115307,3940.6,3982.497,3898.702
01/31/2019,21.094074997496335,3937.2,3979.388,3895.011
01/29/2019,20.293841430345314,3933.6,3974.187,3893.012
01/24/2019,19.244739540975868,3930.2,3968.689,3891.71
01/18/2019,18.4,3927.2,3964.0,3890.4
01/11/2019,17.0598944897089,3923.6,3957.719,3889.48
01/08/2019,13.687950905814938,3921.2,3948.575,3893.824
12/31/2018,12.990765951243983,3920.2,3946.181,3894.218
12/26/2018,13.5705563629499,3918.8,3945.941,3891.658
12/24/2018,14.381933110677437,3917.4,3946.163,3888.636
12/21/2018,15.640971836813723,3915.6,3946.881,3884.318
12/20/2018,21.024747323095227,3911.4,3953.449,3869.35
12/17/2018,20.63395260244629,3909.2,3950.467,3867.932
12/14/2018,20.262280227062305,3907.2,3947.724,3866.675
12/12/2018,20.13554071784515,3905.6,3945.871,3865.328
12/11/2018,19.525368114327577,3903.4,3942.45,3864.349
12/10/2018,18.43474979488466,3901.6,3938.469,3864.73
12/07/2018,16.212340978402842,3899.4,3931.824,3866.975
12/06/2018,16.212340978402842,3899.4,3931.824,3866.975
12/04/2018,15.702229141112417,3897.2,3928.604,3865.795
11/30/2018,14.477568856683085,3896.0,3924.955,3867.044
11/29/2018,14.393053880257657,3895.8,3924.586,3867.013
11/28/2018,14.880860190190619,3894.4,3924.161,3864.638
11/27/2018,15.224979474534605,3893.0,3923.449,3862.55
11/21/2018,15.43502510525979,3891.6,3922.47,3860.729
11/19/2018,15.6,3890.8,3922.0,3859.6
11/16/2018,14.135062787267696,3889.0,3917.27,3860.729
11/15/2018,12.320714265009151,3887.0,3911.641,3862.358
11/12/2018,12.033287165193059,3886.0,3910.066,3861.933
11/09/2018,804.6247510485866,3700.9,5310.149,2091.65
11/05/2018,1107.4628481353225,3516.2,5731.125,1301.274
10/24/2018,1318.8785956258446,3333.5,5971.257,695.742
10/23/2018,1477.3217794373709,3148.6,6103.243,193.956
10/15/2018,1599.1241058466976,2963.69,6161.938,-234.558
10/11/2018,1692.197611273577,2778.78,6163.175,-605.615
10/02/2018,1761.1685430701968,2594.13,6116.467,-928.207
10/01/2018,1808.5678825800264,2408.99,6026.125,-1208.145
09/24/2018,1836.1828055779197,2223.85,5896.215,-1448.515
09/21/2018,1844.7103615473081,2038.5,5727.92,-1650.92
09/19/2018,1835.6676099991523,1854.16,5525.495,-1817.175
09/18/2018,1806.65187559751,1668.82,5282.123,-1944.483
09/12/2018,1757.7271101055478,1483.48,4998.934,-2031.974
09/04/2018,1689.0028361136638,1299.34,4677.345,-2078.665
08/31/2018,1596.2585905798596,1115.2,4307.717,-2077.317
08/16/2018,1474.9702764462747,931.06,3881.0,-2018.88
08/10/2018,1316.8012733894207,746.72,3380.322,-1886.882
08/08/2018,1105.9401030797283,562.18,2774.06,-1649.7
08/06/2018,803.4484547872378,377.85,1984.746,-1229.046
08/01/2018,0.519230199429891,193.48,194.518,192.441
07/31/2018,0.5549774770204671,193.4,194.509,192.29
07/27/2018,0.7453187237685646,193.25,194.74,191.759
07/25/2018,0.7716864648288196,193.15,194.693,191.606
07/20/2018,0.7469939758793243,193.1,194.593,191.606
07/19/2018,0.7654410493303837,193.01,194.54,191.479
07/17/2018,0.7730459236035057,192.92,194.466,191.373
07/11/2018,0.6629479617586856,192.75,194.075,191.424
07/05/2018,0.755248303539965,192.64,194.15,191.129
07/03/2018,0.822860863086825,192.53,194.175,190.884
07/02/2018,0.0,0.0,0.0,0.0
06/29/2018,0.0,0.0,0.0,0.0
06/28/2018,0.0,0.0,0.0,0.0
06/27/2018,0.0,0.0,0.0,0.0
06/26/2018,0.0,0.0,0.0,0.0
06/25/2018,0.0,0.0,0.0,0.0
06/21/2018,0.0,0.0,0.0,0.0
06/20/2018,0.0,0.0,0.0,0.0
06/19/2018,0.0,0.0,0.0,0.0
06/05/2018,0.0,0.0,0.0,0.0
05/11/2018,0.0,0.0,0.0,0.0
04/24/2018,0.0,0.0,0.0,0.0
04/20/2018,0.0,0.0,0.0,0.0
04/02/2018,0.0,0.0,0.0,0.0
03/27/2018,0.0,0.0,0.0,0.0
03/26/2018,0.0,0.0,0.0,0.0
03/23/2018,0.0,0.0,0.0,0.0
03/20/2018,0.0,0.0,0.0,0.0
03/14/2018,0.0,0.0,0.0,0.0
