12/30/2022,0.01335292102874873,0.1,0.126,0.073
12/29/2022,0.012893215270055797,0.1,0.125,0.074
12/28/2022,0.013023344424532431,0.1,0.126,0.073
12/27/2022,0.012742919602665631,0.11,0.135,0.084
12/23/2022,0.011792455215094099,0.11,0.133,0.086
12/22/2022,0.011345065006424598,0.11,0.132,0.087
12/21/2022,0.010674759950462588,0.11,0.131,0.088
12/20/2022,0.009795432609129625,0.11,0.129,0.09
12/19/2022,0.00935769736633965,0.11,0.128,0.091
12/16/2022,0.007728130433681875,0.11,0.125,0.094
12/15/2022,0.0074667596720398065,0.11,0.124,0.095
12/14/2022,0.009876866912133625,0.11,0.129,0.09
12/13/2022,0.009959919678390985,0.12,0.139,0.1
12/12/2022,0.010131633629380802,0.12,0.14,0.099
12/09/2022,0.010394710193170374,0.11,0.13,0.089
12/08/2022,0.010775342221943582,0.11,0.131,0.088
12/07/2022,0.01181441915626833,0.11,0.133,0.086
12/06/2022,0.01182928569272042,0.11,0.133,0.086
12/05/2022,0.012193522870770369,0.11,0.134,0.085
12/02/2022,0.01297235522177835,0.11,0.135,0.084
12/01/2022,0.013369068778340548,0.11,0.136,0.083
11/30/2022,0.013773434575297477,0.12,0.147,0.092
11/29/2022,0.014478363167153945,0.12,0.148,0.091
11/28/2022,0.01506927337332494,0.12,0.15,0.089
11/25/2022,0.015645686306455207,0.12,0.151,0.088
11/23/2022,0.01678843351834828,0.12,0.153,0.086
11/22/2022,0.017819680131809325,0.12,0.155,0.084
11/21/2022,0.017874311175539045,0.12,0.155,0.084
11/18/2022,0.017551082587692418,0.13,0.165,0.094
11/17/2022,0.017155494746581925,0.13,0.164,0.095
11/16/2022,0.01698595007646025,0.13,0.163,0.096
11/15/2022,0.016891491941211114,0.13,0.163,0.096
11/14/2022,0.01686898040783734,0.13,0.163,0.096
11/11/2022,0.016086034315517295,0.13,0.162,0.097
11/10/2022,0.014859693805728299,0.13,0.159,0.1
11/09/2022,0.01323149651400022,0.13,0.156,0.103
11/08/2022,0.010103093585630095,0.13,0.15,0.109
11/07/2022,0.009964587297023394,0.13,0.149,0.11
11/04/2022,0.010922133491218646,0.13,0.151,0.108
11/03/2022,0.01100195437183776,0.13,0.152,0.107
11/02/2022,0.01110499887438085,0.13,0.152,0.107
11/01/2022,0.013139463459365454,0.13,0.156,0.103
10/31/2022,0.013058847575494553,0.13,0.156,0.103
10/28/2022,0.012920874583401852,0.13,0.155,0.104
10/27/2022,0.012758781289762749,0.13,0.155,0.104
10/26/2022,0.012200922096300755,0.13,0.154,0.105
10/25/2022,0.011684391297795535,0.13,0.153,0.106
10/24/2022,0.011831103076213986,0.13,0.153,0.106
10/21/2022,0.011837102686046107,0.13,0.153,0.106
10/20/2022,0.012216975894221941,0.13,0.154,0.105
10/19/2022,0.012656006479138669,0.13,0.155,0.104
10/18/2022,0.012744587086288828,0.13,0.155,0.104
10/17/2022,0.01322849197754604,0.13,0.156,0.103
10/14/2022,0.015799272135133314,0.13,0.161,0.098
10/13/2022,0.017905781189325422,0.14,0.175,0.104
10/12/2022,0.04435938457643433,0.15,0.238,0.061
10/11/2022,0.07349496921558644,0.16,0.306,0.013
10/10/2022,0.09468654867508902,0.18,0.369,-0.009
10/07/2022,0.11308468950304458,0.2,0.426,-0.026
10/06/2022,0.12485812548648967,0.21,0.459,-0.039
10/05/2022,0.13229979591820992,0.23,0.494,-0.034
10/04/2022,0.138334101001886,0.24,0.516,-0.036
10/03/2022,0.14131820654112476,0.26,0.542,-0.022
09/30/2022,0.1427723922892658,0.27,0.555,-0.015
09/29/2022,0.14472922303391256,0.29,0.579,0.0
09/28/2022,0.14540261345656755,0.31,0.6,0.019
09/27/2022,0.14258596529813164,0.32,0.605,0.034
09/26/2022,0.1392169440118551,0.34,0.618,0.061
09/23/2022,0.13317526046529812,0.35,0.616,0.083
09/22/2022,0.12732046379117537,0.37,0.624,0.115
09/21/2022,0.119720545438116,0.39,0.629,0.15
09/20/2022,0.10646676241907613,0.4,0.612,0.187
09/19/2022,0.08982155086614793,0.42,0.599,0.24
09/16/2022,0.07106960672467522,0.44,0.582,0.297
09/15/2022,0.04164674657161109,0.45,0.533,0.366
09/14/2022,0.03173435835179277,0.46,0.523,0.396
09/13/2022,0.04589738009952202,0.47,0.561,0.378
09/12/2022,0.052857591696936025,0.48,0.585,0.374
09/09/2022,0.056386354732328635,0.49,0.602,0.377
09/08/2022,0.061026359059016454,0.49,0.612,0.367
09/07/2022,0.06022675485197587,0.49,0.61,0.369
09/06/2022,0.06070109142346618,0.49,0.611,0.368
09/02/2022,0.06074878188079164,0.49,0.611,0.368
09/01/2022,0.0642293274135733,0.49,0.618,0.361
08/31/2022,0.06869524364903293,0.49,0.627,0.352
08/30/2022,0.07182425774068256,0.48,0.623,0.336
08/29/2022,0.07354635273077788,0.48,0.627,0.332
08/26/2022,0.07659644900385394,0.48,0.633,0.326
08/25/2022,0.07867169757924383,0.47,0.627,0.312
08/24/2022,0.08118107846043927,0.47,0.632,0.307
08/23/2022,0.08265087718832752,0.46,0.625,0.294
08/22/2022,0.08339580025396962,0.46,0.626,0.293
08/19/2022,0.08329453763602988,0.46,0.626,0.293
08/18/2022,0.08306521835280997,0.45,0.616,0.283
08/17/2022,0.0814543921467713,0.45,0.612,0.287
08/16/2022,0.08040118469276432,0.45,0.61,0.289
08/15/2022,0.06931342222109653,0.43,0.568,0.291
08/12/2022,0.05810551178674876,0.42,0.536,0.303
08/11/2022,0.047694863455093356,0.42,0.515,0.324
08/10/2022,0.022294618184665098,0.41,0.454,0.365
08/09/2022,0.01947450897968931,0.4,0.438,0.361
08/08/2022,0.019162998199655494,0.4,0.438,0.361
08/05/2022,0.02037367173584574,0.4,0.44,0.359
08/04/2022,0.02291459142118837,0.41,0.455,0.364
08/03/2022,0.02262265457456308,0.41,0.455,0.364
08/02/2022,0.02218383420421276,0.41,0.454,0.365
08/01/2022,0.022249292123571036,0.41,0.454,0.365
07/29/2022,0.02114429000936186,0.42,0.462,0.377
07/28/2022,0.020153820977670704,0.42,0.46,0.379
07/27/2022,0.018387019878164046,0.42,0.456,0.383
07/26/2022,0.01711671697493418,0.42,0.454,0.385
07/25/2022,0.01797374474059315,0.42,0.455,0.384
07/22/2022,0.017017197184025338,0.42,0.454,0.385
07/21/2022,0.01772018622926971,0.42,0.455,0.384
07/20/2022,0.01762966250385979,0.42,0.455,0.384
07/19/2022,0.018415387587558396,0.42,0.456,0.383
07/18/2022,0.019038080260362383,0.42,0.458,0.381
07/15/2022,0.01890630847098396,0.42,0.457,0.382
07/14/2022,0.022702389742051382,0.42,0.465,0.374
07/13/2022,0.026019617599034765,0.42,0.472,0.367
07/12/2022,0.02670948333457613,0.41,0.463,0.356
07/11/2022,0.027620137581120044,0.42,0.475,0.364
07/08/2022,0.03208226924642332,0.42,0.484,0.355
07/07/2022,0.03394789389638185,0.42,0.487,0.352
07/06/2022,0.0361749360745807,0.42,0.492,0.347
07/05/2022,0.03637053752695992,0.42,0.492,0.347
07/01/2022,0.03671601149362496,0.42,0.493,0.346
06/30/2022,0.03661578894411535,0.43,0.503,0.356
06/29/2022,0.03661035372678062,0.43,0.503,0.356
06/28/2022,0.03671212333821077,0.43,0.503,0.356
06/27/2022,0.03764853250792121,0.43,0.505,0.354
06/24/2022,0.03944548770138354,0.42,0.498,0.341
06/23/2022,0.040778627980843106,0.42,0.501,0.338
06/22/2022,0.042722055194009574,0.41,0.495,0.324
06/21/2022,0.042900891599126474,0.42,0.505,0.334
06/17/2022,0.043984963339759646,0.42,0.507,0.332
06/16/2022,0.04807655353704132,0.42,0.516,0.323
06/15/2022,0.04950288375438344,0.43,0.529,0.33
06/14/2022,0.04766705361148306,0.43,0.525,0.334
06/13/2022,0.044889603473410186,0.44,0.529,0.35
06/10/2022,0.04356071624755498,0.44,0.527,0.352
06/09/2022,0.043860984941061235,0.44,0.527,0.352
06/08/2022,0.044012413021782854,0.43,0.518,0.341
06/07/2022,0.04211332924383918,0.43,0.514,0.345
06/06/2022,0.04072699350553636,0.43,0.511,0.348
06/03/2022,0.04551861707038122,0.43,0.521,0.338
06/02/2022,0.052057607513215594,0.44,0.544,0.335
06/01/2022,0.05983890039096641,0.45,0.569,0.33
05/31/2022,0.0656988736585339,0.46,0.591,0.328
05/27/2022,0.07152939605504859,0.46,0.603,0.316
05/26/2022,0.0718076806476856,0.47,0.613,0.326
05/25/2022,0.0722380163072049,0.48,0.624,0.335
05/24/2022,0.07276490225376518,0.49,0.635,0.344
05/23/2022,0.06693646988002877,0.5,0.633,0.366
05/20/2022,0.06710498118619809,0.51,0.644,0.375
05/19/2022,0.07013582536763932,0.52,0.66,0.379
05/18/2022,0.0731899890695442,0.52,0.666,0.373
05/17/2022,0.07651351841341501,0.53,0.683,0.376
05/16/2022,0.07767435870350009,0.54,0.695,0.384
05/13/2022,0.07688956691255322,0.55,0.703,0.396
05/12/2022,0.07652344412008649,0.55,0.703,0.396
05/11/2022,0.07904786840895839,0.57,0.728,0.411
05/10/2022,0.07248686432726967,0.59,0.734,0.445
05/09/2022,0.06974615043140374,0.6,0.739,0.46
05/06/2022,0.06284047660544914,0.62,0.745,0.494
05/05/2022,0.06761138217785523,0.63,0.765,0.494
05/04/2022,0.06931801353183745,0.64,0.778,0.501
05/03/2022,0.07690537692515394,0.65,0.803,0.496
05/02/2022,0.09238715819852888,0.67,0.854,0.485
04/29/2022,0.09096919808374701,0.67,0.851,0.488
04/28/2022,0.08677637351261,0.68,0.853,0.506
04/27/2022,0.08527578202514476,0.69,0.86,0.519
04/26/2022,0.08545852502822641,0.7,0.87,0.529
04/25/2022,0.07938013605430519,0.71,0.868,0.551
04/22/2022,0.0743764109109871,0.72,0.868,0.571
04/21/2022,0.07140576307273805,0.72,0.862,0.577
04/20/2022,0.06897639088847721,0.73,0.867,0.592
04/19/2022,0.06684880328023832,0.74,0.873,0.606
04/18/2022,0.062181287378117234,0.75,0.874,0.625
04/14/2022,0.055636880753687126,0.76,0.871,0.648
04/13/2022,0.046374761454912095,0.77,0.862,0.677
04/12/2022,0.04576191648084683,0.77,0.861,0.678
04/11/2022,0.045392185450802,0.77,0.86,0.679
04/08/2022,0.051707668676899375,0.77,0.873,0.666
04/07/2022,0.05269803601653482,0.77,0.875,0.664
04/06/2022,0.053062934332733624,0.76,0.866,0.653
04/05/2022,0.05277586095934391,0.77,0.875,0.664
04/04/2022,0.055320900209595285,0.76,0.87,0.649
04/01/2022,0.05243331002330484,0.75,0.854,0.645
03/31/2022,0.05193680294357749,0.75,0.853,0.646
03/30/2022,0.05257763307719358,0.75,0.855,0.644
03/29/2022,0.057000868414437335,0.76,0.874,0.645
03/28/2022,0.059735973248956103,0.76,0.879,0.64
03/25/2022,0.06349395246793194,0.77,0.896,0.643
03/24/2022,0.10657737799364364,0.79,1.003,0.576
03/23/2022,0.14511904423610292,0.81,1.1,0.519
03/22/2022,0.17273198024685527,0.83,1.175,0.484
03/21/2022,0.49670805560208103,0.94,1.933,-0.053
03/18/2022,0.705409273046506,1.06,2.47,-0.35
03/17/2022,0.8497972655286672,1.18,2.879,-0.519
03/16/2022,0.9718981451263295,1.31,3.253,-0.633
03/15/2022,1.068064928737949,1.45,3.586,-0.686
03/14/2022,1.1138007227507083,1.57,3.797,-0.657
03/11/2022,1.1460989510072854,1.7,3.992,-0.592
03/10/2022,1.17977934610672,1.83,4.189,-0.529
03/09/2022,1.1921178446361753,1.96,4.344,-0.424
03/08/2022,1.186177116201455,2.08,4.452,-0.292
03/07/2022,1.1540579666983803,2.19,4.498,-0.118
03/04/2022,1.1065445045274953,2.31,4.523,0.096
03/03/2022,1.0523263469570645,2.41,4.514,0.305
03/02/2022,0.9890342764535515,2.51,4.488,0.531
03/01/2022,0.917893287915322,2.62,4.455,0.784
02/28/2022,0.8251817981511711,2.73,4.38,1.079
02/25/2022,0.7051808278732484,2.82,4.23,1.409
02/24/2022,0.5990158595563225,2.89,4.088,1.691
02/23/2022,0.468444233607374,2.96,3.896,2.023
02/22/2022,0.2557440126376373,3.04,3.551,2.528
02/18/2022,0.26437662529051237,3.03,3.558,2.501
02/17/2022,0.27828043409481734,3.0,3.556,2.443
02/16/2022,0.2740072991728505,2.98,3.528,2.431
02/15/2022,0.25632986560289844,2.95,3.462,2.437
02/14/2022,0.23409399821439247,2.93,3.398,2.461
02/11/2022,0.23990623168229708,2.94,3.419,2.46
02/10/2022,0.23939507096011817,2.94,3.418,2.461
02/09/2022,0.24545875417267154,2.94,3.43,2.449
02/08/2022,0.27225906780123965,2.95,3.494,2.405
02/07/2022,0.2924807685985525,2.97,3.554,2.385
02/04/2022,0.32368966619279027,3.0,3.647,2.352
02/03/2022,0.3497642062876074,3.04,3.739,2.34
02/02/2022,0.3692898590538332,3.08,3.818,2.341
02/01/2022,0.4240224050684115,3.14,3.988,2.291
01/31/2022,0.473555698941529,3.2,4.147,2.252
01/28/2022,0.47688573054768585,3.22,4.173,2.266
01/27/2022,0.4742573141238836,3.27,4.218,2.321
01/26/2022,0.4458699361921591,3.32,4.211,2.428
01/25/2022,0.4359357750861932,3.38,4.251,2.508
01/24/2022,0.4410442154705127,3.45,4.332,2.567
01/21/2022,0.445600718132276,3.52,4.411,2.628
01/20/2022,0.4133279569542811,3.61,4.436,2.783
01/19/2022,0.3964593295660982,3.68,4.472,2.887
01/18/2022,0.3541186241925155,3.74,4.448,3.031
01/14/2022,0.3358347808074679,3.79,4.461,3.118
01/13/2022,0.3160775221365797,3.83,4.462,3.197
01/12/2022,0.29636970155533787,3.88,4.472,3.287
01/11/2022,0.2927200027329872,3.93,4.515,3.344
01/10/2022,0.3151983502494897,3.98,4.61,3.349
01/07/2022,0.3305903809852912,4.04,4.701,3.378
01/06/2022,0.3680353243915589,4.11,4.846,3.373
01/05/2022,0.4187720143467087,4.18,5.017,3.342
01/04/2022,0.4187003701932922,4.24,5.077,3.402
01/03/2022,0.4205532070975086,4.26,5.101,3.418
12/31/2021,0.4193685729760874,4.27,5.108,3.431
12/30/2021,0.3841679320297309,4.32,5.088,3.551
12/29/2021,0.365930321236161,4.36,5.091,3.628
12/28/2021,0.34972131762304676,4.44,5.139,3.74
12/27/2021,0.3610332394669498,4.5,5.222,3.777
12/23/2021,0.3816870445797184,4.56,5.323,3.796
12/22/2021,0.4129104019033668,4.61,5.435,3.784
12/21/2021,0.421864907286681,4.66,5.503,3.816
12/20/2021,0.4310510410612646,4.71,5.572,3.847
12/17/2021,0.43945420694311255,4.78,5.658,3.901
12/16/2021,0.4454492114708477,4.86,5.75,3.969
12/15/2021,0.486281811298757,4.96,5.932,3.987
12/14/2021,0.5637242233574853,5.07,6.197,3.942
12/13/2021,0.6117679298557582,5.18,6.403,3.956
12/10/2021,0.6364903769893147,5.26,6.532,3.987
12/09/2021,0.6304125633265885,5.31,6.57,4.049
12/08/2021,0.629479944080826,5.35,6.608,4.091
12/07/2021,0.6427168894622266,5.39,6.675,4.104
12/06/2021,0.6643831725743812,5.47,6.798,4.141
12/03/2021,0.674473869026814,5.58,6.928,4.231
12/02/2021,0.631561556778118,5.7,6.963,4.436
12/01/2021,0.6090566476116979,5.81,7.028,4.591
11/30/2021,0.6612488185244644,5.96,7.282,4.637
11/29/2021,0.6291541941368587,6.0,7.258,4.741
11/26/2021,0.6186153893979683,6.01,7.247,4.772
11/24/2021,0.6024201191859382,6.02,7.224,4.815
11/23/2021,0.6002582777438392,6.02,7.22,4.819
11/22/2021,0.5768968711996971,6.05,7.203,4.896
11/19/2021,0.5487485763079482,6.08,7.177,4.982
11/18/2021,0.5355231087450848,6.1,7.171,5.028
11/17/2021,0.5249380915879509,6.12,7.169,5.07
11/16/2021,0.5261226092841857,6.13,7.182,5.077
11/15/2021,0.5228336255444939,6.12,7.165,5.074
11/12/2021,0.5221829181426754,6.12,7.164,5.075
11/11/2021,0.5270910737244561,6.13,7.184,5.075
11/10/2021,0.5368426212587819,6.19,7.263,5.116
11/09/2021,0.5326912801989535,6.23,7.295,5.164
11/08/2021,0.5316765934287497,6.26,7.323,5.196
11/05/2021,0.5301462062488045,6.25,7.31,5.189
11/04/2021,0.5220632145631409,6.23,7.274,5.185
11/03/2021,0.5204517268681121,6.23,7.27,5.189
11/02/2021,0.5066408984675438,6.21,7.223,5.196
11/01/2021,0.4050802389650722,6.15,6.96,5.339
10/29/2021,0.40453677212337574,6.18,6.989,5.37
10/28/2021,0.379196518971364,6.25,7.008,5.491
10/27/2021,0.35814103367249056,6.31,7.026,5.593
10/26/2021,0.29224133862272117,6.37,6.954,5.785
10/25/2021,0.2740711586431524,6.44,6.988,5.891
10/22/2021,0.33102869966212906,6.52,7.182,5.857
10/21/2021,0.3604996532591953,6.59,7.31,5.869
10/20/2021,0.39544278979392217,6.67,7.46,5.879
10/19/2021,0.4053023562724501,6.72,7.53,5.909
10/18/2021,0.4028275065086793,6.76,7.565,5.954
10/15/2021,0.39948717125835226,6.78,7.578,5.981
10/14/2021,0.42777330444991546,6.84,7.695,5.984
10/13/2021,0.484860804767719,6.89,7.859,5.92
10/12/2021,0.5506087540168609,6.97,8.071,5.868
10/11/2021,0.5767625161190697,7.04,8.193,5.886
10/08/2021,0.6101557178294735,7.14,8.36,5.919
10/07/2021,0.6289395837439397,7.24,8.497,5.982
10/06/2021,0.6507495678062338,7.33,8.631,6.028
10/05/2021,0.6477962642683269,7.44,8.735,6.144
10/04/2021,0.6504805915628844,7.54,8.84,6.239
10/01/2021,0.6542514807014196,7.66,8.968,6.351
09/30/2021,0.6914839115988166,7.77,9.152,6.387
09/29/2021,0.6811057186663463,7.88,9.242,6.517
09/28/2021,0.6461385300382574,7.99,9.282,6.697
09/27/2021,0.6307019898494058,8.08,9.341,6.818
09/24/2021,0.6635322147416808,8.17,9.497,6.842
09/23/2021,0.6547862246565668,8.24,9.549,6.93
09/22/2021,0.6548129503911785,8.31,9.619,7.0
09/21/2021,0.6129600313234134,8.38,9.605,7.154
09/20/2021,0.535200896860235,8.44,9.51,7.369
09/17/2021,0.4457970390211222,8.48,9.371,7.588
09/16/2021,0.420945364625862,8.5,9.341,7.658
09/15/2021,0.4040606390135025,8.51,9.318,7.701
09/14/2021,0.3973914946246333,8.52,9.314,7.725
09/13/2021,0.3787875393937873,8.56,9.317,7.802
09/10/2021,0.39346537331765286,8.61,9.396,7.823
09/09/2021,0.4197916149710472,8.66,9.499,7.82
09/08/2021,0.45332659308714723,8.72,9.626,7.813
09/07/2021,0.4956510869553299,8.79,9.781,7.798
09/03/2021,0.5241993895456193,8.84,9.888,7.791
09/02/2021,0.5252047219894352,8.85,9.9,7.799
09/01/2021,0.5238320341483518,8.85,9.897,7.802
08/31/2021,0.5386696575824557,8.82,9.897,7.742
08/30/2021,0.5404812670204213,8.8,9.88,7.719
08/27/2021,0.5407356100720573,8.8,9.881,7.718
08/26/2021,0.5315919487727405,8.78,9.843,7.716
08/25/2021,0.5383586165373412,8.8,9.876,7.723
08/24/2021,0.5468866427332084,8.81,9.903,7.716
08/23/2021,0.5476586528121326,8.83,9.925,7.734
08/20/2021,0.5440680104545754,8.88,9.968,7.791
08/19/2021,0.488170052338322,8.95,9.926,7.973
08/18/2021,0.4327932531821633,9.03,9.895,8.164
08/17/2021,0.42779668067903476,9.12,9.975,8.264
08/16/2021,0.3928740256112639,9.17,9.955,8.384
08/13/2021,0.38287726492963775,9.19,9.955,8.424
08/12/2021,0.383190553119463,9.19,9.956,8.423
08/11/2021,0.3808346097717485,9.19,9.951,8.428
08/10/2021,0.3756194883123079,9.18,9.931,8.428
08/09/2021,0.3937892837546496,9.19,9.977,8.402
08/06/2021,0.4565851508754966,9.23,10.143,8.316
08/05/2021,0.5608431153183571,9.31,10.431,8.188
08/04/2021,0.6037673392955271,9.38,10.587,8.172
08/03/2021,0.5666656862736618,9.48,10.613,8.346
08/02/2021,0.56694355980115,9.57,10.703,8.436
07/30/2021,0.5723416811660673,9.66,10.804,8.515
07/29/2021,0.5840376700179538,9.75,10.918,8.581
07/28/2021,0.6154388678008565,9.83,11.06,8.599
07/27/2021,0.6418527868600403,9.92,11.203,8.636
07/26/2021,0.6480123455614101,10.01,11.306,8.713
07/23/2021,0.6708464802024382,10.1,11.441,8.758
07/22/2021,0.6677387213573887,10.2,11.535,8.864
07/21/2021,0.6696416952370875,10.28,11.619,8.94
07/20/2021,0.6760621273226302,10.32,11.672,8.967
07/19/2021,0.6574762353119694,10.4,11.714,9.085
07/16/2021,0.621449917531574,10.5,11.742,9.257
07/15/2021,0.5574809413782682,10.61,11.724,9.495
07/14/2021,0.5272191195319078,10.74,11.794,9.685
07/13/2021,0.4540759848307331,10.85,11.758,9.941
07/12/2021,0.5316154625290729,10.98,12.043,9.916
07/09/2021,0.6380595583485918,11.1,12.376,9.823
07/08/2021,0.698426803609369,11.18,12.576,9.783
07/07/2021,0.8129114342903538,11.33,12.955,9.704
07/06/2021,0.8054470808190941,11.45,13.06,9.839
07/02/2021,0.819115376488563,11.56,13.198,9.921
07/01/2021,0.8111442535085854,11.66,13.282,10.037
06/30/2021,0.7811337913571531,11.7,13.262,10.137
06/29/2021,0.7572152930309849,11.74,13.254,10.225
06/28/2021,0.7438447418648602,11.75,13.237,10.262
06/25/2021,0.7263676754922402,11.78,13.232,10.327
06/24/2021,0.710608893836828,11.81,13.231,10.388
06/23/2021,0.6933108970728791,11.85,13.236,10.463
06/22/2021,0.7119515432949073,11.84,13.263,10.416
06/21/2021,0.7384409251930721,11.82,13.296,10.343
06/18/2021,0.8690339464025558,11.75,13.488,10.011
06/17/2021,0.965295291607703,11.68,13.61,9.749
06/16/2021,1.0668481616425087,11.59,13.723,9.456
06/15/2021,1.1642443901518273,11.47,13.798,9.141
06/14/2021,1.287035353049791,11.34,13.914,8.765
06/11/2021,1.3203332912564163,11.19,13.83,8.549
06/10/2021,1.3850703953229238,10.98,13.75,8.209
06/09/2021,1.3762848542362154,10.83,13.582,8.077
06/08/2021,1.2592696295869286,10.73,13.248,8.211
06/07/2021,1.1988661309754312,10.67,13.067,8.272
06/04/2021,1.115948027463645,10.6,12.831,8.368
06/03/2021,1.0299781551081557,10.52,12.579,8.46
06/02/2021,1.062835829279386,10.55,12.675,8.424
06/01/2021,1.0445094542415594,10.53,12.619,8.44
05/28/2021,1.094961186526719,10.58,12.769,8.39
05/27/2021,1.1442814339138778,10.63,12.918,8.341
05/26/2021,1.1761398726342036,10.65,13.002,8.297
05/25/2021,1.277564088412006,10.72,13.275,8.164
05/24/2021,1.3632864702622118,10.83,13.556,8.103
05/21/2021,1.3778497741045648,10.89,13.645,8.134
05/20/2021,1.34535311349846,10.95,13.64,8.259
05/19/2021,1.3208993148609018,10.99,13.631,8.348
05/18/2021,1.2852198255551461,11.04,13.61,8.469
05/17/2021,1.2387937681470633,11.09,13.567,8.612
05/14/2021,1.1477761105720925,11.17,13.465,8.874
05/13/2021,1.082139085330532,11.28,13.444,9.115
05/12/2021,0.8954663589437629,11.45,13.24,9.659
05/11/2021,0.8129790895219877,11.6,13.225,9.974
05/10/2021,0.8810817215219029,11.71,13.472,9.947
05/07/2021,0.9310988132309052,11.79,13.652,9.927
05/06/2021,1.211007844730991,11.99,14.412,9.567
05/05/2021,1.4535061059383274,12.24,15.147,9.332
05/04/2021,1.6036162259094289,12.41,15.617,9.202
05/03/2021,1.8807006673046085,12.7,16.461,8.938
04/30/2021,2.012648752266525,12.9,16.925,8.874
04/29/2021,2.094960620154947,13.07,17.259,8.88
04/28/2021,2.128404331888093,13.2,17.456,8.943
04/27/2021,2.157862368178286,13.28,17.595,8.964
04/26/2021,2.1946913222592377,13.39,17.779,9.0
04/23/2021,2.183507499414646,13.54,17.907,9.172
04/22/2021,2.120261776290843,13.78,18.02,9.539
04/21/2021,1.9977762637492718,13.98,17.975,9.984
04/20/2021,1.8814595398253984,14.25,18.012,10.487
04/19/2021,1.861739777734794,14.63,18.353,10.906
04/16/2021,1.6943848441248521,14.98,18.368,11.591
04/15/2021,1.5348354960711583,15.22,18.289,12.15
04/14/2021,1.3783831107496924,15.46,18.216,12.703
04/13/2021,1.2170784691218555,15.62,18.054,13.185
04/12/2021,1.146324561369946,15.83,18.122,13.537
04/09/2021,0.9742099363073646,15.94,17.888,13.991
04/08/2021,0.9691723272978853,15.95,17.888,14.011
04/07/2021,0.9808185357139206,15.92,17.881,13.958
04/06/2021,0.9734192313695058,15.94,17.886,13.993
04/05/2021,0.9737761549760805,15.82,17.767,13.872
04/01/2021,0.9776988288834141,15.78,17.735,13.824
03/31/2021,1.1228134306286148,15.91,18.155,13.664
03/30/2021,1.3162940400989438,16.12,18.752,13.487
03/29/2021,1.502150125653225,16.37,19.374,13.365
03/26/2021,1.509498261012579,16.5,19.518,13.481
03/25/2021,1.4579951988947015,16.59,19.505,13.674
03/24/2021,1.4926302288242725,16.74,19.725,13.754
03/23/2021,1.4114974318077946,16.9,19.722,14.077
03/22/2021,1.3966746220934925,16.94,19.733,14.146
03/19/2021,1.3878850816980488,16.92,19.695,14.144
03/18/2021,1.383600375831114,16.9,19.667,14.132
03/17/2021,1.38944953128928,16.88,19.658,14.101
03/16/2021,1.3928836993805331,16.91,19.695,14.124
03/15/2021,1.393730605246222,16.91,19.697,14.122
03/12/2021,1.4486562739311213,16.79,19.687,13.892
03/11/2021,1.4217489229818323,16.9,19.743,14.056
03/10/2021,1.4207797155083541,17.03,19.871,14.188
03/09/2021,1.5247331733782143,16.97,20.019,13.92
03/08/2021,1.8617642842207496,16.78,20.503,13.056
03/05/2021,2.6868273576841513,16.43,21.803,11.056
03/04/2021,3.219105659962096,16.08,22.518,9.641
03/03/2021,3.6500624994649065,15.55,22.85,8.249
03/02/2021,3.939019706729074,14.96,22.838,7.081
03/01/2021,4.075095244285709,14.36,22.51,6.209
02/26/2021,4.262273601025631,13.83,22.354,5.305
02/25/2021,4.3932637355387625,13.41,22.196,4.623
02/24/2021,4.388491340996357,12.87,21.646,4.093
02/23/2021,4.348068105492369,12.42,21.116,3.723
02/22/2021,4.346655179560486,11.96,20.653,3.266
02/19/2021,4.220264357833523,11.44,19.88,2.999
02/18/2021,4.109861463601906,10.97,19.189,2.75
02/17/2021,3.979334900457613,10.55,18.508,2.591
02/16/2021,3.702713363197319,10.07,17.475,2.664
02/12/2021,3.5240695580535863,9.63,16.678,2.581
02/11/2021,3.334530889045714,9.24,15.909,2.57
02/10/2021,2.7629171630723928,8.7,14.225,3.174
02/09/2021,1.6827704091764863,8.15,11.515,4.784
02/08/2021,1.030092228880502,7.82,9.88,5.759
02/05/2021,0.3878724016993216,7.59,8.365,6.814
02/04/2021,0.3874274125562102,7.59,8.364,6.815
02/03/2021,0.38062448686336503,7.52,8.281,6.758
02/02/2021,0.40855232223058036,7.48,8.297,6.662
02/01/2021,0.437858424607772,7.44,8.315,6.564
01/29/2021,0.49181297258205786,7.37,8.353,6.386
01/28/2021,0.5130107211355334,7.34,8.366,6.313
01/27/2021,0.49462612142910534,7.28,8.269,6.29
01/26/2021,0.4805621707958296,7.24,8.201,6.278
01/25/2021,0.3856099065117493,7.18,7.951,6.408
01/22/2021,0.36992566820916883,7.15,7.889,6.41
01/21/2021,0.3777102063752051,7.11,7.865,6.354
01/20/2021,0.3671580041344598,7.09,7.824,6.355
01/19/2021,0.3419283550687191,7.02,7.703,6.336
01/15/2021,0.38258332425760544,6.94,7.705,6.174
01/14/2021,0.4268196340376108,6.9,7.753,6.046
01/13/2021,0.4432211637546204,6.85,7.736,5.963
01/12/2021,0.5506632364703494,6.77,7.871,5.668
01/11/2021,0.6021378579694189,6.68,7.884,5.475
01/08/2021,0.6171831170730451,6.6,7.834,5.365
01/07/2021,0.6389796553881822,6.5,7.777,5.222
01/06/2021,0.6828433202426455,6.36,7.725,4.994
01/05/2021,0.7344385610791416,6.26,7.728,4.791
01/04/2021,0.7644344314589709,6.17,7.698,4.641
12/31/2020,0.806073817959621,6.08,7.692,4.467
12/30/2020,0.8651965094705364,5.99,7.72,4.259
12/29/2020,0.9135097153287425,5.87,7.697,4.042
12/28/2020,0.9391299164652354,5.74,7.618,3.861
12/24/2020,0.9239291098347319,5.62,7.467,3.772
12/23/2020,0.9065153059932304,5.47,7.283,3.656
12/22/2020,0.8651213787671647,5.31,7.04,3.579
12/21/2020,0.8466551836491643,5.18,6.873,3.486
12/18/2020,0.7528412847340401,5.04,6.545,3.534
12/17/2020,0.6938263471503514,4.93,6.317,3.542
12/16/2020,0.6667608266837517,4.84,6.173,3.506
12/15/2020,0.6157781808411207,4.75,5.981,3.518
12/14/2020,0.5106734455598801,4.66,5.681,3.638
12/11/2020,0.4883133911741515,4.62,5.596,3.643
12/10/2020,0.45149282164836235,4.55,5.452,3.647
12/09/2020,0.3610432356380603,4.47,5.192,3.747
12/08/2020,0.2951850572098797,4.42,5.01,3.829
12/07/2020,0.28494283286301475,4.39,4.959,3.82
12/04/2020,0.25529633369870386,4.37,4.88,3.859
12/03/2020,0.19774837041047894,4.34,4.735,3.944
12/02/2020,0.16440260946834137,4.32,4.648,3.991
12/01/2020,0.15245333056381544,4.3,4.604,3.995
11/30/2020,0.15151375515114124,4.29,4.593,3.986
11/27/2020,0.15126605038804966,4.29,4.592,3.987
11/25/2020,0.1362564420495412,4.28,4.552,4.007
11/24/2020,0.14088157438075424,4.31,4.591,4.028
11/23/2020,0.1495139391494987,4.34,4.639,4.04
11/20/2020,0.16985646293267734,4.37,4.709,4.03
11/19/2020,0.17520678639824422,4.39,4.74,4.039
11/18/2020,0.18765451766477667,4.42,4.795,4.044
11/17/2020,0.20337408389467912,4.45,4.856,4.043
11/16/2020,0.2670603864297361,4.5,5.034,3.965
11/13/2020,0.3350541001092211,4.55,5.22,3.879
11/12/2020,0.3678671635250963,4.59,5.325,3.854
11/11/2020,0.3545930766385604,4.61,5.319,3.9
11/10/2020,0.34582510030360714,4.63,5.321,3.938
11/09/2020,0.33792010890149754,4.65,5.325,3.974
11/06/2020,0.3274599212117415,4.67,5.324,4.015
11/05/2020,0.3230247668523266,4.69,5.336,4.043
11/04/2020,0.3219083720563974,4.69,5.333,4.046
11/03/2020,0.3117851824574092,4.7,5.323,4.076
11/02/2020,0.3065697310564107,4.71,5.323,4.096
10/30/2020,0.2973886346180701,4.72,5.314,4.125
10/29/2020,0.3010564731076214,4.71,5.312,4.107
10/28/2020,0.31146428366668305,4.71,5.332,4.087
10/27/2020,0.3602637922411854,4.67,5.39,3.949
10/26/2020,0.402330709740134,4.63,5.434,3.825
10/23/2020,0.43272970778535647,4.58,5.445,3.714
10/22/2020,0.45834484834019895,4.55,5.466,3.633
10/21/2020,0.4934622579286079,4.49,5.476,3.503
10/20/2020,0.5001999600159919,4.45,5.45,3.449
10/19/2020,0.46444052364107924,4.39,5.318,3.461
10/16/2020,0.40203233700785806,4.33,5.134,3.525
10/15/2020,0.34063176598784795,4.27,4.951,3.588
10/14/2020,0.34028664387542457,4.27,4.95,3.589
10/13/2020,0.3332191471089259,4.23,4.896,3.563
10/12/2020,0.3090631003533097,4.19,4.808,3.571
10/09/2020,0.2877585793681919,4.17,4.745,3.594
10/08/2020,0.2620591536275731,4.14,4.664,3.615
10/07/2020,0.24121567113270226,4.11,4.592,3.627
10/06/2020,0.2144294755857971,4.1,4.528,3.671
10/05/2020,0.20159365069366636,4.07,4.473,3.666
10/02/2020,0.1983305321931043,4.06,4.456,3.663
10/01/2020,0.2070386437358977,4.07,4.484,3.655
09/30/2020,0.24969981978367534,4.1,4.599,3.6
09/29/2020,0.2782894176931634,4.14,4.696,3.583
09/28/2020,0.2824800877938124,4.17,4.734,3.605
09/25/2020,0.31689114850370936,4.23,4.863,3.596
09/24/2020,0.3631803959466975,4.29,5.016,3.563
09/23/2020,0.4069336555263032,4.37,5.183,3.556
09/22/2020,0.4496443038669566,4.45,5.349,3.55
09/21/2020,0.4810405388322277,4.5,5.462,3.537
09/18/2020,0.5022997113278087,4.56,5.564,3.555
09/17/2020,0.5813959494182944,4.65,5.812,3.487
09/16/2020,0.6229697023130419,4.71,5.955,3.464
09/15/2020,0.6387849794727488,4.81,6.087,3.532
09/14/2020,0.637339195405398,4.89,6.164,3.615
09/11/2020,0.6317841799222264,4.95,6.213,3.686
09/10/2020,0.6177226319311929,5.02,6.255,3.784
09/09/2020,0.5761434283231911,5.09,6.242,3.937
09/08/2020,0.5504872841401517,5.15,6.25,4.049
09/04/2020,0.46570511055817293,5.22,6.151,4.288
09/03/2020,0.4158259852390181,5.28,6.111,4.448
09/02/2020,0.3662461603894299,5.34,6.072,4.607
09/01/2020,0.34046475588524583,5.38,6.06,4.699
08/31/2020,0.31201963079267947,5.43,6.054,4.805
08/28/2020,0.24765146880242814,5.49,5.985,4.994
08/27/2020,0.22167825784230627,5.54,5.983,5.096
08/26/2020,0.2224775269549714,5.58,6.024,5.135
08/25/2020,0.22938232277139406,5.61,6.068,5.151
08/24/2020,0.22414560000142764,5.63,6.078,5.181
08/21/2020,0.21369663076426826,5.65,6.077,5.222
08/20/2020,0.19974045659304976,5.67,6.069,5.27
08/19/2020,0.18752333188166206,5.66,6.035,5.284
08/18/2020,0.18955210365490535,5.67,6.049,5.29
08/17/2020,0.2317002373757955,5.69,6.153,5.226
08/14/2020,0.23421144293138196,5.7,6.168,5.231
08/13/2020,0.23395512390199966,5.72,6.187,5.252
08/12/2020,0.24715379827144068,5.75,6.244,5.255
08/11/2020,0.2315923142075315,5.78,6.243,5.316
08/10/2020,0.22555487137279923,5.8,6.251,5.348
08/07/2020,0.1931450232338385,5.83,6.216,5.443
08/06/2020,0.1763377441162272,5.86,6.212,5.507
08/05/2020,0.20396078054371147,5.91,6.317,5.502
08/04/2020,0.21835750502329898,5.95,6.386,5.513
08/03/2020,0.2193969006162121,5.98,6.418,5.541
07/31/2020,0.2310844001658269,6.01,6.472,5.547
07/30/2020,0.2457234217570641,6.03,6.521,5.538
07/29/2020,0.2872977549512004,6.07,6.644,5.495
07/28/2020,0.3489412558010302,6.12,6.817,5.422
07/27/2020,0.33791271062213685,6.15,6.825,5.474
07/24/2020,0.33287384997923763,6.19,6.855,5.524
07/23/2020,0.3174980314899606,6.21,6.844,5.575
07/22/2020,0.30025822220215714,6.24,6.84,5.639
07/21/2020,0.2921129918370629,6.28,6.864,5.695
07/20/2020,0.2952202567575606,6.29,6.88,5.699
07/17/2020,0.29438919817140025,6.34,6.928,5.751
07/16/2020,0.31485711044853343,6.39,7.019,5.76
07/15/2020,0.3112715855968867,6.42,7.042,5.797
07/14/2020,0.310749094930299,6.46,7.081,5.838
07/13/2020,0.2806955646247371,6.49,7.051,5.928
07/10/2020,0.2948728539557346,6.49,7.079,5.9
07/09/2020,0.36428697478773514,6.45,7.178,5.721
07/08/2020,0.36527386985657756,6.45,7.18,5.719
07/07/2020,0.3712142238654117,6.46,7.202,5.717
07/06/2020,0.36791303320214136,6.48,7.215,5.744
07/02/2020,0.3688156721182005,6.49,7.227,5.752
07/01/2020,0.4710944703559998,6.56,7.502,5.617
06/30/2020,0.5539223772334894,6.62,7.727,5.512
06/29/2020,0.5624322181383282,6.63,7.754,5.505
06/26/2020,0.621232645632858,6.71,7.952,5.467
06/25/2020,0.7728971471030281,6.83,8.375,5.284
06/24/2020,0.8235016697007967,6.79,8.437,5.142
06/23/2020,0.989699449327926,6.68,8.659,4.7
06/22/2020,1.1230004452358868,6.56,8.806,4.313
06/19/2020,1.2469522845722685,6.44,8.933,3.946
06/18/2020,1.3300695470538373,6.32,8.98,3.659
06/17/2020,1.376399287997491,6.19,8.942,3.437
06/16/2020,1.4104538276739158,6.1,8.92,3.279
06/15/2020,1.4169950599772745,6.01,8.843,3.176
06/12/2020,1.4378177909596195,5.92,8.795,3.044
06/11/2020,1.4608490681791872,5.87,8.791,2.948
06/10/2020,1.468100813977024,5.85,8.786,2.913
06/09/2020,1.5099139048303383,5.74,8.759,2.72
06/08/2020,1.5410110317580468,5.6,8.682,2.517
06/05/2020,1.5567144889156777,5.48,8.593,2.366
06/04/2020,1.5589927620101385,5.35,8.467,2.232
06/03/2020,1.4836989020687452,5.15,8.117,2.182
06/02/2020,1.369905628866456,4.95,7.689,2.21
06/01/2020,1.2862436907522616,4.78,7.352,2.207
05/29/2020,1.090103312535101,4.56,6.74,2.379
05/28/2020,0.5260397627556305,4.28,5.332,3.227
05/27/2020,0.49431754166729713,4.18,5.168,3.191
05/26/2020,0.5306183487215647,4.13,5.191,3.068
05/22/2020,0.5478534767618072,4.1,5.195,3.004
05/21/2020,0.5727174102469733,4.06,5.205,2.914
05/20/2020,0.5951651405282403,4.01,5.2,2.819
05/19/2020,0.6051295270435909,3.95,5.16,2.739
05/18/2020,0.5998627713902572,3.87,5.069,2.67
05/15/2020,0.5472421260283239,3.79,4.884,2.695
05/14/2020,0.5050503385802251,3.72,4.73,2.709
05/13/2020,0.45440372412646446,3.65,4.558,2.741
05/12/2020,0.3414231165284507,3.55,4.232,2.867
05/11/2020,0.34594312321536325,3.48,4.171,2.788
05/08/2020,0.33131562670661946,3.46,4.122,2.797
05/07/2020,0.3021563246069822,3.44,4.044,2.835
05/06/2020,0.2804822855368944,3.43,3.99,2.869
05/05/2020,0.2671802996105813,3.41,3.944,2.875
05/04/2020,0.2539395843502938,3.39,3.897,2.882
05/01/2020,0.2692077497027156,3.4,3.938,2.861
04/30/2020,0.2747686526880386,3.4,3.949,2.85
04/29/2020,0.2747686526880386,3.4,3.949,2.85
04/28/2020,0.2766637173537578,3.4,3.953,2.846
04/27/2020,0.28557472752328766,3.42,3.991,2.848
04/24/2020,0.28741420458982186,3.41,3.984,2.835
04/23/2020,0.28903447026263146,3.4,3.978,2.821
04/22/2020,0.33394252873810487,3.37,4.037,2.702
04/21/2020,0.3350815012799125,3.39,4.06,2.719
04/20/2020,0.3372634170792913,3.41,4.084,2.735
04/17/2020,0.34316193334925715,3.42,4.106,2.733
04/16/2020,0.3503528400056149,3.44,4.14,2.739
04/15/2020,0.3559411643797329,3.46,4.171,2.748
04/14/2020,0.3797810059758123,3.53,4.289,2.77
04/13/2020,0.5441315213254972,3.66,4.748,2.571
04/08/2020,0.6465281996943367,3.76,5.053,2.466
04/07/2020,0.7020579128533486,3.82,5.224,2.415
04/06/2020,0.7974955253792964,3.9,5.494,2.305
04/02/2020,0.865053936757703,4.01,5.74,2.279
04/01/2020,0.9151668227705809,4.11,5.94,2.279
03/31/2020,0.9502611291113617,4.18,6.08,2.279
03/30/2020,0.9959666226837123,4.27,6.261,2.278
03/27/2020,1.0346406687831289,4.41,6.479,2.34
03/26/2020,1.0348771489891928,4.53,6.599,2.46
03/25/2020,1.0386837348298086,4.62,6.697,2.542
03/24/2020,1.0636174598980594,4.78,6.907,2.652
03/23/2020,1.0045665239296002,4.87,6.879,2.86
03/20/2020,0.8634595248186218,4.98,6.706,3.253
03/19/2020,0.7988485156774093,5.06,6.657,3.462
03/18/2020,0.7371771503512572,5.12,6.594,3.645
03/17/2020,0.668603881980953,5.17,6.507,3.832
03/16/2020,0.5855103338114538,5.23,6.401,4.058
03/13/2020,0.47898199444237993,5.3,6.257,4.342
03/11/2020,0.42398649860579296,5.34,6.187,4.492
03/10/2020,0.43521827971720123,5.36,6.23,4.489
03/09/2020,0.4464353822223324,5.38,6.272,4.487
03/03/2020,0.45711601426771303,5.43,6.344,4.515
03/02/2020,0.4731704243716,5.45,6.396,4.503
02/28/2020,0.4876281882746321,5.48,6.455,4.504
02/27/2020,0.5091623022180649,5.51,6.528,4.491
02/26/2020,0.5156573474701975,5.5,6.531,4.468
02/25/2020,0.5264005129176833,5.51,6.562,4.457
02/24/2020,0.5264005129176833,5.51,6.562,4.457
02/21/2020,0.5355997689506597,5.53,6.601,4.458
02/20/2020,0.5400788021205795,5.55,6.63,4.469
02/19/2020,0.49591593289588914,5.5,6.491,4.508
02/18/2020,0.5468632027298966,5.47,6.563,4.376
02/14/2020,0.5285348734946447,5.51,6.567,4.452
02/13/2020,0.5465584255136865,5.49,6.583,4.396
02/12/2020,0.5915680222932946,5.47,6.653,4.286
02/11/2020,0.6353406369814542,5.44,6.71,4.169
02/10/2020,0.6452462514420366,5.43,6.72,4.139
02/07/2020,0.6555323981314729,5.41,6.721,4.098
02/05/2020,0.6886492031506316,5.48,6.857,4.102
02/03/2020,0.737612855771915,5.4,6.875,3.924
01/31/2020,0.7863063811263393,5.31,6.882,3.737
01/30/2020,0.8049706361104111,5.22,6.829,3.61
01/29/2020,0.7849858119736942,5.18,6.749,3.61
01/28/2020,0.7696932668277668,5.12,6.659,3.58
01/27/2020,0.7397526444697579,5.04,6.519,3.56
01/23/2020,0.7414126550039458,5.02,6.502,3.537
01/22/2020,0.7321937755813006,5.01,6.474,3.545
01/21/2020,0.6970421256997312,4.97,6.364,3.575
01/17/2020,0.6570993931666654,4.92,6.234,3.605
01/16/2020,0.6272189510051493,4.86,6.114,3.605
01/15/2020,0.6107598648405116,4.8,6.021,3.578
01/14/2020,0.6052449710654356,4.84,6.05,3.629
01/13/2020,0.5759458199344796,4.78,5.931,3.628
01/10/2020,0.6242882647463429,4.72,5.968,3.471
01/09/2020,0.6245452145361454,4.78,6.029,3.53
01/08/2020,0.6139566149167219,4.8,6.027,3.572
01/07/2020,0.6172979224005213,4.78,6.014,3.545
01/06/2020,0.6231601218787993,4.76,6.006,3.513
01/03/2020,0.4984907596936977,4.65,5.646,3.653
01/02/2020,0.5021143171629344,4.64,5.644,3.635
12/31/2019,0.49792623700704897,4.65,5.645,3.654
12/30/2019,0.5235824075539589,4.71,5.757,3.662
12/27/2019,0.5320875397902115,4.72,5.784,3.655
12/26/2019,0.5603065232531207,4.77,5.89,3.649
12/24/2019,0.5618186095173423,4.76,5.883,3.636
12/23/2019,0.5785805043379875,4.73,5.887,3.572
12/20/2019,0.5218672244929738,4.68,5.723,3.636
12/19/2019,0.6442626793474848,4.75,6.038,3.461
12/18/2019,0.6840595003360453,4.79,6.158,3.421
12/17/2019,0.6825574334808757,4.82,6.185,3.454
12/16/2019,0.6825574334808757,4.82,6.185,3.454
12/13/2019,0.7404336820404647,4.73,6.21,3.249
12/12/2019,0.7697681712697662,4.7,6.239,3.16
12/11/2019,0.7384431511633106,4.73,6.206,3.253
12/09/2019,0.7278032271843812,4.69,6.145,3.234
12/06/2019,0.7278032271843812,4.69,6.145,3.234
12/05/2019,0.7278032271843812,4.69,6.145,3.234
12/04/2019,0.7248401375475836,4.71,6.159,3.26
12/03/2019,0.7155363198328929,4.74,6.171,3.308
12/02/2019,0.7020697792954771,4.76,6.164,3.355
11/27/2019,0.7907549162034972,4.89,6.471,3.308
11/26/2019,0.785133006247986,4.88,6.45,3.309
11/25/2019,0.7808993052884603,4.87,6.431,3.308
11/22/2019,0.7970874951973591,4.89,6.484,3.295
11/21/2019,0.8863733553080213,5.0,6.772,3.227
11/20/2019,0.8879462117718617,5.09,6.865,3.314
11/19/2019,1.0248261925809663,5.22,7.269,3.17
11/18/2019,1.175647837364574,5.3,7.651,2.948
11/15/2019,1.2313711209460776,5.36,7.822,2.897
11/14/2019,1.3129269162828523,5.49,8.115,2.864
11/13/2019,1.531301762390418,5.73,8.792,2.667
11/12/2019,1.6229777686401008,6.02,9.265,2.774
11/11/2019,1.7271381603681855,6.32,9.774,2.865
11/08/2019,1.84515859074498,6.6,10.29,2.909
11/07/2019,2.1202860597098687,6.98,11.22,2.739
11/06/2019,2.233112172507239,7.32,11.786,2.853
11/05/2019,2.2475442097987752,7.62,12.115,3.124
11/04/2019,2.6289836391655235,8.12,13.377,2.862
11/01/2019,2.6123168428619064,8.45,13.674,3.225
10/31/2019,2.4948525582687244,8.75,13.739,3.76
10/30/2019,2.4490516098073556,8.89,13.788,3.991
10/29/2019,2.3243139391011702,9.12,13.768,4.471
10/28/2019,2.151549857079775,9.35,13.653,5.046
10/25/2019,1.9957545659474263,9.54,13.531,5.548
10/24/2019,1.9154399723040134,9.62,13.45,5.789
10/23/2019,1.775852640282971,9.71,13.261,6.158
10/22/2019,1.8435039632449939,9.67,13.357,5.982
10/21/2019,1.970856729952738,9.57,13.511,5.628
10/18/2019,1.9451738996809513,9.59,13.48,5.699
10/17/2019,2.0504042284388704,9.52,13.62,5.419
10/16/2019,2.200869487270883,9.34,13.741,4.938
10/15/2019,2.2878385787681785,9.2,13.775,4.624
10/14/2019,2.344817330305284,9.05,13.739,4.36
10/11/2019,2.4325984923533928,8.84,13.705,3.974
10/10/2019,2.375150950466096,8.56,13.31,3.809
10/09/2019,2.3774642032005446,8.28,13.034,3.525
10/08/2019,2.3143758310827565,8.16,12.788,3.531
10/07/2019,1.8052328070085586,7.72,11.33,4.109
10/04/2019,1.6041984524989419,7.46,10.668,4.251
10/03/2019,1.4484971263347401,7.28,10.176,4.383
10/02/2019,1.4226193491232995,7.07,9.915,4.224
10/01/2019,1.3410075736176885,6.8,9.482,4.117
09/30/2019,1.1483254384102095,6.6,8.896,4.303
09/27/2019,0.9210748748066033,6.45,8.292,4.607
09/26/2019,0.8329151667486911,6.33,7.995,4.664
09/25/2019,0.7552556603561472,6.27,7.78,4.759
09/23/2019,0.7577569531188744,6.23,7.745,4.714
09/20/2019,0.7647362944178863,6.26,7.789,4.73
09/19/2019,0.7139647050099885,6.18,7.607,4.752
09/18/2019,0.753733772627975,6.25,7.757,4.742
09/17/2019,0.7554433135583372,6.25,7.76,4.739
09/16/2019,0.782358924982645,6.28,7.844,4.715
09/13/2019,0.801676462171617,6.31,7.913,4.706
09/12/2019,0.8170532647875536,6.37,8.004,4.735
09/11/2019,0.8443245377223145,6.42,8.108,4.731
09/10/2019,0.8497118187950549,6.52,8.219,4.82
09/09/2019,0.7515861394411155,6.43,7.933,4.926
09/06/2019,0.7898865266606337,6.51,8.089,4.93
09/05/2019,0.8260609692994823,6.58,8.232,4.927
09/04/2019,0.8244419172992116,6.56,8.208,4.911
09/03/2019,0.8598252584101028,6.71,8.429,4.99
08/30/2019,0.7820763869341666,6.89,8.454,5.325
08/29/2019,0.7779051838109837,7.0,8.555,5.444
08/27/2019,0.8014131113227436,7.06,8.662,5.457
08/26/2019,0.7732764221156625,7.16,8.706,5.613
08/23/2019,0.780883337957726,7.15,8.711,5.588
08/22/2019,0.7385491859043649,7.26,8.737,5.782
08/21/2019,0.7408609181216136,7.26,8.741,5.778
08/20/2019,0.6829587469239998,7.35,8.715,5.984
08/19/2019,0.6899236551967182,7.37,8.749,5.99
08/16/2019,0.5932635586314063,7.44,8.626,6.253
08/15/2019,0.6100767574658127,7.41,8.63,6.189
08/14/2019,0.6256021399419923,7.39,8.641,6.138
08/13/2019,0.6244493874606653,7.41,8.658,6.161
08/12/2019,0.6246295201957718,7.41,8.659,6.16
08/09/2019,0.6247285710610649,7.41,8.659,6.16
08/08/2019,0.6250162297892752,7.52,8.77,6.269
08/07/2019,0.624352294381946,7.51,8.758,6.261
08/06/2019,0.6367921854891123,7.54,8.813,6.266
08/05/2019,0.6335051598053484,7.65,8.917,6.382
08/02/2019,0.6543189493664384,7.66,8.968,6.351
08/01/2019,0.6410497543092891,7.63,8.912,6.347
07/31/2019,0.6917100458284525,7.67,9.053,6.286
07/30/2019,0.6899711407008267,7.65,9.029,6.27
07/29/2019,0.73591760748062,7.7,9.171,6.228
07/26/2019,0.7384999069058844,7.83,9.306,6.353
07/25/2019,0.7923635529225205,7.89,9.474,6.305
07/24/2019,0.8221313763626832,8.04,9.684,6.395
07/23/2019,0.8323460818673923,8.09,9.754,6.425
07/22/2019,0.8526429498916882,8.15,9.855,6.444
07/19/2019,0.8191911864760264,8.22,9.858,6.581
07/18/2019,0.7483289383686829,8.31,9.806,6.813
07/17/2019,0.6700166509124978,8.42,9.76,7.079
07/16/2019,0.645831489244679,8.5,9.791,7.208
07/15/2019,0.6072050106842004,8.57,9.784,7.355
07/12/2019,0.5749321046871535,8.66,9.809,7.51
07/11/2019,0.5909696904241367,8.63,9.811,7.448
07/10/2019,0.5909696904241367,8.63,9.811,7.448
07/09/2019,0.5810483413624034,8.65,9.812,7.487
07/08/2019,0.5983102665005842,8.68,9.876,7.483
07/05/2019,0.6053859719220458,8.65,9.86,7.439
07/03/2019,0.6926104063613252,8.62,10.005,7.234
07/02/2019,0.7734115495646545,8.52,10.066,6.973
06/28/2019,0.9365888505635758,8.44,10.313,6.566
06/27/2019,0.9453781915191403,8.39,10.28,6.499
06/26/2019,0.9710658705772746,8.28,10.222,6.337
06/25/2019,0.9769001612242677,8.18,10.133,6.226
06/24/2019,0.9361025184241308,8.07,9.942,6.197
06/21/2019,0.9497236045292338,7.99,9.889,6.09
06/20/2019,0.9307453599132258,7.91,9.771,6.048
06/19/2019,0.9492000447745461,7.81,9.708,5.911
06/18/2019,0.9877715955624561,7.7,9.675,5.724
06/17/2019,0.9465485262256765,7.61,9.503,5.716
06/14/2019,0.9076797962387398,7.5,9.315,5.684
06/13/2019,0.8878738649155072,7.37,9.145,5.594
06/12/2019,0.7739250609716681,7.25,8.797,5.702
06/11/2019,0.7981251468284909,7.15,8.746,5.553
06/10/2019,0.7942252514243049,7.13,8.718,5.541
06/07/2019,0.7398403544008668,7.07,8.549,5.59
06/06/2019,0.5422580105447959,6.98,8.064,5.895
06/05/2019,0.46324264700046786,6.93,7.856,6.003
06/04/2019,0.464982526553418,6.95,7.879,6.02
06/03/2019,0.544662739683926,7.01,8.099,5.92
05/31/2019,0.548248347010732,7.13,8.226,6.033
05/30/2019,0.5574058216416474,7.06,8.174,5.945
05/29/2019,0.561539179398909,7.05,8.173,5.926
05/28/2019,0.6508081514547893,6.96,8.261,5.658
05/24/2019,0.6460543707769495,6.93,8.222,5.637
05/23/2019,0.6575114067451606,6.95,8.265,5.634
05/22/2019,0.6636461783209484,6.96,8.287,5.632
05/21/2019,0.6660827651275778,6.99,8.322,5.657
05/20/2019,0.6549780530674292,7.05,8.359,5.74
05/17/2019,0.6822847645961326,7.09,8.454,5.725
05/16/2019,0.6822703368167197,7.12,8.484,5.755
05/15/2019,0.6636099193050087,7.19,8.517,5.862
05/14/2019,0.7510679895988113,7.29,8.792,5.787
05/13/2019,0.7172817612347326,7.4,8.834,5.965
05/10/2019,0.7160468734656971,7.42,8.852,5.987
05/09/2019,0.7144845169771001,7.43,8.858,6.001
05/08/2019,0.7778869615824654,7.51,9.065,5.954
05/07/2019,0.7946356004484068,7.56,9.149,5.97
05/06/2019,0.7955582866767211,7.6,9.191,6.008
05/03/2019,0.7947247872691527,7.53,9.119,5.94
05/02/2019,0.8021433709132053,7.54,9.144,5.935
05/01/2019,0.7813968501984123,7.65,9.212,6.087
04/30/2019,0.8308119748174072,7.78,9.441,6.118
04/26/2019,0.6626526522243762,7.92,9.245,6.594
04/25/2019,0.6176819873527154,8.01,9.245,6.774
04/24/2019,0.616296225446822,8.07,9.302,6.837
04/23/2019,0.6033270568273894,8.1,9.306,6.893
04/22/2019,0.5803165407775313,8.13,9.29,6.969
04/18/2019,0.5659944677291466,8.15,9.281,7.018
04/17/2019,0.5657194423917213,8.15,9.281,7.018
04/16/2019,0.5458036963964242,8.17,9.261,7.078
04/15/2019,0.5535646868253068,8.17,9.277,7.062
04/12/2019,0.5310678982013506,8.13,9.192,7.067
04/11/2019,0.5310678982013506,8.13,9.192,7.067
04/10/2019,0.5138087436001845,8.15,9.177,7.122
04/09/2019,0.5026322960176755,8.16,9.165,7.154
04/08/2019,0.5026322960176755,8.16,9.165,7.154
04/05/2019,0.5341597256439314,8.2,9.268,7.131
04/04/2019,0.5573444738220701,8.25,9.364,7.135
04/03/2019,0.4743275371512813,8.34,9.288,7.391
04/02/2019,0.4955997503026006,8.37,9.361,7.378
04/01/2019,0.5053397990461469,8.39,9.4,7.379
03/29/2019,0.46023288941578266,8.33,9.25,7.409
03/28/2019,0.4729109984976032,8.3,9.245,7.354
03/27/2019,0.4729109984976032,8.3,9.245,7.354
03/26/2019,0.4779032982727783,8.27,9.225,7.314
03/25/2019,0.4828235314273736,8.25,9.215,7.284
03/22/2019,0.47390274582449937,8.26,9.207,7.312
03/21/2019,0.46520840759814314,8.29,9.22,7.359
03/20/2019,0.47593761408403107,8.28,9.231,7.328
03/19/2019,0.4822427941400474,8.27,9.234,7.305
03/18/2019,0.49725206133308303,8.36,9.354,7.365
03/15/2019,0.5356018693955429,8.42,9.491,7.348
03/14/2019,0.5501484913184805,8.46,9.56,7.359
03/13/2019,0.5360947211081267,8.48,9.552,7.407
03/12/2019,0.5161722096355054,8.55,9.582,7.517
03/11/2019,0.5215925133665169,8.55,9.593,7.506
03/08/2019,0.5122340773513611,8.52,9.544,7.495
03/07/2019,0.502383070972739,8.5,9.504,7.495
03/06/2019,0.5191844566240404,8.51,9.548,7.471
03/05/2019,0.527159842931914,8.52,9.574,7.465
03/04/2019,0.5881730187623367,8.57,9.746,7.393
03/01/2019,0.6366612128911263,8.64,9.913,7.366
02/28/2019,0.6282823807811263,8.72,9.976,7.463
02/27/2019,0.6391038647982034,8.76,10.038,7.481
02/26/2019,0.6300892793882468,8.85,10.11,7.589
02/25/2019,0.6600359838675464,8.96,10.28,7.639
02/22/2019,0.6841728582748661,9.07,10.438,7.701
02/21/2019,0.7266352248549475,9.17,10.623,7.716
02/20/2019,0.7025400344464364,9.31,10.715,7.904
02/19/2019,0.6168528998067528,9.4,10.633,8.166
02/15/2019,0.6606720063692724,9.46,10.781,8.138
02/14/2019,0.6644527823705759,9.49,10.818,8.161
02/13/2019,0.6955132996571668,9.57,10.961,8.178
02/12/2019,0.6424007705474829,9.64,10.924,8.355
02/11/2019,0.627661333841746,9.68,10.935,8.424
02/08/2019,0.608476581307777,9.71,10.926,8.493
02/07/2019,0.5328710561664988,9.76,10.825,8.694
02/06/2019,0.4342770573032841,9.82,10.688,8.951
02/05/2019,0.42870189234478534,9.83,10.687,8.972
02/04/2019,0.39955013765483793,9.87,10.669,9.07
02/01/2019,0.434846596514219,9.83,10.699,8.96
01/31/2019,0.5143627732447207,9.9,10.928,8.871
01/30/2019,0.5647103793096068,9.98,11.109,8.85
01/29/2019,0.586413090321149,10.07,11.242,8.897
01/25/2019,0.6290272748458527,10.15,11.408,8.891
01/24/2019,0.673099407591479,10.2,11.546,8.853
01/23/2019,0.6730659793066353,10.2,11.546,8.853
01/22/2019,0.725845412260765,10.26,11.711,8.808
01/18/2019,0.7877271497796684,10.31,11.885,8.734
01/16/2019,0.7776706002543751,10.34,11.895,8.784
01/15/2019,0.910830150192669,10.44,12.261,8.618
01/14/2019,1.0059052204358023,10.57,12.581,8.558
01/11/2019,1.0742004293892273,10.66,12.808,8.511
01/10/2019,1.0829965662457108,10.76,12.925,8.594
01/09/2019,1.1319591699792004,10.9,13.163,8.636
01/08/2019,1.1573521773859505,11.05,13.364,8.735
01/07/2019,1.293025038427331,11.29,13.876,8.703
01/04/2019,1.3122505715373114,11.48,14.104,8.855
01/03/2019,1.2749569845684992,11.7,14.249,9.15
01/02/2019,1.2306412200556263,11.85,14.311,9.388
12/31/2018,1.0538437087633064,11.99,14.097,9.882
12/28/2018,1.1380631847573315,11.93,14.206,9.653
12/27/2018,1.1846066066420533,11.89,14.259,9.52
12/26/2018,1.2279394579945708,11.84,14.295,9.384
12/24/2018,1.3571883850446114,11.74,14.454,9.025
12/21/2018,1.4614005482755235,11.64,14.562,8.717
12/20/2018,1.5233616363162097,11.59,14.636,8.543
12/18/2018,1.6083146225163785,11.48,14.696,8.263
12/17/2018,1.6506683267694937,11.38,14.681,8.078
12/13/2018,1.6770995572714222,11.35,14.704,7.995
12/12/2018,1.689558795958282,11.21,14.589,7.83
12/11/2018,1.6900602578014787,11.07,14.45,7.689
12/10/2018,1.7150768714550377,10.92,14.35,7.489
12/07/2018,1.7190004872017925,10.81,14.248,7.371
12/06/2018,1.6828269927416781,10.67,14.035,7.304
12/04/2018,1.6476992102626014,10.49,13.785,7.194
12/03/2018,1.4122663302295357,10.26,13.084,7.435
11/30/2018,1.2102406269002872,10.09,12.51,7.669
11/29/2018,0.9234762449570644,9.91,11.756,8.063
11/28/2018,0.6186086202115195,9.75,10.987,8.512
11/27/2018,0.39594903396775716,9.58,10.371,8.788
11/26/2018,0.44551307500453907,9.52,10.411,8.628
11/23/2018,0.4327399912187457,9.51,10.375,8.644
11/21/2018,0.5203721264633611,9.4,10.44,8.359
11/20/2018,0.5203721264633611,9.4,10.44,8.359
11/19/2018,0.5239218930336851,9.39,10.437,8.342
11/16/2018,0.5236985296905082,9.39,10.437,8.342
11/15/2018,0.522739801430884,9.4,10.445,8.354
11/14/2018,0.536758698113035,9.41,10.483,8.336
11/13/2018,0.5353444685433858,9.41,10.48,8.339
11/12/2018,0.5308011868863899,9.4,10.461,8.338
11/09/2018,0.5253776736786596,9.37,10.42,8.319
11/08/2018,0.5289713602833335,9.4,10.457,8.342
11/07/2018,0.5289713602833335,9.4,10.457,8.342
11/05/2018,0.5263371543032092,9.36,10.412,8.307
11/02/2018,0.563941309002985,9.43,10.557,8.302
11/01/2018,0.5735257622809983,9.44,10.587,8.292
10/31/2018,0.5612350666164759,9.43,10.552,8.307
10/30/2018,0.555844222781887,9.42,10.531,8.308
10/29/2018,0.5528422469384915,9.41,10.515,8.304
10/26/2018,0.5548429845460786,9.48,10.589,8.37
10/25/2018,0.6185444406022901,9.61,10.847,8.372
10/24/2018,0.7097825195086168,9.67,11.089,8.25
10/23/2018,0.675487953260456,9.83,11.18,8.479
10/22/2018,0.6711609158763642,9.9,11.242,8.557
10/18/2018,0.6789867266743879,9.99,11.347,8.632
10/17/2018,0.664404893494923,10.06,11.388,8.731
10/16/2018,0.6476790196540259,10.12,11.415,8.824
10/15/2018,0.6718192558270416,10.08,11.423,8.736
10/12/2018,0.6904428379670543,10.06,11.44,8.679
10/11/2018,0.6855936205216615,10.11,11.481,8.738
10/10/2018,0.6586883272838528,10.14,11.457,8.822
10/09/2018,0.7000309368163667,10.1,11.5,8.699
10/08/2018,0.7371341889371298,10.07,11.544,8.595
10/05/2018,0.7024661557683758,10.1,11.504,8.695
10/04/2018,0.7629401680341651,10.02,11.545,8.494
10/03/2018,0.7650200650963346,10.01,11.54,8.479
10/02/2018,0.7652822681860597,10.01,11.54,8.479
10/01/2018,0.820359105818909,9.96,11.6,8.319
09/28/2018,0.8163725022929178,9.96,11.592,8.327
09/27/2018,0.815434769003628,9.94,11.57,8.309
09/26/2018,0.7712874707267064,9.87,11.412,8.327
09/25/2018,0.7137018722828182,9.83,11.257,8.402
09/24/2018,0.6355083496697743,9.76,11.031,8.488
09/21/2018,0.6212598993175079,9.74,10.982,8.497
09/20/2018,0.5693216248308156,9.71,10.848,8.571
09/19/2018,0.5693216248308156,9.71,10.848,8.571
09/18/2018,0.547613104755538,9.69,10.785,8.594
09/17/2018,0.5403814509214764,9.71,10.79,8.629
09/14/2018,0.5503059262810096,9.78,10.88,8.679
09/13/2018,0.5522242411376016,9.78,10.884,8.675
09/12/2018,0.5515687740436364,9.77,10.873,8.666
09/11/2018,0.5433379358189523,9.85,10.936,8.763
09/10/2018,0.5243621005564761,9.92,10.968,8.871
09/07/2018,0.5934969355438999,10.0,11.186,8.813
09/06/2018,0.5173500869817265,10.05,11.084,9.015
09/05/2018,0.5165230996770619,10.05,11.083,9.016
09/04/2018,0.5199748671810975,10.09,11.129,9.05
08/31/2018,0.48197639983717067,10.23,11.193,9.266
08/30/2018,0.5390048701078686,10.33,11.408,9.251
08/29/2018,0.7385467148393527,10.48,11.957,9.002
08/28/2018,0.9276805754137574,10.65,12.505,8.794
08/27/2018,0.9802531560775514,10.74,12.7,8.779
08/24/2018,0.9972192587390198,10.84,12.834,8.845
08/23/2018,1.0612904880380303,10.97,13.092,8.847
08/22/2018,1.1792614213990043,11.13,13.488,8.771
08/21/2018,1.2635317566250561,11.27,13.797,8.742
08/20/2018,1.2736605709528737,11.41,13.957,8.862
08/17/2018,1.2462488716143338,11.56,14.052,9.067
08/16/2018,1.2254392069784614,11.63,14.08,9.179
08/15/2018,1.204568906289715,11.66,14.069,9.25
08/14/2018,1.2032657073564426,11.66,14.066,9.253
08/13/2018,1.219413737211452,11.65,14.088,9.211
08/10/2018,1.2882833005593142,11.59,14.166,9.013
08/09/2018,1.308184801547549,11.56,14.176,8.943
08/08/2018,1.2523627569518347,11.62,14.124,9.115
08/07/2018,1.2086490288748013,11.65,14.067,9.232
08/06/2018,1.2534686773110846,11.62,14.126,9.113
08/03/2018,1.2763262611887292,11.57,14.122,9.017
08/02/2018,1.297500953756875,11.52,14.115,8.924
08/01/2018,1.2671024919082117,11.44,13.974,8.905
07/31/2018,1.2043968770716738,11.33,13.738,8.921
07/30/2018,1.2316055933211736,11.36,13.823,8.896
07/26/2018,1.3363733899999657,11.45,14.122,8.777
07/25/2018,1.3269303250359457,11.44,14.093,8.786
07/24/2018,1.2550754310000654,11.38,13.89,8.869
07/23/2018,1.1860241723927891,11.32,13.692,8.947
07/20/2018,1.268718186793269,11.37,13.907,8.832
07/19/2018,1.4025044875151027,11.45,14.255,8.644
07/18/2018,1.4025634700433347,11.45,14.255,8.644
07/17/2018,1.4050397814652795,11.5,14.31,8.689
07/16/2018,1.448875054999568,11.71,14.607,8.812
07/13/2018,1.4555929805409205,11.87,14.781,8.958
07/12/2018,1.384340248999501,12.08,14.848,9.311
07/11/2018,1.3366382925084859,12.15,14.823,9.476
07/10/2018,1.331146094536584,12.27,14.932,9.607
07/09/2018,1.291562977558586,12.42,15.003,9.836
07/06/2018,1.1570391847297137,12.61,14.924,10.295
07/05/2018,1.0555238924344632,12.74,14.851,10.628
07/03/2018,0.9444401450065538,12.91,14.798,11.021
07/02/2018,0.9288806099278855,13.07,14.927,11.212
06/29/2018,0.8323713564269258,13.12,14.784,11.455
06/28/2018,0.8291863934001813,13.15,14.808,11.491
06/27/2018,0.8987997969514682,13.21,15.007,11.412
06/26/2018,0.9266072927621497,13.31,15.163,11.456
06/25/2018,0.8936459449916394,13.38,15.167,11.592
06/22/2018,1.0393738860487116,13.58,15.658,11.501
06/21/2018,1.093835030980449,13.65,15.837,11.462
06/20/2018,1.1219104576569379,13.68,15.923,11.436
06/19/2018,1.087782894239471,13.83,16.005,11.654
06/18/2018,1.1500128803626506,14.05,16.35,11.749
06/15/2018,1.2508643761415543,14.17,16.671,11.668
06/14/2018,1.841004056893955,13.89,17.572,10.207
06/13/2018,2.1786597801171252,13.64,17.997,9.282
06/12/2018,2.4557983070683957,13.46,18.371,8.548
06/11/2018,2.8093490927615243,13.15,18.768,7.531
06/08/2018,3.1335483600863734,12.81,19.077,6.542
06/07/2018,3.3931874598229905,12.47,19.256,5.683
06/06/2018,3.5563435207386815,12.19,19.302,5.077
06/05/2018,3.778005027458275,11.8,19.356,4.243
06/04/2018,3.798269406914154,11.49,19.086,3.893
06/01/2018,3.8603266684958153,11.3,19.02,3.579
05/31/2018,3.8847693609144933,11.04,18.809,3.27
05/30/2018,3.82731740093502,10.71,18.364,3.055
05/29/2018,3.7423143223812723,10.43,17.914,2.945
05/25/2018,3.7159440573695397,10.13,17.561,2.698
05/24/2018,3.5366566468205534,9.63,16.703,2.556
05/23/2018,3.3814044770627483,9.17,15.932,2.407
05/22/2018,3.106090748432827,8.86,15.072,2.647
05/21/2018,2.7832519177214268,8.47,14.036,2.903
05/18/2018,2.0987914349691823,7.99,12.187,3.792
05/17/2018,1.3711199026708059,7.31,10.052,4.567
05/16/2018,1.5646031565544023,7.1,10.229,3.97
05/15/2018,1.6360829861287598,6.89,10.162,3.617
05/14/2018,1.6129074795226166,6.85,10.075,3.624
05/11/2018,1.6537787147922782,6.92,10.227,3.612
05/10/2018,1.6607847655551276,6.96,10.281,3.638
05/09/2018,1.7177286529018487,7.08,10.515,3.644
05/08/2018,1.7346798299686315,7.11,10.579,3.64
05/07/2018,1.7618641725456592,7.26,10.783,3.736
05/04/2018,1.8885333892997498,7.38,11.157,3.602
05/03/2018,2.0244138318288583,7.5,11.548,3.451
05/02/2018,2.1554633753557493,7.64,11.95,3.329
05/01/2018,2.3043266614132643,7.8,12.408,3.191
04/30/2018,2.4724873836887418,7.95,12.894,3.005
04/27/2018,2.7497479634504685,8.25,13.749,2.75
04/26/2018,2.93027180693191,8.61,14.47,2.749
04/25/2018,3.0492785806646134,8.99,15.088,2.891
04/24/2018,3.2335373606160793,9.25,15.717,2.782
04/23/2018,3.3519307663643647,9.59,16.293,2.886
04/20/2018,3.432868496243338,9.94,16.805,3.074
04/19/2018,3.111470110735438,10.51,16.732,4.287
04/18/2018,2.795931195505354,11.04,16.631,5.448
04/17/2018,2.427685368823563,11.54,16.395,6.684
04/16/2018,2.2636138142359883,11.82,16.347,7.292
04/13/2018,2.1355707667974855,11.99,16.261,7.718
04/12/2018,1.8922691404765866,12.25,16.034,8.465
04/11/2018,1.7416895532786545,12.4,15.883,8.916
04/10/2018,1.5094460904583509,12.71,15.728,9.691
04/09/2018,1.2625282175064445,12.86,15.385,10.334
04/06/2018,1.2015475906097102,12.89,15.293,10.486
04/05/2018,1.120380616130072,13.05,15.29,10.809
04/04/2018,1.1659492806293075,13.03,15.361,10.698
04/03/2018,1.1768358955266447,13.02,15.373,10.666
04/02/2018,1.1688110091028403,13.12,15.457,10.782
03/29/2018,1.2332238949193288,13.01,15.476,10.543
03/28/2018,1.2846167424566752,12.89,15.459,10.32
03/27/2018,1.324504501691104,12.78,15.429,10.13
03/26/2018,1.324504501691104,12.78,15.429,10.13
03/23/2018,1.3003088767673625,12.7,15.3,10.099
03/22/2018,1.3087785049426812,12.71,15.327,10.092
03/21/2018,1.3194725935009033,12.72,15.358,10.081
03/20/2018,1.2791977661800382,12.6,15.158,10.041
03/16/2018,1.231661936165927,12.46,14.923,9.996
03/15/2018,1.24447172527141,12.48,14.968,9.991
03/14/2018,1.2585676332641007,12.55,15.067,10.032
03/12/2018,1.274999406862607,12.59,15.139,10.04
03/09/2018,1.2822671279807494,12.66,15.224,10.095
03/08/2018,1.2354768259663957,12.62,15.09,10.149
03/07/2018,1.356291630697469,12.78,15.492,10.067
03/06/2018,1.4392523666820909,13.0,15.878,10.121
03/05/2018,1.4446076500212783,13.01,15.899,10.12
03/02/2018,1.3414053311732437,13.19,15.872,10.507
03/01/2018,1.2826791346630693,13.34,15.905,10.774
02/28/2018,1.3274000197755007,13.39,16.044,10.735
02/27/2018,1.3803629278200715,13.65,16.41,10.889
02/20/2018,1.2941212510812117,13.83,16.418,11.241
02/16/2018,1.2867126961758015,13.84,16.413,11.266
02/15/2018,1.3743051198696745,13.94,16.688,11.191
02/14/2018,1.373831344270468,14.12,16.867,11.372
02/09/2018,1.4193315548172671,14.19,17.028,11.351
02/08/2018,1.495521836182943,14.3,17.291,11.308
02/07/2018,1.47161563001349,14.52,17.463,11.576
02/06/2018,1.4212015559026105,14.55,17.392,11.707
02/05/2018,1.4212015559026105,14.55,17.392,11.707
02/02/2018,1.4409567134372916,14.52,17.401,11.638
02/01/2018,1.4601476808871083,14.5,17.42,11.579
01/31/2018,1.5029567067949763,14.65,17.655,11.644
01/30/2018,1.4888609278572664,14.67,17.647,11.692
01/29/2018,1.6528939696786364,14.47,17.775,11.164
01/26/2018,1.6375357935019317,14.44,17.715,11.164
01/25/2018,1.6398623341610115,14.49,17.769,11.21
01/24/2018,1.7847950792738085,14.35,17.919,10.78
01/23/2018,1.8184150997503294,14.27,17.906,10.633
01/22/2018,1.8392698211518617,14.16,17.838,10.481
01/19/2018,1.8305992120068226,14.15,17.811,10.488
01/18/2018,1.820463807660015,14.11,17.75,10.469
01/17/2018,1.712440429620838,14.22,17.644,10.795
01/12/2018,1.6658533023648872,14.09,17.421,10.758
01/11/2018,1.6363319421804368,14.06,17.332,10.787
01/10/2018,1.6053900538498427,14.02,17.23,10.809
01/09/2018,1.5326976952419546,13.95,17.015,10.884
01/08/2018,1.4608002002327354,13.9,16.821,10.978
01/05/2018,1.3963961561820484,13.98,16.772,11.187
01/04/2018,1.4187202772216938,13.94,16.777,11.102
01/03/2018,1.4296318494633502,13.93,16.789,11.07
01/02/2018,1.4172181289413426,13.99,16.824,11.155
12/29/2017,1.3592367757311452,13.95,16.668,11.231
12/28/2017,1.3781874373611158,14.01,16.766,11.253
12/27/2017,1.2655334843456334,14.08,16.611,11.548
12/26/2017,1.5181979449334002,14.23,17.266,11.193
12/22/2017,1.7708133724365196,14.4,17.941,10.858
12/21/2017,1.8884755756959102,14.79,18.566,11.013
12/20/2017,2.0264389948873367,15.1,19.152,11.047
12/19/2017,2.1504011253717294,15.43,19.73,11.129
12/18/2017,2.1575361207868573,15.33,19.645,11.014
12/15/2017,2.2190699881932523,15.26,19.698,10.821
12/14/2017,2.1848425830022626,15.33,19.699,10.96
12/13/2017,2.145144310413637,15.41,19.7,11.119
12/12/2017,2.2212412323968778,15.3,19.742,10.857
12/11/2017,2.235274728640755,15.37,19.84,10.899
12/08/2017,2.2467276453767155,15.45,19.943,10.956
12/07/2017,2.8559422897705757,15.85,21.561,10.138
12/05/2017,4.154246545704768,16.67,24.978,8.361
12/04/2017,5.366884185679806,17.68,28.413,6.946
11/30/2017,6.349562808768805,18.76,31.459,6.06
11/29/2017,7.199118721239427,19.81,34.208,5.411
11/28/2017,7.805143807932049,20.74,36.35,5.129
11/27/2017,8.232920919242453,21.72,38.185,5.254
11/24/2017,8.400545747896382,22.8,39.601,5.998
11/22/2017,8.68448886593218,23.62,40.988,6.251
11/21/2017,8.999053136997247,24.49,42.488,6.491
11/20/2017,9.285904687347378,25.38,43.951,6.808
11/17/2017,9.363765955132584,26.16,44.887,7.432
11/14/2017,9.426665177171618,26.95,45.803,8.096
11/13/2017,9.063590968815838,27.93,46.057,9.802
11/10/2017,8.498964128057018,29.07,46.067,12.072
11/09/2017,7.878580535223334,29.98,45.737,14.222
11/08/2017,7.197747303844447,31.02,45.415,16.624
11/07/2017,5.926812908300716,32.2,44.053,20.346
11/06/2017,4.7612441913852726,33.19,42.712,23.667
11/03/2017,2.872556570374202,34.18,39.925,28.434
11/02/2017,1.59542314136407,34.85,38.04,31.659
11/01/2017,1.256134944980036,35.23,37.742,32.717
10/31/2017,1.2061716295784766,35.43,37.842,33.017
10/30/2017,1.1857381667130389,35.51,37.881,33.138
10/27/2017,1.2458832208517772,35.44,37.931,32.948
10/26/2017,1.2282711427042476,35.48,37.936,33.023
10/25/2017,1.222732595459857,35.48,37.925,33.034
10/24/2017,1.2158384144284957,35.49,37.921,33.058
10/23/2017,1.2092266330179793,35.5,37.918,33.081
10/20/2017,1.2038297429454046,35.47,37.877,33.062
10/19/2017,1.1678090811429744,35.39,37.725,33.054
10/18/2017,1.2227501993457204,35.54,37.985,33.094
10/17/2017,1.227958488712057,35.58,38.035,33.124
10/13/2017,1.220424536790374,35.77,38.21,33.329
10/11/2017,1.595442274104582,36.02,39.21,32.829
10/10/2017,1.761989798494872,35.94,39.463,32.416
10/09/2017,2.09345815577957,35.68,39.866,31.493
10/06/2017,2.2158005438215778,35.48,39.911,31.048
10/04/2017,2.3999154255931603,35.65,40.449,30.85
10/03/2017,2.506377276069985,35.78,40.792,30.767
10/02/2017,2.5092049139119745,35.64,40.658,30.621
09/29/2017,2.474427431245459,35.53,40.478,30.581
09/28/2017,2.451689236526522,35.47,40.373,30.566
09/25/2017,2.489439618167109,35.54,40.518,30.561
09/21/2017,2.488470637258957,35.73,40.706,30.753
09/20/2017,2.6130680458993027,35.94,41.166,30.713
09/18/2017,2.7023265184836567,36.18,41.584,30.775
09/14/2017,2.7243428680142303,36.15,41.598,30.701
09/12/2017,2.6983817488450375,36.23,41.626,30.833
09/11/2017,2.7878650545713297,36.44,42.015,30.864
09/08/2017,2.9849948178346977,36.75,42.719,30.78
09/07/2017,3.0129074931866064,36.82,42.845,30.794
09/06/2017,3.0122963105411795,36.89,42.914,30.865
09/05/2017,3.0524197880534065,36.74,42.844,30.635
09/01/2017,2.990126512791725,36.4,42.38,30.419
08/31/2017,2.775018749936656,36.69,42.24,31.139
08/30/2017,2.4249587986190613,37.05,41.899,32.2
08/25/2017,2.638671100194187,37.65,42.927,32.372
08/24/2017,2.994492974611896,37.88,43.868,31.891
08/22/2017,3.2960353722313114,38.14,44.732,31.547
08/21/2017,3.4375542068453258,38.65,45.525,31.774
08/18/2017,3.502746295765652,39.08,46.085,32.074
08/17/2017,3.5520190191636076,39.03,46.134,31.925
08/16/2017,3.760771677794332,39.4,46.921,31.878
08/15/2017,3.8760440674094503,39.74,47.492,31.987
08/14/2017,4.041154551919537,39.49,47.572,31.407
08/11/2017,4.230625498965844,39.21,47.671,30.748
08/10/2017,4.706284374376457,38.94,48.352,29.527
08/09/2017,5.70207002872641,38.34,49.744,26.935
08/08/2017,6.917723838987792,37.37,51.205,23.534
08/07/2017,8.593020691962751,35.96,53.146,18.773
08/04/2017,9.853858818376686,34.7,54.407,14.992
08/03/2017,10.850691849485912,33.5,55.201,11.798
08/02/2017,11.686920942339773,32.45,55.823,9.076
08/01/2017,12.498930583253912,31.36,56.357,6.362
07/31/2017,13.151138951626965,30.06,56.362,3.757
07/28/2017,13.53810289931717,28.8,55.876,1.723
07/27/2017,13.481278337476011,27.23,54.192,0.267
07/26/2017,13.227548114163108,25.64,52.095,-0.815
07/25/2017,12.820376188415846,24.03,49.67,-1.61
07/24/2017,12.143848550294917,22.45,46.737,-1.837
07/21/2017,11.374789299696939,20.79,43.539,-1.959
07/20/2017,11.09776732557049,19.57,41.765,-2.625
07/19/2017,9.589340389854769,17.84,37.018,-1.338
07/18/2017,7.545586532039772,16.16,31.251,1.068
07/17/2017,6.345711631684819,14.96,27.651,2.268
07/14/2017,4.716625553560511,13.79,23.223,4.356
07/13/2017,3.3411362756553347,12.89,19.572,6.207
07/12/2017,2.1965978495163836,12.22,16.613,7.826
07/11/2017,1.2283690864312728,11.73,14.186,9.273
07/10/2017,1.1970950724566534,11.59,13.984,9.195
07/07/2017,1.1343760895311572,11.44,13.708,9.171
07/06/2017,1.1639882355505144,11.21,13.537,8.882
06/29/2017,1.5667568772786669,10.82,13.953,7.686
06/28/2017,1.5895125038828728,10.67,13.849,7.49
06/27/2017,1.6233838116723969,10.55,13.796,7.303
06/26/2017,1.6583500836674987,10.3,13.616,6.983
06/23/2017,1.5929422502087136,10.09,13.275,6.904
06/22/2017,1.5180032979213187,9.87,12.906,6.833
06/21/2017,1.4812311475593538,9.68,12.642,6.717
06/16/2017,1.3072487186836328,9.49,12.104,6.875
06/15/2017,1.3120940181633327,9.38,12.004,6.755
06/14/2017,1.2882944975819774,9.3,11.876,6.723
06/12/2017,1.2596083567919036,9.23,11.749,6.71
06/08/2017,1.2574077351837787,9.09,11.604,6.575
06/07/2017,1.2152796848873924,9.02,11.45,6.589
06/06/2017,1.1668319127020823,8.94,11.273,6.606
06/05/2017,1.1112277950537415,8.87,11.092,6.647
06/02/2017,1.0473391105558887,8.79,10.884,6.695
05/31/2017,0.9719556124124187,8.7,10.643,6.756
05/30/2017,0.8836796435926313,8.62,10.387,6.852
05/26/2017,0.7783766520778999,8.55,10.106,6.993
05/24/2017,0.781981593453452,8.55,10.113,6.986
05/23/2017,0.43272359827030454,8.72,9.585,7.854
05/17/2017,0.43272359827030454,8.72,9.585,7.854
05/15/2017,0.44761279304774115,8.67,9.565,7.774
05/08/2017,1.180598243476586,8.47,10.831,6.108
04/27/2017,1.1854130925546589,8.49,10.86,6.119
04/26/2017,1.189206962643593,8.52,10.898,6.141
04/24/2017,1.1895839608871668,8.57,10.949,6.19
04/20/2017,1.1895839608871668,8.57,10.949,6.19
04/19/2017,1.190795952294095,8.61,10.991,6.228
04/17/2017,1.1950067991438376,8.55,10.94,6.159
04/13/2017,1.1926509338444338,8.55,10.935,6.164
04/10/2017,1.1836537711679038,8.6,10.967,6.232
04/07/2017,1.197086567462855,8.53,10.924,6.135
04/06/2017,1.272270608007589,8.4,10.944,5.855
04/05/2017,1.2709258436273927,8.34,10.881,5.798
03/27/2017,1.3067354361155132,8.23,10.843,5.616
03/24/2017,1.501716517855484,8.04,11.043,5.036
03/22/2017,2.1649592952293584,7.63,11.959,3.3
03/21/2017,2.1420571304239298,7.55,11.834,3.265
03/20/2017,2.1165608572634995,7.49,11.723,3.256
03/17/2017,2.140205915910897,7.3,11.58,3.019
03/16/2017,2.177076792972632,7.08,11.434,2.725
03/15/2017,2.2256547295121947,6.91,11.361,2.458
03/14/2017,2.1364119657734557,6.98,11.252,2.707
03/13/2017,2.2063778914773415,6.71,11.122,2.297
03/10/2017,2.2309021493557264,6.45,10.911,1.988
03/09/2017,2.234148990667364,6.18,10.648,1.711
03/08/2017,2.1954743707226463,5.92,10.31,1.529
03/07/2017,2.123909652621787,5.65,9.897,1.402
03/06/2017,2.0931279135542575,5.44,9.626,1.253
03/02/2017,1.9696882906947486,5.19,9.129,1.25
02/24/2017,1.8022605146038129,4.93,8.534,1.325
02/21/2017,1.7062911423611153,4.74,8.152,1.327
02/17/2017,1.6712307478322674,4.6,7.942,1.257
02/15/2017,1.5212628676530562,4.49,7.532,1.447
02/14/2017,1.439917536701321,4.41,7.289,1.53
02/13/2017,1.4591623024872866,4.45,7.368,1.531
02/10/2017,1.2060602700528693,4.69,7.102,2.277
02/09/2017,1.0291518959803747,4.57,6.628,2.511
02/01/2017,0.7710703680598807,4.45,5.992,2.907
01/25/2017,0.8071406398515688,4.48,6.094,2.865
01/13/2017,0.8724159056894825,4.55,6.294,2.805
01/11/2017,0.9282356381867699,4.61,6.466,2.753
01/09/2017,0.971427506301937,4.66,6.602,2.717
01/06/2017,0.9625126427741092,4.67,6.595,2.744
12/22/2016,1.014600333875364,4.63,6.659,2.6
12/21/2016,1.051627322296259,4.6,6.703,2.496
12/20/2016,1.1296982008483505,4.54,6.799,2.28
12/01/2016,1.1671011202976371,4.5,6.834,2.165
11/21/2016,1.2021780338202823,4.46,6.864,2.055
11/04/2016,0.0,0.0,0.0,0.0
11/03/2016,0.0,0.0,0.0,0.0
10/31/2016,0.0,0.0,0.0,0.0
10/24/2016,0.0,0.0,0.0,0.0
10/20/2016,0.0,0.0,0.0,0.0
10/18/2016,0.0,0.0,0.0,0.0
10/13/2016,0.0,0.0,0.0,0.0
10/12/2016,0.0,0.0,0.0,0.0
09/30/2016,0.0,0.0,0.0,0.0
08/02/2016,0.0,0.0,0.0,0.0
07/05/2016,0.0,0.0,0.0,0.0
06/22/2016,0.0,0.0,0.0,0.0
06/09/2016,0.0,0.0,0.0,0.0
05/31/2016,0.0,0.0,0.0,0.0
04/29/2016,0.0,0.0,0.0,0.0
04/22/2016,0.0,0.0,0.0,0.0
04/07/2016,0.0,0.0,0.0,0.0
03/04/2016,0.0,0.0,0.0,0.0
02/22/2016,0.0,0.0,0.0,0.0
