12/30/2022,4.389162869898997,9.81,18.588,1.031
12/29/2022,4.348313431492721,10.11,18.806,1.413
12/28/2022,4.277708373708989,10.43,18.985,1.874
12/27/2022,4.164133587014231,10.77,19.098,2.441
12/23/2022,3.9735698527268903,11.14,19.087,3.192
12/22/2022,3.7185759742810154,11.51,18.947,4.072
12/21/2022,3.33789331412794,11.92,18.595,5.244
12/20/2022,2.8470178303797113,12.32,18.014,6.625
12/19/2022,2.0631952225855894,12.74,16.866,8.613
12/16/2022,1.0313847616190577,13.14,15.202,11.077
12/15/2022,1.0396302354683613,13.11,15.189,11.03
12/14/2022,1.021952822296607,13.13,15.173,11.086
12/13/2022,0.9774387812032017,13.18,15.134,11.225
12/12/2022,0.9708571321260406,13.08,15.021,11.138
12/09/2022,0.9357899181974554,12.97,14.841,11.098
12/08/2022,0.9364944716868328,12.87,14.742,10.997
12/07/2022,0.8402016100317828,12.73,14.41,11.049
12/06/2022,0.7653734026604269,12.6,14.13,11.069
12/05/2022,0.5455079926087242,12.43,13.521,11.338
12/02/2022,0.3397390329355752,12.3,12.979,11.62
12/01/2022,0.3397390329355752,12.3,12.979,11.62
11/30/2022,0.3437682511518478,12.28,12.967,11.592
11/29/2022,0.34542091786688295,12.26,12.95,11.569
11/28/2022,0.35690070117611133,12.21,12.923,11.496
11/25/2022,0.3549494245663739,12.18,12.889,11.47
11/23/2022,0.35372120660203554,12.16,12.867,11.452
11/22/2022,0.35321564518010795,12.12,12.826,11.413
11/21/2022,0.37124047731894727,12.09,12.832,11.347
11/18/2022,0.4104954226297778,12.04,12.86,11.219
11/17/2022,0.37547528813491826,11.96,12.71,11.209
11/16/2022,0.36575769574952205,11.91,12.641,11.178
11/15/2022,0.3296098413275914,11.84,12.499,11.18
11/14/2022,0.26057848625702,11.79,12.311,11.268
11/11/2022,0.2448117593172354,11.77,12.259,11.28
11/10/2022,0.21814192054715204,11.74,12.176,11.303
11/09/2022,0.21551316201104745,11.74,12.171,11.308
11/08/2022,0.21074551715279727,11.72,12.141,11.298
11/07/2022,0.22492815075041178,11.7,12.149,11.25
11/04/2022,0.2381825948720854,11.68,12.156,11.203
11/03/2022,0.25766161530193044,11.65,12.165,11.134
11/02/2022,0.2498413656702989,11.62,12.119,11.12
11/01/2022,0.2365635390333854,11.58,12.053,11.106
10/31/2022,0.22802084992386124,11.55,12.006,11.093
10/28/2022,0.242455579436729,11.52,12.004,11.035
10/27/2022,0.24701720587845696,11.47,11.964,10.975
10/26/2022,0.22761260949253223,11.44,11.895,10.984
10/25/2022,0.2101963367901543,11.42,11.84,10.999
10/24/2022,0.21675446938875317,11.4,11.833,10.966
10/21/2022,0.2228508469806653,11.39,11.835,10.944
10/20/2022,0.2298314599875306,11.38,11.839,10.92
10/19/2022,0.23053459718662592,11.36,11.821,10.898
10/18/2022,0.23177812774289094,11.37,11.833,10.906
10/17/2022,0.22601150523811814,11.36,11.812,10.907
10/14/2022,0.2147790737013267,11.35,11.779,10.92
10/13/2022,0.2033104780870871,11.34,11.746,10.933
10/12/2022,0.2678219567175177,11.37,11.905,10.834
10/11/2022,0.3639343354233011,11.41,12.137,10.682
10/10/2022,0.39418625102862204,11.45,12.238,10.661
10/07/2022,0.4365458744507842,11.5,12.373,10.626
10/06/2022,0.4394792378486153,11.53,12.408,10.651
10/05/2022,0.4429931720692767,11.56,12.445,10.674
10/04/2022,0.44881248924244505,11.59,12.487,10.692
10/03/2022,0.46461505625625155,11.64,12.569,10.71
09/30/2022,0.45274910325698026,11.68,12.585,10.774
09/29/2022,0.43010307485531857,11.7,12.56,10.839
09/28/2022,0.4259136708301341,11.73,12.581,10.878
09/27/2022,0.416535298624258,11.75,12.583,10.916
09/26/2022,0.3981327102864066,11.8,12.596,11.003
09/23/2022,0.3688339124863654,11.83,12.567,11.092
09/22/2022,0.339376898889715,11.85,12.528,11.171
09/21/2022,0.3301028309481757,11.85,12.51,11.189
09/20/2022,0.3646503517069466,11.83,12.559,11.1
09/19/2022,0.3774067818680527,11.82,12.574,11.065
09/16/2022,0.383623355649783,11.81,12.577,11.042
09/15/2022,0.383623355649783,11.81,12.577,11.042
09/14/2022,0.37098366406083155,11.79,12.531,11.048
09/13/2022,0.3343947951149957,11.73,12.398,11.061
09/12/2022,0.32970119654013996,11.7,12.359,11.04
09/09/2022,0.2982815431769119,11.66,12.256,11.063
09/08/2022,0.29322837345659436,11.65,12.236,11.063
09/07/2022,0.2901424288172965,11.64,12.22,11.059
09/06/2022,0.28051493543125283,11.63,12.191,11.068
09/02/2022,0.24252346072081343,11.59,12.075,11.104
09/01/2022,0.2454417018356904,11.55,12.04,11.059
08/31/2022,0.24502009917555734,11.55,12.04,11.059
08/30/2022,0.24198109223656275,11.51,11.993,11.026
08/29/2022,0.29125564200543796,11.46,12.042,10.877
08/26/2022,0.3211617178307525,11.38,12.022,10.737
08/25/2022,0.31314509256892387,11.36,11.986,10.733
08/24/2022,0.3118655551676073,11.34,11.963,10.716
08/23/2022,0.3212544544438254,11.33,11.972,10.687
08/22/2022,0.31686657207727026,11.33,11.963,10.696
08/19/2022,0.31654403248205437,11.34,11.973,10.706
08/18/2022,0.3177028871445771,11.34,11.975,10.704
08/17/2022,0.32115436241782536,11.34,11.982,10.697
08/16/2022,0.3479605214675939,11.36,12.055,10.664
08/15/2022,0.3907676093281016,11.4,12.181,10.618
08/12/2022,0.3987543410422008,11.41,12.207,10.612
08/11/2022,0.42082315109794016,11.44,12.281,10.598
08/10/2022,0.4311760945367911,11.45,12.312,10.587
08/09/2022,0.440997193301726,11.46,12.341,10.578
08/08/2022,0.4771536696914317,11.49,12.444,10.535
08/05/2022,0.4852597495156588,11.51,12.48,10.539
08/04/2022,0.49246372912124187,11.56,12.544,10.575
08/03/2022,0.5344436359430241,11.61,12.678,10.541
08/02/2022,0.5886977153004758,11.7,12.877,10.522
08/01/2022,0.6163481159215141,11.82,13.052,10.587
07/29/2022,0.5787097718200378,11.94,13.097,10.782
07/28/2022,0.5866983892938519,12.01,13.183,10.836
07/27/2022,0.557319477499217,12.06,13.174,10.945
07/26/2022,0.500879226959953,12.11,13.111,11.108
07/25/2022,0.45602631503017466,12.15,13.062,11.237
07/22/2022,0.4164192598811925,12.2,13.032,11.367
07/21/2022,0.3825310444918166,12.24,13.005,11.474
07/20/2022,0.377789623997272,12.24,12.995,11.484
07/19/2022,0.40488269906233343,12.22,13.029,11.41
07/18/2022,0.4300872004605578,12.18,13.04,11.319
07/15/2022,0.49574186831454936,12.15,13.141,11.158
07/14/2022,0.5256995339545205,12.11,13.161,11.058
07/13/2022,0.5786406484166144,12.06,13.217,10.902
07/12/2022,0.5996832497243857,12.03,13.229,10.83
07/11/2022,0.6179360808368451,11.98,13.215,10.744
07/08/2022,0.6239631399369678,12.01,13.257,10.762
07/07/2022,0.6276185147045935,11.99,13.245,10.734
07/06/2022,0.6685282342579109,12.02,13.357,10.682
07/05/2022,0.7679225221335809,12.07,13.605,10.534
07/01/2022,0.8603545780665086,11.91,13.63,10.189
06/30/2022,1.2762484084221222,11.64,14.192,9.087
06/29/2022,1.47713574190052,11.4,14.354,8.445
06/28/2022,1.6995087525517483,11.17,14.569,7.77
06/27/2022,1.8447899609440637,10.95,14.639,7.26
06/24/2022,1.9609857215186448,10.73,14.651,6.808
06/23/2022,2.0538330019746005,10.49,14.597,6.382
06/22/2022,2.119983490501754,10.24,14.479,6.0
06/21/2022,2.1379359204616026,10.06,14.335,5.784
06/17/2022,2.164687044355373,9.87,14.199,5.54
06/16/2022,2.1655452135663205,9.69,14.021,5.358
06/15/2022,2.182692207343949,9.53,13.895,5.164
06/14/2022,2.173417095727371,9.35,13.696,5.003
06/13/2022,2.1727694935266375,9.18,13.525,4.834
06/10/2022,2.1205728934653485,9.03,13.271,4.788
06/09/2022,2.093696347730492,8.83,13.017,4.642
06/08/2022,1.950246752721306,8.57,12.47,4.669
06/07/2022,1.8160042391195017,8.39,12.022,4.757
06/06/2022,1.4528963818868845,8.16,11.065,5.254
06/03/2022,0.6116342015453354,7.89,9.113,6.666
06/02/2022,0.42383947020068813,7.82,8.667,6.972
06/01/2022,0.5146798971205306,7.91,8.939,6.88
05/31/2022,0.5369719699388414,7.94,9.013,6.866
05/27/2022,0.5259105403963682,7.98,9.031,6.928
05/26/2022,0.5259105403963682,7.98,9.031,6.928
05/25/2022,0.5198715192237404,7.99,9.029,6.95
05/24/2022,0.5032935490347556,8.03,9.036,7.023
05/23/2022,0.4785738151006592,8.06,9.017,7.102
05/20/2022,0.4930886294572204,8.09,9.076,7.103
05/19/2022,0.4900764190409491,8.12,9.1,7.139
05/18/2022,0.4901184800637494,8.13,9.11,7.149
05/17/2022,0.5143785809109862,8.19,9.218,7.161
05/16/2022,0.5264499259188855,8.25,9.302,7.197
05/13/2022,0.5330613702942654,8.32,9.386,7.253
05/12/2022,0.6478309964797918,8.4,9.695,7.104
05/11/2022,0.6478309964797918,8.54,9.835,7.244
05/10/2022,0.6043881203332839,8.64,9.848,7.431
05/09/2022,0.6441855322808795,8.73,10.018,7.441
05/06/2022,0.800087495215367,8.85,10.45,7.249
05/05/2022,0.9337371150382747,8.98,10.847,7.112
05/04/2022,0.9785243992870081,9.08,11.037,7.122
05/03/2022,1.0310019398623846,9.15,11.212,7.087
05/02/2022,1.0818641319500337,9.25,11.413,7.086
04/29/2022,1.097237440119503,9.38,11.574,7.185
04/28/2022,1.0516320649352606,9.52,11.623,7.416
04/27/2022,1.0718348753422795,9.7,11.843,7.556
04/26/2022,1.1661689414488796,9.91,12.242,7.577
04/25/2022,1.1661689414488796,10.11,12.442,7.777
04/22/2022,1.3901456758196244,10.38,13.16,7.599
04/21/2022,1.5560607314626251,10.68,13.792,7.567
04/20/2022,1.4942255519164434,10.89,13.878,7.901
04/19/2022,1.4701530532567009,11.07,14.01,8.129
04/18/2022,1.407575930456329,11.24,14.055,8.424
04/14/2022,1.5253098045970859,11.18,14.23,8.129
04/13/2022,1.7631775293486471,11.03,14.556,7.503
04/12/2022,1.915785739585719,10.91,14.741,7.078
04/11/2022,2.0377671603988516,10.81,14.885,6.734
04/08/2022,2.1940738364968486,10.67,15.058,6.281
04/07/2022,2.3494861140257886,10.46,15.158,5.761
04/06/2022,2.4605324626998932,10.26,15.181,5.338
04/05/2022,2.547618495772081,10.09,15.185,4.994
04/04/2022,2.6278546382933743,9.92,15.175,4.664
04/01/2022,2.674430780558734,9.75,15.098,4.401
03/31/2022,2.6937817283514267,9.61,14.997,4.222
03/30/2022,2.702699576349543,9.5,14.905,4.094
03/29/2022,2.675457904733319,9.33,14.68,3.979
03/28/2022,2.601352532818265,9.09,14.292,3.887
03/25/2022,2.5246623536623667,8.89,13.939,3.84
03/24/2022,2.238419084979397,8.65,13.126,4.173
03/23/2022,1.826352923177774,8.39,12.042,4.737
03/22/2022,1.580280038474194,8.19,11.35,5.029
03/21/2022,1.2228245990329112,7.99,10.435,5.544
03/18/2022,0.7446475676452585,7.83,9.319,6.34
03/17/2022,0.7755643106796495,7.88,9.431,6.328
03/16/2022,1.2287575025203306,8.14,10.597,5.682
03/15/2022,1.5150231021340896,8.39,11.42,5.359
03/14/2022,1.6091705938153358,8.58,11.798,5.361
03/11/2022,1.7016301008150978,8.81,12.213,5.406
03/10/2022,1.7454182879756932,9.05,12.54,5.559
03/09/2022,1.763849483374361,9.29,12.817,5.762
03/08/2022,1.7985063247039195,9.53,13.127,5.932
03/07/2022,1.793780923078401,9.79,13.377,6.202
03/04/2022,1.7840922061373397,10.03,13.598,6.461
03/03/2022,1.7812776313646337,10.25,13.812,6.687
03/02/2022,1.8859188741830863,10.54,14.311,6.768
03/01/2022,2.0790683009463637,10.89,15.048,6.731
02/28/2022,2.014239310509057,11.19,15.218,7.161
02/25/2022,1.8897301394643626,11.42,15.199,7.64
02/24/2022,1.8262461498932723,11.59,15.242,7.937
02/23/2022,1.7592853662780237,11.76,15.278,8.241
02/22/2022,1.6135690254835708,12.0,15.227,8.772
02/18/2022,1.415642963462186,12.2,15.031,9.368
02/17/2022,1.2176616935750257,12.38,14.815,9.944
02/16/2022,0.9062974125528551,12.59,14.402,10.777
02/15/2022,0.9852036591487062,12.69,14.66,10.719
02/14/2022,1.3785504161981161,12.93,15.687,10.172
02/11/2022,1.8461409074065824,13.32,17.012,9.627
02/10/2022,2.193609183514693,13.69,18.077,9.302
02/09/2022,2.529353919482206,14.11,19.168,9.051
02/08/2022,2.8105962445716033,14.55,20.171,8.928
02/07/2022,2.996489821441081,14.95,20.942,8.957
02/04/2022,3.039674530274582,15.28,21.359,9.2
02/03/2022,3.0735396939034314,15.63,21.777,9.482
02/02/2022,3.125989643296983,16.02,22.271,9.768
02/01/2022,3.25154751618364,16.36,22.863,9.856
01/31/2022,3.53630474506935,16.74,23.812,9.667
01/28/2022,3.562797531435094,17.1,24.225,9.974
01/27/2022,3.489229320351415,17.52,24.498,10.541
01/26/2022,3.3699445470215084,17.94,24.679,11.2
01/25/2022,3.167364243341773,18.29,24.624,11.955
01/24/2022,2.997559215428446,18.68,24.675,12.684
01/21/2022,2.7158187071305036,19.15,24.581,13.718
01/20/2022,2.3875795798255606,19.64,24.415,14.864
01/19/2022,2.0970959086317444,20.23,24.424,16.035
01/18/2022,1.66994760396846,20.64,23.979,17.3
01/14/2022,1.5625667985721443,20.95,24.075,17.824
01/13/2022,1.5050980034535957,21.09,24.1,18.079
01/12/2022,1.437970792471113,21.22,24.095,18.344
01/11/2022,1.4200369713496899,21.33,24.17,18.489
01/10/2022,1.5302810199437227,21.51,24.57,18.449
01/07/2022,1.6829022550344388,21.76,25.125,18.394
01/06/2022,1.9016164176825987,22.17,25.973,18.366
01/05/2022,2.045017114842807,22.56,26.65,18.469
01/04/2022,2.0254579729039057,22.79,26.84,18.739
01/03/2022,1.9894660087571234,22.96,26.938,18.981
12/31/2021,2.0126673843434735,23.03,27.055,19.004
12/30/2021,2.055724932961606,23.31,27.421,19.198
12/29/2021,2.1144491008298116,23.6,27.828,19.371
12/28/2021,2.382431531020356,24.02,28.784,19.255
12/27/2021,2.4023280375502427,24.49,29.294,19.685
12/23/2021,2.5059120096284304,24.92,29.931,19.908
12/22/2021,2.6946715940908272,25.36,30.749,19.97
12/21/2021,2.8369984138169695,25.75,31.423,20.076
12/20/2021,2.9735097107626878,26.01,31.957,20.062
12/17/2021,3.067057221507287,26.45,32.584,20.315
12/16/2021,3.1181268415508696,26.82,33.056,20.583
12/15/2021,3.1847794272131313,27.38,33.749,21.01
12/14/2021,3.3224772384472407,28.06,34.704,21.415
12/13/2021,3.514409623251109,28.78,35.808,21.751
12/10/2021,3.7493659463968037,29.41,36.908,21.911
12/09/2021,4.032305791975603,30.04,38.104,21.975
12/08/2021,4.464072692060468,30.67,39.598,21.741
12/07/2021,7.600275652895755,32.29,47.49,17.089
12/06/2021,9.915038577837203,34.2,54.03,14.369
12/03/2021,11.399892762653517,36.12,58.919,13.32
12/02/2021,12.595302894333269,38.12,63.31,12.929
12/01/2021,13.39172038985283,39.96,66.743,13.176
11/30/2021,13.937712509590662,41.78,69.655,13.904
11/29/2021,14.500494819143242,43.55,72.55,14.549
11/26/2021,14.755078786641569,45.3,74.81,15.789
11/24/2021,14.829180523548832,47.02,76.678,17.361
11/23/2021,14.626958672259931,48.54,77.793,19.286
11/22/2021,14.272145423866728,50.1,78.644,21.555
11/19/2021,13.765556654200367,51.76,79.291,24.228
11/18/2021,13.189012472509077,53.43,79.808,27.051
11/17/2021,12.286949784222283,55.08,79.653,30.506
11/16/2021,11.329760588820932,56.62,79.279,33.96
11/15/2021,10.222107414814229,57.9,78.344,37.455
11/12/2021,8.972872449778833,59.06,77.005,41.114
11/11/2021,7.37882070523468,60.32,75.077,45.562
11/10/2021,5.287108850780359,61.6,72.174,51.025
11/09/2021,2.015498697593228,63.06,67.09,59.029
11/08/2021,2.104719696301624,63.49,67.699,59.28
11/05/2021,2.1551020857490726,63.63,67.94,59.319
11/04/2021,2.1460766528714674,63.71,68.002,59.417
11/03/2021,2.1533938329994355,63.73,68.036,59.423
11/02/2021,2.1814971922970705,63.68,68.042,59.317
11/01/2021,2.269839201353259,63.85,68.389,59.31
10/29/2021,2.662807728695409,64.12,69.445,58.794
10/28/2021,3.337547003414334,64.59,71.265,57.914
10/27/2021,3.7261099017608155,65.0,72.452,57.547
10/26/2021,3.725513387440715,65.42,72.871,57.968
10/25/2021,3.8592337322323442,65.93,73.648,58.211
10/22/2021,4.129080406095284,66.43,74.688,58.171
10/21/2021,4.376265531249218,66.87,75.622,58.117
10/20/2021,4.528189483667838,67.35,76.406,58.293
10/19/2021,4.50771061626631,67.68,76.695,58.664
10/18/2021,4.256605455054531,68.19,76.703,59.676
10/15/2021,3.9934709213915656,68.92,76.906,60.933
10/14/2021,4.053687827151962,69.69,77.797,61.582
10/13/2021,4.906765737224469,70.73,80.543,60.916
10/12/2021,5.2907442765644985,71.3,81.881,60.718
10/11/2021,5.611468613473659,71.93,83.152,60.707
10/08/2021,5.95003655450956,72.82,84.72,60.919
10/07/2021,5.7214202782176375,73.53,84.972,62.087
10/06/2021,5.399014261881514,74.16,84.958,63.361
10/05/2021,4.6257383194469615,74.82,84.071,65.568
10/04/2021,4.236932852901966,75.19,83.663,66.716
10/01/2021,4.086122244867375,75.47,83.642,67.297
09/30/2021,4.101313204328584,75.72,83.922,67.517
09/29/2021,4.023298398080858,75.92,83.966,67.873
09/28/2021,3.7417549358556332,76.22,83.703,68.736
09/27/2021,3.903973616714128,76.11,83.917,68.302
09/24/2021,4.047677111628346,75.97,84.065,67.874
09/23/2021,4.201837098222632,75.81,84.213,67.406
09/22/2021,4.564924972001181,75.52,84.649,66.39
09/21/2021,4.893661716955922,75.3,85.087,65.512
09/20/2021,5.4144944362331735,74.95,85.778,64.121
09/17/2021,6.229705049197754,74.27,86.729,61.81
09/16/2021,7.105537981039859,73.31,87.521,59.098
09/15/2021,7.013500552505859,72.22,86.247,58.192
09/14/2021,6.962818035824287,71.43,85.355,57.504
09/13/2021,6.790877336544962,70.61,84.191,57.028
09/10/2021,6.138780823583784,69.82,82.097,57.542
09/09/2021,5.825019313272703,69.29,80.94,57.639
09/08/2021,5.523443672203057,68.86,79.906,57.813
09/07/2021,5.354945844730831,68.65,79.359,57.94
09/03/2021,5.288196762602541,68.57,79.146,57.993
09/02/2021,5.142148383701115,68.45,78.734,58.165
09/01/2021,4.749926841541877,68.18,77.679,58.68
08/31/2021,4.415587163673705,67.89,76.721,59.058
08/30/2021,4.0785499874342594,67.6,75.757,59.442
08/27/2021,4.062021048689925,67.55,75.674,59.425
08/26/2021,4.089372201206439,67.2,75.378,59.021
08/25/2021,4.033451995499636,66.99,75.056,58.923
08/24/2021,4.08762889705022,66.82,74.995,58.644
08/23/2021,4.314719573738252,66.54,75.169,57.91
08/20/2021,4.519046359576321,66.34,75.378,57.301
08/19/2021,4.407504963128232,66.45,75.265,57.634
08/18/2021,4.065373291593282,66.69,74.82,58.559
08/17/2021,4.0057689648805255,66.76,74.771,58.748
08/16/2021,4.012200144559092,66.75,74.774,58.725
08/13/2021,3.981357808587417,66.81,74.772,58.847
08/12/2021,4.004715969953424,66.87,74.879,58.86
08/11/2021,4.1332910616118,67.06,75.326,58.793
08/10/2021,4.208759318374002,67.18,75.597,58.762
08/09/2021,4.373981595754604,67.32,76.067,58.572
08/06/2021,5.005333655212207,67.67,77.68,57.659
08/05/2021,5.2855941009502425,67.85,78.421,57.278
08/04/2021,5.2222581322642405,67.78,78.224,57.335
08/03/2021,5.227340145810295,67.79,78.244,57.335
08/02/2021,5.291277728488649,67.9,78.482,57.317
07/30/2021,5.706848517351762,68.36,79.773,56.946
07/29/2021,6.003683869092376,69.1,81.107,57.092
07/28/2021,6.537111365121449,69.88,82.954,56.805
07/27/2021,6.680505968861939,70.64,84.001,57.278
07/26/2021,6.611614023822019,71.66,84.883,58.436
07/23/2021,6.504295119380731,72.83,85.838,59.821
07/22/2021,6.3804635411543575,73.77,86.53,61.009
07/21/2021,6.034402621635384,74.67,86.738,62.601
07/20/2021,5.549701343315693,75.42,86.519,64.32
07/19/2021,5.011624487129897,76.24,86.263,66.216
07/16/2021,4.7435688041810895,77.23,86.717,67.742
07/15/2021,4.736517180376317,78.1,87.573,68.626
07/14/2021,5.428381895187553,79.14,89.996,68.283
07/13/2021,7.555315678381679,80.85,95.96,65.739
07/12/2021,10.177651006003302,82.83,103.185,62.474
07/09/2021,12.110031378984944,84.53,108.75,60.309
07/08/2021,13.257554261627595,86.2,112.715,59.684
07/07/2021,13.794964842289378,88.13,115.719,60.54
07/06/2021,13.78272233631658,89.99,117.555,62.424
07/02/2021,14.01322232750198,92.04,120.066,64.013
07/01/2021,14.214447579839323,93.73,122.158,65.301
06/30/2021,14.021402212332402,95.12,123.162,67.077
06/29/2021,13.87922782434239,96.39,124.148,68.631
06/28/2021,13.409988255028415,97.69,124.509,70.87
06/25/2021,12.998178526239743,99.03,125.026,73.033
06/24/2021,12.533340935281382,100.08,125.146,75.013
06/23/2021,11.824839745214309,100.92,124.569,77.27
06/22/2021,10.954279300802952,101.7,123.608,79.791
06/21/2021,9.680989360597398,102.66,122.021,83.298
06/18/2021,8.288274549024061,103.62,120.196,87.043
06/17/2021,7.354812030228917,104.19,118.899,89.48
06/16/2021,6.364208906062089,104.72,117.448,91.991
06/15/2021,5.86271993190874,105.05,116.775,93.324
06/14/2021,5.978273580223642,104.78,116.736,92.823
06/11/2021,5.773379859319842,104.04,115.586,92.493
06/10/2021,5.44706618281805,103.34,114.234,92.445
06/09/2021,5.176524896105494,103.01,113.363,92.656
06/08/2021,4.907039331409521,102.67,112.484,92.855
06/07/2021,4.790194672453302,102.34,111.92,92.759
06/04/2021,4.122095947451975,101.87,110.114,93.625
06/03/2021,3.497963693350747,101.42,108.415,94.424
06/02/2021,4.099330433131733,101.72,109.918,93.521
06/01/2021,4.826116969158539,102.09,111.742,92.437
05/28/2021,5.978979427962602,102.76,114.717,90.802
05/27/2021,6.687395980499436,103.23,116.604,89.855
05/26/2021,7.444146358045361,103.92,118.808,89.031
05/25/2021,8.350723621339652,105.11,121.811,88.408
05/24/2021,9.224300515486258,106.58,125.028,88.131
05/21/2021,9.867797373274342,107.95,127.685,88.214
05/20/2021,10.456676336197846,109.29,130.203,88.376
05/19/2021,10.463519723305348,110.61,131.537,89.682
05/18/2021,10.235558362883776,111.86,132.331,91.388
05/17/2021,10.021860855150603,113.0,133.043,92.956
05/14/2021,9.682708298818055,114.07,133.435,94.704
05/13/2021,9.213455106527627,115.31,133.736,96.883
05/12/2021,8.720872949424274,116.66,134.101,99.218
05/11/2021,8.311674921458371,117.59,134.213,100.966
05/10/2021,7.740735107210426,118.57,134.051,103.088
05/07/2021,7.446477355098853,120.28,135.172,105.387
05/06/2021,6.457286581839156,121.38,134.294,108.465
05/05/2021,5.252299020429053,122.86,133.364,112.355
05/04/2021,4.661290593816266,123.46,132.782,114.137
05/03/2021,4.294629786139895,124.18,132.769,115.59
04/30/2021,4.3881351392134675,124.85,133.626,116.073
04/29/2021,4.822431959084543,125.87,135.514,116.225
04/28/2021,4.493884177412674,126.29,135.277,117.302
04/27/2021,4.567837562786137,126.22,135.355,117.084
04/26/2021,4.604559153708419,126.37,135.579,117.16
04/23/2021,4.646224273536523,126.27,135.562,116.977
04/22/2021,4.649133252553641,126.3,135.598,117.001
04/21/2021,4.596154370775638,126.49,135.682,117.297
04/20/2021,4.47236458710602,126.7,135.644,117.755
04/19/2021,4.879018856286578,127.46,137.218,117.701
04/16/2021,4.94050756501799,128.17,138.051,118.288
04/15/2021,4.968673867341264,128.68,138.617,118.742
04/14/2021,5.154962657478713,129.16,139.469,118.85
04/13/2021,4.933976590945683,129.52,139.387,119.652
04/12/2021,4.7682334254941825,130.01,139.546,120.473
04/09/2021,4.745721230750915,129.99,139.481,120.498
04/08/2021,4.712226119362269,130.03,139.454,120.605
04/07/2021,4.803374855245006,129.68,139.286,120.073
04/06/2021,4.733498706031298,129.75,139.216,120.283
04/05/2021,5.5084485111508465,129.15,140.166,118.133
04/01/2021,5.9042044341299675,128.5,140.308,116.691
03/31/2021,6.01087223287935,127.49,139.511,115.468
03/30/2021,6.068257163304797,127.33,139.466,115.193
03/29/2021,5.9120491371435655,127.55,139.374,115.725
03/26/2021,5.903747962100006,127.49,139.297,115.682
03/25/2021,5.87366325217917,127.54,139.287,115.792
03/24/2021,5.926684992472603,127.38,139.233,115.526
03/23/2021,5.934043309582428,127.47,139.338,115.601
03/22/2021,5.93559348338479,127.65,139.521,115.778
03/19/2021,6.152832274652056,127.77,140.075,115.464
03/18/2021,6.871737043863072,128.18,141.923,114.436
03/17/2021,7.008622189845875,128.31,142.327,114.292
03/16/2021,7.471407832530625,128.64,143.582,113.697
03/15/2021,8.264398042204888,129.38,145.908,112.851
03/12/2021,9.495165875328352,130.28,149.27,111.289
03/11/2021,9.689550557172403,130.54,149.919,111.16
03/10/2021,10.167656072074822,131.51,151.845,111.174
03/09/2021,10.89711131447229,132.81,154.604,111.015
03/08/2021,11.540824927187831,134.13,157.211,111.048
03/05/2021,11.027120204296315,135.51,157.564,113.455
03/04/2021,10.765891509763602,137.07,158.601,115.538
03/03/2021,9.821638101661046,137.86,157.503,118.216
03/02/2021,9.567571269658774,138.06,157.195,118.924
03/01/2021,9.57225078025017,138.06,157.204,118.915
02/26/2021,9.717945256071369,137.94,157.375,118.504
02/25/2021,9.999908999585946,137.75,157.749,117.75
02/24/2021,9.545420891715567,138.23,157.32,119.139
02/23/2021,9.297568499344333,138.75,157.345,120.154
02/22/2021,9.0546962952934,139.34,157.449,121.23
02/19/2021,9.054415497424449,139.32,157.428,121.211
02/18/2021,9.019192868544282,139.22,157.258,121.181
02/17/2021,8.998642953245785,139.36,157.357,121.362
02/16/2021,9.487008748810135,139.92,158.894,120.945
02/12/2021,9.686150680223804,140.18,159.552,120.807
02/11/2021,9.874519228802992,140.33,160.079,120.58
02/10/2021,10.069107706246866,140.79,160.928,120.651
02/09/2021,10.62772929651485,141.36,162.615,120.104
02/08/2021,11.017673529379966,141.69,163.725,119.654
02/05/2021,10.91608217264784,141.57,163.402,119.737
02/04/2021,10.946937014526027,141.66,163.553,119.766
02/03/2021,10.790189525675627,141.09,162.67,119.509
02/02/2021,10.63664397260715,141.6,162.873,120.326
02/01/2021,10.773236050509613,141.5,163.046,119.953
01/29/2021,11.315625037972934,141.19,163.821,118.558
01/28/2021,11.504317015798895,141.06,164.068,118.051
01/27/2021,11.598906629506073,141.01,164.207,117.812
01/26/2021,12.670049329027885,140.18,165.52,114.839
01/25/2021,12.679327663563237,140.11,165.468,114.751
01/22/2021,13.072905759623602,140.78,166.925,114.634
01/21/2021,13.447295452989792,141.59,168.484,114.695
01/20/2021,14.097128963019385,142.56,170.754,114.365
01/19/2021,14.475426245883053,143.5,172.45,114.549
01/15/2021,14.828942477466152,143.89,173.547,114.232
01/14/2021,15.592512305590782,144.72,175.905,113.534
01/13/2021,16.10840401777904,145.28,177.496,113.063
01/12/2021,16.45177376455195,145.86,178.763,112.956
01/11/2021,16.991963394499177,146.41,180.393,112.426
01/08/2021,18.184270125578315,147.42,183.788,111.051
01/07/2021,18.26171076323355,147.7,184.223,111.176
01/06/2021,19.01863388889959,149.0,187.037,110.962
01/05/2021,18.9827749552061,149.07,187.035,111.104
01/04/2021,18.990532114714426,149.04,187.021,111.058
12/31/2020,18.264427037276587,149.97,186.498,113.441
12/30/2020,16.8764393460232,151.3,185.052,117.547
12/29/2020,15.70834762156733,152.3,183.716,120.883
12/28/2020,13.867526275439321,153.74,181.475,126.004
12/24/2020,10.97831043467072,155.53,177.486,133.573
12/23/2020,10.399831729407932,156.0,176.799,135.2
12/22/2020,10.875711470979725,155.33,177.081,133.578
12/21/2020,11.213117318569353,154.7,177.126,132.273
12/18/2020,11.282601650328703,153.93,176.495,131.364
12/17/2020,11.253248419900805,153.58,176.086,131.073
12/16/2020,11.1322010402256,153.09,175.354,130.825
12/15/2020,10.735362127101254,152.6,174.07,131.129
12/14/2020,10.587369833910593,152.46,173.634,131.285
12/11/2020,10.405306338594746,152.04,172.85,131.229
12/10/2020,9.744593372737521,151.13,170.619,131.64
12/09/2020,7.610065702738707,149.87,165.09,134.649
12/08/2020,7.647640158898689,149.24,164.535,133.944
12/07/2020,5.729746940310713,147.7,159.159,136.24
12/04/2020,5.770649876746985,148.54,160.081,136.998
12/03/2020,5.619217027309054,148.82,160.058,137.581
12/02/2020,5.6222682255474075,149.31,160.554,138.065
12/01/2020,5.584227789050155,149.38,160.548,138.211
11/30/2020,5.409057219146419,149.59,160.408,138.771
11/27/2020,6.08722761197575,149.01,161.184,136.835
11/25/2020,6.244262966916111,148.45,160.938,135.961
11/24/2020,6.3590329453463275,148.24,160.958,135.521
11/23/2020,6.162588741754555,148.59,160.915,136.264
11/20/2020,6.038736622837594,149.01,161.087,136.932
11/19/2020,6.1390080631971795,149.5,161.778,137.221
11/18/2020,6.334791235707772,149.78,162.449,137.11
11/17/2020,6.591796416759243,150.13,163.313,136.946
11/16/2020,7.102744539964815,150.48,164.685,136.274
11/13/2020,7.2257193413528045,150.55,165.001,136.098
11/12/2020,8.630097334329433,151.53,168.79,134.269
11/11/2020,9.218473843321354,152.37,170.806,133.933
11/10/2020,9.549731933410486,152.93,172.029,133.83
11/09/2020,9.69516683714107,154.12,173.51,134.729
11/06/2020,9.30492235324938,155.03,173.639,136.42
11/05/2020,9.389531404708116,155.24,174.019,136.46
11/04/2020,9.428485562379569,156.01,174.866,137.153
11/03/2020,9.565010193408055,156.5,175.63,137.369
11/02/2020,9.362669491122709,156.78,175.505,138.054
10/30/2020,9.090547838276853,157.27,175.451,139.088
10/29/2020,8.000849954848546,157.92,173.921,141.918
10/28/2020,7.123166430738508,158.55,172.796,144.303
10/27/2020,6.249631989165442,159.11,171.609,146.61
10/26/2020,5.821374408161701,159.46,171.102,147.817
10/23/2020,5.821374408161701,159.46,171.102,147.817
10/22/2020,5.780406560095924,159.53,171.09,147.969
10/21/2020,6.513762353663204,158.97,171.997,145.942
10/20/2020,6.813772816876124,158.55,172.177,144.922
10/19/2020,6.732748324421461,158.41,171.875,144.944
10/16/2020,7.17149914592479,158.76,173.102,144.417
10/15/2020,7.774728291072302,159.04,174.589,143.49
10/14/2020,8.509823734954798,159.53,176.549,142.51
10/13/2020,9.643500401825056,160.37,179.657,141.082
10/12/2020,10.537034687235305,161.07,182.144,139.995
10/09/2020,10.955838626047758,161.84,183.751,139.928
10/08/2020,11.688952048836542,162.82,186.197,139.442
10/07/2020,12.521980673998822,163.8,188.843,138.756
10/06/2020,13.332197868318637,164.85,191.514,138.185
10/05/2020,13.604333868293589,166.39,193.598,139.181
10/02/2020,13.980911987420564,167.79,195.751,139.828
10/01/2020,13.551103276117411,169.26,196.362,142.157
09/30/2020,13.47931749014022,170.8,197.758,143.841
09/29/2020,13.298342001918886,172.41,199.006,145.813
09/28/2020,13.165025636131515,174.09,200.42,147.759
09/25/2020,12.436382110565756,175.98,200.852,151.107
09/24/2020,12.156644273811748,177.8,202.113,153.486
09/23/2020,10.106215909033407,180.18,200.392,159.967
09/22/2020,7.730168174108501,182.35,197.81,166.889
09/21/2020,6.16794941613499,183.82,196.155,171.484
09/18/2020,5.423983775786941,184.38,195.227,173.532
09/17/2020,5.2195785270460275,184.8,195.239,174.36
09/16/2020,4.9194613526279465,185.43,195.268,175.591
09/15/2020,4.9019995920032455,185.92,195.723,176.116
09/14/2020,5.205948520682853,186.69,197.101,176.278
09/11/2020,4.512693209160134,187.46,196.485,178.434
09/10/2020,4.388838115036823,188.09,196.867,179.312
09/09/2020,4.25735833586979,188.37,196.884,179.855
09/08/2020,4.25735833586979,188.37,196.884,179.855
09/04/2020,4.5251629804903155,189.07,198.12,180.019
09/03/2020,4.451471666763701,189.42,198.322,180.517
09/02/2020,5.5521077078889585,190.89,201.994,179.785
09/01/2020,9.943696495770572,193.13,213.017,173.242
08/31/2020,15.142668192891238,196.14,226.425,165.854
08/28/2020,15.282460534874613,197.12,227.684,166.555
08/27/2020,15.274763500624159,197.96,228.509,167.41
08/26/2020,15.271394828240151,198.45,228.992,167.907
08/25/2020,15.223833288630034,198.73,229.177,168.282
08/24/2020,15.17095580377189,199.01,229.351,168.668
08/21/2020,15.042672634874428,199.5,229.585,169.414
08/20/2020,14.511964029723888,200.27,229.293,171.246
08/19/2020,14.447158890245515,200.34,229.234,171.445
08/18/2020,14.211896425178448,200.9,229.323,172.476
08/17/2020,14.020984273580794,201.6,229.641,173.558
08/14/2020,14.11485387809594,202.37,230.599,174.14
08/13/2020,13.928944683643481,203.35,231.207,175.492
08/12/2020,13.805448199895574,203.56,231.17,175.949
08/11/2020,13.965657879240778,203.42,231.351,175.488
08/10/2020,14.505209409036464,203.07,232.08,174.059
08/07/2020,15.275244678891399,202.23,232.78,171.679
08/06/2020,15.513332975218448,201.95,232.976,170.923
08/05/2020,15.73677222304498,200.9,232.373,169.426
08/04/2020,14.331207206652204,199.15,227.812,170.487
08/03/2020,9.473304597657568,196.35,215.296,177.403
07/31/2020,9.217700363973654,195.3,213.735,176.864
07/30/2020,8.920538100361437,194.6,212.441,176.758
07/29/2020,8.712399210320887,194.11,211.534,176.685
07/28/2020,8.657389906894574,193.76,211.074,176.445
07/27/2020,8.583210355106067,193.55,210.716,176.383
07/24/2020,8.495993173255263,193.41,210.401,176.418
07/23/2020,8.792178342140248,193.76,211.344,176.175
07/22/2020,9.236552387119342,194.81,213.283,176.336
07/21/2020,9.864537495493645,195.37,215.099,175.64
07/20/2020,10.096514249977565,195.58,215.773,175.386
07/17/2020,9.99089085117038,195.51,215.491,175.528
07/16/2020,9.99089085117038,195.51,215.491,175.528
07/15/2020,10.072219219218772,195.72,215.864,175.575
07/14/2020,10.05176601398978,196.7,216.803,176.596
07/13/2020,9.108342329974212,197.89,216.106,179.673
07/10/2020,8.199268260033941,198.8,215.198,182.401
07/09/2020,7.745682668428911,199.22,214.711,183.728
07/08/2020,7.60265743013586,200.34,215.545,185.134
07/07/2020,7.846247510753149,201.18,216.872,185.487
07/06/2020,8.154624454872216,202.51,218.819,186.2
07/02/2020,7.610387637959054,203.7,218.92,188.479
07/01/2020,7.128667477165702,204.19,218.447,189.932
06/30/2020,7.128667477165702,204.19,218.447,189.932
06/29/2020,6.668763003736152,204.54,217.877,191.202
06/26/2020,6.413696282176137,204.75,217.577,191.922
06/25/2020,7.793298403115333,204.05,219.636,188.463
06/24/2020,9.153420125832747,202.93,221.236,184.623
06/23/2020,9.086798115948213,202.79,220.963,184.616
06/22/2020,10.047865444958944,203.42,223.515,183.324
06/19/2020,11.373653766490342,204.4,227.147,181.652
06/18/2020,13.022822274760568,205.59,231.635,179.544
06/17/2020,15.941568304279226,207.48,239.363,175.596
06/16/2020,16.6704379066658,208.95,242.29,175.609
06/15/2020,17.50209987401512,210.35,245.354,175.345
06/12/2020,18.916067244541082,212.52,250.352,174.687
06/11/2020,18.99000789889251,214.06,252.04,176.079
06/10/2020,19.380773978352877,216.44,255.201,177.678
06/09/2020,20.90774736790169,218.61,260.425,176.794
06/08/2020,21.681475964518654,220.36,263.722,176.997
06/05/2020,21.668364036078035,220.5,263.836,177.163
06/04/2020,21.61810352459253,220.64,263.876,177.403
06/03/2020,21.173235463669695,221.69,264.036,179.343
06/02/2020,20.492671860936042,222.32,263.305,181.334
06/01/2020,20.205642776214766,222.6,263.011,182.188
05/29/2020,19.567347801886694,223.37,262.504,184.235
05/28/2020,17.30911898393445,225.68,260.298,191.061
05/27/2020,14.237903637825339,228.41,256.885,199.934
05/26/2020,13.302349416550449,229.85,256.454,203.245
05/22/2020,16.89057429455849,227.75,261.531,193.968
05/21/2020,19.457325098789916,225.51,264.424,186.595
05/20/2020,21.519137993888137,222.92,265.958,179.881
05/19/2020,22.47193583116506,219.63,264.573,174.686
05/18/2020,23.175471947729566,217.6,263.95,171.249
05/15/2020,23.157704981279988,215.92,262.235,169.604
05/14/2020,22.39001786511123,213.68,258.46,168.899
05/13/2020,22.225276151265252,212.28,256.73,167.829
05/12/2020,21.143332282305927,210.6,252.886,168.313
05/11/2020,18.916683113061865,207.73,245.563,169.896
05/08/2020,17.31601859550861,204.65,239.282,170.017
05/07/2020,18.429120977409635,202.2,239.058,165.341
05/06/2020,20.388484494929973,199.47,240.246,158.693
05/05/2020,21.788196345728114,196.11,239.686,152.533
05/04/2020,22.849908096095263,193.94,239.639,148.24
05/01/2020,23.982408135964995,191.63,239.594,143.665
04/30/2020,25.37369701088117,188.2,238.947,137.452
04/29/2020,24.629930978384817,184.35,233.609,135.09
04/28/2020,22.043082815250685,180.5,224.586,136.413
04/27/2020,18.29278272980904,177.31,213.895,140.724
04/24/2020,18.267049570196058,177.17,213.704,140.635
04/23/2020,18.215474190918005,176.75,213.18,140.319
04/22/2020,18.298808704393846,176.96,213.557,140.362
04/21/2020,18.26597656847287,176.61,213.141,140.078
04/20/2020,18.28005470451333,175.14,211.7,138.579
04/17/2020,17.516652077380538,174.37,209.403,139.336
04/16/2020,17.14228397851348,174.09,208.374,139.805
04/15/2020,16.002159229304024,172.97,204.974,140.965
04/14/2020,14.252522583739344,170.24,198.745,141.734
04/13/2020,16.2031725288599,166.66,199.066,134.253
04/09/2020,16.84639308576171,164.28,197.972,130.587
04/08/2020,17.571779648060694,162.74,197.883,127.596
04/07/2020,17.557384771087065,162.88,197.994,127.765
04/06/2020,18.260310512146283,164.49,201.01,127.969
04/03/2020,19.013134407561527,165.82,203.846,127.793
04/02/2020,21.77807475421094,168.69,212.246,125.133
04/01/2020,24.044746619584078,172.54,220.629,124.45
03/31/2020,26.43696805611415,176.32,229.193,123.446
03/30/2020,28.79172103226898,179.96,237.543,122.376
03/27/2020,29.969089075245517,182.41,242.348,122.471
03/26/2020,30.960768401317175,184.37,246.291,122.448
03/25/2020,31.604435131797562,186.4,249.608,123.191
03/24/2020,33.24952571090301,188.78,255.279,122.28
03/23/2020,35.90945168058126,192.7,264.518,120.881
03/20/2020,38.85600082355363,198.16,275.872,120.447
03/19/2020,42.58091215556567,202.92,288.081,117.758
03/18/2020,45.48104022557092,207.05,298.012,116.087
03/17/2020,45.57669645772936,210.13,301.283,118.976
03/16/2020,44.05606496272676,214.33,302.442,126.217
03/13/2020,39.16898773264379,220.08,298.417,141.742
03/12/2020,34.274204585956475,224.77,293.318,156.221
03/11/2020,28.231009546241875,229.39,285.852,172.927
03/10/2020,23.692182254912694,232.75,280.134,185.365
03/09/2020,21.38508592454096,234.71,277.48,191.939
03/06/2020,18.63775469309541,237.09,274.365,199.814
03/05/2020,17.99476590567379,238.42,274.409,202.43
03/04/2020,17.636666351666346,239.4,274.673,204.126
03/03/2020,17.53133195168011,240.38,275.442,205.317
03/02/2020,17.88099270174897,241.71,277.471,205.948
02/28/2020,17.273271259376433,242.41,276.956,207.863
02/27/2020,16.443892483229142,243.32,276.207,210.432
02/26/2020,15.164494716277227,244.79,275.118,214.461
02/25/2020,14.955119524764752,245.42,275.33,215.509
02/24/2020,14.920841129105286,244.65,274.491,214.808
02/21/2020,13.72624857708762,243.39,270.842,215.937
02/20/2020,11.726619291168277,242.48,265.933,219.026
02/19/2020,9.91037839842657,241.78,261.6,221.959
02/18/2020,11.367405156850877,243.11,265.844,220.375
02/14/2020,13.17395536655563,244.93,271.277,218.582
02/13/2020,14.197925904863705,246.47,274.865,218.074
02/12/2020,14.106519769241451,248.01,276.223,219.796
02/11/2020,14.518715507922867,249.97,279.007,220.932
02/10/2020,15.674217683827159,252.77,284.118,221.421
02/07/2020,14.675980376111166,254.66,284.011,225.308
02/06/2020,16.074262035938073,257.39,289.538,225.241
02/05/2020,17.52574106849693,259.98,295.031,224.928
02/04/2020,20.723310546338872,263.62,305.066,222.173
02/03/2020,24.110910393429773,267.4,315.621,219.178
01/31/2020,26.91170005778155,270.62,324.443,216.796
01/30/2020,26.52353483229563,274.19,327.237,221.142
01/29/2020,26.778454025578096,278.32,331.876,224.763
01/28/2020,25.966509199351375,280.98,332.913,229.046
01/27/2020,25.541752093386226,284.27,335.353,233.186
01/24/2020,26.131197829414553,289.45,341.712,237.187
01/23/2020,0.0,0.0,0.0,0.0
01/22/2020,0.0,0.0,0.0,0.0
01/21/2020,0.0,0.0,0.0,0.0
01/17/2020,0.0,0.0,0.0,0.0
01/16/2020,0.0,0.0,0.0,0.0
01/15/2020,0.0,0.0,0.0,0.0
01/14/2020,0.0,0.0,0.0,0.0
01/13/2020,0.0,0.0,0.0,0.0
01/10/2020,0.0,0.0,0.0,0.0
01/09/2020,0.0,0.0,0.0,0.0
01/08/2020,0.0,0.0,0.0,0.0
01/07/2020,0.0,0.0,0.0,0.0
01/06/2020,0.0,0.0,0.0,0.0
01/03/2020,0.0,0.0,0.0,0.0
01/02/2020,0.0,0.0,0.0,0.0
12/31/2019,0.0,0.0,0.0,0.0
12/30/2019,0.0,0.0,0.0,0.0
12/27/2019,0.0,0.0,0.0,0.0
12/26/2019,0.0,0.0,0.0,0.0
