12/30/2022,0.05157518783291034,24.74,24.843,24.636
12/29/2022,0.05621387729022063,24.73,24.842,24.617
12/28/2022,0.05603570290448752,24.72,24.832,24.607
12/27/2022,0.05563272418280435,24.72,24.831,24.608
12/23/2022,0.05440588203494143,24.72,24.828,24.611
12/22/2022,0.05138093031466036,24.71,24.812,24.607
12/21/2022,0.05079370039680104,24.71,24.811,24.608
12/20/2022,0.049799598391954795,24.7,24.799,24.6
12/19/2022,0.04873397172404464,24.7,24.797,24.602
12/16/2022,0.047644516998286146,24.7,24.795,24.604
12/15/2022,0.04914264950122269,24.69,24.788,24.591
12/14/2022,0.053525694764290914,24.68,24.787,24.572
12/13/2022,0.0536656314599952,24.67,24.777,24.562
12/12/2022,0.05118593556827928,24.66,24.762,24.557
12/09/2022,0.04939635614091441,24.65,24.748,24.551
12/08/2022,0.04242640687119329,24.65,24.734,24.565
12/07/2022,0.04266145801540359,24.64,24.725,24.554
12/06/2022,0.04449719092257463,24.64,24.728,24.551
12/05/2022,0.04588027898781852,24.64,24.731,24.548
12/02/2022,0.0485798312059652,24.63,24.727,24.532
12/01/2022,0.04979959839195565,24.63,24.729,24.53
11/30/2022,0.05099019513592861,24.63,24.731,24.528
11/29/2022,0.04964876634922631,24.63,24.729,24.53
11/28/2022,0.04964876634922631,24.63,24.729,24.53
11/25/2022,0.04852834223420431,24.62,24.717,24.522
11/23/2022,0.04949747468305907,24.62,24.718,24.521
11/22/2022,0.04663689526544459,24.61,24.703,24.516
11/21/2022,0.04759201613716356,24.6,24.695,24.504
11/18/2022,0.04989989979949907,24.59,24.689,24.49
11/17/2022,0.04949747468305878,24.58,24.678,24.481
11/16/2022,0.056302753041037115,24.58,24.692,24.467
11/15/2022,0.06008327554319929,24.57,24.69,24.449
11/14/2022,0.07273238618387283,24.56,24.705,24.414
11/11/2022,0.07426304599193342,24.56,24.708,24.411
11/10/2022,0.0841724420460759,24.55,24.718,24.381
11/09/2022,0.09005553841935536,24.53,24.71,24.349
11/08/2022,0.09843779761859782,24.52,24.716,24.323
11/07/2022,0.6452945064077331,24.37,25.66,23.079
11/04/2022,0.837311172742846,24.24,25.914,22.565
11/03/2022,0.9399228691759766,24.12,25.999,22.24
11/02/2022,0.970741984257403,24.03,25.971,22.088
11/01/2022,1.0342630226397924,23.91,25.978,21.841
10/31/2022,1.1075626393121067,23.77,25.985,21.554
10/28/2022,1.1865432988306828,23.62,25.993,21.246
10/27/2022,1.3083023350892558,23.43,26.046,20.813
10/26/2022,1.3961357383864936,23.25,26.042,20.457
10/25/2022,1.452867853591647,23.06,25.965,20.154
10/24/2022,1.4680974082124112,22.89,25.826,19.953
10/21/2022,1.4680974082124114,22.73,25.666,19.793
10/20/2022,1.4343047096067139,22.57,25.438,19.701
10/19/2022,1.371810847019369,22.45,25.193,19.706
10/18/2022,1.2944786595382711,22.32,24.908,19.731
10/17/2022,1.2057590970007233,22.2,24.611,19.788
10/14/2022,1.0853087118419347,22.08,24.25,19.909
10/13/2022,1.3910104241162247,21.73,24.512,18.947
10/12/2022,1.4269512955949122,21.43,24.283,18.576
10/11/2022,1.3349794005901363,21.18,23.849,18.51
10/10/2022,1.4052063905348564,21.06,23.87,18.249
10/07/2022,1.4348553934107784,20.93,23.799,18.06
10/06/2022,1.4270406441303625,20.8,23.654,17.945
10/05/2022,1.3831052020724959,20.63,23.396,17.863
10/04/2022,1.410808278966352,20.43,23.251,17.608
10/03/2022,1.472406193956002,20.23,23.174,17.285
09/30/2022,1.4990313539082494,20.07,23.068,17.071
09/29/2022,1.5978344720276876,19.89,23.085,16.694
09/28/2022,1.5881797757181018,19.81,22.986,16.633
09/27/2022,1.5707084388899168,19.74,22.881,16.598
09/26/2022,1.5368945962557092,19.66,22.733,16.586
09/23/2022,1.4994398954276225,19.58,22.578,16.581
09/22/2022,1.4406717183314175,19.51,22.391,16.628
09/21/2022,1.3268138528067908,19.39,22.043,16.736
09/20/2022,1.2000270830277124,19.26,21.66,16.859
09/19/2022,1.0234427194523397,19.11,21.156,17.063
09/16/2022,0.7585512507405152,18.98,20.497,17.462
09/15/2022,0.7038323664055242,19.13,20.537,17.722
09/14/2022,0.7201388754955532,19.22,20.66,17.779
09/13/2022,0.7984328400059707,19.3,20.896,17.703
09/12/2022,0.8508113774509601,19.37,21.071,17.668
09/09/2022,0.870149412457424,19.41,21.15,17.669
09/08/2022,0.8681388137849847,19.4,21.136,17.663
09/07/2022,0.8678795999446007,19.41,21.145,17.674
09/06/2022,0.8673004093161724,19.41,21.144,17.675
09/02/2022,0.8097931834734102,19.46,21.079,17.84
09/01/2022,0.812083739524441,19.45,21.074,17.825
08/31/2022,0.8237748478801717,19.45,21.097,17.802
08/30/2022,1.08111747742787,19.3,21.462,17.137
08/29/2022,1.4297342410392222,19.07,21.929,16.21
08/26/2022,1.7480031464502577,18.82,22.316,15.323
08/25/2022,1.994833326370903,18.56,22.549,14.57
08/24/2022,2.1550208815693646,18.28,22.59,13.969
08/23/2022,2.2631106910621943,18.04,22.566,13.513
08/22/2022,2.3684066373830324,17.8,22.536,13.063
08/19/2022,2.3686388496349546,17.67,22.407,12.932
08/18/2022,2.328210686342626,17.55,22.206,12.893
08/17/2022,2.2471303923003667,17.44,21.934,12.945
08/16/2022,2.1591618744318364,17.32,21.638,13.001
08/15/2022,2.0072032781958087,17.12,21.134,13.105
08/12/2022,1.8380587585819994,16.91,20.586,13.233
08/11/2022,1.6758460549823782,16.72,20.071,13.368
08/10/2022,1.5600000000000003,16.53,19.65,13.409
08/09/2022,1.4081992046582046,16.38,19.196,13.563
08/08/2022,1.3289601197929155,16.27,18.927,13.612
08/05/2022,1.2108468111202177,16.17,18.591,13.748
08/04/2022,1.1464401423537123,16.13,18.422,13.837
08/03/2022,1.148479429506685,16.13,18.426,13.833
08/02/2022,1.1497978083124007,16.14,18.439,13.84
08/01/2022,1.1205199685860132,16.21,18.451,13.968
07/29/2022,1.0427919255537033,16.3,18.385,14.214
07/28/2022,0.9508154395044287,16.37,18.271,14.468
07/27/2022,0.8479475219611176,16.48,18.175,14.784
07/26/2022,0.7636524078401116,16.61,18.137,15.082
07/25/2022,0.6396600659725445,16.77,18.049,15.49
07/22/2022,0.6541215483379217,16.82,18.128,15.511
07/21/2022,0.7221738017956619,16.88,18.324,15.435
07/20/2022,0.6829018963218657,16.84,18.205,15.474
07/19/2022,0.6766313619689824,16.84,18.193,15.486
07/18/2022,0.69453941572815,16.88,18.269,15.49
07/15/2022,0.7008673198259425,16.87,18.271,15.468
07/14/2022,0.6930945101499506,16.9,18.286,15.513
07/13/2022,0.6786051871301899,16.91,18.267,15.552
07/12/2022,0.6915092190274835,16.89,18.273,15.506
07/11/2022,0.6818760884500937,16.96,18.323,15.596
07/08/2022,0.7212003882417147,17.01,18.452,15.567
07/07/2022,0.8512520190871796,17.11,18.812,15.407
07/06/2022,0.8894548892439684,17.16,18.938,15.381
07/05/2022,0.8983707475201984,17.25,19.046,15.453
07/01/2022,0.9376939799316193,17.36,19.235,15.484
06/30/2022,0.9675277773790271,17.5,19.435,15.564
06/29/2022,0.8695027314505688,17.58,19.319,15.84
06/28/2022,0.8458309523776014,17.64,19.331,15.948
06/27/2022,0.8497028892501192,17.68,19.379,15.98
06/24/2022,0.8664987016724262,17.63,19.362,15.897
06/23/2022,0.9431330765061737,17.55,19.436,15.663
06/22/2022,1.063842093545842,17.39,19.517,15.262
06/21/2022,1.1257886124845995,17.31,19.561,15.058
06/17/2022,1.1697884424117035,17.22,19.559,14.88
06/16/2022,1.2553385997411215,17.09,19.6,14.579
06/15/2022,1.3431716197120902,17.02,19.706,14.333
06/14/2022,1.3668613682447828,16.97,19.703,14.236
06/13/2022,1.4051868203196327,16.93,19.74,14.119
06/10/2022,1.3945070813731997,16.95,19.739,14.16
06/09/2022,1.392433122271946,16.9,19.684,14.115
06/08/2022,1.3774069841553729,16.81,19.564,14.055
06/07/2022,1.2898546429733855,16.64,19.219,14.06
06/06/2022,1.2499079966141506,16.6,19.099,14.1
06/03/2022,1.4178522490019898,16.69,19.525,13.854
06/02/2022,1.6813952539483394,16.82,20.182,13.457
06/01/2022,2.021412872225761,16.98,21.022,12.937
05/31/2022,2.3752778784807473,17.26,22.01,12.509
05/27/2022,2.7067933057402076,17.53,22.943,12.116
05/26/2022,3.0322392715615303,17.81,23.874,11.745
05/25/2022,3.392461495728434,18.21,24.994,11.425
05/24/2022,3.5266513862302866,18.59,25.643,11.536
05/23/2022,3.570253492400785,18.99,26.13,11.849
05/20/2022,3.6466902802404264,19.41,26.703,12.116
05/19/2022,3.64431475040233,19.78,27.068,12.491
05/18/2022,3.555113219012863,20.19,27.3,13.079
05/17/2022,3.440273971648188,20.68,27.56,13.799
05/16/2022,3.3425267388608875,21.1,27.785,14.414
05/13/2022,3.090549303926407,21.51,27.691,15.328
05/12/2022,2.9105214309466954,21.87,27.691,16.048
05/11/2022,2.700137959438369,22.28,27.68,16.879
05/10/2022,2.324820423172508,22.69,27.339,18.04
05/09/2022,1.7046597901047582,23.09,26.499,19.68
05/06/2022,1.1273530946424901,23.37,25.624,21.115
05/05/2022,0.8236321994676993,23.56,25.207,21.912
05/04/2022,0.6373499823487878,23.68,24.954,22.405
05/03/2022,0.5591064299397747,23.74,24.858,22.621
05/02/2022,0.5558057214530991,23.85,24.961,22.738
04/29/2022,0.5454860218190747,23.86,24.95,22.769
04/28/2022,0.5755475653671033,23.82,24.971,22.668
04/27/2022,0.5311402827878904,23.74,24.802,22.677
04/26/2022,0.5289281614737489,23.74,24.797,22.682
04/25/2022,0.550018181517666,23.73,24.83,22.629
04/22/2022,0.5463103513571752,23.71,24.802,22.617
04/21/2022,0.5411515499377232,23.72,24.802,22.637
04/20/2022,0.5596695453569009,23.7,24.819,22.58
04/19/2022,0.599458088610038,23.6,24.798,22.401
04/18/2022,0.7260337457721919,23.45,24.902,21.997
04/14/2022,0.9031389704801803,23.33,25.136,21.523
04/13/2022,1.1033562434680833,23.16,25.366,20.953
04/12/2022,1.2469141911134063,22.92,25.413,20.426
04/11/2022,1.6169338267226647,22.6,25.833,19.366
04/08/2022,1.931508477848337,22.29,26.153,18.426
04/07/2022,2.2306434049394808,21.99,26.451,17.528
04/06/2022,2.3049934923986224,21.74,26.349,17.13
04/05/2022,2.3132261022217437,21.52,26.146,16.893
04/04/2022,2.3451929558140843,21.26,25.95,16.569
04/01/2022,2.2567199649048173,20.95,25.463,16.436
03/31/2022,2.2140596197934688,20.74,25.168,16.311
03/30/2022,2.1548457021327536,20.59,24.899,16.28
03/29/2022,2.0841209177972377,20.51,24.678,16.341
03/28/2022,1.9787205462116169,20.39,24.347,16.432
03/25/2022,1.8948997334951525,20.26,24.049,16.47
03/24/2022,1.7395919061665008,20.04,23.519,16.56
03/23/2022,1.5581030132824978,19.81,22.926,16.693
03/22/2022,1.4314241160466732,19.56,22.422,16.697
03/21/2022,1.2749823528190498,19.4,21.949,16.85
03/18/2022,1.182285921425101,19.31,21.674,16.945
03/17/2022,1.1303251744520246,19.26,21.52,16.999
03/16/2022,1.2616239534821776,19.34,21.863,16.816
03/15/2022,1.4996766318110044,19.5,22.499,16.5
03/14/2022,1.5329041065898412,19.69,22.755,16.624
03/11/2022,1.6831755701649187,20.0,23.366,16.633
03/10/2022,1.7974801806974114,20.37,23.964,16.775
03/09/2022,1.9787988781076256,20.66,24.617,16.702
03/08/2022,2.0973507098241813,20.91,25.104,16.715
03/07/2022,2.144801855650073,21.19,25.479,16.9
03/04/2022,2.1333026039453467,21.45,25.716,17.183
03/03/2022,2.0926108094913394,21.64,25.825,17.454
03/02/2022,2.1058074460880793,21.82,26.031,17.608
03/01/2022,2.216386699111867,21.99,26.422,17.557
02/28/2022,2.243498384220501,22.14,26.626,17.653
02/25/2022,2.207064792886697,22.29,26.704,17.875
02/24/2022,2.1056899106943545,22.41,26.621,18.198
02/23/2022,1.9704694872034936,22.52,26.46,18.579
02/22/2022,1.7434190546165311,22.65,26.136,19.163
02/18/2022,1.5655302616046742,22.78,25.911,19.648
02/17/2022,1.48029557859233,22.83,25.79,19.869
02/16/2022,1.364122428523188,22.91,25.638,20.181
02/15/2022,1.3861836097718083,22.89,25.662,20.117
02/14/2022,1.4508807669825943,22.78,25.681,19.878
02/11/2022,1.4877835864130244,22.74,25.715,19.764
02/10/2022,1.5419143945109282,22.58,25.663,19.496
02/09/2022,1.4854443779556343,22.49,25.46,19.519
02/08/2022,1.4016097887786036,22.37,25.173,19.566
02/07/2022,1.342488361215844,22.24,24.924,19.555
02/04/2022,1.2760583842442328,22.09,24.642,19.537
02/03/2022,1.2201126997126135,21.98,24.42,19.539
02/02/2022,1.1963904045084957,21.93,24.322,19.537
02/01/2022,1.1342640785989837,21.87,24.138,19.601
01/31/2022,0.8822669663996272,21.73,23.494,19.965
01/28/2022,0.7804774179949096,21.68,23.24,20.119
01/27/2022,0.7896771492198572,21.68,23.259,20.1
01/26/2022,0.813532420988863,21.73,23.357,20.102
01/25/2022,0.8796846025707171,21.84,23.599,20.08
01/24/2022,0.8996777200753614,22.01,23.809,20.21
01/21/2022,0.93707790497909,22.07,23.944,20.195
01/20/2022,0.9069481793355123,22.19,24.003,20.376
01/19/2022,0.9120855223058858,22.26,24.084,20.435
01/18/2022,0.9092524401946912,22.34,24.158,20.521
01/14/2022,0.8614406537887566,22.45,24.172,20.727
01/13/2022,0.8069572479382041,22.57,24.183,20.956
01/12/2022,0.7118848221447063,22.73,24.153,21.306
01/11/2022,0.7263745590258514,22.77,24.222,21.317
01/10/2022,0.7223710957672655,22.83,24.274,21.385
01/07/2022,0.6701492371106602,22.89,24.23,21.549
01/06/2022,0.5525350667604727,22.98,24.085,21.874
01/05/2022,0.4590479277809671,23.09,24.008,22.171
01/04/2022,0.40835646193001496,23.16,23.976,22.343
01/03/2022,0.5305704477258413,23.11,24.171,22.048
12/31/2021,0.5598080028009601,23.09,24.209,21.97
12/30/2021,0.6064528011312996,23.05,24.262,21.837
12/29/2021,0.6343540021155378,22.99,24.258,21.721
12/28/2021,0.6350157478362247,22.99,24.26,21.719
12/27/2021,0.6442243398071822,22.93,24.218,21.641
12/23/2021,0.6188658982364434,22.88,24.117,21.642
12/22/2021,0.6268931328384447,22.84,24.093,21.586
12/21/2021,0.6251159892371974,22.8,24.05,21.549
12/20/2021,0.6242996075603443,22.8,24.048,21.551
12/17/2021,0.6463861075239782,22.83,24.122,21.537
12/16/2021,0.6926290493474844,22.87,24.255,21.484
12/15/2021,0.7525456796766559,22.92,24.425,21.414
12/14/2021,0.962686345597568,23.02,24.945,21.094
12/13/2021,1.0768240339071191,23.11,25.263,20.956
12/10/2021,1.2165134606735764,23.23,25.663,20.796
12/09/2021,1.3524533263665703,23.39,26.094,20.685
12/08/2021,1.4896526440751214,23.55,26.529,20.57
12/07/2021,1.7100979504110283,23.74,27.16,20.319
12/06/2021,1.7789027516983607,23.86,27.417,20.302
12/03/2021,1.7507298478063371,24.08,27.581,20.578
12/02/2021,1.7830283228260846,24.34,27.906,20.773
12/01/2021,1.7057974674620666,24.43,27.841,21.018
11/30/2021,1.6330370479569654,24.51,27.776,21.243
11/29/2021,1.5725059618328954,24.6,27.745,21.454
11/26/2021,1.511596837784467,24.65,27.673,21.626
11/24/2021,1.4894965592440956,24.67,27.648,21.691
11/23/2021,1.4480055248513382,24.7,27.596,21.803
11/22/2021,1.4250385959685439,24.71,27.56,21.859
11/19/2021,1.407249089536035,24.73,27.544,21.915
11/18/2021,1.4534476254753728,24.69,27.596,21.783
11/17/2021,1.454659754031849,24.68,27.589,21.77
11/16/2021,1.481024982908796,24.64,27.602,21.677
11/15/2021,1.483133507139529,24.51,27.476,21.543
11/12/2021,1.5001833221309986,24.41,27.41,21.409
11/11/2021,1.5250885220209347,24.25,27.3,21.199
11/10/2021,1.497162315849554,24.09,27.084,21.095
11/09/2021,1.455108243396346,23.89,26.8,20.979
11/08/2021,1.2683296101566028,23.62,26.156,21.083
11/05/2021,1.195008368171537,23.42,25.81,21.029
11/04/2021,1.0472941325148346,23.32,25.414,21.225
11/03/2021,0.6957945098949835,23.19,24.581,21.798
11/02/2021,0.6798896969362017,23.17,24.529,21.81
11/01/2021,0.6765907182337046,23.12,24.473,21.766
10/29/2021,0.7518809746229789,22.97,24.473,21.466
10/28/2021,0.7701168742470202,22.9,24.44,21.359
10/27/2021,0.7959805274000116,22.85,24.441,21.258
10/26/2021,0.817670471522606,22.81,24.445,21.174
10/25/2021,0.8305450017909932,22.77,24.431,21.108
10/22/2021,0.8590197902260465,22.8,24.518,21.081
10/21/2021,0.8964234490462646,22.86,24.652,21.067
10/20/2021,0.9746024830668146,22.91,24.859,20.96
10/19/2021,1.0178261148152963,22.96,24.995,20.924
10/18/2021,1.0872649171200184,23.03,25.204,20.855
10/15/2021,1.0992429212871924,23.06,25.258,20.861
10/14/2021,1.1560168683890388,23.18,25.492,20.867
10/13/2021,1.2520043929635394,23.3,25.804,20.795
10/12/2021,1.3180060697887552,23.46,26.096,20.823
10/11/2021,1.3131469833952332,23.61,26.236,20.983
10/08/2021,1.2866701208934637,23.77,26.343,21.196
10/07/2021,1.4200915463448125,23.9,26.74,21.059
10/06/2021,1.4460031120298464,23.93,26.822,21.037
10/05/2021,1.462289301061866,24.01,26.934,21.085
10/04/2021,1.5749888888496961,24.23,27.379,21.08
10/01/2021,1.5531596827113432,24.54,27.646,21.433
09/30/2021,1.448942717984393,24.69,27.587,21.792
09/29/2021,1.3229115616699403,24.79,27.435,22.144
09/28/2021,1.1589672126509878,24.92,27.237,22.602
09/27/2021,0.9775556250157837,25.03,26.985,23.074
09/24/2021,0.9702164706909483,25.04,26.98,23.099
09/23/2021,0.9465410714807888,25.07,26.963,23.176
09/22/2021,1.1031840281657455,24.95,27.156,22.743
09/21/2021,1.2206617057973108,24.85,27.291,22.408
09/20/2021,1.326076920845846,24.74,27.392,22.087
09/17/2021,1.3647050963486582,24.7,27.429,21.97
09/16/2021,1.3767407163296945,24.65,27.403,21.896
09/15/2021,1.3758252069212862,24.57,27.321,21.818
09/14/2021,1.366689430704723,24.49,27.223,21.756
09/13/2021,1.3650421238921528,24.49,27.22,21.759
09/10/2021,1.3832570260078205,24.52,27.286,21.753
09/09/2021,1.3803912488856196,24.52,27.28,21.759
09/08/2021,1.56164816780221,24.3,27.423,21.176
09/07/2021,1.6668998170256064,24.13,27.463,20.796
09/03/2021,1.6371682870126698,23.83,27.104,20.555
09/02/2021,1.6185734459702472,23.46,26.697,20.222
09/01/2021,1.6382490653133306,23.28,26.556,20.003
08/31/2021,1.7116833819372088,23.13,26.553,19.706
08/30/2021,1.706017291823269,22.98,26.392,19.567
08/27/2021,1.6822276897019621,22.87,26.234,19.505
08/26/2021,1.6979296216274693,22.73,26.125,19.334
08/25/2021,1.6626018765777937,22.57,25.895,19.244
08/24/2021,1.6624289458500177,22.58,25.904,19.255
08/23/2021,1.6633956234161495,22.6,25.926,19.273
08/20/2021,1.7236400436285997,22.71,26.157,19.262
08/19/2021,1.9523037673476946,22.9,26.804,18.995
08/18/2021,2.271134077944321,23.12,27.662,18.577
08/17/2021,2.5570793886776375,23.36,28.474,18.245
08/16/2021,2.6740615176169755,23.51,28.858,18.161
08/13/2021,2.7426036899267823,23.6,29.085,18.114
08/12/2021,2.718557521922242,23.56,28.997,18.122
08/11/2021,2.71017065883313,23.55,28.97,18.129
08/10/2021,2.8972659525835733,23.95,29.744,18.155
08/09/2021,3.137467928122932,24.39,30.664,18.115
08/06/2021,3.2904285435183063,24.84,31.42,18.259
08/05/2021,3.5759313472157155,25.5,32.651,18.348
08/04/2021,3.59481014797722,25.96,33.149,18.77
08/03/2021,3.6483229023758303,26.53,33.826,19.233
08/02/2021,3.5224430442521,26.92,33.964,19.875
07/30/2021,3.3507536465696792,27.18,33.881,20.478
07/29/2021,3.0737428324438603,27.57,33.717,21.422
07/28/2021,2.839741185389965,28.06,33.739,22.38
07/27/2021,2.763379271833673,28.59,34.116,23.063
07/26/2021,2.618827982132465,29.12,34.357,23.882
07/23/2021,2.558757510980671,29.55,34.667,24.432
07/22/2021,2.8228717647105404,29.99,35.635,24.344
07/21/2021,3.00611543357869,30.34,36.352,24.327
07/20/2021,3.1422006619565206,30.66,36.944,24.375
07/19/2021,3.1614664318951733,31.07,37.392,24.747
07/16/2021,3.0336784602195395,31.42,37.487,25.352
07/15/2021,2.663395389347965,31.67,36.996,26.343
07/14/2021,2.9439217041219012,31.55,37.437,25.662
07/13/2021,3.5214606344526977,31.22,38.262,24.177
07/12/2021,4.076197370098754,30.8,38.952,22.647
07/09/2021,4.73016490198809,30.28,39.74,20.819
07/08/2021,5.20070908626891,29.6,40.001,19.198
07/07/2021,5.726763047306917,29.0,40.453,17.546
07/06/2021,6.093171177638126,28.32,40.506,16.133
07/02/2021,6.447667019938297,27.77,40.665,14.874
07/01/2021,6.704464930178991,27.37,40.778,13.961
06/30/2021,6.892209007277709,26.91,40.694,13.125
06/29/2021,6.984012457033564,26.33,40.298,12.361
06/28/2021,6.986397140157435,25.6,39.572,11.627
06/25/2021,6.904111456226644,24.87,38.678,11.061
06/24/2021,6.7579601212200116,24.12,37.635,10.604
06/23/2021,6.3146029170487035,23.24,35.869,10.61
06/22/2021,5.785020743264452,22.37,33.94,10.799
06/21/2021,5.079629415616851,21.5,31.659,11.34
06/18/2021,4.067394128923333,20.64,28.774,12.505
06/17/2021,2.804760239307453,19.84,25.449,14.23
06/16/2021,1.625312277686968,19.32,22.57,16.069
06/15/2021,1.241231243564228,19.09,21.572,16.607
06/14/2021,0.975789424004995,18.92,20.871,16.968
06/11/2021,0.7213286352280771,18.77,20.212,17.327
06/10/2021,0.7272757386301293,18.66,20.114,17.205
06/09/2021,0.7224437694381483,18.55,19.994,17.105
06/08/2021,0.7416501870828324,18.51,19.993,17.026
06/07/2021,0.7409487161740685,18.51,19.991,17.028
06/04/2021,0.760302571349065,18.55,20.07,17.029
06/03/2021,0.7395809624375145,18.52,19.999,17.04
06/02/2021,0.7510492660272028,18.52,20.022,17.017
06/01/2021,1.0650985869862,18.64,20.77,16.509
05/28/2021,1.445676312318909,18.87,21.761,15.978
05/27/2021,1.6987480684315728,19.09,22.487,15.692
05/26/2021,1.9732422557810787,19.35,23.296,15.403
05/25/2021,2.270652989780693,19.69,24.231,15.148
05/24/2021,2.4421363598292376,20.01,24.894,15.125
05/21/2021,2.462822567705599,20.28,25.205,15.354
05/20/2021,2.4629596017799398,20.55,25.475,15.624
05/19/2021,0.0,0.0,0.0,0.0
05/18/2021,0.0,0.0,0.0,0.0
05/17/2021,0.0,0.0,0.0,0.0
05/14/2021,0.0,0.0,0.0,0.0
05/13/2021,0.0,0.0,0.0,0.0
05/12/2021,0.0,0.0,0.0,0.0
05/11/2021,0.0,0.0,0.0,0.0
05/10/2021,0.0,0.0,0.0,0.0
05/07/2021,0.0,0.0,0.0,0.0
05/06/2021,0.0,0.0,0.0,0.0
05/05/2021,0.0,0.0,0.0,0.0
05/04/2021,0.0,0.0,0.0,0.0
05/03/2021,0.0,0.0,0.0,0.0
04/30/2021,0.0,0.0,0.0,0.0
04/29/2021,0.0,0.0,0.0,0.0
04/28/2021,0.0,0.0,0.0,0.0
04/27/2021,0.0,0.0,0.0,0.0
04/26/2021,0.0,0.0,0.0,0.0
04/23/2021,0.0,0.0,0.0,0.0
