12/30/2022,0.05340910502901164,10.33,10.436,10.223
12/28/2022,0.050161065578793226,10.31,10.41,10.209
12/27/2022,0.048014919556321124,10.3,10.396,10.203
11/29/2022,0.047007791907299736,10.29,10.384,10.195
11/28/2022,0.050097230462371654,10.29,10.39,10.189
11/23/2022,0.04886332469245189,10.28,10.377,10.182
11/21/2022,0.04962181475923659,10.27,10.369,10.17
11/16/2022,0.04894154165941227,10.27,10.367,10.172
11/15/2022,0.05045765055965243,10.26,10.36,10.159
11/14/2022,0.052067019311652474,10.26,10.364,10.155
11/11/2022,0.05210973517491716,10.25,10.354,10.145
11/10/2022,0.05362951146523706,10.24,10.347,10.132
11/09/2022,0.05191218065155811,10.24,10.343,10.136
11/08/2022,0.04718315377335427,10.23,10.324,10.135
11/03/2022,0.0415509566676869,10.22,10.303,10.136
11/01/2022,0.03479988505728142,10.21,10.279,10.14
10/31/2022,0.03545182646916804,10.2,10.27,10.129
10/27/2022,0.03452291992285696,10.2,10.269,10.13
10/21/2022,0.030395427287669533,10.19,10.25,10.129
10/19/2022,0.03128708998932298,10.19,10.252,10.127
10/11/2022,0.030077932109771204,10.18,10.24,10.119
10/07/2022,0.03270599333455573,10.18,10.245,10.114
10/05/2022,0.03377102308192642,10.17,10.237,10.102
10/03/2022,0.03607328651509317,10.16,10.232,10.087
09/29/2022,0.03931261883924807,10.17,10.248,10.091
09/28/2022,0.04250037646892076,10.16,10.245,10.074
09/27/2022,0.04761388452961998,10.15,10.245,10.054
09/23/2022,0.05126287155437138,10.14,10.242,10.037
09/20/2022,0.051892986038577386,10.14,10.243,10.036
09/09/2022,0.05374646034856604,10.13,10.237,10.022
09/08/2022,0.05607568100344391,10.12,10.232,10.007
09/02/2022,0.05778825140112821,10.12,10.235,10.004
08/31/2022,0.05638689564074259,10.12,10.232,10.007
08/22/2022,0.05643830259672947,10.11,10.222,9.997
08/19/2022,0.05715111547467828,10.1,10.214,9.985
08/15/2022,0.056579589959631305,10.1,10.213,9.986
08/12/2022,0.057933151131282466,10.09,10.205,9.974
08/11/2022,0.058917314942213826,10.08,10.197,9.962
08/09/2022,0.05468089245796938,10.08,10.189,9.97
08/05/2022,0.0543599116997076,10.07,10.178,9.961
08/04/2022,0.054863466897380954,10.07,10.179,9.96
08/03/2022,0.054129474410897556,10.06,10.168,9.951
07/27/2022,0.05371219600798335,10.06,10.167,9.952
07/26/2022,0.05282045058497715,10.05,10.155,9.944
07/14/2022,0.027748873851023648,10.04,10.095,9.984
07/01/2022,0.026925824035672903,10.04,10.093,9.986
06/23/2022,0.026925824035672903,10.04,10.093,9.986
06/22/2022,0.027658633371878974,10.04,10.095,9.984
06/21/2022,0.02692582403567277,10.04,10.093,9.986
06/15/2022,0.02720294101747109,10.04,10.094,9.985
06/14/2022,0.02924038303442718,10.03,10.088,9.971
06/13/2022,0.030495901363954036,10.03,10.09,9.969
06/09/2022,0.019874606914351903,10.02,10.059,9.98
06/07/2022,0.020736441353327664,10.02,10.061,9.978
06/03/2022,0.02024845673131655,10.02,10.06,9.979
05/20/2022,0.02085665361461415,10.02,10.061,9.978
05/13/2022,0.022693611435820302,10.02,10.065,9.974
05/12/2022,0.023237900077244463,10.01,10.056,9.963
05/10/2022,0.025690465157330124,10.01,10.061,9.958
05/03/2022,0.02792848008753767,10.01,10.065,9.954
04/28/2022,0.0293257565972301,10.01,10.068,9.951
04/26/2022,0.029664793948382468,10.0,10.059,9.94
04/25/2022,0.029664793948382468,10.0,10.059,9.94
04/14/2022,0.02889636655359947,10.0,10.057,9.942
04/13/2022,0.02846049894151515,9.99,10.046,9.933
04/12/2022,0.030495901363953686,9.99,10.05,9.929
04/06/2022,0.029410882339705343,9.98,10.038,9.921
04/01/2022,0.0313049516849969,9.97,10.032,9.907
03/31/2022,0.02966479394838268,9.97,10.029,9.91
03/29/2022,0.02872281323269015,9.96,10.017,9.902
03/25/2022,0.02932575659723046,9.96,10.018,9.901
03/22/2022,0.029916550603303376,9.96,10.019,9.9
03/21/2022,0.03016620625799698,9.95,10.01,9.889
03/15/2022,0.029495762407505465,9.95,10.008,9.891
03/14/2022,0.027386127875258404,9.95,10.004,9.895
03/11/2022,0.026267851073127475,9.95,10.002,9.897
03/09/2022,0.026267851073127648,9.94,9.992,9.887
02/23/2022,0.025396850198400715,9.94,9.99,9.889
02/17/2022,0.025980762113533392,9.93,9.981,9.878
02/16/2022,0.025495097567964076,9.93,9.98,9.879
02/15/2022,0.02397915761656368,9.93,9.977,9.882
02/10/2022,0.02269361143582042,9.93,9.975,9.884
01/31/2022,0.018708286933869736,9.92,9.957,9.882
01/27/2022,0.016583123951776912,9.92,9.953,9.886
01/21/2022,0.017320508075688662,9.92,9.954,9.885
01/20/2022,0.017888543819998184,9.92,9.955,9.884
01/19/2022,0.018439088914585622,9.92,9.956,9.883
01/13/2022,0.018439088914585622,9.92,9.956,9.883
01/12/2022,0.01949358868961774,9.92,9.958,9.881
01/11/2022,0.0193649167310369,9.92,9.958,9.881
01/07/2022,0.01987460691435159,9.92,9.959,9.88
01/03/2022,0.019999999999999796,9.92,9.959,9.88
12/31/2021,0.020124611797497898,9.92,9.96,9.879
12/30/2021,0.019621620728165968,9.92,9.959,9.88
12/23/2021,0.019137868219840832,9.92,9.958,9.881
12/17/2021,0.016163477348639717,9.92,9.952,9.887
12/16/2021,0.017488796413704096,9.91,9.944,9.875
12/10/2021,0.019515583516769186,9.91,9.949,9.87
12/07/2021,0.02184280201805604,9.91,9.953,9.866
12/02/2021,0.025402913218762764,9.91,9.96,9.859
11/29/2021,0.031731813689103695,9.9,9.963,9.836
11/26/2021,0.03635805275313833,9.9,9.972,9.827
11/23/2021,0.04217236061687774,9.89,9.974,9.805
11/22/2021,0.04334175815538621,9.89,9.976,9.803
11/19/2021,0.04213203057057646,9.88,9.964,9.795
11/18/2021,0.0,0.0,0.0,0.0
11/17/2021,0.0,0.0,0.0,0.0
11/16/2021,0.0,0.0,0.0,0.0
11/10/2021,0.0,0.0,0.0,0.0
11/03/2021,0.0,0.0,0.0,0.0
11/02/2021,0.0,0.0,0.0,0.0
11/01/2021,0.0,0.0,0.0,0.0
10/29/2021,0.0,0.0,0.0,0.0
10/26/2021,0.0,0.0,0.0,0.0
10/25/2021,0.0,0.0,0.0,0.0
10/18/2021,0.0,0.0,0.0,0.0
10/15/2021,0.0,0.0,0.0,0.0
10/14/2021,0.0,0.0,0.0,0.0
10/13/2021,0.0,0.0,0.0,0.0
10/12/2021,0.0,0.0,0.0,0.0
10/11/2021,0.0,0.0,0.0,0.0
10/08/2021,0.0,0.0,0.0,0.0
10/06/2021,0.0,0.0,0.0,0.0
10/05/2021,0.0,0.0,0.0,0.0
