12/30/2022,0.4794736697671729,1.73,2.688,0.771
12/29/2022,0.5298914983277238,1.8,2.859,0.74
12/28/2022,0.5500409075696098,1.88,2.98,0.779
12/27/2022,0.5449311883164699,1.96,3.049,0.87
12/23/2022,0.5270436414567583,2.04,3.094,0.985
12/22/2022,0.5268918295058295,2.12,3.173,1.066
12/21/2022,0.5197739893453692,2.19,3.229,1.15
12/20/2022,0.5015575739633487,2.25,3.253,1.246
12/19/2022,0.4784610746967824,2.32,3.276,1.363
12/16/2022,0.43853164081967905,2.38,3.257,1.502
12/15/2022,0.40421528917150074,2.44,3.248,1.631
12/14/2022,0.37913717834050514,2.5,3.258,1.741
12/13/2022,0.36636047821783396,2.56,3.292,1.827
12/12/2022,0.3454779298305465,2.62,3.31,1.929
12/09/2022,0.3202577087284551,2.67,3.31,2.029
12/08/2022,0.2708597423021738,2.71,3.251,2.168
12/07/2022,0.22423202269078335,2.73,3.178,2.281
12/06/2022,0.18006943105369103,2.76,3.12,2.399
12/05/2022,0.1569554076800159,2.77,3.083,2.456
12/02/2022,0.1523482851889052,2.78,3.084,2.475
12/01/2022,0.15668439615992397,2.76,3.073,2.446
11/30/2022,0.1568279311857425,2.75,3.063,2.436
11/29/2022,0.1570668647423765,2.75,3.064,2.435
11/28/2022,0.16158589047314742,2.75,3.073,2.426
11/25/2022,0.1640426773739078,2.74,3.068,2.411
11/23/2022,0.16238842323269229,2.73,3.054,2.405
11/22/2022,0.16562004709575467,2.74,3.071,2.408
11/21/2022,0.16542369842317028,2.74,3.07,2.409
11/18/2022,0.1994993734326,2.71,3.108,2.311
11/17/2022,0.2408318915758459,2.68,3.161,2.198
11/16/2022,0.27568097504180444,2.64,3.191,2.088
11/15/2022,0.2989732429499336,2.6,3.197,2.002
11/14/2022,0.28342547521350303,2.56,3.126,1.993
11/11/2022,0.26732938484199603,2.53,3.064,1.995
11/10/2022,0.24700202428320303,2.49,2.984,1.995
11/09/2022,0.24675899173079796,2.48,2.973,1.986
11/08/2022,0.2482136176763878,2.48,2.976,1.983
11/07/2022,0.24424373072813974,2.47,2.958,1.981
11/04/2022,0.23557376763977783,2.45,2.921,1.978
11/03/2022,0.23320591759215722,2.44,2.906,1.973
11/02/2022,0.24541801074900763,2.46,2.95,1.969
11/01/2022,0.2649339540338309,2.47,2.999,1.94
10/31/2022,0.28484206150075525,2.49,3.059,1.92
10/28/2022,0.28625163754990124,2.49,3.062,1.917
10/27/2022,0.2872281323269015,2.49,3.064,1.915
10/26/2022,0.2920188350089768,2.5,3.084,1.915
10/25/2022,0.3028448447637833,2.5,3.105,1.894
10/24/2022,0.31289774687587635,2.51,3.135,1.884
10/21/2022,0.3289680835582686,2.56,3.217,1.902
10/20/2022,0.33227247854735126,2.61,3.274,1.945
10/19/2022,0.3368233958619858,2.67,3.343,1.996
10/18/2022,0.33100604224092345,2.74,3.402,2.077
10/17/2022,0.35179539508072016,2.79,3.493,2.086
10/14/2022,0.3646985056179967,2.85,3.579,2.12
10/13/2022,0.3767492534830029,2.91,3.663,2.156
10/12/2022,0.40034984700883797,2.98,3.78,2.179
10/11/2022,0.43009882585284975,3.07,3.93,2.209
10/10/2022,0.4586883473558054,3.14,4.057,2.222
10/07/2022,0.49243781333281056,3.24,4.224,2.255
10/06/2022,0.5169574450571343,3.33,4.363,2.296
10/05/2022,0.5278115193892607,3.39,4.445,2.334
10/04/2022,0.5375686002734907,3.45,4.525,2.374
10/03/2022,0.5390732788777423,3.5,4.578,2.421
09/30/2022,0.5081781183797666,3.56,4.576,2.543
09/29/2022,0.4690788846238978,3.63,4.568,2.691
09/28/2022,0.43915259306988047,3.69,4.568,2.811
09/27/2022,0.4223209679852517,3.75,4.594,2.905
09/26/2022,0.379117396066179,3.81,4.568,3.051
09/23/2022,0.3515181360897329,3.86,4.563,3.156
09/22/2022,0.33955117434637155,3.93,4.609,3.25
09/21/2022,0.32155092909211136,3.99,4.633,3.346
09/20/2022,0.29135888522576414,4.04,4.622,3.457
09/19/2022,0.2600576859083384,4.08,4.6,3.559
09/16/2022,0.23201293067413284,4.14,4.604,3.675
09/15/2022,0.2574587345575986,4.2,4.714,3.685
09/14/2022,0.3277346487632945,4.27,4.925,3.614
09/13/2022,0.45460972272928785,4.36,5.269,3.45
09/12/2022,0.5079812988683736,4.43,5.445,3.414
09/09/2022,0.5812142462121864,4.5,5.662,3.337
09/08/2022,0.6248319774147287,4.57,5.819,3.32
09/07/2022,0.6255597493445371,4.62,5.871,3.368
09/06/2022,0.6128743753821007,4.65,5.875,3.424
09/02/2022,0.5995748493724533,4.7,5.899,3.5
09/01/2022,0.5716379973374759,4.74,5.883,3.596
08/31/2022,0.5423375332760956,4.78,5.864,3.695
08/30/2022,0.5253237097257272,4.83,5.88,3.779
08/29/2022,0.5018864413390743,4.86,5.863,3.856
08/26/2022,0.46952635708765067,4.89,5.829,3.95
08/25/2022,0.4447808449112889,4.92,5.809,4.03
08/24/2022,0.4371384220129821,4.94,5.814,4.065
08/23/2022,0.42214334058468816,4.97,5.814,4.125
08/22/2022,0.3970705227034613,4.99,5.784,4.195
08/19/2022,0.36009026646106385,5.03,5.75,4.309
08/18/2022,0.3408518739863402,5.06,5.741,4.378
08/17/2022,0.3406464442791088,5.07,5.751,4.388
08/16/2022,0.3465544690232691,5.08,5.773,4.386
08/15/2022,0.3130495168499705,5.06,5.686,4.433
08/12/2022,0.3003914113286197,5.04,5.64,4.439
08/11/2022,0.2610651259743438,5.02,5.542,4.497
08/10/2022,0.2271673392017435,4.99,5.444,4.535
08/09/2022,0.2283965849131724,4.99,5.446,4.533
08/08/2022,0.23538266716136938,5.03,5.5,4.559
08/05/2022,0.23700210969525146,5.03,5.504,4.555
08/04/2022,0.22447717033141706,5.06,5.508,4.611
08/03/2022,0.22608626672135582,5.09,5.542,4.637
08/02/2022,0.2268589870382041,5.08,5.533,4.626
08/01/2022,0.21691011963483875,5.1,5.533,4.666
07/29/2022,0.1921848068917001,5.12,5.504,4.735
07/28/2022,0.1765502761255276,5.13,5.483,4.776
07/27/2022,0.1686119805945,5.14,5.477,4.802
07/26/2022,0.18453996857049704,5.17,5.539,4.8
07/25/2022,0.24066574330386126,5.23,5.711,4.748
07/22/2022,0.31403025331964446,5.29,5.918,4.661
07/21/2022,0.3762645346029838,5.35,6.102,4.597
07/20/2022,0.37545305964927234,5.36,6.11,4.609
07/19/2022,0.37624460129017134,5.36,6.112,4.607
07/18/2022,0.3755862084794915,5.36,6.111,4.608
07/15/2022,0.37482662658888044,5.37,6.119,4.62
07/14/2022,0.3746131337793698,5.37,6.119,4.62
07/13/2022,0.36732138516563395,5.38,6.114,4.645
07/12/2022,0.36983780228635366,5.38,6.119,4.64
07/11/2022,0.390915591912116,5.4,6.181,4.618
07/08/2022,0.5484751589634667,5.51,6.606,4.413
07/07/2022,0.6844632933912528,5.62,6.988,4.251
07/06/2022,0.7565249500181737,5.7,7.213,4.186
07/05/2022,0.7801858752887033,5.8,7.36,4.239
07/01/2022,0.8314174643342538,5.91,7.572,4.247
06/30/2022,0.8725365321864753,6.03,7.775,4.284
06/29/2022,0.8651705034269257,6.13,7.86,4.399
06/28/2022,0.8659590059581342,6.24,7.971,4.508
06/27/2022,0.8930649472462794,6.34,8.126,4.553
06/24/2022,0.9003416018378801,6.39,8.19,4.589
06/23/2022,0.9030199333348073,6.42,8.226,4.613
06/22/2022,0.9023275458501752,6.43,8.234,4.625
06/21/2022,0.8734901258743569,6.5,8.246,4.753
06/17/2022,0.8429056886745989,6.56,8.245,4.874
06/16/2022,0.7990556926773001,6.64,8.238,5.041
06/15/2022,0.7324411239137245,6.71,8.174,5.245
06/14/2022,0.6740586027935553,6.78,8.128,5.431
06/13/2022,0.5608609453331548,6.85,7.971,5.728
06/10/2022,0.3881687777243296,6.94,7.716,6.163
06/09/2022,0.43370496884402887,6.92,7.787,6.052
06/08/2022,0.5822370651203855,6.82,7.984,5.655
06/07/2022,0.6169116630442321,6.73,7.963,5.496
06/06/2022,0.6193383566355309,6.68,7.918,5.441
06/03/2022,0.617106149701978,6.67,7.904,5.435
06/02/2022,0.6011156294757275,6.63,7.832,5.427
06/01/2022,0.5743387502162814,6.6,7.748,5.451
05/31/2022,0.5792538303714531,6.61,7.768,5.451
05/27/2022,0.557870952819736,6.58,7.695,5.464
05/26/2022,0.5228718772318894,6.55,7.595,5.504
05/25/2022,0.5320385324391458,6.56,7.624,5.495
05/24/2022,0.5359710813094304,6.56,7.631,5.488
05/23/2022,0.5348037023058086,6.57,7.639,5.5
05/20/2022,0.539949071672505,6.58,7.659,5.5
05/19/2022,0.5397962578603154,6.58,7.659,5.5
05/18/2022,0.5332494725735788,6.56,7.626,5.493
05/17/2022,0.533549435385326,6.56,7.627,5.492
05/16/2022,0.525057139747666,6.53,7.58,5.479
05/13/2022,0.5411469301400499,6.5,7.582,5.417
05/12/2022,0.5392031157180011,6.5,7.578,5.421
05/11/2022,0.503726116059114,6.55,7.557,5.542
05/10/2022,0.3844216435113923,6.61,7.378,5.841
05/09/2022,0.3257376244771242,6.64,7.291,5.988
05/06/2022,0.33059038098529114,6.64,7.301,5.978
05/05/2022,0.3423010371003861,6.62,7.304,5.935
05/04/2022,0.3406097473649278,6.62,7.301,5.938
05/03/2022,0.32882366094914756,6.61,7.267,5.952
05/02/2022,0.3313004678535784,6.61,7.272,5.947
04/29/2022,0.3379940827884416,6.63,7.305,5.954
04/28/2022,0.32968924762569973,6.62,7.279,5.96
04/27/2022,0.3072783754187723,6.6,7.214,5.985
04/26/2022,0.3140780157858872,6.61,7.238,5.981
04/25/2022,0.321861771572829,6.62,7.263,5.976
04/22/2022,0.3163779385481863,6.62,7.252,5.987
04/21/2022,0.3263816784073517,6.63,7.282,5.977
04/20/2022,0.33075670817082453,6.62,7.281,5.958
04/19/2022,0.3303634362334911,6.62,7.28,5.959
04/18/2022,0.3357156534926543,6.61,7.281,5.938
04/14/2022,0.30021658848238203,6.64,7.24,6.039
04/13/2022,0.30813957876261194,6.62,7.236,6.003
04/12/2022,0.3778690249279504,6.56,7.315,5.804
04/11/2022,0.48163783074006966,6.51,7.473,5.546
04/08/2022,0.602378618478445,6.44,7.644,5.235
04/07/2022,0.6713382158048208,6.38,7.722,5.037
04/06/2022,0.7150978953961479,6.33,7.76,4.899
04/05/2022,0.7538235867893762,6.27,7.777,4.762
04/04/2022,0.7946288441782113,6.17,7.759,4.58
04/01/2022,0.8107650707819128,6.06,7.681,4.438
03/31/2022,0.8316098845011404,5.95,7.613,4.286
03/30/2022,0.8089653886292046,5.92,7.537,4.302
03/29/2022,0.788695124873991,5.89,7.467,4.312
03/28/2022,0.7492663077971677,5.85,7.348,4.351
03/25/2022,0.7194894022847037,5.83,7.268,4.391
03/24/2022,0.6893475175845636,5.8,7.178,4.421
03/23/2022,0.6407534627296213,5.76,7.041,4.478
03/22/2022,0.6265620480048246,5.73,6.983,4.476
03/21/2022,0.6394098841901025,5.74,7.018,4.461
03/18/2022,0.6570464214954681,5.76,7.074,4.445
03/17/2022,0.6693915147355846,5.77,7.108,4.431
03/16/2022,0.721900270120465,5.81,7.253,4.366
03/15/2022,0.7788067796315079,5.89,7.447,4.332
03/14/2022,0.7889201480504857,5.97,7.547,4.392
03/11/2022,0.7689538347651309,6.08,7.617,4.542
03/10/2022,0.7643919151848744,6.18,7.708,4.651
03/09/2022,0.7506030908542811,6.27,7.771,4.768
03/08/2022,0.7231908461810065,6.35,7.796,4.903
03/07/2022,0.6742106495747454,6.47,7.818,5.121
03/04/2022,0.583588039630697,6.59,7.757,5.422
03/03/2022,0.4137873850179582,6.7,7.527,5.872
03/02/2022,0.40880924647077144,6.76,7.577,5.942
03/01/2022,0.44675496639656953,6.83,7.723,5.936
02/28/2022,0.4448876262608345,6.89,7.779,6.0
02/25/2022,0.4317117093616989,6.92,7.783,6.056
02/24/2022,0.39581561363847173,6.96,7.751,6.168
02/23/2022,0.4028213003305559,7.04,7.845,6.234
02/22/2022,0.38680098241860755,7.15,7.923,6.376
02/18/2022,0.4110960958218893,7.22,8.042,6.397
02/17/2022,0.5209222590751905,7.33,8.371,6.288
02/16/2022,0.6380399674001621,7.46,8.736,6.183
02/15/2022,0.7594932521095892,7.57,9.088,6.051
02/14/2022,0.8227210949039777,7.67,9.315,6.024
02/11/2022,0.8696263565463043,7.79,9.529,6.05
02/10/2022,0.9408267640750874,7.93,9.811,6.048
02/09/2022,0.9962705455848828,8.05,10.042,6.057
02/08/2022,1.0124820986071803,8.18,10.204,6.155
02/07/2022,1.0085311100803982,8.31,10.327,6.292
02/04/2022,0.9971233624782844,8.41,10.404,6.415
02/03/2022,0.9748128025421087,8.5,10.449,6.55
02/02/2022,0.9292712198276668,8.62,10.478,6.761
02/01/2022,0.8825417837133832,8.71,10.475,6.944
01/31/2022,0.8591507434670589,8.79,10.508,7.071
01/28/2022,0.8025989035626699,8.85,10.455,7.244
01/27/2022,0.6937146387384369,8.93,10.317,7.542
01/26/2022,0.5409805911490726,9.0,10.081,7.918
01/25/2022,0.4851546145302547,9.03,10.0,8.059
01/24/2022,0.45408699607013636,9.05,9.958,8.141
01/21/2022,0.44710736965520953,9.06,9.954,8.165
01/20/2022,0.5134150367879774,9.01,10.036,7.983
01/19/2022,0.5543058722402283,8.95,10.058,7.841
01/18/2022,0.5743779243668756,8.89,10.038,7.741
01/14/2022,0.6023993691895769,8.83,10.034,7.625
01/13/2022,0.6324792486714487,8.76,10.024,7.495
01/12/2022,0.6434827115004724,8.65,9.936,7.363
01/11/2022,0.6413033603529613,8.54,9.822,7.257
01/10/2022,0.6118905130822019,8.46,9.683,7.236
01/07/2022,0.5695831809314599,8.42,9.559,7.28
01/06/2022,0.5403332305161326,8.38,9.46,7.299
01/05/2022,0.5185990744303349,8.36,9.397,7.322
01/04/2022,0.46902558565604935,8.32,9.258,7.381
01/03/2022,0.42477641177447695,8.29,9.139,7.44
12/31/2021,0.3859987046610389,8.21,8.981,7.438
12/30/2021,0.37826577957832763,8.2,8.956,7.443
12/29/2021,0.3714835124201342,8.19,8.932,7.447
12/28/2021,0.38475316762828604,8.21,8.979,7.44
12/27/2021,0.43167696255417665,8.24,9.103,7.376
12/23/2021,0.4549560418326149,8.26,9.169,7.35
12/22/2021,0.5003298911718148,8.32,9.32,7.319
12/21/2021,0.5158391222076899,8.38,9.411,7.348
12/20/2021,0.5527476820394638,8.44,9.545,7.334
12/17/2021,0.5494087731370879,8.48,9.578,7.381
12/16/2021,0.5397916264633976,8.49,9.569,7.41
12/15/2021,0.518965316760186,8.54,9.577,7.502
12/14/2021,0.48427781283061083,8.62,9.588,7.651
12/13/2021,0.4515141193805573,8.72,9.623,7.816
12/10/2021,0.42311345996080074,8.78,9.626,7.933
12/09/2021,0.4559495586136696,8.82,9.731,7.908
12/08/2021,0.4799270777941167,8.88,9.839,7.92
12/07/2021,0.5139552509703545,8.93,9.957,7.902
12/06/2021,0.5213492111819102,8.98,10.022,7.937
12/03/2021,0.5468180684651889,9.05,10.143,7.956
12/02/2021,0.4537730710388177,9.15,10.057,8.242
12/01/2021,0.4260457721888576,9.2,10.052,8.347
11/30/2021,0.4036582713137438,9.27,10.077,8.462
11/29/2021,0.4029143829649172,9.33,10.135,8.524
11/26/2021,0.44400450448165507,9.38,10.268,8.491
11/24/2021,0.5039295585694493,9.46,10.467,8.452
11/23/2021,0.5379962825150375,9.51,10.585,8.434
11/22/2021,0.8094195451062446,9.68,11.298,8.061
11/19/2021,1.1082418508610834,9.87,12.086,7.653
11/18/2021,1.2696042690539442,10.08,12.619,7.54
11/17/2021,1.2563379322459383,10.25,12.762,7.737
11/16/2021,1.206115666095089,10.34,12.752,7.927
11/15/2021,1.1967038062946067,10.35,12.743,7.956
11/12/2021,1.1804427135613145,10.39,12.75,8.029
11/11/2021,1.150617225666294,10.44,12.741,8.138
11/10/2021,1.1419216260321896,10.45,12.733,8.166
11/09/2021,1.1320247347120997,10.47,12.734,8.205
11/08/2021,1.125830804339622,10.48,12.731,8.228
11/05/2021,1.1114832432385113,10.5,12.722,8.277
11/04/2021,1.1097342024106491,10.5,12.719,8.28
11/03/2021,1.0937161423331008,10.53,12.717,8.342
11/02/2021,1.0765128889149445,10.55,12.703,8.396
11/01/2021,1.067276908772976,10.57,12.704,8.435
10/29/2021,1.0643213800351845,10.57,12.698,8.441
10/28/2021,1.0688475101715864,10.56,12.697,8.422
10/27/2021,1.075764844192261,10.53,12.681,8.378
10/26/2021,1.080789063601219,10.51,12.671,8.348
10/25/2021,0.9987742487669572,10.4,12.397,8.402
10/22/2021,0.7689928478210963,10.25,11.787,8.712
10/21/2021,0.4320300915445589,10.1,10.964,9.235
10/20/2021,0.19346834366376345,10.01,10.396,9.623
10/19/2021,0.1734070356127457,9.99,10.336,9.643
10/18/2021,0.10064790112068901,10.02,10.221,9.818
10/15/2021,0.049142649501222296,10.0,10.098,9.901
10/14/2021,0.04759201613716296,9.99,10.085,9.894
10/13/2021,0.03185906464414764,10.0,10.063,9.936
10/12/2021,0.034496376621320414,10.0,10.068,9.931
10/11/2021,0.03674234614174747,10.0,10.073,9.926
10/08/2021,0.03814446224552116,10.0,10.076,9.923
10/07/2021,0.03924283374069703,9.99,10.068,9.911
10/06/2021,0.040187062594820154,9.99,10.07,9.909
10/05/2021,0.04068169121361588,9.99,10.071,9.908
10/04/2021,0.04123105625617648,9.99,10.072,9.907
10/01/2021,0.04272001872658758,9.99,10.075,9.904
09/30/2021,0.04376071297408199,9.98,10.067,9.892
09/29/2021,0.04444097208657786,9.98,10.068,9.891
09/28/2021,0.044440972086577955,9.98,10.068,9.891
09/27/2021,0.04318564576337837,9.97,10.056,9.883
09/24/2021,0.027477263328068362,9.96,10.014,9.905
09/23/2021,0.02539685019840092,9.95,10.0,9.899
09/22/2021,0.02489979919597772,9.95,9.999,9.9
09/21/2021,0.02439262183530111,9.95,9.998,9.901
09/20/2021,0.022803508501982858,9.95,9.995,9.904
09/17/2021,0.02133072900770171,9.94,9.982,9.897
09/16/2021,0.018708286933869785,9.94,9.977,9.902
09/15/2021,0.01322875655532294,9.94,9.966,9.913
09/14/2021,0.01322875655532294,9.94,9.966,9.913
09/13/2021,0.01322875655532294,9.94,9.966,9.913
09/10/2021,0.015811388300841785,9.94,9.971,9.908
09/09/2021,0.015811388300841785,9.94,9.971,9.908
09/08/2021,0.01923538406167135,9.94,9.978,9.901
09/07/2021,0.02073644135332775,9.94,9.981,9.898
09/03/2021,0.022135943621178707,9.94,9.984,9.895
09/02/2021,0.022248595461287036,9.94,9.984,9.895
09/01/2021,0.025980762113533257,9.94,9.991,9.888
08/31/2021,0.04123105625617665,9.95,10.032,9.867
08/30/2021,0.0646142399166004,9.96,10.089,9.83
08/27/2021,0.10730796801729116,9.98,10.194,9.765
08/26/2021,0.16546903033498447,10.02,10.35,9.689
08/25/2021,0.2041078146470635,10.05,10.458,9.641
08/24/2021,0.23223910092833214,10.08,10.544,9.615
08/23/2021,0.24876695922087408,10.11,10.607,9.612
08/20/2021,0.25976912826585075,10.14,10.659,9.62
08/19/2021,0.255352697264,10.16,10.67,9.649
08/18/2021,0.2580116276449572,10.18,10.696,9.663
08/17/2021,0.28360183356247887,10.23,10.797,9.662
08/16/2021,0.3007074990750978,10.27,10.871,9.668
08/13/2021,0.2945165530152761,10.3,10.889,9.71
08/12/2021,0.29850460632961745,10.34,10.937,9.742
08/11/2021,0.29588004326077805,10.38,10.971,9.788
08/10/2021,0.29220711832534113,10.42,11.004,9.835
08/09/2021,0.30300165016052294,10.47,11.076,9.863
08/06/2021,0.30369392486515095,10.52,11.127,9.912
08/05/2021,0.3005411785429742,10.58,11.181,9.978
08/04/2021,0.2859195691099158,10.63,11.201,10.058
08/03/2021,0.29575327555244413,10.7,11.291,10.108
08/02/2021,0.31973426466364213,10.76,11.399,10.12
07/30/2021,0.34192104351735936,10.82,11.503,10.136
07/29/2021,0.36573897796105903,10.86,11.591,10.128
07/28/2021,0.3846751876583672,10.91,11.679,10.14
07/27/2021,0.39170141689812665,10.95,11.733,10.166
07/26/2021,0.39203953882229786,10.99,11.774,10.205
07/23/2021,0.38236108588610324,11.04,11.804,10.275
07/22/2021,0.33540274298222433,11.08,11.75,10.409
07/21/2021,0.3045242190696827,11.12,11.729,10.51
07/20/2021,0.3007158126869954,11.15,11.751,10.548
07/19/2021,0.3071074730448611,11.19,11.804,10.575
07/16/2021,0.26308743793651584,11.23,11.756,10.703
07/15/2021,0.25522539058643834,11.28,11.79,10.769
07/14/2021,0.22743130831088323,11.31,11.764,10.855
07/13/2021,0.21810547906918798,11.37,11.806,10.933
07/12/2021,0.24961971076018824,11.42,11.919,10.92
07/09/2021,0.26721714016881487,11.47,12.004,10.935
07/08/2021,0.2744540034322692,11.51,12.058,10.961
07/07/2021,0.28090923801114137,11.57,12.131,11.008
07/06/2021,0.2980520088843557,11.61,12.206,11.013
07/02/2021,0.30366922794382717,11.63,12.237,11.022
07/01/2021,0.30736785778607373,11.65,12.264,11.035
06/30/2021,0.31357614705203596,11.67,12.297,11.042
06/29/2021,0.3274675556448304,11.7,12.354,11.045
06/28/2021,0.3370608253713268,11.74,12.414,11.065
06/25/2021,0.3476636305396353,11.79,12.485,11.094
06/24/2021,0.3469654161440301,11.83,12.523,11.136
06/23/2021,0.3267491392490576,11.89,12.543,11.236
06/22/2021,0.28592831269393393,11.94,12.511,11.368
06/21/2021,0.2753997095132819,11.99,12.54,11.439
06/18/2021,0.3107088669478231,12.05,12.671,11.428
06/17/2021,0.35419627327232006,12.14,12.848,11.431
06/16/2021,0.3642183411087365,12.2,12.928,11.471
06/15/2021,0.38107085955239334,12.28,13.042,11.517
06/14/2021,0.37108624334512835,12.31,13.052,11.567
06/11/2021,0.3662922330598887,12.33,13.062,11.597
06/10/2021,0.3628842790752995,12.34,13.065,11.614
06/09/2021,0.35997916606381525,12.34,13.059,11.62
06/08/2021,0.3762313118282421,12.32,13.072,11.567
06/07/2021,0.3862447410645224,12.31,13.082,11.537
06/04/2021,0.38789173747322847,12.31,13.085,11.534
06/03/2021,0.38540238712286157,12.31,13.08,11.539
06/02/2021,0.3834840283505952,12.32,13.086,11.553
06/01/2021,0.3825375798532742,12.32,13.085,11.554
05/28/2021,0.38416793202973115,12.31,13.078,11.541
05/27/2021,0.3848960898736179,12.31,13.079,11.54
05/26/2021,0.3878079421569395,12.3,13.075,11.524
05/25/2021,0.42889975518761964,12.26,13.117,11.402
05/24/2021,0.4530176596999283,12.23,13.136,11.323
05/21/2021,0.48087420392447755,12.18,13.141,11.218
05/20/2021,0.4638103060519463,12.14,13.067,11.212
05/19/2021,0.4002749055336844,12.08,12.88,11.279
05/18/2021,0.36086701151532263,12.04,12.761,11.318
05/17/2021,0.2814160620860153,11.95,12.512,11.387
05/14/2021,0.25327850283827874,11.92,12.426,11.413
05/13/2021,0.23339880033967594,11.9,12.366,11.433
05/12/2021,0.3571064267133819,11.95,12.664,11.235
05/11/2021,0.37298793546172504,11.98,12.725,11.234
05/10/2021,0.5035076960682926,12.06,13.067,11.052
05/07/2021,0.5993538187081152,12.15,13.348,10.951
05/06/2021,0.6225150600587911,12.21,13.455,10.964
05/05/2021,0.6312725243506169,12.25,13.512,10.987
05/04/2021,0.6315219711142283,12.27,13.533,11.006
05/03/2021,0.6628876224519508,12.32,13.645,10.994
04/30/2021,0.7265431852271413,12.4,13.853,10.946
04/29/2021,0.7339686641812443,12.44,13.907,10.972
04/28/2021,0.7488891773820745,12.41,13.907,10.912
04/27/2021,0.7605458566056358,12.41,13.931,10.888
04/26/2021,0.8019382769265976,12.38,13.983,10.776
04/23/2021,0.7888060598144516,12.39,13.967,10.812
04/22/2021,0.9756696418358011,12.28,14.231,10.328
04/21/2021,1.1120392304231,12.17,14.394,9.945
04/20/2021,1.221630570180691,12.07,14.513,9.626
04/19/2021,1.2887343597499061,12.0,14.577,9.422
04/16/2021,1.3520230212537065,11.91,14.614,9.205
04/15/2021,1.4057226789093218,11.81,14.621,8.998
04/14/2021,1.4260684590860286,11.65,14.502,8.797
04/13/2021,1.4542407813013636,11.53,14.438,8.621
04/12/2021,1.4135084895394157,11.36,14.187,8.532
04/09/2021,1.342766267821768,11.18,13.865,8.494
04/08/2021,1.2954193336522348,11.04,13.63,8.449
04/07/2021,1.2492702870075796,10.9,13.398,8.401
04/06/2021,1.2085802621257722,10.77,13.187,8.352
04/05/2021,1.0786455627313358,10.62,12.777,8.462
04/01/2021,0.8186215548102799,10.44,12.077,8.802
03/31/2021,0.5880189197636416,10.29,11.466,9.113
03/30/2021,0.4953597177809274,10.21,11.2,9.219
03/29/2021,0.4299781971216682,10.16,11.019,9.3
03/26/2021,0.39346060793934656,10.14,10.926,9.353
03/25/2021,0.18405501894813958,10.08,10.448,9.711
03/24/2021,0.20234870891606888,10.12,10.524,9.715
03/23/2021,0.24123639858031376,10.17,10.652,9.687
03/22/2021,0.27893547640986793,10.22,10.777,9.662
03/19/2021,0.31430081132571075,10.26,10.888,9.631
03/18/2021,0.35303682527464464,10.31,11.016,9.603
03/17/2021,0.3696011363618894,10.34,11.079,9.6
03/16/2021,0.36398488979626603,10.38,11.107,9.652
03/15/2021,0.3697363925826073,10.42,11.159,9.68
03/12/2021,0.35920746094701306,10.45,11.168,9.731
03/11/2021,0.3541327434734043,10.48,11.188,9.771
03/10/2021,0.34766363053963517,10.51,11.205,9.814
03/09/2021,0.33007574888198,10.55,11.21,9.889
03/08/2021,0.30657788569953953,10.59,11.203,9.976
03/05/2021,0.28891175123210194,10.62,11.197,10.042
03/04/2021,0.25640787819409905,10.65,11.162,10.137
03/03/2021,0.21859780419757194,10.69,11.127,10.252
03/02/2021,0.17143511892258254,10.74,11.082,10.397
03/01/2021,0.14030324301312494,10.77,11.05,10.489
02/26/2021,0.1292284798332008,10.78,11.038,10.521
02/25/2021,0.11926860441876563,10.78,11.018,10.541
02/24/2021,0.13322912594474212,10.78,11.046,10.513
02/23/2021,0.13663820841916782,10.77,11.043,10.496
02/22/2021,0.1377316230936089,10.77,11.045,10.494
02/19/2021,0.14577379737113227,10.77,11.061,10.478
02/18/2021,0.14411800720243095,10.77,11.058,10.481
02/17/2021,0.14618481453283694,10.76,11.052,10.467
02/16/2021,0.14390969390558767,10.77,11.057,10.482
02/12/2021,0.15850867484147343,10.75,11.067,10.432
02/11/2021,0.15732132722552253,10.75,11.064,10.435
02/10/2021,0.16650825805346695,10.74,11.073,10.406
02/09/2021,0.17412639087743112,10.72,11.068,10.371
02/08/2021,0.182578750132648,10.71,11.075,10.344
02/05/2021,0.18928814014618006,10.7,11.078,10.321
02/04/2021,0.2015068237057988,10.68,11.083,10.276
02/03/2021,0.2161018278497428,10.66,11.092,10.227
02/02/2021,0.21881499034572532,10.63,11.067,10.192
02/01/2021,0.21849485119791698,10.6,11.036,10.163
01/29/2021,0.2169907832144027,10.57,11.003,10.136
01/28/2021,0.22213734490175194,10.55,10.994,10.105
01/27/2021,0.2294122926087439,10.54,10.998,10.081
01/26/2021,0.23167056351638624,10.53,10.993,10.066
01/25/2021,0.24327196714788152,10.51,10.996,10.023
01/22/2021,0.22770869548614076,10.48,10.935,10.024
01/21/2021,0.19620461258594304,10.44,10.832,10.047
01/20/2021,0.15703900789294364,10.39,10.704,10.075
01/19/2021,0.15320329630918525,10.37,10.676,10.063
01/15/2021,0.12355666716126665,10.35,10.597,10.102
01/14/2021,0.12851556325986374,10.33,10.587,10.072
01/13/2021,0.11507063048406407,10.31,10.54,10.079
01/12/2021,0.11111368052584714,10.29,10.512,10.067
01/11/2021,0.11106867245087616,10.27,10.492,10.047
01/08/2021,0.10902407990898162,10.25,10.468,10.031
01/07/2021,0.10476759995342068,10.23,10.439,10.02
01/06/2021,0.10220689800595646,10.21,10.414,10.005
01/05/2021,0.10023098323372863,10.21,10.41,10.009
01/04/2021,0.0925270230797467,10.2,10.385,10.014
12/31/2020,0.08989577298182583,10.2,10.379,10.02
12/30/2020,0.0893937917307459,10.19,10.368,10.011
12/29/2020,0.08459462157844297,10.18,10.349,10.01
12/28/2020,0.08186116295289221,10.18,10.343,10.016
12/24/2020,0.0703917608815121,10.17,10.31,10.029
12/23/2020,0.08173126696681003,10.16,10.323,9.996
12/22/2020,0.08602325267042615,10.15,10.322,9.977
12/21/2020,0.09265527507918783,10.13,10.315,9.944
12/18/2020,0.11090536506409408,10.12,10.341,9.898
12/17/2020,0.12686607111438422,10.1,10.353,9.846
12/16/2020,0.1265503852226455,10.08,10.333,9.826
12/15/2020,0.1345919759866835,10.06,10.329,9.79
12/14/2020,0.14349216006458326,10.05,10.336,9.763
12/11/2020,0.15023315213360858,10.03,10.33,9.729
12/10/2020,0.15814550262337515,10.02,10.336,9.703
12/09/2020,0.16572567694838355,10.0,10.331,9.668
12/08/2020,0.1685674939008111,9.99,10.327,9.652
12/07/2020,0.1716537211947355,9.98,10.323,9.636
12/04/2020,0.16782431289893607,9.96,10.295,9.624
12/03/2020,0.15485477067239492,9.93,10.239,9.62
12/02/2020,0.14037449910863442,9.92,10.2,9.639
12/01/2020,0.13418271125595882,9.9,10.168,9.631
11/30/2020,0.12393546707863735,9.88,10.127,9.632
11/27/2020,0.0,0.0,0.0,0.0
11/25/2020,0.0,0.0,0.0,0.0
11/24/2020,0.0,0.0,0.0,0.0
11/23/2020,0.0,0.0,0.0,0.0
11/20/2020,0.0,0.0,0.0,0.0
11/19/2020,0.0,0.0,0.0,0.0
11/18/2020,0.0,0.0,0.0,0.0
11/17/2020,0.0,0.0,0.0,0.0
11/16/2020,0.0,0.0,0.0,0.0
11/12/2020,0.0,0.0,0.0,0.0
11/11/2020,0.0,0.0,0.0,0.0
11/10/2020,0.0,0.0,0.0,0.0
11/09/2020,0.0,0.0,0.0,0.0
11/06/2020,0.0,0.0,0.0,0.0
11/04/2020,0.0,0.0,0.0,0.0
10/30/2020,0.0,0.0,0.0,0.0
10/28/2020,0.0,0.0,0.0,0.0
10/26/2020,0.0,0.0,0.0,0.0
10/22/2020,0.0,0.0,0.0,0.0
