10/01/2022,10.785421410403954,55.91,77.48,34.339
07/01/2022,10.846129032977617,56.11,77.802,34.417
04/01/2022,10.726590791113455,56.65,78.103,35.196
01/01/2022,10.717440692628067,56.74,78.174,35.305
10/01/2021,10.651448258335575,56.1,77.402,34.797
07/01/2021,8.325796658578685,54.17,70.821,37.518
04/01/2021,8.230571745024765,53.59,70.051,37.128
01/01/2021,7.298703823282597,52.19,66.787,37.592
10/01/2020,7.004450995617002,50.72,64.728,36.711
07/01/2020,7.432498570467404,49.89,64.754,35.025
04/01/2020,8.291978427974835,48.88,65.463,32.296
01/01/2020,8.752219789859026,48.32,65.824,30.815
10/01/2019,9.111295805207952,48.08,66.302,29.857
07/01/2019,10.08980933913025,47.1,67.279,26.92
04/01/2019,11.307759614530193,45.9,68.515,23.284
01/01/2019,12.19908736340551,44.78,69.178,20.381
10/01/2018,12.906476184458716,43.27,69.082,17.457
07/01/2018,13.38735532134708,42.48,69.254,15.705
04/01/2018,13.808889075519435,40.94,68.557,13.322
01/01/2018,13.996385694171193,38.89,66.882,10.897
10/01/2017,13.464738126398894,36.63,63.559,9.7
07/01/2017,12.942446180108304,34.36,60.244,8.475
04/01/2017,12.285714849979223,32.1,56.671,7.528
01/01/2017,11.68291678852075,29.9,53.265,6.534
10/01/2016,11.283288970863062,27.9,50.466,5.333
07/01/2016,10.994949749771484,26.04,48.029,4.05
04/01/2016,10.274958105145734,23.97,44.519,3.42
01/01/2016,9.568766067915966,22.29,41.427,3.152
10/01/2015,9.133916824807416,20.94,39.207,2.672
07/01/2015,8.532140136712476,19.5,36.564,2.435
04/01/2015,8.231587374680535,18.35,34.813,1.886
01/01/2015,7.454942417718596,16.95,31.859,2.04
10/01/2014,6.699415145816835,15.75,29.148,2.351
07/01/2014,6.297317150223578,14.7,27.294,2.105
04/01/2014,6.196995698764039,13.84,26.233,1.446
01/01/2014,5.916418083181749,12.87,24.702,1.037
10/01/2013,5.721794664220309,11.93,23.373,0.486
07/01/2013,4.761119425040712,10.83,20.352,1.307
04/01/2013,4.001793713324064,10.02,18.023,2.016
01/01/2013,3.654411781463605,9.39,16.698,2.081
10/01/2012,3.1064853935758334,8.74,14.952,2.527
07/01/2012,2.712679769618965,8.25,13.675,2.824
04/01/2012,2.3224909530501945,7.89,12.534,3.245
01/01/2012,2.1111973282950127,7.62,11.842,3.397
10/01/2011,1.9543506201549403,7.37,11.278,3.461
07/01/2011,1.8688387962850086,7.18,10.917,3.442
04/01/2011,1.8633753724088982,7.11,10.836,3.383
01/01/2011,1.6944284207366214,6.97,10.358,3.581
10/01/2010,1.476039031665491,6.86,9.812,3.907
07/01/2010,1.3566209577475945,6.67,9.383,3.956
04/01/2010,1.233706155654579,6.43,8.897,3.962
01/01/2010,1.2474795703737998,6.25,8.744,3.755
10/01/2009,1.1420502521780729,6.05,8.334,3.765
07/01/2009,1.1305387361784647,5.94,8.201,3.678
04/01/2009,1.1971607154012365,5.82,8.214,3.425
01/01/2009,1.1996378113830857,5.82,8.219,3.42
10/01/2008,1.1645049523295297,5.85,8.179,3.52
07/01/2008,1.1449322375145177,5.89,8.179,3.6
04/01/2008,1.1649243445391637,5.8,8.129,3.47
01/01/2008,1.1881342215844135,5.76,8.136,3.383
10/01/2007,1.220246667071867,5.71,8.15,3.269
07/01/2007,1.2477579206320433,5.64,8.135,3.144
04/01/2007,1.2009674135878958,5.52,7.921,3.118
01/01/2007,1.1738443800180671,5.44,7.787,3.092
10/01/2006,1.1814811775902314,5.34,7.702,2.977
07/01/2006,1.2443820848115743,5.19,7.678,2.701
04/01/2006,1.2943906956556819,5.0,7.588,2.411
01/01/2006,1.2053289895294148,4.77,7.18,2.359
10/01/2005,0.8228272133321796,4.49,6.135,2.844
07/01/2005,0.8351629586493885,4.34,6.01,2.669
04/01/2005,0.9610980241369765,4.21,6.132,2.287
01/01/2005,0.9718041044881423,4.16,6.103,2.216
10/01/2004,0.9909301554600103,4.07,6.051,2.088
07/01/2004,0.97147497008415,4.0,5.942,2.057
04/01/2004,0.9976848788570467,4.05,6.045,2.054
01/01/2004,0.9671964213643472,4.02,5.954,2.085
10/01/2003,0.9655647632344503,3.94,5.871,2.008
07/01/2003,0.8626577606443936,3.85,5.575,2.124
04/01/2003,0.8498743433590638,3.78,5.479,2.08
01/01/2003,0.9331994082188436,3.83,5.696,1.963
10/01/2002,0.9566473921984003,3.86,5.773,1.946
07/01/2002,0.9640474866416072,3.87,5.798,1.941
04/01/2002,0.9516159435402498,3.85,5.753,1.946
01/01/2002,0.9004411718707669,3.79,5.59,1.989
10/01/2001,0.8946975519693792,3.77,5.559,1.98
07/01/2001,0.8928133777559563,3.77,5.555,1.984
04/01/2001,0.9010313221525653,3.76,5.562,1.957
01/01/2001,0.9109882222070711,3.75,5.571,1.928
10/01/2000,0.9381618948774245,3.72,5.596,1.843
07/01/2000,0.9701274990948354,3.7,5.64,1.759
04/01/2000,0.9192138869708181,3.73,5.568,1.891
01/01/2000,0.950256691899615,3.69,5.59,1.789
10/01/1999,0.9774837292763496,3.66,5.614,1.705
07/01/1999,1.001344017308737,3.61,5.612,1.607
04/01/1999,0.9628834597187761,3.5,5.425,1.574
01/01/1999,0.9359433105161872,3.4,5.271,1.528
10/01/1998,0.9345873078530437,3.42,5.289,1.55
07/01/1998,0.9283271793931276,3.41,5.266,1.553
04/01/1998,0.9283668929900506,3.41,5.266,1.553
01/01/1998,0.772702238575766,3.25,4.795,1.704
10/01/1997,0.685692678610469,3.12,4.491,1.748
07/01/1997,0.6198474215482387,2.99,4.229,1.75
04/01/1997,0.616115778080711,2.85,4.082,1.617
01/01/1997,0.5980273003801749,2.74,3.936,1.543
10/01/1996,0.605748666114916,2.62,3.831,1.408
07/01/1996,0.6802989390701708,2.5,3.86,1.139
04/01/1996,0.7569459997252116,2.41,3.923,0.896
01/01/1996,0.8055305993567221,2.32,3.931,0.708
10/01/1995,0.858318437993732,2.24,3.956,0.523
07/01/1995,0.9106720142290528,2.16,3.981,0.338
04/01/1995,0.9441124996524514,2.06,3.948,0.171
01/01/1995,0.9672200987882748,1.97,3.904,0.035
10/01/1994,0.9900685082356674,1.89,3.87,-0.09
07/01/1994,1.0056061845971314,1.8,3.811,-0.211
04/01/1994,1.00080802654655,1.7,3.701,-0.301
01/01/1994,0.9828718064936037,1.61,3.575,-0.355
10/01/1993,0.8883686917603524,1.49,3.266,-0.286
07/01/1993,0.7055016063057546,1.33,2.741,-0.081
04/01/1993,0.5530703327787525,1.22,2.326,0.113
01/01/1993,0.45511662571257494,1.13,2.04,0.219
10/01/1992,0.3552127545570401,1.05,1.76,0.339
07/01/1992,0.2748653424860981,0.98,1.529,0.43
04/01/1992,0.25702073165408273,0.97,1.484,0.455
01/01/1992,0.17322665066322793,0.93,1.276,0.583
10/01/1991,0.1704346502328678,0.93,1.27,0.589
07/01/1991,0.17475674522032045,0.94,1.289,0.59
04/01/1991,0.18264944566025923,0.95,1.315,0.584
01/01/1991,0.20470373714224172,0.97,1.379,0.56
10/01/1990,0.23858492722718252,1.0,1.477,0.522
07/01/1990,0.0,0.0,0.0,0.0
04/01/1990,0.0,0.0,0.0,0.0
01/01/1990,0.0,0.0,0.0,0.0
10/01/1989,0.0,0.0,0.0,0.0
07/01/1989,0.0,0.0,0.0,0.0
04/01/1989,0.0,0.0,0.0,0.0
01/01/1989,0.0,0.0,0.0,0.0
10/01/1988,0.0,0.0,0.0,0.0
07/01/1988,0.0,0.0,0.0,0.0
04/01/1988,0.0,0.0,0.0,0.0
01/01/1988,0.0,0.0,0.0,0.0
10/01/1987,0.0,0.0,0.0,0.0
07/01/1987,0.0,0.0,0.0,0.0
04/01/1987,0.0,0.0,0.0,0.0
01/01/1987,0.0,0.0,0.0,0.0
10/01/1986,0.0,0.0,0.0,0.0
07/01/1986,0.0,0.0,0.0,0.0
04/01/1986,0.0,0.0,0.0,0.0
01/01/1986,0.0,0.0,0.0,0.0
