10/01/2022,6.733092157396927,48.65,62.116,35.183
07/01/2022,6.810451893964159,47.88,61.5,34.259
04/01/2022,6.8523941071715955,47.83,61.534,34.125
01/01/2022,6.964195215529215,47.28,61.208,33.351
10/01/2021,7.2601807828731095,46.73,61.25,32.209
07/01/2021,7.663583365502068,45.51,60.837,30.182
04/01/2021,7.411032654090792,44.74,59.562,29.917
01/01/2021,6.854597727073413,43.56,57.269,29.85
10/01/2020,6.771954666121149,43.48,57.023,29.936
07/01/2020,6.745479597478598,43.45,56.94,29.959
04/01/2020,6.737482838568126,43.93,57.404,30.455
01/01/2020,6.589441933881807,44.22,57.398,31.041
10/01/2019,6.408956233272312,44.55,57.367,31.732
07/01/2019,6.2422095447045045,44.22,56.704,31.735
04/01/2019,5.687582526873787,43.66,55.035,32.284
01/01/2019,4.976471139271282,43.23,53.182,33.277
10/01/2018,4.7041370090591546,43.03,52.438,33.621
07/01/2018,4.667309181959131,42.94,52.274,33.605
04/01/2018,4.665562667031706,42.68,52.011,33.348
01/01/2018,4.930565383401787,42.4,52.261,32.538
10/01/2017,5.072485091156011,42.17,52.314,32.025
07/01/2017,5.544634794105019,41.76,52.849,30.67
04/01/2017,5.9980596862652185,41.24,53.236,29.243
01/01/2017,6.65413142340907,40.61,53.918,27.301
10/01/2016,7.131476004306542,40.16,54.422,25.897
07/01/2016,7.568332048740991,39.88,55.016,24.743
04/01/2016,8.243763097032812,39.13,55.617,22.642
01/01/2016,8.497578772803463,38.8,55.795,21.804
10/01/2015,8.38560761066245,37.63,54.401,20.858
07/01/2015,8.369315981608056,36.42,53.158,19.681
04/01/2015,7.977484252569854,35.55,51.504,19.595
01/01/2015,8.028009404578448,34.67,50.726,18.613
10/01/2014,7.853776480139984,33.84,49.547,18.132
07/01/2014,7.935131693929219,32.69,48.56,16.819
04/01/2014,7.823540758505704,31.55,47.197,15.902
01/01/2014,7.529898073679351,29.99,45.049,14.93
10/01/2013,7.2131698995656555,28.26,42.686,13.833
07/01/2013,7.07330333012801,26.66,40.806,12.513
04/01/2013,6.660088587999412,25.48,38.8,12.159
01/01/2013,6.498090488751292,24.59,37.586,11.593
10/01/2012,5.850372637704371,23.95,35.65,12.249
07/01/2012,5.598017506224861,23.67,34.866,12.473
04/01/2012,5.323530313617083,23.32,33.967,12.672
01/01/2012,5.2160296203146705,23.11,33.542,12.677
10/01/2011,5.092973591135144,22.7,32.885,12.514
07/01/2011,5.064636215958655,22.43,32.559,12.3
04/01/2011,5.0435121691139,22.23,32.317,12.142
01/01/2011,4.795596938859646,21.79,31.381,12.198
10/01/2010,4.632598622803405,21.44,30.705,12.174
07/01/2010,4.5811799790010435,21.15,30.312,11.987
04/01/2010,3.9919681862459777,20.57,28.553,12.586
01/01/2010,3.821417930559284,20.38,28.022,12.737
10/01/2009,3.4387577698930762,20.02,26.897,13.142
07/01/2009,3.4335986952467237,20.0,26.867,13.132
04/01/2009,3.425740066029529,19.88,26.731,13.028
01/01/2009,3.871183927430987,20.49,28.232,12.747
10/01/2008,3.562630348492529,21.04,28.165,13.914
07/01/2008,2.9021156076214467,21.54,27.344,15.735
04/01/2008,2.75318905998117,21.65,27.156,16.143
01/01/2008,2.691584106060964,21.69,27.073,16.306
10/01/2007,2.702794849780501,21.42,26.825,16.014
07/01/2007,2.489830315503448,21.2,26.179,16.22
04/01/2007,2.3919793059305507,21.05,25.833,16.266
01/01/2007,2.308842783733877,20.96,25.577,16.342
10/01/2006,2.3531362051526044,20.88,25.586,16.173
07/01/2006,2.389520872476321,20.81,25.589,16.03
04/01/2006,2.6701975582342214,20.53,25.87,15.189
01/01/2006,2.8220019489716868,20.33,25.974,14.685
10/01/2005,2.8763405570272793,20.21,25.962,14.457
07/01/2005,2.879635393587181,20.2,25.959,14.44
04/01/2005,3.0236434975042936,20.02,26.067,13.972
01/01/2005,3.0904433338924044,19.73,25.91,13.549
10/01/2004,3.1119061682512212,19.79,26.013,13.566
07/01/2004,3.103479498885082,19.75,25.956,13.543
04/01/2004,3.1554658927011077,19.93,26.24,13.619
01/01/2004,3.2669198031173035,19.97,26.503,13.436
10/01/2003,3.870656920988994,20.27,28.011,12.528
07/01/2003,5.132991817643975,20.97,31.235,10.704
04/01/2003,5.194830122342789,21.28,31.669,10.89
01/01/2003,6.428945481181187,22.33,35.187,9.472
10/01/2002,7.08341301915962,23.23,37.396,9.063
07/01/2002,7.562239086408205,23.92,39.044,8.795
04/01/2002,7.564410089359249,24.21,39.338,9.081
01/01/2002,7.554126024895269,24.25,39.358,9.141
10/01/2001,7.541934217725583,24.27,39.353,9.186
07/01/2001,7.663182621404765,24.13,39.456,8.803
04/01/2001,7.6780973315985,24.12,39.476,8.763
01/01/2001,7.986543856888286,23.88,39.853,7.906
10/01/2000,8.427183858086876,23.5,40.354,6.645
07/01/2000,8.962819953703187,23.0,40.925,5.074
04/01/2000,9.414561963628472,22.62,41.449,3.79
01/01/2000,9.908877502875894,22.16,41.977,2.342
10/01/1999,10.449775940731936,21.43,42.329,0.53
07/01/1999,10.97831791357401,20.73,42.686,-1.226
04/01/1999,11.424349982012107,19.9,42.748,-2.948
01/01/1999,11.590686129647374,18.7,41.881,-4.481
10/01/1998,11.597472627947866,17.47,40.664,-5.724
07/01/1998,11.096060269325326,15.94,38.132,-6.252
04/01/1998,11.139251031599926,14.91,37.188,-7.368
01/01/1998,9.844974946108294,13.19,32.879,-6.499
10/01/1997,8.36678178211312,11.62,28.353,-5.113
07/01/1997,6.458694414043754,10.05,22.967,-2.867
04/01/1997,5.269872947092748,8.91,19.449,-1.629
01/01/1997,4.247884800521313,7.97,16.465,-0.525
10/01/1996,3.457940504693509,7.22,14.135,0.304
07/01/1996,2.8061918562350647,6.67,12.282,1.057
04/01/1996,2.0772032962615863,6.14,10.294,1.985
01/01/1996,1.6663356906698,5.85,9.182,2.517
10/01/1995,1.3247941645780297,5.65,8.299,3.0
07/01/1995,1.0877737717466807,5.46,7.635,3.284
04/01/1995,0.9117611411438853,5.26,7.083,3.436
01/01/1995,0.7853869256614856,5.17,6.74,3.599
10/01/1994,0.6697827431339209,5.08,6.419,3.74
07/01/1994,0.6389082621941902,5.04,6.317,3.762
04/01/1994,0.6222985356723894,5.03,6.274,3.785
01/01/1994,0.624405531285558,5.03,6.278,3.781
10/01/1993,0.6114932276812229,5.02,6.242,3.797
07/01/1993,0.6113457475111772,5.02,6.242,3.797
04/01/1993,0.6154467669912645,5.01,6.24,3.779
01/01/1993,0.6171733330272784,5.04,6.274,3.805
10/01/1992,0.6157040421338811,5.02,6.251,3.788
07/01/1992,0.5811333091468772,5.05,6.212,3.887
04/01/1992,0.5848849656128973,5.15,6.319,3.98
01/01/1992,0.6083446124525144,5.26,6.476,4.043
10/01/1991,0.5667428976176058,5.33,6.463,4.196
07/01/1991,0.5792042536963968,5.31,6.468,4.151
04/01/1991,0.0,0.0,0.0,0.0
01/01/1991,0.0,0.0,0.0,0.0
10/01/1990,0.0,0.0,0.0,0.0
07/01/1990,0.0,0.0,0.0,0.0
04/01/1990,0.0,0.0,0.0,0.0
01/01/1990,0.0,0.0,0.0,0.0
10/01/1989,0.0,0.0,0.0,0.0
07/01/1989,0.0,0.0,0.0,0.0
04/01/1989,0.0,0.0,0.0,0.0
01/01/1989,0.0,0.0,0.0,0.0
10/01/1988,0.0,0.0,0.0,0.0
07/01/1988,0.0,0.0,0.0,0.0
04/01/1988,0.0,0.0,0.0,0.0
01/01/1988,0.0,0.0,0.0,0.0
10/01/1987,0.0,0.0,0.0,0.0
07/01/1987,0.0,0.0,0.0,0.0
04/01/1987,0.0,0.0,0.0,0.0
01/01/1987,0.0,0.0,0.0,0.0
12/01/1986,0.0,0.0,0.0,0.0
