10/01/2022,16.458600183490695,32.92,65.837,0.002
07/01/2022,15.251051275240012,31.91,62.412,1.407
04/01/2022,13.876613960184956,30.74,58.493,2.986
01/01/2022,12.712345770942513,29.58,55.004,4.155
10/01/2021,11.160685910821073,28.71,51.031,6.388
07/01/2021,11.276975215012225,28.79,51.343,6.236
04/01/2021,11.681567959824571,29.22,52.583,5.856
01/01/2021,11.781451099079433,29.58,53.142,6.017
10/01/2020,11.660509637232844,29.86,53.181,6.538
07/01/2020,11.21056287614498,30.67,53.091,8.248
04/01/2020,10.165964538596425,32.05,52.381,11.718
01/01/2020,10.666082223572065,34.46,55.792,13.127
10/01/2019,10.105647431015987,37.13,57.341,16.918
07/01/2019,11.03639932224274,38.89,60.962,16.817
04/01/2019,12.200314340212717,41.09,65.49,16.689
01/01/2019,14.416762119144508,43.64,72.473,14.806
10/01/2018,14.985024024004767,45.41,75.38,15.439
07/01/2018,14.425541237679784,47.37,76.221,18.518
04/01/2018,14.489173889494186,48.26,77.238,19.281
01/01/2018,14.474380124896541,48.66,77.608,19.711
10/01/2017,14.027636472335603,49.89,77.945,21.834
07/01/2017,13.896695830304411,50.42,78.213,22.626
04/01/2017,13.688659905191598,51.61,78.987,24.232
01/01/2017,12.978071890693164,52.91,78.866,26.953
10/01/2016,13.288341883019116,54.38,80.956,27.803
07/01/2016,13.229454448313431,55.2,81.658,28.741
04/01/2016,12.982742391343981,55.77,81.735,29.804
01/01/2016,13.09697675038022,57.89,84.083,31.696
10/01/2015,13.122186365084136,61.11,87.354,34.865
07/01/2015,11.813124480847563,63.44,87.066,39.813
04/01/2015,10.14977955425634,64.82,85.119,44.52
01/01/2015,10.116974844290166,64.89,85.123,44.656
10/01/2014,10.063424864329242,65.1,85.226,44.973
07/01/2014,10.181905764639545,65.71,86.073,45.346
04/01/2014,10.173279707154425,65.67,86.016,45.323
01/01/2014,9.937475534561079,64.42,84.294,44.545
10/01/2013,10.801489712072128,63.31,84.912,41.707
07/01/2013,10.808295887881679,63.5,85.116,41.883
04/01/2013,12.277246433952525,65.18,89.734,40.625
01/01/2013,16.775130997998197,68.59,102.14,35.039
10/01/2012,18.224525919759888,70.98,107.429,34.53
07/01/2012,18.079167845893792,72.83,108.988,36.671
04/01/2012,17.981880602428657,73.96,109.923,37.996
01/01/2012,17.620928182136147,74.98,110.221,39.738
10/01/2011,17.646575021799556,74.88,110.173,39.586
07/01/2011,17.49522363389505,75.14,110.13,40.149
04/01/2011,17.138262893303978,75.52,109.796,41.243
01/01/2011,17.42850122643941,74.6,109.457,39.742
10/01/2010,17.19584848153763,73.07,107.461,38.678
07/01/2010,17.295316418036418,72.27,106.86,37.679
04/01/2010,17.231139544441046,72.47,106.932,38.007
01/01/2010,17.7121170389087,71.96,107.384,36.535
10/01/2009,18.42524599564413,71.12,107.97,34.269
07/01/2009,19.69947740423588,69.39,108.788,29.991
04/01/2009,21.041566867750127,67.8,109.883,25.716
01/01/2009,22.21047773574445,66.73,111.15,22.309
10/01/2008,23.222814482745196,65.95,112.395,19.504
07/01/2008,24.60664366588828,64.09,113.303,14.876
04/01/2008,25.248400617662895,60.74,111.236,10.243
01/01/2008,22.294013854620257,56.06,100.648,11.471
10/01/2007,20.38414846762062,52.05,92.818,11.281
07/01/2007,19.469693468311206,48.76,87.699,9.82
04/01/2007,18.475867638625257,45.8,82.751,8.848
01/01/2007,17.429282257167102,43.12,77.978,8.261
10/01/2006,16.812406616841027,40.87,74.494,7.245
07/01/2006,16.303193322168514,38.48,71.086,5.873
04/01/2006,15.8970307762173,36.18,67.974,4.385
01/01/2006,15.01245907571441,34.47,64.494,4.445
10/01/2005,13.733407170108952,32.87,60.336,5.403
07/01/2005,11.929033437374548,31.27,55.128,7.411
04/01/2005,8.295350806325192,29.34,45.93,12.749
01/01/2005,6.696359085353771,28.2,41.592,14.807
10/01/2004,5.013035008854417,27.03,37.056,17.003
07/01/2004,4.733493424522738,25.91,35.376,16.443
04/01/2004,4.312441738736884,25.17,33.794,16.545
01/01/2004,4.19477770567166,24.41,32.799,16.02
10/01/2003,4.645009553273276,23.65,32.94,14.359
07/01/2003,4.831134959820518,22.98,32.642,13.317
04/01/2003,5.025299866674625,22.6,32.65,12.549
01/01/2003,5.0514961892492805,22.14,32.242,12.037
10/01/2002,5.062970842301978,21.91,32.035,11.784
07/01/2002,5.089001743957257,21.72,31.898,11.541
04/01/2002,5.059817931507022,21.62,31.739,11.5
01/01/2002,5.056805192016003,21.3,31.413,11.186
10/01/2001,5.191085387469561,20.85,31.232,10.467
07/01/2001,5.236837547604471,20.75,31.223,10.276
04/01/2001,5.472107683516471,20.53,31.474,9.585
01/01/2001,5.589245253162542,19.83,31.008,8.651
10/01/2000,5.426505090755928,18.96,29.813,8.106
07/01/2000,4.893261310210195,18.07,27.856,8.283
04/01/2000,4.286021027713233,17.11,25.682,8.537
01/01/2000,3.7048969283908564,16.25,23.659,8.84
10/01/1999,3.4180456769914587,15.56,22.396,8.723
07/01/1999,3.6855145502358284,15.2,22.571,7.828
04/01/1999,3.595444165885489,14.68,21.87,7.489
01/01/1999,3.5897816785982957,14.35,21.529,7.17
10/01/1998,3.7827164511763236,14.1,21.665,6.534
07/01/1998,3.8585810215673844,13.85,21.567,6.132
04/01/1998,3.8173875229009693,13.67,21.304,6.035
01/01/1998,3.7163569190808357,13.47,20.902,6.037
10/01/1997,3.4703119456325537,13.07,20.01,6.129
07/01/1997,3.3682057538101793,12.49,19.226,5.753
04/01/1997,2.7265848602234994,11.77,17.223,6.316
01/01/1997,2.636988576008626,11.12,16.393,5.846
10/01/1996,0.0,0.0,0.0,0.0
07/01/1996,0.0,0.0,0.0,0.0
04/01/1996,0.0,0.0,0.0,0.0
01/01/1996,0.0,0.0,0.0,0.0
10/01/1995,0.0,0.0,0.0,0.0
07/01/1995,0.0,0.0,0.0,0.0
04/01/1995,0.0,0.0,0.0,0.0
01/01/1995,0.0,0.0,0.0,0.0
10/01/1994,0.0,0.0,0.0,0.0
07/01/1994,0.0,0.0,0.0,0.0
04/01/1994,0.0,0.0,0.0,0.0
01/01/1994,0.0,0.0,0.0,0.0
10/01/1993,0.0,0.0,0.0,0.0
07/01/1993,0.0,0.0,0.0,0.0
04/01/1993,0.0,0.0,0.0,0.0
01/01/1993,0.0,0.0,0.0,0.0
10/01/1992,0.0,0.0,0.0,0.0
07/01/1992,0.0,0.0,0.0,0.0
04/01/1992,0.0,0.0,0.0,0.0
