10/01/2022,152.4008256047191,288.82,593.621,-15.981
07/01/2022,157.07999805831423,277.81,591.969,-36.349
04/01/2022,161.03647440875002,264.1,586.172,-57.972
01/01/2022,165.5136910198066,253.56,584.587,-77.467
10/01/2021,169.60199872053394,242.51,581.713,-96.693
07/01/2021,142.71878387234105,212.3,497.737,-73.137
04/01/2021,119.78453203565141,187.24,426.809,-52.329
01/01/2021,96.77537507031424,164.91,358.46,-28.64
10/01/2020,82.62706021637221,148.81,314.064,-16.444
07/01/2020,68.42884037450875,134.82,271.677,-2.037
04/01/2020,54.16420141569522,122.38,230.708,14.051
01/01/2020,46.2895417454094,113.34,205.919,20.76
10/01/2019,44.47523445694244,107.13,196.08,18.179
07/01/2019,39.180630737648926,98.9,177.261,20.538
04/01/2019,35.93213784344037,91.98,163.844,20.115
01/01/2019,32.19546590748455,85.51,149.9,21.119
10/01/2018,27.909383547473777,78.7,134.518,22.881
07/01/2018,28.082731615710035,74.65,130.815,18.484
04/01/2018,25.37328861223945,69.49,120.236,18.743
01/01/2018,23.649529805051095,64.63,111.929,17.33
10/01/2017,22.3538530235841,60.06,104.767,15.352
07/01/2017,21.345084211593075,55.6,98.29,12.909
04/01/2017,21.415629923025847,52.15,94.981,9.318
01/01/2017,21.404660824222372,48.79,91.599,5.98
10/01/2016,21.3271131426642,46.04,88.694,3.385
07/01/2016,0.0,0.0,0.0,0.0
04/01/2016,0.0,0.0,0.0,0.0
01/01/2016,0.0,0.0,0.0,0.0
10/01/2015,0.0,0.0,0.0,0.0
07/01/2015,0.0,0.0,0.0,0.0
04/01/2015,0.0,0.0,0.0,0.0
01/01/2015,0.0,0.0,0.0,0.0
10/01/2014,0.0,0.0,0.0,0.0
07/01/2014,0.0,0.0,0.0,0.0
04/01/2014,0.0,0.0,0.0,0.0
01/01/2014,0.0,0.0,0.0,0.0
10/01/2013,0.0,0.0,0.0,0.0
07/01/2013,0.0,0.0,0.0,0.0
04/01/2013,0.0,0.0,0.0,0.0
01/01/2013,0.0,0.0,0.0,0.0
10/01/2012,0.0,0.0,0.0,0.0
07/01/2012,0.0,0.0,0.0,0.0
04/01/2012,0.0,0.0,0.0,0.0
03/01/2012,0.0,0.0,0.0,0.0
