10/01/2022,2.7367846097199537,6.77,12.243,1.296
07/01/2022,2.9749445372981325,7.35,13.299,1.4
04/01/2022,3.064606826331887,7.91,14.039,1.78
01/01/2022,3.2632039470434577,8.45,14.976,1.923
10/01/2021,0.0,0.0,0.0,0.0
07/01/2021,0.0,0.0,0.0,0.0
04/01/2021,0.0,0.0,0.0,0.0
01/01/2021,0.0,0.0,0.0,0.0
10/01/2020,0.0,0.0,0.0,0.0
07/01/2020,0.0,0.0,0.0,0.0
04/01/2020,0.0,0.0,0.0,0.0
01/01/2020,0.0,0.0,0.0,0.0
10/01/2019,0.0,0.0,0.0,0.0
07/01/2019,0.0,0.0,0.0,0.0
04/01/2019,0.0,0.0,0.0,0.0
01/01/2019,0.0,0.0,0.0,0.0
10/01/2018,0.0,0.0,0.0,0.0
07/01/2018,0.0,0.0,0.0,0.0
04/01/2018,0.0,0.0,0.0,0.0
01/01/2018,0.0,0.0,0.0,0.0
10/01/2017,0.0,0.0,0.0,0.0
07/01/2017,0.0,0.0,0.0,0.0
06/01/2017,0.0,0.0,0.0,0.0
