10/01/2022,253.39361485133853,210.69,717.477,-296.097
07/01/2022,250.88334718535722,228.76,730.526,-273.006
04/01/2022,246.10357585679344,243.69,735.897,-248.517
01/01/2022,245.17604949974313,267.01,757.362,-223.342
10/01/2021,317.9376088382758,328.46,964.335,-307.415
07/01/2021,312.4233818791425,345.36,970.206,-279.486
04/01/2021,306.0833809776357,362.37,974.536,-249.796
01/01/2021,299.62232220714213,383.36,982.604,-215.884
10/01/2020,291.72824542594515,405.91,989.366,-177.546
07/01/2020,291.3598807536841,442.28,1024.999,-140.439
04/01/2020,341.23534775518345,507.88,1190.35,-174.59
01/01/2020,461.34880334861924,601.75,1524.447,-320.947
10/01/2019,0.0,0.0,0.0,0.0
07/01/2019,0.0,0.0,0.0,0.0
04/01/2019,0.0,0.0,0.0,0.0
01/01/2019,0.0,0.0,0.0,0.0
10/01/2018,0.0,0.0,0.0,0.0
07/01/2018,0.0,0.0,0.0,0.0
04/01/2018,0.0,0.0,0.0,0.0
01/01/2018,0.0,0.0,0.0,0.0
10/01/2017,0.0,0.0,0.0,0.0
07/01/2017,0.0,0.0,0.0,0.0
04/01/2017,0.0,0.0,0.0,0.0
01/01/2017,0.0,0.0,0.0,0.0
10/01/2016,0.0,0.0,0.0,0.0
07/01/2016,0.0,0.0,0.0,0.0
04/01/2016,0.0,0.0,0.0,0.0
01/01/2016,0.0,0.0,0.0,0.0
10/01/2015,0.0,0.0,0.0,0.0
07/01/2015,0.0,0.0,0.0,0.0
06/01/2015,0.0,0.0,0.0,0.0
