10/01/2022,3.5465990751704655,12.34,19.433,5.246
07/01/2022,3.264958652111846,12.91,19.439,6.38
04/01/2022,3.2451463757433188,13.49,19.98,6.999
01/01/2022,3.895286895724113,14.14,21.93,6.349
10/01/2021,4.339292569071599,14.76,23.438,6.081
07/01/2021,4.72690120480638,15.32,24.773,5.866
04/01/2021,5.355997106048509,16.07,26.781,5.358
01/01/2021,6.01325494220892,16.84,28.866,4.813
10/01/2020,6.790879913531088,17.77,31.351,4.188
07/01/2020,6.710958575345254,18.54,31.961,5.118
04/01/2020,6.562481238068418,19.29,32.414,6.165
01/01/2020,6.552042048094624,20.26,33.364,7.155
10/01/2019,6.76276274905456,21.51,35.035,7.984
07/01/2019,7.541067895198928,22.83,37.912,7.747
04/01/2019,8.111401851714659,24.25,40.472,8.027
01/01/2019,7.977114766630852,25.48,41.434,9.525
10/01/2018,7.494493645337221,26.52,41.508,11.531
07/01/2018,7.101477663134625,27.35,41.552,13.147
04/01/2018,7.006445247056456,27.86,41.872,13.847
01/01/2018,6.851591056097846,28.7,42.403,14.996
10/01/2017,6.373011846842904,29.63,42.376,16.883
07/01/2017,5.955652776984232,30.75,42.661,18.838
04/01/2017,5.651598004104679,31.83,43.133,20.526
01/01/2017,5.57732866164439,32.61,43.764,21.455
10/01/2016,5.3175976718815425,33.36,43.995,22.724
07/01/2016,4.895954963028152,34.03,43.821,24.238
04/01/2016,4.663717401387009,34.32,43.647,24.992
01/01/2016,4.677837107039962,34.89,44.245,25.534
10/01/2015,4.8415674114897955,35.37,45.053,25.686
07/01/2015,4.791458024443082,36.42,46.002,26.837
04/01/2015,4.0646734186155715,37.14,45.269,29.01
01/01/2015,3.769178292413347,37.33,44.868,29.791
10/01/2014,3.7406857660060138,37.38,44.861,29.898
07/01/2014,3.7135488417415483,37.21,44.637,29.782
04/01/2014,3.692214782484897,36.85,44.234,29.465
01/01/2014,3.927417726700331,36.57,44.424,28.715
10/01/2013,4.2712866913846925,36.34,44.882,27.797
07/01/2013,4.608853436593531,36.11,45.327,26.892
04/01/2013,4.479795196211541,36.37,45.329,27.41
01/01/2013,4.47736250486824,36.38,45.334,27.425
10/01/2012,4.52255790454915,36.29,45.335,27.244
07/01/2012,4.623402426784845,36.41,45.656,27.163
04/01/2012,5.03077628204634,36.7,46.761,26.638
01/01/2012,5.684986367617779,37.18,48.549,25.81
10/01/2011,5.942618109890623,37.5,49.385,25.614
07/01/2011,6.091077901324198,37.83,50.012,25.647
04/01/2011,6.0047202266217194,38.15,50.159,26.14
01/01/2011,5.9850634917267165,37.99,49.96,26.019
10/01/2010,5.936014656316138,37.87,49.742,25.997
07/01/2010,5.698703799988203,37.22,48.617,25.822
04/01/2010,5.694201875592399,36.99,48.378,25.601
01/01/2010,5.6586628279126145,37.06,48.377,25.742
10/01/2009,5.724123950439926,36.93,48.378,25.481
07/01/2009,5.7310361192370785,36.89,48.352,25.427
04/01/2009,5.71433154445907,36.92,48.348,25.491
01/01/2009,5.751957492888833,36.89,48.393,25.386
10/01/2008,5.801414482692992,36.86,48.462,25.257
07/01/2008,5.47218649170512,37.12,48.064,26.175
04/01/2008,5.517005981508448,36.99,48.024,25.955
01/01/2008,5.528708257812126,36.95,48.007,25.892
10/01/2007,5.845440530875324,36.67,48.36,24.979
07/01/2007,5.942232324640293,36.06,47.944,24.175
04/01/2007,6.166743873390558,34.87,47.203,22.536
01/01/2007,5.335477954223032,33.9,44.57,23.229
10/01/2006,4.666534045734585,33.34,42.673,24.006
07/01/2006,4.020795941104199,32.79,40.831,24.748
04/01/2006,3.7056679559831047,32.48,39.891,25.068
01/01/2006,3.5728014218537245,32.14,39.285,24.994
10/01/2005,3.2614007726742202,31.62,38.142,25.097
07/01/2005,3.369468800864611,31.75,38.488,25.011
04/01/2005,3.420104530566281,31.37,38.21,24.529
01/01/2005,3.3794163697301345,31.07,37.828,24.311
10/01/2004,3.6128811217641803,31.29,38.515,24.064
07/01/2004,0.0,0.0,0.0,0.0
04/01/2004,0.0,0.0,0.0,0.0
01/01/2004,0.0,0.0,0.0,0.0
10/01/2003,0.0,0.0,0.0,0.0
07/01/2003,0.0,0.0,0.0,0.0
04/01/2003,0.0,0.0,0.0,0.0
01/01/2003,0.0,0.0,0.0,0.0
10/01/2002,0.0,0.0,0.0,0.0
07/01/2002,0.0,0.0,0.0,0.0
04/01/2002,0.0,0.0,0.0,0.0
01/01/2002,0.0,0.0,0.0,0.0
10/01/2001,0.0,0.0,0.0,0.0
07/01/2001,0.0,0.0,0.0,0.0
04/01/2001,0.0,0.0,0.0,0.0
01/01/2001,0.0,0.0,0.0,0.0
10/01/2000,0.0,0.0,0.0,0.0
07/01/2000,0.0,0.0,0.0,0.0
04/01/2000,0.0,0.0,0.0,0.0
02/01/2000,0.0,0.0,0.0,0.0
