10/01/2022,3.0838279783412044,10.66,16.827,4.492
07/01/2022,3.081538576750257,11.16,17.323,4.996
04/01/2022,3.035823611476793,11.65,17.721,5.578
01/01/2022,2.9995316301049404,12.08,18.079,6.08
10/01/2021,3.1159637353473806,12.35,18.581,6.118
07/01/2021,3.069554527940496,12.73,18.869,6.59
04/01/2021,3.042130010371023,13.1,19.184,7.015
01/01/2021,3.0185741667217654,13.4,19.437,7.362
10/01/2020,2.9699309756288947,13.69,19.629,7.75
07/01/2020,2.917219566642182,14.14,19.974,8.305
04/01/2020,2.4772101243132365,14.63,19.584,9.675
01/01/2020,1.9605471175159246,15.1,19.021,11.178
10/01/2019,1.5710649254566154,15.62,18.762,12.477
07/01/2019,1.6459374228688042,15.86,19.151,12.568
04/01/2019,0.0,0.0,0.0,0.0
01/01/2019,0.0,0.0,0.0,0.0
10/01/2018,0.0,0.0,0.0,0.0
07/01/2018,0.0,0.0,0.0,0.0
04/01/2018,0.0,0.0,0.0,0.0
01/01/2018,0.0,0.0,0.0,0.0
10/01/2017,0.0,0.0,0.0,0.0
07/01/2017,0.0,0.0,0.0,0.0
04/01/2017,0.0,0.0,0.0,0.0
01/01/2017,0.0,0.0,0.0,0.0
10/01/2016,0.0,0.0,0.0,0.0
07/01/2016,0.0,0.0,0.0,0.0
04/01/2016,0.0,0.0,0.0,0.0
01/01/2016,0.0,0.0,0.0,0.0
10/01/2015,0.0,0.0,0.0,0.0
07/01/2015,0.0,0.0,0.0,0.0
04/01/2015,0.0,0.0,0.0,0.0
01/01/2015,0.0,0.0,0.0,0.0
12/01/2014,0.0,0.0,0.0,0.0
