10/01/2022,8.736849260459977,73.48,90.953,56.006
07/01/2022,8.437339924407457,74.41,91.284,57.535
04/01/2022,8.39421884394254,74.8,91.588,58.011
01/01/2022,7.91129382591748,74.1,89.922,58.277
10/01/2021,8.095482073354251,74.33,90.52,58.139
07/01/2021,8.048140468456054,74.66,90.756,58.563
04/01/2021,7.929388059617213,74.81,90.668,58.951
01/01/2021,7.715356440243057,75.44,90.87,60.009
10/01/2020,7.863799018286265,75.29,91.017,59.562
07/01/2020,8.453046787993074,75.02,91.926,58.113
04/01/2020,8.845035895913597,74.78,92.47,57.089
01/01/2020,9.961057172810527,73.98,93.902,54.057
10/01/2019,10.508276499978482,73.41,94.426,52.393
07/01/2019,10.78560591714717,72.71,94.281,51.138
04/01/2019,11.140947221847881,70.58,92.861,48.298
01/01/2019,10.883041394757258,68.74,90.506,46.973
10/01/2018,10.905090325164666,67.3,89.11,45.489
07/01/2018,10.95987317444869,66.27,88.189,44.35
04/01/2018,11.095608816103784,64.82,87.011,42.628
01/01/2018,11.42979724229612,63.35,86.209,40.49
10/01/2017,11.888011187747091,62.34,86.116,38.563
07/01/2017,11.878601138181214,60.43,84.187,36.672
04/01/2017,11.692724019662826,58.76,82.145,35.374
01/01/2017,11.651558694011715,57.29,80.593,33.986
10/01/2016,10.464354495142068,55.28,76.208,34.351
07/01/2016,9.592462666072773,53.58,72.764,34.395
04/01/2016,9.543298957907584,51.89,70.976,32.803
01/01/2016,7.740856218791303,49.89,65.371,34.408
10/01/2015,7.164966503759804,48.54,62.869,34.21
07/01/2015,7.43935279443044,47.62,62.498,32.741
04/01/2015,7.611346464325481,46.38,61.602,31.157
01/01/2015,8.27343640816801,45.2,61.746,28.653
10/01/2014,8.349361352822143,43.79,60.488,27.091
07/01/2014,7.895271052978485,42.12,57.91,26.329
04/01/2014,8.521047764213037,40.97,58.012,23.927
01/01/2014,8.993679169283281,39.44,57.427,21.452
10/01/2013,9.237534573683607,37.82,56.295,19.344
07/01/2013,8.635026346225008,36.29,53.56,19.019
04/01/2013,8.124492599541217,35.3,51.548,19.051
01/01/2013,7.761019262957669,34.45,49.972,18.927
10/01/2012,7.274878693146712,33.47,48.019,18.92
07/01/2012,7.015539893693144,32.84,46.871,18.808
04/01/2012,6.570450136786673,32.05,45.19,18.909
01/01/2012,6.029278149165123,31.55,43.608,19.491
10/01/2011,5.721432512928908,31.36,42.802,19.917
07/01/2011,5.381073313011076,31.16,41.922,20.397
04/01/2011,5.2832258138376025,31.01,41.576,20.443
01/01/2011,4.98994989954809,30.65,40.629,20.67
10/01/2010,4.636623771668346,30.1,39.373,20.826
07/01/2010,4.445088863003753,29.58,38.47,20.689
04/01/2010,4.3705039755158674,29.27,38.011,20.528
01/01/2010,4.446070174884782,29.08,37.972,20.187
10/01/2009,4.566917997950039,28.79,37.923,19.656
07/01/2009,4.626286307612187,28.63,37.882,19.377
04/01/2009,4.693182289236164,28.55,37.936,19.163
01/01/2009,4.580829619184717,28.65,37.811,19.488
10/01/2008,4.413261265776138,28.76,37.586,19.933
07/01/2008,4.563150227638796,28.62,37.746,19.493
04/01/2008,4.72224311106491,28.25,37.694,18.805
01/01/2008,4.94997525246339,27.82,37.719,17.92
10/01/2007,5.210051823158768,27.44,37.86,17.019
07/01/2007,5.250470455111618,27.12,37.62,16.619
04/01/2007,5.347358226264629,26.82,37.514,16.125
01/01/2007,5.114624130862403,26.37,36.599,16.14
10/01/2006,4.2383699696935375,25.67,34.146,17.193
07/01/2006,3.130878470972644,24.87,31.131,18.608
04/01/2006,2.555856020983968,24.26,29.371,19.148
01/01/2006,1.9736919719145638,23.88,27.827,19.932
10/01/2005,1.8431983072908893,23.52,27.206,19.833
07/01/2005,1.7511539052864542,23.3,26.802,19.797
04/01/2005,1.5496338277154378,22.97,26.069,19.87
01/01/2005,1.8483587314155223,22.57,26.266,18.873
10/01/2004,1.9601096908081443,22.32,26.24,18.399
07/01/2004,1.8373105344497427,22.2,25.874,18.525
04/01/2004,2.079546825632931,22.35,26.509,18.19
01/01/2004,2.4675807990823726,22.57,27.505,17.634
10/01/2003,2.6883312667898647,22.78,28.156,17.403
07/01/2003,2.8143551659305546,22.99,28.618,17.361
04/01/2003,2.8683993794449196,22.87,28.606,17.133
01/01/2003,2.860207160329475,23.04,28.76,17.319
10/01/2002,2.837565858266553,23.06,28.735,17.384
07/01/2002,2.990541756939702,22.82,28.801,16.838
04/01/2002,3.0691660104986176,22.69,28.828,16.551
01/01/2002,3.089427940574112,22.45,28.628,16.271
10/01/2001,3.224343344000449,22.08,28.528,15.631
07/01/2001,3.2814006155908486,21.92,28.482,15.357
04/01/2001,3.418229073657879,21.74,28.576,14.903
01/01/2001,3.594915158943254,21.36,28.549,14.17
10/01/2000,3.704283331496121,21.18,28.588,13.771
07/01/2000,3.779039560523282,20.97,28.528,13.411
04/01/2000,3.953948026972535,20.7,28.607,12.792
01/01/2000,4.144305731965247,20.54,28.828,12.251
10/01/1999,4.323680723642762,20.32,28.967,11.672
07/01/1999,4.478341210760966,19.88,28.836,10.923
04/01/1999,4.194989272930266,19.41,27.799,11.02
01/01/1999,3.6286471308188673,18.88,26.137,11.622
10/01/1998,3.098021142600547,18.29,24.486,12.093
07/01/1998,2.470501973283972,17.76,22.701,12.818
04/01/1998,2.393466105880758,17.61,22.396,12.823
01/01/1998,1.809266425930686,17.24,20.858,13.621
10/01/1997,1.6103695228114567,17.08,20.3,13.859
07/01/1997,1.7197761482239482,16.83,20.269,13.39
04/01/1997,1.650560510856842,16.59,19.891,13.288
01/01/1997,1.5335416525155092,16.32,19.387,13.252
10/01/1996,1.6498742376314623,16.11,19.409,12.81
07/01/1996,1.8824385780152293,15.68,19.444,11.915
04/01/1996,2.1864217342498216,15.31,19.682,10.937
01/01/1996,2.3277832802904994,15.08,19.735,10.424
10/01/1995,2.294674268823355,15.03,19.619,10.44
07/01/1995,2.2492643241735726,14.81,19.308,10.311
04/01/1995,2.2475709110059237,14.73,19.225,10.234
01/01/1995,2.2769716730780813,14.84,19.393,10.286
10/01/1994,2.4122240774853396,15.03,19.854,10.205
07/01/1994,2.44973365899234,15.18,20.079,10.28
04/01/1994,2.534858970436028,15.25,20.319,10.18
01/01/1994,2.7108282867050058,15.37,20.791,9.948
10/01/1993,2.764927666323298,15.48,21.009,9.95
07/01/1993,2.7982271173012383,15.55,21.146,9.953
04/01/1993,3.0641940212721512,15.76,21.888,9.631
01/01/1993,3.3008695823979473,15.98,22.581,9.378
10/01/1992,3.4067374421871723,16.1,22.913,9.286
07/01/1992,3.483453028246541,16.43,23.396,9.463
04/01/1992,0.0,0.0,0.0,0.0
01/01/1992,0.0,0.0,0.0,0.0
10/01/1991,0.0,0.0,0.0,0.0
07/01/1991,0.0,0.0,0.0,0.0
04/01/1991,0.0,0.0,0.0,0.0
01/01/1991,0.0,0.0,0.0,0.0
10/01/1990,0.0,0.0,0.0,0.0
07/01/1990,0.0,0.0,0.0,0.0
04/01/1990,0.0,0.0,0.0,0.0
01/01/1990,0.0,0.0,0.0,0.0
10/01/1989,0.0,0.0,0.0,0.0
07/01/1989,0.0,0.0,0.0,0.0
04/01/1989,0.0,0.0,0.0,0.0
01/01/1989,0.0,0.0,0.0,0.0
10/01/1988,0.0,0.0,0.0,0.0
07/01/1988,0.0,0.0,0.0,0.0
04/01/1988,0.0,0.0,0.0,0.0
01/01/1988,0.0,0.0,0.0,0.0
10/01/1987,0.0,0.0,0.0,0.0
