10/01/2022,22.368136377445484,84.13,128.866,39.393
07/01/2022,20.22412668077413,82.38,122.828,41.931
04/01/2022,19.45076707998942,80.89,119.791,41.988
01/01/2022,18.744035317935143,78.95,116.438,41.461
10/01/2021,18.18561863121516,77.18,113.551,40.808
07/01/2021,18.284271382803308,76.84,113.408,40.271
04/01/2021,18.973705094155964,75.97,113.917,38.022
01/01/2021,19.725830907720972,74.61,114.061,35.158
10/01/2020,19.849393819459575,74.24,113.938,34.541
07/01/2020,19.45539321113814,74.95,113.86,36.039
04/01/2020,18.407043081385993,75.78,112.594,38.965
01/01/2020,18.250625879678758,75.97,112.471,39.468
10/01/2019,17.117911817742257,76.89,111.125,42.654
07/01/2019,17.652198446652474,74.68,109.984,39.375
04/01/2019,18.508924469023043,72.73,109.747,35.712
01/01/2019,18.887583487571934,70.96,108.735,33.184
10/01/2018,18.9878401878676,69.37,107.345,31.394
07/01/2018,19.376537874450122,68.14,106.893,29.386
04/01/2018,17.702039995435555,64.16,99.564,28.755
01/01/2018,15.270349701300228,60.36,90.9,29.819
10/01/2017,13.642446261576403,57.99,85.274,30.705
07/01/2017,12.196105730929032,55.1,79.492,30.707
04/01/2017,12.134219793624968,52.84,77.108,28.571
01/01/2017,13.153814465773797,50.68,76.987,24.372
10/01/2016,13.701886913852412,48.65,76.053,21.246
07/01/2016,14.17377084617922,46.29,74.637,17.942
04/01/2016,15.367835891887966,44.53,75.265,13.794
01/01/2016,15.824726695902207,43.25,74.899,11.6
10/01/2015,15.319528876567974,41.54,72.179,10.9
07/01/2015,14.263043854661598,39.16,67.686,10.633
04/01/2015,14.156379304045226,37.03,65.342,8.717
01/01/2015,13.448899769126097,34.8,61.697,7.902
10/01/2014,12.079337109295361,32.6,56.758,8.441
07/01/2014,11.895987979146582,30.96,54.751,7.168
04/01/2014,11.60570420095222,29.62,52.831,6.408
01/01/2014,10.911747568561143,27.96,49.783,6.136
10/01/2013,9.45653609943937,26.2,45.113,7.286
07/01/2013,7.688593824620989,24.76,40.137,9.382
04/01/2013,7.496930705295335,24.57,39.563,9.576
01/01/2013,8.043288817393044,24.89,40.976,8.803
10/01/2012,8.530787478304685,25.07,42.131,8.008
07/01/2012,12.904405836767534,26.87,52.678,1.061
04/01/2012,15.60369347302106,28.64,59.847,-2.567
01/01/2012,18.399103103140654,31.13,67.928,-5.668
10/01/2011,19.72309420451061,33.06,72.506,-6.386
07/01/2011,19.89710732744838,34.57,74.364,-5.224
04/01/2011,19.830516256517377,36.25,75.911,-3.411
01/01/2011,20.71611450055246,38.3,79.732,-3.132
10/01/2010,21.12788205192371,39.8,82.055,-2.455
07/01/2010,20.914497364268644,41.22,83.048,-0.608
04/01/2010,20.425807205591653,43.17,84.021,2.318
01/01/2010,19.62065305360655,44.25,83.491,5.008
10/01/2009,18.894823695922646,45.1,82.889,7.31
07/01/2009,18.488608317015103,45.4,82.377,8.422
04/01/2009,18.44252078248795,45.43,82.315,8.544
01/01/2009,18.32531412588881,45.51,82.16,8.859
10/01/2008,18.5540532044214,45.36,82.468,8.251
07/01/2008,19.31079689092348,44.86,83.481,6.238
04/01/2008,20.57929212521655,43.82,84.978,2.661
01/01/2008,21.929967617110155,42.22,86.079,-1.639
10/01/2007,22.925569151877124,40.28,86.131,-5.571
07/01/2007,22.80942255269738,37.24,82.858,-8.378
04/01/2007,22.65303726876376,34.21,79.516,-11.096
01/01/2007,21.33178716727691,30.99,73.653,-11.673
10/01/2006,20.234553337051945,28.38,68.849,-12.089
07/01/2006,19.92295695297262,26.3,66.145,-13.545
04/01/2006,19.39176371555718,24.16,62.943,-14.623
01/01/2006,17.00957616314998,21.3,55.319,-12.719
10/01/2005,14.71455631339253,18.75,48.179,-10.679
07/01/2005,12.750109717665177,16.64,42.14,-8.86
04/01/2005,8.964944122804113,14.25,32.179,-3.679
01/01/2005,6.9172154576462335,12.67,26.504,-1.164
10/01/2004,4.275793347438578,11.22,19.771,2.668
07/01/2004,3.5864765090545347,10.34,17.512,3.167
04/01/2004,3.0142268909290824,9.57,15.598,3.541
01/01/2004,2.36941422085713,8.92,13.658,4.181
10/01/2003,1.9857539500149561,8.48,12.451,4.508
07/01/2003,1.9659050873579835,8.17,12.101,4.238
04/01/2003,2.055531311364534,7.94,12.051,3.828
01/01/2003,2.0408715471582233,7.9,11.981,3.818
10/01/2002,1.9661585246363023,7.8,11.732,3.867
07/01/2002,1.9385660968870781,7.73,11.607,3.852
04/01/2002,1.9238310944570993,7.81,11.657,3.962
01/01/2002,1.9016957986229028,7.68,11.483,3.876
10/01/2001,1.5723153357389859,7.4,10.544,4.255
07/01/2001,1.5523792407140724,7.19,10.294,4.085
04/01/2001,1.6438255099006098,6.96,10.247,3.672
01/01/2001,1.6312212815862843,6.74,10.002,3.477
10/01/2000,1.6160702371803026,6.52,9.752,3.287
07/01/2000,1.5355989128024283,6.29,9.361,3.218
04/01/2000,1.4700215598759088,6.07,9.01,3.129
01/01/2000,1.484339837941433,5.87,8.838,2.901
10/01/1999,1.5127252052173916,5.65,8.675,2.624
07/01/1999,1.602140158350698,5.56,8.764,2.355
04/01/1999,1.6407865050030122,5.51,8.791,2.228
01/01/1999,1.7115202422115843,5.41,8.833,1.986
10/01/1998,1.7306012770132813,5.29,8.751,1.828
07/01/1998,1.7547850033551118,5.23,8.739,1.72
04/01/1998,1.7590324977100338,5.21,8.728,1.691
01/01/1998,1.6209638384307035,5.0,8.241,1.758
10/01/1997,1.433982222867494,4.79,7.657,1.922
07/01/1997,1.2518541600362239,4.61,7.113,2.106
04/01/1997,0.9467288217858375,4.44,6.333,2.546
01/01/1997,0.7780273603800832,4.32,5.876,2.763
10/01/1996,0.6546233627056096,4.28,5.589,2.97
07/01/1996,0.6734484653631636,4.29,5.636,2.943
04/01/1996,0.6744804415251788,4.31,5.658,2.961
01/01/1996,0.6690929647664815,4.29,5.628,2.951
10/01/1995,0.6653248045128034,4.28,5.61,2.949
07/01/1995,0.7266291113766363,4.19,5.643,2.736
04/01/1995,0.7458680282060629,4.14,5.631,2.648
01/01/1995,0.7867191465192646,4.1,5.673,2.526
10/01/1994,0.8240778018488304,4.06,5.708,2.411
07/01/1994,0.8448353233027133,4.05,5.739,2.36
04/01/1994,0.8713595259707672,4.01,5.752,2.267
01/01/1994,0.9045943530113374,3.98,5.789,2.17
10/01/1993,0.9455882164028907,3.92,5.811,2.028
07/01/1993,1.0656382477182396,3.81,5.941,1.678
04/01/1993,1.168299519601031,3.65,5.986,1.313
01/01/1993,1.2515661059248928,3.51,6.013,1.006
10/01/1992,1.3351468898589398,3.36,6.03,0.689
07/01/1992,1.41643368694055,3.2,6.032,0.367
04/01/1992,0.0,0.0,0.0,0.0
01/01/1992,0.0,0.0,0.0,0.0
10/01/1991,0.0,0.0,0.0,0.0
07/01/1991,0.0,0.0,0.0,0.0
04/01/1991,0.0,0.0,0.0,0.0
01/01/1991,0.0,0.0,0.0,0.0
10/01/1990,0.0,0.0,0.0,0.0
07/01/1990,0.0,0.0,0.0,0.0
04/01/1990,0.0,0.0,0.0,0.0
01/01/1990,0.0,0.0,0.0,0.0
10/01/1989,0.0,0.0,0.0,0.0
07/01/1989,0.0,0.0,0.0,0.0
04/01/1989,0.0,0.0,0.0,0.0
01/01/1989,0.0,0.0,0.0,0.0
10/01/1988,0.0,0.0,0.0,0.0
07/01/1988,0.0,0.0,0.0,0.0
04/01/1988,0.0,0.0,0.0,0.0
01/01/1988,0.0,0.0,0.0,0.0
12/01/1987,0.0,0.0,0.0,0.0
