10/01/2022,9.059401815241445,30.4,48.518,12.281
07/01/2022,9.105236542781302,30.36,48.57,12.149
04/01/2022,9.300135348477461,30.19,48.79,11.589
01/01/2022,10.052800231776219,29.51,49.615,9.404
10/01/2021,10.127018193920657,28.51,48.764,8.255
07/01/2021,9.170125817021269,27.2,45.54,8.859
04/01/2021,8.902653396600364,26.11,43.915,8.304
01/01/2021,7.553366633495291,24.38,39.486,9.273
10/01/2020,6.291212720930679,23.23,35.812,10.647
07/01/2020,5.7024729284758555,22.15,33.554,10.745
04/01/2020,5.715151135359414,21.54,32.97,10.109
01/01/2020,5.679048996090806,21.5,32.858,10.141
10/01/2019,6.902043356861792,22.65,36.454,8.845
07/01/2019,7.30045323935439,22.85,37.45,8.249
04/01/2019,7.123879648758814,22.67,36.917,8.422
01/01/2019,7.166980971790005,22.75,37.083,8.416
10/01/2018,7.1586651164864525,22.72,37.037,8.402
07/01/2018,7.144267019785865,23.06,37.348,8.771
04/01/2018,7.176018481720905,23.12,37.472,8.767
01/01/2018,7.270556460821964,23.3,37.841,8.758
10/01/2017,7.269705375735663,23.25,37.789,8.71
07/01/2017,7.299796914983321,23.18,37.779,8.58
04/01/2017,7.2663278208459605,23.66,38.192,9.127
01/01/2017,7.565149040170987,25.02,40.15,9.889
10/01/2016,7.766778933380298,25.91,41.443,10.376
07/01/2016,7.718795242782387,26.21,41.647,10.772
04/01/2016,7.745548076153165,26.19,41.681,10.698
01/01/2016,7.261673705145392,26.72,41.243,12.196
10/01/2015,7.09359922747261,27.04,41.227,12.852
07/01/2015,6.5472440767089175,27.63,40.724,14.535
04/01/2015,6.138580454795719,27.91,40.187,15.632
01/01/2015,6.654582631540464,27.38,40.689,14.07
10/01/2014,6.1158032996491976,26.39,38.621,14.158
07/01/2014,6.130876364762219,25.1,37.361,12.838
04/01/2014,6.369463870688019,24.51,37.248,11.771
01/01/2014,7.263446151793238,23.54,38.066,9.013
10/01/2013,7.859682563564512,22.81,38.529,7.09
07/01/2013,8.49695916195906,21.88,38.873,4.886
04/01/2013,8.470861231303463,21.33,38.271,4.388
01/01/2013,8.352130566508166,20.72,37.424,4.015
10/01/2012,8.405664161742367,20.36,37.171,3.548
07/01/2012,8.446852372333733,20.61,37.503,3.716
04/01/2012,9.816061582936406,21.44,41.072,1.807
01/01/2012,9.655322884295481,21.35,40.66,2.039
10/01/2011,9.995430205849072,21.55,41.54,1.559
07/01/2011,10.058070142925033,21.64,41.756,1.523
04/01/2011,10.075992755058927,22.11,42.261,1.958
01/01/2011,10.614509409294431,22.74,43.969,1.51
10/01/2010,10.723504557746036,22.95,44.397,1.502
07/01/2010,10.688536382498775,22.69,44.067,1.312
04/01/2010,10.774909338365681,22.44,43.989,0.89
01/01/2010,10.825094803280015,22.37,44.02,0.719
10/01/2009,0.0,0.0,0.0,0.0
07/01/2009,0.0,0.0,0.0,0.0
04/01/2009,0.0,0.0,0.0,0.0
01/01/2009,0.0,0.0,0.0,0.0
10/01/2008,0.0,0.0,0.0,0.0
07/01/2008,0.0,0.0,0.0,0.0
04/01/2008,0.0,0.0,0.0,0.0
01/01/2008,0.0,0.0,0.0,0.0
10/01/2007,0.0,0.0,0.0,0.0
07/01/2007,0.0,0.0,0.0,0.0
04/01/2007,0.0,0.0,0.0,0.0
01/01/2007,0.0,0.0,0.0,0.0
10/01/2006,0.0,0.0,0.0,0.0
07/01/2006,0.0,0.0,0.0,0.0
04/01/2006,0.0,0.0,0.0,0.0
01/01/2006,0.0,0.0,0.0,0.0
10/01/2005,0.0,0.0,0.0,0.0
07/01/2005,0.0,0.0,0.0,0.0
06/01/2005,0.0,0.0,0.0,0.0
