10/01/2022,7.6837503050268365,19.99,35.357,4.622
07/01/2022,7.825628009942716,19.58,35.231,3.928
04/01/2022,7.876884853798486,18.99,34.743,3.236
01/01/2022,7.7938938439011345,18.21,33.797,2.622
10/01/2021,6.83881541277435,17.02,30.697,3.342
07/01/2021,5.368488381285742,15.69,26.426,4.953
04/01/2021,3.9200851393815417,14.61,22.45,6.769
01/01/2021,3.244435813820332,13.85,20.338,7.361
10/01/2020,2.465739747013054,13.18,18.111,8.248
07/01/2020,2.1190437112055993,12.65,16.888,8.411
04/01/2020,2.234542738459034,12.33,16.799,7.86
01/01/2020,2.1748738469161837,12.2,16.549,7.85
10/01/2019,2.179235244300165,12.3,16.658,7.941
07/01/2019,2.0235791311436278,12.19,16.237,8.142
04/01/2019,2.052289575084374,12.22,16.324,8.115
01/01/2019,1.9909077703399523,12.17,16.151,8.188
10/01/2018,2.053260516836575,12.26,16.366,8.153
07/01/2018,2.061866569397739,12.37,16.493,8.246
04/01/2018,1.9803834855906064,12.12,16.08,8.159
01/01/2018,2.0539437674873184,11.81,15.917,7.702
10/01/2017,1.9459795091418612,11.6,15.491,7.708
07/01/2017,1.9283610268826736,11.48,15.336,7.623
04/01/2017,1.9729951849915903,11.3,15.245,7.354
01/01/2017,1.9907859628799878,11.22,15.201,7.238
10/01/2016,0.0,0.0,0.0,0.0
07/01/2016,0.0,0.0,0.0,0.0
04/01/2016,0.0,0.0,0.0,0.0
01/01/2016,0.0,0.0,0.0,0.0
10/01/2015,0.0,0.0,0.0,0.0
07/01/2015,0.0,0.0,0.0,0.0
04/01/2015,0.0,0.0,0.0,0.0
01/01/2015,0.0,0.0,0.0,0.0
10/01/2014,0.0,0.0,0.0,0.0
07/01/2014,0.0,0.0,0.0,0.0
04/01/2014,0.0,0.0,0.0,0.0
01/01/2014,0.0,0.0,0.0,0.0
10/01/2013,0.0,0.0,0.0,0.0
07/01/2013,0.0,0.0,0.0,0.0
04/01/2013,0.0,0.0,0.0,0.0
01/01/2013,0.0,0.0,0.0,0.0
10/01/2012,0.0,0.0,0.0,0.0
07/01/2012,0.0,0.0,0.0,0.0
04/01/2012,0.0,0.0,0.0,0.0
