12/30/2022,10.08,10.105,10.08,10.09,0.01,0.1,724100.0
12/28/2022,10.08,10.08,10.08,10.08,0.01,0.1,1000.0
12/27/2022,10.07,10.07,10.07,10.07,-0.03,-0.3,100.0
12/23/2022,10.1,10.105,10.09,10.1,0.01,0.1,15200.0
12/22/2022,10.08,10.1,10.08,10.09,0.01,0.1,16300.0
12/20/2022,10.08,10.08,10.07,10.08,0.01,0.1,154200.0
12/19/2022,10.07,10.07,10.07,10.07,0.0,0.0,50000.0
12/16/2022,10.06,10.07,10.06,10.07,0.005,0.05,150900.0
12/15/2022,10.06,10.07,10.06,10.065,0.005,0.05,106600.0
12/14/2022,10.06,10.06,10.06,10.06,0.01,0.1,3500.0
12/09/2022,10.05,10.05,10.05,10.05,-0.01,-0.1,400.0
12/08/2022,10.06,10.06,10.05,10.06,0.01,0.1,7700.0
12/07/2022,10.05,10.05,10.05,10.05,0.0,0.0,2900.0
12/06/2022,10.04,10.05,10.035,10.05,0.01,0.1,249300.0
12/05/2022,10.02,10.05,10.02,10.04,0.02,0.2,1443200.0
12/01/2022,10.02,10.02,10.02,10.02,0.0,0.0,13100.0
11/30/2022,10.02,10.02,10.02,10.02,0.0,0.0,1900.0
11/29/2022,10.02,10.02,10.02,10.02,0.01,0.1,1500.0
11/28/2022,10.01,10.015,10.01,10.01,-0.01,-0.1,21100.0
11/25/2022,10.01,10.02,10.01,10.02,0.005,0.05,3900.0
11/23/2022,10.01,10.015,10.01,10.015,0.005,0.05,200.0
11/22/2022,10.0,10.01,10.0,10.01,0.01,0.1,30700.0
11/21/2022,10.02,10.02,10.0,10.0,-0.015,-0.15,5400.0
11/18/2022,10.005,10.015,10.005,10.015,0.015,0.15,9200.0
11/17/2022,10.0,10.0,10.0,10.0,0.0,0.0,3900.0
11/16/2022,9.99,10.01,9.99,10.0,0.0,0.0,122300.0
11/15/2022,9.99,10.0,9.99,10.0,-0.01,-0.1,700.0
11/14/2022,10.01,10.01,10.01,10.01,0.01,0.1,100.0
11/10/2022,10.0,10.0,10.0,10.0,0.0,0.0,93900.0
11/09/2022,10.0,10.0,10.0,10.0,-0.005,-0.05,500.0
11/08/2022,10.0,10.005,10.0,10.005,0.005,0.05,1800.0
11/07/2022,9.99,10.0,9.99,10.0,0.01,0.1,26700.0
11/03/2022,9.97,9.99,9.97,9.99,0.015,0.15,14200.0
11/02/2022,9.97,9.975,9.97,9.975,0.0,0.0,252000.0
11/01/2022,9.975,9.975,9.97,9.975,0.005,0.05,32600.0
10/31/2022,9.97,9.97,9.97,9.97,0.0,0.0,200.0
10/28/2022,9.97,9.97,9.97,9.97,0.0,0.0,1000.0
10/26/2022,9.96,9.97,9.96,9.97,0.01,0.1,25300.0
10/25/2022,9.96,9.96,9.96,9.96,0.0,0.0,100.0
10/24/2022,9.95,9.96,9.95,9.96,0.0,0.0,200.0
10/21/2022,9.95,9.96,9.95,9.96,0.01,0.1,70200.0
10/20/2022,9.95,9.95,9.95,9.95,0.01,0.1,198300.0
10/19/2022,9.94,9.95,9.94,9.94,0.0,0.0,5600.0
10/18/2022,10.05,10.05,9.94,9.94,-0.01,-0.1,126100.0
10/17/2022,10.03,10.03,9.95,9.95,0.02,0.2,1800.0
10/14/2022,9.93,9.93,9.93,9.93,0.0,0.0,700.0
10/13/2022,9.93,9.94,9.93,9.93,-0.005,-0.05,32600.0
10/12/2022,9.93,9.94,9.93,9.935,0.005,0.05,91000.0
10/11/2022,9.93,9.93,9.93,9.93,0.0,0.0,100.0
10/07/2022,9.93,9.94,9.93,9.93,-0.005,-0.05,247500.0
10/06/2022,9.93,9.935,9.93,9.935,-0.005,-0.05,300.0
10/05/2022,9.92,9.94,9.92,9.94,0.02,0.2,635500.0
10/04/2022,9.93,9.93,9.92,9.92,0.0,0.0,279000.0
10/03/2022,9.92,9.92,9.92,9.92,0.01,0.1,1700.0
09/30/2022,9.91,9.91,9.91,9.91,0.01,0.1,69600.0
09/29/2022,9.9,9.92,9.9,9.9,0.0,0.0,67000.0
09/28/2022,9.9,9.905,9.9,9.9,0.0,0.0,302800.0
09/26/2022,9.89,9.91,9.89,9.9,0.01,0.1,236300.0
09/23/2022,9.89,9.89,9.89,9.89,-0.01,-0.1,100000.0
09/21/2022,9.9,9.905,9.895,9.9,0.0,0.0,29300.0
09/20/2022,9.9,9.9,9.9,9.9,0.01,0.1,100.0
09/19/2022,9.89,9.89,9.89,9.89,0.0,0.0,100.0
09/16/2022,9.89,9.9,9.89,9.89,0.0,0.0,400.0
09/15/2022,9.89,9.89,9.89,9.89,0.0,0.0,100.0
09/14/2022,9.89,9.89,9.89,9.89,0.01,0.1,100.0
09/13/2022,9.9,9.905,9.88,9.88,-0.01,-0.1,24100.0
09/12/2022,9.9,9.9,9.89,9.89,0.0,0.0,2000.0
09/09/2022,9.9,9.9,9.88,9.89,0.0,0.0,295300.0
09/08/2022,9.89,9.895,9.89,9.89,-0.01,-0.1,55500.0
09/06/2022,9.89,9.9,9.885,9.9,0.02,0.2,35100.0
09/01/2022,9.88,9.88,9.88,9.88,0.0,0.0,100.0
08/31/2022,9.88,9.88,9.8799,9.88,0.0,0.0,60100.0
08/30/2022,9.86,9.88,9.86,9.88,-0.005,-0.05,600.0
08/26/2022,9.885,9.885,9.88,9.885,-0.015,-0.15,2500.0
08/23/2022,9.89,9.9,9.89,9.9,0.01,0.1,21600.0
08/22/2022,9.89,9.89,9.89,9.89,0.02,0.2,1000.0
08/19/2022,9.86,9.87,9.86,9.87,0.01,0.1,500100.0
08/18/2022,9.87,9.88,9.86,9.86,-0.03,-0.3,138400.0
08/17/2022,9.85,9.89,9.85,9.89,0.0,0.0,200.0
08/16/2022,9.89,9.89,9.89,9.89,0.0,0.0,1400.0
08/15/2022,9.89,9.89,9.89,9.89,0.0,0.0,100.0
08/11/2022,9.87,9.89,9.87,9.89,0.02,0.2,31500.0
08/10/2022,9.875,9.875,9.87,9.87,-0.01,-0.1,800.0
08/09/2022,9.86,9.88,9.86,9.88,-0.02,-0.2,111600.0
08/08/2022,9.9,9.9,9.9,9.9,0.02,0.2,200.0
08/05/2022,9.88,9.89,9.88,9.88,0.0,0.0,114800.0
08/03/2022,9.88,9.88,9.88,9.88,0.0,0.0,3600.0
08/02/2022,9.84,9.88,9.84,9.88,0.02,0.2,13300.0
08/01/2022,9.85,9.86,9.85,9.86,0.0,0.0,21000.0
07/29/2022,9.85,9.86,9.85,9.86,0.0112,0.11,4400.0
07/28/2022,9.84,9.8488,9.84,9.8488,0.0088,0.09,143600.0
07/27/2022,9.84,9.845,9.84,9.84,0.0,0.0,119100.0
07/26/2022,9.84,9.84,9.84,9.84,0.0,0.0,100.0
07/25/2022,9.84,9.85,9.84,9.84,0.0,0.0,4200.0
07/22/2022,9.84,9.84,9.835,9.84,0.0,0.0,1100.0
07/20/2022,9.84,9.85,9.835,9.84,0.01,0.1,237200.0
07/19/2022,9.83,9.83,9.83,9.83,0.0,0.0,300.0
07/18/2022,9.82,9.84,9.82,9.83,0.0,0.0,1700.0
07/15/2022,9.85,9.85,9.83,9.83,0.0,0.0,1000.0
07/14/2022,9.8499,9.8499,9.83,9.83,0.0046,0.05,2100.0
07/13/2022,9.8254,9.8254,9.8254,9.8254,-0.0246,-0.25,4300.0
07/11/2022,9.81,9.85,9.81,9.85,0.04,0.41,73800.0
07/08/2022,9.81,9.81,9.81,9.81,-0.01,-0.1,100.0
07/07/2022,9.82,9.82,9.82,9.82,0.0,0.0,15900.0
07/06/2022,9.79,9.82,9.79,9.82,0.01,0.1,220600.0
07/05/2022,9.835,9.835,9.81,9.81,0.02,0.2,118700.0
07/01/2022,9.82,9.82,9.79,9.79,-0.03,-0.31,5200.0
06/30/2022,9.82,9.82,9.82,9.82,-0.03,-0.3,100.0
06/29/2022,9.85,9.85,9.85,9.85,0.0,0.0,2000.0
06/28/2022,9.84,9.85,9.83,9.85,0.025,0.25,69100.0
06/27/2022,9.82,9.825,9.8,9.825,0.005,0.05,18300.0
06/24/2022,9.79,9.82,9.79,9.82,0.02,0.2,552000.0
06/23/2022,9.79,9.8073,9.79,9.8,0.01,0.1,1500.0
06/22/2022,9.79,9.79,9.79,9.79,0.0,0.0,1200.0
06/21/2022,9.79,9.79,9.79,9.79,0.0,0.0,200.0
06/17/2022,9.79,9.7901,9.79,9.79,0.0,0.0,17300.0
06/16/2022,9.79,9.7985,9.79,9.79,-0.01,-0.1,20300.0
06/14/2022,9.84,9.84,9.8,9.8,0.01,0.1,200.0
06/13/2022,9.79,9.8,9.79,9.79,0.0,0.0,65100.0
06/10/2022,9.79,9.79,9.79,9.79,-0.02,-0.2,100.0
06/08/2022,9.81,9.8113,9.81,9.81,0.01,0.1,7000.0
06/07/2022,9.8,9.8,9.8,9.8,0.0,0.0,50400.0
06/06/2022,9.8,9.8012,9.8,9.8,0.0,0.0,1145200.0
06/03/2022,9.79,9.8001,9.79,9.8,0.0,0.0,99800.0
06/02/2022,9.79,9.8,9.79,9.8,0.01,0.1,735400.0
06/01/2022,9.79,9.79,9.79,9.79,0.005,0.05,5100.0
05/31/2022,9.8,9.8,9.78,9.785,0.025,0.26,238400.0
05/26/2022,9.76,9.76,9.76,9.76,-0.01,-0.1,200.0
05/24/2022,9.77,9.7855,9.77,9.77,0.0,0.0,6900.0
05/19/2022,9.7647,9.77,9.7647,9.77,-0.005,-0.05,42400.0
05/17/2022,9.775,9.775,9.775,9.775,0.005,0.05,100.0
05/16/2022,9.77,9.775,9.76,9.77,-0.02,-0.2,174500.0
05/13/2022,9.81,9.81,9.7679,9.79,0.02,0.2,1100.0
05/12/2022,9.77,9.77,9.77,9.77,0.0,0.0,17800.0
05/11/2022,9.79,9.79,9.76,9.77,-0.02,-0.2,1529300.0
05/10/2022,9.81,9.81,9.79,9.79,-0.01,-0.1,5800.0
05/09/2022,9.8199,9.8199,9.8,9.8,-0.02,-0.2,23500.0
05/05/2022,9.83,9.83,9.82,9.82,0.0,0.0,7000.0
05/04/2022,9.81,9.82,9.81,9.82,-0.0075,-0.08,408800.0
05/03/2022,9.82,9.8275,9.82,9.8275,-0.0025,-0.03,30600.0
05/02/2022,9.83,9.83,9.83,9.83,0.0,0.0,4700.0
04/29/2022,9.82,9.83,9.82,9.83,0.01,0.1,60000.0
04/28/2022,9.82,9.82,9.81,9.82,0.0,0.0,223000.0
04/27/2022,9.82,9.83,9.81,9.82,0.0,0.0,111100.0
04/26/2022,9.82,9.825,9.82,9.82,-6.0E-4,-0.01,204800.0
04/25/2022,9.82,9.8206,9.82,9.8206,6.0E-4,0.01,55500.0
04/22/2022,9.82,9.84,9.82,9.82,0.0,0.0,470100.0
04/20/2022,9.81,9.82,9.81,9.82,0.0,0.0,2800.0
04/19/2022,9.81,9.82,9.81,9.82,0.01,0.1,20100.0
04/18/2022,9.81,9.81,9.81,9.81,-0.01,-0.1,100.0
04/14/2022,9.82,9.82,9.815,9.82,0.01,0.1,10200.0
04/13/2022,9.84,9.84,9.81,9.81,0.0,0.0,45400.0
04/12/2022,9.8,9.81,9.8,9.81,0.0,0.0,13100.0
04/11/2022,9.81,9.81,9.81,9.81,-0.02,-0.2,73000.0
04/08/2022,9.8,9.83,9.8,9.83,0.03,0.31,118700.0
04/07/2022,9.8,9.8,9.8,9.8,0.0,0.0,50700.0
04/06/2022,9.8,9.8,9.8,9.8,-0.01,-0.1,3400.0
04/05/2022,9.8,9.81,9.8,9.81,0.01,0.1,17100.0
04/04/2022,9.82,9.82,9.785,9.8,0.01,0.1,16700.0
04/01/2022,9.785,9.79,9.785,9.79,0.0,0.0,18200.0
03/31/2022,9.78,9.79,9.76,9.79,0.02,0.2,96200.0
03/30/2022,9.77,9.77,9.77,9.77,0.0,0.0,86400.0
03/29/2022,9.76,9.77,9.76,9.77,-0.01,-0.1,200.0
03/24/2022,9.78,9.7801,9.7617,9.78,0.01,0.1,91000.0
03/23/2022,9.77,9.77,9.765,9.77,0.01,0.1,6800.0
03/22/2022,9.76,9.76,9.76,9.76,0.0199,0.2,2900.0
03/21/2022,9.74,9.755,9.74,9.7401,1.0E-4,0.0,31700.0
03/18/2022,9.75,9.75,9.74,9.74,-0.005,-0.05,67100.0
03/17/2022,9.75,9.75,9.745,9.745,-0.005,-0.05,50200.0
03/16/2022,9.77,9.77,9.75,9.75,0.005,0.05,50200.0
03/14/2022,9.75,9.75,9.745,9.745,0.005,0.05,130500.0
03/10/2022,9.75,9.75,9.74,9.74,-0.014,-0.14,1300.0
03/09/2022,9.74,9.754,9.74,9.754,0.004,0.04,6200.0
03/07/2022,9.77,9.77,9.745,9.75,-0.02,-0.2,1900.0
03/04/2022,9.74,9.77,9.74,9.77,0.01,0.1,2000.0
03/03/2022,9.75,9.76,9.75,9.76,0.0,0.0,32200.0
03/02/2022,9.75,9.76,9.75,9.76,0.03,0.31,117900.0
03/01/2022,9.73,9.73,9.73,9.73,0.0,0.0,10200.0
02/28/2022,9.73,9.73,9.73,9.73,0.0,0.0,900.0
02/25/2022,9.73,9.74,9.72,9.73,-0.01,-0.1,4800.0
02/24/2022,9.75,9.75,9.74,9.74,0.01,0.1,7400.0
02/23/2022,9.71,9.73,9.71,9.73,0.0059,0.06,562700.0
02/22/2022,9.725,9.74,9.7241,9.7241,0.0041,0.04,1600.0
02/18/2022,9.725,9.725,9.72,9.72,-0.005,-0.05,1000.0
02/17/2022,9.725,9.725,9.725,9.725,0.0,0.0,300.0
02/16/2022,9.7101,9.725,9.7101,9.725,-0.005,-0.05,1400.0
02/15/2022,9.73,9.73,9.73,9.73,0.005,0.05,300.0
02/14/2022,9.72,9.725,9.71,9.725,0.015,0.15,2800.0
02/07/2022,9.69,9.73,9.69,9.71,-0.015,-0.15,11100.0
02/04/2022,9.72,9.725,9.72,9.725,0.015,0.15,400.0
02/03/2022,9.71,9.71,9.71,9.71,-0.04,-0.41,21000.0
02/02/2022,9.75,9.75,9.75,9.75,0.0,0.0,100.0
02/01/2022,9.73,9.75,9.71,9.75,0.04,0.41,34200.0
01/31/2022,9.7011,9.71,9.7011,9.71,0.01,0.1,50100.0
01/28/2022,9.7,9.71,9.7,9.7,0.0,0.0,32900.0
01/27/2022,9.7,9.7,9.7,9.7,0.0,0.0,800.0
01/26/2022,9.7,9.72,9.7,9.7,0.0,0.0,192100.0
01/25/2022,9.69,9.74,9.69,9.7,0.01,0.1,130800.0
01/24/2022,9.71,9.71,9.67,9.69,-0.03,-0.31,72100.0
01/21/2022,9.74,9.74,9.72,9.72,0.0,0.0,41800.0
01/20/2022,9.72,9.72,9.72,9.72,-0.03,-0.31,96100.0
01/19/2022,9.72,9.75,9.72,9.75,0.03,0.31,35000.0
01/18/2022,9.72,9.72,9.72,9.72,-0.03,-0.31,100.0
01/14/2022,9.75,9.75,9.75,9.75,-0.02,-0.2,200.0
01/13/2022,9.76,9.78,9.75,9.77,0.0155,0.16,9300.0
01/12/2022,9.7545,9.7545,9.7545,9.7545,0.0345,0.35,300.0
01/10/2022,9.72,9.72,9.72,9.72,0.0,0.0,2100.0
01/07/2022,9.7,9.77,9.7,9.72,-0.01,-0.1,51300.0
01/06/2022,9.76,9.76,9.73,9.73,-0.05,-0.51,786200.0
01/05/2022,9.76,9.78,9.76,9.78,0.0,0.0,934500.0
01/04/2022,9.78,9.78,9.78,9.78,0.03,0.31,100.0
01/03/2022,9.82,9.82,9.75,9.75,-0.02,-0.2,45400.0
12/30/2021,9.77,9.77,9.745,9.77,0.0,0.0,68600.0
12/29/2021,9.75,9.77,9.74,9.77,0.0,0.0,227800.0
12/28/2021,9.77,9.77,9.77,9.77,0.0,0.0,6900.0
12/23/2021,9.78,9.81,9.77,9.77,0.04,0.41,1300.0
12/22/2021,9.75,9.77,9.73,9.73,-0.01,-0.1,3700.0
12/21/2021,9.74,9.77,9.74,9.74,0.0,0.0,17500.0
12/20/2021,9.7,9.77,9.7,9.74,-0.04,-0.41,17100.0
12/17/2021,9.75,9.78,9.75,9.78,0.01,0.1,19600.0
12/15/2021,9.72,9.78,9.72,9.77,0.03,0.31,13600.0
12/14/2021,9.76,9.76,9.74,9.74,-0.05,-0.51,509900.0
12/13/2021,9.78,9.79,9.74,9.79,0.02,0.2,30500.0
12/10/2021,9.74,9.79,9.74,9.77,-0.01,-0.1,800.0
12/09/2021,9.75,9.78,9.75,9.78,-0.03,-0.31,200.0
12/08/2021,9.78,9.81,9.72,9.81,0.06,0.62,636800.0
12/07/2021,9.75,9.78,9.74,9.75,-0.02,-0.2,700.0
12/06/2021,9.78,9.8,9.77,9.77,0.0,0.0,201200.0
12/03/2021,9.78,9.79,9.77,9.77,-0.03,-0.31,1700.0
12/01/2021,9.78,9.8,9.78,9.8,0.0,0.0,14600.0
11/30/2021,9.77,9.8,9.77,9.8,0.01,0.1,22100.0
11/29/2021,9.78,9.8,9.75,9.79,0.005,0.05,84100.0
11/26/2021,9.7235,9.79,9.72,9.785,0.005,0.05,12800.0
11/23/2021,9.77,9.79,9.74,9.78,0.03,0.31,26800.0
11/22/2021,9.74,9.79,9.74,9.75,0.0,0.0,12200.0
11/17/2021,9.74,9.75,9.74,9.75,-0.01,-0.1,700.0
11/16/2021,9.74,9.76,9.74,9.76,0.0,0.0,6100.0
11/15/2021,9.74,9.76,9.73,9.76,0.0,0.0,217200.0
11/12/2021,9.74,9.76,9.73,9.76,0.01,0.1,3200.0
11/11/2021,9.75,9.76,9.75,9.75,0.02,0.21,4500.0
11/10/2021,9.74,9.76,9.72,9.73,-0.03,-0.31,23700.0
11/09/2021,9.76,9.76,9.74,9.76,0.02,0.21,1000.0
11/08/2021,9.76,9.76,9.74,9.74,0.0,0.0,1900.0
11/05/2021,9.74,9.76,9.74,9.74,-0.01,-0.1,34500.0
11/04/2021,9.76,9.77,9.74,9.75,-0.01,-0.1,23100.0
11/03/2021,9.78,9.78,9.74,9.76,0.0,0.0,23900.0
11/02/2021,9.76,9.76,9.73,9.76,-0.02,-0.2,181700.0
11/01/2021,9.76,9.78,9.76,9.78,-0.01,-0.1,1400.0
10/29/2021,9.77,9.79,9.75,9.79,0.02,0.2,221100.0
10/27/2021,9.73,9.77,9.73,9.77,0.01,0.1,600.0
10/26/2021,9.76,9.76,9.74,9.76,-0.02,-0.2,10600.0
10/25/2021,9.78,9.78,9.78,9.78,0.0,0.0,100.0
10/21/2021,9.74,9.78,9.74,9.78,0.02,0.2,51600.0
10/20/2021,9.73,9.76,9.73,9.76,-0.03,-0.31,17400.0
10/15/2021,9.73,9.79,9.71,9.79,0.04,0.41,33200.0
10/14/2021,9.8,9.8,9.75,9.75,-0.03,-0.31,500.0
10/13/2021,9.7438,9.78,9.7438,9.78,-0.01,-0.1,23800.0
10/08/2021,9.77,9.79,9.76,9.79,0.02,0.2,15000.0
10/07/2021,9.8,9.8,9.77,9.77,0.0,0.0,1500.0
10/06/2021,9.735,9.77,9.735,9.77,0.0,0.0,6700.0
10/05/2021,9.72,9.77,9.72,9.77,0.04,0.41,23100.0
10/04/2021,9.69,9.8,9.69,9.73,-0.04,-0.41,38000.0
10/01/2021,9.71,9.77,9.71,9.77,0.02,0.21,2500.0
09/30/2021,9.71,9.78,9.71,9.75,0.01,0.1,48500.0
09/29/2021,9.74,9.75,9.74,9.74,0.0,0.0,900.0
09/28/2021,9.72,9.74,9.7,9.74,0.01,0.1,49100.0
09/27/2021,9.72,9.73,9.69,9.73,0.0,0.0,130700.0
09/24/2021,9.71,9.73,9.71,9.73,-0.01,-0.1,300.0
09/22/2021,9.7,9.74,9.69,9.74,0.0,0.0,66900.0
09/21/2021,9.86,9.86,9.71,9.74,-0.02,-0.2,8500.0
09/20/2021,9.71,9.76,9.71,9.76,-0.01,-0.1,1200.0
09/17/2021,9.73,9.77,9.73,9.77,0.01,0.1,14100.0
09/16/2021,9.64,9.78,9.64,9.76,0.01,0.1,114200.0
09/15/2021,9.74,9.78,9.74,9.75,0.01,0.1,2800.0
09/14/2021,9.74,9.75,9.74,9.74,-0.03,-0.31,101900.0
09/13/2021,9.72,9.77,9.72,9.77,0.03,0.31,8500.0
09/10/2021,9.7,9.74,9.69,9.74,0.04,0.41,349000.0
09/09/2021,9.69,9.705,9.69,9.7,0.01,0.1,217100.0
09/08/2021,9.69,9.71,9.69,9.69,0.0,0.0,6600.0
09/07/2021,9.69,9.705,9.69,9.69,0.0,0.0,14200.0
09/03/2021,9.7,9.94,9.69,9.69,0.01,0.1,35200.0
09/02/2021,9.68,9.7,9.65,9.68,0.0,0.0,10600.0
09/01/2021,9.68,9.68,9.68,9.68,0.0,0.0,200.0
08/31/2021,9.71,9.71,9.68,9.68,0.01,0.1,1100.0
08/30/2021,9.76,9.76,9.67,9.67,0.01,0.1,3600.0
08/27/2021,9.66,9.66,9.66,9.66,0.02,0.21,100.0
08/25/2021,9.64,9.7,9.64,9.64,-0.01,-0.1,28900.0
08/24/2021,9.7,9.7,9.65,9.65,-0.05,-0.52,8400.0
08/23/2021,9.7,9.7,9.675,9.7,0.02,0.21,11100.0
08/20/2021,9.7,9.7,9.68,9.68,-0.02,-0.21,7400.0
08/19/2021,9.73,9.73,9.695,9.7,0.0,0.0,6700.0
08/18/2021,9.74,9.74,9.7,9.7,0.0,0.0,300.0
08/17/2021,9.7,9.71,9.695,9.7,0.0,0.0,20800.0
08/16/2021,9.75,9.75,9.7,9.7,0.0,0.0,300.0
08/13/2021,9.7,9.72,9.65,9.7,0.01,0.1,10400.0
08/12/2021,9.7,9.7,9.67,9.69,-0.01,-0.1,1600.0
08/11/2021,9.748,9.748,9.69,9.7,0.0,0.0,800.0
08/10/2021,9.7,9.77,9.69,9.7,0.0,0.0,80600.0
08/09/2021,9.7,9.71,9.7,9.7,-0.01,-0.1,31600.0
08/06/2021,9.72,9.77,9.71,9.71,0.0,0.0,110900.0
08/05/2021,9.72,9.72,9.7,9.71,0.0,0.0,8300.0
08/04/2021,9.7,9.71,9.7,9.71,0.01,0.1,4000.0
08/03/2021,9.73,9.735,9.62,9.7,-0.05,-0.51,101400.0
08/02/2021,9.76,9.76,9.75,9.75,0.04,0.41,162600.0
07/30/2021,9.71,9.71,9.71,9.71,0.01,0.1,1000.0
07/29/2021,9.7,9.7,9.7,9.7,-0.01,-0.1,200.0
07/27/2021,9.71,9.72,9.7,9.71,-0.01,-0.1,14200.0
07/26/2021,9.69,9.72,9.69,9.72,-0.01,-0.1,400.0
07/23/2021,9.7,9.73,9.7,9.73,0.02,0.21,9100.0
07/22/2021,9.74,9.74,9.71,9.71,-0.01,-0.1,1100.0
07/21/2021,9.71,9.72,9.71,9.72,0.0,0.0,700.0
07/20/2021,9.72,9.73,9.72,9.72,0.01,0.1,900.0
07/19/2021,9.7,9.71,9.7,9.71,-0.03,-0.31,1000.0
07/16/2021,9.74,9.74,9.74,9.74,0.0,0.0,100.0
07/15/2021,9.71,9.74,9.71,9.74,-0.01,-0.1,800.0
07/13/2021,9.72,9.75,9.72,9.75,0.02,0.21,1100.0
07/12/2021,9.76,9.76,9.72,9.73,0.0,0.0,3400.0
07/08/2021,9.72,9.73,9.71,9.73,0.0011,0.01,400.0
07/07/2021,9.68,9.7289,9.68,9.7289,0.0289,0.3,31900.0
07/06/2021,9.7,9.73,9.68,9.7,-0.0298,-0.31,64000.0
07/02/2021,9.7,9.74,9.7,9.7298,0.0098,0.1,1700.0
07/01/2021,9.68,9.73,9.68,9.72,-0.01,-0.1,7500.0
06/30/2021,9.7,9.95,9.7,9.73,-0.04,-0.41,12300.0
06/29/2021,9.71,9.77,9.7,9.77,0.06,0.62,6600.0
06/28/2021,9.7,9.71,9.7,9.71,0.01,0.1,6600.0
06/25/2021,9.78,9.78,9.7,9.7,-0.05,-0.51,25800.0
06/24/2021,9.77,9.77,9.75,9.75,-0.03,-0.31,19700.0
06/23/2021,9.78,9.78,9.765,9.78,0.035,0.36,600.0
06/18/2021,9.77,9.77,9.74,9.745,-0.035,-0.36,26800.0
06/17/2021,9.77,9.78,9.77,9.78,0.0,0.0,1600.0
06/16/2021,9.78,9.78,9.77,9.78,0.005,0.05,6500.0
06/14/2021,9.79,9.79,9.76,9.775,-0.005,-0.05,9400.0
06/11/2021,9.8,9.8,9.78,9.78,-0.02,-0.2,2100.0
06/10/2021,9.8,9.8,9.7984,9.8,0.0,0.0,600.0
06/09/2021,9.82,9.82,9.8,9.8,0.03,0.31,151100.0
06/08/2021,9.77,9.77,9.77,9.77,0.0,0.0,700.0
06/07/2021,9.77,9.77,9.77,9.77,3.0E-4,0.0,200.0
06/04/2021,9.74,9.7697,9.74,9.7697,-3.0E-4,0.0,400.0
06/03/2021,9.75,9.771,9.75,9.77,0.03,0.31,9200.0
06/02/2021,9.85,9.85,9.74,9.74,-0.01,-0.1,3000.0
06/01/2021,9.77,9.77,9.75,9.75,0.02,0.21,1400.0
05/28/2021,9.73,9.73,9.73,9.73,0.0,0.0,100.0
05/27/2021,9.76,9.77,9.72,9.73,-0.0252,-0.26,3000.0
05/26/2021,9.75,9.76,9.73,9.7552,0.0352,0.36,2300.0
05/25/2021,9.72,9.72,9.72,9.72,0.01,0.1,78400.0
05/24/2021,9.86,9.86,9.71,9.71,0.02,0.21,64600.0
05/21/2021,9.69,9.69,9.685,9.69,0.03,0.31,3800.0
05/20/2021,9.66,9.69,9.64,9.66,-0.03,-0.31,111000.0
05/19/2021,9.68,9.75,9.66,9.69,0.0,0.0,215300.0
05/18/2021,9.72,9.84,9.68,9.69,-0.16,-1.62,212300.0
05/17/2021,9.84,9.85,9.84,9.85,0.01,0.1,1200.0
05/14/2021,9.82,9.85,9.82,9.84,-7.0E-4,-0.01,1200.0
05/13/2021,9.67,9.8407,9.67,9.8407,0.1377,1.42,800.0
05/12/2021,9.703,9.703,9.703,9.703,-0.1018,-1.04,400.0
05/11/2021,9.83,9.99,9.74,9.8048,-0.0252,-0.26,83600.0
05/10/2021,9.84,9.84,9.81,9.83,-0.02,-0.2,22300.0
05/07/2021,9.88,9.88,9.85,9.85,0.0,0.0,40400.0
05/06/2021,9.85,9.85,9.77,9.85,-0.1191,-1.19,2900.0
05/04/2021,10.0,10.0,9.85,9.9691,0.1191,1.21,23600.0
05/03/2021,10.2,10.2,9.83,9.85,-0.05,-0.51,33400.0
04/30/2021,9.72,9.9,9.71,9.9,0.045,0.46,8100.0
04/29/2021,9.85,9.855,9.85,9.855,-0.0096,-0.1,200.0
04/28/2021,9.95,9.95,9.85,9.8646,0.0146,0.15,1800.0
04/27/2021,9.85,9.9,9.85,9.85,-0.13,-1.3,60300.0
04/26/2021,9.85,9.98,9.85,9.98,0.12,1.22,55300.0
04/23/2021,9.83,9.86,9.82,9.86,0.01,0.1,4800.0
04/22/2021,9.85,9.85,9.84,9.85,-0.005,-0.05,77300.0
04/21/2021,9.855,9.855,9.855,9.855,-0.245,-2.43,100.0
04/20/2021,10.1,10.1,10.1,10.1,0.26,2.64,200.0
04/19/2021,9.89,10.15,9.44,9.84,-0.05,-0.51,5700.0
