12/30/2022,1.3,1.39,1.24,1.29,0.05,4.03,661600.0
12/29/2022,1.11,1.27,1.11,1.24,0.13,11.71,531200.0
12/28/2022,1.05,1.17,1.049,1.11,0.03,2.78,392500.0
12/27/2022,1.19,1.19,1.07,1.08,-0.07,-6.09,275900.0
12/23/2022,1.19,1.2257,1.15,1.15,-0.02,-1.71,135700.0
12/22/2022,1.25,1.28,1.1519,1.17,-0.11,-8.59,162600.0
12/21/2022,1.3,1.36,1.24,1.28,0.12,10.34,368500.0
12/20/2022,1.31,1.32,1.1,1.16,-0.12,-9.38,652500.0
12/19/2022,1.47,1.475,1.25,1.28,-0.2,-13.51,546000.0
12/16/2022,1.5,1.5,1.39,1.48,-0.02,-1.33,522700.0
12/15/2022,1.51,1.54,1.47,1.5,0.0,0.0,149700.0
12/14/2022,1.53,1.609,1.5,1.5,-0.03,-1.96,344300.0
12/13/2022,1.66,1.75,1.47,1.53,-0.11,-6.71,487200.0
12/12/2022,1.58,1.7,1.53,1.64,0.09,5.81,575900.0
12/09/2022,1.53,1.63,1.5,1.55,0.01,0.65,385900.0
12/08/2022,1.59,1.6085,1.509,1.54,-0.05,-3.14,240500.0
12/07/2022,1.56,1.66,1.42,1.59,0.01,0.63,360800.0
12/06/2022,1.65,1.69,1.57,1.58,-0.11,-6.51,581900.0
12/05/2022,1.73,1.78,1.65,1.69,-0.06,-3.43,375700.0
12/02/2022,1.72,1.84,1.69,1.75,-0.04,-2.23,389100.0
12/01/2022,1.81,1.85,1.72,1.79,0.08,4.68,352300.0
11/30/2022,1.68,1.74,1.62,1.71,0.04,2.4,672800.0
11/29/2022,1.79,1.8101,1.6408,1.67,0.04,2.45,584300.0
11/28/2022,1.6,1.8498,1.56,1.63,0.06,3.82,720800.0
11/25/2022,1.76,1.76,1.53,1.57,-0.09,-5.42,250400.0
11/23/2022,1.4,1.73,1.39,1.66,0.24,16.9,705500.0
11/22/2022,1.43,1.44,1.39,1.42,-0.02,-1.39,285200.0
11/21/2022,1.73,1.77,1.35,1.44,-0.31,-17.71,1169000.0
11/18/2022,1.86,1.885,1.74,1.75,-0.01,-0.57,375600.0
11/17/2022,1.85,1.8768,1.715,1.76,-0.13,-6.88,471200.0
11/16/2022,2.02,2.02,1.88,1.89,-0.09,-4.55,338000.0
11/15/2022,2.13,2.18,1.97,1.98,-0.02,-1.0,307600.0
11/14/2022,2.06,2.22,1.945,2.0,-0.03,-1.48,555100.0
11/11/2022,2.28,2.4644,1.97,2.03,-0.1,-4.69,978500.0
11/10/2022,1.92,2.22,1.92,2.13,0.27,14.52,501400.0
11/09/2022,2.08,2.095,1.855,1.86,-0.23,-11.0,291400.0
11/08/2022,2.21,2.21,2.07,2.09,-0.1,-4.57,206300.0
11/07/2022,2.21,2.25,2.15,2.19,-0.04,-1.79,202900.0
11/04/2022,2.25,2.275,2.15,2.23,-0.01,-0.45,419200.0
11/03/2022,2.27,2.31,2.1407,2.24,-0.07,-3.03,265100.0
11/02/2022,2.31,2.39,2.26,2.31,-0.01,-0.43,312500.0
11/01/2022,2.35,2.355,2.285,2.32,-0.01,-0.43,229900.0
10/31/2022,2.34,2.38,2.32,2.33,-0.01,-0.43,203100.0
10/28/2022,2.33,2.36,2.26,2.34,0.07,3.08,210200.0
10/27/2022,2.3,2.3355,2.26,2.27,-0.04,-1.73,177700.0
10/26/2022,2.34,2.365,2.275,2.31,0.01,0.43,212500.0
10/25/2022,2.22,2.37,2.22,2.3,0.07,3.14,358400.0
10/24/2022,2.27,2.27,2.15,2.23,-0.04,-1.76,173100.0
10/21/2022,2.19,2.28,2.09,2.27,0.14,6.57,240600.0
10/20/2022,2.15,2.29,2.06,2.13,-0.02,-0.93,353600.0
10/19/2022,2.25,2.25,2.09,2.15,-0.12,-5.29,243200.0
10/18/2022,2.24,2.33,2.215,2.27,0.02,0.89,239400.0
10/17/2022,2.02,2.3,2.02,2.25,0.17,8.17,279600.0
10/14/2022,2.18,2.265,2.04,2.08,-0.19,-8.37,279500.0
10/13/2022,2.2,2.29,2.095,2.27,0.01,0.44,381900.0
10/12/2022,1.84,2.31,1.815,2.26,0.39,20.86,1043800.0
10/11/2022,1.88,1.9,1.6725,1.87,-0.01,-0.53,469900.0
10/10/2022,2.16,2.16,1.87,1.88,-0.22,-10.48,315500.0
10/07/2022,2.25,2.27,2.08,2.1,-0.18,-7.89,236800.0
10/06/2022,2.18,2.38,2.18,2.28,0.05,2.24,200400.0
10/05/2022,2.33,2.3506,2.175,2.23,-0.12,-5.11,262800.0
10/04/2022,2.22,2.44,2.15,2.35,0.16,7.31,432400.0
10/03/2022,2.32,2.32,2.11,2.19,-0.12,-5.19,374100.0
09/30/2022,2.27,2.37,2.27,2.31,0.02,0.87,270800.0
09/29/2022,2.52,2.53,2.25,2.29,-0.27,-10.55,383700.0
09/28/2022,2.5,2.585,2.45,2.56,0.06,2.4,1150700.0
09/27/2022,2.57,2.64,2.3899,2.5,-0.05,-1.96,482700.0
09/26/2022,2.46,2.585,2.46,2.55,0.04,1.59,583300.0
09/23/2022,2.48,2.565,2.43,2.51,-0.03,-1.18,496900.0
09/22/2022,2.58,2.59,2.39,2.54,-0.07,-2.68,853800.0
09/21/2022,2.41,2.66,2.32,2.61,0.19,7.85,999000.0
09/20/2022,2.34,2.45,2.25,2.42,0.03,1.26,704500.0
09/19/2022,2.1,2.45,2.06,2.39,0.27,12.74,1446500.0
09/16/2022,2.12,2.25,1.95,2.12,-0.03,-1.4,7538500.0
09/15/2022,2.36,2.4,1.9711,2.15,-0.21,-8.9,2387300.0
09/14/2022,2.4,2.46,2.26,2.36,-0.06,-2.48,1170500.0
09/13/2022,2.33,2.67,2.3,2.42,0.08,3.42,1582300.0
09/12/2022,2.55,2.63,2.31,2.34,-0.12,-4.88,897100.0
09/09/2022,2.63,2.63,2.41,2.46,-0.14,-5.38,1142100.0
09/08/2022,2.72,2.87,2.5799,2.6,-0.29,-10.03,823400.0
09/07/2022,2.9,2.955,2.57,2.89,0.0,0.0,650000.0
09/06/2022,2.86,3.05,2.73,2.89,0.13,4.71,906200.0
09/02/2022,2.87,2.93,2.72,2.76,-0.11,-3.83,704100.0
09/01/2022,2.67,2.88,2.615,2.87,0.16,5.9,425200.0
08/31/2022,2.83,2.92,2.69,2.71,-0.07,-2.52,720800.0
08/30/2022,2.85,2.9,2.72,2.78,-0.08,-2.8,304100.0
08/29/2022,2.88,3.04,2.81,2.86,-0.02,-0.69,510500.0
08/26/2022,2.76,2.97,2.74,2.88,0.1,3.6,424200.0
08/25/2022,2.97,3.08,2.72,2.78,-0.08,-2.8,682500.0
08/24/2022,2.7,2.88,2.67,2.86,0.23,8.75,1020800.0
08/23/2022,2.78,2.87,2.55,2.63,-0.17,-6.07,1470100.0
08/22/2022,2.83,2.95,2.77,2.8,-0.02,-0.71,694900.0
08/19/2022,2.87,2.93,2.75,2.82,-0.08,-2.76,381600.0
08/18/2022,2.96,3.02,2.84,2.9,-0.05,-1.69,324600.0
08/17/2022,2.99,3.04,2.9,2.95,-0.04,-1.34,425000.0
08/16/2022,3.06,3.3,2.94,2.99,-0.01,-0.33,770600.0
08/15/2022,3.13,3.19,2.94,3.0,-0.07,-2.28,526000.0
08/12/2022,3.21,3.42,3.005,3.07,-0.12,-3.76,732600.0
08/11/2022,3.25,3.34,3.1401,3.19,-0.06,-1.85,465300.0
08/10/2022,3.12,3.27,3.12,3.25,0.12,3.83,739200.0
08/09/2022,3.07,3.2,2.92,3.13,0.03,0.97,485200.0
08/08/2022,3.08,3.44,3.0177,3.1,0.08,2.65,759200.0
08/05/2022,2.8,3.04,2.72,3.02,0.22,7.86,540000.0
08/04/2022,3.05,3.09,2.775,2.8,-0.16,-5.41,440000.0
08/03/2022,3.05,3.18,2.86,2.96,-0.08,-2.63,402100.0
08/02/2022,2.9,3.05,2.87,3.04,0.14,4.83,454900.0
08/01/2022,3.12,3.13,2.865,2.9,-0.11,-3.65,461900.0
07/29/2022,3.24,3.32,2.985,3.01,-0.19,-5.94,559800.0
07/28/2022,3.28,3.32,3.18,3.2,0.01,0.31,300100.0
07/27/2022,3.6,3.69,3.12,3.19,-0.39,-10.89,519300.0
07/26/2022,3.59,3.74,3.495,3.58,-0.11,-2.98,373200.0
07/25/2022,3.41,3.78,3.41,3.69,0.25,7.27,428600.0
07/22/2022,3.5,3.68,3.38,3.44,-0.06,-1.71,208900.0
07/21/2022,3.56,3.5697,3.42,3.5,0.01,0.29,329100.0
07/20/2022,3.5,3.78,3.43,3.49,-0.01,-0.29,529100.0
07/19/2022,3.66,3.68,3.44,3.5,-0.11,-3.05,465000.0
07/18/2022,4.18,4.35,3.58,3.61,-0.51,-12.38,693100.0
07/15/2022,4.0,4.1799,3.8501,4.12,0.15,3.78,182400.0
07/14/2022,4.1,4.23,3.71,3.97,-0.18,-4.34,277800.0
07/13/2022,4.13,4.3599,4.02,4.15,-0.1,-2.35,211800.0
07/12/2022,4.03,4.39,3.95,4.25,0.2,4.94,261700.0
07/11/2022,4.39,4.39,3.9723,4.05,-0.26,-6.03,304400.0
07/08/2022,3.88,4.45,3.88,4.31,0.33,8.29,731500.0
07/07/2022,3.97,4.21,3.8692,3.98,0.0,0.0,448500.0
07/06/2022,3.66,4.01,3.61,3.98,0.27,7.28,493700.0
07/05/2022,3.45,3.72,3.3147,3.71,0.18,5.1,339400.0
07/01/2022,3.24,3.66,3.24,3.53,0.13,3.82,517600.0
06/30/2022,2.81,3.55,2.77,3.4,0.59,21.0,886200.0
06/29/2022,3.21,3.21,2.76,2.81,-0.42,-13.0,826100.0
06/28/2022,3.62,3.84,3.22,3.23,-0.38,-10.53,398900.0
06/27/2022,3.79,3.83,3.47,3.61,-0.07,-1.9,559800.0
06/24/2022,3.6,4.58,3.55,3.68,0.14,3.95,3332600.0
06/23/2022,3.51,3.72,3.41,3.54,0.07,2.02,430700.0
06/22/2022,3.92,3.93,3.4,3.47,-0.31,-8.2,1224600.0
06/21/2022,3.94,4.09,3.67,3.78,-0.12,-3.08,1248100.0
06/17/2022,3.98,4.25,3.73,3.9,-0.11,-2.74,1137800.0
06/16/2022,4.1,4.3499,3.822,4.01,-0.18,-4.3,1218200.0
06/15/2022,4.1,4.38,3.87,4.19,0.14,3.46,1589100.0
06/14/2022,4.01,4.17,3.87,4.05,0.02,0.5,435700.0
06/13/2022,4.51,4.5174,3.93,4.03,-0.59,-12.77,983000.0
06/10/2022,5.62,5.98,4.59,4.62,-0.89,-16.15,1108600.0
06/09/2022,6.9,6.995,5.46,5.51,-1.07,-16.26,569900.0
06/08/2022,6.64,7.43,6.05,6.58,-0.13,-1.94,649400.0
06/07/2022,7.61,7.61,6.0,6.71,-0.21,-3.03,915900.0
06/06/2022,10.95,11.0,6.82,6.92,-3.92,-36.16,1366800.0
06/03/2022,10.37,11.14,10.36,10.84,0.47,4.53,343900.0
06/02/2022,9.96,10.99,9.96,10.37,0.19,1.87,390100.0
06/01/2022,9.39,10.52,9.04,10.18,0.96,10.41,439400.0
05/31/2022,9.0,9.45,8.66,9.22,0.31,3.48,670800.0
05/27/2022,8.4,8.96,8.08,8.91,0.4,4.7,296200.0
05/26/2022,7.76,8.64,7.75,8.51,0.64,8.13,261600.0
05/25/2022,7.05,8.105,6.86,7.87,0.72,10.07,271700.0
05/24/2022,6.99,7.98,6.96,7.15,0.05,0.7,286800.0
05/23/2022,7.6,7.88,7.1,7.1,-0.36,-4.83,331100.0
05/20/2022,7.75,7.98,7.27,7.46,-0.13,-1.71,230100.0
05/19/2022,7.6,8.45,7.59,7.59,-0.26,-3.31,275000.0
05/18/2022,7.5,8.84,7.44,7.85,0.29,3.84,900800.0
05/17/2022,6.37,7.67,6.31,7.56,1.14,17.76,464700.0
05/16/2022,7.26,8.1,6.36,6.42,-0.92,-12.53,529400.0
05/13/2022,6.77,8.98,6.45,7.34,1.57,27.21,1148900.0
05/12/2022,6.22,7.4,5.5,5.77,-0.53,-8.41,886900.0
05/11/2022,6.73,6.8326,6.25,6.3,-0.82,-11.52,434200.0
05/10/2022,9.31,9.8588,6.94,7.12,-2.0,-21.93,733200.0
05/09/2022,12.3,12.3,8.98,9.12,-3.08,-25.25,694800.0
05/06/2022,11.93,12.56,11.3476,12.2,0.26,2.18,208300.0
05/05/2022,12.5,12.95,11.4,11.94,0.0,0.0,323700.0
05/04/2022,11.1,12.059,10.92,11.94,0.56,4.92,205800.0
05/03/2022,11.64,12.11,10.92,11.38,-0.26,-2.23,245900.0
05/02/2022,11.26,12.225,11.12,11.64,-0.05,-0.43,258200.0
04/29/2022,12.27,12.3004,11.42,11.69,-1.22,-9.45,493100.0
04/28/2022,12.0,13.1857,11.7601,12.91,0.77,6.34,663500.0
04/27/2022,11.96,12.5,11.71,12.14,0.2,1.68,305500.0
04/26/2022,11.45,12.09,10.84,11.94,0.51,4.46,415600.0
04/25/2022,12.3,12.63,11.2,11.43,-0.49,-4.11,341000.0
04/22/2022,11.98,12.2958,11.5801,11.92,0.05,0.42,198800.0
04/21/2022,12.5,12.71,11.06,11.87,-0.52,-4.2,549200.0
04/20/2022,11.91,12.57,11.41,12.39,0.61,5.18,449200.0
04/19/2022,10.57,12.0,10.52,11.78,1.13,10.61,643100.0
04/18/2022,10.42,10.86,10.31,10.65,0.33,3.2,221300.0
04/14/2022,10.13,10.5,10.0,10.32,0.16,1.57,192300.0
04/13/2022,9.82,10.21,9.79,10.16,0.42,4.31,204700.0
04/12/2022,9.77,10.07,9.43,9.74,-0.03,-0.31,113000.0
04/11/2022,9.3799,9.83,9.3799,9.77,0.38,4.05,166900.0
04/08/2022,9.43,9.66,9.23,9.39,-0.11,-1.16,61900.0
04/07/2022,9.24,9.64,9.09,9.5,0.29,3.15,151200.0
04/06/2022,8.84,9.47,8.6701,9.21,-0.19,-2.02,215400.0
04/05/2022,8.6,9.44,8.46,9.4,0.71,8.17,205000.0
04/04/2022,9.0,9.65,8.31,8.69,-0.19,-2.14,332700.0
04/01/2022,8.71,9.05,8.09,8.88,0.17,1.95,188400.0
03/31/2022,8.7,9.24,8.66,8.71,0.18,2.11,185000.0
03/30/2022,8.2,8.91,8.2,8.53,0.39,4.79,167700.0
03/29/2022,7.73,8.25,7.73,8.14,0.39,5.03,146200.0
03/28/2022,7.9,8.0,7.52,7.75,0.39,5.3,113700.0
03/25/2022,7.59,7.7,7.1,7.36,-0.09,-1.21,104100.0
03/24/2022,7.38,7.98,7.19,7.45,0.2,2.76,256400.0
03/23/2022,7.16,7.8071,7.16,7.25,0.1,1.4,99300.0
03/22/2022,7.22,8.025,7.15,7.15,0.05,0.7,218600.0
03/21/2022,7.45,7.5799,7.07,7.1,0.1,1.43,139800.0
03/18/2022,7.17,7.5,7.0,7.0,-0.13,-1.82,144100.0
03/17/2022,7.01,7.47,6.91,7.13,0.04,0.56,146100.0
03/16/2022,7.2,7.75,7.01,7.09,0.15,2.16,180800.0
03/15/2022,7.05,7.5,6.26,6.94,0.01,0.14,221200.0
03/14/2022,9.0,9.14,6.82,6.93,-2.07,-23.0,489900.0
03/11/2022,9.72,10.08,8.93,9.0,-0.79,-8.07,485200.0
03/10/2022,8.74,10.0,8.45,9.79,1.35,16.0,482000.0
03/09/2022,8.37,10.25,8.2,8.44,-0.05,-0.59,625000.0
03/08/2022,7.82,8.8983,7.82,8.49,0.63,8.02,390300.0
03/07/2022,7.08,8.42,7.035,7.86,0.91,13.09,591100.0
03/04/2022,7.19,7.48,6.9,6.95,-0.61,-8.07,155400.0
03/03/2022,7.43,7.89,7.22,7.56,0.37,5.15,87300.0
03/02/2022,7.54,7.95,7.13,7.19,-0.19,-2.57,194100.0
03/01/2022,7.25,7.39,7.03,7.38,0.2,2.79,128700.0
02/28/2022,7.02,7.38,6.6801,7.18,0.25,3.61,225300.0
02/25/2022,6.67,6.93,6.49,6.93,0.46,7.11,123200.0
02/24/2022,5.98,6.485,5.91,6.47,0.3,4.86,67300.0
02/23/2022,6.11,6.3,6.07,6.17,0.0,0.0,85700.0
02/22/2022,6.67,6.67,6.03,6.17,-0.3,-4.64,182900.0
02/18/2022,6.66,6.66,6.25,6.47,-0.06,-0.92,150100.0
02/17/2022,6.46,6.615,6.31,6.53,0.07,1.08,198100.0
02/16/2022,6.2,6.56,6.1,6.46,0.5,8.39,246300.0
02/15/2022,5.76,6.0599,5.63,5.96,0.46,8.36,160000.0
02/14/2022,5.82,6.2,5.44,5.5,0.0,0.0,336500.0
02/11/2022,5.38,5.66,5.27,5.5,0.27,5.16,222800.0
02/10/2022,4.8,5.46,4.75,5.23,0.44,9.19,268900.0
02/09/2022,4.61,4.92,4.5519,4.79,0.26,5.74,135600.0
02/08/2022,4.55,4.62,4.36,4.53,-0.06,-1.31,38100.0
02/07/2022,4.41,4.68,4.28,4.59,0.14,3.15,84700.0
02/04/2022,4.42,4.55,4.29,4.45,-0.03,-0.67,48700.0
02/03/2022,4.63,4.78,4.4,4.48,-0.22,-4.68,67500.0
02/02/2022,4.66,4.78,4.65,4.7,0.12,2.62,149900.0
02/01/2022,4.5,4.67,4.39,4.58,0.08,1.78,114700.0
01/31/2022,4.31,4.54,4.2002,4.5,0.24,5.63,123500.0
01/28/2022,4.1,4.32,3.97,4.26,0.36,9.23,86700.0
01/27/2022,4.21,4.21,3.82,3.9,-0.27,-6.47,97500.0
01/26/2022,4.5,4.58,4.12,4.17,-0.3,-6.71,74200.0
01/25/2022,4.4,4.6,4.17,4.47,-0.01,-0.22,295800.0
01/24/2022,4.04,4.51,4.04,4.48,0.16,3.7,239400.0
01/21/2022,3.99,4.54,3.89,4.32,0.35,8.82,263900.0
01/20/2022,3.95,4.03,3.78,3.97,0.1,2.58,259200.0
01/19/2022,3.8,4.03,3.75,3.87,0.06,1.57,185200.0
01/18/2022,4.34,4.34,3.63,3.81,-0.33,-7.97,1589836.0
01/14/2022,4.11,4.23,4.03,4.14,-0.04,-0.96,69100.0
01/13/2022,4.34,4.55,4.18,4.18,-0.18,-4.13,44000.0
01/12/2022,4.7,4.7,4.31,4.36,-0.18,-3.96,52900.0
01/11/2022,4.4,4.72,4.4,4.54,0.18,4.13,62000.0
01/10/2022,4.66,4.73,4.28,4.36,-0.24,-5.22,80100.0
01/07/2022,4.83,4.9,4.6,4.6,-0.22,-4.56,33100.0
01/06/2022,4.73,4.96,4.65,4.82,0.04,0.84,97000.0
01/05/2022,5.08,5.12,4.7,4.78,-0.28,-5.53,63600.0
01/04/2022,5.13,5.13,4.8,5.06,-0.01,-0.2,50600.0
01/03/2022,5.12,5.25,4.93,5.07,-0.05,-0.98,95500.0
12/31/2021,4.91,5.3,4.8,5.12,0.2,4.07,144000.0
12/30/2021,5.08,5.3,4.92,4.92,-0.23,-4.47,127600.0
12/29/2021,4.87,5.15,4.77,5.15,0.29,5.97,56200.0
12/28/2021,5.0,5.05,4.82,4.86,-0.15,-2.99,89700.0
12/27/2021,5.04,5.1899,4.85,5.01,0.31,6.6,251400.0
12/23/2021,4.71,4.9,4.63,4.7,0.06,1.29,53500.0
12/22/2021,4.72,4.83,4.39,4.64,-0.08,-1.69,102900.0
12/21/2021,4.7,4.99,4.66,4.72,0.02,0.43,33000.0
12/20/2021,4.54,4.91,4.5,4.7,0.04,0.86,102000.0
12/17/2021,4.8,5.13,4.6,4.66,-0.21,-4.31,118000.0
12/16/2021,5.01,5.3,4.87,4.87,-0.14,-2.79,93400.0
12/15/2021,4.97,5.105,4.81,5.01,0.07,1.42,41200.0
12/14/2021,5.15,5.33,4.85,4.94,-0.28,-5.36,62700.0
12/13/2021,5.56,5.7,5.09,5.22,-0.43,-7.61,55100.0
12/10/2021,5.72,5.81,5.58,5.65,-0.09,-1.57,62300.0
12/09/2021,5.54,5.7881,5.46,5.74,0.26,4.74,44400.0
12/08/2021,5.31,5.71,5.31,5.48,0.13,2.43,75700.0
12/07/2021,5.43,5.89,5.27,5.35,-0.07,-1.29,88000.0
12/06/2021,5.99,5.99,5.06,5.42,-0.65,-10.71,232900.0
12/03/2021,6.36,6.6506,5.89,6.07,-0.22,-3.5,187600.0
12/02/2021,6.42,6.91,6.1,6.29,-0.11,-1.72,59000.0
12/01/2021,6.47,6.7599,6.27,6.4,-0.04,-0.62,69400.0
11/30/2021,6.7,6.77,6.43,6.44,-0.26,-3.88,96600.0
11/29/2021,6.85,7.0,6.58,6.7,-0.05,-0.74,128800.0
11/26/2021,6.45,6.88,6.45,6.75,0.22,3.37,44300.0
11/24/2021,6.67,6.67,6.25,6.53,-0.06,-0.91,64500.0
11/23/2021,7.09,7.09,6.53,6.59,-0.56,-7.83,92100.0
11/22/2021,7.01,7.28,6.93,7.15,0.17,2.44,126000.0
11/19/2021,6.9,7.02,6.87,6.98,0.05,0.72,30300.0
11/18/2021,6.93,7.09,6.85,6.93,-0.04,-0.57,27600.0
11/17/2021,7.2,7.2,6.82,6.97,-0.23,-3.19,45500.0
11/16/2021,7.7,7.7,7.0094,7.2,0.39,5.73,111700.0
11/15/2021,7.11,7.11,6.8,6.81,-0.3,-4.22,90200.0
11/12/2021,7.34,7.34,7.0001,7.11,-0.13,-1.8,54000.0
11/11/2021,7.23,7.385,7.1,7.24,0.01,0.14,31900.0
11/10/2021,7.34,7.39,7.1243,7.23,-0.05,-0.69,35200.0
11/09/2021,7.24,7.35,7.09,7.28,0.07,0.97,27300.0
11/08/2021,7.33,7.37,7.15,7.21,-0.08,-1.1,39400.0
11/05/2021,7.1,7.31,6.9179,7.29,0.17,2.39,34300.0
11/04/2021,7.23,7.28,7.05,7.12,-0.07,-0.97,42900.0
11/03/2021,7.16,7.28,7.0723,7.19,0.1,1.41,46800.0
11/02/2021,7.18,7.2,6.79,7.09,-0.13,-1.8,87900.0
11/01/2021,6.83,7.3,6.83,7.22,0.47,6.96,75800.0
10/29/2021,6.71,7.0,6.6,6.75,0.12,1.81,105900.0
10/28/2021,6.64,6.71,6.52,6.63,-0.12,-1.78,71000.0
10/27/2021,6.82,6.87,6.61,6.75,-0.07,-1.03,33800.0
10/26/2021,6.59,7.35,6.59,6.82,0.2,3.02,121700.0
10/25/2021,6.87,6.93,6.54,6.62,-0.27,-3.92,124800.0
10/22/2021,7.07,7.15,6.81,6.89,-0.12,-1.71,68400.0
10/21/2021,7.25,7.2559,6.86,7.01,-0.16,-2.23,88400.0
10/20/2021,7.38,7.4414,7.0,7.17,-0.29,-3.89,79800.0
10/19/2021,7.68,7.69,7.4,7.46,0.13,1.77,142400.0
10/18/2021,7.25,7.38,7.1501,7.33,0.14,1.95,82000.0
10/15/2021,7.05,7.2334,7.05,7.19,0.04,0.56,39800.0
10/14/2021,7.2,7.21,6.96,7.15,0.08,1.13,58500.0
10/13/2021,6.96,7.11,6.88,7.07,0.18,2.61,58500.0
10/12/2021,6.82,6.95,6.76,6.89,0.1,1.47,217100.0
10/11/2021,7.05,7.15,6.74,6.79,-0.36,-5.03,112000.0
10/08/2021,7.04,7.15,7.03,7.15,0.09,1.27,53400.0
10/07/2021,7.0,7.13,7.0,7.06,0.04,0.57,38000.0
10/06/2021,7.12,7.3018,6.97,7.02,-0.1,-1.4,92700.0
10/05/2021,7.15,7.28,7.06,7.12,-0.05,-0.7,107000.0
10/04/2021,7.06,7.4,7.06,7.17,-0.01,-0.14,96200.0
10/01/2021,7.03,7.2234,6.9,7.18,0.1,1.41,127600.0
09/30/2021,7.0,7.21,6.87,7.08,0.19,2.76,71400.0
09/29/2021,6.9,7.2531,6.85,6.89,-0.08,-1.15,85000.0
09/28/2021,7.43,7.625,6.73,6.97,-0.46,-6.19,205400.0
09/27/2021,7.76,7.76,7.32,7.43,-0.34,-4.38,128600.0
09/24/2021,7.96,8.06,7.6,7.77,-0.15,-1.89,135100.0
09/23/2021,7.54,7.99,7.31,7.92,0.51,6.88,221300.0
09/22/2021,6.9,7.6999,6.8,7.41,1.02,15.96,576600.0
09/21/2021,6.3,6.4765,6.3,6.39,0.1,1.59,57700.0
09/20/2021,6.24,6.35,6.1179,6.29,0.05,0.8,126600.0
09/17/2021,6.41,6.64,6.21,6.24,-0.01,-0.16,195300.0
09/16/2021,6.38,6.48,6.1,6.25,-0.07,-1.11,128400.0
09/15/2021,6.45,6.62,6.3,6.32,-0.1,-1.56,70900.0
09/14/2021,6.86,7.04,6.26,6.42,-0.45,-6.55,148900.0
09/13/2021,6.68,7.15,6.6,6.87,0.2,3.0,135000.0
09/10/2021,6.79,6.92,6.55,6.67,-0.05,-0.74,90000.0
09/09/2021,6.65,7.014,6.52,6.72,-0.04,-0.59,216500.0
09/08/2021,7.08,7.49,6.66,6.76,0.0,0.0,362900.0
09/07/2021,8.55,8.99,6.7,6.76,-1.94,-22.3,667100.0
09/03/2021,8.18,8.98,8.18,8.7,0.48,5.84,169500.0
09/02/2021,8.7,8.87,8.14,8.22,-0.41,-4.75,199800.0
09/01/2021,8.62,8.88,8.45,8.63,0.18,2.13,96200.0
08/31/2021,8.3,8.71,8.3,8.45,0.09,1.08,107000.0
08/30/2021,8.29,8.91,8.15,8.36,0.21,2.58,231700.0
08/27/2021,7.75,8.305,7.75,8.15,0.36,4.62,186900.0
08/26/2021,7.38,8.22,7.38,7.79,0.52,7.15,207300.0
08/25/2021,7.0,7.48,6.9,7.27,0.4,5.82,128400.0
08/24/2021,6.17,6.9,6.17,6.87,0.72,11.71,138300.0
08/23/2021,6.07,6.35,6.07,6.15,0.1,1.65,221400.0
08/20/2021,6.7,7.25,6.0,6.05,-0.55,-8.33,394200.0
08/19/2021,6.73,7.0,6.32,6.6,-0.15,-2.22,134000.0
08/18/2021,6.85,7.0,6.57,6.75,-0.1,-1.46,245300.0
08/17/2021,6.15,6.98,6.15,6.85,0.7,11.38,327100.0
08/16/2021,6.55,6.63,6.13,6.15,-0.35,-5.38,322800.0
08/13/2021,6.45,6.8699,6.44,6.5,0.1,1.56,339200.0
08/12/2021,7.51,7.605,6.355,6.4,-1.2,-15.79,684200.0
08/11/2021,8.09,8.0903,7.49,7.6,-0.38,-4.76,301700.0
08/10/2021,7.67,8.0999,7.575,7.98,0.28,3.64,322500.0
08/09/2021,7.67,7.942,7.5539,7.7,0.0,0.0,168900.0
08/06/2021,8.2,8.44,7.68,7.7,-0.3,-3.75,384800.0
08/05/2021,8.7,9.0391,7.91,8.0,-0.67,-7.73,514700.0
08/04/2021,8.67,9.4,8.55,8.67,-0.17,-1.92,773200.0
08/03/2021,9.18,9.18,8.46,8.84,-0.3,-3.28,322900.0
08/02/2021,8.86,9.39,8.7,9.14,0.34,3.86,419500.0
07/30/2021,8.94,9.37,8.58,8.8,0.0,0.0,256100.0
07/29/2021,9.11,9.19,8.62,8.8,-0.27,-2.98,124600.0
07/28/2021,8.43,9.2,8.36,9.07,0.73,8.75,141800.0
07/27/2021,8.63,8.65,8.21,8.34,-0.205,-2.4,166500.0
07/26/2021,9.88,9.9088,8.54,8.545,-1.205,-12.36,450800.0
07/23/2021,9.56,9.955,9.26,9.75,0.25,2.63,271900.0
07/22/2021,9.84,10.49,9.4831,9.5,0.01,0.11,520700.0
07/21/2021,11.07,11.9399,9.48,9.49,-1.555,-14.08,882400.0
07/20/2021,12.13,13.4,10.86,11.045,-1.105,-9.09,747800.0
07/19/2021,10.54,12.39,10.3,12.15,1.95,19.12,1084700.0
07/16/2021,8.18,12.58,8.07,10.2,2.18,27.18,1.73192E+7
07/15/2021,9.16,9.18,7.73,8.02,-1.15,-12.54,565600.0
07/14/2021,9.73,9.7658,9.1067,9.17,-0.58,-5.95,168800.0
07/13/2021,10.18,10.22,9.62,9.75,-0.44,-4.32,413500.0
07/12/2021,10.22,10.22,10.11,10.19,-0.02,-0.2,224700.0
07/09/2021,10.16,10.3,10.01,10.21,0.03,0.29,1214000.0
07/08/2021,10.1813,10.19,10.165,10.18,0.0,0.0,1431700.0
07/07/2021,10.2,10.2,10.17,10.18,0.0,0.0,486500.0
07/06/2021,10.2,10.2,10.17,10.18,-0.01,-0.1,305200.0
07/02/2021,10.17,10.1982,10.17,10.19,0.005,0.05,172900.0
07/01/2021,10.17,10.19,10.17,10.185,0.005,0.05,864200.0
06/30/2021,10.17,10.18,10.17,10.18,0.0,0.0,79700.0
06/29/2021,10.19,10.19,10.17,10.18,0.0,0.0,25400.0
06/28/2021,10.16,10.19,10.16,10.18,0.02,0.2,179100.0
06/25/2021,10.17,10.2,10.16,10.16,-0.01,-0.1,64400.0
06/24/2021,10.19,10.2,10.161,10.17,-0.02,-0.2,26600.0
06/23/2021,10.18,10.1999,10.16,10.19,0.0,0.0,48300.0
06/22/2021,10.2,10.2,10.16,10.19,0.01,0.1,60700.0
06/21/2021,10.2,10.2,10.16,10.18,-0.02,-0.2,62200.0
06/18/2021,10.19,10.2,10.16,10.2,0.03,0.29,57100.0
06/17/2021,10.21,10.21,10.16,10.17,0.0,0.0,15000.0
06/16/2021,10.16,10.18,10.14,10.17,0.0,0.0,240500.0
06/15/2021,10.16,10.18,10.16,10.17,0.01,0.1,12600.0
06/14/2021,10.2,10.2,10.16,10.16,-0.01,-0.1,610600.0
06/11/2021,10.17,10.19,10.16,10.17,0.0,0.0,120700.0
06/10/2021,10.19,10.19,10.1553,10.17,0.0,0.0,51600.0
06/09/2021,10.19,10.19,10.15,10.17,0.0,0.0,73000.0
06/08/2021,10.17,10.19,10.15,10.17,0.0,0.0,64200.0
06/07/2021,10.16,10.2,10.15,10.17,0.02,0.2,173800.0
06/04/2021,10.17,10.17,10.15,10.15,-0.01,-0.1,23900.0
06/03/2021,10.14,10.18,10.14,10.16,0.02,0.2,97400.0
06/02/2021,10.15,10.16,10.14,10.14,0.0,0.0,62700.0
06/01/2021,10.13,10.15,10.13,10.14,0.01,0.1,246600.0
05/28/2021,10.13,10.14,10.12,10.13,0.0,0.0,185400.0
05/27/2021,10.1,10.135,10.1,10.13,0.03,0.3,59500.0
05/26/2021,10.1,10.12,10.1,10.1,0.0,0.0,77800.0
05/25/2021,10.11,10.11,10.1,10.1,0.0,0.0,452300.0
05/24/2021,10.1,10.11,10.09,10.1,0.0,0.0,278900.0
05/21/2021,10.09,10.11,10.09,10.1,0.0,0.0,63200.0
05/20/2021,10.1,10.11,10.09,10.1,0.01,0.1,117200.0
05/19/2021,10.1,10.12,10.09,10.09,-0.01,-0.1,374400.0
05/18/2021,10.12,10.12,10.09,10.1,-0.01,-0.1,103100.0
05/17/2021,10.11,10.12,10.101,10.11,0.0,0.0,75900.0
05/14/2021,10.13,10.1397,10.1,10.11,-0.01,-0.1,761200.0
05/13/2021,10.13,10.135,10.1,10.12,-0.01,-0.1,944800.0
05/12/2021,10.13,10.14,10.125,10.13,0.0,0.0,960000.0
05/11/2021,10.14,10.15,10.13,10.13,-0.01,-0.1,1244000.0
05/10/2021,10.13,10.15,10.13,10.14,0.01,0.1,1373600.0
05/07/2021,10.13,10.14,10.12,10.13,-0.02,-0.2,173600.0
05/06/2021,10.13,10.15,10.1201,10.15,0.02,0.2,1634100.0
05/05/2021,10.13,10.143,10.12,10.13,0.01,0.1,274100.0
05/04/2021,10.13,10.13,10.12,10.12,0.0,0.0,163300.0
05/03/2021,10.12,10.14,10.12,10.12,0.01,0.1,309400.0
04/30/2021,10.11,10.13,10.11,10.11,-0.03,-0.3,52100.0
04/29/2021,10.14,10.14,10.11,10.14,0.01,0.1,114800.0
04/28/2021,10.11,10.14,10.11,10.13,0.02,0.2,102400.0
04/27/2021,10.12,10.14,10.1,10.11,0.0,0.0,117000.0
04/26/2021,10.1,10.14,10.1,10.11,0.0,0.0,116500.0
04/23/2021,10.1,10.12,10.1,10.11,0.01,0.1,185500.0
04/22/2021,10.1,10.12,10.1,10.1,0.0,0.0,59600.0
04/21/2021,10.1,10.11,10.1,10.1,0.0,0.0,139700.0
04/20/2021,10.1,10.11,10.09,10.1,0.0,0.0,240900.0
04/19/2021,10.09,10.11,10.09,10.1,0.0,0.0,334500.0
04/16/2021,10.1,10.12,10.09,10.1,0.0,0.0,414100.0
04/15/2021,10.12,10.12,10.09,10.1,0.0,0.0,218300.0
04/14/2021,10.1,10.12,10.085,10.1,0.0,0.0,1019700.0
04/13/2021,10.1,10.12,10.09,10.1,0.0,0.0,135600.0
04/12/2021,10.1,10.12,10.09,10.1,-0.01,-0.1,2690900.0
04/09/2021,10.09,10.13,10.09,10.11,0.01,0.1,96700.0
04/08/2021,10.1,10.1,10.09,10.1,0.0,0.0,124700.0
04/07/2021,10.09,10.1,10.09,10.1,0.01,0.1,92000.0
04/06/2021,10.09,10.1,10.08,10.09,-0.01,-0.1,201000.0
04/05/2021,10.09,10.1,10.08,10.1,0.01,0.1,115300.0
04/01/2021,10.08,10.11,10.075,10.09,0.01,0.1,101500.0
03/31/2021,10.08,10.09,10.07,10.08,0.0,0.0,218000.0
03/30/2021,10.08,10.13,10.08,10.08,-0.02,-0.2,1219700.0
03/29/2021,10.04,10.14,10.04,10.1,0.04,0.4,127900.0
03/26/2021,10.1,10.12,10.06,10.06,0.0,0.0,276400.0
03/25/2021,10.04,10.0801,10.01,10.06,0.02,0.2,1112700.0
03/24/2021,10.05,10.08,10.02,10.04,0.0,0.0,1057800.0
03/23/2021,10.05,10.07,10.0,10.04,-0.02,-0.2,1130900.0
03/22/2021,10.05,10.07,10.035,10.06,-0.01,-0.1,463500.0
03/19/2021,10.04,10.08,10.04,10.07,0.02,0.2,1298500.0
03/18/2021,10.18,10.29,10.025,10.05,-0.05,-0.5,4887100.0
03/17/2021,10.06,10.1096,10.06,10.1,0.02,0.2,341600.0
03/16/2021,10.06,10.12,10.06,10.08,-0.04,-0.4,86900.0
03/15/2021,10.09,10.16,10.09,10.12,0.03,0.3,641400.0
03/12/2021,10.08,10.1,10.07,10.09,0.0,0.0,201500.0
03/11/2021,10.1,10.1,10.06,10.09,0.01,0.1,291500.0
03/10/2021,10.07,10.12,10.05,10.08,0.02,0.2,254300.0
03/09/2021,10.09,10.1,10.05,10.06,-0.01,-0.1,268200.0
03/08/2021,10.08,10.12,10.05,10.07,0.0,0.0,182200.0
03/05/2021,10.09,10.09,10.04,10.07,0.0,0.0,646300.0
03/04/2021,10.02,10.1,10.02,10.07,0.03,0.3,555600.0
03/03/2021,10.06,10.1,9.98,10.04,-0.04,-0.4,587400.0
03/02/2021,10.14,10.16,10.07,10.08,-0.02,-0.2,668200.0
03/01/2021,10.12,10.15,10.0699,10.1,-0.01,-0.1,347000.0
02/26/2021,10.1,10.16,10.1,10.11,-0.04,-0.39,328600.0
02/25/2021,10.17,10.19,10.15,10.15,-0.02,-0.2,843400.0
02/24/2021,10.16,10.23,10.15,10.17,-0.06,-0.59,671200.0
02/23/2021,10.17,10.25,10.12,10.23,0.02,0.2,599000.0
02/22/2021,10.18,10.28,10.18,10.21,0.01,0.1,502800.0
02/19/2021,10.18,10.22,10.15,10.2,0.02,0.2,491400.0
02/18/2021,10.15,10.2,10.13,10.18,0.03,0.3,852800.0
02/17/2021,10.18,10.1801,10.14,10.15,-0.01,-0.1,420300.0
02/16/2021,10.18,10.2,10.15,10.16,-0.01,-0.1,467100.0
02/12/2021,10.17,10.19,10.11,10.17,-0.03,-0.29,772500.0
02/11/2021,10.27,10.3,10.16,10.2,-0.01,-0.1,1743300.0
02/10/2021,10.25,10.29,10.2,10.21,-0.04,-0.39,442600.0
02/09/2021,10.23,10.25,10.19,10.25,-0.03,-0.29,294800.0
02/08/2021,10.28,10.28,10.22,10.28,0.06,0.59,439100.0
02/05/2021,10.2,10.25,10.17,10.22,0.07,0.69,432900.0
02/04/2021,10.21,10.23,10.14,10.15,-0.06,-0.59,1552300.0
02/03/2021,10.25,10.25,10.18,10.21,-0.01,-0.1,360400.0
02/02/2021,10.2,10.35,10.19,10.22,0.02,0.2,1701100.0
02/01/2021,10.23,10.25,10.165,10.2,-0.01,-0.1,938800.0
01/29/2021,10.21,10.25,10.19,10.21,-0.01,-0.1,767400.0
01/28/2021,10.2,10.28,10.2,10.22,-0.07,-0.68,1784800.0
01/27/2021,10.25,10.3,10.2,10.29,0.04,0.39,896200.0
01/26/2021,10.29,10.31,10.21,10.25,-0.01,-0.1,935800.0
01/25/2021,10.36,10.37,10.15,10.26,-0.09,-0.87,1068100.0
01/22/2021,10.35,10.41,10.32,10.35,-0.03,-0.29,887000.0
01/21/2021,10.4,10.43,10.3112,10.38,-0.01,-0.1,1029500.0
01/20/2021,10.4,10.48,10.37,10.39,0.0,0.0,878800.0
01/19/2021,10.57,10.58,10.35,10.39,-0.11,-1.05,653900.0
01/15/2021,10.45,10.54,10.36,10.5,0.08,0.77,844700.0
01/14/2021,10.53,10.61,10.35,10.42,-0.06,-0.57,1234200.0
01/13/2021,10.31,10.5,10.25,10.48,0.2,1.95,1798300.0
01/12/2021,10.36,10.4,10.265,10.28,-0.03,-0.29,1269600.0
01/11/2021,10.35,10.45,10.23,10.31,-0.14,-1.34,2470400.0
01/08/2021,10.68,10.74,10.4,10.45,-1.04,-9.05,7182200.0
01/07/2021,11.4,11.49,11.06,11.49,0.33,2.96,1268300.0
01/06/2021,11.07,11.25,10.83,11.16,0.09,0.81,1502600.0
01/05/2021,10.9,11.2,10.9,11.07,0.1,0.91,818700.0
01/04/2021,11.0,11.1,10.83,10.97,-0.03,-0.27,546100.0
12/31/2020,11.1,11.2099,10.9,11.0,-0.06,-0.54,904100.0
12/30/2020,11.19,11.25,10.94,11.06,-0.11,-0.98,370300.0
12/29/2020,11.51,11.62,10.62,11.17,-0.43,-3.71,1489200.0
12/28/2020,12.0,12.05,11.51,11.6,-0.2,-1.69,638000.0
12/24/2020,12.07,12.14,11.7,11.8,-0.25,-2.07,418300.0
12/23/2020,11.65,12.17,11.4401,12.05,0.7,6.17,2567500.0
12/22/2020,11.48,11.75,11.29,11.35,-0.04,-0.35,641500.0
12/21/2020,11.23,11.78,11.1102,11.39,0.2,1.79,831300.0
12/18/2020,11.25,11.36,11.15,11.19,-0.06,-0.53,349700.0
12/17/2020,11.35,11.37,11.15,11.25,0.0,0.0,792600.0
12/16/2020,11.35,11.44,11.15,11.25,0.0,0.0,817000.0
12/15/2020,11.35,11.46,11.1,11.25,-0.14,-1.23,688600.0
12/14/2020,11.67,11.8,11.25,11.39,-0.55,-4.61,1128100.0
12/11/2020,11.45,11.98,11.26,11.94,0.65,5.76,2728300.0
12/10/2020,10.8,11.5,10.8,11.29,0.26,2.36,2116400.0
12/09/2020,10.54,11.18,10.36,11.03,0.55,5.25,1710800.0
12/08/2020,10.44,10.51,10.31,10.48,0.05,0.48,110900.0
12/07/2020,10.48,10.64,10.4,10.43,-0.05,-0.48,188000.0
12/04/2020,10.42,10.5,10.27,10.48,0.13,1.26,261200.0
12/03/2020,10.43,10.43,10.33,10.35,0.0,0.0,64700.0
12/02/2020,10.26,10.49,10.26,10.35,-0.09,-0.86,120400.0
12/01/2020,10.64,10.64,10.44,10.44,0.0,0.0,133100.0
11/30/2020,10.42,10.47,10.42,10.44,-0.03,-0.29,102700.0
11/27/2020,10.44,10.575,10.41,10.47,-0.05,-0.48,48400.0
11/25/2020,10.5,10.58,10.4,10.52,0.1,0.96,137400.0
11/24/2020,10.45,10.6,10.35,10.42,0.1,0.97,182900.0
11/23/2020,10.49,10.5,10.24,10.32,0.02,0.19,51100.0
11/20/2020,10.26,10.46,10.23,10.3,0.07,0.68,95300.0
11/19/2020,10.28,10.33,10.22,10.23,0.02,0.2,65600.0
11/18/2020,10.17,10.32,10.17,10.21,-0.04,-0.39,49600.0
11/17/2020,10.25,10.39,10.22,10.25,-0.11,-1.06,56400.0
11/16/2020,10.38,10.5,10.3,10.36,-0.02,-0.19,43600.0
11/13/2020,10.4,10.485,10.3,10.38,0.05,0.48,6800.0
11/12/2020,10.21,10.34,10.18,10.33,0.03,0.29,36000.0
11/11/2020,10.2,10.35,10.18,10.3,0.02,0.19,293900.0
11/10/2020,10.19,10.35,10.15,10.28,0.06,0.59,159800.0
11/09/2020,10.35,10.35,10.12,10.22,0.02,0.2,81300.0
11/06/2020,10.35,10.35,10.18,10.2,-0.05,-0.49,52900.0
11/05/2020,10.2823,10.345,10.25,10.25,0.07,0.69,51000.0
11/04/2020,10.3,10.39,10.17,10.18,-0.09,-0.88,72600.0
11/03/2020,10.29,10.32,10.205,10.27,0.07,0.69,60500.0
11/02/2020,10.25,10.29,10.15,10.2,0.0,0.0,251600.0
10/30/2020,10.17,10.295,10.17,10.2,-0.06,-0.58,51400.0
10/29/2020,10.27,10.39,10.2,10.26,-0.04,-0.39,138700.0
10/28/2020,10.15,10.33,10.15,10.3,-0.01,-0.1,243500.0
10/27/2020,10.34,10.34,10.25,10.31,0.0,0.0,66600.0
10/26/2020,10.375,10.395,10.25,10.31,-0.03,-0.29,197100.0
10/23/2020,10.4189,10.46,10.3002,10.34,-0.08,-0.77,213700.0
10/22/2020,10.58,10.58,10.39,10.42,-0.08,-0.76,296700.0
10/21/2020,10.53,10.55,10.47,10.5,-0.05,-0.47,111300.0
10/20/2020,10.6,10.6,10.48,10.55,-0.01,-0.09,170200.0
10/19/2020,10.6,10.6,10.55,10.56,0.02,0.19,57700.0
10/16/2020,10.6,10.6,10.46,10.54,-0.0199,-0.19,221000.0
10/15/2020,10.38,10.6,10.38,10.5599,0.1799,1.73,1604700.0
10/14/2020,10.48,10.49,10.38,10.38,-0.03,-0.29,219600.0
10/13/2020,10.39,10.565,10.39,10.41,0.02,0.19,72500.0
10/12/2020,10.52,10.53,10.39,10.39,-0.12,-1.14,116900.0
10/09/2020,10.6,10.69,10.41,10.51,-0.06,-0.57,496800.0
10/08/2020,10.53,10.58,10.4,10.57,0.1,0.96,36200.0
10/07/2020,10.56,10.6,10.44,10.47,-0.01,-0.1,143200.0
10/06/2020,10.47,10.54,10.4,10.48,-0.02,-0.19,165800.0
10/05/2020,10.59,10.59,10.48,10.5,-0.02,-0.19,148000.0
10/02/2020,10.49,10.55,10.4,10.52,-0.01,-0.09,199000.0
10/01/2020,10.6,10.6,10.38,10.53,0.03,0.29,603500.0
09/30/2020,10.42,10.65,10.3699,10.5,0.11,1.06,315700.0
09/29/2020,10.31,10.55,10.3,10.39,-0.03,-0.29,202200.0
09/28/2020,10.5367,10.5367,10.39,10.42,-0.04,-0.38,34300.0
09/25/2020,10.31,10.53,10.31,10.46,0.11,1.06,195500.0
09/24/2020,10.41,10.5,10.17,10.35,-0.19,-1.8,476200.0
09/23/2020,10.54,10.65,10.49,10.54,-0.03,-0.28,242500.0
09/22/2020,10.59,10.65,10.53,10.57,0.03,0.28,236600.0
09/21/2020,10.6,10.6,10.5,10.54,-0.06,-0.57,120400.0
09/18/2020,10.6,10.6,10.5101,10.6,0.04,0.38,108500.0
09/17/2020,10.69,10.69,10.48,10.56,-0.019,-0.18,164900.0
09/16/2020,10.74,10.74,10.5,10.579,-0.001,-0.01,152000.0
09/15/2020,10.85,10.85,10.56,10.58,-0.08,-0.75,161400.0
09/14/2020,10.69,10.7,10.63,10.66,0.04,0.38,156400.0
09/11/2020,10.69,10.85,10.59,10.62,0.02,0.19,402800.0
09/10/2020,10.79,10.79,10.3623,10.6,-0.03,-0.28,438200.0
09/09/2020,10.62,10.685,10.5,10.63,0.03,0.28,245200.0
09/08/2020,10.65,10.83,10.49,10.6,-0.02,-0.19,160200.0
09/04/2020,10.65,10.7,10.18,10.62,0.03,0.28,263900.0
09/03/2020,10.65,10.7,10.53,10.59,0.03,0.28,181500.0
09/02/2020,10.4,10.63,10.36,10.56,0.21,2.03,510100.0
09/01/2020,10.32,10.39,10.31,10.35,0.0,0.0,229300.0
08/31/2020,10.32,10.38,10.28,10.35,0.0,0.0,83300.0
08/28/2020,10.3,10.35,10.23,10.35,0.06,0.58,496000.0
08/27/2020,10.32,10.3525,10.25,10.29,-0.06,-0.58,873200.0
08/26/2020,10.3,10.4,10.28,10.35,0.05,0.49,837800.0
08/25/2020,10.35,10.35,10.28,10.3,-0.05,-0.48,437400.0
08/24/2020,10.21,10.5,10.21,10.35,0.09,0.88,638500.0
08/21/2020,10.17,10.32,10.16,10.26,-0.03,-0.29,213100.0
08/20/2020,10.17,10.32,10.15,10.29,-0.03,-0.29,184200.0
08/19/2020,10.2,10.38,10.2,10.32,-0.03,-0.29,300600.0
08/18/2020,10.42,10.42,10.225,10.35,0.09,0.88,202500.0
08/17/2020,10.4,10.4,10.26,10.26,-0.08,-0.77,200100.0
08/14/2020,10.4,10.77,10.2865,10.34,-0.01,-0.1,355800.0
08/13/2020,10.4,10.4,10.25,10.35,0.02,0.19,46900.0
08/12/2020,10.32,10.35,10.25,10.33,0.01,0.1,116400.0
08/11/2020,10.29,10.38,10.25,10.32,0.06,0.58,113200.0
08/10/2020,10.28,10.39,10.21,10.26,0.04,0.39,930800.0
08/07/2020,10.24,10.28,10.17,10.22,-0.055,-0.54,19100.0
08/06/2020,10.32,10.32,10.215,10.275,-0.025,-0.24,73300.0
08/05/2020,10.26,10.37,10.22,10.3,-0.09,-0.87,45400.0
08/04/2020,10.38,10.48,10.3,10.39,0.0403,0.39,99200.0
08/03/2020,10.3,10.36,10.15,10.3497,0.1897,1.87,431700.0
07/31/2020,10.28,10.3,10.15,10.16,-0.14,-1.36,166800.0
07/30/2020,10.3,10.325,10.27,10.3,-0.08,-0.77,33500.0
07/29/2020,10.35,10.5,10.35,10.38,0.03,0.29,112100.0
07/28/2020,10.35,10.35,10.31,10.35,-0.04,-0.38,7600.0
07/27/2020,10.41,10.6,10.25,10.39,0.19,1.86,347600.0
07/24/2020,10.26,10.33,10.2,10.2,-0.13,-1.26,11100.0
07/23/2020,10.33,10.33,10.33,10.33,0.03,0.29,100000.0
07/22/2020,10.3,10.31,10.27,10.3,0.0,0.0,101800.0
07/21/2020,10.29,10.34,10.29,10.3,0.03,0.29,83400.0
07/20/2020,10.26,10.27,10.26,10.27,0.32,3.22,1000.0
12/31/2019,9.95,10.01,9.93,9.95,0.0,0.0,207700.0
12/19/2019,9.95,9.95,9.95,9.95,0.01,0.1,100100.0
12/18/2019,9.95,9.97,9.94,9.94,-0.02,-0.2,51700.0
12/17/2019,9.96,9.96,9.96,9.96,0.02,0.2,2100.0
12/12/2019,9.94,9.94,9.94,9.94,0.0,0.0,40400.0
12/11/2019,9.94,9.94,9.94,9.94,0.0,0.0,1000.0
12/10/2019,9.94,9.94,9.94,9.94,0.0,0.0,500.0
12/09/2019,9.94,9.94,9.94,9.94,0.0,0.0,500.0
12/04/2019,9.9,9.94,9.9,9.94,0.0,0.0,700.0
12/03/2019,9.92,9.94,9.92,9.94,0.01,0.1,671400.0
11/27/2019,9.93,9.93,9.9,9.93,0.0,0.0,67100.0
11/26/2019,9.93,9.93,9.89,9.93,0.01,0.1,13700.0
11/21/2019,9.91,9.92,9.91,9.92,0.02,0.2,6000.0
11/20/2019,9.9,9.9,9.9,9.9,0.05,0.51,100000.0
11/18/2019,9.92,9.92,9.85,9.85,-0.08,-0.81,129600.0
11/08/2019,9.85,9.93,9.85,9.93,0.04,0.4,15300.0
11/07/2019,9.88,9.93,9.88,9.89,-0.04,-0.4,10500.0
11/06/2019,9.93,9.93,9.93,9.93,0.08,0.81,1000.0
10/28/2019,9.83,9.95,9.83,9.85,0.04,0.41,500800.0
10/25/2019,9.81,9.81,9.81,9.81,-0.02,-0.2,425000.0
10/24/2019,9.83,9.83,9.83,9.83,-0.01,-0.1,400000.0
10/18/2019,9.82,9.93,9.82,9.84,-0.09,-0.91,945300.0
10/15/2019,9.93,9.93,9.93,9.93,0.04,0.4,1000.0
10/14/2019,9.89,9.89,9.89,9.89,-0.05,-0.5,2300.0
10/11/2019,9.71,9.94,9.71,9.94,-0.01,-0.1,200.0
10/03/2019,9.82,9.95,9.82,9.95,0.0,0.0,1100.0
10/02/2019,9.95,9.95,9.95,9.95,0.1,1.02,2500.0
10/01/2019,9.85,9.85,9.85,9.85,-0.1,-1.01,24000.0
09/26/2019,9.71,9.95,9.71,9.95,0.1398,1.43,1600.0
09/23/2019,9.83,9.83,9.8102,9.8102,0.0102,0.1,600.0
09/20/2019,9.8,9.8,9.8,9.8,-0.001,-0.01,9400.0
09/19/2019,9.8,9.801,9.8,9.801,0.001,0.01,31500.0
09/17/2019,9.8,9.81,9.8,9.8,0.0,0.0,400000.0
09/16/2019,9.8,9.8,9.8,9.8,0.0,0.0,4900.0
09/13/2019,9.8,9.8,9.8,9.8,0.0,0.0,4900.0
08/29/2019,9.7,9.8,9.7,9.8,0.0,0.0,7600.0
08/20/2019,9.8,9.8,9.8,9.8,0.03,0.31,1000.0
08/13/2019,9.77,9.77,9.77,9.77,-0.03,-0.31,120000.0
