12/29/2022,10.34,10.34,10.34,10.34,0.04,0.39,200.0
12/28/2022,10.33,10.35,10.3,10.3,0.0,0.0,514700.0
12/27/2022,10.3,10.3,10.3,10.3,0.01,0.1,900.0
12/23/2022,10.29,10.29,10.29,10.29,-0.03,-0.29,20000.0
12/21/2022,10.31,10.32,10.31,10.32,0.0,0.0,2000.0
12/20/2022,10.3,10.32,10.3,10.32,0.03,0.29,119000.0
12/19/2022,10.3,10.3,10.29,10.29,0.0,0.0,75200.0
12/16/2022,10.29,10.29,10.29,10.29,0.01,0.1,300.0
12/15/2022,10.28,10.28,10.28,10.28,0.0,0.0,100.0
12/13/2022,10.28,10.3,10.28,10.28,0.0,0.0,281300.0
12/09/2022,10.28,10.28,10.28,10.28,0.02,0.19,300.0
12/07/2022,10.26,10.26,10.26,10.26,0.0,0.0,3400.0
12/06/2022,10.26,10.26,10.26,10.26,0.0,0.0,3500.0
12/05/2022,10.26,10.26,10.26,10.26,0.0,0.0,3900.0
12/02/2022,10.25,10.26,10.25,10.26,0.01,0.1,242500.0
12/01/2022,10.25,10.25,10.25,10.25,-0.01,-0.1,79500.0
11/30/2022,10.24,10.26,10.24,10.26,0.02,0.2,353100.0
11/29/2022,10.23,10.24,10.23,10.24,0.01,0.1,4300.0
11/28/2022,10.23,10.24,10.22,10.23,0.01,0.1,1000.0
11/25/2022,10.24,10.24,10.22,10.22,-0.01,-0.1,4400.0
11/22/2022,10.23,10.23,10.23,10.23,0.0,0.0,3700.0
11/18/2022,10.23,10.23,10.23,10.23,0.03,0.29,100.0
11/17/2022,10.2,10.2,10.2,10.2,0.01,0.1,300.0
11/15/2022,10.19,10.19,10.19,10.19,0.0,0.0,1100.0
11/14/2022,10.19,10.19,10.19,10.19,0.0,0.0,200.0
11/11/2022,10.19,10.19,10.19,10.19,0.01,0.1,300.0
11/10/2022,10.18,10.18,10.18,10.18,0.0,0.0,800.0
11/09/2022,10.2,10.2,10.18,10.18,-0.015,-0.15,50900.0
11/08/2022,10.195,10.195,10.195,10.195,0.025,0.25,2500.0
11/07/2022,10.19,10.19,10.17,10.17,-0.05,-0.49,500.0
11/04/2022,10.22,10.22,10.22,10.22,0.055,0.54,700.0
11/03/2022,10.18,10.2,10.165,10.165,0.025,0.25,12500.0
11/01/2022,10.16,10.16,10.14,10.14,0.02,0.2,33300.0
10/31/2022,10.12,10.16,10.12,10.12,-0.04,-0.39,1800.0
10/27/2022,10.16,10.2,10.16,10.16,0.03,0.3,3600.0
10/26/2022,10.125,10.14,10.125,10.13,0.01,0.1,1100.0
10/25/2022,10.13,10.13,10.12,10.12,0.0,0.0,3900.0
10/24/2022,10.12,10.12,10.12,10.12,-0.01,-0.1,15200.0
10/21/2022,10.12,10.13,10.12,10.13,0.02,0.2,5500.0
10/20/2022,10.11,10.11,10.11,10.11,0.03,0.3,424800.0
10/10/2022,10.08,10.08,10.08,10.08,0.02,0.2,100.0
10/05/2022,10.06,10.06,10.06,10.06,-0.02,-0.2,100.0
09/30/2022,10.08,10.08,10.08,10.08,0.01,0.1,1500.0
09/29/2022,10.07,10.07,10.07,10.07,0.01,0.1,100.0
09/28/2022,10.07,10.07,10.06,10.06,-0.01,-0.1,800.0
09/27/2022,10.1,10.1,10.07,10.07,-0.01,-0.1,600.0
09/26/2022,10.07,10.08,10.07,10.08,0.01,0.1,18100.0
09/23/2022,10.07,10.07,10.07,10.07,-0.01,-0.1,100.0
09/22/2022,10.08,10.08,10.08,10.08,0.0,0.0,15000.0
09/21/2022,10.08,10.08,10.08,10.08,0.01,0.1,100.0
09/20/2022,10.07,10.07,10.07,10.07,0.0,0.0,32800.0
09/19/2022,10.065,10.07,10.065,10.07,0.02,0.2,3900.0
09/14/2022,10.06,10.1,10.045,10.05,-0.01,-0.1,923200.0
09/12/2022,10.05,10.06,10.03,10.06,-0.03,-0.3,1300.0
09/09/2022,10.09,10.09,10.09,10.09,0.02,0.2,2000.0
09/08/2022,10.1,10.1,10.07,10.07,-0.06,-0.59,190100.0
09/07/2022,10.1,10.13,10.1,10.13,0.03,0.3,260100.0
09/06/2022,10.08,10.1,10.08,10.1,0.01,0.1,2500.0
09/02/2022,10.13,10.13,10.065,10.09,0.02,0.2,6500.0
08/30/2022,10.06,10.08,10.06,10.07,0.01,0.1,117500.0
08/29/2022,10.06,10.06,10.06,10.06,-0.01,-0.1,6100.0
08/25/2022,10.07,10.07,10.07,10.07,0.0,0.0,300.0
08/23/2022,10.06,10.07,10.06,10.07,0.0,0.0,1600.0
08/22/2022,10.07,10.07,10.07,10.07,0.015,0.15,2000.0
08/19/2022,10.02,10.06,10.02,10.055,-0.005,-0.05,131000.0
08/18/2022,10.06,10.06,10.054,10.06,0.0,0.0,74000.0
08/17/2022,10.06,10.08,10.0593,10.06,0.0,0.0,233700.0
08/16/2022,10.01,10.06,10.01,10.06,0.01,0.1,113200.0
08/12/2022,10.05,10.05,10.05,10.05,0.01,0.1,30300.0
08/11/2022,10.06,10.07,10.04,10.04,-0.02,-0.2,507900.0
08/10/2022,10.02,10.06,10.02,10.06,0.0,0.0,45500.0
08/08/2022,10.04,10.06,10.04,10.06,0.02,0.2,471400.0
08/04/2022,10.05,10.05,10.04,10.04,-0.0082,-0.08,434500.0
08/03/2022,10.0482,10.0482,10.0482,10.0482,0.0082,0.08,4400.0
08/02/2022,10.04,10.04,10.04,10.04,0.0,0.0,206500.0
07/29/2022,10.04,10.04,10.04,10.04,0.02,0.2,27000.0
07/27/2022,10.03,10.03,10.02,10.02,0.0,0.0,24400.0
07/26/2022,10.03,10.035,10.02,10.02,0.01,0.1,4400.0
07/25/2022,10.01,10.01,10.01,10.01,0.0,0.0,251700.0
07/22/2022,10.0,10.02,10.0,10.01,0.0,0.0,32700.0
07/20/2022,10.015,10.015,10.01,10.01,0.0,0.0,252000.0
07/19/2022,10.0,10.01,10.0,10.01,0.0,0.0,50100.0
07/15/2022,10.0,10.01,10.0,10.01,0.01,0.1,500.0
07/14/2022,10.0,10.0,10.0,10.0,0.01,0.1,20000.0
07/13/2022,9.99,9.99,9.99,9.99,-0.02,-0.2,20000.0
07/06/2022,9.9792,10.01,9.9792,10.01,0.06,0.6,5300.0
