12/27/2022,10.19,10.2,10.19,10.19,0.01,0.1,4800.0
12/23/2022,10.19,10.19,10.18,10.18,0.0,0.0,200.0
12/19/2022,10.18,10.18,10.18,10.18,-0.005,-0.05,2700.0
12/16/2022,10.18,10.19,10.18,10.185,0.005,0.05,3200.0
12/15/2022,10.18,10.18,10.18,10.18,0.02,0.2,200.0
12/09/2022,10.16,10.16,10.16,10.16,0.01,0.1,1200.0
12/08/2022,10.15,10.15,10.15,10.15,-0.01,-0.1,700.0
12/07/2022,10.19,10.19,10.16,10.16,-0.035,-0.34,13600.0
12/06/2022,10.165,10.195,10.16,10.195,0.015,0.15,29400.0
12/05/2022,10.16,10.18,10.16,10.18,0.03,0.3,8900.0
12/01/2022,10.15,10.15,10.15,10.15,0.0,0.0,2900.0
11/30/2022,10.15,10.15,10.15,10.15,-0.02,-0.2,3300.0
11/29/2022,10.15,10.17,10.15,10.17,0.01,0.1,166200.0
11/28/2022,10.15,10.16,10.15,10.16,0.01,0.1,176500.0
11/23/2022,10.14,10.15,10.14,10.15,0.0,0.0,66500.0
11/22/2022,10.14,10.15,10.134,10.15,0.03,0.3,141900.0
11/21/2022,10.15,10.15,10.12,10.12,0.0,0.0,186800.0
11/18/2022,10.12,10.125,10.115,10.12,0.0,0.0,38700.0
11/16/2022,10.12,10.12,10.12,10.12,0.01,0.1,20200.0
11/15/2022,10.11,10.11,10.11,10.11,0.01,0.1,45200.0
11/14/2022,10.1,10.1,10.1,10.1,0.01,0.1,100.0
11/11/2022,10.09,10.09,10.09,10.09,-0.035,-0.35,100.0
11/10/2022,10.115,10.125,10.115,10.125,0.005,0.05,35300.0
11/09/2022,10.12,10.12,10.12,10.12,0.01,0.1,36000.0
11/08/2022,10.11,10.115,10.11,10.11,0.0,0.0,73900.0
11/07/2022,10.115,10.115,10.11,10.11,-0.01,-0.1,48800.0
11/04/2022,10.13,10.13,10.12,10.12,0.0,0.0,300.0
11/03/2022,10.1,10.12,10.1,10.12,0.04,0.4,148300.0
11/02/2022,10.08,10.08,10.08,10.08,0.0,0.0,100.0
11/01/2022,10.08,10.08,10.065,10.08,0.0,0.0,93100.0
10/31/2022,10.1,10.1,10.08,10.08,-0.02,-0.2,49200.0
10/27/2022,10.1,10.1,10.1,10.1,0.01,0.1,2200.0
10/24/2022,10.09,10.09,10.09,10.09,0.0,0.0,42300.0
10/21/2022,10.065,10.09,10.065,10.09,0.04,0.4,36700.0
10/18/2022,10.05,10.05,10.05,10.05,0.01,0.1,200.0
10/17/2022,10.03,10.04,10.03,10.04,-0.01,-0.1,600.0
10/14/2022,10.05,10.05,10.05,10.05,0.0,0.0,100.0
10/13/2022,10.05,10.05,10.05,10.05,0.0,0.0,42600.0
10/06/2022,10.05,10.05,10.05,10.05,0.0,0.0,2100.0
10/05/2022,10.05,10.05,10.05,10.05,0.02,0.2,88000.0
09/29/2022,10.03,10.03,10.03,10.03,0.01,0.1,200.0
09/27/2022,10.04,10.04,10.02,10.02,-0.04,-0.4,119700.0
09/26/2022,10.06,10.06,10.06,10.06,0.02,0.2,100.0
09/22/2022,10.03,10.04,10.03,10.04,0.03,0.3,27800.0
09/21/2022,10.02,10.04,10.01,10.01,0.01,0.1,128600.0
09/20/2022,10.0,10.0,10.0,10.0,-0.04,-0.4,100.0
09/15/2022,10.04,10.04,10.04,10.04,0.05,0.5,100.0
09/01/2022,9.99,9.99,9.99,9.99,-0.04,-0.4,100.0
08/30/2022,10.03,10.04,10.03,10.03,0.04,0.4,22900.0
08/29/2022,9.99,9.99,9.99,9.99,-0.06,-0.6,100.0
08/23/2022,10.03,10.05,10.03,10.05,0.02,0.2,86000.0
08/22/2022,10.03,10.03,10.03,10.03,0.01,0.1,3500.0
08/17/2022,10.03,10.03,10.02,10.02,-0.05,-0.5,392600.0
08/11/2022,10.07,10.07,10.07,10.07,0.01,0.1,100.0
08/10/2022,10.06,10.06,10.06,10.06,0.03,0.3,100.0
08/09/2022,10.03,10.03,10.03,10.03,-0.02,-0.2,57299.0
08/03/2022,10.05,10.05,10.05,10.05,0.02,0.2,6800.0
08/02/2022,10.03,10.035,10.03,10.03,0.0,0.0,100400.0
08/01/2022,10.035,10.035,10.03,10.03,0.01,0.1,1400.0
07/29/2022,10.02,10.0201,10.02,10.02,-0.01,-0.1,2600.0
07/28/2022,10.03,10.03,10.03,10.03,0.02,0.2,1400.0
07/25/2022,10.02,10.02,10.01,10.01,-0.03,-0.3,400200.0
07/19/2022,10.04,10.04,10.04,10.04,0.0,0.0,100.0
07/18/2022,10.04,10.04,10.04,10.04,0.0,0.0,100.0
07/15/2022,10.04,10.04,10.04,10.04,0.06,0.6,100.0
07/08/2022,9.98,9.98,9.98,9.98,0.0,0.0,1000.0
07/06/2022,9.98,9.98,9.98,9.98,0.0,0.0,500.0
07/05/2022,9.94,9.98,9.94,9.98,0.01,0.1,600.0
07/01/2022,9.97,9.97,9.97,9.97,0.01,0.1,500.0
06/30/2022,9.96,9.96,9.96,9.96,-0.04,-0.4,100.0
06/27/2022,10.0,10.0,9.98,10.0,0.04,0.4,2900.0
06/22/2022,9.96,9.96,9.96,9.96,0.0,0.0,200.0
06/21/2022,10.04,10.04,9.96,9.96,-0.01,-0.1,500.0
06/16/2022,9.97,9.97,9.97,9.97,-0.01,-0.1,100.0
06/13/2022,9.98,9.98,9.98,9.98,0.01,0.1,300.0
06/10/2022,9.97,9.97,9.97,9.97,0.0,0.0,300.0
06/07/2022,9.97,9.97,9.97,9.97,-0.04,-0.4,68800.0
06/03/2022,10.04,10.04,10.01,10.01,0.06,0.6,8100.0
05/24/2022,9.95,9.95,9.95,9.95,-0.06,-0.6,600.0
05/09/2022,10.0,10.01,10.0,10.01,-0.04,-0.4,3200.0
05/06/2022,10.05,10.05,10.05,10.05,0.04,0.4,100.0
05/04/2022,10.0,10.01,10.0,10.01,0.01,0.1,31700.0
05/03/2022,10.0,10.03,10.0,10.0,-0.04,-0.4,1500900.0
05/02/2022,10.04,10.04,10.04,10.04,0.0,0.0,8900.0
04/29/2022,10.04,10.04,10.04,10.04,0.05,0.5,300.0
04/28/2022,9.99,9.99,9.99,9.99,0.04,0.4,200.0
04/06/2022,9.95,9.95,9.95,9.95,-0.02,-0.2,200.0
04/05/2022,9.95,9.97,9.95,9.97,0.02,0.2,10400.0
04/01/2022,9.95,9.95,9.95,9.95,-0.03,-0.3,200.0
03/29/2022,9.98,9.98,9.98,9.98,0.0,0.0,24800.0
03/16/2022,9.97,9.98,9.97,9.98,0.02,0.2,212800.0
03/10/2022,9.96,9.96,9.96,9.96,-0.01,-0.1,10000.0
03/07/2022,9.96,9.98,9.96,9.97,0.02,0.2,1400.0
03/04/2022,9.95,9.95,9.935,9.95,0.0,0.0,202300.0
03/03/2022,9.95,9.95,9.95,9.95,0.0,0.0,160000.0
03/02/2022,9.95,9.95,9.95,9.95,-0.01,-0.1,1100.0
03/01/2022,9.95,9.96,9.95,9.96,0.07,0.71,131100.0
02/23/2022,9.89,9.9,9.89,9.89,0.01,0.1,12200.0
02/22/2022,9.88,9.88,9.88,9.88,0.01,0.1,200.0
02/11/2022,9.85,9.87,9.83,9.87,-0.09,-0.9,2800.0
02/04/2022,9.96,9.97,9.96,9.96,0.04,0.4,2200.0
02/02/2022,9.92,9.92,9.92,9.92,-0.02,-0.2,2400.0
02/01/2022,9.94,9.975,9.93,9.94,0.01,0.1,5900.0
01/31/2022,9.85,9.93,9.83,9.93,-0.05,-0.5,21600.0
01/28/2022,9.98,9.98,9.98,9.98,0.11,1.11,100.0
01/27/2022,9.86,9.87,9.86,9.87,0.0,0.0,6400.0
01/24/2022,9.88,9.98,9.86,9.87,-0.01,-0.1,107700.0
01/21/2022,9.88,9.89,9.88,9.88,0.01,0.1,20400.0
01/20/2022,9.9,9.92,9.87,9.87,-0.03,-0.3,5600.0
01/07/2022,9.9,9.9,9.9,9.9,-0.06,-0.6,1300.0
01/05/2022,9.88,10.02,9.88,9.96,0.07,0.71,82200.0
01/03/2022,9.87,9.89,9.87,9.89,0.04,0.41,51000.0
12/29/2021,9.85,9.9,9.85,9.85,-0.1,-1.01,8200.0
