12/30/2022,2.5,2.5,2.25,2.33,-0.085,-3.52,25500.0
12/29/2022,2.11,2.56,2.11,2.415,0.345,16.67,34200.0
12/28/2022,1.98,2.11,1.9112,2.07,0.0368,1.81,40600.0
12/27/2022,2.05,2.2299,1.9101,2.0332,-0.0468,-2.25,25000.0
12/23/2022,2.15,2.15,2.0187,2.08,-0.115,-5.24,9100.0
12/22/2022,2.12,2.29,2.1,2.195,-0.045,-2.01,14800.0
12/21/2022,2.11,2.29,2.06,2.24,0.18,8.74,15700.0
12/20/2022,1.93,2.16,1.93,2.06,0.04,1.98,27400.0
12/19/2022,2.12,2.15,1.97,2.02,-0.19,-8.6,21900.0
12/16/2022,2.12,2.25,1.92,2.21,0.09,4.25,43700.0
12/15/2022,2.23,2.255,2.06,2.12,-0.02,-0.93,29600.0
12/14/2022,2.19,2.4599,2.0238,2.14,-0.0699,-3.16,31700.0
12/13/2022,2.33,2.37,2.15,2.2099,-0.0866,-3.77,31800.0
12/12/2022,2.4,2.49,2.25,2.2965,-0.0335,-1.44,33700.0
12/09/2022,2.6,2.62,2.33,2.33,-0.27,-10.38,18000.0
12/08/2022,2.68,2.75,2.53,2.6,-0.32,-10.96,25800.0
12/07/2022,3.15,3.15,2.9,2.92,-0.28,-8.75,17800.0
12/06/2022,3.6699,3.6699,3.2,3.2,-0.45,-12.33,5900.0
12/05/2022,4.1,4.22,3.6316,3.65,-0.45,-10.98,13700.0
12/02/2022,4.17,4.24,4.0122,4.1,-0.2,-4.65,7600.0
12/01/2022,3.7,4.438,3.7,4.3,0.189,4.6,32300.0
11/30/2022,4.2,4.3,3.8,4.111,-0.089,-2.12,16190.0
11/29/2022,4.1,4.3,4.0,4.2,-0.101,-2.35,2700.0
11/28/2022,4.5,4.5,4.2,4.301,-0.021,-0.49,880.0
11/25/2022,4.6,4.702,4.321,4.322,-0.028,-0.64,370.0
11/23/2022,4.444,4.82,4.301,4.35,0.085,1.99,4050.0
11/22/2022,4.3,4.301,4.0,4.265,0.029,0.68,9610.0
11/21/2022,4.3,4.496,4.1,4.236,-0.076,-1.76,3640.0
11/18/2022,4.56,4.6,4.3,4.312,-0.332,-7.15,13040.0
11/17/2022,4.701,4.729,4.6,4.644,-0.032,-0.68,2210.0
11/16/2022,4.9,4.9,4.63,4.676,-0.224,-4.57,3150.0
11/15/2022,5.1,5.1,4.608,4.9,-0.201,-3.94,11880.0
11/14/2022,4.9,5.3,4.5,5.101,0.295,6.14,12730.0
11/11/2022,4.6,5.0,4.599,4.806,0.105,2.23,8990.0
11/10/2022,4.599,4.8,4.599,4.701,0.2,4.44,4700.0
11/09/2022,4.6,4.699,4.2,4.501,0.008,0.18,6880.0
11/08/2022,4.7,4.8,4.2,4.493,-0.207,-4.4,4530.0
11/07/2022,4.9,5.089,4.5,4.7,0.0,0.0,2390.0
11/04/2022,4.935,5.099,4.6,4.7,-0.298,-5.96,4770.0
11/03/2022,5.098,5.1,4.517,4.998,-0.074,-1.46,8090.0
11/02/2022,5.0,5.4,4.8,5.072,0.172,3.51,7440.0
11/01/2022,4.9,5.523,4.9,4.9,0.1,2.08,25090.0
10/31/2022,4.9,5.0,4.8,4.8,0.003,0.06,11460.0
10/28/2022,4.7,4.9,4.451,4.797,0.137,2.94,16120.0
10/27/2022,4.689,4.949,4.59,4.66,-0.29,-5.86,8420.0
10/26/2022,4.803,5.3,4.501,4.95,-0.34,-6.43,29360.0
10/25/2022,4.2,6.09,4.0,5.29,1.479,38.81,387020.0
10/24/2022,3.9,4.035,3.8,3.811,0.011,0.29,5880.0
10/21/2022,3.8,3.9,3.8,3.8,-0.05,-1.3,1160.0
10/20/2022,3.75,4.0,3.75,3.85,0.1,2.67,5070.0
10/19/2022,3.9,4.1,3.7,3.75,-0.2,-5.06,5540.0
10/18/2022,4.251,4.256,3.811,3.95,-0.203,-4.89,5640.0
10/17/2022,4.3,4.3,4.056,4.153,-0.144,-3.35,3870.0
10/14/2022,4.9,4.9,3.95,4.297,-0.002,-0.05,2150.0
10/13/2022,4.148,4.4,3.923,4.299,0.151,3.64,7950.0
10/12/2022,4.8,4.8,3.9,4.148,-0.054,-1.29,4660.0
10/11/2022,4.072,4.763,3.937,4.202,-0.148,-3.4,3010.0
10/10/2022,4.512,4.6,3.809,4.35,-0.3,-6.45,5430.0
10/07/2022,4.6,4.849,4.6,4.65,-0.15,-3.13,970.0
10/06/2022,4.9,4.985,4.8,4.8,-0.001,-0.02,1200.0
10/05/2022,4.604,4.928,4.604,4.801,-0.15,-3.03,2350.0
10/04/2022,4.674,5.3,4.482,4.951,-0.064,-1.28,2420.0
10/03/2022,5.4,5.495,4.483,5.015,-0.085,-1.67,4820.0
09/30/2022,4.826,5.2,4.826,5.1,0.003,0.06,3930.0
09/29/2022,5.5,5.5,4.812,5.097,-0.006,-0.12,3210.0
09/28/2022,5.2,5.2,5.08,5.103,0.103,2.06,2980.0
09/27/2022,5.404,5.404,4.601,5.0,0.0,0.0,2480.0
09/26/2022,4.7,5.0,4.5,5.0,0.306,6.52,3210.0
09/23/2022,5.3,5.6,3.76,4.694,-0.763,-13.98,13600.0
09/22/2022,5.6,5.699,5.279,5.457,-0.157,-2.8,3300.0
09/21/2022,5.7,5.898,5.509,5.614,-0.051,-0.9,3710.0
09/20/2022,5.642,6.0,5.642,5.665,0.008,0.14,4030.0
09/19/2022,6.447,6.447,5.6,5.657,-0.512,-8.3,12630.0
09/16/2022,6.5,6.5,6.055,6.169,-0.377,-5.76,11280.0
09/15/2022,6.4,6.72,6.4,6.546,0.055,0.85,6760.0
09/14/2022,6.6,6.9,6.4,6.491,-0.309,-4.54,9890.0
09/13/2022,6.4,6.9,6.31,6.8,0.418,6.55,10870.0
09/12/2022,6.596,7.0,6.01,6.382,-0.418,-6.15,9550.0
09/09/2022,6.335,7.0,6.335,6.8,0.254,3.88,7730.0
09/08/2022,6.3,6.7,6.3,6.546,0.155,2.43,3430.0
09/07/2022,6.4,6.7,6.11,6.391,-0.154,-2.35,8720.0
09/06/2022,6.9,6.931,6.5,6.545,-0.147,-2.2,2350.0
09/02/2022,7.0,7.0,6.41,6.692,-0.008,-0.12,2170.0
09/01/2022,6.9,6.968,6.5,6.7,0.145,2.21,12400.0
08/31/2022,6.849,7.0,6.555,6.555,-0.294,-4.29,8720.0
08/30/2022,6.8,7.155,6.6,6.849,-0.055,-0.8,7210.0
08/29/2022,6.91,7.005,6.71,6.904,0.0,0.0,3940.0
08/26/2022,6.9,7.2,6.71,6.904,-0.13,-1.85,13240.0
08/25/2022,6.9,7.199,6.801,7.034,0.134,1.94,15970.0
08/24/2022,7.0,7.0,6.728,6.9,-0.069,-0.99,11900.0
08/23/2022,6.95,7.0,6.9,6.969,-0.031,-0.44,9940.0
08/22/2022,7.4,7.4,6.9,7.0,-0.589,-7.76,29010.0
08/19/2022,7.5,7.65,7.2,7.589,0.089,1.19,12260.0
08/18/2022,7.614,7.8,7.3,7.5,-0.168,-2.19,20420.0
08/17/2022,7.9,7.949,7.6,7.668,-0.136,-1.74,12020.0
08/16/2022,7.95,7.998,7.7,7.804,-0.244,-3.03,29570.0
08/15/2022,7.817,8.2,7.817,8.048,0.259,3.33,65930.0
08/12/2022,7.9,7.9,7.501,7.789,0.089,1.16,12070.0
08/11/2022,7.889,7.936,7.6,7.7,-0.189,-2.4,21420.0
08/10/2022,7.9,7.9,7.6,7.889,-0.023,-0.29,14420.0
08/09/2022,7.501,7.915,7.4,7.912,0.212,2.75,51310.0
08/08/2022,7.7,7.9,7.603,7.7,-0.199,-2.52,35590.0
08/05/2022,7.85,8.0,7.62,7.899,-0.021,-0.27,38210.0
08/04/2022,7.7,7.93,7.6,7.92,0.159,2.05,44720.0
08/03/2022,7.7,7.977,7.51,7.761,0.111,1.45,46800.0
08/02/2022,7.69,7.998,7.45,7.65,-0.449,-5.54,60340.0
08/01/2022,7.826,8.1,7.52,8.099,0.161,2.03,90700.0
07/29/2022,7.9,9.65,7.45,7.938,-0.262,-3.2,427670.0
07/28/2022,28.5,28.8,6.7,8.2,0.241,3.03,3728250.0
07/27/2022,7.996,8.1,7.665,7.959,0.208,2.68,6710.0
07/26/2022,8.4,8.41,7.616,7.751,-0.596,-7.14,25820.0
07/25/2022,8.403,9.198,8.228,8.347,-0.184,-2.16,5060.0
07/22/2022,9.2,9.244,8.333,8.531,-0.999,-10.48,23090.0
07/21/2022,9.41,9.999,9.2,9.53,0.164,1.75,19440.0
07/20/2022,8.3,9.375,8.15,9.366,1.014,12.14,23820.0
07/19/2022,8.101,8.9,8.1,8.352,0.251,3.1,11180.0
07/18/2022,8.213,8.45,8.1,8.101,-0.126,-1.53,9030.0
07/15/2022,8.276,8.601,8.2,8.227,-0.273,-3.21,2630.0
07/14/2022,8.4,8.7,8.1,8.5,0.23,2.78,11030.0
07/13/2022,8.3,8.438,8.2,8.27,-0.083,-0.99,2550.0
07/12/2022,8.216,8.451,8.165,8.353,-0.067,-0.8,4470.0
07/11/2022,8.2,8.715,8.2,8.42,-0.28,-3.22,3970.0
07/08/2022,8.6,8.8,8.3,8.7,0.0,0.0,5210.0
07/07/2022,8.1,9.0,8.1,8.7,0.42,5.07,27800.0
07/06/2022,8.069,8.5,8.069,8.28,-0.12,-1.43,5340.0
07/05/2022,8.2,8.5,8.0,8.4,0.2,2.44,19160.0
07/01/2022,8.3,8.5,8.2,8.2,-0.198,-2.36,5970.0
06/30/2022,8.463,8.463,8.2,8.398,-0.052,-0.62,8900.0
06/29/2022,9.0,9.036,8.1,8.45,-0.586,-6.49,34400.0
06/28/2022,8.3,12.4,8.3,9.036,0.85,10.38,352250.0
06/27/2022,8.0,8.403,7.806,8.186,-0.514,-5.91,15570.0
06/24/2022,7.713,9.0,7.602,8.7,1.1,14.47,44650.0
06/23/2022,7.6,8.15,7.35,7.6,0.0,0.0,10160.0
06/22/2022,7.9,8.2,7.5,7.6,-0.3,-3.8,8880.0
06/21/2022,7.6,8.0,7.575,7.9,0.2,2.6,8640.0
06/17/2022,7.875,7.875,7.362,7.7,-0.05,-0.65,6330.0
06/16/2022,7.7,7.8,7.4,7.75,-0.07,-0.9,4780.0
06/15/2022,7.58,8.461,7.35,7.82,0.022,0.28,10090.0
06/14/2022,7.7,8.297,7.35,7.798,-0.17,-2.13,4790.0
06/13/2022,7.5,8.596,7.0,7.968,-0.183,-2.25,25100.0
06/10/2022,8.4,8.8,7.7,8.151,-0.349,-4.11,17580.0
06/09/2022,8.8,9.0,8.32,8.5,-0.203,-2.33,9920.0
06/08/2022,8.3,9.2,8.3,8.703,0.203,2.39,3640.0
06/07/2022,8.4,8.85,8.305,8.5,0.099,1.18,4810.0
06/06/2022,8.4,9.0,8.3,8.401,-0.11,-1.29,5620.0
06/03/2022,8.8,8.9,8.3,8.511,-0.389,-4.37,6520.0
06/02/2022,9.21,9.6,8.832,8.9,-0.399,-4.29,10370.0
06/01/2022,9.9,10.3,9.0,9.299,-0.449,-4.61,19410.0
05/31/2022,9.4,10.4,9.1,9.748,0.342,3.64,15740.0
05/27/2022,8.6,9.5,8.1,9.406,0.878,10.3,30870.0
05/26/2022,6.9,8.9,6.8,8.528,1.512,21.55,50260.0
05/25/2022,6.79,7.2,6.5,7.016,0.205,3.01,15100.0
05/24/2022,7.0,7.2,6.701,6.811,-0.424,-5.86,13150.0
05/23/2022,7.7,7.9,6.458,7.235,-0.375,-4.93,24610.0
05/20/2022,8.264,8.299,7.6,7.61,-0.618,-7.51,15850.0
05/19/2022,8.256,8.732,7.546,8.228,-0.283,-3.33,33470.0
05/18/2022,9.0,9.619,8.4,8.511,-0.574,-6.32,31620.0
05/17/2022,9.4,9.5,8.773,9.085,-0.415,-4.37,17270.0
05/16/2022,9.6,10.0,9.202,9.5,-0.101,-1.05,9380.0
05/13/2022,9.5,9.851,9.1,9.601,0.201,2.14,17210.0
05/12/2022,9.2,10.0,8.629,9.4,-0.2,-2.08,32500.0
05/11/2022,9.3,11.0,9.1,9.6,0.174,1.85,24770.0
05/10/2022,10.0,10.299,9.3,9.426,-0.544,-5.46,15660.0
05/09/2022,10.9,10.9,9.55,9.97,-1.03,-9.36,39540.0
05/06/2022,11.5,11.5,10.9,11.0,-0.3,-2.65,35280.0
05/05/2022,11.5,11.7,11.1,11.3,-0.5,-4.24,25510.0
05/04/2022,11.7,11.9,11.2,11.8,-0.1,-0.84,21840.0
05/03/2022,11.0,12.2,11.0,11.9,0.8,7.21,53790.0
05/02/2022,11.2,11.5,10.9,11.1,-0.2,-1.77,24540.0
04/29/2022,11.5,12.2,11.1,11.3,-0.1,-0.88,21240.0
04/28/2022,11.3,12.0,10.9,11.4,0.1,0.88,64420.0
04/27/2022,11.9,12.199,11.2,11.3,-0.1,-0.88,37550.0
04/26/2022,12.5,12.8,11.3,11.4,-1.3,-10.24,70580.0
04/25/2022,13.4,13.585,12.4,12.7,-0.9,-6.62,75600.0
04/22/2022,13.8,14.8,13.4,13.6,-0.5,-3.55,78490.0
04/21/2022,14.5,15.5,13.1,14.1,-0.8,-5.37,251460.0
04/20/2022,12.2,15.8,12.2,14.9,1.6,12.03,773180.0
04/19/2022,12.5,17.9,12.3,13.3,2.3,20.91,6936089.0
04/18/2022,11.9,12.099,10.8,11.0,-1.1,-9.09,31270.0
04/14/2022,13.4,13.4,11.9,12.1,0.3,2.54,17670.0
04/13/2022,11.2,12.1,11.2,11.8,0.6,5.36,11210.0
04/12/2022,11.6,11.81,11.101,11.2,-0.4,-3.45,15490.0
04/11/2022,12.0,12.2,11.5,11.6,-0.6,-4.92,14060.0
04/08/2022,12.3,12.373,11.8,12.2,0.3,2.52,16570.0
04/07/2022,12.5,13.237,11.5,11.9,-0.9,-7.03,36680.0
04/06/2022,13.4,13.6,12.6,12.8,-0.6,-4.48,22220.0
04/05/2022,13.7,14.215,13.4,13.4,-0.4,-2.9,28420.0
04/04/2022,14.5,14.65,13.3,13.8,-0.8,-5.48,36950.0
04/01/2022,15.6,15.6,14.3,14.6,-1.0,-6.41,44450.0
03/31/2022,16.8,16.9,14.201,15.6,-0.6,-3.7,75760.0
03/30/2022,14.5,17.2,14.201,16.2,2.2,15.71,134340.0
03/29/2022,13.7,14.3,13.0,14.0,0.55,4.09,51880.0
03/28/2022,14.6,14.6,12.5,13.45,-0.95,-6.6,83490.0
03/25/2022,12.2,14.5,12.0,14.4,2.2,18.03,110800.0
03/24/2022,12.1,12.4,11.9,12.2,0.1,0.83,20760.0
03/23/2022,12.3,12.8,12.0,12.1,-0.2,-1.63,38740.0
03/22/2022,12.9,12.9,12.1,12.3,-0.2,-1.6,48940.0
03/21/2022,11.8,12.7,11.8,12.5,0.8,6.84,51110.0
03/18/2022,11.5,12.5,11.3,11.7,0.4,3.54,47780.0
03/17/2022,10.8,11.786,10.705,11.3,0.6,5.61,62240.0
03/16/2022,11.2,11.319,10.5,10.7,-0.1,-0.93,30010.0
03/15/2022,10.9,11.3,10.5,10.8,-0.1,-0.92,54750.0
03/14/2022,11.7,12.1,10.8,10.9,-0.6,-5.22,22660.0
03/11/2022,12.7,12.887,11.5,11.5,-1.2,-9.45,16430.0
03/10/2022,12.5,13.299,12.5,12.7,0.0,0.0,18320.0
03/09/2022,11.9,12.9,11.9,12.7,1.1,9.48,23890.0
03/08/2022,11.0,12.0,10.9,11.6,-0.1,-0.85,41990.0
03/07/2022,11.8,12.6,11.6,11.7,-0.3,-2.5,55169.0
03/04/2022,13.0,13.492,12.0,12.0,-1.3,-9.77,34770.0
03/03/2022,13.8,13.8,13.216,13.3,-0.3,-2.21,14020.0
03/02/2022,13.2,13.9,13.0,13.6,0.4,3.03,23700.0
03/01/2022,13.6,14.3,13.0,13.2,-0.6,-4.35,29030.0
02/28/2022,14.0,14.6,13.6,13.8,-0.5,-3.5,27620.0
02/25/2022,13.7,14.9,13.5,14.3,0.4,2.88,33080.0
02/24/2022,11.5,14.2,11.5,13.9,1.4,11.2,75950.0
02/23/2022,14.3,14.8,12.5,12.5,-1.6,-11.35,51600.0
02/22/2022,14.3,14.939,14.0,14.1,-1.1,-7.24,46100.0
02/18/2022,15.6,15.8,14.5,15.2,-0.6,-3.8,54440.0
02/17/2022,16.5,16.5,15.62,15.8,-0.7,-4.24,23260.0
02/16/2022,15.5,16.7,15.5,16.5,0.6,3.77,35950.0
02/15/2022,16.0,16.3,15.6,15.9,0.5,3.25,36520.0
02/14/2022,15.5,16.4,15.35,15.4,-0.1,-0.65,49840.0
02/11/2022,17.0,17.3,15.3,15.5,-1.3,-7.74,74100.0
02/10/2022,16.8,18.0,16.66,16.8,-0.6,-3.45,37720.0
02/09/2022,16.7,17.874,16.5,17.4,0.5,2.96,61790.0
02/08/2022,16.4,17.0,16.211,16.9,0.2,1.2,37860.0
02/07/2022,16.5,17.6,16.3,16.7,0.1,0.6,41580.0
02/04/2022,15.8,17.498,15.6,16.6,0.8,5.06,49130.0
02/03/2022,16.5,17.099,15.65,15.8,-1.6,-9.2,67470.0
02/02/2022,18.0,18.4,16.8,17.4,-0.6,-3.33,56980.0
02/01/2022,17.0,18.2,16.65,18.0,0.7,4.05,75950.0
01/31/2022,16.3,17.8,15.4,17.3,1.1,6.79,93010.0
01/28/2022,15.6,16.693,14.5,16.2,1.4,9.46,92230.0
01/27/2022,16.9,17.2,14.8,14.8,-2.2,-12.94,126960.0
01/26/2022,18.9,19.199,16.8,17.0,-1.1,-6.08,152500.0
01/25/2022,16.1,18.3,16.1,18.1,1.4,8.38,226069.0
01/24/2022,15.6,16.9,13.2,16.7,1.6,10.6,244480.0
01/21/2022,16.3,16.9,14.9,15.1,-1.5,-9.04,259770.0
01/20/2022,18.5,19.0,16.5,16.6,-1.7,-9.29,156770.0
01/19/2022,22.2,22.5,18.1,18.3,-4.9,-21.12,320900.0
01/18/2022,24.9,25.0,23.0,23.2,-3.0,-11.45,177720.0
01/14/2022,27.1,28.0,25.3,26.2,-2.2,-7.75,115630.0
01/13/2022,27.0,28.5,26.8,28.4,1.6,5.97,100360.0
01/12/2022,30.0,30.0,26.6,26.8,-3.2,-10.67,151960.0
01/11/2022,28.5,30.8,27.9,30.0,1.4,4.9,192790.0
01/10/2022,26.0,29.199,25.5,28.6,1.4,5.15,246800.0
01/07/2022,26.2,28.4,26.0,27.2,1.0,3.82,198500.0
01/06/2022,26.3,28.5,25.3,26.2,-0.6,-2.24,216450.0
01/05/2022,28.7,30.4,25.3,26.8,-2.7,-9.15,373560.0
01/04/2022,33.7,33.7,29.101,29.5,-4.1,-12.2,384470.0
01/03/2022,36.2,36.2,33.3,33.6,0.3,0.9,402190.0
12/31/2021,35.9,35.9,31.2,33.3,-2.9,-8.01,424130.0
12/30/2021,35.9,36.9,33.4,36.2,-0.2,-0.55,460190.0
12/29/2021,39.3,40.5,35.0,36.4,-2.5,-6.43,658940.0
12/28/2021,36.5,40.8,35.8,38.9,3.3,9.27,1336060.0
12/27/2021,37.0,40.9,34.4,35.6,0.9,2.59,1456840.0
12/23/2021,32.2,36.4,32.0,34.7,1.3,3.89,701290.0
12/22/2021,31.3,37.857,31.1,33.4,-7.5,-18.34,1263570.0
12/21/2021,35.9,51.9,35.9,40.9,6.9,20.29,7618230.0
12/20/2021,31.2,38.8,29.5,34.0,2.1,6.58,1834460.0
12/17/2021,31.3,32.8,28.3,31.9,1.1,3.57,659690.0
12/16/2021,31.6,34.5,30.4,30.8,2.1,7.32,1920849.0
12/15/2021,26.9,31.5,26.1,28.7,1.2,4.36,1022640.0
12/14/2021,37.1,38.0,25.6,27.5,-12.3,-30.9,1807300.0
12/13/2021,32.6,43.8,32.0,39.8,12.8,47.41,1.11534E+7
12/10/2021,23.2,33.0,23.2,27.0,3.4,14.41,5182600.0
12/09/2021,24.8,25.3,23.2,23.6,-1.6,-6.35,181360.0
12/08/2021,24.8,26.2,22.7,25.2,1.8,7.69,578490.0
12/07/2021,22.4,25.0,22.0,23.4,1.5,6.85,281600.0
12/06/2021,22.7,23.3,20.8,21.9,-2.9,-11.69,464749.0
12/03/2021,25.6,34.4,24.1,24.8,-1.1,-4.25,3814239.0
12/02/2021,23.4,28.8,22.0,25.9,2.5,10.68,1270820.0
12/01/2021,27.0,27.433,22.6,23.4,-5.2,-18.18,683940.0
11/30/2021,29.9,36.7,24.1,28.6,-11.4,-28.5,3312390.0
11/29/2021,33.7,52.0,32.0,40.0,19.1,91.39,2.404262E+7
11/26/2021,18.0,23.3,18.0,20.9,2.6,14.21,695960.0
11/24/2021,17.7,18.5,16.103,18.3,-5.1,-21.79,607710.0
11/23/2021,22.2,29.7,19.3,23.4,10.1,75.94,9169490.0
11/22/2021,14.3,14.6,11.9,13.3,-1.3,-8.9,129270.0
11/19/2021,16.0,16.4,14.6,14.6,-1.7,-10.43,38860.0
11/18/2021,17.0,17.1,16.0,16.3,-0.7,-4.12,35200.0
11/17/2021,16.8,17.8,16.6,17.0,0.0,0.0,31440.0
11/16/2021,19.4,19.4,16.801,17.0,-4.8,-22.02,97670.0
11/15/2021,21.8,22.5,21.1,21.8,0.4,1.87,55820.0
11/12/2021,20.9,21.5,20.426,21.4,0.2,0.94,57120.0
11/11/2021,21.1,22.0,20.5,21.2,-0.2,-0.93,54500.0
11/10/2021,21.5,22.0,20.4,21.4,-0.4,-1.83,84640.0
11/09/2021,23.2,23.8,21.3,21.8,-2.8,-11.38,110430.0
11/08/2021,23.9,25.0,21.8,24.6,-0.1,-0.4,381260.0
11/05/2021,28.2,30.5,24.1,24.7,-2.3,-8.52,502790.0
11/04/2021,25.7,28.5,23.5,27.0,-1.8,-6.25,1055150.0
11/03/2021,20.3,38.2,19.6,28.8,11.3,64.57,27994162
11/02/2021,17.0,18.5,17.0,17.5,0.2,1.16,8120.0
11/01/2021,17.0,17.6,17.0,17.3,-0.1,-0.57,6530.0
10/29/2021,17.6,17.9,17.0,17.4,0.3,1.75,6230.0
10/28/2021,17.8,18.3,16.6,17.1,-0.5,-2.84,15600.0
10/27/2021,18.7,19.75,17.541,17.6,-1.5,-7.85,22480.0
10/26/2021,21.2,21.3,18.301,19.1,-1.8,-8.61,27870.0
10/25/2021,19.3,21.3,19.3,20.9,2.0,10.58,37770.0
10/22/2021,18.5,22.0,17.1,18.9,1.9,11.18,65200.0
10/21/2021,18.2,19.2,16.8,17.0,0.6,3.66,147640.0
10/20/2021,16.4,16.4,15.702,16.4,0.2,1.23,1770.0
10/19/2021,16.2,16.8,16.0,16.2,0.1,0.62,3310.0
10/18/2021,16.5,16.637,16.0,16.1,-0.3,-1.83,2780.0
10/15/2021,15.9,17.5,15.9,16.4,0.5,3.14,3120.0
10/14/2021,16.0,16.9,15.9,15.9,0.0,0.0,11910.0
10/13/2021,15.8,16.3,15.6,15.9,0.1,0.63,3520.0
10/12/2021,16.3,16.3,15.672,15.8,-0.47,-2.89,1380.0
10/11/2021,17.1,18.2,16.0,16.27,-1.529,-8.59,12010.0
10/08/2021,17.5,18.9,17.3,17.799,0.999,5.95,2840.0
10/07/2021,17.99,17.99,16.5,16.8,-0.2,-1.18,1490.0
10/06/2021,18.4,18.8,17.0,17.0,-1.8,-9.57,6380.0
10/05/2021,18.2,19.1,18.1,18.8,0.1,0.53,2130.0
10/04/2021,19.4,19.8,18.7,18.7,-0.7,-3.61,5110.0
10/01/2021,20.0,20.0,19.4,19.4,-0.6,-3.0,510.0
09/30/2021,19.0,20.0,19.0,20.0,0.8,4.17,960.0
09/29/2021,18.6,20.7,18.6,19.2,1.0,5.49,6700.0
09/28/2021,19.1,19.4,18.2,18.2,-1.3,-6.67,7860.0
09/27/2021,19.4,20.0,19.2,19.5,0.0,0.0,2470.0
09/24/2021,18.5,20.9,18.4,19.5,0.8,4.28,10850.0
09/23/2021,18.8,20.6,18.4,18.7,0.3,1.63,1340.0
09/22/2021,18.6,19.7,18.045,18.4,-0.3,-1.6,2500.0
09/21/2021,20.0,20.021,18.0,18.7,-1.3,-6.5,4830.0
09/20/2021,18.8,20.7,18.8,20.0,1.3,6.95,3720.0
09/17/2021,20.1,20.9,18.7,18.7,-1.7,-8.33,7290.0
09/16/2021,20.8,21.3,19.85,20.4,-0.3,-1.45,3010.0
09/15/2021,21.55,21.55,19.5,20.7,-0.1,-0.48,3660.0
09/14/2021,22.5,22.5,20.5,20.8,-1.8,-7.96,5340.0
09/13/2021,23.5,23.7,22.501,22.6,-1.2,-5.04,2250.0
09/10/2021,22.9,24.5,22.4,23.8,0.8,3.48,6000.0
09/09/2021,23.3,23.55,22.501,23.0,-0.4,-1.71,1480.0
09/08/2021,23.3,23.8,22.001,23.4,0.0,0.0,1830.0
09/07/2021,22.031,24.1,22.031,23.4,1.5,6.85,9510.0
09/03/2021,23.2,23.2,21.9,21.9,-1.45,-6.21,510.0
09/02/2021,23.8,24.05,23.2,23.35,-0.45,-1.89,780.0
09/01/2021,23.1,23.9,21.701,23.8,1.3,5.78,1350.0
08/31/2021,23.2,24.15,22.3,22.5,-0.7,-3.02,5910.0
08/30/2021,23.1,24.4,22.794,23.2,-0.4,-1.69,3800.0
08/27/2021,21.5,24.1,20.9,23.6,2.35,11.06,19380.0
08/26/2021,20.2,22.5,19.4,21.25,0.85,4.17,12950.0
08/25/2021,20.6,21.4,20.4,20.4,-0.4,-1.92,4410.0
08/24/2021,20.7,21.9,20.7,20.8,-0.2,-0.95,3720.0
08/23/2021,23.6,23.6,20.201,21.0,-1.7,-7.49,18170.0
08/20/2021,24.1,24.9,22.7,22.7,-1.9,-7.72,6540.0
08/19/2021,23.0,26.344,23.0,24.6,2.3,10.31,9920.0
08/18/2021,24.8,26.0,22.3,22.3,-2.7,-10.8,4480.0
08/17/2021,27.1,27.1,25.0,25.0,-2.1,-7.75,4150.0
08/16/2021,30.2,30.2,25.1,27.1,-3.1,-10.26,6420.0
08/13/2021,30.2,30.4,29.8,30.2,0.1,0.33,1980.0
08/12/2021,30.4,30.4,29.8,30.1,-0.3,-0.99,1970.0
08/11/2021,30.5,31.399,29.8,30.4,0.1,0.33,3950.0
08/10/2021,30.55,30.55,29.3,30.3,0.1,0.33,5250.0
08/09/2021,30.3,30.411,30.1,30.2,-0.1,-0.33,610.0
08/06/2021,30.2,30.8,29.9,30.3,0.2,0.66,4120.0
08/05/2021,30.0,31.3,30.0,30.1,-0.1,-0.33,7720.0
08/04/2021,29.7,30.6,29.5,30.2,0.1,0.33,3860.0
08/03/2021,30.3,30.4,29.6,30.1,-0.4,-1.31,4400.0
08/02/2021,29.7,30.825,29.7,30.5,0.1,0.33,2200.0
07/30/2021,30.3,30.65,29.4,30.4,0.3,1.0,6650.0
07/29/2021,30.5,31.05,29.9,30.1,-0.8,-2.59,5380.0
07/28/2021,30.0,31.35,30.0,30.9,0.6,1.98,2920.0
07/27/2021,34.417,34.417,29.5,30.3,-0.7,-2.26,22770.0
07/26/2021,31.2,32.4,30.5,31.0,-0.8,-2.52,2710.0
07/23/2021,31.2,32.5,31.1,31.8,0.108,0.34,3900.0
07/22/2021,30.999,31.9,30.7,31.692,0.392,1.25,5460.0
07/21/2021,31.2,32.5,30.8,31.3,-0.2,-0.63,2850.0
07/20/2021,29.2,33.0,29.2,31.5,1.5,5.0,31970.0
07/19/2021,29.732,30.2,28.722,30.0,-0.2,-0.66,6760.0
07/16/2021,29.999,30.4,29.904,30.2,-0.3,-0.98,1360.0
07/15/2021,31.9,31.9,29.946,30.5,-0.4,-1.29,2180.0
07/14/2021,32.0,32.0,30.7,30.9,-1.1,-3.44,2650.0
07/13/2021,31.4,32.15,30.9,32.0,1.0,3.23,2910.0
07/12/2021,30.9,31.2,30.8,31.0,-0.08,-0.26,2520.0
07/09/2021,30.7,31.298,30.7,31.08,0.38,1.24,1140.0
07/08/2021,29.8,31.05,29.0,30.7,0.101,0.33,6720.0
07/07/2021,30.6,30.86,29.3,30.599,0.399,1.32,4930.0
07/06/2021,31.4,31.4,29.3,30.2,-1.2,-3.82,8440.0
07/02/2021,32.0,32.4,31.4,31.4,-0.6,-1.88,3460.0
07/01/2021,31.6,32.7,31.3,32.0,0.7,2.24,3660.0
06/30/2021,31.2,31.5,30.7,31.3,-0.1,-0.32,3450.0
06/29/2021,31.0,31.5,30.3,31.4,0.6,1.95,3560.0
06/28/2021,31.5,31.8,30.4,30.8,-0.7,-2.22,9730.0
06/25/2021,31.6,33.2,31.5,31.5,-0.3,-0.94,7790.0
06/24/2021,33.0,33.2,31.6,31.8,-1.5,-4.5,5150.0
06/23/2021,31.8,33.3,30.7,33.3,2.2,7.07,20770.0
06/22/2021,39.5,39.6,30.4,31.1,-4.0,-11.4,60480.0
06/21/2021,34.6,36.5,33.001,35.1,0.5,1.45,54449.0
06/18/2021,34.4,36.5,32.9,34.6,-2.1,-5.72,14550.0
06/17/2021,31.2,37.0,30.8,36.7,5.7,18.39,27740.0
06/16/2021,31.024,31.9,30.526,31.0,-0.2,-0.64,3090.0
06/15/2021,32.3,32.3,30.4,31.2,-1.2,-3.7,3730.0
06/14/2021,32.9,32.9,31.6,32.4,-0.3,-0.92,4240.0
06/11/2021,32.6,33.2,31.961,32.7,0.1,0.31,4100.0
06/10/2021,31.2,33.7,31.1,32.6,1.5,4.82,14970.0
06/09/2021,31.2,31.2,30.3,31.1,0.2,0.65,2850.0
06/08/2021,31.3,31.9,30.4,30.9,-0.4,-1.28,5110.0
06/07/2021,30.0,32.2,29.501,31.3,1.1,3.64,11810.0
06/04/2021,29.8,30.4,29.265,30.2,0.4,1.34,2380.0
06/03/2021,29.6,29.9,29.0,29.8,0.4,1.36,5600.0
06/02/2021,30.0,30.6,28.75,29.4,-1.0,-3.29,9270.0
06/01/2021,30.3,31.0,29.799,30.4,0.1,0.33,7170.0
05/28/2021,32.4,32.4,29.75,30.3,-1.3,-4.11,9300.0
05/27/2021,31.8,33.275,31.001,31.6,-0.3,-0.94,9480.0
05/26/2021,33.2,33.6,31.8,31.9,-2.2,-6.45,6750.0
05/25/2021,33.0,35.4,32.5,34.1,-7.0,-17.03,36840.0
05/24/2021,29.6,42.4,29.0,41.1,11.3,37.92,118750.0
05/21/2021,29.1,32.4,28.2,29.8,0.6,2.05,25940.0
05/20/2021,30.1,30.965,29.0,29.2,-1.0,-3.31,3960.0
05/19/2021,30.2,30.5,29.1,30.2,-1.0,-3.21,8440.0
05/18/2021,29.5,32.0,29.1,31.2,-0.1,-0.32,28190.0
05/17/2021,33.1,44.5,29.7,31.3,1.7,5.74,716210.0
05/14/2021,29.1,33.196,29.1,29.6,0.1,0.34,3090.0
05/13/2021,30.3,30.8,29.0,29.5,-1.8,-5.75,2090.0
05/12/2021,32.9,33.5,30.0,31.3,-0.8,-2.49,1730.0
05/11/2021,32.1,34.65,31.929,32.1,-2.4,-6.96,1550.0
05/10/2021,32.9,38.0,32.627,34.5,0.5,1.47,8400.0
05/07/2021,32.5,34.2,31.3,34.0,1.8,5.59,1130.0
05/06/2021,32.7,34.5,32.2,32.2,-0.8,-2.42,1950.0
05/05/2021,30.9,33.2,30.9,33.0,2.0,6.45,1730.0
05/04/2021,33.9,33.9,30.601,31.0,-0.5,-1.59,900.0
05/03/2021,32.2,32.2,31.251,31.5,-0.7,-2.17,1340.0
04/30/2021,33.0,33.0,31.15,32.2,-0.8,-2.42,1930.0
04/29/2021,34.4,34.4,33.0,33.0,-1.1,-3.23,520.0
04/28/2021,33.1,34.4,32.0,34.1,0.4,1.19,3590.0
04/27/2021,32.7,33.7,32.001,33.7,0.6,1.81,680.0
04/26/2021,29.803,33.3,29.803,33.1,2.2,7.12,3320.0
04/23/2021,30.7,31.0,30.65,30.9,0.0,0.0,2110.0
04/22/2021,29.7,30.9,29.4,30.9,0.4,1.31,2040.0
04/21/2021,28.8,31.0,28.757,30.5,1.8,6.27,1880.0
04/20/2021,30.0,30.8,28.7,28.7,-1.4,-4.65,2560.0
04/19/2021,31.3,31.4,30.1,30.1,-1.5,-4.75,1960.0
04/16/2021,30.5,31.9,30.0,31.6,1.1,3.61,8150.0
04/15/2021,31.7,32.1,30.5,30.5,-1.0,-3.17,3600.0
04/14/2021,31.0,31.9,30.2,31.5,-0.15,-0.47,1050.0
04/13/2021,31.0,32.7,30.9,31.65,1.45,4.8,3240.0
04/12/2021,32.7,33.4,30.1,30.2,-1.1,-3.51,3210.0
04/09/2021,32.0,32.25,30.0,31.3,-0.5,-1.57,7510.0
04/08/2021,33.8,34.4,31.4,31.8,-1.7,-5.07,6400.0
04/07/2021,34.9,35.267,33.4,33.5,-1.0,-2.9,6420.0
04/06/2021,35.4,35.599,34.5,34.5,-0.7,-1.99,640.0
04/05/2021,36.9,37.199,35.0,35.2,-0.9,-2.49,2960.0
04/01/2021,37.3,37.3,35.001,36.1,-1.2,-3.22,2100.0
03/31/2021,35.1,38.3,35.1,37.3,0.8,2.19,1600.0
03/30/2021,36.1,37.0,34.62,36.5,0.4,1.11,4870.0
03/29/2021,35.5,37.0,35.0,36.1,-0.4,-1.1,3840.0
03/26/2021,38.9,40.094,35.5,36.5,-2.4,-6.17,10150.0
03/25/2021,35.6,41.198,35.0,38.9,6.3,19.33,29150.0
03/24/2021,35.0,35.5,32.119,32.6,-1.7,-4.96,5710.0
03/23/2021,32.9,36.7,31.3,34.3,1.8,5.54,4350.0
03/22/2021,32.2,33.3,32.0,32.5,0.4,1.25,2920.0
03/19/2021,30.6,32.15,30.102,32.1,0.1,0.31,2980.0
03/18/2021,32.2,33.86,31.1,32.0,-0.064,-0.2,2530.0
03/17/2021,32.0,32.9,30.9,32.064,-0.236,-0.73,1330.0
03/16/2021,32.3,33.536,30.0,32.3,-1.8,-5.28,2280.0
03/15/2021,35.1,35.1,33.8,34.1,0.3,0.89,1500.0
03/12/2021,34.4,34.794,32.7,33.8,-1.35,-3.84,1210.0
03/11/2021,33.3,35.5,32.6,35.15,2.75,8.49,5630.0
03/10/2021,33.0,34.4,32.0,32.4,0.1,0.31,1470.0
03/09/2021,33.0,34.0,31.2,32.3,0.0,0.0,10740.0
03/08/2021,29.9,34.0,29.6,32.3,2.9,9.86,5770.0
03/05/2021,28.6,30.3,26.912,29.4,0.9,3.16,6730.0
03/04/2021,32.9,32.9,27.114,28.5,-3.7,-11.49,9810.0
03/03/2021,33.5,34.199,31.501,32.2,-2.0,-5.85,4930.0
03/02/2021,34.6,37.3,33.6,34.2,0.1,0.29,5230.0
03/01/2021,33.5,34.5,33.5,34.1,0.8,2.4,2230.0
02/26/2021,35.5,38.25,32.3,33.3,-1.4,-4.03,9420.0
02/25/2021,35.0,38.6,34.5,34.7,0.2,0.58,4570.0
02/24/2021,34.1,35.8,33.0,34.5,0.3,0.88,4100.0
02/23/2021,36.5,36.5,33.85,34.2,-2.3,-6.3,4110.0
02/22/2021,38.5,38.85,35.2,36.5,-0.9,-2.41,5100.0
02/19/2021,38.5,39.35,36.8,37.4,-1.0,-2.6,4050.0
02/18/2021,41.6,41.6,38.4,38.4,-3.9,-9.22,6340.0
02/17/2021,43.0,43.0,41.6,42.3,-1.1,-2.53,3060.0
02/16/2021,43.0,43.7,42.25,43.4,-0.6,-1.36,1400.0
02/12/2021,42.5,46.6,40.701,44.0,1.6,3.77,9030.0
02/11/2021,42.4,43.0,40.517,42.4,0.5,1.19,4090.0
02/10/2021,43.2,44.077,38.501,41.9,-1.2,-2.78,17850.0
02/09/2021,41.0,46.1,39.3,43.1,1.8,4.36,13940.0
02/08/2021,38.9,42.843,38.9,41.3,2.4,6.17,16310.0
02/05/2021,41.2,41.2,36.3,38.9,-2.2,-5.35,18890.0
02/04/2021,43.0,52.0,37.7,41.1,0.7,1.73,136630.0
02/03/2021,36.8,43.0,36.7,40.4,3.4,9.19,14430.0
02/02/2021,35.5,39.9,35.0,37.0,2.5,7.25,14450.0
02/01/2021,34.0,34.9,30.8,34.5,0.9,2.68,25100.0
01/29/2021,34.0,35.0,33.5,33.6,-0.3,-0.88,2610.0
01/28/2021,35.0,35.72,33.9,33.9,-1.9,-5.31,8350.0
01/27/2021,36.6,39.5,35.0,35.8,-3.7,-9.37,9350.0
01/26/2021,39.9,41.4,39.5,39.5,-0.6,-1.5,1330.0
01/25/2021,38.3,40.1,37.6,40.1,2.6,6.93,4170.0
01/22/2021,40.3,41.4,37.5,37.5,-3.1,-7.64,10050.0
01/21/2021,41.9,42.035,40.5,40.6,-0.7,-1.69,4140.0
01/20/2021,42.0,42.7,41.1,41.3,-0.355,-0.85,3730.0
01/19/2021,42.0,43.5,41.0,41.655,-0.345,-0.82,5570.0
01/15/2021,43.4,44.497,41.6,42.0,-2.1,-4.76,5840.0
01/14/2021,45.9,45.9,43.5,44.1,-1.3,-2.86,6550.0
01/13/2021,44.4,46.8,43.8,45.4,0.8,1.79,16710.0
01/12/2021,44.4,44.9,43.1,44.6,0.2,0.45,1890.0
01/11/2021,44.0,44.6,44.0,44.4,-0.5,-1.11,1330.0
01/08/2021,45.9,47.402,43.6,44.9,-1.1,-2.39,4470.0
01/07/2021,43.6,46.0,43.6,46.0,2.0,4.55,7380.0
01/06/2021,44.6,45.4,43.0,44.0,-0.6,-1.35,16980.0
01/05/2021,43.5,45.0,43.207,44.6,0.8,1.83,6360.0
01/04/2021,45.0,45.0,42.502,43.8,-0.2,-0.45,6020.0
12/31/2020,41.8,46.0,41.0,44.0,1.7,4.02,29250.0
12/30/2020,44.3,47.8,41.5,42.3,-1.7,-3.86,15110.0
12/29/2020,46.1,46.63,42.801,44.0,-2.8,-5.98,13760.0
12/28/2020,44.4,48.9,44.002,46.8,2.8,6.36,29570.0
12/24/2020,43.2,44.5,41.0,44.0,6.5,17.33,41950.0
12/23/2020,36.7,39.4,36.229,37.5,0.75,2.04,13500.0
12/22/2020,36.5,41.9,35.609,36.75,-0.75,-2.0,26060.0
12/21/2020,33.5,39.3,33.0,37.5,0.7,1.9,28340.0
12/18/2020,38.7,59.599,36.18,36.8,-1.2,-3.16,290090.0
12/17/2020,35.815,43.384,35.815,38.0,0.9,2.43,25800.0
12/16/2020,33.5,38.0,33.5,37.1,3.4,10.09,4760.0
12/15/2020,35.3,35.3,33.5,33.7,-0.9,-2.6,2100.0
12/14/2020,37.214,37.214,34.0,34.6,-1.4,-3.89,1900.0
12/11/2020,35.2,36.554,34.4,36.0,0.89,2.53,3500.0
12/10/2020,33.5,36.0,33.5,35.11,1.61,4.81,2440.0
12/09/2020,32.6,35.1,30.1,33.5,0.8,2.45,8290.0
12/08/2020,33.1,34.24,32.1,32.7,0.3,0.93,2890.0
12/07/2020,33.0,37.3,31.9,32.4,-0.7,-2.11,6660.0
12/04/2020,34.0,35.45,32.4,33.1,-1.4,-4.06,4370.0
12/03/2020,35.5,38.9,32.5,34.5,-5.4,-13.53,7580.0
