12/31/1993,9.06,9.13,9.06,9.13,0.13,0.0,10000.0
12/30/1993,9.0,9.06,8.94,9.0,0.06,0.0,28400.0
12/29/1993,8.88,9.0,8.88,8.94,0.0,0.0,43000.0
12/28/1993,8.94,8.94,8.94,8.94,-0.06,0.0,1400.0
12/27/1993,8.88,9.0,8.88,9.0,0.13,0.0,11800.0
12/23/1993,8.88,9.0,8.81,8.88,0.0,0.0,113400.0
12/22/1993,8.75,8.88,8.69,8.88,0.13,0.0,27400.0
12/21/1993,8.81,8.88,8.75,8.75,-0.06,0.0,27400.0
12/20/1993,9.0,9.25,8.75,8.81,-0.19,0.0,270400.0
12/17/1993,8.63,9.13,8.56,9.0,0.38,0.0,202600.0
12/16/1993,8.5,8.63,8.5,8.63,0.25,0.0,92200.0
12/15/1993,8.06,8.44,8.06,8.38,0.31,0.0,138200.0
12/14/1993,7.75,8.25,7.75,8.06,0.31,0.0,184800.0
12/13/1993,7.75,7.81,7.63,7.75,0.0,0.0,158800.0
12/10/1993,8.06,8.06,7.75,7.75,-0.31,0.0,61000.0
12/09/1993,8.06,8.13,8.06,8.06,-0.06,0.0,74200.0
12/08/1993,7.88,8.13,7.88,8.13,0.25,0.0,189600.0
12/07/1993,7.69,7.94,7.63,7.88,0.19,0.0,96600.0
12/06/1993,7.5,7.69,7.38,7.69,0.19,0.0,101800.0
12/03/1993,7.44,7.5,7.44,7.5,0.06,0.0,28200.0
12/02/1993,7.44,7.56,7.38,7.44,0.06,0.0,120000.0
12/01/1993,7.63,7.63,7.31,7.38,-0.19,0.0,116800.0
11/30/1993,7.13,7.63,7.13,7.56,0.5,0.0,197600.0
11/29/1993,7.06,7.25,7.0,7.06,0.0,0.0,51000.0
11/26/1993,7.06,7.06,7.06,7.06,0.06,0.0,11600.0
11/24/1993,6.94,7.0,6.88,7.0,0.13,0.0,131200.0
11/23/1993,6.63,6.88,6.56,6.88,0.31,0.0,75800.0
11/22/1993,6.88,6.88,6.5,6.56,-0.25,0.0,137400.0
11/19/1993,6.94,7.0,6.81,6.81,-0.19,0.0,37000.0
11/18/1993,7.06,7.06,6.88,7.0,0.0,0.0,50400.0
11/17/1993,7.0,7.19,7.0,7.0,-0.13,0.0,33600.0
11/16/1993,7.25,7.31,7.06,7.13,-0.19,0.0,89200.0
11/15/1993,7.25,7.38,7.25,7.31,0.0,0.0,139400.0
11/12/1993,7.38,7.44,7.13,7.31,0.0,0.0,155600.0
11/11/1993,7.13,7.38,7.0,7.31,0.25,0.0,287200.0
11/10/1993,6.88,7.25,6.81,7.06,0.19,0.0,151400.0
11/09/1993,6.94,7.0,6.88,6.88,0.0,0.0,179200.0
