12/31/1997,25.34,25.97,25.22,25.78,-0.44,0.0,1068734.0
12/30/1997,25.0,26.26,24.9,26.22,1.36,0.0,777296.0
12/29/1997,25.29,25.49,24.81,24.85,-0.34,0.0,1958083.0
12/26/1997,25.34,25.58,25.05,25.19,-0.1,0.0,508346.0
12/24/1997,25.39,25.78,25.19,25.29,-0.05,0.0,791817.0
12/23/1997,26.31,26.61,25.29,25.34,-0.83,0.0,1297336.0
12/22/1997,27.58,27.82,26.02,26.17,-1.31,0.0,2094164.0
12/19/1997,28.99,29.04,27.48,27.48,-1.8,0.0,1340126.0
12/18/1997,29.57,30.16,28.79,29.28,-0.44,0.0,912735.0
12/17/1997,29.67,30.06,29.57,29.72,0.15,0.0,1001143.0
12/16/1997,29.67,30.16,29.57,29.57,0.1,0.0,515542.0
12/15/1997,28.99,29.77,28.99,29.47,0.49,0.0,1088909.0
12/12/1997,28.89,29.47,28.6,28.99,-0.19,0.0,597525.0
12/11/1997,28.99,29.52,28.84,29.18,-0.05,0.0,583904.0
12/10/1997,28.02,29.38,28.02,29.23,0.63,0.0,771385.0
12/09/1997,28.55,28.99,28.26,28.6,-0.1,0.0,484444.0
12/08/1997,29.04,29.04,28.6,28.7,-0.24,0.0,523252.0
12/05/1997,28.6,29.52,28.4,28.94,0.29,0.0,620269.0
12/04/1997,28.79,29.13,28.55,28.65,-0.05,0.0,514257.0
12/03/1997,28.36,28.84,27.87,28.7,0.44,0.0,514128.0
12/02/1997,28.7,28.79,28.02,28.26,-0.58,0.0,605106.0
12/01/1997,28.26,28.84,28.11,28.84,0.83,0.0,923272.0
11/28/1997,28.02,28.4,27.72,28.02,0.0,0.0,486758.0
11/26/1997,28.36,28.65,28.02,28.02,-0.49,0.0,1561532.0
11/25/1997,28.31,29.57,28.31,28.5,0.19,0.0,1368782.0
11/24/1997,28.5,28.75,28.16,28.31,-0.68,0.0,732707.0
11/21/1997,28.5,28.99,28.31,28.99,0.68,0.0,1367625.0
11/20/1997,27.43,28.31,27.43,28.31,0.97,0.0,1424808.0
11/19/1997,26.7,27.43,26.7,27.33,0.68,0.0,548052.0
11/18/1997,27.19,27.19,26.26,26.65,-0.58,0.0,527492.0
11/17/1997,27.19,27.38,27.09,27.24,0.34,0.0,785135.0
11/14/1997,26.95,27.14,26.46,26.9,-0.05,0.0,641343.0
11/13/1997,26.85,27.38,26.75,26.95,0.68,0.0,820087.0
11/12/1997,26.17,27.24,26.12,26.26,-0.15,0.0,1570655.0
11/11/1997,26.31,26.46,25.88,26.41,0.29,0.0,490484.0
11/10/1997,26.41,26.46,25.73,26.12,0.29,0.0,558846.0
11/07/1997,24.9,25.88,24.42,25.83,0.1,0.0,672826.0
11/06/1997,26.12,26.17,25.49,25.73,-0.44,0.0,443324.0
11/05/1997,26.75,26.8,26.02,26.17,-0.15,0.0,1036481.0
11/04/1997,25.92,26.7,25.58,26.31,0.29,0.0,1086724.0
11/03/1997,25.0,26.36,24.81,26.02,1.99,0.0,1194536.0
10/31/1997,24.71,25.1,23.44,24.03,-0.49,0.0,1178088.0
10/30/1997,24.37,25.83,24.22,24.51,-0.19,0.0,759178.0
10/29/1997,25.49,25.68,24.37,24.71,-0.58,0.0,1187340.0
10/28/1997,22.62,25.34,22.32,25.29,1.95,0.0,1469012.0
10/27/1997,25.58,25.88,22.57,23.35,-2.19,0.0,750825.0
10/24/1997,25.78,25.83,25.0,25.54,0.05,0.0,590457.0
10/23/1997,25.29,25.92,25.29,25.49,-0.24,0.0,875598.0
10/22/1997,26.02,26.17,25.44,25.73,-0.19,0.0,556790.0
10/21/1997,25.68,26.02,25.58,25.92,0.24,0.0,514257.0
10/20/1997,25.34,25.83,25.19,25.68,0.29,0.0,400149.0
10/17/1997,25.63,25.88,25.0,25.39,-0.54,0.0,950000.0
10/16/1997,25.88,26.02,25.63,25.92,0.34,0.0,988550.0
10/15/1997,25.29,25.68,24.81,25.58,-0.05,0.0,905411.0
10/14/1997,25.92,26.02,25.54,25.63,-0.1,0.0,797856.0
10/13/1997,25.68,25.83,25.24,25.73,0.68,0.0,577479.0
10/10/1997,24.9,25.34,24.51,25.05,-0.05,0.0,537387.0
10/09/1997,24.95,25.49,24.95,25.1,-0.34,0.0,929954.0
10/08/1997,25.88,25.88,25.39,25.44,-0.44,0.0,547024.0
10/07/1997,26.02,26.22,25.68,25.88,-0.1,0.0,603050.0
10/06/1997,26.31,26.31,25.78,25.97,0.0,0.0,745942.0
10/03/1997,26.51,26.51,25.1,25.97,0.05,0.0,962850.0
10/02/1997,26.31,26.56,25.78,25.92,-0.46,0.0,682977.0
10/01/1997,25.97,26.41,25.88,26.39,0.63,0.0,1105871.0
09/30/1997,26.43,26.75,25.68,25.75,-0.78,0.0,1015407.0
09/29/1997,26.26,26.68,26.14,26.53,0.27,0.0,1405276.0
09/26/1997,26.73,26.92,25.68,26.26,-0.39,0.0,1350278.0
09/25/1997,27.04,27.33,26.65,26.65,-0.24,0.0,1180915.0
09/24/1997,26.61,27.19,26.56,26.9,0.24,0.0,981226.0
09/23/1997,27.16,27.19,26.46,26.65,-0.44,0.0,829082.0
09/22/1997,27.14,27.19,26.85,27.09,0.05,0.0,1634263.0
09/19/1997,26.95,27.24,26.9,27.04,-0.29,0.0,1666645.0
09/18/1997,27.24,27.48,27.04,27.33,0.1,0.0,1006669.0
09/17/1997,28.02,28.11,27.24,27.24,-0.78,0.0,1543285.0
09/16/1997,27.19,28.21,27.19,28.02,1.02,0.0,1342054.0
09/15/1997,26.65,27.29,26.56,26.99,0.24,0.0,1158556.0
09/12/1997,26.22,26.8,25.92,26.75,0.63,0.0,805181.0
09/11/1997,25.92,26.17,25.73,26.12,0.15,0.0,824199.0
09/10/1997,26.36,26.51,25.88,25.97,-0.39,0.0,848357.0
09/09/1997,26.02,26.46,26.02,26.36,0.29,0.0,901042.0
09/08/1997,26.26,26.36,26.07,26.07,0.0,0.0,596240.0
09/05/1997,26.17,26.41,25.83,26.07,0.0,0.0,693386.0
09/04/1997,25.83,26.07,25.83,26.07,0.15,0.0,690816.0
09/03/1997,25.92,26.26,25.78,25.92,0.1,0.0,1160612.0
09/02/1997,25.07,25.88,24.93,25.83,0.73,0.0,1411701.0
08/29/1997,25.19,25.29,24.95,25.1,-0.15,0.0,607805.0
08/28/1997,25.15,25.58,25.1,25.24,0.1,0.0,1564873.0
08/27/1997,25.1,25.29,25.05,25.15,0.1,0.0,1192480.0
08/26/1997,25.29,25.44,25.05,25.05,-0.19,0.0,1107156.0
08/25/1997,25.19,25.58,25.05,25.24,0.29,0.0,1301962.0
08/22/1997,24.37,25.15,24.37,24.95,0.34,0.0,1128230.0
08/21/1997,25.54,25.58,24.51,24.61,-1.02,0.0,1263155.0
08/20/1997,25.58,25.63,25.29,25.63,0.24,0.0,1199933.0
08/19/1997,25.39,25.39,25.05,25.39,0.05,0.0,1082484.0
08/18/1997,25.34,25.54,25.0,25.34,-0.1,0.0,1011552.0
08/15/1997,26.05,26.07,25.39,25.44,-0.63,0.0,762776.0
08/14/1997,25.78,26.12,25.73,26.07,0.39,0.0,694157.0
08/13/1997,26.51,26.56,25.68,25.68,-0.68,0.0,1358759.0
08/12/1997,26.85,26.85,26.31,26.36,-0.44,0.0,453605.0
08/11/1997,26.22,26.9,26.02,26.8,0.73,0.0,837306.0
08/08/1997,27.04,27.09,25.97,26.07,-1.02,0.0,1532491.0
08/07/1997,27.19,27.58,27.09,27.09,-0.05,0.0,673083.0
08/06/1997,27.48,27.63,27.14,27.14,-0.29,0.0,877911.0
08/05/1997,27.09,27.48,27.09,27.43,0.24,0.0,850156.0
08/04/1997,27.24,27.48,27.19,27.19,-0.05,0.0,1158042.0
08/01/1997,27.04,27.43,26.95,27.24,-0.15,0.0,958610.0
07/31/1997,27.48,27.58,27.24,27.38,-0.1,0.0,1254931.0
07/30/1997,27.63,27.72,27.48,27.48,-0.39,0.0,756865.0
07/29/1997,27.38,27.87,27.29,27.87,0.49,0.0,1741946.0
07/28/1997,26.95,27.43,26.95,27.38,0.58,0.0,804410.0
07/25/1997,26.7,26.99,26.61,26.8,0.1,0.0,1077087.0
07/24/1997,26.31,26.95,26.12,26.7,0.44,0.0,1306331.0
07/23/1997,26.17,26.46,26.02,26.26,0.19,0.0,975829.0
07/22/1997,25.63,26.17,25.54,26.07,0.58,0.0,1278061.0
07/21/1997,25.39,25.68,25.39,25.49,0.1,0.0,1025687.0
07/18/1997,25.97,25.97,25.29,25.39,-0.49,0.0,1262384.0
07/17/1997,26.36,26.36,25.68,25.88,-0.54,0.0,582876.0
07/16/1997,26.65,26.75,26.31,26.41,0.05,0.0,1131057.0
07/15/1997,26.07,26.46,25.92,26.36,0.29,0.0,804924.0
07/14/1997,26.17,26.22,26.02,26.07,0.05,0.0,1072718.0
07/11/1997,25.29,26.31,25.19,26.02,0.78,0.0,3087341.0
07/10/1997,25.29,25.54,25.19,25.24,0.0,0.0,2665861.0
07/09/1997,25.83,25.88,25.19,25.24,-0.53,0.0,2803356.0
07/08/1997,25.78,25.78,25.68,25.78,0.02,0.0,2886367.0
07/07/1997,25.68,25.75,25.58,25.75,0.17,0.0,2031328.0
07/03/1997,25.19,25.73,25.19,25.58,0.58,0.0,845530.0
07/02/1997,25.19,25.39,25.0,25.0,0.05,0.0,886393.0
07/01/1997,24.95,25.24,24.9,24.95,-0.05,0.0,1071176.0
06/30/1997,25.15,25.24,24.9,25.0,-0.05,0.0,725254.0
06/27/1997,25.05,25.29,25.05,25.05,0.19,0.0,811606.0
06/26/1997,24.56,25.19,24.51,24.85,0.15,0.0,885621.0
06/25/1997,24.9,25.39,24.71,24.71,-0.19,0.0,1049845.0
06/24/1997,24.37,25.34,24.37,24.9,0.68,0.0,1681808.0
06/23/1997,25.0,25.29,24.12,24.22,-0.97,0.0,961694.0
06/20/1997,25.15,25.49,25.0,25.19,0.24,0.0,2037496.0
06/19/1997,24.42,25.24,24.32,24.95,0.63,0.0,1614988.0
06/18/1997,24.22,24.66,24.08,24.32,0.19,0.0,1056784.0
06/17/1997,24.17,24.46,23.88,24.12,-0.15,0.0,853240.0
06/16/1997,24.27,24.42,24.27,24.27,0.0,0.0,742987.0
06/13/1997,24.17,24.56,24.17,24.27,0.15,0.0,1161383.0
06/12/1997,24.03,24.27,23.93,24.12,0.24,0.0,654836.0
06/11/1997,23.93,24.17,23.88,23.88,0.0,0.0,858123.0
06/10/1997,23.54,24.03,23.54,23.88,0.39,0.0,700325.0
06/09/1997,24.08,24.08,23.49,23.49,-0.49,0.0,865576.0
06/06/1997,23.44,24.08,23.44,23.98,0.49,0.0,553064.0
06/05/1997,23.35,23.93,23.3,23.49,0.19,0.0,1386772.0
06/04/1997,23.1,23.69,23.05,23.3,0.1,0.0,1507562.0
06/03/1997,23.1,23.44,23.1,23.2,0.05,0.0,1156243.0
06/02/1997,23.49,23.49,23.15,23.15,-0.34,0.0,1387543.0
05/30/1997,23.54,23.64,23.35,23.49,0.0,0.0,636332.0
05/29/1997,23.2,23.59,23.15,23.49,0.19,0.0,839619.0
05/28/1997,23.54,23.69,23.2,23.3,-0.44,0.0,956554.0
05/27/1997,23.39,23.93,23.3,23.74,0.19,0.0,1128230.0
05/23/1997,23.39,23.93,23.3,23.54,0.24,0.0,549466.0
05/22/1997,23.35,23.35,23.1,23.3,0.15,0.0,1221007.0
05/21/1997,23.35,23.49,22.96,23.15,-0.15,0.0,774341.0
05/20/1997,23.39,23.39,23.05,23.3,-0.19,0.0,1293481.0
05/19/1997,23.54,23.69,23.49,23.49,-0.15,0.0,979940.0
05/16/1997,23.74,23.83,23.59,23.64,-0.15,0.0,1470811.0
05/15/1997,23.39,23.83,23.35,23.78,0.29,0.0,1058326.0
05/14/1997,23.44,23.64,23.39,23.49,0.19,0.0,2133614.0
05/13/1997,23.54,23.54,23.25,23.3,-0.15,0.0,1424551.0
05/12/1997,23.05,23.49,23.05,23.44,0.49,0.0,1266239.0
05/09/1997,23.01,23.1,22.76,22.96,0.0,0.0,930596.0
05/08/1997,22.71,23.1,22.67,22.96,0.19,0.0,1182457.0
05/07/1997,23.05,23.15,22.67,22.76,-0.19,0.0,673083.0
05/06/1997,22.71,23.05,22.57,22.96,0.24,0.0,1199419.0
05/05/1997,22.23,22.86,22.23,22.71,0.49,0.0,1479292.0
05/02/1997,22.18,22.32,21.84,22.23,0.1,0.0,1378291.0
05/01/1997,22.28,22.37,21.89,22.13,-0.29,0.0,828054.0
04/30/1997,22.28,22.67,22.18,22.42,0.0,0.0,1370324.0
04/29/1997,22.37,22.42,22.13,22.42,0.29,0.0,1120006.0
04/28/1997,21.94,22.23,21.94,22.13,0.1,0.0,1051901.0
04/25/1997,22.08,22.13,21.98,22.03,-0.1,0.0,909266.0
04/24/1997,22.32,22.32,22.03,22.13,-0.15,0.0,1045732.0
04/23/1997,22.28,22.32,22.18,22.28,0.0,0.0,1501651.0
04/22/1997,22.18,22.32,22.13,22.28,0.05,0.0,1275491.0
04/21/1997,22.23,22.57,22.13,22.23,0.05,0.0,1277290.0
04/18/1997,22.23,22.32,22.08,22.18,0.1,0.0,1207900.0
04/17/1997,22.18,22.18,21.89,22.08,-0.29,0.0,1403991.0
04/16/1997,21.4,22.37,21.21,22.37,0.97,0.0,2553809.0
04/15/1997,20.82,21.45,20.62,21.4,0.97,0.0,1754282.0
04/14/1997,20.14,20.67,20.04,20.43,0.24,0.0,818802.0
04/11/1997,20.53,20.72,20.18,20.18,-0.49,0.0,866860.0
04/10/1997,20.62,20.91,20.57,20.67,0.05,0.0,688760.0
04/09/1997,20.72,20.82,20.57,20.62,0.0,0.0,813662.0
04/08/1997,20.77,20.77,20.57,20.62,-0.15,0.0,918261.0
04/07/1997,20.82,20.87,20.62,20.77,0.0,0.0,1074774.0
04/04/1997,20.62,20.87,20.38,20.77,-0.1,0.0,1490857.0
04/03/1997,21.01,21.06,20.77,20.87,-0.24,0.0,1041363.0
04/02/1997,21.21,21.3,20.82,21.11,-0.29,0.0,1696457.0
04/01/1997,21.11,21.45,21.06,21.4,0.29,0.0,1088138.0
03/31/1997,21.6,21.74,20.96,21.11,-0.53,0.0,1377520.0
03/27/1997,22.28,22.28,21.45,21.64,-0.54,0.0,1208671.0
03/26/1997,21.89,22.32,21.89,22.18,0.19,0.0,1450251.0
03/25/1997,21.89,22.13,21.84,21.98,0.15,0.0,1020804.0
03/24/1997,21.45,21.89,21.4,21.84,0.44,0.0,846301.0
03/21/1997,21.5,21.5,21.21,21.4,0.05,0.0,2513460.0
03/20/1997,21.89,21.94,21.3,21.35,-0.73,0.0,1944976.0
03/19/1997,21.74,22.32,21.69,22.08,0.29,0.0,1757879.0
03/18/1997,21.6,21.94,21.6,21.79,0.24,0.0,1609334.0
03/17/1997,21.45,21.74,21.4,21.55,0.15,0.0,1616530.0
03/14/1997,21.11,21.5,21.06,21.4,0.44,0.0,1004870.0
03/13/1997,21.21,21.3,20.96,20.96,-0.34,0.0,803125.0
03/12/1997,21.45,21.55,21.25,21.3,-0.1,0.0,1277033.0
03/11/1997,21.3,21.6,21.3,21.4,0.1,0.0,1001015.0
03/10/1997,20.96,21.45,20.87,21.3,0.39,0.0,1032112.0
03/07/1997,20.82,21.16,20.77,20.91,0.15,0.0,985595.0
03/06/1997,20.77,20.91,20.67,20.77,-0.05,0.0,905411.0
03/05/1997,20.57,20.82,20.57,20.82,0.24,0.0,856067.0
03/04/1997,20.72,20.77,20.53,20.57,-0.05,0.0,824199.0
03/03/1997,20.43,20.77,20.38,20.62,0.0,0.0,892304.0
02/28/1997,20.67,20.72,20.48,20.62,-0.15,0.0,1021574.0
02/27/1997,20.67,20.87,20.62,20.77,0.0,0.0,555634.0
02/26/1997,21.06,21.11,20.62,20.77,-0.34,0.0,907981.0
02/25/1997,21.06,21.25,21.06,21.11,-0.05,0.0,995361.0
02/24/1997,21.06,21.16,20.96,21.16,0.05,0.0,933681.0
02/21/1997,21.16,21.45,21.06,21.11,0.0,0.0,859665.0
02/20/1997,20.67,21.5,20.67,21.11,0.39,0.0,1354904.0
02/19/1997,20.82,20.91,20.67,20.72,-0.24,0.0,1029799.0
02/18/1997,20.91,21.01,20.62,20.96,0.24,0.0,1434831.0
02/14/1997,20.62,20.87,20.62,20.72,0.1,0.0,1217152.0
02/13/1997,20.77,20.87,20.62,20.62,-0.1,0.0,843474.0
02/12/1997,20.48,20.72,20.43,20.72,0.29,0.0,867632.0
02/11/1997,20.23,20.57,20.23,20.43,0.29,0.0,1364156.0
02/10/1997,20.14,20.23,20.04,20.14,0.0,0.0,756094.0
02/07/1997,19.89,20.14,19.75,20.14,0.34,0.0,673854.0
02/06/1997,19.8,19.94,19.75,19.8,-0.1,0.0,1137482.0
02/05/1997,20.04,20.14,19.84,19.89,-0.1,0.0,969404.0
02/04/1997,19.8,20.04,19.75,19.99,0.24,0.0,404261.0
02/03/1997,19.7,19.89,19.5,19.75,0.1,0.0,1338199.0
01/31/1997,20.18,20.18,19.5,19.65,-0.44,0.0,1118721.0
01/30/1997,19.84,20.09,19.75,20.09,0.34,0.0,826255.0
01/29/1997,19.6,19.99,19.6,19.75,0.1,0.0,902841.0
01/28/1997,19.65,19.84,19.6,19.65,0.15,0.0,733478.0
01/27/1997,19.55,19.75,19.5,19.5,-0.05,0.0,948072.0
01/24/1997,19.75,19.75,19.5,19.55,-0.24,0.0,1083769.0
01/23/1997,19.6,20.14,19.6,19.8,-0.29,0.0,1504478.0
01/22/1997,20.14,20.23,20.04,20.09,-0.05,0.0,668971.0
01/21/1997,19.8,20.18,19.8,20.14,0.15,0.0,1195050.0
01/20/1997,19.94,19.99,19.89,19.99,0.05,0.0,537130.0
01/17/1997,19.94,20.04,19.89,19.94,0.05,0.0,956297.0
01/16/1997,19.94,19.99,19.7,19.89,0.05,0.0,667172.0
01/15/1997,19.94,20.09,19.75,19.84,-0.19,0.0,1240025.0
01/14/1997,19.8,20.18,19.8,20.04,0.34,0.0,956810.0
01/13/1997,19.8,19.8,19.55,19.7,0.05,0.0,733735.0
01/10/1997,19.46,19.75,19.46,19.65,0.0,0.0,1879955.0
01/09/1997,19.36,19.8,19.16,19.65,0.49,0.0,1542514.0
01/08/1997,19.16,19.41,19.11,19.16,-0.05,0.0,1106385.0
01/07/1997,19.21,19.26,19.11,19.21,-0.1,0.0,861207.0
01/06/1997,19.41,19.5,19.26,19.31,-0.1,0.0,1790775.0
01/03/1997,19.26,19.46,19.26,19.41,0.24,0.0,513743.0
01/02/1997,19.21,19.5,19.07,19.16,0.0,0.0,1487259.0
